0	1057
0.34939289093	-543
0.495543003082	-543
0.518351793289	-1420
0.518407821655	-1316
0.641623973846	-377
0.644701004028	543
0.650692939758	543
0.651057958603	543
0.65126490593	543
0.672614812851	543
0.981115818024	-543
1.13155293465	-1368
1.17453384399	-1347
1.18922686577	-1368
1.20852899551	-1368
1.32070398331	-435
1.32359290123	543
1.32412290573	543
1.66926789284	-543
1.90370488167	-543
1.90440177917	-1420
1.90442991257	-1316
1.90497779846	-1368
1.905148983	-1368
1.92308497429	-1420
1.92315292358	-1420
1.92319393158	-1264
1.92923092842	-1420
1.92927789688	-1316
1.94378781319	1057
1.94661784172	1057
2.00420379639	1057
2.05071496964	-1420
2.05073094368	-1420
2.05078792572	-1264
2.05079078674	-1420
2.05082678795	-1420
2.05083084106	-52
2.05105090141	543
2.05387496948	1057
2.06894779205	-1420
2.06896281242	-1420
2.06901192665	-1264
2.06945300102	543
2.15682196617	-1368
2.19708490372	-1326
2.32374477386	-1368
2.34321284294	-261
2.34719896317	-1420
2.34728193283	-1316
2.34728693962	-1368
2.34945297241	-1420
2.3494579792	-1316
2.36472177505	543
2.39589881897	-1368
2.3991048336	543
2.42182183266	-1420
2.4218378067	-1316
2.44774889946	-1420
2.4477648735	-1420
2.44781780243	-1264
2.45100998878	543
2.45123887062	1460
2.45128488541	1139
2.48931980133	-61
2.49950098991	543
2.49980998039	543
2.64662694931	-543
2.85860896111	-1086
2.86764478683	-1420
2.86771297455	-1420
2.86775279045	-1420
2.86781597137	-1420
2.86785793304	-1160
2.86789679527	-1420
2.86793088913	-1420
2.86796498299	-1264
2.89297199249	-1420
2.89302897453	-1316
2.89316797256	-1368
2.89352297783	-1420
2.89356589317	-1420
2.89360284805	-1264
2.9195458889	-1420
2.91959190369	-1316
2.95033788681	-1420
2.95035386086	-1420
2.95040893555	-1420
2.95041179657	-1212
2.9504468441	-1368
2.95066785812	-1420
2.95070695877	-1420
2.95070981979	-1264
2.95074987411	-1368
2.95148682594	1057
2.97521281242	-1420
2.97522997856	-1316
2.97526597977	-1368
3.00495290756	-1420
3.00501084328	-1316
3.01381278038	-1232
3.03383684158	-1420
3.03385186195	-1420
3.0339038372	-1264
3.03390693665	-1420
3.03394293785	-1420
3.0339448452	-1264
3.06021595001	-1420
3.06024384499	-1316
3.07659077644	-1368
3.07811379433	-1420
3.07816386223	-1420
3.07816696167	-1264
3.07830786705	543
3.07912492752	-1420
3.07912993431	-1316
3.07970786095	-1368
3.0856127739	-1368
3.11700487137	-1420
3.11702299118	-1420
3.11707782745	-1264
3.1170809269	-1420
3.11711597443	-1316
3.1171708107	-1368
3.14223098755	-1420
3.14224600792	-1420
3.14230084419	-1264
3.1426448822	-1420
3.14268994331	-1420
3.14269280434	-1264
3.14277482033	-1420
3.14277791977	-1420
3.14281487465	-1264
3.14293289185	543
3.16899180412	-1420
3.16900682449	-1316
3.16913199425	-1420
3.16913580894	-1316
3.1693007946	543
3.17997193336	-1103
3.20135188103	-1420
3.20142197609	-1420
3.20142698288	-1420
3.20146298409	-1212
3.20146584511	-1368
3.22727394104	-1420
3.22728395462	-1420
3.22734284401	-1264
3.23100781441	-1368
3.23114991188	-1420
3.23115491867	-1316
3.23202586174	-1368
3.25642991066	-1368
3.25661993027	543
3.34745597839	-981
3.34784293175	1057
3.64968681335	543
3.65963578224	1460
3.65970683098	111
3.66400289536	1460
3.66405391693	111
3.66621994972	-543
3.67890787125	1460
3.67900180817	111
3.69264793396	-1368
3.80339384079	-1368
3.80766797066	543
3.80805897713	1057
3.82573986053	-949
3.82985496521	543
3.83025884628	1057
3.93469977379	-1420
3.93471980095	-1420
3.93477487564	-1420
3.93477797508	-1212
3.93481492996	-1420
3.93481779099	-1316
3.96006178856	-1420
3.96008682251	-1316
3.97445487976	-1420
3.97447180748	-1316
3.97451782227	-1420
3.97452092171	-1420
3.97454881668	-1264
3.9745528698	-1368
3.97468185425	-1420
3.97468781471	-1316
3.97688984871	-48
3.97960495949	543
4.00075078011	-1368
4.01778078079	-1420
4.01783084869	-1420
4.01783585548	-1264
4.0178527832	-1420
4.01785492897	-1420
4.01787090302	-1264
4.01806497574	543
4.02671289444	-1420
4.02672696114	-1420
4.02677989006	-1264
4.02938199043	-1420
4.02943086624	-1420
4.02943396568	-1420
4.02946996689	-1212
4.06063199043	-1420
4.06069898605	-1420
4.06070399284	-1420
4.06074786186	-1420
4.0607509613	-1160
4.0818169117	-1420
4.08183193207	-1420
4.08188581467	-1264
4.08224987984	543
4.08303999901	-1420
4.08304595947	-1316
4.08314085007	-1368
4.08571696281	-1420
4.08575892448	-1420
4.0857629776	-1264
4.0858438015	-1420
4.08584690094	-1420
4.08588290215	-1264
4.08624887466	-1420
4.08627390862	-1316
4.11055493355	-1420
4.1106197834	-1420
4.11062479019	-1264
4.11084294319	-1420
4.11084699631	-1316
4.11088681221	-1420
4.11088895798	-1420
4.11092281342	-1264
4.11101698875	543
4.11259889603	-1420
4.11260485649	-1420
4.11264681816	-1264
4.12815093994	543
4.128718853	543
4.14699482918	-758
4.16273593903	-1420
4.16285181046	-1420
4.16285777092	-1264
4.16289782524	-1420
4.16290092468	-1316
4.16293597221	-1368
4.16293883324	-1420
4.16300392151	-1420
4.16300678253	-1264
4.16304397583	-1420
4.16304588318	-1420
4.16310286522	-1264
4.16310596466	-1420
4.16314387321	-1316
4.16314578056	-1368
4.16334295273	543
4.18103384972	-1420
4.18104887009	-1420
4.18113493919	-1264
4.18113780022	-1368
4.19000077248	-1420
4.19000697136	-1420
4.19009995461	-1264
4.19010281563	-1420
4.19014191628	-1420
4.19014382362	-1264
4.19036197662	-1420
4.19036579132	-1420
4.19040489197	-1264
4.19040679932	-1420
4.19044184685	-1420
4.19044399261	-1264
4.1906979084	543
4.24759984016	-1420
4.24761581421	-1316
4.24779891968	543
4.30913186073	-1240
4.47459387779	-1420
4.4746119976	-1420
4.47466778755	-1264
4.47525978088	-1420
4.47526478767	-1420
4.47530794144	-1264
4.47576785088	-1420
4.47577285767	-1420
4.47581291199	-1264
4.4758939743	543
4.47593593597	-1420
4.475938797	-1316
4.47604584694	-1420
4.47604990005	-1316
4.47612094879	-1368
4.47617578506	-1368
4.47639489174	-1420
4.47639989853	-1420
4.47643899918	-1264
4.4765458107	-1368
4.47673487663	-1368
4.4767999649	-1420
4.47683978081	-1316
4.47706890106	-1420
4.47712182999	-1316
4.47775793076	543
4.49529099464	-1013
4.50016784668	-1420
4.50021481514	-1420
4.50021791458	-1264
4.50039982796	-1420
4.50040388107	-1420
4.50044178963	-1264
4.5005209446	-1420
4.50056099892	-1420
4.50056385994	-1264
4.50122880936	-1420
4.50123286247	-1316
4.50135993958	-1420
4.50136399269	-1316
4.50140190125	-1368
4.50149393082	-1420
4.50153398514	-1420
4.50153684616	-1264
4.50163388252	-1420
4.50163888931	-1316
4.50169897079	-1368
4.50177383423	-1420
4.50179481506	-1420
4.50179696083	-1264
4.50210499763	-1420
4.50210881233	-1420
4.5021469593	-1264
4.50230097771	-1420
4.50234079361	-1420
4.50234389305	-1264
4.50237894058	-1420
4.50238084793	-1420
4.50241494179	-1420
4.50241780281	-1212
4.50267291069	543
4.50277781487	543
4.50317382812	543
4.52611899376	-1420
4.52613592148	-1420
4.52621984482	-1264
4.52622389793	-1420
4.52626085281	-1420
4.52626395226	-1264
4.52629780769	-1368
4.52684378624	-1420
4.52686691284	-1420
4.52686977386	-1264
4.52688598633	-1420
4.52688884735	-1316
4.52765583992	-1368
4.52774381638	-1420
4.52778697014	-1420
4.52778887749	-1264
4.52790999413	543
4.55948281288	543
4.56020092964	543
4.64647388458	-1230
4.9281899929	-543
5.01380085945	-1420
5.01386880875	-1420
5.01390886307	-1264
5.03976178169	-1420
5.03982996941	-1420
5.03986883163	-1264
5.11437487602	-646
5.12672686577	543
5.14969396591	1460
5.14977693558	111
5.15523481369	1460
5.15529990196	111
5.17410778999	543
5.17966890335	1057
5.40958499908	-543
5.43572378159	-1420
5.43577599525	-1316
5.47428178787	-1368
5.47436594963	-1420
5.47441077232	-1420
5.47445178032	-1264
5.47450685501	-1420
5.4745619297	-1316
5.4746029377	-1368
5.47488880157	543
5.47636389732	543
5.47744989395	1057
5.47821187973	1057
5.49269294739	-1420
5.49270200729	-1316
5.49634695053	-1368
5.49986791611	-1420
5.49993085861	-1316
5.51812696457	-1420
5.51819181442	-1420
5.51819896698	-1264
5.52173280716	-1420
5.5217499733	-1420
5.52185487747	-1264
5.52468895912	-1420
5.52479481697	-1420
5.52480077744	-1264
5.52488684654	-1368
5.54343390465	-1420
5.54350495338	-1420
5.54350996017	-1264
5.54371285439	543
5.54646086693	-1368
5.54666996002	-1420
5.54669499397	-1316
5.54676294327	543
5.54870891571	-1420
5.5487139225	-1316
5.54985284805	-1368
5.5683259964	-1420
5.56839394569	-1420
5.56839799881	-1264
5.57528185844	-1420
5.57528781891	-1316
5.57612800598	-1368
5.57667183876	-1368
5.57669591904	-1368
5.57676792145	-1368
5.58192682266	-497
5.58220982552	-1420
5.58223295212	-1316
5.58261990547	-1368
5.58277487755	-1420
5.58277988434	-1316
5.58285498619	543
5.59820985794	-1368
5.60301685333	-1420
5.60306978226	-1420
5.6030728817	-1264
5.60315680504	-1420
5.60316085815	-1316
5.60356688499	-1420
5.60357093811	-1316
5.60368585587	-1368
5.60880994797	-1420
5.60883879662	-1316
5.6282248497	-1420
5.62827587128	-1316
5.62872195244	-1420
5.62876296043	-1420
5.62876677513	-1264
5.62879180908	-1420
5.6287958622	-1420
5.62881398201	-1264
5.62881588936	-1368
5.62898182869	-1368
5.62900996208	1057
5.63532996178	-1368
5.65536594391	-1420
5.65541291237	-1316
5.65744900703	-1420
5.65749382973	-1420
5.65749692917	-1264
5.66205787659	-1420
5.66207289696	-1420
5.66212797165	-1264
5.6672399044	-1420
5.66730690002	-1420
5.66731381416	-1264
5.67963790894	-1420
5.67965388298	-1420
5.67971086502	-1264
5.68008494377	-1420
5.68014192581	-1316
5.68014788628	-1368
5.68033981323	543
5.68113684654	-1420
5.6811568737	-1316
5.68552589417	-1368
5.69332790375	-1420
5.69339394569	-1316
5.70406198502	-1420
5.70412492752	-1420
5.70413184166	-1264
5.70514392853	-1420
5.7051589489	-1420
5.70521593094	-1264
5.71129393578	-1420
5.71137595177	-1420
5.71138691902	-1264
5.71143484116	-1420
5.71143984795	-1316
5.71147489548	-1368
5.71918177605	-1420
5.71924495697	-1420
5.71925282478	-1264
5.71956586838	543
5.71983599663	543
5.72849178314	-648
5.73126578331	-1420
5.73133182526	-1420
5.73133897781	-1264
5.73175382614	-1420
5.73176693916	-1316
5.738052845	-1420
5.73806786537	-1420
5.73812580109	-1264
5.74430084229	-1420
5.7443728447	-1420
5.74437999725	-1264
5.74441981316	-1420
5.74442386627	-1420
5.74446082115	-1264
5.75641894341	-1420
5.75648498535	-1420
5.75649189949	-1264
5.75808596611	-1420
5.75809979439	-1420
5.75814986229	-1264
5.75831794739	543
5.76339793205	-1420
5.7634139061	-1420
5.76347184181	-1264
5.76958179474	-1420
5.76964879036	-1420
5.76965594292	-1264
5.76986479759	-1420
5.76987195015	-1420
5.76996397972	-1264
5.78648877144	-1420
5.78656291962	-1316
5.78657197952	-1368
5.78678488731	-1420
5.78679299355	-1420
5.78688097	-1264
5.78857278824	-1420
5.78864097595	-1316
5.78864789009	-1368
5.78887987137	1057
5.79561591148	-1420
5.79563093185	-1420
5.79569077492	-1264
5.79680991173	-1420
5.7968788147	-1316
5.79688477516	-1368
5.81255793571	-1420
5.81257486343	-1316
5.81263399124	-1420
5.81263899803	-1316
5.8126809597	-1368
5.81268596649	-1368
5.81387281418	-1420
5.81388282776	-1420
5.81397986412	-1264
5.81398582458	-1368
5.81433391571	543
5.82082700729	-1420
5.82084178925	-1316
5.82090187073	-1368
5.83119988441	-1420
5.83126878738	-1420
5.83127593994	-1264
5.83889198303	-1368
5.85769987106	-1420
5.85776877403	-1420
5.85777497292	-1264
5.85930681229	-1420
5.85932183266	-1316
5.86027979851	-1368
5.86126089096	-1420
5.86132979393	-1316
5.86133694649	-1368
5.86213183403	-1420
5.8621468544	-1316
5.86277389526	-1420
5.86278796196	-1316
5.86311388016	543
5.86349391937	-1420
5.86350893974	-1316
5.86356592178	-1368
5.86378192902	543
5.86394786835	-1420
5.86395192146	-1316
5.86442279816	-1420
5.86443400383	-1316
5.86448478699	-1368
5.87748599052	-472
5.88461089134	-1420
5.88462591171	-1420
5.88468694687	-1264
5.88469290733	-1420
5.88473081589	-1420
5.884734869	-1264
5.88476896286	-1420
5.88477396965	-1316
5.88480782509	-1368
5.88522291183	543
5.89047884941	-1368
5.89049386978	-1420
5.89055490494	-1420
5.89055991173	-1264
5.89102196693	-1420
5.89103078842	-1420
5.89112496376	-1264
5.89113092422	-1420
5.89121389389	-1420
5.89121985435	-1264
5.9076488018	-1420
5.90766692162	-1316
5.90773081779	-1420
5.90773582458	-1316
5.90804600716	-1420
5.90805482864	-1316
5.9081838131	-1420
5.90818977356	-1420
5.90827584267	-1264
5.91726994514	-1368
5.94413900375	-1420
5.9441549778	-1420
5.94426083565	-1420
5.94426679611	-1212
5.94447994232	-1368
5.94448494911	-1368
5.94456982613	-1420
5.94457483292	-1316
5.94470000267	-1420
5.94470477104	-1420
5.94485497475	-1264
5.94485998154	-1420
5.94494700432	-1316
5.94495391846	-1420
5.94506692886	-1420
5.94507479668	-1264
5.9451789856	-1420
5.94518589973	-1420
5.9452688694	-1264
5.94527983665	-1368
5.94635081291	1057
5.94713187218	543
5.96914196014	-1420
5.96915698051	-1316
5.97020483017	-1368
5.97030591965	-1420
5.97036600113	-1316
5.97233295441	-1420
5.97240185738	-1420
5.97240877151	-1264
5.97309088707	-1420
5.97310400009	-1420
5.97315478325	-1264
5.97381997108	-1368
5.97414398193	-1420
5.97415494919	-1316
5.98457479477	-1420
5.98459100723	-1420
5.9846508503	-1264
5.98558878899	-1420
5.98565387726	-1316
5.98575878143	-1420
5.98580384254	-1316
5.98607587814	-1368
5.98620986938	1057
5.99374389648	543
5.99395394325	543
6.00428295135	-1420
6.00429296494	-1420
6.00433182716	-1264
6.00433397293	-1420
6.00436091423	-1420
6.00436282158	-1264
6.00438094139	-1368
6.01259589195	-1420
6.01266479492	-1420
6.01267194748	-1264
6.01340985298	-1420
6.01342177391	-1420
6.01352000237	-1264
6.01945996284	-1420
6.01952791214	-1420
6.01953482628	-1264
6.01972579956	-1420
6.01973390579	-1420
6.01986384392	-1264
6.01986885071	-1420
6.01995182037	-1316
6.02024793625	-1420
6.02034378052	-1316
6.0203499794	-1368
6.02061390877	543
6.02357196808	-396
6.03822994232	-1420
6.03830099106	-1316
6.03830599785	-1368
6.03834199905	-1368
6.03883886337	543
6.03902888298	543
6.04442095757	-1420
6.04442596436	-1420
6.04446697235	-1264
6.0447268486	-1420
6.04476881027	-1420
6.04477190971	-1264
6.04514980316	-1420
6.04515385628	-1420
6.04519200325	-1264
6.04527187347	543
6.05778694153	-1420
6.05779385567	-1420
6.0578379631	-1264
6.07724785805	-1368
6.07731485367	-1420
6.07747387886	543
6.07751488686	-1316
6.07873797417	-1420
6.078799963	-1420
6.07880282402	-1264
6.08121585846	-1420
6.08122181892	-1316
6.08126497269	-1368
6.08296298981	-1368
6.08299994469	-1420
6.08300280571	-1316
6.08312797546	-1420
6.08313393593	-1316
6.08318185806	-1368
6.0964858532	-1420
6.09654188156	-1316
6.096544981	-1368
6.09661984444	-1368
6.0966219902	-1420
6.09668588638	-1316
6.09668898582	-1368
6.09687399864	-1420
6.09688591957	-1316
6.09692597389	-1420
6.09693694115	-1316
6.09698700905	-1368
6.09714198112	543
6.10896277428	-1420
6.10897684097	-1420
6.10903382301	-1264
6.11265087128	-1420
6.11270689964	-1420
6.11271095276	-1264
6.12192392349	-1420
6.12194395065	-1420
6.12200880051	-1264
6.12201189995	-1368
6.12204194069	-1368
6.12222385406	543
6.1223897934	-1420
6.12239480019	-1316
6.12245297432	-1368
6.12255597115	543
6.13777589798	-1420
6.13778495789	-1420
6.13781881332	-1264
6.13782191277	-1420
6.13784384727	-1316
6.13806796074	-1420
6.13812088966	-1420
6.13812685013	-1264
6.14821791649	-1420
6.14823293686	-1420
6.14829182625	-1264
6.14945197105	-1420
6.14950799942	-1420
6.14951395988	-1264
6.14955186844	-1420
6.14955687523	-1316
6.16392683983	-1420
6.16394686699	-1420
6.16406178474	-1264
6.1640689373	-1368
6.16437888145	543
6.17424583435	-1420
6.17426085472	-1420
6.17436289787	-1264
6.17436885834	-1420
6.17445278168	-1420
6.17445778847	-1264
6.18485999107	-1420
6.18487596512	-1316
6.18493580818	-1368
6.18494200706	-799
6.19135594368	-1420
6.19137191772	-1420
6.19143080711	-1420
6.191437006	-1420
6.1914730072	-1160
6.1914768219	-1368
6.19170689583	543
6.20097899437	-1420
6.20100784302	-1420
6.20106697083	-1264
6.20134687424	-1420
6.2014439106	-1420
6.20144987106	-1264
6.20182394981	543
6.20211195946	-1420
6.20212078094	-1420
6.20220994949	-1264
6.20221996307	-1420
6.20230197906	-1316
6.21731090546	-1368
6.21792888641	-1420
6.21794486046	-1420
6.21802186966	-1264
6.22708392143	-1420
6.22715997696	-1420
6.2271668911	-1420
6.22720789909	-1212
6.22721290588	-1420
6.22725081444	-1316
6.22808480263	-1420
6.22813296318	-1420
6.22813892365	-1264
6.22839689255	543
6.24358797073	-1420
6.2436029911	-1420
6.24366188049	-1264
6.24393296242	-1420
6.24398779869	-1316
6.24400496483	-1368
6.24561285973	-1368
6.24562883377	-1420
6.24573493004	-1316
6.2457408905	-1368
6.24609780312	543
6.25246882439	-1420
6.25248384476	-1316
6.25293898582	-1420
6.2529540062	-1316
6.2534430027	-1420
6.25345492363	-1420
6.25350594521	-1264
6.25351190567	-1420
6.25354981422	-1420
6.25355482101	-1264
6.25373983383	543
6.26920795441	-1420
6.26922392845	-1316
6.26943683624	-1420
6.26944589615	-1316
6.27882695198	-1420
6.27884292603	-1420
6.27891492844	-1264
6.2789208889	-1420
6.2789618969	-1420
6.27896690369	-1264
6.2940788269	-1420
6.29409480095	-1316
6.29415178299	-1420
6.29415798187	-1316
6.29443478584	543
6.29454779625	-1420
6.29455280304	-1420
6.29455494881	-1264
6.29673194885	-1420
6.2968018055	-1420
6.29680800438	-1264
6.29701781273	-1420
6.29702591896	-1316
6.30352091789	-1368
6.30480980873	-1420
6.30487585068	-1420
6.30488181114	-1264
6.30537986755	-1420
6.30539488792	-1420
6.30545377731	-1264
6.3054599762	-1420
6.3054959774	-1420
6.30550098419	-1264
6.30575799942	543
6.32174396515	-1420
6.32175779343	-1420
6.32186698914	-1264
6.32337498665	543
6.32927393913	-1420
6.3292889595	-1420
6.32934784889	-1264
6.32957696915	-1420
6.32967281342	-1420
6.32967996597	-1264
6.33057689667	-1420
6.33058691025	-1420
6.33068084717	-1264
6.33100581169	-910
6.33119487762	-1420
6.33120179176	-1420
6.33128881454	-1264
6.33129382133	-1420
6.33137488365	-1316
6.34650278091	-1420
6.34657597542	-1316
6.34757995605	543
6.35538291931	-1420
6.35539793968	-1316
6.35545682907	-1420
6.35546278954	-1420
6.35549998283	-1264
6.35607790947	-1420
6.35614895821	-1420
6.35615491867	-1264
6.35619187355	-1368
6.35632586479	-1420
6.35641288757	-1316
6.37275791168	-1420
6.37283086777	-1420
6.37283778191	-1264
6.37288093567	-1420
6.37288498878	-1420
6.37292599678	-1264
6.3730700016	-1420
6.37311697006	-1316
6.37335300446	543
6.37373399734	543
6.38081598282	-1420
6.38083195686	-1316
6.38089489937	-1420
6.38089990616	-1316
6.38138890266	-1420
6.38139891624	-1316
6.38225197792	-1420
6.3822658062	-1316
6.38236784935	-1420
6.38237380981	-1316
6.38250494003	-1420
6.3825109005	-1316
6.39759278297	-1420
6.39760780334	-1316
6.39766478539	-1368
6.39886379242	-1420
6.39893388748	-1420
6.39893984795	-1264
6.39974498749	-1368
6.406072855	-1420
6.40613889694	-1316
6.40671777725	-1420
6.40678596497	-1420
6.4067928791	-1264
6.40701198578	543
6.40830278397	-1420
6.40831685066	-1420
6.40837597847	-1264
6.40859699249	-1420
6.40869188309	-1420
6.40869688988	-1264
6.42300081253	-1368
6.42450881004	-1368
6.4246878624	-1368
6.42494988441	-1368
6.42956399918	543
6.43203878403	-1420
6.43204879761	-1316
6.43208384514	-1368
6.43301081657	-1420
6.43305277824	-1316
6.43305587769	-1368
6.43332290649	-1420
6.43332695961	-1316
6.43336582184	-1368
6.43344688416	543
6.43386292458	-1420
6.43386793137	-1316
6.43391394615	-1368
6.43399977684	-1420
6.43404698372	-1316
6.43404889107	-1368
6.44998884201	-1420
6.45000982285	-1316
6.45203590393	-1368
6.45714879036	-1420
6.45719981194	-1420
6.45720291138	-1420
6.45724582672	-1212
6.45873498917	-1420
6.45877790451	-1420
6.45878100395	-1264
6.45972490311	-1420
6.45973086357	-1316
6.45978999138	-1368
6.45996999741	-1368
6.46018695831	-1420
6.46018981934	-1316
6.46031594276	-1420
6.46031880379	-1316
6.4605038166	543
6.47731995583	-707
6.47767686844	543
6.49985289574	1057
6.50904488564	-1420
6.50905990601	-1420
6.50912284851	-1264
6.50931692123	-1420
6.50936794281	-1316
6.646671772	-472
6.64692187309	543
6.85743498802	-543
7.00376296043	-1057
7.00452899933	543
7.29375600815	-543
7.32050299644	-1368
7.46663784981	-203
7.47706389427	543
7.76106286049	-543
7.95332193375	-1057
