0	1057
0.293375968933	-543
0.405550956726	-543
0.414667129517	-1368
0.414775133133	-1368
0.518109083176	-949
0.521228075027	543
0.525119066238	543
0.525457143784	543
0.525657176971	543
0.535873174667	543
0.768918991089	-543
0.921099185944	-543
0.989802122116	-1368
1.03359913826	-261
1.07338809967	-1420
1.07346105576	-1316
1.14616012573	-949
1.14907097816	543
1.14956498146	543
1.40816617012	-543
1.65003800392	-543
1.651004076	-1368
1.65104699135	-1368
1.65157914162	-1420
1.6516020298	-1316
1.65168118477	-1368
1.65177798271	543
1.68466901779	-1368
1.68502902985	-1368
1.68517017365	-1420
1.68517398834	-1316
1.69672012329	1057
1.69984507561	1057
1.71670103073	1057
1.76117515564	1057
1.76348805428	-1368
1.76349496841	-1368
1.76359415054	-1368
1.76374101639	-1368
1.76415610313	-1368
1.76431918144	-1368
1.76433897018	-1368
1.76450204849	-1368
1.7646241188	-1420
1.76462817192	-858
1.76531410217	543
2.00433397293	-543
2.04401111603	-1420
2.04405617714	-1316
2.04410505295	-1368
2.04490017891	-1368
2.04801702499	543
2.04820609093	-1368
2.08828616142	-1368
2.09141898155	543
2.09604716301	-1368
2.09605002403	-1368
2.09615802765	-1368
2.09676504135	1460
2.09681296349	1139
2.15634012222	-857
2.16178703308	543
2.28255796432	-1420
2.28257513046	-1316
2.30832505226	-406
2.3117351532	543
2.31197714806	543
2.48513913155	-543
2.5910589695	-1368
2.60280609131	-1420
2.60282111168	-1316
2.61034011841	-1368
2.61046004295	-1368
2.61067605019	-1368
2.6221010685	-1368
2.62217903137	-1420
2.62221097946	-1316
2.62990403175	-1420
2.6299200058	-1316
2.63008999825	543
2.63362908363	-1368
2.63372707367	-1368
2.63380908966	-1368
2.6429681778	-1368
2.64305496216	-1368
2.64316415787	-1368
2.64327001572	-736
2.64334201813	543
2.64845299721	-1368
2.65283703804	-1420
2.65287995338	-1316
2.65301203728	-1368
2.69773817062	-1368
2.69775700569	-1368
2.69788599014	-1368
2.69931101799	-1368
2.69936013222	-1368
2.70059418678	-1368
2.70067310333	-1368
2.70194411278	-1368
2.70606899261	-1368
2.71553301811	-1420
2.71560001373	-1316
2.71560406685	-1368
2.71573400497	-1368
2.71586513519	-1368
2.71596503258	-1368
2.72314715385	-1420
2.72320318222	-1316
2.72325515747	-1368
2.72336411476	543
2.72340011597	-1368
2.73456811905	-1420
2.73461318016	-1316
2.73467803001	-1368
2.73482012749	-1368
2.7348921299	-1368
2.73503804207	-1368
2.73512101173	-1368
2.73521018028	543
2.73548316956	-1368
2.74304103851	-1420
2.74309301376	-1420
2.7430961132	-1264
2.74313211441	-1368
2.74621009827	-1368
2.74632000923	-1368
2.74643301964	-1368
2.74664115906	-1368
2.75587916374	-1420
2.75592207909	-1316
2.75598502159	-1368
2.7561211586	-1420
2.7561249733	-1316
2.75628519058	-1368
2.75636601448	543
2.75640201569	-1368
2.7565600872	-1368
2.76124000549	-1420
2.76124596596	-1316
2.76139807701	-1368
2.7615070343	-1368
2.76509213448	-7
2.76535415649	-1368
2.76546597481	-1368
2.80570006371	-1420
2.80575609207	-1316
2.80603098869	-1368
2.81221413612	-1368
2.81223416328	-1420
2.81227707863	-1316
2.81231713295	-1368
2.81323003769	-1368
2.81330704689	-1368
2.81343817711	-1368
2.81349897385	543
2.81353616714	-1368
2.8782351017	-952
2.8786740303	1057
3.15464615822	543
3.16647815704	1460
3.16657209396	111
3.17095398903	1460
3.17101716995	111
3.17751717567	1460
3.17759799957	111
3.28408312798	-543
3.29247403145	-1368
3.37661218643	-1368
3.37717008591	543
3.37751102448	1057
3.37770009041	-1368
3.37776112556	543
3.39630198479	-153
3.39681816101	543
3.39715409279	1057
3.43379116058	-1368
3.4338080883	-1368
3.43385100365	-1368
3.43458795547	-1420
3.43463015556	-1316
3.43520998955	-1368
3.43532514572	-1368
3.43535900116	-1368
3.4369430542	-1420
3.43695211411	-1316
3.43725013733	-1368
3.43862915039	-1368
3.43923902512	-1368
3.43935704231	-1368
3.44000816345	-1368
3.44009804726	-1368
3.44024395943	-1368
3.4405901432	-1368
3.44069695473	543
3.44073915482	-1368
3.44089102745	-1368
3.47176218033	-1368
3.4722340107	-1368
3.47228503227	-1368
3.47911810875	-1368
3.47964406013	-1368
3.47984004021	-1368
3.48002004623	-1420
3.48002409935	-1316
3.48655605316	-1368
3.48666810989	-1368
3.48678398132	-1368
3.49553918839	-1368
3.49579310417	-1368
3.49590706825	-1368
3.49592900276	-1368
3.50425314903	-1420
3.50430107117	-1316
3.50436401367	-1368
3.50453710556	543
3.50893902779	-112
3.5090200901	543
3.51330018044	-1368
3.51337504387	-1368
3.51356101036	-1368
3.51609396935	-1368
3.51624298096	-1368
3.51932406425	-1368
3.52278518677	-1368
3.52285003662	-1368
3.52575016022	-1368
3.52922701836	-1368
3.52935409546	-1368
3.53203010559	-1368
3.53807115555	-1368
3.54072117805	-1368
3.54087710381	-1368
3.54116797447	-1368
3.54432606697	-1368
3.54646205902	-1420
3.54650616646	-1316
3.54677009583	-1368
3.54832315445	-1368
3.54842305183	-1368
3.54866814613	-1368
3.55339503288	-1420
3.55343413353	-1316
3.55361008644	543
3.55580615997	-1420
3.55581212044	-1316
3.55599308014	-1368
3.55800795555	-1368
3.55818796158	-1368
3.5595099926	-1368
3.5610461235	-1368
3.56120109558	-1368
3.56253409386	-1368
3.56374716759	-1420
3.56379318237	-1316
3.56589603424	-1368
3.56636595726	543
3.56802797318	-1368
3.56809306145	543
3.56836795807	-1420
3.56837296486	-1316
3.56918501854	-1368
3.56931996346	-1368
3.57097101212	-1368
3.57248806953	-1368
3.57264113426	-1368
3.57279610634	-1368
3.57532405853	-1368
3.57546401024	-1368
3.57557201385	-1368
3.57662510872	-1420
3.57665014267	-1316
3.57681798935	-1368
3.578166008	-1368
3.5786511898	-1420
3.57869505882	-1316
3.5789129734	-1420
3.5789539814	-1420
3.57895708084	-1264
3.57908010483	-1420
3.57908296585	-1316
3.57918810844	-1368
3.58294010162	543
3.58476996422	-1368
3.58486318588	-1368
3.585034132	-1420
3.58503699303	-1316
3.59189414978	-1420
3.59191012383	-1316
3.59197807312	-1368
3.59209108353	-1368
3.59271407127	-1420
3.59271907806	-1316
3.59286904335	-1368
3.59295201302	-1368
3.59319114685	-1368
3.59337496758	-1420
3.59341311455	-1316
3.59354114532	-1368
3.59967303276	-1420
3.59968304634	-1316
3.59977006912	-1368
3.5998980999	-1368
3.60228514671	543
3.60266709328	543
3.60816812515	-1420
3.60817503929	-1316
3.60836601257	-1368
3.60848712921	-1368
3.60853695869	-1368
3.60867500305	-1368
3.60898804665	-1420
3.60899114609	-1316
3.61703109741	-1368
3.61721801758	-1420
3.61724901199	-1316
3.61774301529	-1420
3.61776709557	-1316
3.62041306496	-1368
3.62064409256	543
3.62192702293	-1420
3.6219329834	-1420
3.62197518349	-611
3.62529015541	-1368
3.62593507767	-1368
3.6260740757	-1368
3.62625002861	-1368
3.62640595436	-1368
3.62654399872	239
3.62876605988	-1368
3.62886810303	-1368
3.6290409565	-1368
3.62916111946	-1368
3.63197898865	-1368
3.63208198547	-1368
3.63221216202	-1368
3.63230419159	-1368
3.63540410995	-1368
3.64329600334	-1368
3.6434211731	543
3.64595198631	-1368
3.64626097679	-1368
3.64628601074	-1420
3.64629006386	-1316
3.64638495445	543
3.64645314217	-1368
3.6582660675	-1368
3.65943002701	-1368
3.65958499908	-1368
3.67675995827	1057
3.68185997009	-1368
3.68196511269	543
3.69075512886	-1368
3.73441004753	-876
3.73642706871	-1420
3.73643302917	-1316
3.77496314049	-740
3.77551817894	126
3.84715199471	-949
3.85008811951	543
3.85780215263	-1420
3.85781812668	-1316
3.86347317696	-1368
3.87377405167	-1420
3.87382912636	-1316
3.92222619057	-51
3.92241716385	38
3.96310114861	-1044
3.97329306602	543
3.97394704819	543
4.0696451664	-1420
4.06966400146	-69
4.07009506226	1057
4.08754014969	-543
4.20044708252	-543
4.21633410454	-543
4.21686410904	543
4.23292303085	-1420
4.23298811913	-1316
4.32441115379	-1368
4.32777905464	543
4.32798910141	1057
4.34514713287	-124
4.39391303062	-543
4.39429712296	543
4.47228217125	-1368
4.50441408157	-261
4.66837000847	-543
4.86684608459	-543
5.02221512794	-1086
5.0227560997	1057
5.02310609818	1057
5.03659415245	1057
5.12497496605	1057
5.22629308701	-543
5.42761611938	-543
5.47378110886	-1368
5.48527908325	-1368
5.49252700806	-1368
5.50598812103	-1368
5.5060479641	-1368
5.51620197296	543
5.51734018326	543
5.51757097244	543
5.51949596405	-1420
5.51950311661	-1316
5.51967597008	-1368
5.58614110947	-198
5.58843398094	543
5.59866309166	543
5.62148404121	543
5.70549511909	1057
5.81684398651	-543
5.85177516937	-1368
5.87450098991	-1368
5.87480998039	-1368
5.92077708244	-1368
5.92303800583	543
5.92665815353	543
5.92686796188	543
5.96409201622	-385
6.14137911797	-1086
6.25445413589	-1086
6.25737500191	-1368
6.36988306046	-746
6.48253917694	-543
6.59515500069	-1086
6.59534907341	543
6.59639906883	1057
7.02629113197	-543
7.04919695854	1057
7.16221904755	-543
7.20653104782	543
7.20678114891	543
7.46191906929	-543
7.5749130249	-1086
7.68061614037	-1420
7.68066906929	-1316
7.68734502792	-920
7.68927812576	543
7.79974603653	-543
7.80163097382	543
7.95132017136	-543
8.10383605957	-1086
8.10466098785	1057
8.46543908119	-543
8.56841206551	-1420
8.5684800148	-1316
8.617634058	-949
8.73055195808	-543
8.73249912262	543
8.73266410828	543
8.97276616096	-543
9.04918408394	1057
9.12476301193	-543
9.23207807541	543
9.25409007072	1460
9.25419998169	111
9.26643610001	1460
9.26650309563	111
9.27799606323	1460
9.27807497978	111
9.28834795952	543
9.47536706924	-543
9.52868914604	-1368
9.53301596642	-1368
9.53320813179	-1368
9.53331208229	-1368
9.53341197968	-1368
9.53431296349	-1420
9.53435516357	-1316
9.53443312645	-1368
9.53527402878	1057
9.53567314148	1057
9.53609609604	1057
9.53615403175	-1368
9.53636097908	-1368
9.53648400307	-1368
9.53670597076	1057
9.5368039608	-1368
9.53709816933	1057
9.5881421566	-1420
9.58817315102	-1316
9.64126896858	-1420
9.64127707481	-1316
9.64586806297	-1420
9.64588499069	-1316
9.64598917961	-1368
9.64611005783	-1368
9.64615702629	-1368
9.64616417885	-1368
9.64633011818	-1368
9.6465010643	-1368
9.64662218094	543
9.64673113823	-1368
9.64688301086	-1368
9.64692807198	-1368
9.64703011513	-1368
9.64737796783	-1420
9.64738702774	-1316
9.64895701408	-1368
9.64900112152	-1368
9.64908003807	543
9.64914298058	-1368
9.64926099777	-1368
9.64944195747	-1368
9.64960217476	-1368
9.65001606941	-1368
9.65002202988	-1368
9.70114302635	-1368
9.70137500763	-1420
9.70148301125	-1420
9.70148897171	-1264
9.70171999931	543
9.75401711464	-1420
9.75403499603	-1316
9.75414609909	-1368
9.75415301323	-1368
9.75840115547	-1368
9.75841712952	-1368
9.75847601891	-1368
9.75864911079	-1368
9.75899505615	-1368
9.75926113129	-1368
9.75932717323	-1368
9.75933218002	-1368
9.75937008858	-1368
9.75956916809	-1368
9.75969195366	-1368
9.75978112221	-1368
9.75983810425	-1368
9.76000714302	-1368
9.76011300087	-1368
9.76021718979	-1368
9.76033616066	-1368
9.76044797897	-1368
9.76057195663	-1368
9.76066303253	-1368
9.76081299782	-1368
9.76101303101	-1420
9.76102018356	-1316
9.76105499268	543
9.76126813889	-1420
9.76127505302	-1316
9.76160407066	-1420
9.7616121769	-1316
9.76192212105	-1368
9.76203107834	-1368
9.76214599609	-1368
9.7622590065	-1368
9.76243305206	-1368
9.76256418228	-1368
9.762830019	-1420
9.76283597946	-1420
9.76284003258	-1264
9.76300215721	-1368
9.76316714287	-1368
9.76330709457	-1368
9.76339006424	543
9.76355409622	-1368
9.76356101036	-1368
9.76401615143	543
9.80253195763	-1368
9.80263805389	-1368
9.81702613831	-1420
9.81704115868	-1316
9.81719112396	-1368
9.81719708443	-1368
9.81727814674	-1368
9.81744909286	-1368
9.81769299507	543
9.81785416603	-1368
9.81801199913	-1368
9.8440489769	-1368
9.8668961525	-1420
9.86696100235	-1316
9.86705613136	-1420
9.86710715294	-1316
9.86722803116	-1368
9.86727404594	-1368
9.86750102043	-1368
9.86754798889	-1368
9.8712220192	-1368
9.87129211426	-1368
9.87138795853	-1368
9.87143611908	-1368
9.87160897255	543
9.87201809883	-1368
9.87202596664	-1368
9.87215900421	-1368
9.87233710289	-1368
9.87238717079	-1368
9.87277507782	-1420
9.87287712097	-1316
9.87288212776	-1368
9.87297010422	-1368
9.87303614616	-1368
9.87315797806	-1368
9.87331414223	-1368
9.87354302406	-1368
9.87363314629	-1368
9.87375807762	-1368
9.87388110161	-1368
9.87423801422	-1420
9.87424707413	-1316
9.87424898148	-1368
9.8743481636	-1368
9.87445402145	-1368
9.87458014488	-1368
9.87483096123	-1368
9.87494301796	-1368
9.87505507469	-1368
9.87520503998	-1368
9.87547016144	-1368
9.8755710125	-1368
9.8756840229	-1368
9.87581110001	-1368
9.87592506409	-1368
9.87603998184	-1368
9.87625408173	-1420
9.87626099586	-32
9.8763229847	-1368
9.87643098831	-1368
9.87663817406	-1368
9.87676715851	-1368
9.8769299984	-1368
9.87908816338	-1420
9.87909197807	-1420
9.87909507751	-1420
9.87909603119	-1420
9.87909698486	-1420
9.87909817696	-1420
9.87909913063	-1420
9.8791000843	-1420
9.87910103798	-1420
9.87910199165	-1420
9.87910318375	-1420
9.87910413742	-796
9.87910509109	-1368
9.87927603722	-1420
9.87928009033	-1316
9.87938404083	543
9.87953495979	-1368
9.87962818146	-1368
9.87973618507	543
9.87993717194	543
9.87999415398	-1368
9.88011908531	-1368
9.88013601303	543
9.88039016724	-1368
9.88049006462	-1368
9.8810441494	-1368
9.88121318817	-1368
9.88139796257	-1368
9.88149213791	-1368
9.88202810287	-1368
9.88212418556	-1368
9.8822491169	-1368
9.88257718086	-1368
9.88272404671	-1368
9.88282012939	-1368
9.88307404518	-1420
9.8830780983	-1316
9.8831911087	-1368
9.88335704803	-1368
9.88356900215	-1420
9.88357305527	-1316
9.88707017899	543
9.88726615906	543
9.91513800621	-1420
9.91515398026	-1316
9.91526603699	-1368
9.91538500786	-1368
9.93267202377	-1420
9.93268704414	-1316
9.93274116516	-1420
9.93274402618	-1316
9.93285298347	-1368
9.93330407143	-1368
9.93341207504	-1368
9.93351602554	543
9.93355107307	-1368
9.93367409706	-1368
9.93379712105	-1368
9.93409204483	-1368
9.93412518501	-1368
9.93419003487	-1368
9.93447613716	-1368
9.93457102776	-1368
9.96541905403	-1420
9.96543717384	-1316
9.96549701691	-1368
9.96680307388	-1368
9.96691298485	-1368
9.97929096222	-1420
9.97933197021	-1316
9.97940015793	-1368
9.97951102257	-1368
9.97961997986	-1368
9.97970104218	-1368
9.97980499268	-1368
9.97997403145	-1368
9.98006415367	-1368
9.98016119003	-1368
9.98027610779	-1368
9.98041415215	-1368
9.98062109947	543
9.98091411591	-1368
9.98101401329	-1368
9.9812271595	543
9.98127198219	-1368
9.98394918442	543
9.98561000824	-1368
9.98935508728	-588
9.99037718773	-1368
9.99043416977	543
9.99117398262	543
9.99139618874	543
9.99156498909	-1368
9.99162602425	543
9.9916779995	-1368
9.99177908897	543
9.99190306664	-1368
9.99317908287	-1368
9.99401712418	-1368
9.99427103996	-1420
9.99431014061	-1316
9.99549603462	-1420
9.9955201149	-1316
9.99572896957	-1368
9.99672818184	-1368
9.99698019028	-1420
9.99700307846	-1316
9.99817013741	-1368
9.99830102921	-1368
9.99840402603	-1368
9.99948096275	-1368
10.0023829937	-1368
10.0024821758	-1368
10.00553298	543
10.0056650639	543
10.0423390865	-1420
10.0423491001	-1316
10.0424971581	543
10.0425360203	-1368
10.0438270569	-1420
10.0438661575	-1316
10.0442051888	-1420
10.0442471504	-1316
10.0443031788	-1368
10.0459501743	-1420
10.0459561348	-1316
10.0460441113	-1368
10.0470290184	-1368
10.0475680828	543
10.047713995	543
10.047752142	-1368
10.0478410721	-1368
10.0479440689	-1368
10.0492889881	-1368
10.0493900776	-1368
10.0495390892	-1368
10.0502440929	543
10.0504570007	543
10.0506281853	543
10.088971138	-1368
10.0898520947	-1420
10.0899291039	-1316
10.0910129547	-1368
10.091271162	543
10.0923900604	-1420
10.0924060345	-1316
10.0924651623	-1368
10.0938811302	-1368
10.0939500332	-1368
10.0946910381	-1368
10.0949010849	-1420
10.0949101448	-1316
10.0983879566	-1420
10.098402977	-1316
10.0984630585	-1368
10.1019611359	-1368
10.1020271778	-1368
10.1020331383	-1368
10.1020720005	-566
10.1046481133	-1368
10.1047201157	-1368
10.1049990654	-1368
10.1051490307	-1368
10.1052200794	-1368
10.1053380966	-1368
10.1060791016	-1420
10.1061489582	-1316
10.1062910557	-1368
10.1065170765	-1420
10.1065251827	-1316
10.1067500114	-1368
10.106814146	543
10.1072471142	-1420
10.1072580814	-1316
10.1075119972	-1420
10.1075201035	-1316
10.1077501774	-1420
10.1077580452	-1316
10.1080360413	543
10.1084589958	-1368
10.1085650921	-1420
10.1086220741	-1316
10.2148871422	-1005
10.3276400566	-543
10.331166029	-1420
10.3311810493	-1316
10.3345351219	-1368
10.3348741531	543
10.3387100697	-1420
10.33872509	-1316
10.3421709538	-1368
10.3425121307	-1420
10.3426191807	-1316
10.3490240574	-1368
10.3490891457	-1368
10.3494310379	-1368
10.3573560715	-1420
10.3573720455	-1316
10.3574781418	-1368
10.3634200096	-1368
10.366713047	-1368
10.3670880795	-1368
10.3690550327	-1368
10.3690700531	-1368
10.3692071438	-1368
10.3739440441	-1368
10.3740100861	-1368
10.3741691113	-1368
10.3743779659	543
10.3789150715	-1420
10.3789310455	-1316
10.3789880276	-1368
10.3813331127	-1368
10.3878660202	-1420
10.3878819942	-1420
10.3879370689	-1264
10.3905451298	-1368
10.3906130791	-1368
10.3936431408	-1368
10.3938920498	543
10.3964209557	-1420
10.3964371681	-1316
10.3996341228	-1368
10.4029641151	-1368
10.4030330181	-1368
10.4054729939	-1368
10.4094641209	-1368
10.4096610546	543
10.4097611904	-1420
10.4097671509	-1316
10.4110300541	-1420
10.4110460281	-1316
10.4123091698	-1368
10.4138641357	-1368
10.4139800072	-1368
10.4152359962	-1368
10.4170231819	-1420
10.4170351028	-1316
10.4172091484	-1368
10.4239840508	-1368
10.424052	-1368
10.4241490364	-1368
10.4269001484	-1368
10.4269161224	-1368
10.4270160198	-1368
10.4318220615	-1420
10.4318881035	-1316
10.4318940639	-1368
10.4354820251	-1420
10.4354941845	-1316
10.4358019829	-1368
10.436975956	543
10.4375331402	-1368
10.4384450912	-1368
10.43851614	-1368
10.4391679764	-1368
10.4392340183	-1368
10.4394919872	-1368
10.4402470589	-1368
10.4404730797	543
10.4405751228	-1368
10.4405801296	-1368
10.440983057	-1368
10.4410700798	-1368
10.4412629604	-1368
10.4417130947	-1368
10.4420030117	-1368
10.4424741268	-1368
10.4427039623	543
10.442948103	-1368
10.4431359768	-1368
10.443185091	-1368
10.4433259964	-1368
10.4433729649	-1368
10.443677187	-1131
10.4438569546	-1368
10.4439949989	-1368
10.4444739819	-1368
10.4448699951	-1368
10.4457659721	-1420
10.4457759857	-1316
10.4459600449	-1368
10.4462311268	-1368
10.4462800026	-1368
10.4462850094	-1368
10.4470450878	-1420
10.4470529556	-1316
10.4471871853	-1368
10.4476811886	-1368
10.4477500916	-1368
10.4479441643	543
10.4489011765	-1368
10.4489860535	-1368
10.4490950108	-1368
10.449450016	-1368
10.4501731396	-1368
10.4502630234	-1368
10.450371027	-1368
10.45225811	-1368
10.4524810314	-1368
10.452488184	-1368
10.4565050602	-1368
10.4567401409	-1420
10.4568691254	-1316
10.4569699764	543
10.4636039734	-1368
10.467151165	-1368
10.4671981335	-1420
10.4672009945	-1316
10.4698829651	-1368
10.4698979855	-1368
10.4701330662	543
10.4736740589	-1420
10.4736871719	-1316
10.4737820625	-1368
10.4778051376	-1368
10.4778661728	-1368
10.4780201912	-1368
10.4813480377	-1368
10.4865319729	-1368
10.4866001606	-1368
10.4896349907	-1368
10.4897050858	-1368
10.4898300171	-1368
10.4942779541	-1368
10.4959511757	-1368
10.4960641861	-1368
10.4979500771	-1368
10.4980630875	-1368
10.50167799	-1368
10.5017440319	-1368
10.5019609928	-1368
10.5020999908	543
10.5032970905	-1368
10.5043289661	-1368
10.5043840408	-1368
10.5045390129	-1368
10.5051500797	-1368
10.5065209866	-1368
10.5080370903	-1368
10.5080480576	-1368
10.5099241734	-1420
10.509937048	-1316
10.5101530552	543
10.5112321377	-1368
10.5130670071	-1368
10.5131371021	-1368
10.5133590698	-1368
10.5136470795	-1368
10.5137500763	-1368
10.5142321587	-1368
10.5145661831	-1368
10.5147380829	543
10.5155529976	-1368
10.51613307	-1368
10.5164990425	-1368
10.5166950226	-1368
10.5173091888	-1420
10.517318964	-1316
10.5174260139	-1368
10.5175299644	-1368
10.5180270672	-1368
10.5191261768	-1368
10.5191960335	-1368
10.5195171833	-1368
10.519796133	-1368
10.5203881264	-1368
10.5204629898	-1420
10.5204691887	-1316
10.5219500065	-1420
10.5219631195	-1316
10.5222420692	-1368
10.5231301785	-1368
10.5243730545	-1368
10.5245649815	-1368
10.5258381367	-1368
10.5260369778	543
10.5282621384	-1368
10.5294730663	-1368
10.5295431614	-1368
10.5296859741	-1368
10.5303180218	-1368
10.5303339958	-1368
10.530493021	-1368
10.5310881138	-1368
10.5313031673	543
10.5551819801	1460
10.5553030968	111
10.5561480522	-1021
10.562390089	-1368
10.5626480579	-1368
10.5627529621	-1368
10.5628631115	-1368
10.5633740425	-1368
10.56351614	-1368
10.5637931824	-1368
10.564759016	-1368
10.5648341179	-1368
10.5649790764	-1368
10.565885067	-1368
10.5659821033	-1368
10.566106081	-1368
10.5667519569	-1368
10.5690071583	-1368
10.569133997	-1368
10.5727131367	543
10.6448919773	-1368
10.6453821659	-1368
10.6454510689	-1368
10.6459820271	-1368
10.6479070187	-1368
10.6479229927	-1368
10.6481821537	543
10.6483821869	-1368
10.6488661766	-1420
10.6489679813	-1316
10.6491720676	-1368
10.6518700123	-1368
10.6518859863	-1368
10.6522541046	-1368
10.6532981396	-1368
10.6533651352	-1368
10.6534540653	-1368
10.6540801525	-1368
10.6540930271	-1368
10.6544601917	-1368
10.6546180248	543
10.6556069851	-1368
10.6558361053	-1420
10.6559021473	-1420
10.6559090614	-1264
10.6567549706	-1368
10.6569831371	-1368
10.6570429802	-1368
10.6571040154	543
10.657282114	-1368
10.6573791504	-1368
10.6574971676	-1368
10.6579389572	-1368
10.6580080986	-1368
10.6582939625	-1368
10.6590089798	-1368
10.6590900421	-1368
10.6598460674	-1368
10.6611821651	-1368
10.661244154	-1368
10.6622800827	-1368
10.6623501778	-1368
10.66248703	-1368
10.6636221409	-1368
10.6636371613	-1368
10.6662609577	-1368
10.6664481163	543
10.6671891212	-1368
10.6680960655	-1368
10.6696581841	-1368
10.6706960201	-1368
10.6721961498	-1368
10.6723821163	-1368
10.6724381447	-1368
10.6732580662	-1368
10.673525095	-1368
10.6739439964	-1368
10.6741740704	-1368
10.6741821766	-1368
10.6748850346	-1012
10.6758360863	-1368
10.6758899689	-1368
10.6760480404	-1368
10.6775500774	-1368
10.6775591373	-1368
10.6777510643	-1368
10.6783540249	-1420
10.6784479618	-1316
10.6784551144	-1368
10.6789841652	543
10.6792609692	543
10.6805319786	-1368
10.6806349754	-1368
10.680781126	-1368
10.6827120781	-1368
10.6829681396	-1368
10.6829760075	-1368
10.6890220642	1057
10.7309291363	-1368
10.7345759869	-1368
10.790017128	-280
10.8522820473	-1368
10.8928380013	-1368
10.8937439919	-1368
10.8937489986	-1368
10.9141311646	-356
10.9276981354	-1420
10.9277050495	-1316
10.9280221462	-1368
11.0264630318	-667
11.0566091537	1057
11.1389701366	-1086
11.5490219593	-543
11.7337760925	1460
11.7338540554	1139
12.0651290417	-543
12.225358963	-543
12.3061051369	-1368
12.3375799656	-775
13.0582380295	1057
13.289026022	-543
