0	543
0.260558843613	-543
0.260788917542	543
0.567260980606	-1420
0.567278862	-151
0.580221891403	543
0.843824863434	-543
0.844018936157	543
1.09818983078	-1420
1.09820699692	-1420
1.09826183319	-787
1.12088680267	-1380
1.22473883629	-191
1.22664093971	543
1.22740983963	1057
1.47957801819	-543
1.65207886696	-1420
1.65215086937	-1420
1.65219187737	-787
1.66488194466	-1380
1.68404889107	-1420
1.68409395218	-1340
1.68990588188	-1380
1.69388079643	543
1.69441699982	-1420
1.69442296028	-1340
1.69500684738	-1380
1.74064588547	543
1.74356985092	543
1.77891182899	-1420
1.7789850235	-1420
1.77902889252	-1300
1.77906489372	-1420
1.77906799316	-1420
1.77910995483	-1300
1.78176403046	543
1.7916560173	-1380
1.79176092148	543
1.79187202454	-1380
1.810765028	-1420
1.81082987785	-1420
1.81083393097	-1420
1.81086993217	-1260
1.81664299965	-1420
1.81669998169	-1340
1.82114982605	-1420
1.82121181488	-1420
1.821215868	-1300
1.82125091553	-1380
1.86113500595	-1420
1.86114788055	-1340
1.90580892563	-1420
1.90593886375	-1420
1.90600395203	-1420
1.90600681305	-1260
1.90605187416	-1420
1.9060549736	-1420
1.90610098839	-1420
1.90610384941	-1260
1.90614795685	-1420
1.90615081787	-1420
1.90619587898	-1300
1.90619897842	-1380
1.90648198128	543
1.91877889633	-1420
1.9187939167	-1420
1.91885685921	-1300
1.91885995865	-1380
1.9190568924	543
1.93779301643	-1420
1.93780779839	-1420
1.93784379959	-1300
1.93784785271	-1420
1.93787479401	-1420
1.93787789345	-740
2.06457185745	-1086
2.06482601166	543
2.06495380402	543
2.19115686417	-543
2.19135379791	543
2.31818389893	-1420
2.31820201874	-1420
2.31826901436	-787
2.32891488075	-1380
2.33102798462	-1420
2.33103394508	-1340
2.33288502693	543
2.33379197121	-1380
2.4447748661	-1249
2.44673800468	543
2.44748902321	1460
2.44758796692	1139
2.62635087967	-1420
2.62636780739	-1420
2.62643194199	-787
2.6401758194	-1380
2.75315594673	-1277
2.75524687767	543
2.83904385567	-1380
2.83915495872	-1380
2.84133386612	-1420
2.84134697914	-1340
2.84137797356	-1380
2.84708690643	-1420
2.84716486931	-1420
2.8471698761	-1300
2.85319685936	-1420
2.8532128334	-1340
2.85324692726	-1380
2.85996079445	-1380
2.86465287209	-1420
2.86465883255	-1340
2.86807584763	-1420
2.86808180809	-1420
2.86813187599	-1300
2.86821079254	543
2.87558293343	-1420
2.87559199333	-1420
2.8756480217	-1300
2.87575888634	543
2.87977290154	-1047
2.88214993477	-1420
2.88218998909	-1340
2.88453197479	-1380
2.89059591293	-1420
2.89060497284	-1340
2.8906378746	-1380
2.89480185509	-1420
2.89483880997	-1340
2.89855790138	-1380
2.90183901787	-1380
2.90192079544	-1380
2.9042468071	-1380
2.90690779686	-1420
2.90693497658	-1340
2.90940284729	-1380
2.91338300705	543
2.91582989693	-1420
2.91583490372	-1420
2.91586089134	-1300
2.91892790794	-1420
2.91895890236	-1340
2.92218089104	-1380
2.92518591881	-1420
2.92519402504	-1340
2.92726683617	-1380
3.00904488564	-1297
3.01383590698	1460
3.01393985748	1460
3.01399183273	1161
3.01412391663	1117
3.07442188263	543
3.13567590714	-543
3.21383690834	543
3.23595786095	-1420
3.23597192764	-1420
3.23603701591	-1300
3.23831987381	-1420
3.23835682869	-1340
3.23856091499	1057
3.24052381516	-1380
3.24273490906	-1420
3.24276280403	-1340
3.24526691437	-1380
3.2479557991	-1420
3.24796080589	-1340
3.25081181526	-1420
3.25081586838	-1420
3.25086784363	-1300
3.25340080261	-1420
3.2534430027	-1340
3.25413298607	543
3.25583481789	-1380
3.25842785835	-1420
3.25845479965	-1340
3.25854992867	543
3.2610669136	-1380
3.26356291771	-1420
3.26359295845	-1340
3.2663629055	-1380
3.27150702477	-1420
3.27151298523	-1420
3.2715408802	-1300
3.27390694618	-1420
3.27393484116	-1420
3.2739379406	-1300
3.27663493156	543
3.27922487259	-1420
3.27923083305	-1420
3.27928900719	-1300
3.28379893303	-1420
3.28384399414	-1340
3.28440380096	-1380
3.29192900658	-1420
3.29193997383	-1420
3.29199695587	-1300
3.29210591316	543
3.29462790489	-1420
3.29463386536	-1340
3.29786801338	-1420
3.29787302017	-1420
3.29792380333	-1300
3.30075192451	-1420
3.30078101158	-1340
3.30187892914	-877
3.30633592606	-1420
3.30634093285	-1420
3.30636692047	-1300
3.31262493134	-1420
3.31265282631	-1420
3.31265687943	-1300
3.31855392456	543
3.32059884071	-1420
3.32060599327	-1420
3.32063102722	-1300
3.32310080528	-1420
3.32315587997	-1420
3.32315993309	-1300
3.32329797745	543
3.32769393921	-1420
3.32769989967	-1420
3.32775092125	-1300
3.33291697502	-1420
3.33294391632	-1420
3.33294796944	-1300
3.34068584442	-1420
3.34069299698	-1420
3.34072184563	-1300
3.34313583374	-1420
3.34316182137	-1420
3.34316587448	-1300
3.34819483757	-1420
3.34820199013	-1420
3.34825491905	-1300
3.35386586189	-1420
3.35390686989	-1340
3.353910923	-1380
3.3540289402	543
3.35843992233	-1380
3.36110687256	-1420
3.36115288734	-1340
3.36371994019	-1420
3.36378502846	-1420
3.36378884315	-1300
3.36857700348	-1420
3.36859297752	-1420
3.36863994598	-1300
3.37290501595	-1420
3.37298202515	-1420
3.37298679352	-1300
3.37318181992	543
3.37777400017	-1380
3.37993597984	-1420
3.3799738884	-1340
3.38238096237	-1420
3.38243794441	-1420
3.38244199753	-1300
3.38257288933	543
3.38753294945	-1420
3.3875439167	-1420
3.38760399818	-1300
3.39393401146	-1420
3.39400482178	-1420
3.39400982857	-1300
3.39896297455	-1380
3.40171480179	-1420
3.40178084373	-1340
3.40391302109	-1420
3.40394282341	-1420
3.40394592285	-1300
3.40995883942	-1420
3.40996599197	-1420
3.4100189209	-1300
3.41569685936	-1420
3.41573190689	-1420
3.41573691368	-1300
3.41590285301	543
3.42107796669	-1380
3.42398881912	-1420
3.42404484749	-1340
3.42646479607	-1420
3.42651581764	-1420
3.42651987076	-1300
3.43164396286	-1420
3.4316649437	-1340
3.43169593811	-1380
3.43334102631	-750
3.43714785576	-1420
3.43715286255	-1420
3.43720388412	-1300
3.43943595886	-1420
3.43946290016	-1340
3.4395468235	543
3.44191002846	-1380
3.44387602806	-1420
3.44392895699	-1340
3.44682884216	-1380
3.44692897797	543
3.44962787628	-1420
3.44963383675	-1340
3.45197200775	-1380
3.45662879944	-1420
3.45665693283	-1420
3.45666098595	-1300
3.45881485939	-1420
3.45881986618	-1340
3.46118497849	-1380
3.46370697021	-1420
3.46373796463	-1340
3.46583890915	-1380
3.46737480164	-1420
3.46737885475	-1340
3.46886897087	-1380
3.47297286987	-1420
3.47302484512	-1420
3.47302889824	-1300
3.47485089302	-1420
3.47485589981	-1340
3.4749789238	543
3.47633695602	-1380
3.47820901871	-1420
3.47823500633	-1340
3.48012900352	-1380
3.48184490204	-1420
3.48184990883	-1340
3.48380684853	-1380
3.48831987381	-1420
3.48837685585	-1420
3.48838090897	-1300
3.49226880074	-1420
3.49227380753	-1340
3.4947719574	-1380
3.4948489666	543
3.49750494957	-1420
3.49751186371	-1340
3.50010895729	-1380
3.50017881393	543
3.50268602371	-1420
3.5026910305	-1340
3.50508999825	-1380
3.51019191742	-1420
3.51025390625	-1420
3.51025795937	-1300
3.51251196861	-1420
3.51251602173	-1340
3.51463890076	-1380
3.51618695259	-1420
3.51623797417	-1340
3.51624083519	-1380
3.51970291138	-1420
3.51970887184	-1420
3.51973986626	-1300
3.54092979431	-1420
3.54100990295	-1420
3.54101395607	-1300
3.54637789726	-1380
3.54671502113	543
3.55301380157	-1380
3.55591702461	-1420
3.55597186089	-1340
3.55866384506	-1380
3.55995988846	-1100
3.56203389168	-1420
3.56206202507	-1340
3.56543898582	-1380
3.56959486008	-1420
3.56959891319	-1420
3.56965589523	-1300
3.57304000854	-1420
3.57308983803	-1420
3.57309293747	-1300
3.57986998558	-1420
3.57987785339	-1420
3.57992100716	-1300
3.58005595207	543
3.58930492401	-1420
3.58931303024	-1420
3.58937501907	-1300
3.59234595299	543
3.59346580505	-1420
3.59347295761	-1420
3.59350681305	-1300
3.59632492065	1460
3.59638595581	625
3.60045790672	-1380
3.60069584846	-1420
3.60072779655	-1340
3.60697984695	-1380
3.60995793343	-1420
3.60996389389	-1340
3.61006999016	543
3.61331486702	-1420
3.61332201958	-1340
3.61336183548	-1380
3.61648201942	-1420
3.61651301384	-1420
3.61651682854	-1300
3.62282896042	-1420
3.62283492088	-1420
3.62288498878	-1300
3.62731790543	-1420
3.627368927	-1420
3.62737298012	-1300
3.63538694382	-1420
3.63539290428	-1420
3.63544082642	-1300
3.63835883141	-1420
3.63841485977	-1340
3.64062285423	-1420
3.64066791534	-1420
3.64067292213	-1300
3.64106702805	543
3.64313602448	-1420
3.64314079285	-1340
3.64604282379	-1380
3.64876699448	-1420
3.64880394936	-1340
3.64886283875	543
3.65146398544	-1420
3.65146899223	-1340
3.65386581421	-1420
3.653870821	-1420
3.65391993523	-1300
3.65936779976	-1420
3.65942692757	-1420
3.65943098068	-1300
3.66554498672	-1420
3.66554999352	-1420
3.66560482979	-1300
3.66800498962	-1380
3.66829681396	543
3.67013382912	-1420
3.67013883591	-1340
3.67253398895	-1420
3.67253899574	-1420
3.6725859642	-1300
3.67715096474	-1420
3.67720079422	-1420
3.67720389366	-1300
3.68340802193	-1420
3.68341684341	-1420
3.6834499836	-1300
3.68681287766	-1089
3.69443297386	-1420
3.694439888	-1420
3.69449281693	-1300
3.69804501534	-1420
3.69810199738	-1340
3.70153880119	-1380
3.71443891525	-1420
3.71444702148	-1420
3.71450400352	-1300
3.71492886543	543
3.71508288383	543
3.71710801125	-1420
3.71711397171	-1420
3.71716594696	-1300
3.72696900368	-1420
3.72702479362	-1340
3.72712683678	543
3.80273580551	-1380
3.80315685272	543
3.80937790871	-1420
3.80938482285	-1420
3.80943989754	-1300
3.81199789047	-1420
3.81202888489	-1340
3.812032938	-1380
3.81975483894	-1420
3.81976389885	-1340
3.82118701935	-1164
3.82264089584	-1420
3.8226749897	-1340
3.82582592964	-1420
3.82586288452	-1420
3.82586693764	-1300
3.83240795135	-1420
3.83242082596	-1420
3.83248496056	-1300
3.8400080204	-1420
3.84008193016	-1420
3.84008598328	-1300
3.84061288834	543
3.84300589561	-1420
3.84301495552	-1340
3.84622001648	-1420
3.84623289108	-1420
3.84627699852	-1300
3.85384392738	-1420
3.853910923	-1340
3.85391497612	-1380
3.86116886139	-1420
3.86118483543	-1420
3.8612279892	-1300
3.86898088455	-1380
3.87172985077	-1420
3.87174487114	-1340
3.87177991867	-1380
3.87535786629	-1420
3.87541699409	-1340
3.87955784798	-1380
3.88290691376	-1420
3.88291287422	-1340
3.88410186768	543
3.88430285454	543
3.88548493385	-1380
3.88800191879	-1420
3.88806080818	-1340
3.89076495171	-1380
3.89903783798	-1420
3.89905500412	-1420
3.89909482002	-1300
3.90273880959	-1420
3.90279698372	-1340
3.90580201149	-1380
3.90869092941	-1420
3.90869879723	-1340
3.91237401962	-1380
3.91250991821	543
3.91661190987	-1420
3.91662192345	-1340
3.92028594017	-1380
3.9272840023	-1420
3.92734193802	-1420
3.92734599113	-1300
3.93075489998	-1380
3.94949197769	-966
3.94985890388	543
4.01323699951	-1420
4.01325583458	-1340
4.02792000771	-1380
4.03516983986	-1420
4.03524279594	-1340
4.03524780273	-1380
4.04038500786	543
4.04113793373	1057
4.04799485207	-1380
4.07639884949	-736
4.08364295959	543
4.22877001762	-1420
4.22878789902	-1420
4.22885894775	-787
4.23679900169	-1420
4.23685979843	-1340
4.28855800629	-1380
4.28882288933	543
4.35559082031	-1116
4.35606789589	543
4.39171981812	-1420
4.39173579216	-1340
4.40237283707	-1420
4.40238690376	-1340
4.51833796501	-1249
4.55493187904	543
4.6585688591	-1420
4.65858888626	-1340
4.66318202019	-1420
4.663189888	-1340
4.66322898865	-1380
4.67492794991	-1420
4.67498493195	-1420
4.67498898506	-1300
4.68261098862	-1420
4.6826198101	-1420
4.68267583847	-1300
4.68875789642	-1380
4.6889359951	543
4.6927819252	-1420
4.69279384613	-1340
4.69295597076	-987
4.69599485397	-1420
4.69606590271	-1340
4.69921588898	-1380
4.70275592804	-1420
4.70276880264	-1340
4.70632100105	-1380
4.70886301994	-1420
4.70891499519	-1340
4.71130180359	-1380
4.71750879288	-1420
4.71751689911	-1420
4.71757602692	-1300
4.71987986565	-1380
4.72005796432	-1380
4.72328281403	-1380
4.72649288177	-1420
4.72649788857	-1340
4.72662186623	543
4.72944879532	-1380
4.72951889038	543
4.73206496239	-1420
4.73206996918	-1340
4.76286697388	-1380
4.7710018158	-1420
4.77107691765	-1420
4.77108097076	-1300
4.77645993233	-1420
4.77646493912	-1340
4.78142380714	-1380
4.7869977951	-1420
4.78705382347	-1340
4.79057502747	-1380
4.79611492157	-1420
4.7961230278	-1340
4.79977488518	-1420
4.79978489876	-1420
4.79981589317	-1300
4.80343985558	-1420
4.80348587036	-1420
4.80348992348	-1300
4.803606987	543
4.81962299347	-141
4.83697199821	-1420
4.83705401421	-1420
4.837059021	-1300
4.85337686539	-1380
4.85339283943	-1420
4.85345697403	-1340
4.87020897865	-1420
4.87028598785	-1420
4.87029099464	-1300
4.87414288521	-1420
4.87415099144	-1420
4.87420296669	-1300
4.88553786278	-1380
4.92267084122	-1380
4.96365880966	-531
4.96389985085	543
5.11882281303	543
5.15737485886	1057
5.16904783249	543
5.28375697136	543
5.30356788635	543
5.38943696022	543
5.39376401901	-1420
5.39377093315	-1420
5.39382791519	-787
5.39391183853	543
5.39560580254	-1420
5.39561295509	-1340
5.39713788033	-1380
5.39909791946	-1420
5.39915180206	-1340
5.40086197853	-1380
5.4009718895	543
5.40504789352	-1420
5.40505385399	-1340
5.40592193604	-1380
5.40710401535	-1420
5.40713882446	-1340
5.40747380257	-1380
5.4080889225	-1420
5.40809488297	-1340
5.40983390808	-1380
5.41125798225	-1420
5.41131401062	-1340
5.41223502159	-1380
5.41321182251	-1420
5.4132168293	-1340
5.41391682625	-1380
5.41606402397	-1420
5.41612195969	-1420
5.4161260128	-1300
5.41960787773	-1420
5.41961693764	-1340
5.42029094696	-1380
5.42060995102	1057
5.42157483101	-1420
5.4215798378	-1340
5.42259097099	-1380
5.4230659008	-1380
5.42328000069	-1380
5.42408585548	-1380
5.42719197273	-1420
5.4271979332	-1340
5.42841696739	-1420
5.42842388153	-1340
5.42845702171	-1380
5.43057394028	-1380
5.43068599701	543
5.45631980896	543
5.51365399361	-1380
5.52023100853	-96
5.52865982056	543
5.54071784019	-1380
5.60818600655	-1420
5.60820484161	-1340
5.61339187622	543
5.63186979294	-1380
5.64868092537	-1380
5.66738581657	-412
5.66757202148	543
5.66802597046	1460
5.66812181473	1460
5.66820383072	1460
5.66829299927	244
5.6683678627	1117
5.66857099533	543
5.66874098778	1460
5.66888785362	1460
5.66895484924	193
5.66932082176	543
5.78080797195	-1380
5.78101587296	543
5.79510092735	-249
5.79527783394	543
5.87101197243	-1420
5.87102794647	-1340
5.87216591835	-1420
5.87217092514	-1420
5.87222790718	-1300
5.87520289421	-1420
5.87523388863	-1420
5.87523794174	-1300
5.87704181671	-1420
5.8770468235	-1340
5.87707686424	-1380
5.8786509037	543
5.87879681587	-1380
5.87944889069	-1420
5.87948298454	-1340
5.880245924	-1420
5.88030385971	-1420
5.88030695915	-1300
5.88163900375	-1380
5.88187479973	-1420
5.88193583488	-1340
5.88303780556	-1420
5.88409996033	-1420
5.88411092758	-1300
5.88443398476	-1380
5.88457393646	543
5.8851518631	-1420
5.88515686989	-1340
5.88604998589	-1380
5.88691592216	-1420
5.88695192337	-1340
5.88753795624	-1420
5.88766694069	-1340
5.88766980171	-1380
5.8906519413	-1420
5.89065790176	-1340
5.89071083069	-1380
5.8908188343	543
5.89293479919	-1420
5.8929438591	-1420
5.89299798012	-1300
5.89482498169	-1380
5.89545702934	-1420
5.89546394348	-1340
5.89618182182	-1420
5.89618587494	-1420
5.89623379707	-1300
5.89792299271	-1420
5.89797186852	-1340
5.89797496796	-1380
5.89813280106	543
5.89965581894	-1420
5.8996629715	-1340
5.89975881577	-1380
5.90153598785	-1380
5.90273690224	-1420
5.90274381638	-1340
5.90317583084	-1420
5.90317988396	-1420
5.90322780609	-1300
5.90377783775	-1380
5.9045419693	-1420
5.90454483032	-1340
5.90528893471	-1380
5.90587496758	543
5.90654587746	-1380
5.90663790703	-1380
5.9076218605	-1380
5.91035485268	-1420
5.91040992737	-1340
5.91187596321	-1420
5.91192698479	-1340
5.91192984581	-1380
5.91448688507	-1420
5.91449189186	-1420
5.91454291344	-1300
5.91461396217	543
5.91614580154	-1420
5.91615080833	-1420
5.91620087624	-1300
5.91627788544	543
5.91838097572	-1380
5.91970992088	-1420
5.91974782944	-1340
5.92104291916	-1420
5.92109298706	-1340
5.92109584808	-1380
5.92374992371	-1420
5.92375588417	-1420
5.92380690575	-1300
5.9259250164	-1420
5.92595696449	-1340
5.92924380302	-1380
5.96120095253	-1420
5.96121883392	-1340
5.99782299995	-1420
5.99783802032	-1420
5.99790382385	-1300
5.99790692329	-1380
5.99892783165	-1420
5.99893498421	-1420
5.99896502495	-1300
5.99905896187	-1420
5.99906086922	-1340
5.99914979935	-1380
5.9993288517	543
6.00201892853	-1420
6.00202488899	-1340
6.00207400322	-1380
6.00207686424	-1420
6.00212287903	-1340
6.00212597847	-1380
6.00370502472	-1420
6.00371098518	-1340
6.00381684303	-1420
6.00382089615	-820
6.00395393372	543
6.00589179993	-1420
6.00589680672	-1340
6.00621294975	-1420
6.00621891022	-1420
6.00624680519	-1300
6.00633096695	-1420
6.00636100769	-1420
6.00636696815	-1300
6.00652098656	543
6.00712895393	-1420
6.00713396072	-1420
6.00718188286	-1300
6.00718593597	-1420
6.00722980499	-1420
6.00723290443	-1300
6.00859594345	-1420
6.00860095024	-1420
6.00864982605	-1300
6.00865292549	-1420
6.0086979866	-1420
6.00870084763	-1300
6.00959086418	-1380
6.00970697403	-1420
6.00973701477	-1420
6.00973987579	-1300
6.01000380516	-1420
6.01000881195	-1340
6.01261496544	-1420
6.01261997223	-1420
6.0127530098	-1420
6.01275587082	-635
6.01280093193	-1420
6.01280379295	-1340
6.01334500313	543
6.01368093491	-1420
6.01368379593	-1340
6.01374292374	-1380
6.01374697685	-1420
6.01380586624	-1340
6.01380896568	-1380
6.01401281357	543
6.01407384872	-1420
6.01407694817	-1340
6.01418089867	-1420
6.01418280602	-1340
6.01726484299	-1420
6.0173099041	-1420
6.01736879349	-1300
6.01737189293	-1420
6.01741600037	-1420
6.01741886139	-1300
6.01754879951	543
6.01951789856	-1420
6.0195248127	-1340
6.01955199242	-1380
6.01963090897	-1420
6.01967096329	-1340
6.01975679398	-1420
6.01979994774	-1420
6.01980280876	-733
6.02210187912	-1420
6.02210879326	-1340
6.02213692665	-1380
6.02229189873	-1420
6.02234101295	-1420
6.02234387398	-1300
6.02244400978	543
6.02303385735	-1420
6.02303981781	-1420
6.02318882942	-1300
6.02319288254	-1420
6.02323794365	-1420
6.023239851	-1300
6.02469301224	-1420
6.02469801903	-1340
6.02474498749	-1380
6.02474784851	-1380
6.02532482147	-1420
6.02532982826	-1340
6.02642202377	-1420
6.02642798424	-1420
6.02647590637	-1300
6.02647900581	-1380
6.02660679817	1057
6.0283408165	-1420
6.02834582329	-1420
6.02839398384	-160
6.02935385704	-1420
6.02938580513	-1340
6.0294649601	-1420
6.02951288223	-1340
6.0299038887	-1420
6.03002691269	-1420
6.03003191948	-1300
6.03007984161	-1380
6.03008198738	-1420
6.03012681007	-1340
6.03121089935	-1420
6.03126502037	-1420
6.03126788139	-1300
6.0313129425	-1420
6.03131484985	-1340
6.03165197372	543
6.0318608284	543
6.03260588646	-1380
6.03269195557	-1380
6.03450679779	1057
6.0346558094	-1380
6.03676080704	-1420
6.03679680824	-1340
6.03857898712	-1380
6.04281187057	-1420
6.04281783104	-1420
6.04286789894	-1300
6.04491496086	-1420
6.04496693611	-1340
6.04716181755	-1380
6.05017781258	-1420
6.05018496513	-1340
6.05326294899	-1380
6.05557894707	-1380
6.05564284325	-1380
6.05769681931	-1380
6.05785679817	543
6.06127285957	-1420
6.0612859726	-1340
6.06132793427	-1380
6.06278085709	-1420
6.0628118515	-1340
6.06386089325	-1380
6.06529998779	-1420
6.06530594826	-1340
6.0667488575	-1380
6.06684780121	543
6.06817793846	-1420
6.06818294525	-1340
6.06915402412	-1380
6.07130289078	-1420
6.07135891914	-1420
6.07136297226	-1300
6.07223892212	-1420
6.07224488258	-1340
6.07382893562	-1380
6.07500100136	-1420
6.07505202293	-1340
6.07596898079	-1380
6.07607197762	543
6.07691383362	-1420
6.07691788673	-1420
6.07696580887	-1300
6.07934999466	-1420
6.07938098907	-1420
6.07938480377	-1300
6.07997894287	-1420
6.07998490334	-1340
6.08006882668	-1380
6.08114480972	-1420
6.08119297028	-1420
6.08119702339	-1300
6.08290886879	-1420
6.08291602135	-1340
6.08489489555	-1380
6.08798289299	-1420
6.08806300163	-1420
6.08806586266	-1300
6.08812499046	-1380
6.08821487427	-1420
6.08825397491	-1340
6.08841300011	543
6.08852291107	1057
6.12463283539	-1420
6.12464880943	-1420
6.12471079826	-1300
6.12471294403	-1420
6.12476587296	-1420
6.1247689724	-1300
6.12564992905	-1420
6.12565493584	-1420
6.1260008812	-1300
6.12600588799	-1420
6.12605881691	-1420
6.12606191635	-1300
6.12610697746	-1420
6.12610983849	-1340
6.12615394592	-1380
6.12615585327	-1420
6.12620186806	-1340
6.1262049675	-1380
6.12659096718	-1420
6.12659502029	-1340
6.12862896919	-1420
6.12863397598	-1420
6.12884688377	-1300
6.12884998322	-1420
6.12889695168	-1420
6.1288998127	-1300
6.12894392014	-1420
6.12894701958	-437
6.1289908886	-1380
6.12899398804	-1380
6.13087797165	-1420
6.13092398643	-1420
6.13098096848	-1300
6.1309838295	-1420
6.13102984428	-1340
6.13103294373	-1380
6.13107800484	-1420
6.13108086586	-1340
6.13112592697	-1380
6.13112902641	-1380
6.13253593445	-1420
6.13254094124	-1340
6.13276386261	-1380
6.13286590576	-1420
6.13290190697	-1420
6.13290596008	-1300
6.13294792175	-1380
6.13301491737	-1420
6.13304185867	-1420
6.13304591179	-1300
6.13308382034	-1380
6.13333797455	-1420
6.13338685036	-1340
6.1333899498	-1380
6.13343381882	-1420
6.13343691826	-230
6.13371682167	-1420
6.13372182846	-1420
6.13372397423	-1300
6.13389182091	-1420
6.13390994072	-1420
6.13391184807	-1300
6.1339609623	-1420
6.13396501541	-1420
6.13396692276	-1300
6.13415384293	-1420
6.13415789604	-1340
6.13415884972	-1380
6.1346719265	1460
6.13472890854	111
6.13527297974	-1420
6.13527798653	-1420
6.13532781601	-1300
6.13534402847	-1380
6.13540291786	-1420
6.1354060173	-1420
6.13540697098	-1300
6.13540792465	-1380
6.13540887833	-1380
6.13558101654	1057
6.13572096825	543
6.13613581657	543
6.13624095917	543
6.13640594482	-1420
6.13641190529	-1340
6.13643884659	-1380
6.14197587967	-1420
6.14203381538	-1420
6.1420378685	-1300
6.1422059536	543
6.14295697212	-1420
6.14296197891	-1420
6.14301085472	-1300
6.14546179771	-1420
6.14549779892	-1420
6.14550185204	-1300
6.14743089676	-1420
6.14743590355	-1340
6.14748382568	-1380
6.14952993393	-1380
6.14964389801	543
6.15101885796	-1420
6.15102386475	-1340
6.1518239975	-1420
6.15182995796	-1420
6.1518599987	-1300
6.1531059742	-1420
6.15314388275	-1420
6.15314793587	-1300
6.15457081795	-1420
6.15457987785	-1340
6.15461492538	-1380
6.15582895279	-1380
6.15666294098	-1420
6.15667080879	-1340
6.15721988678	-1420
6.15722680092	-1420
6.15726184845	-1300
6.15812301636	-1420
6.15817594528	-1420
6.1581799984	-1300
6.15832090378	1057
6.15994095802	-1420
6.1599509716	-1420
6.15998482704	-1300
6.16132688522	-1380
6.16199088097	-1420
6.1619977951	-1340
6.16261291504	-1420
6.16261982918	-1420
6.16265583038	-1300
6.16314601898	-1420
6.16320300102	-1340
6.16379284859	-1380
6.16438102722	-1380
6.16447782516	-1420
6.16450786591	-1340
6.16647481918	-1380
6.16771602631	-1420
6.16772198677	-1340
6.16838788986	1057
6.16891384125	-1420
6.16892194748	-1420
6.16897583008	-1300
6.17059397697	-1420
6.17065691948	-1420
6.1706609726	-1300
6.17127180099	-1420
6.17127799988	-1420
6.17130494118	-1300
6.17143297195	-1380
6.17153596878	543
6.1723818779	-1380
6.1724588871	-1420
6.17249488831	-1340
6.17315483093	-1420
6.17320680618	-1340
6.17362594604	-1380
6.18575191498	-1420
6.18576598167	-1340
6.18599486351	543
6.18742799759	-1420
6.18744301796	-1340
6.18904900551	-1420
6.1890540123	-1420
6.18910288811	-1300
6.19421696663	-1420
6.19427394867	-1340
6.19427680969	-1380
6.19686102867	1057
6.19790196419	-1420
6.1979060173	-1420
6.19795489311	-1300
6.19961094856	-1380
6.20464086533	-1420
6.20464801788	-1420
6.20469784737	-1300
6.20691490173	-1420
6.20696783066	-1340
6.20735001564	543
6.20925998688	-1380
6.21100091934	-1420
6.21103191376	-1340
6.21244382858	-1380
6.21381783485	-1420
6.21382284164	-1340
6.21472597122	-1380
6.21527481079	543
6.2176759243	-1420
6.21768188477	-1340
6.21771192551	-1380
6.21884202957	-1420
6.21889281273	-1340
6.22135996819	-1380
6.22315692902	-1380
6.22339987755	-1380
6.2247209549	-1380
6.22642993927	-1420
6.22648096085	-1340
6.22805690765	-1380
6.23287796974	-1420
6.23289084435	-1420
6.23296189308	-1300
6.23322582245	543
6.23478102684	-1420
6.23479294777	-1340
6.23678088188	-1380
6.2390499115	-1420
6.23912882805	-1340
6.24033498764	-1380
6.24312496185	-1420
6.24313092232	-1340
6.24574685097	-1380
6.25193691254	-1420
6.25200581551	-1340
6.25457501411	-1380
6.25461697578	-1420
6.25517392159	-1340
6.25940585136	-1420
6.25941085815	-1420
6.25946187973	-1300
6.26016592979	-795
6.26027393341	543
6.26296401024	-1420
6.26296901703	-1340
6.26301980019	-1380
6.26599192619	-1380
6.26742982864	-1420
6.26743483543	-1340
6.26905488968	-1420
6.26906180382	-1340
6.26939702034	-1380
6.2724108696	-1420
6.27246499062	-1420
6.27246785164	-1300
6.27634000778	-1420
6.27634596825	-1420
6.27639484406	-1300
6.27647686005	543
6.28117084503	-1380
6.28332400322	-1420
6.28335785866	-1340
6.28580093384	-1420
6.28585290909	-1420
6.2858569622	-1300
6.28598093987	543
6.29258298874	-1420
6.2925889492	-1340
6.29263901711	-1380
6.29699993134	-1420
6.2970328331	-1340
6.29703783989	-1380
6.29714894295	543
6.30028295517	-1380
6.3021569252	-1420
6.30221295357	-1340
6.30434393883	-1420
6.30441784859	-1340
6.30894088745	-1380
6.30899596214	-1420
6.30900001526	-1420
6.30904603004	-1300
6.31400489807	-1420
6.314057827	-1420
6.31406283379	-1300
6.31877279282	-1380
6.32132983208	-1420
6.32136583328	-1420
6.3213698864	-1300
6.32436990738	-1420
6.32437682152	-1340
6.32748985291	-1380
6.33024501801	-1420
6.33028388023	-1340
6.33427882195	-1380
6.3373939991	-1420
6.3374068737	-1340
6.33991289139	-1380
6.3400349617	543
6.34381198883	-1420
6.3438270092	-1420
6.3438668251	-1300
6.34581494331	-1420
6.34587287903	-1340
6.34773993492	-1380
6.34786701202	543
6.3493938446	-1420
6.34941291809	-1340
6.35118794441	-1380
6.35296702385	-1420
6.35299491882	-1340
6.35476899147	-1380
6.35869884491	-1420
6.35870790482	-1340
6.36094784737	-1420
6.36095285416	-1340
6.36100292206	-1380
6.3652369976	-1420
6.36529183388	-1340
6.36538386345	-1380
6.36551880836	543
6.36901187897	-1420
6.36901783943	-1340
6.36904501915	-1380
6.37298488617	-1380
6.37512588501	-1420
6.3751308918	-1420
6.37518000603	-1300
6.37729382515	-1420
6.37732982635	-1340
6.37940692902	-1380
6.37951493263	543
6.38174080849	-1420
6.38174581528	-1340
6.3834028244	-1380
6.38558197021	-1420
6.38562488556	-1340
6.385627985	-1380
6.38941383362	-547
6.39256191254	-1420
6.39261484146	-1420
6.39261889458	-1300
6.39561796188	-1420
6.39562392235	-1340
6.39905500412	-1380
6.39918088913	543
6.40117502213	-1420
6.40119290352	-1340
6.40357279778	-1380
6.40624499321	-1380
6.40949988365	-1420
6.40950584412	-1340
6.40962696075	543
6.41227483749	-1420
6.41228294373	-1420
6.41233897209	-1300
6.41723680496	-1420
6.41731286049	-1420
6.4173169136	-1300
6.42179894447	-1420
6.42180490494	-1420
6.42185497284	-1300
6.42563796043	-1380
6.42772984505	-1420
6.42773580551	-1340
6.42985701561	-1420
6.4298620224	-1420
6.42991089821	-1300
6.43445587158	-1420
6.43449282646	-1420
6.43449687958	-1300
6.43928599358	-1420
6.43929290771	-1340
6.43945002556	-1380
6.44298100471	-1380
6.44488787651	-1420
6.4448928833	-1340
6.4468100071	-1420
6.44681501389	-1420
6.44686293602	-1300
6.44694900513	543
6.45064902306	-1420
6.45065402985	-1340
6.45070385933	-1380
6.45533299446	-1420
6.4553668499	-1420
6.45537090302	-1300
6.45548295975	543
6.45880699158	-1380
6.46157002449	-1420
6.46160793304	-1340
6.4634809494	-1420
6.46351981163	-1420
6.46352481842	-1300
6.4662668705	-1420
6.46627187729	-1340
6.46631979942	-1380
6.46937084198	-1420
6.46942400932	-1340
6.46942687035	-1380
6.47216582298	-1380
6.47326397896	-1420
6.47329187393	-1340
6.47476696968	-1420
6.47480583191	-1420
6.47480988503	-1300
6.47632598877	-1420
6.47633099556	-1340
6.47637891769	-1380
6.4797809124	-1420
6.47981286049	-1420
6.4798169136	-1300
6.47992682457	543
6.4837448597	-1380
6.4865219593	-1380
6.48657488823	-1380
6.48673200607	-1380
6.48891091347	-1420
6.4889190197	-1340
6.49198579788	-1380
6.49445986748	-1420
6.49452900887	-1340
6.49611401558	-1380
6.49625492096	543
6.49846982956	-1420
6.49847984314	-1340
6.50132489204	-1380
6.50143885612	543
6.50591492653	-1420
6.50592899323	-1420
6.50598883629	-1300
6.50768494606	-1420
6.5077149868	-1340
6.51008796692	-1380
6.51026701927	543
6.5124578476	-1420
6.51246500015	-1340
6.51482582092	-1380
6.51612687111	-519
6.51812386513	-1420
6.51812887192	-1340
6.52029895782	-1380
6.5399119854	-1420
6.53998780251	-1340
6.5433049202	-1420
6.54334282875	-1340
6.54688382149	-1380
6.54732894897	-1420
6.54733395576	-1420
6.54738402367	-1300
6.55179095268	-1420
6.55187797546	-1420
6.55188202858	-1300
6.55574393272	-1380
6.5571949482	-1420
6.55723881721	-1340
6.55724382401	-1380
6.55890989304	-1420
6.55891990662	-1340
6.56123495102	-1380
6.56322789192	-1420
6.5632879734	-1340
6.56509685516	-1380
6.56521296501	543
6.56700801849	-1420
6.56701683998	-1340
6.56869387627	-1380
6.56878089905	543
6.57069087029	-1420
6.57069802284	-1420
6.57073092461	-1300
6.57291793823	-1420
6.57294988632	-1340
6.57340979576	543
6.57516789436	-1380
6.57716989517	-1420
6.57720279694	-1340
6.57921290398	-1380
6.58116602898	-1420
6.58117079735	-1340
6.58294582367	-1380
6.58671283722	-1420
6.58676600456	-1420
6.58676886559	-1300
6.58860492706	-1420
6.58861088753	-1340
6.5916697979	-1380
6.59402680397	-1420
6.59407997131	-1340
6.59591984749	-1380
6.59602689743	543
6.59794783592	-1420
6.59795188904	-1340
6.59942698479	-1380
6.60233592987	-1380
6.60242390633	-1380
6.60398197174	-1420
6.60403490067	-1340
6.60403800011	-1380
6.60576200485	-1380
6.60797786713	-1420
6.60801100731	-1340
6.60866785049	-1380
6.61016988754	-1420
6.61017680168	-1340
6.61138987541	-1380
6.61385202408	-1420
6.613904953	-1420
6.61390781403	-1300
6.61473679543	-1420
6.61474299431	-1420
6.61477398872	-1300
6.61485695839	543
6.61662602425	-1420
6.61663389206	-1420
6.6166639328	-1300
6.6182808876	-1420
6.61831188202	-1420
6.61831593513	-1300
6.61840987206	543
6.62184000015	-1420
6.62184786797	-1420
6.62187290192	-1300
6.62320899963	-1420
6.62327384949	-1420
6.6232779026	-1300
6.62595701218	-1420
6.62596297264	-1420
6.62599396706	-1300
6.62881994247	-1380
6.62900185585	-1420
6.62900590897	-1340
6.63259196281	-1380
6.63492679596	-1380
6.63496088982	-1380
6.63678097725	-1420
6.63686084747	-1340
6.63686490059	-1380
6.63698291779	543
6.64092898369	-1420
6.64093399048	-1340
6.64117288589	-1380
6.64264583588	-388
6.64587593079	-1420
6.64588189125	-1420
6.64593291283	-1300
6.65209794044	-1420
6.65216994286	-1340
6.65217399597	-1380
6.65418481827	-1380
6.654296875	-1420
6.65432882309	-1340
6.65458083153	1057
6.65881586075	-1420
6.65882897377	-1420
6.65888786316	-1300
6.66414093971	-1420
6.66422390938	-1420
6.66422796249	-1300
6.67083191872	-1420
6.67084598541	-1420
6.67090988159	-1300
6.67264580727	-1420
6.67269897461	-1340
6.67460799217	-1380
6.67611289024	-1420
6.67611789703	-1340
6.67743086815	-1380
6.67909097672	-1420
6.6791408062	-1340
6.68085479736	-1380
6.68098282814	543
6.68481898308	-1420
6.68482494354	-1420
6.68487596512	-1300
6.68679499626	-1420
6.68685388565	-1420
6.68685698509	-1300
6.69102501869	-1380
6.69282984734	-1420
6.69288396835	-1340
6.69294691086	543
6.69493699074	-1420
6.69494199753	-1340
6.69682884216	-1420
6.69683480263	-1420
6.69687700272	-1300
6.70087599754	-1420
6.70092988014	-1340
6.70258784294	-1380
6.70262479782	-1420
6.70262885094	-1340
6.70272779465	543
6.70409202576	-1420
6.70409798622	-1420
6.7041258812	-1300
6.70661687851	-1380
6.70808601379	-1380
6.70825099945	-1420
6.7082798481	-1340
6.70925092697	-1420
6.70928192139	-1340
6.71068000793	-1380
6.71078300476	543
6.71179294586	-1420
6.71180582047	-1340
6.7132358551	-1380
6.71435284615	-1420
6.71438479424	-1340
6.71583580971	-1380
6.71998786926	-1420
6.72000479698	-1420
6.72004389763	-1300
6.72205090523	-1420
6.72210597992	-1340
6.72366285324	-1380
6.72518801689	-1420
6.72519493103	-1340
6.7262969017	-1380
6.72780680656	-1420
6.72783780098	-1340
6.72993803024	-1380
6.73007297516	543
6.73480582237	-1420
6.73481702805	-1420
6.73487782478	-1300
6.73716187477	-1420
6.7371969223	-1340
6.7392179966	-1380
6.7410697937	-1380
6.74312591553	-1420
6.74318099022	-1420
6.74318480492	-1300
6.74331402779	543
6.74441790581	-1420
6.7444229126	-1340
6.74561595917	-1380
6.74669599533	-1420
6.74672794342	-1340
6.74801301956	-1380
6.7491338253	-1420
6.74914097786	-1340
6.75035190582	-1380
6.75284981728	-1420
6.75290179253	-1340
6.75290584564	-1380
6.75395584106	-1380
6.7541949749	-1380
6.75506997108	-1380
6.7559659481	-1420
6.75599694252	-1340
6.75605893135	543
6.75700902939	-1380
6.75802302361	-1420
6.75807595253	-1340
6.75912380219	-1380
6.76050901413	543
6.76160693169	-1420
6.76161384583	-1340
6.76322579384	-1420
6.76323890686	-1420
6.76327586174	-1300
6.76457095146	-1380
6.76601099968	-1420
6.76601696014	-1340
6.76739287376	-1380
6.76747894287	543
6.76925802231	-1420
6.7692630291	-719
6.77135801315	-1420
6.77136301994	-1340
6.77263188362	-1380
6.77418780327	-1420
6.77422189713	-1340
6.77422595024	-1380
6.77431893349	543
6.77560091019	-1420
6.77560782433	-1420
6.77563881874	-1300
6.77864789963	-1420
6.77868294716	-1420
6.77868700027	-1300
6.77996897697	-1420
6.77997684479	-1340
6.7811999321	-1420
6.78120493889	-1340
6.78144884109	-1380
6.78444385529	-1420
6.78449892998	-1340
6.78450298309	-1380
6.78724980354	-1420
6.78725481033	-1340
6.78730487823	-1380
6.78743696213	543
6.78790688515	543
6.79086995125	-1380
6.7930688858	-1420
6.79309988022	-1340
6.79496788979	-1420
6.79500484467	-1340
6.79512095451	-1380
6.79869294167	-1420
6.79869794846	-1420
6.79874587059	-1300
6.80260181427	-1420
6.80267286301	-1340
6.80267691612	-1380
6.80601882935	-1380
6.80637598038	1057
6.80702495575	-1420
6.80703091621	-1340
6.80824279785	-1420
6.80825281143	-1420
6.80830383301	-1300
6.80837392807	543
6.81025481224	-1420
6.81025981903	-1420
6.81031084061	-1300
6.81038594246	543
6.81171393394	-1420
6.81171894073	-1340
6.81356787682	-1380
6.81475782394	-1380
6.81596302986	-1420
6.81596779823	-1340
6.81718683243	-1420
6.81719279289	-1420
6.81722187996	-1300
6.82032990456	-1420
6.8203868866	-1340
6.82038998604	-1380
6.82456994057	-1420
6.82457590103	-1420
6.82462382317	-1300
6.82900500298	-1380
6.83091592789	-1420
6.83092093468	-1340
6.83213400841	-1420
6.83214092255	-1340
6.83224391937	-1380
6.83390784264	-1380
6.83503580093	-1420
6.83504080772	-1340
6.83602786064	-1380
6.83610987663	543
6.83730387688	-1420
6.83731794357	-1340
6.83871197701	-1380
6.84156680107	-1420
6.84163784981	-1340
6.84319901466	-1420
6.8432738781	-1420
6.84327793121	-1300
6.8434150219	543
6.84627795219	-1420
6.84628987312	-1340
6.84775090218	-1420
6.84775996208	-1340
6.84790992737	543
6.8495259285	-1380
6.85013890266	-1420
6.85017991066	-1340
6.85122299194	-1420
6.85129284859	-1420
6.85129594803	-1300
6.85243582726	-1420
6.85244488716	-1340
6.85374999046	-1380
6.85485982895	-1420
6.85489583015	-1340
6.85584902763	-1380
6.8565928936	-1420
6.85659885406	-1340
6.85778784752	-1380
6.86112189293	-1420
6.86119294167	-1340
6.86132192612	-1380
6.86295986176	-1420
6.86296582222	-1340
6.86502695084	-1380
6.86682581902	-1420
6.86687779427	-1340
6.86804795265	-1380
6.86976790428	-1420
6.86977386475	-1340
6.87086701393	-1380
6.87373900414	-1420
6.87380194664	-1340
6.87380480766	-1380
6.87494897842	-1420
6.87495493889	-1340
6.8750629425	543
6.87670397758	-1380
6.87677288055	543
6.87843489647	-1420
6.87844085693	-1340
6.88086485863	-1380
6.88097882271	543
6.8810968399	-1420
6.88109993935	-1340
6.88396787643	-1420
6.88398694992	-1420
6.88403296471	-1300
6.8864300251	-1420
6.88648486137	-1420
6.88648891449	-1300
6.89055490494	-1420
6.89057397842	-1420
6.89065480232	-1300
6.89290499687	-1380
6.89440488815	-1420
6.89440989494	-1340
6.89595198631	-1420
6.89599490166	-1340
6.89604592323	-1420
6.89604902267	-344
6.89913797379	-1420
6.89914488792	-1420
6.89917492867	-1300
6.90231394768	-1420
6.90236592293	-1420
6.90236902237	-1300
6.90735292435	-1420
6.90735793114	-1420
6.90740799904	-1300
6.90752792358	543
6.90846586227	-1420
6.90847086906	-1340
6.90949988365	-1380
6.91077780724	-1420
6.91080999374	-1340
6.91200399399	-1380
6.9152109623	-1420
6.91521692276	-1420
6.91526985168	-1300
6.91551780701	543
6.9165418148	-1380
6.91814184189	-1380
6.91958999634	-1420
6.91959881783	-1420
6.91963195801	-1300
6.91970992088	543
6.92110991478	-1420
6.92112398148	-1340
6.92245984077	-1380
6.92409300804	-1420
6.92415785789	-1340
6.92556285858	-1380
6.92777585983	-1420
6.92778301239	-1340
6.92987179756	-1420
6.92988681793	-1420
6.92991781235	-1300
6.93215084076	-1420
6.93218684196	-1340
6.93420290947	-1380
6.93432283401	543
6.93591594696	-1420
6.93592190742	-1420
6.935972929	-1300
6.93896484375	-1420
6.93904280663	-1340
6.93904590607	-1380
6.94406294823	-1420
6.94406890869	-1340
6.94413685799	-1380
6.94626879692	-1420
6.94630289078	-1420
6.94630694389	-1300
6.95090985298	-1420
6.95091700554	-1340
6.95094585419	-1380
6.95627880096	-1380
6.95879602432	-1420
6.95880198479	-1420
6.95883202553	-1300
6.95890593529	543
6.9664080143	-1420
6.96641492844	-1420
6.96646690369	-1300
6.96986579895	-1420
6.96992182732	-1340
6.970307827	543
6.97288489342	-1380
6.97536802292	-1420
6.97540092468	-1340
6.97736883163	-1380
6.97947788239	-1420
6.97948384285	-1340
6.98197698593	-1380
6.98715996742	-1420
6.9872148037	-1420
6.98721790314	-1300
6.99095201492	-1380
6.99381899834	-1420
6.99385094643	-1340
6.99385499954	-1380
6.99395489693	543
6.99622488022	-1420
6.99622797966	-1340
6.99816298485	-1420
6.99816799164	-1420
6.99821686745	-1300
7.00218486786	-1420
7.00221800804	-1420
7.00222182274	-1300
7.00600886345	-1420
7.00601696968	-1420
7.00604891777	-1300
7.01092481613	-1380
7.01371884346	-1420
7.01372885704	-1340
7.01706790924	-1420
7.01708102226	-1420
7.017141819	-1300
7.02178001404	-1420
7.02186989784	-1420
7.02187490463	-1300
7.02264285088	-682
7.02566981316	-1420
7.0257499218	-1340
7.02575302124	-1380
7.02586293221	543
7.0272538662	-1420
7.02725887299	-1340
7.02926301956	-1380
7.02942490578	543
7.03124189377	-1420
7.03125095367	-1340
7.03210783005	-1380
7.03355693817	-1420
7.03360795975	-1340
7.03532195091	-1380
7.0369977951	-1420
7.0370028019	-1340
7.03846383095	-1420
7.03846883774	-1420
7.03851985931	-1300
7.04287099838	-1420
7.04292488098	-1420
7.04292798042	-1300
7.04680681229	-1420
7.04681301117	-1420
7.04686284065	-1300
7.05050587654	-1380
7.05063295364	543
7.05274796486	-1420
7.052754879	-1340
7.05475497246	-1420
7.05475997925	-1420
7.05480980873	-1300
7.05994391441	-1420
7.05999898911	-1420
7.06000185013	-1300
7.06453490257	-1420
7.06454086304	-1340
7.06618094444	-1420
7.06618690491	-1420
7.06623601913	-1300
7.0663189888	543
7.06856298447	-1380
7.07123088837	-1420
7.07129096985	-1340
7.0713570118	543
7.07390999794	-1420
7.07392096519	-1420
7.07395386696	-1300
7.0800819397	-1380
7.08016085625	-1420
7.08016586304	-1340
7.08779597282	-1420
7.08781385422	-1340
7.09193587303	-1420
7.09194684029	-1340
7.09509587288	-1420
7.09510993958	-1420
7.09514093399	-1300
7.10078287125	-1420
7.10083985329	-1340
7.10084295273	-1380
7.1054558754	-1420
7.10546183586	-1420
7.10551595688	-1300
7.10560798645	543
7.11041498184	-1380
7.11296892166	-1420
7.11302685738	-1420
7.11303091049	-1300
7.11501598358	-1420
7.11501979828	-1340
7.11682987213	-1380
7.11936092377	-1420
7.11939191818	-1340
7.12208890915	-1380
7.1253528595	-1420
7.12536001205	-1340
7.12833881378	-1420
7.12834382057	-1420
7.12839198112	-1300
7.12847089767	543
7.13158392906	-1380
7.1350209713	-1380
7.13511586189	543
7.13520097733	-1420
7.13520383835	-1340
7.13851380348	-1420
7.13852000237	-1340
7.13863492012	-1380
7.14560079575	-1420
7.14566397667	-1420
7.14566683769	-1300
7.15159201622	-1420
7.15159893036	-1340
7.15164995193	-1380
7.15197896957	-182
7.15418291092	-1420
7.15418982506	-1340
7.15683579445	-1380
7.15869188309	-1420
7.15872502327	-1340
7.16114497185	-1380
7.16399383545	-1420
7.16400194168	-1340
7.16619086266	-1380
7.16971802711	-1420
7.1698038578	-1420
7.16980886459	-1300
7.17123198509	-1420
7.17123794556	-1340
7.17281579971	-1380
7.17475485802	-1420
7.17481899261	-1340
7.1763010025	-1380
7.1789419651	-1420
7.17895197868	-1340
7.18068981171	-1380
7.18550801277	-1420
7.18559384346	-1420
7.18559789658	-1300
7.18576002121	543
7.18788790703	-1420
7.18789386749	-1340
7.18801188469	543
7.19192481041	-1420
7.19193696976	-1420
7.19199490547	-1300
7.19210600853	543
7.19403791428	-1420
7.19404387474	-1340
7.19605398178	-1380
7.19826388359	-1380
7.1984398365	-1380
7.20062994957	-1380
7.2025449276	-1420
7.20254993439	-1340
7.20394086838	-1380
7.20703601837	-1420
7.2070889473	-1420
7.20709300041	-1300
7.2077999115	-1420
7.2078139782	-1340
7.20889186859	-1380
7.21010088921	-1420
7.21015191078	-1340
7.21143484116	-1380
7.21159100533	543
7.21329784393	-1420
7.21330285072	-1340
7.21532797813	-1380
7.21852493286	-1420
7.21857786179	-1340
7.21971583366	-1420
7.21976685524	-1340
7.21976995468	-1380
7.22330594063	-1420
7.22331190109	-1420
7.22335886955	-1300
7.22344183922	543
7.22676682472	-1420
7.22677183151	-1420
7.22681999207	-1300
7.2299258709	-1380
7.23003196716	543
7.23131895065	-1420
7.23133301735	-1340
7.23451280594	-1420
7.23452091217	-1340
7.23468279839	543
7.23478484154	543
7.23616480827	-1420
7.23617100716	-1340
7.23813199997	-1420
7.23813986778	-1340
7.23819684982	-1380
7.24232602119	-1420
7.24240088463	-1420
7.24240589142	-1300
7.24610590935	-1420
7.24611186981	-1420
7.24616098404	-1300
7.25047492981	-1380
7.25254392624	-1420
7.25255084038	-1340
7.25495696068	-1420
7.25496292114	-1420
7.25501298904	-1300
7.25510501862	543
7.25921583176	-1420
7.25922393799	-1420
7.25925683975	-1300
7.26335692406	-1420
7.26338982582	-1420
7.26339387894	-1300
7.2675178051	-1380
7.26916980743	-1420
7.26921892166	-1340
7.27051782608	-1420
7.27055191994	-1340
7.27062296867	-1380
7.27306890488	-1420
7.27307391167	-1340
7.27312302589	-1380
7.27560901642	-1420
7.27564096451	-1340
7.27564501762	-1380
7.27864789963	-1420
7.27865481377	-466
7.27995800972	-1420
7.27996397018	-1340
7.28144884109	-1420
7.28145599365	-1340
7.28157186508	1057
7.28338885307	-1420
7.28339481354	-1340
7.2834239006	-1380
7.28571891785	-1420
7.2857708931	-1340
7.28814601898	-1380
7.29166293144	-1420
7.29166984558	-1340
7.29370093346	-1380
7.29535198212	-1420
7.29538297653	-1340
7.29713392258	-1380
7.30094194412	-1420
7.30094885826	-1340
7.30115199089	-1380
7.30222702026	-1420
7.30227994919	-1340
7.30364489555	-1380
7.30461883545	-1420
7.30462384224	-1340
7.30577802658	-1380
7.30702781677	-1420
7.30708193779	-1340
7.30818581581	-1380
7.3103928566	-1420
7.31040000916	-1340
7.31049180031	-1380
7.311439991	-1420
7.31149196625	-1340
7.3115708828	543
7.31253790855	-1380
7.31388282776	-1420
7.31393384933	-1340
7.3148188591	-1380
7.31572580338	-1420
7.31573081017	-1340
7.31678199768	-1380
7.31684994698	543
7.31937193871	-1420
7.3193769455	-1420
7.3194270134	-1300
7.32000684738	-1420
7.32005882263	-1420
7.3200609684	-1300
7.3223259449	-1420
7.32233095169	-1420
7.32237887383	-1300
7.32414793968	-1420
7.32419991493	-1420
7.32420396805	-1300
7.32857990265	-1420
7.32858586311	-1420
7.32863402367	-1300
7.32888102531	543
7.33062601089	-1420
7.33063101768	-1340
7.33067989349	-1380
7.33679890633	-1420
7.33687591553	-1420
7.33687996864	-1300
7.33703994751	543
7.34449386597	-1420
7.34450888634	-1420
7.34457397461	-1300
7.35485601425	-1420
7.35492992401	-1420
7.35493397713	-1300
7.35789585114	-1420
7.35790085793	-1420
7.35795092583	-1300
7.366065979	-1420
7.3661339283	-1420
7.36613798141	-1300
7.37368988991	-1420
7.37369990349	-1420
7.37376594543	-1300
7.37875080109	-1380
7.37887001038	543
7.38173890114	-1420
7.38174390793	-1340
7.38466596603	-1420
7.38467097282	-1420
7.38472080231	-1300
7.39199495316	-1420
7.39205098152	-1420
7.39205384254	-1300
7.39220881462	543
7.39917993546	-1420
7.39918899536	-1420
7.3992228508	-1300
7.40408396721	-1380
7.40541291237	-166
7.4067838192	-1420
7.4068479538	-1340
7.40940690041	-1420
7.40947294235	-1340
7.4117269516	-1380
7.41392588615	-1420
7.41393280029	-1340
7.41615796089	-1380
7.41893792152	-1420
7.4190030098	-1340
7.42142391205	-1380
7.42153787613	543
7.42349982262	-1380
7.42542600632	-1420
7.42545986176	-1340
7.42771482468	-1420
7.42774796486	-1420
7.42775201797	-1300
7.43143081665	-1380
7.43183588982	-1420
7.43186783791	-1340
7.43559885025	-1420
7.43563985825	-1420
7.43564391136	-1300
7.43960189819	-1380
7.4396879673	543
7.44391798973	-1420
7.44392490387	-1420
7.44395685196	-1300
7.44402480125	543
7.44673085213	-1420
7.44673585892	-1340
7.44862985611	-1380
7.45036792755	-1420
7.45042181015	-1340
7.45170402527	-1380
7.4534239769	-1420
7.45343899727	-1340
7.45433402061	-1380
7.45637583733	-1420
7.45640802383	-1420
7.45641183853	-1300
7.45758795738	-1420
7.45759487152	-1340
7.46004486084	-1380
7.46259999275	-1420
7.46265101433	-1340
7.46541190147	-1380
7.46843290329	-1420
7.46843791008	-1340
7.47146487236	-1380
7.47666692734	-1420
7.47672080994	-1420
7.47672486305	-1300
7.47947597504	-1420
7.47948288918	-1340
7.48149394989	-1380
7.48158693314	543
7.48351693153	-1420
7.48352384567	-1420
7.48355388641	-1300
7.48763179779	-1380
7.49080991745	-1420
7.49081683159	-1420
7.49086594582	-1300
7.49093580246	543
7.49356579781	-1380
7.49627685547	-1420
7.49634480476	-1340
7.49644088745	543
7.49841880798	-1380
7.49994587898	-1420
7.50001096725	-1340
7.50202298164	-1420
7.50208282471	-1420
7.50208687782	-1300
7.50688695908	-1420
7.50690102577	-1340
7.50951600075	-1420
7.50953698158	-1340
7.51261591911	-1420
7.51262283325	-1420
7.51267385483	-1300
7.51771092415	-1420
7.51777291298	-1420
7.51777696609	-1300
7.53216481209	-1104
7.53850483894	-1420
7.53857088089	-1340
7.54277992249	-1380
7.55167484283	-1420
7.55168795586	-1420
7.55172586441	-1300
7.55184984207	543
7.55480790138	-1420
7.5548210144	-1340
7.55826187134	-1380
7.56155085564	-1420
7.56159996986	-1340
7.56461381912	-1380
7.56795501709	-1420
7.56796693802	-1340
7.5710978508	-1380
7.57944393158	-1420
7.57950901985	-1420
7.57951283455	-1300
7.58380293846	-1380
7.58783888817	-1380
7.5879509449	-1380
7.58802080154	543
7.59319400787	-1380
7.5978000164	-1420
7.59786081314	-1340
7.59793496132	543
7.60109591484	-1420
7.60110092163	-1420
7.60115790367	-1300
7.60434484482	-1420
7.60439682007	-1340
7.60451889038	-1380
7.60750889778	-1420
7.60751390457	-1340
7.61002182961	-1380
7.61266589165	-1420
7.61269783974	-1340
7.61596083641	-1380
7.61963701248	-1420
7.61964392662	-1340
7.62357401848	-1380
7.62965202332	-1420
7.62969589233	-1340
7.63272380829	-1420
7.63277697563	-1340
7.63287186623	543
7.63648986816	-1420
7.63649582863	-1340
7.63652586937	-1380
7.64131784439	-1420
7.64137291908	-1420
7.64137601852	-1300
7.64732599258	-1420
7.64733886719	-1340
7.6512799263	-1380
7.65129494667	-1420
7.65133285522	-1340
7.65475296974	-1420
7.65482091904	-1340
7.65808796883	-1380
7.65970087051	543
7.66228485107	-1420
7.66229295731	-1340
7.66514492035	-1350
7.66521501541	543
7.66599297523	-1420
7.66600584984	-1340
7.67033290863	-1380
7.67346787453	-1420
7.67353892326	-1420
7.67354297638	-1300
7.67692685127	-1420
7.67693185806	-1420
7.67698788643	-1300
7.68421387672	-1380
7.68443083763	-1420
7.68443489075	-1340
7.69210100174	-1420
7.69210886955	-1420
7.69216299057	-1300
7.70288586617	-1420
7.70295286179	-1420
7.7029569149	-1300
7.70958995819	-1420
7.70960783958	-1420
7.70965194702	-1300
7.70980095863	543
7.71248602867	-1380
7.71613192558	-1420
7.71619296074	-1420
7.71619582176	-1300
7.71871900558	543
7.71887993813	543
7.71928286552	-1380
7.72282600403	-1420
7.72286391258	-1420
7.7228679657	-1300
7.72520589828	543
7.72537493706	543
7.72615289688	-1420
7.72615885735	-1340
7.7293908596	-1380
7.73186993599	-1420
7.73190498352	-1340
7.73453998566	-1380
7.73464584351	543
7.74047994614	-1420
7.7404859066	-1420
7.7405359745	-1300
7.74316596985	-1420
7.74319696426	-1340
7.74587583542	-1380
7.74854302406	-1420
7.74854779243	-1340
7.75071883202	-1380
7.7521238327	-1380
7.75369286537	-1420
7.75370693207	-1340
7.75381398201	543
7.75597381592	-1420
7.75597691536	-1420
7.75602602959	-1300
7.75798082352	-1380
7.7581808567	-1380
7.76017594337	-1380
7.76189684868	-1420
7.76191091537	-1340
7.76440596581	-1380
7.76712799072	-1420
7.76715993881	-1340
7.77027487755	-1380
7.77431893349	-1420
7.77432489395	-1420
7.7743768692	-1300
7.77642583847	-1380
7.77659296989	-1380
7.77946782112	-1420
7.77952980995	-1340
7.77962779999	543
7.78167581558	-1420
7.78168296814	-1420
7.78171491623	-1300
7.78627681732	-1420
7.78633093834	-1340
7.78851485252	-1420
7.78854894638	-1420
7.7885529995	-1300
7.79216480255	-1420
7.79216980934	-1340
7.79229879379	543
7.79270482063	-1281
7.79862093925	-1420
7.79865598679	-1420
7.79866099358	-1300
7.80491781235	-1420
7.80492901802	-1420
7.8049659729	-1300
7.81250286102	-1420
7.81257796288	-1420
7.81258296967	-1300
7.8127579689	543
7.81608390808	-1420
7.81609582901	-1420
7.81615495682	-1300
7.8220949173	-1420
7.82216787338	-1420
7.82217288017	-1300
7.82758283615	-1420
7.82758879662	-1420
7.82763886452	-1300
7.83475589752	-1420
7.83482789993	-1420
7.83483195305	-1300
7.83725190163	-1420
7.83725690842	-1420
7.83730697632	-1300
7.8469619751	-1380
7.84701299667	-1420
7.84701800346	-1340
7.84717988968	543
7.84990501404	-1420
7.84991002083	-1420
7.84996080399	-1300
7.86193084717	-1420
7.86200499535	-1420
7.86201000214	-1300
7.86523795128	-1420
7.86524987221	-1420
7.86527991295	-1300
7.8653678894	543
7.87164092064	-1420
7.87165999413	-1420
7.87170290947	-1300
7.87592792511	-1420
7.8759958744	-1420
7.87599897385	-1300
7.87945890427	-1380
7.88488888741	-1420
7.8849568367	-1420
7.88496398926	-1300
7.88530087471	543
7.88571596146	-1420
7.88572096825	-1420
7.88578391075	-1300
7.8912229538	-1420
7.89129686356	-1420
7.89130187035	-1300
7.89479899406	-1420
7.89480781555	-1420
7.89484000206	-1300
7.89631700516	-1380
7.8964278698	-1380
7.89763998985	-1420
7.89767789841	-1420
7.89768195152	-1300
7.89981484413	-1420
7.89982199669	-1340
7.9011888504	-1420
7.90119385719	-1420
7.90124702454	-1300
7.90131998062	543
7.90200090408	-1420
7.90200781822	-1340
7.90323996544	-1420
7.90325689316	-1340
7.90487289429	-1420
7.90487790108	-1420
7.90492796898	-1300
7.90925979614	-1420
7.90929389	-1420
7.90929794312	-1300
7.90940499306	543
7.91220998764	-1420
7.91221690178	-1340
7.91327381134	-1380
7.91443490982	-1380
7.91570091248	-1420
7.91570591927	-1340
7.917126894	-1420
7.91714096069	-1420
7.91717100143	-1300
7.91724801064	543
7.91881489754	-1420
7.918820858	-1340
7.92133688927	-1380
7.92325901985	-1420
7.92328691483	-1340
7.92531681061	-1107
7.92946100235	-1380
7.93252301216	-1420
7.93257594109	-1420
7.9325799942	-1300
7.93444991112	-1420
7.93445682526	-1340
7.93701601028	-1380
7.93906784058	-1420
7.93911886215	-1340
7.94110393524	-1380
7.94661784172	-1380
7.94669485092	543
7.94733190536	-1420
7.94733691216	-1340
7.95172190666	-1420
7.95172786713	-1420
7.95177793503	-1300
7.95394182205	-1420
7.95397400856	-1340
7.95698595047	-1380
7.95709586143	543
7.95951199532	-1380
7.95959591866	-1380
7.9622938633	-1380
7.96380281448	-1420
7.96384000778	-1340
7.9652068615	-1380
7.96793889999	-1420
7.96794986725	-1340
7.96906781197	-1380
7.97102379799	-1420
7.97107291222	-1420
7.97107791901	-1300
7.97179484367	-1420
7.97179985046	-1340
7.97184991837	-1380
7.97472000122	-1420
7.97476792336	-1420
7.97477197647	-1300
7.97689580917	-1420
7.97690582275	-1420
7.97696399689	-1300
7.9787979126	-1420
7.97885799408	-1420
7.97886180878	-1300
7.97928881645	-1420
7.97929501534	-1420
7.97932195663	-1300
7.98020792007	-1380
7.98050379753	543
7.98071479797	-1420
7.98071980476	-1420
7.98074793816	-1300
7.98134684563	-1420
7.9813978672	-1340
7.98140096664	-1380
7.98223996162	-1420
7.98225092888	-1420
7.98228001595	-1300
7.98366999626	-1420
7.98372101784	-1340
7.98378801346	-1380
7.98390579224	543
7.98506879807	-1380
7.98565196991	-1420
7.98571181297	-1340
7.98602581024	-1420
7.98607587814	-1420
7.98607897758	-1300
7.98616695404	543
7.98698186874	-1420
7.98698782921	-1340
7.98703694344	-1380
7.98956489563	-1420
7.98963689804	-1420
7.98963999748	-1300
7.99070286751	-1380
7.99148702621	-1420
7.99151682854	-1340
7.99228596687	-1380
7.99249792099	-1420
7.99250292778	-1340
7.99368691444	-1380
7.99427080154	-1420
7.99432086945	-1340
7.99475383759	-1420
7.99480390549	-1420
7.99480700493	-1300
7.99638390541	-1420
7.9963889122	-1420
7.99643802643	-1300
7.99819779396	-1420
7.99825286865	-1340
7.99825596809	-1380
7.9995098114	-1380
7.99990582466	-1380
8.05601501465	-92
8.06874394417	543
8.29493093491	-1057
8.30350089073	1460
8.30358886719	625
8.30522489548	1460
8.30532598495	1139
8.31525802612	543
8.32410883904	1460
8.324187994	111
8.45092582703	1460
8.45103383064	111
8.45122480392	543
8.50393986702	-1420
8.50395488739	-1420
8.50401902199	-787
8.50414395332	1057
8.51979589462	-1420
8.51981091499	-1340
8.53757596016	-1380
8.58170294762	-1380
8.59532189369	1460
8.59541797638	1460
8.59554982185	1161
8.59562587738	1117
8.63072800636	-793
8.63898897171	543
8.76624679565	-1057
8.77234983444	-1420
8.77242493629	-1340
8.81459403038	-1380
8.89891886711	-573
8.89912891388	543
8.96642994881	-1380
9.02567982674	-792
9.02619385719	1460
9.02628397942	111
9.14652085304	-1420
9.14653801918	-1340
9.15217280388	-353
9.15312480927	543
9.15438199043	543
9.39076089859	-543
9.39118289948	1460
9.39126300812	111
9.473279953	-1380
9.51736593246	-1248
9.51907086372	1057
9.59084486961	1460
9.590955019	1460
9.59105086327	1161
9.59114599228	1460
9.59119987488	1460
9.591329813	1161
9.59140896797	149
9.78535699844	-543
9.83335280418	543
9.85871696472	1460
9.85880684853	625
9.95124983788	-1057
9.96353983879	1057
10.0291149616	-1380
10.0778648853	-1248
10.0780439377	543
10.092746973	-1420
10.0927770138	-1340
10.092856884	-1420
10.0928618908	-1420
10.0929129124	-1300
10.0940330029	-1420
10.0940690041	-1420
10.0940728188	-1300
10.0971889496	-1420
10.0972008705	-1420
10.097260952	-1300
10.097263813	-1380
10.1090810299	-1420
10.1091020107	-1340
10.1092708111	-1420
10.1092758179	-1420
10.1093049049	-1300
10.1108589172	-1420
10.1109127998	-1420
10.1109158993	-1300
10.1112048626	-1420
10.1112108231	-1420
10.1112458706	-1300
10.1113359928	543
10.111440897	543
10.1121308804	-1380
10.1127278805	-1420
10.1127598286	-1340
10.1129288673	-1420
10.1130068302	-1340
10.1130099297	-1380
10.1133608818	-1420
10.1133668423	-1420
10.1133978367	-1300
10.1144299507	-1420
10.1144587994	-1420
10.1144628525	-1300
10.1151409149	-1380
10.1253798008	-1420
10.1254608631	-1340
10.1255559921	-1420
10.1255989075	-1340
10.1256020069	-1380
10.1257770061	543
10.1262149811	-1420
10.1262218952	-1340
10.1273789406	-1380
10.1288869381	-1420
10.1289308071	-1340
10.1303329468	-1380
10.1316218376	-1420
10.1316258907	-1340
10.1324698925	-1380
10.1548199654	1460
10.1549329758	111
10.167347908	543
10.2049338818	-833
10.2136008739	1057
10.2548019886	543
10.3319709301	-543
10.3720510006	-1420
10.3721129894	-1340
10.3737888336	-1380
10.3761889935	-1380
10.3763608932	-1420
10.3763928413	-1340
10.3781268597	-1420
10.3781599998	-1340
10.3782529831	543
10.3798108101	-1380
10.3798849583	543
10.3819468021	-1420
10.3819539547	-1340
10.3838620186	-1380
10.3861730099	-1420
10.3862409592	-1340
10.3880589008	-1380
10.3918077946	1460
10.39189291	111
10.3931589127	-1420
10.3931648731	-1420
10.393217802	-1300
10.3952879906	-1420
10.39534688	-1340
10.3974289894	-1380
10.3995029926	-1420
10.3995108604	-1340
10.4017589092	-1380
10.4042630196	-1420
10.4043269157	-1340
10.4058949947	543
10.4065639973	-1380
10.4128220081	-1420
10.4128909111	-1420
10.4128949642	-1300
10.4153108597	-1420
10.4153180122	-1340
10.4181089401	-1380
10.4202859402	-1420
10.4203438759	-1340
10.4230659008	-1380
10.4263188839	-1380
10.45875597	-8
10.602039814	-1420
10.6020579338	-1420
10.602096796	-273
10.6121590137	-1420
10.6122148037	-1340
10.6154308319	-1420
10.6155087948	-1420
10.6155188084	-1300
10.6224160194	-1380
10.6264998913	-1420
10.6266298294	-1340
10.6300988197	-1420
10.6302249432	-1340
10.6336779594	-1420
10.6337888241	-1420
10.6337969303	-1300
10.6340909004	1057
10.6410238743	-1380
10.6535799503	1460
10.6536748409	111
10.7286458015	-473
10.9735460281	-1420
10.973623991	-1420
10.9736618996	-787
10.9751198292	-1420
10.975153923	-1340
10.9774959087	-1380
10.9798488617	-1420
10.9798808098	-1340
10.9816288948	-1380
10.9843959808	-1420
10.984457016	-1340
10.9867630005	-1380
10.9868879318	543
10.9919879436	-1420
10.9919958115	-1420
10.9920599461	-1300
10.9933049679	-1420
10.993336916	-1340
10.9947869778	-1380
10.997150898	-1420
10.9971568584	-1340
10.9996738434	-1380
11.0543699265	1460
11.0544748306	111
11.1001729965	-1237
11.1742048264	1057
11.3177759647	-1420
11.3179588318	-1420
11.3180799484	-787
11.3223829269	-1420
11.3225178719	-1340
11.3226528168	-1380
11.331140995	-1420
11.3312048912	-1340
11.336055994	-1380
11.3361978531	1057
11.3835279942	1460
11.3836278915	111
11.4441809654	-60
11.6778609753	-1420
11.6779439449	-1420
11.6779940128	-787
11.6919858456	-1420
11.692054987	-1340
11.8043990135	-353
11.8049468994	543
11.8710508347	1460
11.8711519241	111
12.0280938148	-1420
12.0281119347	-1420
12.0281858444	-787
12.029722929	-1420
12.0297849178	-1340
12.0310308933	-1380
12.0322959423	-1420
12.0323019028	-1340
12.0328299999	-1380
12.0389997959	-1420
12.0390508175	-1420
12.0390558243	-1300
12.0396728516	-1420
12.0396778584	-1420
12.0397288799	-1300
12.0398139954	543
12.0403039455	-1420
12.0403089523	-1340
12.0410678387	-1380
12.0412948132	-1420
12.0413489342	-1420
12.0413517952	-1300
12.045404911	-1420
12.0454199314	-1340
12.0462520123	-1380
12.0539999008	-1420
12.0540688038	-1340
12.0540750027	-1380
12.0541059971	-1380
12.0542509556	-1380
12.0544579029	-1380
12.0546989441	-1420
12.054751873	-1340
12.0549049377	-1380
12.055038929	1057
12.0551879406	-1380
12.0551919937	-1380
12.0579478741	-1380
12.058950901	-1420
12.0589828491	-1420
12.0589869022	-1300
12.0639359951	-1420
12.0639419556	-1340
12.0643248558	-1380
12.0689489841	-1420
12.0690188408	-1340
12.0693190098	-1420
12.069414854	-1340
12.0694248676	-1380
12.0694949627	-1380
12.0838959217	-1420
12.0839729309	-1420
12.0839829445	-1300
12.1550438404	-1023
12.1552989483	543
12.2211818695	-1420
12.2212059498	-1340
12.2217009068	-1380
12.2218439579	-1420
12.2219119072	-1340
12.2253928185	-1420
12.2254488468	-1420
12.2254528999	-1300
12.2326569557	-1420
12.2326719761	-1420
12.2327330112	-1300
12.2328808308	-1380
12.2333359718	-1420
12.2333548069	-1340
12.2334098816	-1380
12.2335929871	-1420
12.2336249352	-1340
12.2339940071	-1420
12.2340459824	-1420
12.2340497971	-1300
12.2341768742	543
12.2374939919	-1420
12.237500906	-1420
12.237555027	-1300
12.2376379967	543
12.2379980087	-1380
12.2401099205	1460
12.2401838303	111
12.2428708076	-1420
12.2428770065	-1340
12.2533619404	-1420
12.2533760071	-1420
12.2534458637	-1300
12.2817959785	-80
12.5445468426	-1420
12.5445649624	-1420
12.5446288586	-787
12.5472829342	-1420
12.5473389626	-1340
12.5505928993	-1380
12.5529549122	-1420
12.5529608727	-1340
12.5551958084	-1380
12.5552868843	543
12.5577948093	-1420
12.5577988625	-1340
12.5604679585	-1380
12.5659458637	-1420
12.5660099983	-1420
12.566013813	-1300
12.5685060024	-1420
12.5685148239	-1340
12.5718989372	-1380
12.5740418434	-1380
12.5741789341	-1380
12.5765428543	-1380
12.5883698463	1460
12.5885038376	111
12.6709868908	-180
12.8940968513	-1420
12.8941609859	-1420
12.8941888809	-787
12.8950259686	-1420
12.8950519562	-1340
12.8961889744	-1380
12.896447897	543
12.8974997997	-1420
12.8975188732	-1340
12.8992547989	-1380
12.8994488716	543
12.9081668854	-1420
12.9081819057	-1340
12.9101510048	-1380
12.9131679535	-1420
12.9132359028	-1420
12.9132418633	-1300
12.9144878387	-1420
12.9144999981	-1340
12.916023016	-1380
12.9181499481	-1420
12.9182188511	-1340
12.9203968048	-1380
12.9222948551	-1420
12.9223108292	-1340
12.9235539436	-1380
12.9273200035	-1420
12.9273848534	-1340
12.9273920059	-1380
12.9276180267	543
12.9291980267	-1420
12.9292128086	-1340
12.9312679768	-1380
12.9330658913	-1420
12.9331219196	-1340
12.9343509674	-1380
12.9360678196	-1420
12.9360790253	-1340
12.937707901	-1380
12.9425628185	-1420
12.9426310062	-1420
12.9426379204	-1300
12.9445118904	-1420
12.9445269108	-1340
12.9463818073	-1380
12.9485578537	-1420
12.9486279488	-1340
12.9502449036	-1380
12.9504699707	1057
12.9519269466	-1420
12.951941967	-1340
12.9531979561	-1380
12.9567859173	-1420
12.9568538666	-1420
12.9568610191	-1300
12.9887349606	1460
12.9888110161	111
12.9915008545	-1380
13.020498991	-157
13.17639184	1057
