0	543
1.43335103989	-543
3.00060319901	543
4.03454113007	543
4.05265903473	543
4.39155721664	-543
4.57957100868	-1420
4.57961916924	-151
4.59034514427	1057
4.90255308151	-543
5.02997112274	-1420
5.03004407883	-1316
5.06332612038	-891
5.09005212784	-1368
5.18418812752	-203
5.18621611595	543
5.1871650219	1057
5.50858020782	-543
5.70011901855	-1420
5.70018911362	-1420
5.70022916794	-787
5.70290923119	-1420
5.70295619965	-1420
5.70299220085	-1264
5.71308803558	-1420
5.7131421566	-1420
5.71316003799	-1264
5.75765013695	-1368
5.82092618942	-1420
5.82100319862	-1420
5.82104301453	-1420
5.82107806206	-1420
5.82111215591	-881
5.82431817055	-1420
5.82432508469	-1316
5.82594203949	1057
5.82670402527	-1420
5.82671022415	-1420
5.8267121315	-1264
5.82710504532	-1368
5.82742619514	-1368
5.83258318901	543
5.8338830471	-1420
5.83389019966	-1420
5.83396911621	-1264
5.83397221565	-1420
5.833974123	-1316
5.83397507668	-1368
5.84064722061	1057
5.8516960144	1057
5.8784070015	-1420
5.87842416763	-1316
5.94191908836	-1420
5.94194817543	-1420
5.94195008278	-1420
5.94195222855	-1420
5.94195318222	-1160
5.94195413589	-1420
5.94195508957	-1420
5.94195604324	-1420
5.94195723534	-1420
5.94195818901	-1160
5.94218611717	543
5.94244122505	543
5.94515419006	-1420
5.9451611042	-1420
5.94520616531	-1420
5.94520902634	-1212
5.9475710392	-1420
5.94757604599	-1420
5.94761800766	-1186
5.95129013062	-1368
5.9516620636	-1368
5.95166707039	-1368
5.95182323456	-1368
5.95182609558	-1420
5.95182704926	-1316
5.9542901516	-1368
5.95438122749	543
5.95453214645	-1420
5.95453500748	-1316
5.95460319519	-1420
5.95472002029	-1316
5.95472311974	-1368
5.95493817329	-1420
5.95494103432	-1316
5.95504522324	-1420
5.95504808426	-1420
5.95504903793	-1264
5.96196508408	-1368
5.96463823318	-1368
5.99928617477	-1368
6.01024103165	-1420
6.01030516624	-1316
6.01042819023	543
6.06817221642	-64
6.11116814613	-1420
6.11117911339	-1420
6.1111831665	-1264
6.12545800209	-1368
6.21296906471	-1368
6.21554923058	543
6.23024916649	-1420
6.23026919365	-1420
6.230271101	-1264
6.2316532135	-538
6.25375819206	543
6.25409817696	1460
6.25416111946	1139
6.37532520294	-543
6.4370470047	-1420
6.43706417084	-1316
6.48979115486	-1368
6.51984119415	-1368
6.52176809311	543
6.53602004051	-269
6.65005517006	-1420
6.65007519722	-1316
6.65007805824	-1420
6.65007901192	-1316
6.65025806427	-1368
6.65029716492	-1420
6.65029907227	-1420
6.65030002594	-1264
6.65042710304	-1368
6.6513440609	-1420
6.65135216713	-1420
6.65135407448	-1264
6.65140318871	-1420
6.65140604973	-1420
6.6514070034	-1264
6.65145111084	-1368
6.65160608292	-1420
6.65161013603	-1316
6.65169620514	-1420
6.65169906616	-1316
6.65208506584	543
6.65261101723	-1420
6.65261602402	-1420
6.65265607834	-1264
6.69083309174	-1420
6.69089412689	-1420
6.69089722633	-1420
6.69089913368	-1420
6.69090008736	-1160
6.69090104103	-1420
6.69090223312	-1420
6.6909031868	-1264
6.69090414047	-1368
6.69095611572	-1368
6.69107413292	-1420
6.69107604027	-1420
6.69107723236	-1264
6.69129800797	543
6.69509506226	-1420
6.69510102272	-1316
6.6952381134	-1368
6.69534420967	-1420
6.69534707069	-1420
6.69534707069	-1264
6.69548010826	543
6.69555807114	-1420
6.6955602169	-1316
6.70112919807	-1214
6.70388507843	-1368
6.82472109795	-717
6.82518315315	1460
6.82524108887	1460
6.82529211044	1161
6.82590723038	89
6.92444205284	1057
6.94643521309	-543
7.09098315239	1057
7.10072207451	-1420
7.10073518753	-1420
7.10073804855	-787
7.10073900223	-1420
7.10074019432	-1420
7.10074210167	-1420
7.10074305534	-1212
7.10084104538	-1420
7.10084319115	-1316
7.10091519356	-1420
7.10110521317	-1316
7.10110807419	-1420
7.10110902786	-1420
7.10111021996	-1420
7.1011121273	-1212
7.1012430191	-1420
7.10125923157	-1420
7.10126018524	-1420
7.10126209259	-1212
7.10135412216	-1420
7.1013572216	-1316
7.10155200958	543
7.10168600082	543
7.11387610435	-1420
7.11390113831	-1420
7.11394619942	-1264
7.14833712578	1057
7.15258622169	-1420
7.15259814262	-1316
7.15352320671	-1420
7.1535282135	-1316
7.15375709534	-1420
7.15376019478	-1316
7.1539452076	-1420
7.15394902229	-1316
7.15404415131	-1420
7.15404701233	-1420
7.15404820442	-1264
7.154058218	-1368
7.15420222282	-1368
7.15452408791	-1420
7.15453720093	-1420
7.1545381546	-1264
7.15453910828	-1368
7.15472722054	-1420
7.15473008156	-1316
7.15484619141	-1420
7.15484905243	-1420
7.1548511982	-1264
7.15498018265	-1420
7.15498423576	-1420
7.15498614311	-1264
7.15649104118	-1420
7.15649700165	-1420
7.15649819374	-1420
7.15650010109	-1212
7.15675401688	543
7.16574501991	-1420
7.16576218605	-1316
7.16644501686	543
7.19403600693	-1420
7.19405221939	-1316
7.19406414032	-1420
7.19406509399	-1420
7.19406604767	-1264
7.19429802895	543
7.19438099861	-1368
7.19476914406	-1420
7.19485712051	-1420
7.19486021996	-1264
7.19486117363	-1420
7.1948621273	-1420
7.19486308098	-1420
7.19486403465	-1212
7.19498705864	-1420
7.19499015808	-1316
7.19506812096	-1420
7.1950712204	-1316
7.19507217407	-1368
7.19567012787	-1420
7.19567418098	-1316
7.19573616982	-1420
7.19573807716	-1316
7.19576311111	-1420
7.19576501846	-1316
7.19650220871	-1420
7.19650506973	-1316
7.19657707214	-1368
7.1971540451	543
7.207280159	-1420
7.2072892189	-1316
7.2216501236	-696
7.22900819778	-1420
7.22906708717	-1316
7.22918510437	-1420
7.22922611237	-1316
7.22932505608	-1420
7.22932815552	-1316
7.22942304611	-1420
7.22942614555	-1316
7.22974705696	-1420
7.22975111008	-1420
7.22982621193	-1420
7.22982907295	-1420
7.22984004021	-1160
7.2298412323	-1368
7.22987914085	-1420
7.2298810482	-1420
7.22988200188	-1420
7.22988319397	-1212
7.23007512093	-1420
7.23007822037	-1420
7.23008012772	-1264
7.2301170826	1057
7.23025417328	-1420
7.23025608063	-1420
7.2302570343	-1264
7.23039221764	-1420
7.23039412498	-1420
7.23039507866	-1420
7.23039603233	-1212
7.23039603233	-1420
7.23039722443	-1316
7.2303981781	-1420
7.2304751873	-1316
7.23058414459	-1420
7.23058700562	-1420
7.23058819771	-1264
7.23058915138	-1368
7.23109316826	543
7.23806405067	-1420
7.23807001114	-1420
7.2381131649	-1264
7.23811507225	-1368
7.23821210861	-1420
7.23821401596	-1316
7.24219417572	-1368
7.27861022949	-1368
7.27867913246	-1420
7.2786822319	-1316
7.27919006348	-1420
7.27919411659	-1420
7.27923417091	-1264
7.27931714058	1057
7.27980303764	-1420
7.27980804443	-1316
7.27991104126	-1368
7.28059005737	-1420
7.28064012527	-1420
7.28064203262	-1264
7.28072309494	-1368
7.28092908859	-1420
7.28097701073	-1316
7.28101015091	-1368
7.2810690403	-1368
7.28120517731	-1420
7.28124403954	-1420
7.28124713898	-1264
7.28124809265	-1368
7.28129220009	-1368
7.2814450264	-1420
7.28144717216	-1316
7.28146314621	543
7.2815580368	-1368
7.2816631794	-1368
7.28179121017	-1368
7.28195619583	-1420
7.28199315071	-1420
7.28199601173	-1264
7.28199720383	-1368
7.2820661068	-1420
7.28206801414	-1316
7.282102108	-1368
7.28217601776	-1420
7.28218102455	-1420
7.28218221664	-1264
7.28223919868	-1368
7.28237104416	-1420
7.2823741436	-1420
7.28237605095	-1264
7.28252005577	-1420
7.28252315521	-1420
7.28252410889	-1264
7.28255105019	-1368
7.28270411491	-1420
7.28270721436	-1420
7.2827091217	-1264
7.28271007538	-1368
7.28300309181	1057
7.28310418129	-1420
7.28310704231	-1316
7.28322219849	-1368
7.29012823105	-1420
7.29017400742	-1420
7.29017710686	-1420
7.29017806053	-1212
7.29245400429	-1420
7.29245901108	-1420
7.29250717163	-1420
7.29251003265	-1212
7.29260015488	-1368
7.32579112053	-1368
7.3280570507	543
7.32886815071	-1420
7.32887411118	-1316
7.32897114754	-1368
7.3290810585	-1368
7.32916903496	-1368
7.32918119431	-1368
7.32950520515	-1420
7.32950901985	-1420
7.32951021194	-1420
7.32951116562	-1420
7.32951211929	-1160
7.32951402664	-1368
7.32951521873	-1420
7.32951617241	-1316
7.32985210419	543
7.33906507492	-1420
7.33907818794	-1420
7.33913207054	-1420
7.33913421631	-1212
7.33935403824	543
7.34220314026	-49
7.35229611397	543
7.35580301285	-1368
7.36256814003	543
7.37294316292	-1368
7.37514519691	-1420
7.3751502037	-1316
7.37528920174	-1420
7.37529206276	-1420
7.37529301643	-1420
7.37529420853	-1212
7.37546110153	-1420
7.37546420097	-1316
7.3761510849	-1420
7.37615418434	-1420
7.37615609169	-1264
7.37633419037	-1420
7.37633705139	-1316
7.37646508217	-1420
7.37646818161	-1420
7.37647008896	-1264
7.37647104263	-1368
7.37994623184	543
7.38820409775	-1420
7.38821721077	-1420
7.38827204704	-1264
7.40519022942	-1420
7.40527915955	-1420
7.40528416634	-1264
7.40528512001	-1420
7.40528607368	-1316
7.40528702736	-1420
7.40528821945	-1316
7.40537118912	-1420
7.40538215637	-1316
7.40558409691	543
7.40591406822	-1420
7.40591907501	-1420
7.40595722198	-1264
7.40607023239	-1420
7.40611314774	-1420
7.40611600876	-1264
7.41597104073	-1420
7.4159860611	-1420
7.41604018211	-1264
7.41619300842	543
7.42093610764	543
7.42136120796	-1420
7.42136621475	-1316
7.42136907578	-1368
7.42150616646	-1368
7.42411613464	1460
7.4241631031	625
7.4291870594	-1420
7.42919111252	-1316
7.43685603142	543
7.44773602486	-1368
7.46309304237	-795
7.50302100182	543
7.52028512955	543
7.5205540657	543
7.53266906738	543
7.5329310894	543
7.58380007744	-543
7.66068720818	-1420
7.66071200371	-1420
7.66071510315	-1264
7.67397212982	-1368
7.68718910217	-1368
7.68986105919	543
7.69008016586	1057
7.70497703552	-1044
7.70669817924	543
7.72322916985	-1420
7.72324204445	-1420
7.72324514389	-1420
7.72324609756	-1212
7.72325110435	-1368
7.72358417511	-1420
7.72358822823	-1420
7.72364807129	-1264
7.72365021706	-1420
7.7236521244	-1316
7.72374200821	-1368
7.72377610207	-1420
7.72377920151	-1316
7.72388911247	-1420
7.72389101982	-1316
7.72411322594	-1420
7.72411704063	-1316
7.72427511215	-1420
7.72427821159	-1420
7.72427916527	-1264
7.72427916527	-1420
7.72428011894	-1420
7.72428107262	-1264
7.72440505028	543
7.77441215515	-1420
7.77443814278	-1316
7.77449417114	-1420
7.77449703217	-1316
7.77473020554	-1420
7.77473521233	-1316
7.77482008934	-1420
7.77482318878	-1316
7.77492403984	543
7.77509522438	-1420
7.77509617805	-1316
7.7750980854	-1420
7.77509903908	-1316
7.77529001236	-1420
7.77529406548	-1420
7.77529501915	-1264
7.77537322044	-1368
7.77549219131	-1420
7.77549505234	-1316
7.7756922245	-1420
7.77569508553	-1420
7.77569723129	-1264
7.77582621574	543
7.77593708038	-1420
7.77594900131	-1420
7.77595114708	-1264
7.77611613274	-1420
7.77611923218	-1420
7.77615809441	-1264
7.77622818947	-1420
7.77623105049	-1420
7.77623200417	-1264
7.77634501457	-1368
7.77754616737	543
7.78007817268	-1420
7.78008413315	-1316
7.81464910507	-1420
7.81466317177	-1420
7.81471610069	-1264
7.81487107277	543
7.81591010094	-1420
7.8159160614	-1420
7.81591820717	-1264
7.81601119041	-1420
7.81601309776	-1420
7.81601309776	-1264
7.81616210938	543
7.81663703918	543
7.81700611115	1057
7.82464408875	-1368
7.82548713684	-337
7.83467507362	543
7.84006619453	543
7.92352104187	-1420
7.92353701591	-1420
7.92354011536	-1264
7.94640016556	-66
7.94946122169	-1368
8.0549530983	-1420
8.05497121811	-1420
8.05497312546	-1420
8.05497503281	-1420
8.0549762249	-1420
8.05497717857	-1420
8.05497813225	-1056
8.05677008629	-1420
8.05677604675	-1420
8.05681610107	-1264
8.05789113045	543
8.06760907173	-1147
8.06801819801	543
8.07759809494	1057
8.09492707253	-1420
8.09494304657	-1420
8.09494614601	-1420
8.09494709969	-1212
8.09494805336	-1368
8.09551119804	543
8.10793614388	-1420
8.10795211792	-1420
8.10795402527	-1264
8.14497208595	-1368
8.15783905983	-1420
8.15791201591	-1420
8.15791606903	-1264
8.18855214119	-264
8.19630503654	-1368
8.23051810265	-1368
8.23105502129	-1420
8.23108720779	-1316
8.23123121262	-1420
8.23123502731	-1420
8.23123621941	-1264
8.23131203651	-1368
8.23150706291	543
8.23231506348	-1420
8.23232007027	-1420
8.23232221603	-1264
8.23248100281	-1420
8.23248314857	-1420
8.23248505592	-1264
8.23389220238	543
8.23998713493	543
8.30966520309	-1184
8.38487410545	-1368
8.38513422012	-1368
8.38513803482	-1368
8.38522911072	-1420
8.38523221016	-1420
8.38523316383	-1420
8.38523507118	-1420
8.38523602486	-1160
8.38523721695	-1420
8.38523817062	-1316
8.38549113274	-1420
8.38549423218	-1420
8.38549613953	-1420
8.3854970932	-1420
8.38549804688	-1160
8.38549900055	-1420
8.38550019264	-1316
8.38550114632	-1368
8.38565516472	-1420
8.38565921783	-1316
8.38585400581	543
8.38594603539	-1420
8.38594913483	-1316
8.39815402031	-1420
8.39817023277	-1420
8.3982231617	-1264
8.43143415451	-702
8.43723511696	-1420
8.437251091	-1316
8.43725419044	-1420
8.43725514412	-1420
8.43725705147	-1420
8.43725705147	-1212
8.43725800514	-1368
8.43752217293	-1420
8.43752717972	-1420
8.43752908707	-1264
8.43765711784	-1420
8.43765902519	-1420
8.43766021729	-1264
8.43786811829	543
8.43805623055	543
8.44348907471	-1420
8.44350409508	-1420
8.44356203079	-1264
8.46677708626	-1420
8.46682715416	-1420
8.46683216095	-1264
8.47026014328	-1420
8.4702641964	-1316
8.47524905205	-1420
8.47525811195	-1316
8.53818416595	-1368
8.54922914505	543
8.55283904076	-499
8.56654214859	-1420
8.56656503677	-1420
8.56656813622	-1264
8.56941008568	-1420
8.56942105293	-1420
8.5695002079	-1420
8.56950211525	-1212
8.5695040226	-1368
8.5704331398	-1420
8.57045006752	-1316
8.57045412064	-1368
8.57068705559	-1420
8.57069206238	-1316
8.57069301605	-1420
8.57069420815	-1316
8.57079911232	-1420
8.57080316544	-1420
8.57080411911	-1264
8.57080507278	-1420
8.57080602646	-1316
8.57103419304	-1420
8.57103800774	-1420
8.5710401535	-1264
8.57104110718	-1368
8.57113718987	-1420
8.57114005089	-1316
8.57217502594	-1368
8.57247304916	543
8.57600712776	543
8.5928311348	543
8.60621118546	-1368
8.61652302742	-1420
8.61653518677	-1420
8.61653709412	-1264
8.61653804779	-1420
8.6166779995	-1420
8.61668109894	-1264
8.61668109894	-1420
8.61668300629	-1420
8.61668419838	-1264
8.61686015129	-1420
8.61686205864	-1316
8.61693120003	-1368
8.61714601517	-1420
8.61714911461	-1316
8.61733412743	-1420
8.61733722687	-1420
8.61733913422	-1264
8.61734008789	-1420
8.61734008789	-1316
8.6173582077	543
8.61752200127	-1420
8.61752414703	-1316
8.61752820015	-1420
8.61752915382	-1420
8.6175301075	-1420
8.61753106117	-1212
8.61915016174	-1420
8.61915516853	-1316
8.6210501194	1057
8.62294101715	543
8.65186309814	-1420
8.65187907219	-1316
8.65210008621	543
8.66296100616	-1420
8.66297101974	-1420
8.6630191803	-1420
8.66302204132	-1212
8.66302323341	-1420
8.66302514076	-1316
8.66320109367	543
8.66488599777	-1420
8.66489100456	-1420
8.66493105888	-1264
8.67383813858	-880
8.69789123535	-1420
8.69790816307	-1316
8.71099901199	-1368
8.79486012459	-1152
8.84788417816	-1368
8.8975880146	1460
8.89766812325	111
8.91536808014	-203
8.95388817787	1057
8.97433710098	1057
8.97706413269	1057
8.98872613907	-1368
9.08691501617	1057
9.09555006027	-775
9.11420106888	-1420
9.11421322823	-1316
9.12968802452	543
9.20243120193	-1420
9.20246005058	-1316
9.20251107216	-1420
9.20251321793	-1420
9.2025141716	-1264
9.20265603065	-1420
9.2026591301	-1420
9.20266103745	-1264
9.20273518562	-1420
9.20273804665	-1316
9.2027490139	-1420
9.20275020599	-1316
9.20289707184	-1420
9.20290017128	-1420
9.20290207863	-1264
9.20303201675	-1420
9.2030351162	-1316
9.20303702354	-1368
9.20323109627	-1420
9.20323514938	-1420
9.20323705673	-1264
9.20366621017	-1420
9.2036690712	-1420
9.20367121696	-1264
9.20388007164	-1420
9.20388317108	-1420
9.20388412476	-1264
9.21004104614	-1420
9.21004605293	-1420
9.2100481987	-1420
9.21004915237	-1420
9.21005105972	-1420
9.2100520134	-1420
9.21005320549	-1420
9.21005415916	-1420
9.21005511284	-1420
9.21005702019	-1420
9.21005821228	-1420
9.21005916595	-796
9.21030521393	543
9.21064710617	543
9.21079301834	543
9.2120141983	543
9.21529102325	-1420
9.21529722214	-1420
9.21529912949	-1264
9.23495101929	-758
9.23513507843	543
9.24308109283	-1368
9.2490530014	-1420
9.24906206131	-1420
9.24906420708	-1264
9.25504612923	-1420
9.25505423546	-1420
9.25509905815	-1264
9.28769421577	1460
9.28777623177	1460
9.28781104088	1161
9.28793001175	1460
9.28796720505	685
9.29851603508	543
9.30505609512	1057
9.35152316093	543
9.36364722252	-820
9.3831050396	543
9.38520908356	-1368
9.43445420265	-1368
9.45901823044	-1420
9.45903801918	-1420
9.45904302597	-1264
9.49535107613	-1368
9.50598502159	-1218
9.52111721039	-1420
9.52112817764	-1316
9.52243423462	543
9.52267122269	1057
9.53102302551	-1420
9.5310292244	-1316
9.53103113174	-1368
9.53104114532	-1420
9.531042099	-1316
9.53113603592	-1420
9.53113818169	-1316
9.5311691761	-1368
9.5313680172	-1420
9.53137111664	-1420
9.53137207031	-1420
9.53137302399	-1212
9.53138804436	543
9.53148722649	-1420
9.53149819374	-1420
9.53149914742	-1420
9.53150105476	-1420
9.53150200844	-1160
9.53163409233	-1420
9.53164601326	-1420
9.53164815903	-1420
9.53164815903	-1420
9.53165006638	-1160
9.53176522255	543
9.53232812881	-1420
9.5323331356	-1420
9.53239917755	-1264
9.53241109848	-1420
9.53241205215	-1316
9.53254508972	543
9.53391504288	-1420
9.53392100334	-1316
9.53394603729	-1368
9.54216814041	543
9.54239416122	1057
9.56458806992	-1420
9.56460309029	-1420
9.56460523605	-1264
9.58691000938	-1420
9.58693313599	-1316
9.58701300621	-1368
9.58709716797	-1420
9.58710002899	-1420
9.58710122108	-1264
9.587485075	-1420
9.58749818802	-1420
9.58753919601	-1264
9.58754205704	-1420
9.58754301071	-1316
9.58764410019	-1420
9.58764815331	-1420
9.58765912056	-1420
9.58766007423	-1212
9.58766102791	-1420
9.58766222	-1316
9.58783602715	-1420
9.58784008026	-1420
9.58784103394	-1264
9.58792805672	-1420
9.58793902397	-1316
9.58794116974	-1420
9.58794212341	-1316
9.58811616898	-1420
9.58812022209	-1420
9.58812117577	-1264
9.58891415596	543
9.58901810646	543
9.5972700119	-1420
9.59727716446	-1420
9.59732413292	-1264
9.59746718407	543
9.59812021255	-1420
9.59812521935	-1316
9.59827518463	-1368
9.59987521172	-1420
9.59991812706	-1316
9.60708403587	-1420
9.60712814331	-1420
9.6071331501	-1420
9.60713505745	-1212
9.60720610619	-1420
9.60722017288	-1420
9.60722208023	-1420
9.60722303391	-1212
9.6073050499	-1420
9.60730719566	-1316
9.60742211342	-1420
9.60742521286	-1420
9.60742616653	-1264
9.60754108429	-1368
9.60771512985	-1368
9.60785102844	-1420
9.60785317421	-1420
9.60785317421	-1420
9.60785412788	-1212
9.60785508156	-1420
9.60785603523	-1420
9.60785603523	-1264
9.60793805122	543
9.60799312592	-1420
9.60799503326	-1420
9.60799503326	-1264
9.60799717903	-1368
9.60816717148	-1420
9.60817122459	-1420
9.60817217827	-1264
9.60817408562	-1368
9.6082110405	543
9.60826516151	-1420
9.60826706886	-1316
9.60834717751	-1420
9.60845708847	-1420
9.60846018791	-1264
9.60846114159	-1420
9.60846209526	-1420
9.60846400261	-1420
9.6084651947	-1212
9.60863018036	-1420
9.60867118835	-1420
9.60870909691	-1264
9.60871100426	-1420
9.60871315002	-1420
9.6087141037	-1420
9.6087141037	-1212
9.60871505737	-1368
9.60898208618	543
9.6105761528	-1420
9.61058211327	-1420
9.6106262207	-1264
9.61072421074	543
9.61129522324	-1420
9.61130023003	-1420
9.6113421917	-1264
9.61140823364	543
9.61715221405	543
9.61990022659	1057
9.62032914162	-1420
9.62033414841	-1420
9.62033605576	-1264
9.62043213844	-1420
9.62043404579	-1316
9.62043499947	-1420
9.62043499947	-1316
9.62053322792	-1420
9.62053513527	-1316
9.62086701393	-1420
9.62087106705	-1420
9.62091112137	-1264
9.62091422081	-1420
9.62091517448	-1316
9.62103199959	-1420
9.6210360527	-1420
9.62103700638	-1420
9.62103819847	-1212
9.62377810478	-1420
9.62378406525	-1420
9.62382602692	-1264
9.62382912636	-1420
9.62383008003	-1316
9.62388706207	-1368
9.62395715714	543
9.62431907654	-1420
9.62432408333	-1316
9.62439322472	-1420
9.62439513206	-1420
9.62439703941	-1264
9.62440013885	-1368
9.62468409538	-1420
9.62468910217	-1420
9.62472820282	-1264
9.62653422356	-688
9.62662220001	1057
9.63345122337	-1420
9.63345623016	-1316
9.63348817825	-1420
9.6334900856	-1420
9.63349223137	-1420
9.63349318504	-1212
9.63367199898	-1420
9.63367509842	-1316
9.63367700577	-1420
9.63367819786	-1420
9.63367915154	-1264
9.63389706612	-1368
9.63390207291	-1368
9.63407111168	-1420
9.63407516479	-1316
9.63411402702	-1420
9.63411617279	-1420
9.63411808014	-1264
9.63421607018	-1420
9.63421916962	-1316
9.63435411453	543
9.63446307182	-1368
9.63571810722	-1420
9.63574504852	-1420
9.63574814796	-1264
9.6359910965	-1420
9.63599610329	-1420
9.63601708412	-1264
9.63601922989	-1368
9.64380717278	-1420
9.64381313324	-1420
9.643846035	-1264
9.64609122276	-1420
9.64616107941	-1420
9.64617204666	-1264
9.64617419243	-1368
9.64728307724	-1420
9.6472890377	-1316
9.64732217789	-1368
9.64743423462	543
9.65348911285	-1420
9.65349602699	-1316
9.65351819992	-1420
9.65352010727	-1316
9.65360808372	-1420
9.65361118317	-1420
9.65361213684	-1420
9.65361309052	-1212
9.6537501812	-1420
9.65375423431	-1420
9.65375518799	-1420
9.65375709534	-1212
9.65397119522	543
9.65410017967	-1420
9.6541030407	-1316
9.65420007706	-1368
9.6543571949	-1420
9.65439915657	-1420
9.65440201759	-1264
9.65446305275	-1420
9.65446615219	-1420
9.65446710587	-1264
9.65446805954	-1420
9.65449023247	-1316
9.65467405319	-1420
9.65467810631	-1420
9.65467905998	-1264
9.65468120575	-1368
9.65479016304	-1420
9.65479421616	-1420
9.65479516983	-1264
9.65500617027	-1420
9.65501022339	-1420
9.65503120422	-1264
9.65511202812	543
9.65517115593	-1420
9.65517115593	-1420
9.6551721096	-1264
9.6552670002	-1420
9.65526914597	-1420
9.65527200699	-1420
9.65527319908	-1212
9.65527415276	-1368
9.65542817116	-1420
9.65543103218	-1420
9.65543222427	-1420
9.65543317795	-1212
9.65580010414	543
9.65615510941	543
9.65640306473	1460
9.65644717216	1460
9.65649318695	193
9.65918302536	-1420
9.65918922424	-1420
9.65919113159	-1264
9.66051101685	-1420
9.66051602364	-1420
9.66057610512	-1264
9.66068720818	543
9.66638422012	-1420
9.66638803482	-1420
9.66639018059	-1420
9.66639113426	-1212
9.66652822495	-1420
9.66653203964	-1420
9.66653323174	-1264
9.66664123535	-1420
9.6666431427	-1316
9.66669821739	-1420
9.66670012474	-1420
9.66670107841	-1264
9.66675519943	-1368
9.66681408882	-1420
9.66681623459	-1316
9.66684007645	-1368
9.66706800461	-1420
9.66707205772	-1420
9.6670730114	-1264
9.66924214363	-1420
9.6692481041	-1316
9.66927313805	-1368
9.66935014725	543
9.66943120956	-1420
9.66943311691	-1316
9.6697010994	-1420
9.66970610619	-1420
9.6697280407	-1264
9.66973114014	-1420
9.66981005669	-1316
9.66987800598	543
9.67036318779	-1420
9.67036819458	-1316
9.67052507401	-1420
9.67052912712	-1316
9.67061901093	-1420
9.67062211037	-1316
9.67073106766	-1420
9.67073512077	-1316
9.68085122108	-1420
9.68086004257	-1420
9.68089818954	-1264
9.68090009689	-1368
9.68104910851	543
9.68111801147	-1420
9.68112111092	-1316
9.68142104149	-1420
9.6814250946	-1316
9.68151116371	-1420
9.68153214455	-1420
9.68153309822	-1264
9.6815340519	-1368
9.68168711662	-1420
9.68169021606	-1420
9.68170022964	-1264
9.68178510666	-1420
9.6817882061	-1420
9.68179821968	-1264
9.68190717697	-1420
9.68190908432	-1420
9.68191003799	-1420
9.68191123009	-1212
9.6820192337	-1420
9.68202209473	-1420
9.6820230484	-1264
9.68211102486	-1420
9.68211317062	-1420
9.6821141243	-1264
9.68227720261	-1368
9.68236017227	543
9.68251514435	543
9.68256521225	-1420
9.6825671196	-1316
9.69486021996	-1368
9.69504523277	-1420
9.69510316849	-1420
9.6951072216	-1420
9.69510817528	-1420
9.69510912895	-1160
9.69548606873	-1420
9.69549202919	-1420
9.6955242157	-1264
9.6974902153	-1420
9.6975440979	-1316
9.69754719734	-1420
9.69754815102	-1316
9.69762420654	-1368
9.69772911072	543
9.69999909401	-1420
9.7000041008	-1420
9.7000451088	-1264
9.70012617111	-1420
9.70012903214	-1316
9.70022821426	-1420
9.70023012161	-1316
9.700289011	-1420
9.70029115677	-1316
9.70032501221	-1368
9.70043516159	-1420
9.70043802261	-1316
9.70055317879	543
9.70803523064	-1420
9.70804405212	-1420
9.7080950737	-1264
9.71062207222	-1420
9.71062612534	-1316
9.71991920471	-1368
9.74254822731	-1420
9.74264121056	-1420
9.74264502525	-1420
9.74264717102	-1212
9.74264812469	-1420
9.74264907837	-1420
9.74265003204	-1264
9.74272418022	-1420
9.74272704124	-1420
9.74272823334	-1264
9.74295902252	-1420
9.74296212196	-1420
9.74296307564	-1264
9.74304318428	-1420
9.7430460453	-1316
9.74304699898	-1420
9.74304819107	-1316
9.7433860302	-1368
9.743735075	-1420
9.74373817444	-1420
9.74374008179	-1420
9.74374103546	-1212
9.74377202988	-1420
9.74377417564	-1420
9.74377608299	-1420
9.74377703667	-1212
9.75094008446	-1420
9.75094914436	-1420
9.75095009804	-1420
9.75095105171	-1420
9.75095319748	-1420
9.75095319748	-1420
9.75095415115	-1420
9.75095510483	-1420
9.75095701218	-1420
9.75095820427	-1420
9.75095820427	-1420
9.75095915794	-780
9.75111413002	543
9.75146722794	543
9.75161719322	543
9.79253721237	-1420
9.7925491333	-1420
9.79259109497	-1420
9.79259419441	-1212
9.79259514809	-1420
9.79259610176	-1420
9.79259705544	-1420
9.7925992012	-1212
9.79272913933	-1420
9.79273319244	-1316
9.79300522804	-1420
9.79300904274	-1316
9.79309201241	-1420
9.79309606552	-1420
9.7930970192	-1264
9.79309821129	-1420
9.79309916496	-1420
9.79310011864	-1420
9.79310107231	-1212
9.79337620735	-1420
9.79338002205	-1420
9.79338216782	-1264
9.79338407516	-1420
9.79338502884	-1420
9.79338717461	-1420
9.79338812828	-1212
9.79341506958	543
9.79346704483	-1420
9.79347014427	-1316
9.79359102249	543
9.7936270237	-1420
9.79362916946	-1316
9.79369306564	-1368
9.79380011559	-1368
9.79400920868	543
9.79942011833	1057
9.80072212219	-1420
9.80072808266	-1420
9.80073022842	-1264
9.80112504959	-1420
9.80114006996	-1420
9.80118203163	-1264
9.80118513107	-1368
9.80128312111	-1420
9.80128622055	-1420
9.80128717422	-1264
9.80137300491	-1420
9.80137705803	-1316
9.80147314072	-1420
9.80148506165	-1420
9.80148720741	-1264
9.80148816109	-1368
9.80159521103	-1420
9.80160808563	-1316
9.80160903931	-1368
9.80173802376	-1420
9.8017411232	-1316
9.80195522308	543
9.80218911171	543
9.80616307259	-1420
9.80616903305	-1420
9.8062441349	-1264
9.80624723434	-1420
9.80624818802	-1420
9.80624914169	-1264
9.80625104904	-1368
9.80636000633	-1420
9.80636310577	-1420
9.80636405945	-1264
9.80646419525	-1368
9.80658721924	-1420
9.80659008026	-1420
9.80659103394	-1264
9.80659222603	-1420
9.8065931797	-1316
9.8067650795	-1420
9.80676913261	-1420
9.80677008629	-1420
9.80677103996	-1212
9.80697011948	-1420
9.80697321892	-1420
9.80697417259	-1264
9.80710315704	-1420
9.80710601807	-1420
9.80710816383	-1420
9.80710911751	-1212
9.80723500252	-1420
9.80724000931	-1420
9.8072412014	-1420
9.80724215508	-1420
9.80724310875	-1160
9.80724406242	-1368
9.80727910995	543
9.80745911598	543
9.80760002136	543
9.81375217438	-1420
9.81375813484	-1316
9.81386709213	-1420
9.81387019157	-1420
9.81387209892	-1264
9.8138730526	-1368
9.81428909302	-1420
9.81429100037	-1316
9.81446313858	-1420
9.8144671917	-1316
9.81456804276	-1368
9.81472206116	-1420
9.81474304199	-1316
9.81474614143	-1420
9.81474709511	-1316
9.814879179	-1420
9.81488108635	-1316
9.8149831295	-1420
9.81498503685	-1420
9.81498622894	-1264
9.81509709358	-1368
9.81540203094	543
9.81892800331	-1420
9.81893706322	-1420
9.81898212433	-1264
9.81898403168	-1420
9.81898522377	-1420
9.81898713112	-1264
9.81909012794	-1368
9.83744907379	-1368
9.83751821518	-1420
9.83752202988	-1316
9.8376121521	-1368
9.83773112297	-1420
9.83773422241	-1420
9.83774423599	-1264
9.83774614334	-1420
9.83774614334	-1420
9.83774805069	-1264
9.83784723282	-1368
9.83797216415	-1420
9.83797502518	-1420
9.83797621727	-1264
9.83798623085	-1420
9.83798718452	-1420
9.8379881382	-1420
9.83798909187	-1212
9.83808112144	-1420
9.83808302879	-1316
9.83808517456	-1368
9.83822512627	-1420
9.83822822571	-1420
9.83822917938	-1264
9.83827900887	-1420
9.83828115463	-1420
9.83828210831	-1264
9.83842420578	543
9.83846020699	-1420
9.83846211433	-1420
9.83846306801	-1264
9.83850812912	-1420
9.83851003647	-1420
9.83851218224	-1420
9.83851313591	-1212
9.83855199814	-1368
9.83867716789	-1368
9.83880615234	-1420
9.83881020546	-1420
9.83881115913	-1420
9.83881211281	-1212
9.83881306648	-1420
9.83881402016	-1420
9.83881521225	-1264
9.8389070034	-1420
9.83891010284	-1316
9.8390610218	-1420
9.83906507492	-1420
9.83906602859	-1264
9.83915114403	-1420
9.83915519714	-1420
9.83915615082	-1264
9.83915710449	-1420
9.83915805817	-1316
9.83924913406	-1368
9.83945918083	543
9.83986020088	543
9.83994102478	543
9.85056018829	-1420
9.85058307648	-1420
9.85063099861	-1264
9.85063409805	-1368
9.85074615479	-1420
9.8507502079	-1420
9.85075116158	-1264
9.85087800026	-1420
9.8508810997	-1420
9.85088205338	-1264
9.85092020035	-1420
9.85092115402	-1420
9.8509221077	-1264
9.85103917122	-1420
9.85104203224	-1420
9.85104322433	-1264
9.85126399994	-1420
9.85126709938	-1316
9.85126805305	-1420
9.85127019882	-1420
9.8512711525	-1264
9.85129904747	-1420
9.85130119324	-1316
9.85143518448	-1420
9.8514380455	-1420
9.85144019127	-1264
9.85150718689	-1420
9.85151004791	-1420
9.85151100159	-1264
9.85164999962	-1420
9.85165405273	-1420
9.85165500641	-1264
9.85168504715	-1420
9.85168719292	-1420
9.85168814659	-1264
9.85170817375	543
9.85179710388	-1368
9.85193300247	543
9.85199213028	-1420
9.85199403763	-1420
9.85199522972	-1420
9.8519961834	-1420
9.8519961834	-1420
9.85199713707	-1420
9.85199904442	-1056
9.85209703445	-1420
9.8521001339	-1316
9.85279417038	543
9.85300803185	543
9.86448812485	-1420
9.86449623108	-1420
9.86457109451	-1264
9.86458301544	-1420
9.86458516121	-1420
9.86458611488	-1264
9.86458706856	-1420
9.86458802223	-1316
9.86472415924	543
9.86483407021	-1420
9.86483812332	-1420
9.864839077	-1264
9.86493206024	-1420
9.86493515968	-1316
9.8728260994	-1294
9.88619017601	-1420
9.88625502586	-1316
9.88626909256	-1420
9.88627004623	-1420
9.88627099991	-1264
9.88627314568	-1368
9.88642716408	-1420
9.88643121719	-1420
9.88643217087	-1264
9.88652014732	-1420
9.88652420044	-1316
9.88659620285	-1420
9.88659906387	-1420
9.88660001755	-1264
9.88660120964	-1368
9.88676214218	-1420
9.8867661953	-1420
9.88676714897	-1264
9.88688921928	-1420
9.88689208031	-1420
9.88689303398	-1264
9.88689422607	-1368
9.8869972229	-1420
9.88700008392	-1420
9.88700222969	-1264
9.88702821732	-1420
9.88702917099	-1420
9.88703012466	-1264
9.88717317581	-1420
9.88717722893	-1420
9.8871781826	-1264
9.88730311394	-1420
9.88730716705	-1316
9.88730812073	-1420
9.8873090744	-1316
9.88751602173	-1368
9.88766503334	543
9.88783311844	543
9.88837409019	543
9.89281821251	-1420
9.89282417297	-1420
9.89288306236	-1420
9.8928861618	-1212
9.89783215523	-1420
9.89783811569	-1420
9.89788508415	-1264
9.89801311493	543
9.89805603027	-1420
9.89805817604	-1420
9.89806008339	-1264
9.89806008339	-1420
9.89806103706	-1316
9.89806222916	-1368
9.89821505547	-1420
9.89821910858	-1420
9.89822006226	-1264
9.89833712578	543
9.89924120903	-1420
9.89924621582	-1316
9.89935112	-1420
9.89935421944	-1420
9.89935517311	-1264
9.89942908287	-1368
9.89962911606	-1420
9.89963316917	-1420
9.89963412285	-1264
9.93200802803	-1420
9.93202519417	-1316
9.93228816986	-1420
9.93229222298	-1420
9.93231105804	-1420
9.93231320381	-1212
9.9324760437	-1420
9.93247914314	-1420
9.93248009682	-1420
9.9324901104	-1420
9.93249106407	-1160
9.93260407448	-1420
9.93260717392	-1316
9.93260717392	-1420
9.93260812759	-1316
9.93269300461	543
9.93836903572	-1368
9.94540715218	-1368
9.97526717186	-1420
9.97527909279	-1316
9.97550201416	543
9.97696614265	-1420
9.97697114944	-1420
9.97697210312	-1264
9.97709321976	-1420
9.97709703445	-1420
9.97709822655	-1264
9.97718214989	-1368
9.97727513313	-1368
9.97738313675	-1368
9.97794222832	-1420
9.97798514366	-1420
9.97798800468	-1264
9.97812509537	-1420
9.97812914848	-1316
9.97820210457	-1368
9.97851014137	-1420
9.97855210304	-1420
9.97855520248	-1264
9.97867822647	-1420
9.97868204117	-1420
9.97868323326	-1264
9.97886300087	-1420
9.97886705399	-1316
9.97896122932	-1368
9.97914719582	543
9.97928309441	-1420
9.9792881012	-1420
9.97929000854	-1264
9.97931909561	-1368
9.97940921783	-1420
9.97941207886	-1316
9.98638010025	-1420
9.98638510704	-1420
9.98643302917	-1264
9.98832011223	-1420
9.98832511902	-1316
9.98832702637	-1368
9.98852705956	543
9.98931717873	-1420
9.98932218552	-1420
9.98932409286	-1264
9.98940420151	-1420
9.98940706253	-1420
9.9894080162	-1264
9.98943710327	-1368
9.98953700066	-1420
9.98954105377	-1316
9.98975920677	543
9.98989009857	-1420
9.98989415169	-1420
9.98989510536	-1264
9.98994112015	-1420
9.9899430275	-1420
9.98994421959	-1420
9.98994517326	-1212
9.98997306824	-1420
9.989975214	-1316
9.99010300636	-1420
9.99010515213	-1420
9.9901061058	-1264
9.99024319649	-1420
9.99024605751	-1420
9.99024701118	-1264
9.99034810066	-1420
9.99035215378	-1316
9.9903922081	-1368
9.99095201492	-1420
9.99095606804	-1316
9.99108099937	-1420
9.99108409882	-1420
9.99108505249	-1264
9.99111104012	-1368
9.99172210693	-1420
9.99172520638	-1420
9.99172616005	-1264
9.9918282032	-1420
9.99183011055	-1316
9.99186015129	-1368
9.99199008942	-1420
9.99199223518	-1316
9.99208521843	-1420
9.99208712578	-1420
9.99208807945	-1264
9.99225902557	-1420
9.99226212502	-1316
9.99288320541	-1420
9.99288511276	-1420
9.99288606644	-1420
9.99288702011	-1420
9.99288702011	-1160
9.99318218231	543
9.99326920509	543
9.99343919754	543
10.000590086	-1420
10.0005981922	-1420
10.0006420612	-1264
10.0026760101	-1420
10.0027070045	-1316
10.0027821064	-1368
10.0029680729	-1420
10.0029711723	-1420
10.0029730797	-1264
10.0030550957	-1420
10.003057003	-1420
10.0030581951	-1264
10.0032200813	-1420
10.0032231808	-1420
10.0032231808	-1264
10.0033290386	-1420
10.0033330917	-1420
10.0033340454	-1264
10.0034401417	543
10.0034730434	-1420
10.0034751892	-1316
10.0036392212	-1368
10.0036430359	-1420
10.003644228	-1420
10.0036451817	-1264
10.0039250851	-1368
10.0040421486	543
10.0066850185	-54
10.0216941833	-1420
10.0218091011	-1420
10.0218122005	-1264
10.0218360424	-1420
10.0218372345	-1420
10.0218381882	-1264
10.0218391418	-1368
10.0218400955	-1420
10.0218410492	-1316
10.022105217	-1420
10.0221071243	-1420
10.022108078	-1264
10.0222780704	-1420
10.0223121643	-1420
10.022313118	-1264
10.0223140717	-1368
10.0223741531	-1420
10.0223770142	-1316
10.0224981308	-1420
10.0225012302	-1420
10.0225031376	-1420
10.0225040913	-1212
10.0226740837	-1420
10.0226762295	-1420
10.0226771832	-1264
10.0228590965	-1368
10.0229821205	-1420
10.0229840279	-1420
10.0229861736	-1264
10.0229871273	-1420
10.0229871273	-1420
10.022988081	-1264
10.023026228	-1420
10.0230281353	-1316
10.0231311321	-1368
10.0232422352	543
10.0235190392	543
10.0239281654	543
10.0308480263	-1368
10.0308651924	-1368
10.0312411785	-1368
10.0313661098	-1420
10.031388998	-1420
10.0313911438	-1264
10.0315032005	-1420
10.0315060616	-1420
10.0315070152	-1264
10.0316030979	-1420
10.031607151	-1316
10.031648159	-1368
10.0317411423	-1420
10.0317440033	-1316
10.0318050385	-1420
10.0318081379	-1420
10.0318090916	-1264
10.0319461823	-1420
10.0319502354	-1316
10.0320770741	-1368
10.0336902142	543
10.0338361263	543
10.0351450443	-1420
10.0351500511	-1420
10.0351741314	-1264
10.0351760387	-1368
10.0352840424	-1420
10.0352880955	-1420
10.0352890491	-1264
10.0354130268	-1420
10.0354151726	-1420
10.0354161263	-1264
10.035446167	-1368
10.0355601311	-1420
10.0355620384	-1420
10.0355632305	-1264
10.0356051922	-1368
10.0357100964	-1420
10.0357120037	-1316
10.0357401371	-1368
10.0359470844	-1368
10.049282074	-1420
10.0493252277	-1420
10.0493872166	-1264
10.0493922234	-1420
10.049393177	-1316
10.0497112274	-1420
10.0497140884	-1420
10.0497250557	-1264
10.0497691631	-1420
10.0497710705	-1316
10.0498800278	-1368
10.0498831272	-1420
10.0498840809	-1316
10.0500462055	-1420
10.0500481129	-1420
10.0500490665	-1264
10.0500500202	-1368
10.05017519	-1420
10.0501770973	-1420
10.050178051	-1264
10.0502221584	-1420
10.0502240658	-1420
10.0502240658	-1264
10.0503520966	-1420
10.0503561497	-1420
10.0503571033	-1264
10.0503871441	-1420
10.0503890514	-1420
10.0503900051	-1420
10.0503911972	-1212
10.0505151749	543
10.0505661964	-1420
10.0505681038	-1420
10.0505690575	-1264
10.0505900383	-1368
10.0506792068	-1420
10.0506811142	-1316
10.0510652065	543
10.0512712002	543
10.0625441074	-1420
10.062554121	-1420
10.0625920296	-1264
10.0765612125	-1420
10.0766391754	-1420
10.0766441822	-1420
10.0766460896	-1212
10.0766470432	-1420
10.0766482353	-1420
10.076649189	-1264
10.0766501427	-1368
10.0768520832	543
10.0769190788	-1368
10.077009201	543
10.0770602226	-1420
10.07706213	-1420
10.0770630836	-1264
10.0770630836	-1368
10.0770661831	-1420
10.0770661831	-1420
10.0770671368	-1264
10.0771582127	-1368
10.0774080753	-1420
10.0774590969	-1420
10.0774621964	-1420
10.07746315	-1420
10.0774650574	-1160
10.077466011	-1420
10.0774672031	-1316
10.0774681568	-1368
10.0775542259	-1420
10.0775570869	-1420
10.0775570869	-1420
10.0775671005	-1212
10.0777020454	-1420
10.0777041912	-1420
10.0777051449	-1420
10.0777060986	-1212
10.0777070522	-1368
10.0778210163	543
10.0784711838	543
10.0790071487	-1420
10.0790131092	-1420
10.0790350437	-1264
10.0791320801	-1420
10.0791740417	-1420
10.0791761875	-1264
10.0792322159	-1420
10.0792350769	-1316
10.0793862343	-1420
10.0793890953	-1420
10.0793910027	-1264
10.0794401169	-1420
10.0794420242	-1420
10.0794432163	-1264
10.0795891285	-1420
10.0795931816	-1420
10.079595089	-1264
10.07964921	-1420
10.079652071	-1316
10.0800561905	543
10.0803451538	543
10.0897800922	-1368
10.0900001526	-1420
10.0900621414	-1420
10.0900650024	-1264
10.0901041031	-1420
10.0901050568	-1316
10.0901060104	-1420
10.0901081562	-1420
10.0901091099	-1264
10.0902290344	-1420
10.0902321339	-1316
10.0902321339	-1368
10.090318203	-1420
10.090321064	-1420
10.0903232098	-1420
10.0903241634	-1212
10.0904181004	-1420
10.090419054	-1316
10.0905561447	-1420
10.0905590057	-1420
10.0905601978	-1264
10.1251711845	-1420
10.1251811981	-1420
10.1252331734	-1264
10.1272990704	-473
10.1432170868	-1420
10.1432461739	-1420
10.1432480812	-1420
10.1432490349	-1420
10.1432511806	-1160
10.1433050632	-1420
10.143307209	-1420
10.1433081627	-1264
10.1433091164	-1420
10.14331007	-1316
10.1434230804	-1368
10.1435480118	543
10.1437602043	-1420
10.1437630653	-1420
10.1437652111	-1420
10.1437740326	-1420
10.1437752247	-1160
10.143871069	-1368
10.1439390182	543
10.1440951824	-1420
10.1441001892	-1420
10.1441440582	-1420
10.144146204	-1420
10.1441471577	-1160
10.1441500187	-1368
10.1441512108	-1420
10.1441521645	-1316
10.1443550587	-1420
10.1443572044	-1420
10.1443581581	-1420
10.1444470882	-1420
10.144449234	-1160
10.1444501877	-1420
10.1444511414	-1316
10.1445012093	-1368
10.1446380615	543
10.1512060165	-1420
10.1512300968	-1420
10.1512711048	-1264
10.1710932255	-1420
10.1711521149	-1420
10.171156168	-1420
10.1711571217	-1212
10.1711580753	-1420
10.1711680889	-1316
10.1711690426	-1368
10.1712651253	-1420
10.1712670326	-1316
10.1712682247	-1420
10.1713252068	-1316
10.1713261604	-1368
10.1714930534	543
10.1716680527	543
10.1717231274	-1420
10.1717250347	-1316
10.171790123	-1420
10.1717910767	-1420
10.1717920303	-1264
10.1719100475	-1420
10.1719121933	-1420
10.171913147	-1420
10.171913147	-1212
10.1719141006	-1420
10.1719150543	-1420
10.1719150543	-1420
10.171916008	-1212
10.1719870567	-1368
10.1720981598	-1420
10.1721010208	-1420
10.1721022129	-1264
10.1721901894	-1420
10.1721920967	-1420
10.1721930504	-1420
10.1721930504	-1212
10.1721940041	-1368
10.1723761559	543
10.1733140945	-1420
10.1733181477	-1420
10.173358202	-1264
10.1734311581	1057
10.1735060215	543
10.1803781986	1057
10.1884222031	-1420
10.1884300709	-1420
10.1884322166	-1264
10.189522028	-1420
10.1895282269	-1420
10.1895711422	-1264
10.1896660328	543
10.1897211075	-1420
10.1897640228	-1420
10.1897671223	-1264
10.1897702217	-1368
10.1899161339	-1368
10.1899302006	-1368
10.1900072098	-1420
10.1900100708	-1316
10.1900651455	-1420
10.1900670528	-1316
10.1901051998	-1368
10.1902441978	-1420
10.1902470589	-1420
10.1902492046	-1264
10.1903641224	-1368
10.1908431053	-1420
10.1908681393	-1420
10.1908700466	-1264
10.1909370422	-1368
10.1909730434	-1420
10.1909751892	-1316
10.191119194	-1420
10.1911220551	-1420
10.1911230087	-1264
10.19120121	-1368
10.1912541389	543
10.1913051605	-1420
10.1913070679	-1420
10.1913070679	-1264
10.1913750172	-1368
10.2025442123	-1420
10.2026162148	-1420
10.2026200294	-1264
10.2038710117	543
10.2158260345	-1420
10.2158410549	-1420
10.2158432007	-1264
10.2159562111	-1368
10.2160630226	-1420
10.2160661221	-1420
10.2160670757	-1420
10.2160680294	-1420
10.2160692215	-1160
10.2160792351	-1368
10.2162530422	-1420
10.216255188	-1420
10.2162561417	-1420
10.216258049	-1212
10.2163360119	-1420
10.2163381577	-1420
10.2163991928	-1420
10.2164030075	-1212
10.2165060043	-1420
10.2165081501	-1420
10.2165091038	-1264
10.2165682316	-1368
10.2166380882	-1368
10.216725111	-1368
10.2167270184	-1420
10.2167282104	-1316
10.2168331146	-1420
10.2168362141	-1420
10.2168381214	-1264
10.2168741226	543
10.216930151	-1420
10.2169320583	-1316
10.2170591354	-1420
10.2170622349	-1420
10.2170631886	-1264
10.2170910835	-1368
10.2172150612	-1420
10.2172181606	-1420
10.217220068	-1264
10.2172501087	-1368
10.2173120975	-1420
10.2173140049	-1316
10.2174360752	-1420
10.2174391747	-1420
10.217441082	-1264
10.2174680233	-1368
10.2175731659	-1420
10.217577219	-1420
10.2175781727	-1264
10.2176060677	-1420
10.2176082134	-1316
10.2177131176	-1420
10.2177171707	-1316
10.2177460194	543
10.2179610729	543
10.2181620598	543
10.2182781696	543
10.2283091545	-1420
10.2283201218	-1420
10.2283670902	-1264
10.2283701897	-1368
10.228946209	-1420
10.2289590836	-1420
10.2290000916	-1420
10.2290019989	-1212
10.229003191	-1368
10.2294061184	-1420
10.2294111252	-1420
10.2294502258	-1264
10.2294521332	-1368
10.229514122	-1420
10.2295160294	-1420
10.2295660973	-1264
10.2295680046	-1420
10.2295701504	-1420
10.229571104	-1264
10.2297081947	-1420
10.2297110558	-1420
10.2297120094	-1420
10.2297132015	-1212
10.2297141552	-1368
10.2297811508	-1368
10.2478611469	-183
10.2716622353	-1420
10.2716801167	-1420
10.2716832161	-1264
10.274613142	-1420
10.2746191025	-1420
10.2746710777	-1264
10.2747421265	543
10.2748060226	-1420
10.2748091221	-1316
10.2748382092	-1368
10.2749941349	-1420
10.2749972343	-1316
10.2750380039	-1368
10.2750601768	543
10.2753620148	-1420
10.2753670216	-1420
10.2753891945	-1264
10.2761170864	-1420
10.276140213	-1316
10.2763221264	-1420
10.2763421535	-1316
10.2763450146	-1368
10.2764971256	-1420
10.2765002251	-1420
10.2765011787	-1264
10.2766721249	-1420
10.2766752243	-1316
10.2766771317	-1420
10.2766780853	-1316
10.2767860889	-1420
10.2767891884	-1316
10.2768731117	-1420
10.2768750191	-1420
10.2769620419	-1264
10.2770180702	-1420
10.277020216	-1420
10.2770221233	-1264
10.277121067	-1368
10.2771551609	543
10.2772600651	-1368
10.2773132324	-1368
10.2773721218	-1368
10.2774181366	-1420
10.277421236	-1316
10.2774381638	543
10.2775480747	-1420
10.2775511742	-1316
10.2776081562	-1420
10.2776100636	-1316
10.2777311802	-1420
10.2777352333	-1420
10.277736187	-1264
10.2778441906	-1368
10.2778460979	-1420
10.2778470516	-1316
10.27800107	-1420
10.2780051231	-1420
10.2780070305	-1264
10.2783420086	543
10.2784311771	543
10.2874472141	-1420
10.2874631882	-1420
10.2875201702	-1264
10.2877950668	-1420
10.2877991199	-1420
10.2878000736	-1264
10.2880711555	-1420
10.2880752087	-1420
10.2880761623	-1264
10.2881951332	543
10.2882790565	-1368
10.2884161472	-1420
10.2884202003	-1420
10.288421154	-1264
10.2885150909	-1420
10.2885181904	-1316
10.2886490822	-1368
10.2895350456	-1420
10.2895591259	-1420
10.2895622253	-1264
10.2896201611	-1368
10.2897050381	-1420
10.2897081375	-1420
10.2897100449	-1264
10.2898421288	-1368
10.2898452282	-1368
10.2899420261	-1420
10.2899460793	-1316
10.2899940014	-1368
10.2901291847	543
10.2903110981	-1420
10.2903151512	-1420
10.2903521061	-1264
10.2903540134	-1420
10.2903552055	-1316
10.2904641628	-1420
10.2904682159	-1420
10.2904691696	-1264
10.2905321121	-1368
10.2905681133	-1420
10.2905712128	-1316
10.2906792164	-1420
10.2906811237	-1420
10.2906820774	-1264
10.2907311916	-1368
10.290802002	543
10.2908360958	-1420
10.2908380032	-1420
10.2908391953	-1264
10.2909471989	-1420
10.2909500599	-1420
10.2909510136	-1264
10.2910630703	-1420
10.2910661697	-1420
10.2910680771	-1264
10.2911930084	-1420
10.2911961079	-1420
10.2911980152	-1264
10.2915461063	543
10.3006021976	-1368
10.3008010387	-1420
10.3008430004	-1420
10.3008460999	-1420
10.3008480072	-1212
10.3008491993	-1368
10.3096520901	-1420
10.3096601963	-1316
10.3107202053	-1420
10.3107261658	-1420
10.3108022213	-1264
10.3108050823	-1420
10.310806036	-1420
10.3108072281	-1264
10.3109841347	-1420
10.3109872341	-1420
10.3109891415	-1264
10.3110661507	-1420
10.3110690117	-1316
10.3110702038	-1420
10.3110802174	-1420
10.311081171	-1264
10.3111050129	1057
10.3112230301	-1368
10.3112251759	-1420
10.3112261295	-1420
10.3112270832	-1420
10.3112280369	-1212
10.3113491535	-1420
10.3113532066	-1316
10.3114261627	-1420
10.3114290237	-1316
10.3115510941	-1420
10.3115541935	-1420
10.3115561008	-1264
10.3116500378	-1420
10.3116531372	-1316
10.3117132187	-1420
10.3117160797	-1316
10.3118190765	-1420
10.3118231297	-1420
10.3118240833	-1264
10.3137381077	543
10.3148620129	-1420
10.3148682117	-1420
10.3149092197	-1264
10.3533670902	-1420
10.3534162045	-1420
10.3534190655	-1420
10.3534212112	-1420
10.3534221649	-1160
10.3537302017	543
10.3538551331	-1420
10.3538601398	-1420
10.3538620472	-1264
10.3539571762	-1420
10.3539612293	-1420
10.353962183	-1264
10.3540351391	-1420
10.3540380001	-1316
10.354211092	-1420
10.3542141914	-1420
10.3542151451	-1264
10.3543100357	-1420
10.3543121815	-1420
10.3543121815	-1264
10.3543131351	-1420
10.3543140888	-1316
10.3544330597	543
10.3544661999	-1368
10.3556680679	-1368
10.3557481766	-1420
10.3557522297	-1316
10.3558590412	-1420
10.355861187	-1316
10.3558940887	-1368
10.3559770584	-1420
10.3559820652	-1316
10.3561460972	-1368
10.3561491966	-1420
10.3561501503	-1316
10.3562910557	-1420
10.3562941551	-1316
10.3568730354	543
10.363656044	-1420
10.3637192249	-1420
10.3637940884	-1264
10.363833189	-1420
10.3638350964	-1420
10.36383605	-1264
10.3638460636	-1420
10.3638470173	-1420
10.3638482094	-1264
10.3639340401	-1420
10.3639361858	-1420
10.3639371395	-1264
10.3641932011	543
10.3642430305	-1368
10.3642921448	-1368
10.3643810749	-1420
10.3643832207	-1420
10.3643841743	-1420
10.364385128	-1420
10.3643860817	-1420
10.3643860817	-1108
10.3644890785	-1368
10.3645501137	543
10.3666021824	-1420
10.3666081429	-1420
10.3666419983	-1264
10.366697073	-1420
10.3666992188	-1420
10.3667011261	-1264
10.3921411037	-205
10.4016301632	-1420
10.4017300606	-1420
10.4017341137	-1264
10.401736021	-1420
10.4017372131	-1316
10.4017381668	-1420
10.4017591476	-1316
10.4019570351	-1420
10.4019610882	-1420
10.4019620419	-1264
10.4020941257	-1420
10.4020960331	-1316
10.4020972252	-1368
10.4021940231	-1420
10.4021961689	-1316
10.4021971226	-1368
10.4023170471	-1420
10.4023191929	-1316
10.4025330544	543
10.4030871391	543
10.4080240726	-1368
10.4081110954	-1420
10.4081141949	-1316
10.4443051815	-1368
10.4454760551	-1420
10.4455342293	-1420
10.4455370903	-1264
10.445538044	-1420
10.4455392361	-1316
10.4457190037	543
10.4457771778	-1420
10.4457790852	-1420
10.4457800388	-1264
10.4459080696	-1420
10.4459121227	-1316
10.4460921288	543
10.4478671551	-1420
10.4478721619	-1316
10.4479141235	-1368
10.4571740627	-1368
10.4740140438	-1420
10.4740300179	-1420
10.4740760326	-1264
10.4740791321	-1420
10.4740800858	-1420
10.4740810394	-1420
10.4740822315	-1212
10.474211216	-1420
10.4742131233	-1420
10.474214077	-1420
10.4742150307	-1212
10.4743421078	-1368
10.4746592045	-1368
10.4873042107	-1420
10.4873220921	-1420
10.4873781204	-1264
10.4938981533	-1420
10.493953228	-1420
10.4939570427	-1264
10.494092226	-1420
10.4940960407	-1316
10.4941930771	-1420
10.4941961765	-1316
10.494423151	1057
10.4945321083	-1420
10.4945340157	-1420
10.4945352077	-1264
10.4948182106	-1368
10.4948651791	-1368
10.4950580597	-1368
10.4950621128	-1420
10.4951000214	-1420
10.4951021671	-1264
10.4953382015	-1420
10.4953432083	-1420
10.4953830242	-1264
10.49538517	-1368
10.4955921173	-1420
10.4955971241	-1316
10.5038640499	-1420
10.5038762093	-1420
10.5039272308	-1264
10.5039300919	-1368
10.5044322014	-1420
10.5044360161	-1420
10.5044372082	-1420
10.5044381618	-1212
10.5045070648	-1420
10.5045101643	-1420
10.5045111179	-1264
10.5046801567	-1420
10.5046830177	-1420
10.5046851635	-1264
10.5047571659	-1420
10.5047600269	-1316
10.5065050125	-1420
10.506508112	-1420
10.5065090656	-1264
10.5099971294	543
10.5124380589	543
10.5132551193	543
10.5203061104	-1420
10.5203142166	-1420
10.520316124	-1420
10.5203170776	-1212
10.5203971863	-1420
10.52039814	-1420
10.5203990936	-1264
10.5205411911	543
10.5206661224	-1420
10.5206670761	-1420
10.5206692219	-1420
10.5206701756	-1212
10.5207850933	543
10.5208470821	-1420
10.5208492279	-1420
10.5208501816	-1420
10.5208611488	-1212
10.521490097	-1420
10.5214951038	-1420
10.5215342045	-1420
10.5215370655	-1212
10.5221600533	-444
10.5333712101	-1420
10.5334222317	-1316
10.5513491631	-1420
10.5514171124	-1420
10.5514221191	-1264
10.5514230728	-1368
10.5516250134	543
10.5520441532	-1420
10.5520582199	-1420
10.5520601273	-1420
10.5520610809	-1420
10.5520620346	-1420
10.5520632267	-1420
10.5520641804	-1056
10.552065134	-1368
10.5524060726	-1420
10.5524120331	-1420
10.5524511337	-1264
10.5634951591	-1420
10.5635471344	-1420
10.5635511875	-1264
10.5977780819	-1420
10.5978062153	-1420
10.5979042053	-1420
10.5979070663	-1212
10.59790802	-1420
10.5979092121	-1316
10.5979101658	-1420
10.5979111195	-1420
10.5979120731	-1264
10.5979130268	-1368
10.5981090069	-1420
10.5981211662	-1420
10.5981221199	-1420
10.5981230736	-1212
10.5983150005	-1420
10.5983171463	-1420
10.5983181	-1420
10.5983190536	-1420
10.5983200073	-1160
10.5983951092	-1420
10.5983970165	-1316
10.5985171795	-1420
10.5985291004	-1420
10.5985300541	-1420
10.5985310078	-1212
10.598552227	543
10.5985901356	-1420
10.5986571312	-1420
10.5986602306	-1264
10.5986640453	-1368
10.5987420082	-1420
10.598744154	-1420
10.598744154	-1264
10.5988020897	-1420
10.5988042355	-1316
10.598927021	543
10.5992190838	543
10.6067180634	-1420
10.6067302227	-1420
10.6067790985	-1264
10.6282541752	-1420
10.6283481121	-1420
10.6283521652	-1420
10.6283540726	-1212
10.6283640862	-1420
10.6283650398	-1316
10.6284861565	-1420
10.6284890175	-1420
10.6284890175	-1264
10.6284902096	-1368
10.6286351681	-1420
10.6286380291	-1420
10.6286380291	-1420
10.6286392212	-1212
10.6287260056	543
10.6287710667	-1420
10.6287732124	-1420
10.6287741661	-1420
10.6287751198	-1212
10.6289582253	543
10.6300890446	-1420
10.6300940514	-1420
10.6301162243	-1264
10.6424570084	-1420
10.6425170898	-1316
10.6431801319	-1420
10.6432030201	-1316
10.6432771683	543
10.6434020996	-1420
10.6434061527	-1420
10.6434080601	-1264
10.6435720921	-1420
10.6435830593	-1420
10.6436212063	-1420
10.6436240673	-1212
10.643625021	-1420
10.6436262131	-1316
10.6437110901	-1368
10.643805027	-1420
10.6438081264	-1420
10.6438090801	-1264
10.6438791752	-1420
10.6438920498	-1316
10.6440711021	543
10.6540031433	-599
10.6911230087	-1368
10.6913042068	-1420
10.6913080215	-1420
10.6913900375	-1420
10.691393137	-1212
10.6913950443	-1420
10.691395998	-1420
10.6913971901	-1264
10.6913990974	-1420
10.6914000511	-1316
10.6915831566	-1420
10.6915950775	-1420
10.6915972233	-1420
10.6915991306	-1212
10.6917021275	543
10.6924040318	-1420
10.6924090385	-1420
10.6924490929	-1264
10.7027821541	-1420
10.7028551102	-1420
10.7028691769	-1264
10.7030000687	-1420
10.7030031681	-1316
10.7030611038	-1420
10.7030720711	-1420
10.7030742168	-1420
10.7030751705	-1212
10.7030761242	-1420
10.7030770779	-1316
10.7032082081	-1420
10.7032191753	-1316
10.7033550739	-1420
10.7033572197	-1420
10.703359127	-1264
10.7036950588	543
10.7066860199	-1420
10.7066910267	-1420
10.7067332268	-1264
10.7068121433	543
10.7367231846	-1368
10.7849230766	-1420
10.784938097	-1420
10.7849400043	-1264
10.785033226	-1420
10.7850441933	-1420
10.7850451469	-1264
10.7857751846	-1420
10.7857801914	-1420
10.7858421803	-1264
10.7858450413	-1420
10.7858462334	-1316
10.785847187	-1368
10.7860081196	-1420
10.786011219	-1316
10.786080122	-1420
10.7860820293	-1316
10.7863001823	-1420
10.7863042355	-1316
10.7864251137	-1420
10.7864291668	-1420
10.7864301205	-1264
10.7865300179	543
10.786907196	543
10.7871091366	-1420
10.7871141434	-1316
10.8119790554	-1233
10.8285322189	-1420
10.8285801411	-1316
10.8322892189	-1420
10.8323352337	-1316
10.8325231075	-1420
10.8326101303	-1316
10.8326230049	-1420
10.832624197	-1420
10.8326251507	-1264
10.8326261044	-1420
10.832627058	-1316
10.8328280449	-1420
10.8328311443	-1420
10.832832098	-1264
10.8328821659	-1420
10.8328840733	-1316
10.8329591751	-1368
10.8330712318	-1420
10.8330750465	-1316
10.8331961632	-1420
10.8332002163	-1316
10.8333251476	543
10.8334720135	543
10.8344731331	-1420
10.8344781399	-1420
10.8345210552	-1264
10.8851611614	-1420
10.8851790428	-1316
10.9491810799	-876
11.1420021057	-1057
11.1473331451	1460
11.1474092007	625
11.1525421143	1460
11.1526072025	625
11.1600530148	543
11.3027191162	1460
11.3028120995	111
11.4674530029	-1057
11.4823961258	543
11.4826841354	543
11.5081181526	-1420
11.5081341267	-1316
11.5128281116	-1420
11.5128381252	-1420
11.5128860474	-1264
11.513023138	543
11.516988039	-1368
11.6280920506	-675
11.628660202	1460
11.6287112236	1139
11.6500620842	1460
11.650149107	1460
11.6501920223	707
11.7881290913	-1057
11.7885792255	543
11.9481720924	-543
11.954898119	-1420
11.9549400806	-1316
12.0689821243	-920
12.0701520443	543
12.0716700554	543
12.1896550655	-543
12.2471570969	-1420
12.2471840382	-1316
12.2471871376	-1368
12.2477190495	1460
12.24776721	111
12.3480260372	-95
12.3481931686	543
12.464097023	-1368
12.4688091278	-1260
12.4703290462	1057
12.6445012093	1460
12.6445970535	1460
12.6446502209	707
12.6678152084	543
12.7045190334	-543
12.9037721157	-543
12.9947152138	-1420
12.994852066	-1420
12.9948921204	-1264
12.9949281216	-1420
12.9949891567	-1420
12.995041132	-1264
12.9950752258	-1368
12.9951090813	-1420
12.9951431751	-1420
12.9951791763	-1420
12.9952142239	-1212
12.9952502251	-1420
12.9952850342	-1420
12.995319128	-1264
12.9953532219	-1368
12.9956221581	543
12.9999032021	-1420
12.9999091625	-1420
12.9999601841	-1264
13.0000851154	543
13.0238711834	1057
13.0429890156	-1420
13.0430150032	-1316
13.0639901161	-259
13.0828440189	543
13.2251961231	-543
13.4762661457	-543
13.5026221275	-1368
13.5484530926	-1368
13.6233081818	-406
