0	-543
0.43780708313	543
0.43791103363	543
3.79294395447	543
3.82255506516	543
4.02208995819	-543
4.18841409683	-543
4.29965114594	-543
4.31289792061	1057
4.53223800659	-543
4.53443193436	-1420
4.53447413445	-1316
4.61234211922	-891
4.6507499218	-1057
4.65301299095	543
4.6600959301	543
4.6605629921	543
4.66079306602	543
4.6723780632	543
4.85918712616	-543
5.03195095062	-543
5.04539012909	-1420
5.04545211792	-1420
5.04549098015	-1264
5.08374404907	-66
5.12206101418	-1057
5.12406802177	543
5.12588095665	543
5.12989592552	543
5.16061496735	-1057
5.35458493233	-543
5.47450208664	-543
5.66024494171	-1057
5.66128802299	543
6.01497507095	-1368
6.01546192169	-717
6.04080295563	1057
7.04451608658	-543
7.68206596375	-543
7.8007850647	-1368
7.8612511158	-1368
8.00401592255	-949
8.00613212585	543
8.00804400444	543
8.01933503151	543
8.99896597862	-543
9.27542996407	-543
9.66493296623	543
9.66518902779	543
9.94563508034	-543
9.97662496567	-543
10.0358951092	1057
10.1572520733	-543
11.0316860676	-543
11.2138531208	-543
11.3580229282	-543
11.4078910351	543
11.7555179596	-1420
11.7555680275	-665
11.763944149	543
12.0466930866	-1420
12.0467119217	-1420
12.0467691422	-787
12.0581889153	-1420
12.0582549572	-1420
12.0582590103	-1264
12.088299036	1057
12.0965120792	-66
12.1051859856	1057
12.192882061	-1057
12.2260270119	1057
12.326636076	-543
12.4179780483	-1420
12.4180531502	-1420
12.4180989265	-787
12.420042038	543
12.4291679859	-1420
12.4291801453	-1316
12.4292309284	-1368
12.4311990738	543
12.4470300674	-1368
12.4854121208	-298
12.487719059	543
12.4879479408	1460
12.4879939556	1139
12.5498890877	-543
12.5501179695	-1420
12.550164938	-1316
12.5772910118	-1368
12.5774741173	543
12.5912530422	543
12.6155340672	-66
12.6173920631	543
12.7143080235	-1057
12.7153811455	543
12.778192997	-543
12.77850914	-1368
12.7786180973	-1368
12.7789390087	-1420
12.7789890766	-1420
12.7789919376	-1264
12.7906310558	-1420
12.7906439304	-1316
12.7907519341	-1368
12.800853014	-1420
12.8009059429	-1420
12.800909996	-1420
12.8009459972	-1212
12.8134670258	-1420
12.8135170937	-1316
12.8518681526	-1155
12.865459919	-1420
12.8654820919	-1316
12.8873939514	-1420
12.8874099255	-1316
12.887567997	543
12.9263689518	-754
13.0400409698	-1057
13.041383028	543
13.0783569813	-543
13.1540360451	-1368
13.2327859402	-203
13.2335519791	1460
13.2336111069	1460
13.2336771488	1161
13.2338039875	1460
13.2338471413	1460
13.233891964	1161
13.2340829372	1177
13.2345700264	1057
13.2349500656	1057
13.2457249165	1057
13.2650029659	-543
13.2740290165	-1368
13.2740931511	-1420
13.2741310596	-839
13.3202550411	1057
13.3401501179	-1420
13.3401730061	-1316
13.3402171135	-1368
13.3433301449	1057
13.4216921329	-609
13.4776890278	-1420
13.4777090549	-1420
13.4777719975	-787
13.4907250404	-1420
13.4907450676	-1420
13.4907820225	-1264
13.5289320946	-66
13.5599319935	-1368
13.5603570938	-1420
13.5603630543	-1316
13.5605120659	543
13.5605590343	-1368
13.5619149208	-1420
13.5619421005	-1420
13.5619440079	-1264
13.5646650791	-1420
13.5646710396	-1316
13.5647420883	-1368
13.5697669983	543
13.5710711479	-1420
13.5710771084	-1316
13.5713391304	-1368
13.5830190182	-1420
13.5830879211	-1420
13.5830929279	-1264
13.5840809345	-1420
13.5840859413	-1420
13.5841190815	-1264
13.5936050415	-1420
13.5936589241	-1420
13.5936629772	-1264
13.5948629379	-1420
13.5948691368	-1316
13.5949470997	-1368
13.5954070091	-1420
13.5954499245	-1420
13.5954530239	-1264
13.5954990387	-1420
13.595500946	-1420
13.5955460072	-1264
13.5956759453	543
13.6076710224	-1420
13.6076860428	-1316
13.6077311039	-1368
13.646378994	-386
13.6467590332	-1420
13.64676404	-1420
13.6468060017	-1264
13.6470830441	-1420
13.6471481323	-1420
13.647151947	-1264
13.6471910477	-1368
13.647192955	-1420
13.6472370625	-1316
13.6475219727	-1420
13.6475639343	-1316
13.6475670338	-1368
13.6477661133	543
13.6485960484	-1420
13.6486020088	-1316
13.6487679482	-1420
13.6487710476	-1316
13.65082407	-1420
13.6508300304	-1316
13.6578040123	-1420
13.6578109264	-1420
13.6578550339	-1264
13.6579661369	-1368
13.6580190659	543
13.6582610607	-1420
13.6582651138	-1316
13.6683981419	-1420
13.6684129238	-1420
13.6684651375	-1264
13.6684679985	-1368
13.6690490246	-1420
13.6690540314	-1316
13.6693179607	-1420
13.6693220139	-1420
13.6693599224	-1264
13.6694331169	543
13.6698350906	-1420
13.6698391438	-1316
13.669878006	-1368
13.6747999191	-1420
13.674849987	-1316
13.6750619411	-1420
13.6751139164	-1316
13.6799631119	-1420
13.6800150871	-1316
13.6800179482	-1420
13.6800649166	-1316
13.6801149845	-1368
13.6807370186	-1368
13.6811280251	543
13.6919751167	543
13.6922230721	1460
13.6922850609	1460
13.6923439503	1161
13.6924660206	603
13.6926579475	-1368
13.6927399635	-1420
13.6927599907	-1316
13.6930410862	-1368
13.6932520866	-1420
13.6932549477	-1420
13.693292141	-1264
13.6934840679	-1420
13.6935219765	-1316
13.6998360157	543
13.7032561302	-1420
13.703261137	-1316
13.7033920288	-1368
13.7317531109	-400
13.7333459854	-1420
13.7333540916	-1420
13.7333879471	-1264
13.7352540493	-1420
13.7352831364	-1420
13.7352859974	-1264
13.7356600761	-1420
13.7356629372	-1316
13.7357151508	-1420
13.7357180119	-1420
13.7357721329	-1264
13.7358241081	-1368
13.7374241352	-1420
13.737432003	-1316
13.7377150059	-1420
13.7377181053	-1316
13.7381019592	-1420
13.7381060123	-1316
13.739315033	543
13.7442951202	-1420
13.7443079948	-1420
13.7443621159	-1264
13.7548000813	-1420
13.7548611164	-1420
13.7548661232	-1264
13.7548830509	-1420
13.7548849583	-1420
13.7549109459	-1264
13.7550671101	543
13.7555301189	-1420
13.7555339336	-1420
13.7555749416	-1264
13.7560780048	-1420
13.7561280727	-1316
13.7561500072	-1368
13.7617819309	-1420
13.7617881298	-1420
13.7618291378	-1264
13.7639391422	-1420
13.7639839649	-1316
13.763988018	-1368
13.7662880421	-1420
13.7662949562	-1420
13.7663419247	-1264
13.7663450241	-1368
13.7728381157	-1420
13.7728440762	-1316
13.7734539509	543
13.7736859322	1460
13.7737410069	1460
13.7738211155	707
13.7789311409	-1420
13.7789371014	-1316
13.7790060043	-1368
13.7790770531	543
13.7815079689	543
13.7868881226	543
13.8123590946	-1056
13.820207119	-1420
13.8202519417	-1316
13.8210771084	-1420
13.8211331367	-1420
13.8211369514	-1264
13.8211829662	-1368
13.8222789764	-1420
13.8223230839	-1316
13.8224020004	-1368
13.8228039742	-1420
13.8228199482	-1316
13.8231761456	-1420
13.8231799603	-1420
13.8232190609	-1264
13.8234610558	-1368
13.8237109184	543
13.8238580227	543
13.8239340782	-1420
13.8239369392	-1316
13.8241569996	-1368
13.8244290352	-1420
13.8244519234	-1420
13.8244540691	-1264
13.8245959282	-1420
13.8245999813	-1316
13.8247330189	-1368
13.8305280209	543
13.830935955	-1368
13.8310389519	-1420
13.831081152	-1316
13.8412339687	-1420
13.8412871361	-1316
13.8416030407	-1420
13.8416450024	-1420
13.8416471481	-1420
13.8416831493	-1212
13.8422510624	-1368
13.8425900936	-1420
13.8425941467	-1420
13.8426301479	-1264
13.842633009	-1420
13.8426759243	-1316
13.843296051	543
13.8435020447	543
13.8469419479	543
13.8473711014	543
13.8477840424	-1368
13.8479909897	-1420
13.8480329514	-1316
13.84811306	-1368
13.8483059406	-1420
13.8483090401	-1316
13.8495399952	543
13.850522995	-1368
13.8507699966	-1420
13.8508150578	-1316
13.8531460762	-1368
13.8532180786	-1368
13.8534309864	-1368
13.8591001034	-1420
13.8591110706	-1420
13.8591749668	-1420
13.8591780663	-1212
13.8641791344	543
13.8653190136	-1420
13.8653199673	-1316
13.8859081268	-1254
13.8991451263	-1420
13.8992021084	-1420
13.8992059231	-1264
13.9047889709	543
13.9080860615	-1420
13.9080910683	-1420
13.9081311226	-1264
13.9102320671	-1420
13.9102721214	-1420
13.9102740288	-1264
13.910531044	-1420
13.9105341434	-1316
13.91071105	-1420
13.910722971	-1420
13.9107599258	-1264
13.9107720852	-1368
13.9108910561	-1420
13.9108939171	-1316
13.9110600948	-1368
13.9126091003	-1368
13.9128630161	-1420
13.9128670692	-1316
13.9129509926	-1420
13.912954092	-1420
13.9129910469	-1264
13.9131169319	543
13.9171049595	-1420
13.9171099663	-1420
13.9171509743	-1264
13.9281921387	-1420
13.9282400608	-1420
13.9282450676	-1264
13.9289209843	-1420
13.9289259911	-1420
13.9289779663	-1264
13.9293489456	-1420
13.9293930531	-1420
13.9293961525	-1264
13.929502964	543
13.9346871376	-1420
13.9346921444	-1316
13.9349730015	-1368
13.9351711273	-1420
13.9352519512	-1316
13.935254097	-1368
13.9372560978	-1420
13.9372589588	-1316
13.9373400211	-1368
13.9377479553	-1368
13.9378371239	-1420
13.9378399849	-1316
13.9399030209	-1420
13.9399080276	-1316
13.9400589466	-1368
13.9448180199	543
13.9452569485	-1420
13.9452619553	-1420
13.9453039169	-1264
13.9514949322	-1368
13.9515640736	-1420
13.9515681267	-1316
13.9620671272	-1368
13.9726979733	-1368
13.9729409218	-1368
13.9948401451	-1420
13.9949100018	-1420
13.9949140549	-1420
13.9949510098	-1212
13.9969539642	-1420
13.996999979	-1420
13.9970030785	-1264
13.9973621368	543
13.9997160435	-1420
13.9997289181	-1316
13.9997870922	-1368
14.0118639469	-1420
14.0119240284	-1420
14.0119271278	-1264
14.0120310783	-1420
14.0120339394	-1420
14.0120539665	-1264
14.0122280121	-1420
14.0122671127	-1420
14.0122699738	-1264
14.0123479366	543
14.0141630173	-1420
14.0141680241	-1316
14.0148041248	-1368
14.0235469341	-1420
14.0236151218	-1420
14.0236201286	-1264
14.0352320671	-1420
14.0352449417	-1420
14.0352959633	-1420
14.0352990627	-1212
14.0353341103	-1420
14.0353369713	-1316
14.03591609	-1420
14.0359220505	-1316
14.0360500813	543
14.0363681316	-1368
14.0502340794	-1368
14.0502729416	-1420
14.050276041	-1316
14.0507531166	-1420
14.0507569313	-1420
14.0507941246	-1264
14.0507969856	-1368
14.0508971214	-1420
14.0508999825	-1316
14.0510220528	-1420
14.0510251522	-1420
14.0510489941	-1264
14.0629971027	-1420
14.0630609989	-1316
14.0632529259	-1368
14.0765750408	-1368
14.0770671368	1057
14.0774559975	-1420
14.0774619579	-1420
14.0775060654	-1420
14.0775089264	-1212
14.0775439739	-1368
14.0880789757	-1420
14.0881330967	-1420
14.0881359577	-1264
14.0922751427	-1420
14.0922830105	-1420
14.0923309326	-1420
14.0923330784	-1212
14.0925021172	-1368
14.0928111076	-1420
14.0928530693	-1420
14.0928571224	-1420
14.0928909779	-1212
14.0929880142	-1368
14.0998160839	543
14.1005890369	-1420
14.1005940437	-1420
14.1006350517	-1264
14.1102309227	-1420
14.1102831364	-1316
14.1103329659	-1368
14.1201720238	-1420
14.1201889515	-1316
14.1202471256	-1420
14.1202499866	-1420
14.1202850342	-1264
14.121655941	-1420
14.1217041016	-1420
14.1217069626	-1264
14.1313610077	-1420
14.1313719749	-1316
14.1317670345	-1368
14.1348509789	-1368
14.1354129314	-1420
14.1354169846	-1316
14.1470110416	-1420
14.1470229626	-1420
14.1470811367	-1420
14.1470839977	-1212
14.1471300125	-1420
14.147133112	-1420
14.1471700668	-1264
14.1489760876	543
14.1498551369	-1420
14.1498610973	-1316
14.1500189304	-1368
14.1525449753	-1420
14.1526060104	-1420
14.1526100636	-1264
14.1526470184	-1420
14.1526489258	-1420
14.1526839733	-1264
14.1537470818	543
14.1665320396	-1420
14.1665480137	-1420
14.1666040421	-1264
14.1671440601	543
14.1793310642	-1420
14.1793470383	-1420
14.1794009209	-1264
14.1794030666	-1368
14.1797299385	-1368
14.1798160076	-1420
14.1798460484	-1420
14.1798479557	-1264
14.179899931	-1368
14.1909840107	-1368
14.1911609173	-1420
14.1911649704	-1316
14.1914720535	-1420
14.1914749146	-1420
14.191491127	-1264
14.2060270309	-1368
14.2068729401	-1420
14.2068791389	-1316
14.207351923	-1420
14.2073559761	-1420
14.2073950768	-1264
14.2074739933	543
14.2178840637	-1420
14.2178890705	-1420
14.2179300785	-1420
14.2179329395	-1212
14.219078064	-1420
14.2190821171	-1316
14.2195711136	-1368
14.2246830463	-1420
14.2247240543	-1420
14.2247269154	-1264
14.224848032	543
14.22570014	-1420
14.2257051468	-1420
14.2257449627	-1264
14.2328901291	-1420
14.2329320908	-1420
14.2329361439	-1264
14.233052969	543
14.2490320206	-1420
14.2490389347	-1420
14.2490880489	-1264
14.2502479553	-1420
14.250287056	-1420
14.2502889633	-1264
14.2503340244	-1420
14.2503371239	-1420
14.2503709793	-1264
14.2610290051	-1420
14.2610740662	-1420
14.2610769272	-1264
14.2612900734	-1368
14.2614319324	-1420
14.2614500523	-1316
14.2657840252	-1420
14.2658390999	-1420
14.2658419609	-1264
14.2658779621	-1368
14.2658810616	-1420
14.2659139633	-1316
14.2774720192	-1368
14.2775969505	543
14.2777149677	-1420
14.2777180672	-1316
14.2954571247	-1420
14.2954721451	-1420
14.2955060005	-1264
14.2960700989	-1368
14.2963221073	-1420
14.2963249683	-1316
14.2964069843	-1420
14.2964091301	-1420
14.2964439392	-1264
14.2967441082	-1420
14.2967641354	-1420
14.2967669964	-1264
14.3050551414	543
14.3070709705	-1420
14.307076931	-1420
14.3071341515	-1264
14.3089470863	-1368
14.3091049194	-1420
14.3091089725	-1316
14.3095531464	-1368
14.3096139431	-1368
14.3096971512	543
14.3098800182	-1368
14.3224101067	-1420
14.3224670887	-1420
14.3224711418	-1264
14.3226370811	-1368
14.3271341324	-1420
14.3271751404	-1420
14.3271780014	-1264
14.3279979229	-1368
14.3282239437	-1420
14.3282690048	-1316
14.3285200596	-1420
14.3285639286	-1420
14.328567028	-1264
14.3287079334	543
14.3355510235	-1420
14.3355641365	-1316
14.3393719196	-1420
14.3393890858	-1316
14.3394470215	-1420
14.3394501209	-1316
14.3664281368	-1420
14.3664419651	-1420
14.3664939404	-1264
14.3664970398	-1368
14.3667309284	-1420
14.3667340279	-1316
14.3668601513	543
14.3741409779	-468
14.3793420792	-1420
14.3793959618	-1420
14.3793990612	-1264
14.3822250366	-1420
14.3822290897	-1420
14.3822669983	-1264
14.3823800087	543
14.4206700325	-675
14.4662771225	-1420
14.4662930965	-1420
14.4663500786	-787
14.4677190781	-1420
14.4677250385	-1316
14.467993021	-1368
14.4688179493	-1420
14.4688241482	-1420
14.4688670635	-1264
14.4750320911	-1420
14.47509408	-1420
14.4751000404	-1264
14.4897091389	-1420
14.4897239208	-1420
14.4897580147	-1264
14.4899010658	-1420
14.4899411201	-1420
14.4899439812	-1264
14.5014381409	-1420
14.5014541149	-1316
14.5015900135	-1368
14.5148599148	543
14.531785965	-1420
14.5317959785	-1420
14.5318450928	-1264
14.5319809914	543
14.5329339504	-1420
14.5329401493	-1316
14.53302598	-1368
14.534512043	-1420
14.5345349312	-1420
14.534537077	-1264
14.5347371101	-1420
14.5347409248	-1316
14.5349011421	-1368
14.536329031	-1420
14.5363750458	-1420
14.5363790989	-1264
14.5423679352	-1420
14.5423750877	-1420
14.5424180031	-1264
14.5427179337	-1420
14.5427610874	-1420
14.5427639484	-1264
14.5502440929	1460
14.5503001213	1139
14.5542030334	-1420
14.5542089939	-1420
14.554254055	-1264
14.5604250431	-1420
14.5604760647	-1420
14.5604801178	-1420
14.5605170727	-1212
14.5730929375	-1420
14.5731580257	-1316
14.5738229752	-1368
14.574078083	-1420
14.5740830898	-1316
14.5848610401	-1420
14.5848739147	-1420
14.5849249363	-1264
14.5880401134	543
14.5890629292	-1420
14.589069128	-1420
14.589110136	-1420
14.5891129971	-555
14.5892350674	1057
14.5893509388	-1420
14.5893530846	-1420
14.5893731117	-1264
14.5895619392	-1420
14.5895860195	-1316
14.5896589756	-1368
14.6015210152	-1420
14.6015310287	-1420
14.601583004	-1264
14.6016941071	-1420
14.6017320156	-1316
14.6017689705	-1368
14.6048641205	543
14.6226789951	-1368
14.6227259636	-1420
14.6227591038	-1316
14.6232731342	-1420
14.6233170033	-1420
14.6233201027	-1264
14.634223938	-1420
14.6342389584	-1420
14.6342761517	-1264
14.6587779522	-1420
14.6588521004	-1420
14.6588559151	-1264
14.6588990688	-1368
14.6590571404	543
14.7369360924	-246
14.7536561489	-1420
14.7537260056	-1420
14.753731966	-1264
14.7537689209	-1420
14.7537720203	-1316
14.7642300129	-1420
14.7642381191	-1420
14.7642841339	-1264
14.764341116	-1368
14.7645540237	-1420
14.7645580769	-1316
14.789732933	-1368
14.7898299694	-1420
14.7898631096	-1316
14.7899580002	543
14.7900750637	-1420
14.7900800705	-1316
14.7901909351	543
14.7904059887	-1368
14.8023779392	-1420
14.8024511337	-1316
14.8024561405	-1368
14.8196611404	-1368
14.819699049	-1420
14.8197319508	-1420
14.8197350502	-1264
14.8200321198	-1420
14.8200371265	-1420
14.8200759888	-1264
14.8208150864	-1420
14.8208379745	-1420
14.8208401203	-1264
14.8285081387	-1420
14.8285160065	-1420
14.8285579681	-1264
14.8286681175	543
14.8290081024	-1420
14.8290119171	-1420
14.8290400505	-1264
14.8476269245	-1420
14.8476891518	-1420
14.8476929665	-1420
14.847728014	-1212
14.8477311134	-1420
14.8477649689	-1316
14.8522689342	-1420
14.8523330688	-1420
14.852337122	-1264
14.8686871529	-1420
14.8687140942	-1420
14.8687529564	-1264
14.8689451218	-1420
14.8689870834	-1420
14.8689899445	-1264
14.8690800667	-1420
14.8690829277	-1420
14.869122982	-1264
14.8691840172	543
14.8697059155	543
14.8810229301	-1420
14.8810391426	-1420
14.8810999393	-1264
14.8812279701	-1420
14.8812711239	-1316
14.8812739849	-1368
14.9039819241	-1420
14.9039990902	-1420
14.9040539265	-1264
14.9042379856	-1420
14.9042789936	-1420
14.904282093	-1264
14.9146809578	-1420
14.9146881104	-1420
14.9147191048	-1264
14.9209959507	-1420
14.9210419655	-1420
14.9210460186	-1264
14.9210641384	-1368
14.9212241173	543
14.9217779636	-1420
14.9217820168	-1316
14.9220781326	-1420
14.9220819473	-1420
14.922121048	-1264
14.9324910641	-1420
14.9325489998	-1420
14.9325540066	-1264
14.9325909615	-1420
14.9325931072	-1420
14.9326279163	-1264
14.9329080582	-1368
14.9879419804	-1420
14.9879610538	-1420
14.9880149364	-1420
14.9880180359	-1212
14.9880530834	-1420
14.9880559444	-1316
14.988255024	543
14.9883649349	543
14.9997301102	-1420
14.9997429848	-1420
14.9997990131	-1264
15.0199489594	-1420
15.0200250149	-1316
15.0202770233	-1368
15.0886499882	-1420
15.088668108	-1420
15.08872509	-1420
15.088727951	-1420
15.0887701511	-1160
15.1012611389	-1368
15.1013069153	-1420
15.1013109684	-1316
15.1057851315	-1420
15.1057980061	-1420
15.1058290005	-1264
15.1443250179	-262
15.1445131302	543
15.1535100937	-1420
15.1535201073	-1316
15.1542479992	-1420
15.1542520523	-1420
15.1542990208	-1264
15.1650569439	-1420
15.1651251316	-1420
15.1651279926	-1264
15.1921520233	-1420
15.1921701431	-1316
15.2088210583	-1420
15.2088339329	-1420
15.2088861465	-1264
15.2207260132	-1420
15.220785141	-1316
15.2207889557	-1368
15.2209610939	543
15.2599570751	-475
15.2948141098	-1420
15.2948849201	-1316
15.3695049286	-1420
15.3695230484	-1420
15.3695781231	-1264
15.3697769642	543
15.380769968	-1368
15.4398241043	543
15.4462850094	-1420
15.4462990761	-1316
15.4463589191	-1368
15.447371006	-1420
15.4473760128	-1420
15.4474189281	-1264
15.4566960335	-1420
15.4567079544	-1316
15.456797123	-1368
15.4679470062	-1420
15.4679589272	-1316
15.4681661129	-1368
15.5066440105	-881
15.5541219711	-1420
15.5541419983	-1420
15.5542061329	-787
15.5924420357	-543
15.5926280022	543
15.731454134	-1420
15.7314729691	-1420
15.7315299511	-787
15.7320780754	-1420
15.7321250439	-1420
15.7321281433	-1264
15.7494659424	-1420
15.7494819164	-1420
15.749546051	-1264
15.7497320175	-1420
15.7497639656	-1420
15.749767065	-1264
15.7790391445	-1420
15.7790501118	-1420
15.7791209221	-1264
15.7794139385	-1420
15.7794489861	-1420
15.7794520855	-1264
15.7796030045	543
15.7913119793	-1420
15.791326046	-1316
15.7913780212	-1368
15.8202271461	-1420
15.820289135	-1316
15.8202950954	-1368
15.8345069885	-1420
15.8345251083	-1420
15.8345799446	-1264
15.8345830441	-1420
15.834624052	-1316
15.8346281052	-1368
15.834854126	543
15.8477261066	-1420
15.8477361202	-1420
15.847782135	-1264
15.8479170799	-1420
15.8479571342	-1316
15.8480169773	-1368
15.8727960587	-1420
15.8728260994	-1316
15.872895956	-1368
15.8728990555	-1368
15.8729460239	-1420
15.8729491234	-1316
15.8849849701	-1420
15.8850021362	-1316
15.8851480484	-1420
15.8851521015	-1316
15.8853530884	-1420
15.8853571415	-1316
15.9054999352	-1368
15.9154469967	1057
15.9219920635	-1420
15.9220030308	-1316
15.9222559929	-1420
15.922260046	-1420
15.9222791195	-1264
15.9344959259	-1420
15.9345629215	-1316
15.9345669746	-1368
15.9347600937	1057
15.9576101303	-1420
15.957627058	-1420
15.9576890469	-1264
15.9576921463	-1368
15.9579360485	-1368
15.9579391479	-1420
15.9579780102	-1420
15.9579811096	-1420
15.9580130577	-1212
15.9581959248	-1368
15.9583871365	543
15.9691519737	-1420
15.9691619873	-1316
15.9692471027	-1368
15.9693760872	-1420
15.969422102	-1316
15.969424963	-1368
16.0159521103	-1420
16.015969038	-1420
16.0160219669	-1264
16.0162329674	-1420
16.0162849426	-1420
16.0162880421	-1264
16.028842926	-1420
16.028856039	-1420
16.0289049149	-1264
16.0677089691	-348
16.0725851059	-1420
16.0725979805	-1316
16.0726540089	-1368
16.0735449791	-1420
16.0735509396	-1420
16.0735960007	-1420
16.0735991001	-1420
16.073636055	-1160
16.073638916	-1368
16.0791721344	-1420
16.079185009	-1420
16.0792379379	-1264
16.0794219971	543
16.0831151009	-1420
16.0831301212	-1420
16.083204031	-1264
16.0833580494	543
16.1211950779	-1420
16.1212069988	-1420
16.121268034	-1264
16.1212711334	-1420
16.1213259697	-1420
16.1213290691	-1264
16.1314549446	-1420
16.1314680576	-1316
16.1315920353	-1368
16.1536040306	-1420
16.1536591053	-1420
16.1536641121	-1420
16.1536810398	-1212
16.1536829472	-1420
16.1536979675	-1316
16.1538980007	-1420
16.1539399624	-1316
16.1539430618	-1368
16.1540369987	543
16.1542680264	-1420
16.1542720795	-1420
16.1543121338	-1264
16.1655440331	-1420
16.165610075	-1420
16.1656150818	-1420
16.1656560898	-1212
16.2041990757	-33
16.2046620846	-1420
16.204668045	-1316
16.2047281265	-1368
16.2048671246	-1420
16.2049059868	-1316
16.2163369656	-1420
16.2163829803	-1420
16.2163870335	-1264
16.216520071	543
16.2419159412	-1420
16.2419331074	-1420
16.2419919968	-1264
16.2423889637	-1420
16.2424330711	-1420
16.2424359322	-1264
16.2425069809	-1420
16.2425119877	-1420
16.2425301075	-1264
16.2427179813	543
16.2534840107	-1420
16.2534990311	-1316
16.2536680698	-1420
16.2536709309	-1420
16.2537100315	-1264
16.2537679672	-1368
16.2538909912	543
16.2905910015	-1368
16.2920789719	-1420
16.2921130657	-1420
16.2921159267	-1264
16.2924530506	-1420
16.2924571037	-1420
16.2924950123	-1264
16.3036620617	-1420
16.3037140369	-1316
16.3041801453	-1368
16.3295900822	-1420
16.3296060562	-1420
16.3296761513	-1420
16.3296790123	-1212
16.3297250271	-1420
16.3297269344	-1316
16.329761982	-1420
16.3297641277	-1420
16.3297979832	-1264
16.3411121368	-1420
16.3411920071	-1420
16.3411960602	-1420
16.3412399292	-1212
16.3412430286	-1420
16.3412771225	-1316
16.3414340019	543
16.3665950298	-1420
16.3666119576	-1420
16.3666801453	-1264
16.3668780327	-1420
16.3669300079	-1420
16.3669331074	-1264
16.3670520782	543
16.3787140846	-1420
16.3787300587	-1316
16.3787651062	-1420
16.3787679672	-1316
16.3789799213	-1420
16.3789830208	-1316
16.4097211361	-1420
16.4097380638	-1316
16.4097950459	-1368
16.4099020958	-1420
16.4099040031	-1316
16.4099941254	-1368
16.410159111	543
16.4226229191	-1420
16.4226429462	-1420
16.4226980209	-1264
16.4546611309	-1420
16.4547300339	-1316
16.4547350407	-1420
16.4547729492	-1316
16.4547760487	-1420
16.4548101425	-1316
16.4548430443	-1368
16.455080986	-1420
16.4550840855	-1316
16.465569973	-1420
16.4655871391	-1420
16.4656450748	-1264
16.4660129547	-1420
16.4660570621	-1420
16.4660599232	-1264
16.4869120121	-1368
16.4870841503	1057
16.4876251221	-1420
16.4876339436	-1420
16.4876790047	-1264
16.4879059792	-1420
16.4879300594	-1316
16.4879920483	-1368
16.4993510246	-1420
16.4993650913	-1420
16.4994211197	-1264
16.5345990658	-1420
16.5346660614	-1316
16.5349440575	-1368
16.5362899303	-1420
16.5362949371	-1420
16.5363380909	-1264
16.5364451408	-1420
16.5364871025	-1420
16.5364899635	-1264
16.5366370678	543
16.5366859436	-1368
16.536757946	-1368
16.5434019566	-1420
16.5434179306	-1316
16.5439069271	-1420
16.5439140797	-1316
16.5633370876	-1420
16.5633530617	-1420
16.56340909	-1264
16.5640439987	-1368
16.564209938	-1420
16.5642139912	-1316
16.5747771263	-1368
16.5748810768	-1420
16.5749139786	-1316
16.6091051102	-1420
16.6091749668	-1420
16.6091790199	-1264
16.6093389988	-1420
16.6093430519	-1420
16.6093640327	-1264
16.6094200611	-1368
16.6098589897	-1420
16.6098630428	-1316
16.6099910736	543
16.6101350784	543
16.6218781471	-1420
16.6218900681	-1420
16.6219420433	-1264
16.6220269203	-1420
16.6220481396	-1316
16.6221759319	-1368
16.6439621449	-1368
16.6439800262	-1420
16.6440210342	-1316
16.6458179951	-1368
16.6462080479	-1420
16.6462130547	-1316
16.6463201046	-1420
16.6463229656	-1420
16.6463410854	-1264
16.6498711109	-1420
16.6499321461	-1420
16.6499371529	-1420
16.6499760151	-1212
16.6501350403	543
16.675481081	-1420
16.6754980087	-1316
16.675565958	-1420
16.6755690575	-1420
16.6756079197	-1264
16.6756110191	-1368
16.6884551048	-1420
16.6884710789	-1316
16.6885299683	-1368
16.7185881138	-1420
16.7186639309	-1420
16.7186701298	-1264
16.7189440727	-1420
16.7189500332	-1420
16.7189970016	-1264
16.7190001011	-1420
16.7190630436	-1316
16.719162941	-1368
16.7193820477	1057
16.7316451073	-1420
16.7316551208	-1316
16.7318150997	-1420
16.7318179607	-1316
16.7318620682	-1420
16.7318649292	-1316
16.7594630718	-1420
16.7594790459	-1420
16.7595319748	-1264
16.7595350742	-1420
16.7595829964	-1316
16.7595851421	-1368
16.7719190121	-1420
16.7719340324	-1420
16.7719891071	-1264
16.7918069363	-1420
16.7918789387	-1420
16.7918851376	-1264
16.7919239998	-1420
16.7919270992	-1420
16.7919609547	-1264
16.7921450138	-1420
16.7921860218	-1420
16.7921879292	-1264
16.7922520638	543
16.8055341244	-1368
16.8056759834	-1368
16.8057961464	-1368
16.8059990406	-1420
16.8060269356	-1420
16.8060290813	-1264
16.8228740692	-1368
16.831938982	-1420
16.8319921494	-1420
16.8319959641	-1264
16.8320319653	-1420
16.832034111	-1316
16.8435120583	-1420
16.8435230255	-1420
16.8435690403	-1264
16.8497800827	1057
16.8592190742	-1420
16.8592350483	-1420
16.8592889309	-1420
16.8592920303	-1212
16.859703064	-1420
16.8597080708	-1316
16.8598771095	-1420
16.8598809242	-1316
16.860024929	-1420
16.8600289822	-1420
16.860065937	-1420
16.8600690365	-1212
16.8601460457	-1420
16.860147953	-1316
16.860211134	-1420
16.860213995	-1316
16.8603610992	543
16.898360014	-1420
16.898375988	-1420
16.8984389305	-1264
16.89844203	-1420
16.8984849453	-1316
16.8984880447	-1368
16.9041309357	-1420
16.904145956	-1420
16.9042010307	-1264
16.9091980457	-1420
16.9092569351	-1420
16.9092619419	-1264
16.9475030899	-912
17.0108571053	-1368
17.0895709991	-717
17.2194271088	543
17.508409977	-1420
17.508466959	-1179
18.7250220776	1057
20.1814939976	-543
21.4370670319	543
