0	1057
0.303839206696	-543
0.331940174103	543
0.39729309082	-1420
0.397368192673	-1420
0.397408008575	-787
0.40642619133	-1368
0.406477212906	-1420
0.406497001648	-325
0.408733129501	543
0.409484148026	543
0.962551116943	-543
1.18484401703	-543
1.20000100136	1057
1.55498099327	-543
1.60481119156	-1420
1.60488414764	-1420
1.6049220562	-787
1.64570021629	-1420
1.64577198029	-1420
1.6458170414	-787
1.64797306061	543
1.65212607384	543
1.67103815079	543
1.67135500908	543
1.67168021202	543
2.04490399361	-543
2.20523118973	-543
2.22276210785	-1420
2.22282910347	-1420
2.22287011147	-273
2.22309398651	543
2.30752301216	-1420
2.30753898621	-1420
2.30757498741	-1330
2.40789818764	-543
2.40972709656	-1420
2.40975999832	-1420
2.40979003906	-787
2.41233706474	543
2.41249608994	543
2.78163719177	-543
3.07458519936	-1420
3.07465004921	-1420
3.07468819618	-787
3.11788010597	1057
3.12979698181	1057
3.13335204124	1057
3.24895620346	-1420
3.24901103973	-665
3.26583099365	1057
3.44396615028	-543
3.45062398911	-1420
3.4506649971	-151
3.53687620163	-1420
3.5369451046	-1420
3.53698301315	-787
3.62870597839	-1420
3.62876605988	-151
3.63068413734	543
3.6413462162	-1420
3.6413640976	-1420
3.64141011238	-1330
3.64394021034	543
3.649695158	543
3.72960400581	-1420
3.7296230793	-1420
3.72966814041	-1420
3.72967100143	-453
3.7315762043	543
3.80353999138	-1368
3.80375814438	-1231
3.80902910233	543
3.80983519554	1460
3.80989098549	111
3.93553900719	-543
3.93704819679	-1420
3.93710708618	-1420
3.93711018562	-787
3.99112820625	543
3.99140810966	543
4.05764603615	-543
4.06659507751	543
4.15372109413	-1420
4.15373706818	-209
4.27391719818	-1057
4.30336403847	543
4.31755304337	-1420
4.31756019592	-1420
4.31761002541	-1330
4.33178520203	-1420
4.33184909821	-1420
4.33185315132	-787
4.39012098312	-1420
4.39015316963	-1420
4.39023208618	-1330
4.40854310989	-1420
4.40861606598	-1420
4.40862107277	-1330
4.40864300728	-1368
4.40864515305	-1420
4.4086830616	-839
4.40886521339	543
4.40900707245	543
4.47705101967	-1420
4.47706913948	-1179
4.59740614891	-543
4.70569419861	-1420
4.70571208	-180
4.70673704147	543
4.85223412514	-1420
4.85225105286	-151
4.85267806053	1460
4.85273003578	111
4.87038898468	1057
4.92971110344	1460
4.9297990799	111
4.93581414223	1057
4.94349002838	1057
5.22473311424	-1420
5.22475218773	-1420
5.22481703758	-787
5.25142812729	-1420
5.25147604942	-1179
5.25181818008	-1420
5.25186014175	-1420
5.25186300278	-787
5.25493001938	-1420
5.25493597984	-665
5.27846217155	-1420
5.27847719193	-151
5.31351304054	-1420
5.31352806091	-1420
5.31359100342	-787
5.32613110542	1057
5.34010505676	-1420
5.34011816978	-723
5.34063816071	-1420
5.34064221382	-1420
5.3406791687	-787
5.34077811241	-1420
5.34080910683	-1316
5.34092903137	-1420
5.34096598625	-528
5.34447813034	543
5.35725617409	543
5.3948969841	-1420
5.39491200447	-1179
5.39669704437	-1420
5.39670205116	-1420
5.39674401283	-787
5.40577912331	-1368
5.4094581604	-1231
5.40955305099	543
5.42924809456	-1420
5.4292640686	-151
5.42966914177	-1368
5.42978405952	-1420
5.42986106873	-839
5.42991614342	-1368
5.43015217781	-1420
5.43015909195	-839
5.43064308167	543
5.47086119652	-1420
5.47088909149	-1316
5.4709341526	-1420
5.47093820572	-14
5.47152805328	-1420
5.47153306007	-1420
5.4715731144	-1330
5.51898097992	-1420
5.51899504662	-1420
5.5190820694	-1420
5.51908516884	-453
5.51912021637	-1420
5.51912307739	-1420
5.51916408539	-787
5.51933217049	-1420
5.51938009262	-1420
5.51938414574	-1330
5.51953911781	543
5.52105808258	-1420
5.52106404305	-1420
5.52110600471	-1330
5.56018805504	-1420
5.56019711494	-1420
5.56023812294	-331
5.56930208206	-1420
5.56931209564	-1420
5.56935811043	-787
5.58124399185	-1420
5.58125901222	-1179
5.58326005936	543
5.58414316177	543
5.60678005219	-1420
5.60679602623	-1420
5.60685420036	-787
5.60707306862	-1420
5.60712909698	-1316
5.60713219643	-891
5.60760807991	-1368
5.60771417618	-1368
5.60796403885	-1420
5.60796904564	-14
5.60853409767	-1420
5.60853910446	-1316
5.60868811607	-1420
5.60869312286	-14
5.60878610611	1057
5.66781306267	-1420
5.66783118248	-1420
5.66787719727	-1420
5.66788005829	-453
5.70935821533	-1420
5.70937418938	-1316
5.70945501328	-891
5.71085000038	-1420
5.71087408066	-1316
5.71094512939	-1420
5.71098303795	-14
5.7125120163	-1420
5.71255612373	-1420
5.71255898476	-1330
5.71350717545	-1420
5.71351218224	-1420
5.71355319023	-1420
5.71355509758	-453
5.73954510689	-1420
5.73956012726	-1420
5.73961400986	-787
5.73976206779	543
5.75343298912	-1420
5.75344800949	-1420
5.75350904465	-1330
5.75912714005	-1368
5.75938916206	-1420
5.75939416885	-1382
5.7939581871	-1420
5.79397320747	-1316
5.7940351963	-1420
5.79403805733	-557
5.79421305656	-1420
5.79421901703	-151
5.79428219795	-1420
5.79428505898	-1420
5.7943110466	-787
5.79471802711	-1420
5.79475808144	-1420
5.79476118088	-787
5.83224821091	-1420
5.83226418495	-1420
5.83231902122	-1330
5.83275318146	-1368
5.8328499794	-1420
5.83285307884	-1382
5.83959913254	1057
5.87501811981	-1420
5.8750371933	-1420
5.87510108948	-1420
5.87510418892	-453
5.88291621208	-1420
5.88292717934	-1420
5.88297319412	-787
5.88358306885	-1420
5.88362717628	-1420
5.88362908363	-1330
5.88436698914	-1420
5.88437199593	-1420
5.88441300392	-1330
5.92092013359	-1420
5.920992136	-1420
5.92099714279	-1420
5.92103409767	-453
5.92118811607	543
5.93963503838	-1420
5.93965005875	-1420
5.93970417976	-787
5.96445202827	-1420
5.96452307701	-1316
5.96452713013	-1420
5.96456408501	-14
5.96470212936	-1420
5.96478199959	-1316
5.96478509903	-1420
5.96483111382	-14
5.97135615349	-1420
5.97139811516	-209
5.97143411636	-1420
5.97146821022	-1316
5.97147011757	-1420
5.97148704529	-14
5.97202301025	543
5.97328019142	-1420
5.97328519821	-180
5.97402119637	-1368
5.97412204742	-1420
5.97416710854	-839
5.9808909893	543
5.99610614777	543
6.02641415596	-1420
6.02642798424	-723
6.03008413315	543
6.03541302681	-1420
6.03543305397	-1316
6.03577399254	-1420
6.03578019142	-14
6.03588914871	543
6.03802418709	-1420
6.03802919388	-1420
6.03806805611	-787
6.05947613716	-1420
6.05954098701	-1420
6.05954504013	-1330
6.05977320671	-1368
6.05990409851	-1420
6.05994606018	-1382
6.06014108658	-1420
6.06018805504	-1420
6.06019210815	-273
6.0616710186	-1420
6.06167507172	-1420
6.0617120266	-787
6.06178212166	543
6.06216406822	1057
6.09779310226	-1420
6.09781217575	-1420
6.09787511826	-787
6.10672020912	-1420
6.10678720474	-1420
6.10679101944	-1330
6.12086415291	-1420
6.12088012695	-1316
6.12093400955	-1420
6.12093710899	-14
6.18492102623	-1086
6.18550109863	543
6.18595099449	1057
6.23486304283	1057
6.32850599289	-1420
6.32852602005	-151
6.4490840435	-1086
6.5214509964	-1420
6.52147603035	-1420
6.52152299881	-1330
6.52260708809	-1420
6.52261209488	-1420
6.5226521492	-787
6.54678916931	-1420
6.5468070507	-1420
6.54686117172	-1330
6.54744410515	-1420
6.54744911194	-180
6.58062314987	-1420
6.58064818382	-694
6.58627820015	1057
6.59284305573	1460
6.59290218353	111
6.60362100601	-1420
6.60363221169	-1316
6.60373306274	-1420
6.60373616219	-528
6.6038851738	-1368
6.60397815704	-1420
6.60402417183	-839
6.60412716866	543
6.60785603523	-1420
6.6078619957	-694
6.60821199417	-1368
6.60840821266	-1420
6.60844898224	-839
6.60851120949	543
6.61037611961	-1420
6.6103811264	-1179
6.63796019554	-1420
6.63797616959	-1420
6.6380610466	-787
6.67136907578	-1420
6.67143511772	-1420
6.67143917084	-787
6.6731979847	-1420
6.67320418358	-694
6.70253801346	-1420
6.70256304741	-151
6.70576620102	-1420
6.70577216148	-151
6.70897316933	-1420
6.70897817612	-1420
6.70901918411	-787
6.71532320976	-1420
6.71536612511	-1208
6.71702504158	-1420
6.71704912186	-151
6.71711611748	543
6.71962404251	-1420
6.71963000298	-151
6.72458004951	-1420
6.72458600998	-1420
6.72462916374	-1330
6.78173112869	-1420
6.78175210953	-1179
6.9190351963	-543
6.92102217674	543
7.0398581028	-1057
7.042771101	1057
7.06469607353	-1420
7.06472420692	-1420
7.06477713585	-787
7.0647790432	-1420
7.06481003761	-1420
7.06481218338	-787
7.06500315666	543
7.07357811928	-1420
7.07359719276	-1316
7.07365512848	-1420
7.0736579895	-14
7.07380914688	-1420
7.0738120079	-1420
7.07385015488	-816
7.07633519173	-1420
7.07638120651	-1420
7.07638406754	-787
7.08636403084	-1420
7.08637213707	-1420
7.08641505241	-787
7.08653402328	543
7.12692403793	-1420
7.12695097923	-694
7.12844014168	543
7.12885403633	1057
7.25004720688	1057
7.41765999794	-543
7.52994513512	-543
7.54479503632	-1420
7.54486703873	-1420
7.5449051857	-787
7.54629015923	-1420
7.54633021355	-1420
7.54636621475	-1330
7.54753708839	-1420
7.54758310318	-1420
7.54761910439	-787
7.55055904388	-1420
7.55060219765	-1420
7.55063700676	-1330
7.55101919174	-1420
7.55106210709	-1420
7.55109810829	-1330
7.57115411758	-1420
7.57116508484	-1420
7.57121801376	-1420
7.5712211132	-453
7.57228398323	543
7.57351112366	543
7.60328412056	-1420
7.60329699516	-1420
7.60335016251	-273
7.66929316521	-1420
7.66931009293	-1316
7.6696460247	-1420
7.66965198517	-14
7.75098609924	-1420
7.75100517273	-180
7.75397706032	543
7.85309004784	-1420
7.85310816765	-1420
7.85316205025	-787
7.85327720642	543
7.85511302948	543
7.97147703171	-543
7.97336220741	543
8.16513514519	-543
8.35254812241	-1057
8.35353112221	543
8.49346113205	-543
8.62679600716	-1420
8.62681412697	-180
8.62791514397	543
8.83761811256	-1420
8.83763504028	-151
9.11760902405	-1057
9.11822414398	543
9.11862516403	1057
9.13341021538	1057
9.13381505013	543
9.44592618942	-1057
9.60678219795	-1086
9.63408303261	-1420
9.63415813446	-1420
9.63420414925	-787
9.65145206451	543
9.74598813057	-1420
9.74600315094	-1420
9.74606513977	-1330
9.74797320366	543
9.86658120155	-543
9.99476718903	-1057
9.99573302269	543
10.2421979904	-543
10.255614996	-543
10.4410851002	-543
10.4424960613	543
10.4429152012	1057
10.7684590816	-1057
10.8488550186	1057
10.8510270119	1057
10.8607821465	543
11.0962350368	-543
11.1915090084	-1420
11.1915771961	-1420
11.1916191578	-787
11.2043712139	-1420
11.2044382095	-1420
11.2044780254	-1420
11.204513073	-453
11.2081310749	-1420
11.2082350254	-1179
11.2093780041	543
11.2155179977	543
11.2160520554	543
11.2361700535	-1420
11.2361850739	-1316
11.2362420559	-920
11.3631761074	-1420
11.3632471561	-1420
11.363255024	-787
11.3677890301	543
11.3696520329	543
11.5308420658	-1057
11.5335621834	543
11.6022951603	1057
11.6515080929	-543
11.805629015	-543
11.9655280113	-543
12.0209341049	-1420
12.0209600925	-694
12.0277659893	-1420
12.027777195	-1420
12.0278220177	-787
12.1482059956	-1057
12.1517000198	543
12.4676811695	-543
12.4687030315	1057
12.4695751667	1057
12.6025030613	1057
12.8799951077	-543
13.064923048	-1420
13.0649921894	-1420
13.0650570393	-1330
13.0654120445	543
13.1680650711	-1420
13.1680800915	-1179
13.1726570129	543
13.6078181267	-543
13.608959198	-543
