0	1057
0.32802605629	-543
0.362882137299	-1420
0.362930059433	-1316
0.374075174332	-1420
0.374126195908	-1420
0.374164104462	-1264
0.455792188644	-472
0.459580183029	543
0.468793153763	543
0.727751016617	-543
0.927150011063	-543
0.973901987076	-1420
0.973973035812	-1316
1.05508708954	-920
1.09405016899	543
1.42770910263	-543
1.47447609901	-1420
1.47452306747	-1316
1.59562802315	-920
1.60594511032	1057
1.63175296783	1057
1.8283829689	-543
1.9648911953	-1420
1.96496200562	-1420
1.9650080204	-1264
1.97632598877	-1368
1.9957280159	-1355
1.99861001968	543
1.9994301796	543
2.12349319458	-543
2.16359615326	-1420
2.16363310814	-1316
2.16365599632	-1368
2.1753320694	-1368
2.22972011566	-1368
2.2327849865	543
2.23540401459	543
2.25459504128	-530
2.42730498314	-543
2.47333598137	-1368
2.59959101677	-775
2.63029408455	-1420
2.63031196594	-1420
2.63039803505	-1264
2.63040208817	-1420
2.63043904305	-1316
2.66874408722	-1420
2.66876006126	-1420
2.66883802414	-1264
2.66884112358	-1368
2.67745614052	-1420
2.67747116089	-1420
2.67752718925	-1264
2.72745919228	-1420
2.72747612	-1316
2.72767019272	543
2.75856804848	-1420
2.7585849762	-1420
2.75866818428	-1420
2.7586710453	-1420
2.75871706009	-1160
2.7587211132	-1171
2.75895810127	543
2.78927302361	543
3.13562107086	-543
3.13612413406	1057
3.13651919365	1057
3.5289850235	-543
3.57537007332	-1368
3.66547513008	-1420
3.66555118561	-1420
3.66559100151	-1264
3.67453312874	-1420
3.67459702492	-1316
3.68910503387	543
3.68942499161	1057
3.69647717476	-733
4.1267490387	-543
4.25445413589	-543
4.27393102646	543
4.52731704712	-543
4.57371616364	-1420
4.57379412651	-1316
4.69453406334	-920
4.69554400444	543
4.69633316994	1057
4.69938516617	543
5.03127217293	-543
5.07348299026	-1420
5.07355618477	-1420
5.0736041069	-1264
5.19833612442	-95
