0	1057
0.179255962372	-543
0.228621006012	-1420
0.228693008423	-1316
0.233082056046	-1368
0.23312997818	-1368
0.300794124603	-1326
0.303946018219	543
0.310218095779	543
0.478960990906	-543
0.727313041687	-543
0.727385044098	-1368
0.73251414299	-1368
0.733108997345	-1420
0.733188152313	-1316
0.733245134354	-1368
0.738229036331	-1420
0.738275051117	-1420
0.738311052322	-1264
0.762649059296	-1368
0.76287817955	543
0.823248147964	1057
0.848556041718	-1420
0.848572015762	-1420
0.848628997803	-1264
0.848632097244	-1368
0.853991031647	-1420
0.853998184204	-1316
0.854246139526	543
0.854397058487	-1420
0.854402065277	-1420
0.85449719429	-1264
0.854501962662	-1420
0.854541063309	-1420
0.854542970657	-1264
0.859542131424	-1420
0.859574079514	-1420
0.859637022018	-1264
0.859639167786	-1368
0.859675168991	-1420
0.859678030014	-1316
0.884060144424	-1420
0.884075164795	-1316
0.969856977463	-1420
0.969882965088	-1420
0.969950199127	-1420
0.96995306015	-1212
0.969999074936	-1420
0.970002174377	-1420
0.970039129257	-1420
0.97004199028	-1212
0.970264196396	543
0.975301027298	-1420
0.975306034088	-1420
0.975360155106	-1420
0.975363016129	-1212
0.975588083267	-1420
0.975591182709	-1420
0.975632190704	-741
0.986576080322	1057
0.98831319809	1057
0.990663051605	1057
1.00690698624	1057
1.07007217407	1057
1.09677600861	-1420
1.0967900753	-1420
1.09684610367	-1359
1.09708118439	-1420
1.09712409973	-1316
1.19684410095	-1368
1.20626997948	543
1.20925211906	543
1.20951008797	-1420
1.20952296257	-1316
1.20984697342	-1420
1.20985007286	-1316
1.21546196938	-1368
1.21777200699	-654
1.22211003304	-1420
1.22211718559	-1316
1.22750997543	-1420
1.22752714157	-1316
1.2454199791	-1368
1.25028300285	-1420
1.25033116341	-1316
1.25033402443	-1368
1.2533249855	543
1.26008009911	543
1.26412010193	1057
1.26820802689	-1420
1.26821517944	-1316
1.26970100403	1057
1.29610204697	-1420
1.29611611366	-1420
1.29617810249	-1264
1.29966402054	543
1.3016140461	543
1.31651616096	-1420
1.31653118134	-1316
1.33912205696	-960
1.34258913994	543
1.34618616104	1460
1.34623503685	1139
1.3728351593	-1420
1.37285113335	-1420
1.37290716171	-1264
1.38783597946	-1420
1.38792896271	-1316
1.46805310249	-1044
1.47137117386	543
1.47723913193	1057
1.48362112045	-1368
1.50209617615	-1368
1.50236201286	-1420
1.50236701965	-1420
1.50240802765	-1264
1.50533914566	-1420
1.50538396835	-1420
1.50538706779	-1264
1.50618004799	-1420
1.50618600845	-1420
1.50622916222	-1264
1.50706505775	-1420
1.50710916519	-1316
1.50721812248	543
1.5099401474	1057
1.51033806801	1057
1.51301217079	543
1.51455807686	-1420
1.51456308365	-1316
1.51460599899	-1368
1.51962399483	-1420
1.51969313622	-1316
1.51977705956	-1368
1.51993298531	543
1.52043008804	-1420
1.52043509483	-1316
1.52047514915	-1368
1.59894704819	-839
1.61669707298	-1420
1.6167140007	-1316
1.61711907387	-1420
1.61712408066	-1316
1.61921715736	-1420
1.61923503876	-1316
1.62659811974	-1420
1.62660813332	-1420
1.62665605545	-1264
1.64231014252	-1368
1.66815900803	-1368
1.66869401932	-1420
1.66874718666	-1316
1.66883206367	-1368
1.66946697235	-1420
1.66949915886	-1420
1.6695420742	-1264
1.66962003708	543
1.66987109184	-1420
1.66987514496	-1316
1.67689919472	-1420
1.67691302299	-1420
1.67698216438	-1264
1.68431711197	-1420
1.6843650341	-1316
1.72028708458	-1332
1.72179818153	-1420
1.72180318832	-1316
1.72226214409	-1420
1.72226715088	-1316
1.72239613533	543
1.72401213646	-1368
1.72423315048	-1420
1.72428703308	-1420
1.72429013252	-1264
1.72433900833	-1368
1.72580099106	-1420
1.72584819794	-1316
1.72585105896	-1420
1.72589015961	-1316
1.72598600388	543
1.72714304924	-1420
1.72714805603	-1316
1.73201799393	-1420
1.73203110695	-1420
1.7320830822	-1264
1.73689699173	-1420
1.73692417145	-1316
1.74740600586	-1420
1.7474591732	-1316
1.75465917587	-1420
1.75473308563	-1316
1.75473713875	-1368
1.77762317657	-1420
1.77763319016	-1316
1.77768611908	-1368
1.7782189846	543
1.7786090374	1057
1.77874398232	-1420
1.77874898911	-1420
1.77878308296	-1264
1.77942919731	-1368
1.77965211868	-1420
1.7796561718	-1316
1.77980709076	-1420
1.77981209755	-1420
1.77985310555	-1264
1.78117203712	-1368
1.78126311302	543
1.78416705132	-1420
1.78417301178	-1420
1.78419613838	-1264
1.78462719917	-1420
1.78466916084	-1316
1.78475499153	543
1.78878617287	-1420
1.78879213333	-1316
1.79393315315	-1420
1.79394602776	-1316
1.84313106537	-1143
1.85301399231	-1420
1.85312104225	-1420
1.85312509537	-1264
1.85316205025	-1420
1.85316419601	-1316
1.85402917862	-1420
1.85403418541	-1420
1.8540661335	-1264
1.85500502586	-1420
1.85505509377	-1420
1.85505700111	-1264
1.8551671505	543
1.85530209541	-1368
1.85547018051	-1420
1.85553812981	-1420
1.85554003716	-1264
1.85558199883	-1420
1.85558509827	-1316
1.8556201458	-1420
1.85576796532	-1316
1.85580706596	-1420
1.85581016541	-1420
1.85584497452	-1264
1.85584712029	-1368
1.85588407516	-1368
1.85599517822	-1420
1.85602498055	-1316
1.88620901108	-1420
1.88628697395	-1316
1.88642215729	543
1.88826107979	-1368
1.88846802711	-1420
1.88851499557	-1420
1.88851809502	-1264
1.88906311989	-1420
1.889067173	-1316
1.88915109634	-1368
1.88922309875	543
1.88963913918	-1420
1.88964414597	-1316
1.88982009888	-1368
1.89034509659	-1420
1.89038801193	-1420
1.8903901577	-1264
1.8911280632	-1420
1.89113211632	-1316
1.89226818085	-1420
1.89227199554	-1316
1.89241218567	-1368
1.89604616165	-1420
1.89615297318	-1316
1.89629817009	543
1.89682817459	-1368
1.89689207077	-1420
1.89693498611	-1316
1.89720797539	-1420
1.8972761631	-1316
1.8972799778	-1368
1.90001296997	-1420
1.90002298355	-1420
1.90007519722	-1264
1.94298911095	-1368
1.94330215454	-1420
1.94330596924	-1316
1.94350409508	-1368
1.94368219376	-1368
1.94368600845	-1420
1.9437251091	-1316
1.94422197342	-1420
1.94422698021	-1420
1.94427013397	-1264
1.9443500042	543
1.94507718086	-1420
1.94508218765	-1420
1.94510412216	-1264
1.94530797005	-1420
1.94535017014	-1316
1.94538402557	-1368
1.94550418854	543
1.94584798813	-1368
1.94596815109	-1420
1.94601416588	-1316
1.9463391304	-1420
1.94636511803	-1420
1.94636702538	-1264
1.94752311707	-1420
1.94752907753	-1316
1.97423100471	-385
1.97442698479	-1420
1.97452497482	-1420
1.97453713417	-1420
1.9745900631	-1212
1.97459197044	-1368
1.97463202477	-1420
1.97463512421	-1420
1.97466897964	-1264
1.97478103638	543
1.9968919754	-1420
1.99690699577	-1420
1.99696516991	-1264
2.06808519363	-1420
2.06811118126	-1420
2.06816315651	-1264
2.07347297668	-1420
2.07354712486	-1316
2.09572911263	-533
2.39421200752	543
2.39499998093	1460
2.39505815506	111
2.39571714401	1460
2.39576601982	1460
2.39582109451	193
2.40190505981	1057
2.40773701668	1057
2.46669816971	1057
2.57032012939	-543
2.57087206841	1057
2.57128596306	1057
2.59376716614	-1420
2.5937871933	-1420
2.5938270092	-1264
2.59741711617	-1420
2.59748911858	-1420
2.59749317169	-1264
2.60113406181	-1420
2.60113811493	-1420
2.60117912292	-1264
2.60693907738	-1420
2.607006073	-1420
2.60701012611	-1264
2.6074450016	-1420
2.60745000839	-1316
2.60762619972	1057
2.60808610916	-1368
2.60821413994	-1420
2.60825610161	-1316
2.61099219322	-1420
2.61101603508	-1316
2.62639713287	-1420
2.6264591217	-1420
2.62646317482	-1264
2.6268889904	543
2.62739610672	-1420
2.62740111351	-1316
2.63203310966	-1420
2.63203907013	-1316
2.63209199905	-1368
2.64223718643	543
2.64360809326	-1420
2.64361310005	-1316
2.65217018127	-1420
2.65217804909	-1316
2.65813207626	-1420
2.65814208984	-1420
2.65819096565	-1264
2.65906119347	543
2.66054010391	543
2.67127919197	543
2.67632007599	-1420
2.67632699013	-1316
2.69155812263	-966
2.71037602425	543
2.71064114571	543
2.71098899841	-1368
2.74654006958	-1420
2.74661517143	-1420
2.74661898613	-1264
2.74665617943	-1420
2.74665904045	-1316
2.76284813881	-1420
2.76286315918	-1316
2.7704000473	-1420
2.77041006088	-1420
2.77046298981	-1264
2.78864908218	-1368
2.79107713699	-1420
2.79108309746	-1316
2.79239797592	543
2.79666900635	543
2.79874396324	1057
2.79919910431	543
2.8001730442	-1420
2.80018496513	-1420
2.80023598671	-1264
2.80085611343	1057
2.83233118057	-367
2.83578705788	543
2.84660696983	543
2.84686517715	543
2.85439109802	-1420
2.85439801216	-1420
2.8544690609	-1264
2.85447096825	-1368
2.8554251194	-1420
2.85542917252	-1420
2.85549116135	-1264
2.85559010506	-1420
2.85563206673	-1420
2.85563516617	-1264
2.85643601418	-1368
2.92674708366	-1368
2.92692518234	543
2.94839119911	543
2.94867396355	1057
2.94888997078	1057
2.9568271637	-543
2.95753502846	-836
2.97092199326	-1420
2.9709789753	-1316
2.97491717339	-1420
2.97496509552	-1420
2.97496819496	-1264
2.9756770134	-1420
2.97568202019	-1420
2.9757270813	-1264
2.97825717926	-1420
2.97830510139	-1420
2.97830796242	-1264
3.022356987	-1368
3.02301597595	-1420
3.02307701111	-1316
3.0242190361	-1420
3.02426600456	-1420
3.024269104	-1264
3.02480912209	543
3.02654099464	-1420
3.0265481472	-1420
3.02659201622	-1420
3.02659511566	-1212
3.02819919586	-1420
3.02821397781	-1316
3.06054115295	-1420
3.060557127	-1316
3.06230711937	543
3.06504011154	-1420
3.06505513191	-1316
3.0692551136	-1368
3.06959915161	-1420
3.06965017319	-1316
3.07229304314	-1420
3.07240200043	-1316
3.07240509987	-1420
3.07244300842	-1316
3.07244610786	-1368
3.0733101368	-1420
3.07331514359	-1316
3.07819104195	543
3.07904601097	1057
3.08635997772	1057
3.09206700325	-684
3.09840202332	-1420
3.09844017029	-1179
3.10432100296	-1420
3.1043741703	-1316
3.10877799988	-1420
3.10882496834	-1316
3.1292860508	543
3.15631604195	-1368
3.22553300858	-1044
3.23634719849	1057
3.32545304298	-1368
3.34672808647	-804
3.49300003052	-1420
3.49301505089	-1316
3.49307107925	-1368
3.49636697769	543
3.50906610489	-638
3.51911902428	1057
3.61169505119	-1368
3.67007112503	-746
3.83104801178	-543
3.91160702705	-1420
3.911632061	-1316
3.91168403625	-1368
3.91178703308	-1368
3.91193318367	543
3.95222401619	-298
3.96978497505	1057
4.31269097328	-543
4.31270813942	-1420
4.31276607513	-1316
4.31459307671	-1420
4.31464600563	-1316
4.31473016739	-1368
4.3177511692	-1420
4.31775617599	-1420
4.31779813766	-1264
4.32752108574	-1368
4.32757806778	-1368
4.32772302628	543
4.36327314377	-1420
4.36329007149	-1420
4.36335301399	-1264
4.36532497406	-1420
4.3653690815	-1420
4.36537218094	-1264
4.36548113823	543
4.36582708359	-1420
4.36583209038	-1316
4.36591219902	-1368
4.36737513542	-1420
4.3674249649	-1420
4.36742806435	-1264
4.3676970005	-1420
4.36770105362	-1420
4.36774301529	-1264
4.36843705177	-1420
4.36848497391	-1316
4.37383818626	-1368
4.37398815155	-1368
4.37906908989	-1420
4.37912797928	-1420
4.37913203239	-1264
4.41565918922	-1368
4.41567516327	-1420
4.41573619843	-1316
4.41729402542	543
4.41774296761	1057
4.41786909103	-1420
4.41788196564	-1420
4.41792607307	-1264
4.41847014427	-1420
4.41851806641	-1316
4.41921114922	-1368
4.43420100212	-1420
4.43423104286	-1420
4.43429803848	-1420
4.43430113792	-1420
4.43433618546	-1160
4.4343380928	-1368
4.43456315994	543
4.43596315384	-1420
4.43597698212	-1420
4.43604707718	-1420
4.43604898453	-1212
4.43612599373	-1420
4.4361281395	-1316
4.43628311157	543
4.4390130043	-1368
4.43922114372	-1420
4.43926501274	-1420
4.43926811218	-1420
4.43930506706	-1420
4.4393081665	-1160
4.4489171505	-1420
4.44892597198	-1420
4.44898319244	-1264
4.44898509979	-1368
4.48460316658	-1420
4.48462796211	-1420
4.48468399048	-1264
4.48468613625	-1420
4.48472213745	-1420
4.4847240448	-1264
4.48677515984	-1420
4.48679018021	-1420
4.48683214188	-1420
4.4868350029	-1212
4.48688101768	-1420
4.48688316345	-1316
4.48699998856	543
4.48737812042	-1420
4.48738217354	-1420
4.48742198944	-1264
4.48742413521	-1368
4.48859500885	-1420
4.48860001564	-1420
4.48862099648	-1420
4.48862314224	-1212
4.48870706558	-1420
4.48871016502	-1420
4.48875117302	-1264
4.48885703087	-1368
4.48887419701	543
4.48899412155	-1368
4.48906612396	-1420
4.48906898499	-1420
4.48911714554	-1264
4.4891500473	-1368
4.4892551899	543
4.4893181324	-1368
4.48973011971	-1420
4.48977208138	-1316
4.48990511894	-1420
4.48992800713	-1316
4.49528717995	-1420
4.49534797668	-1420
4.4953520298	-706
4.51778411865	1057
4.72921609879	-543
4.82651209831	-1420
4.82658600807	-1420
4.82662796974	-1264
4.82777810097	-1420
4.82786107063	-1316
4.82790803909	-1368
4.82879710197	-1420
4.82884407043	-1420
4.82888102531	-1264
4.83201599121	-1420
4.83206105232	-1316
4.87787008286	-1420
4.87793803215	-1420
4.87797617912	-1264
4.87948799133	-1420
4.87953305244	-1420
4.87953615189	-1264
4.8796441555	543
4.87993216515	-1420
4.87993717194	-1420
4.88000512123	-1264
4.88068604469	-1420
4.88071298599	-1316
4.88077712059	-1368
4.88119411469	-1368
4.88128519058	-1368
4.8813021183	543
4.88150000572	-1368
4.88164901733	-1420
4.88165307045	-1316
4.88175606728	-1368
4.88194417953	-1420
4.88196897507	-1316
4.8822991848	-1420
4.88232398033	-1316
4.89029598236	-328
4.89045810699	543
4.92833304405	-1420
4.92835307121	-1316
4.92878508568	-1420
4.92878913879	-1420
4.92883205414	-1264
4.92935609818	-1368
4.92953801155	-1420
4.92954206467	-1316
4.9311401844	-1420
4.93114709854	-1420
4.93122911453	-1264
4.93123102188	-1368
4.93169617653	-1420
4.93169999123	-1316
4.93195819855	-1420
4.93197107315	-1420
4.93201208115	-1264
4.932929039	-1368
4.93305206299	-1420
4.93305706978	-1316
4.93329000473	-1420
4.93329405785	-1316
4.93338799477	543
4.93354296684	-1420
4.93354511261	-1316
4.94855999947	-1420
4.94857501984	-1420
4.94862914085	-1264
4.94869303703	-1420
4.94872403145	-1420
4.94872617722	-1264
4.94890618324	543
4.94941020012	-1420
4.94941401482	-1420
4.94944500923	-1264
4.9517250061	-1420
4.95176696777	-1316
4.95177006721	-1368
4.95180702209	-1368
4.95213413239	-1420
4.95219111443	-1420
4.95219397545	-1264
4.95230913162	543
4.95944404602	-1420
4.95945811272	-1420
4.95952796936	-1264
4.97578215599	-1420
4.97584009171	-1316
4.9779009819	-1420
4.9779920578	-1420
4.97799706459	-1264
4.98021912575	-1420
4.98022413254	-1420
4.98026514053	-1264
4.99481511116	-1420
4.99488711357	-1316
5.04958319664	-102
5.18295311928	1057
5.18969106674	1460
5.18974709511	111
5.21346116066	543
5.36972212791	-543
5.42177009583	-1420
5.4218211174	-1316
5.53134012222	-949
5.53228712082	543
5.65296411514	-543
5.65339207649	1460
5.65344810486	111
5.77514505386	-543
5.7756049633	1057
5.93582510948	-543
6.09712815285	-1086
6.1063580513	1057
6.21666312218	1057
6.37276816368	-543
6.38972806931	543
6.66702508926	-1420
6.66704201698	-491
6.6671090126	-1368
6.66830801964	-1420
6.66836214066	-1316
6.78827404976	-269
7.15962409973	543
7.35856819153	-543
7.35864400864	-1368
7.48005604744	-203
7.48036408424	543
7.4972410202	543
7.91965007782	1057
7.92568612099	-543
7.92571115494	-1368
8.04702806473	-717
8.20810198784	-1086
8.21201705933	543
8.22025418282	1057
8.22050309181	1057
8.22100400925	1057
8.22157812119	1057
8.4142639637	-543
8.41427898407	-1368
8.4143371582	-1368
8.41545200348	-1368
8.41683697701	-1420
8.41684103012	-1316
8.42559409142	-1368
8.4257311821	-1420
8.42575597763	-1316
8.43625998497	543
8.43632411957	-1420
8.43632817268	-1316
8.44631814957	1057
8.4612569809	-1420
8.46127319336	-1420
8.4613301754	-1264
8.46274805069	-1368
8.46288704872	-1420
8.46289014816	-1316
8.46450996399	-1420
8.46452116966	-1420
8.4645550251	-1264
8.46567797661	-1420
8.4657201767	-1316
8.46584415436	-1420
8.46584606171	-1420
8.46584701538	-1264
8.50936317444	-1420
8.50937914848	-1316
8.50974011421	543
8.51053905487	-1420
8.51054310799	-1316
8.51061201096	-1368
8.51102304459	-1420
8.51106905937	-1316
8.51211309433	-1420
8.51216411591	-1316
8.51216697693	-1368
8.51222109795	-1368
8.51266813278	-1368
8.51274013519	-1368
8.51283311844	543
8.5360660553	-1420
8.53608298302	-1420
8.53613305092	-928
8.55916619301	-1420
8.55924105644	-1420
8.55924510956	-1264
8.56030201912	-1420
8.56030702591	-1420
8.56035709381	-1264
8.56044411659	543
8.56120705605	-1420
8.56121110916	-1420
8.56125211716	-1264
8.5615811348	-1420
8.56160402298	-1316
8.56367206573	-1420
8.56371498108	-1316
8.56497597694	-1420
8.56501913071	-1420
8.56502103806	-1264
8.56979703903	-1420
8.56981015205	-1316
8.58470106125	-1420
8.58471417427	-1316
8.5848441124	-1420
8.58485603333	-1420
8.58489513397	-1264
8.60796308517	-1420
8.60802006721	-1316
8.6150290966	-1420
8.6150841713	-1420
8.61508703232	-1420
8.61512303352	-1212
8.61525702477	543
8.61553406715	543
8.62001419067	-1420
8.62002801895	-1420
8.62008905411	-1264
8.62021899223	543
8.65735197067	-1211
8.78310918808	-1420
8.78312516212	-1316
8.78487801552	-1420
8.78488302231	-1316
8.78493714333	-1368
8.78501796722	543
8.78519511223	-1368
8.78534007072	-1420
8.78538298607	-1316
8.78792500496	-1368
8.80015707016	1057
8.81668615341	-1368
8.83518910408	-1002
8.86857008934	-1420
8.86858916283	-1316
8.869587183	-1368
8.86976504326	-1420
8.86981105804	-1316
8.8701300621	-1420
8.87017202377	-1420
8.87017512321	-1264
8.87451004982	-1420
8.87454319	-1316
8.87472009659	-1368
8.91859602928	-1368
8.91881203651	-1420
8.91887402534	-1420
8.91887807846	-1420
8.91891598701	-1420
8.91891813278	-1160
8.91906809807	543
8.92325997353	-1420
8.92328715324	-1420
8.92332816124	-1264
8.92563319206	-1368
8.92574596405	-1420
8.92575001717	-1316
8.93300104141	-1368
8.95651197433	-101
9.08053517342	-1420
9.08055210114	-491
9.08060717583	-1368
9.08402013779	-1420
9.0840690136	-1420
9.08407211304	-1264
9.08491206169	-1420
9.08492517471	-1420
9.08496713638	-1264
9.08504509926	543
9.08729815483	-1420
9.08730316162	-1420
9.08732414246	-1264
9.09295010567	-1420
9.0929980278	-1316
9.0930981636	543
9.09792709351	-1420
9.0979321003	-1316
9.09805607796	-1368
9.10454010963	-1420
9.10459017754	-1420
9.10459303856	-1264
9.20174717903	-599
9.2210381031	1057
9.22901296616	1057
9.39049696922	-543
9.40628409386	-1420
9.40635704994	-1420
9.40636301041	-1264
9.52787804604	-609
9.53065013885	543
9.53704619408	543
9.55312609673	-1420
9.55313301086	-1420
9.55317807198	-1264
9.55415797234	543
9.65226697922	-66
9.65835404396	543
9.66668605804	543
9.66693019867	543
9.77994918823	-543
9.83555912971	-543
9.9459900856	-543
9.99491810799	-1057
10.1525661945	-543
10.2907910347	-1057
10.2925851345	1460
10.296751976	111
10.5566689968	-543
10.6402890682	-1368
10.6540629864	-1368
10.6602840424	1057
10.6779501438	-522
10.6809279919	1057
10.8528561592	-543
10.8555791378	-1420
10.8556611538	-1316
10.8556640148	-1368
10.9741120338	-66
10.9766969681	543
10.9779579639	543
11.0243360996	-1420
11.0243489742	-1420
11.0244090557	-1264
11.095705986	-609
11.097782135	543
11.0993871689	358
