0	-543
1.55607700348	-543
3.11578822136	1057
4.9463121891	-543
5.04056715965	-1228
5.11524415016	-343
5.60775613785	-1420
5.60780620575	-151
5.75144600868	-1420
5.7515130043	-1420
5.75156021118	-273
5.88029503822	-543
5.89492702484	543
6.65360307693	-543
6.6539850235	543
7.49510717392	-1420
7.49512505531	-151
7.52966308594	-1228
7.52967905998	-1228
7.55959701538	-1420
7.55962109566	-1420
7.55965709686	-844
7.59116601944	-1420
7.59121704102	-1036
7.61336421967	-1228
7.62790417671	-1086
7.83576416969	-1420
7.83583807945	-1420
7.83587503433	-787
7.86270904541	543
7.98778009415	-543
12.3376710415	-1420
12.3378372192	-1420
12.3378751278	-787
12.3380160332	543
12.3615820408	-1420
12.3615970612	-1420
12.3616571426	-844
12.3744471073	-1228
12.4359810352	1057
12.4664092064	-829
12.5563950539	-1420
12.5564630032	-1036
12.5704200268	-1420
12.5704832077	-1420
12.5705280304	-844
12.5951910019	-600
12.93141222	-543
13.2464179993	-543
13.8934440613	-1420
13.8935010433	-151
13.9102671146	-1420
13.9103331566	-1036
13.9235260487	-1228
13.9357402325	-1228
14.0218732357	-315
14.03089118	543
14.2067790031	-543
14.2071540356	1460
14.2072200775	111
14.5068471432	-1420
14.5068662167	-1420
14.5069282055	-273
14.5070610046	543
14.517439127	-543
15.4201250076	-1420
15.4201421738	-1036
15.4201872349	-657
16.3291752338	-1420
16.3292241096	-1420
16.3292431831	-787
16.362801075	1057
16.3726072311	1057
16.4578661919	-1057
16.704223156	-1057
16.8726701736	-543
17.0012822151	-543
17.0018901825	1460
17.0020060539	111
17.303068161	-1420
17.3030860424	-151
17.3156511784	-1420
17.3156661987	-1036
17.4317982197	-657
17.6124022007	-1057
17.6131510735	543
17.6335191727	1460
17.6335880756	1139
17.8575911522	543
17.8577730656	543
17.8657062054	-1057
18.2218501568	-1420
18.2219450474	-151
18.2303991318	-1228
18.3503921032	-343
18.3508732319	1057
18.5055010319	-543
18.5325880051	-1228
18.6624422073	-343
19.4389870167	-1420
19.4390799999	-1420
19.4391481876	-273
19.4513602257	-1228
19.4514291286	-1228
19.5678961277	-657
19.5682380199	543
19.808273077	-1057
19.8087151051	1057
19.9895350933	-1420
19.9895541668	-151
19.9899671078	1057
20.4801712036	-1057
20.480877161	1057
20.6464231014	-1057
20.6465690136	543
20.6553342342	1057
20.9792721272	-1057
20.985858202	1057
21.1503791809	-1057
21.1572570801	569
