0	543
2.13310194016	543
2.30565881729	-543
2.30584692955	543
2.48211097717	-1420
2.48212981224	-151
2.48979878426	-1420
2.48980498314	-1316
2.50244283676	-1368
2.60854196548	-580
2.62292695045	543
2.79861187935	-543
2.79903388023	543
3.18236494064	-1420
3.18238592148	-151
3.18471479416	-1420
3.18472099304	-1316
3.18515086174	-1420
3.18515586853	-1420
3.18519592285	-1264
3.18982481956	-1420
3.18988490105	-1420
3.18988895416	-1264
3.19005799294	543
3.30911278725	-1420
3.30913186073	-1420
3.30918693542	-1264
3.31135082245	-1420
3.31139278412	-1420
3.31139588356	-1264
3.31160593033	-1368
3.31176280975	-1420
3.31181287766	-1420
3.3118159771	-1264
3.31204080582	543
3.31664896011	-1420
3.31665587425	-1420
3.31670880318	-1420
3.31671190262	-1212
3.40788984299	543
3.43569993973	-1420
3.43571782112	-1420
3.43578195572	-424
3.6172440052	-543
3.61750888824	543
3.80169391632	-1368
3.80181288719	-1420
3.80185580254	-325
3.82307195663	-1420
3.82312893867	-1316
3.9283618927	-920
3.94425392151	543
4.13392090797	-543
4.13425683975	1460
4.13431096077	111
4.43962883949	-1420
4.43964886665	-151
4.43989181519	-1420
4.4398958683	-1316
4.44024896622	-1368
4.44666695595	-1420
4.44671297073	-1420
4.44671583176	-1264
4.46048593521	-1368
4.51543283463	1057
4.51839494705	1460
4.51848077774	1139
4.56611084938	-306
4.69344377518	-543
4.82031679153	-1420
4.8204138279	-151
4.82771897316	-1420
4.8277888298	-1316
4.84213399887	-1368
4.94684886932	-1123
4.94712281227	543
4.96353697777	1057
4.96947479248	1460
4.96952700615	1139
5.17981696129	-1420
5.1798479557	-151
5.27206087112	-1420
5.27208590508	-1316
5.27352499962	-1368
5.27982497215	-1420
5.27987289429	-1420
5.27987790108	-1264
5.29279994965	-1368
5.30299186707	543
5.30611085892	-820
5.30638599396	1057
5.60521888733	-1420
5.60525584221	-151
5.60565686226	543
5.61414694786	1057
5.95221495628	-1057
5.95802283287	1057
6.1401720047	-1057
6.14670586586	1057
6.3225839138	-1420
6.32260298729	-1420
6.32264280319	-787
6.33026480675	-1420
6.33029389381	-1420
6.33029699326	-1264
6.4491109848	-1123
6.45833897591	1057
6.72642397881	1460
6.72650885582	1139
6.72669887543	1057
6.76297187805	-1420
6.76297998428	-151
6.76370978355	-1368
6.76414895058	-1420
6.76417779922	-1316
6.77067494392	-1420
6.7707028389	-1420
6.77070593834	-1264
6.78301477432	-1420
6.78302192688	-1316
6.8896548748	-1420
6.88968491554	-1420
6.8897588253	-1264
6.89002084732	543
6.8907418251	-1420
6.8907558918	-1316
6.89081478119	-1420
6.89082098007	-1316
6.89232683182	543
6.8973968029	-1420
6.89741277695	-1420
6.89749383926	-1420
6.89749979973	-1212
6.90958595276	-1420
6.90960288048	-1420
6.90966796875	-1264
6.90986680984	543
7.01620483398	-1420
7.0162229538	-1420
7.01628398895	-1420
7.01628994942	-1212
7.01734399796	-1420
7.017359972	-1420
7.01741886139	-1264
7.01742482185	-1420
7.01747298241	-1420
7.01747989655	-1264
7.01838183403	543
7.02425885201	-1420
7.02427387238	-1316
7.02433300018	-1420
7.02433896065	-1420
7.0243768692	-1264
7.03626799583	-1420
7.03633499146	-1420
7.03634095192	-1264
7.03638577461	-1368
7.14294981956	-1420
7.14296984673	-1316
7.1430079937	-1420
7.14301085472	-1316
7.14302682877	-1368
7.14378595352	-1420
7.14379191399	-1316
7.14382600784	-1420
7.14382791519	-1316
7.14384484291	-1420
7.14384698868	-1316
7.14399981499	-1420
7.1440038681	-1316
7.14410877228	543
7.15104699135	-1420
7.15105295181	-1420
7.15108799934	-1264
7.15109086037	-1368
7.15111494064	-1420
7.15111684799	-1316
7.15113091469	-1368
7.15124797821	543
7.16310381889	-1420
7.16313195229	-1420
7.16323280334	-1420
7.16323900223	-1212
7.20224690437	-1420
7.20226383209	-1316
7.20262789726	543
7.26962399483	-1420
7.26964092255	-1420
7.26970100403	-1264
7.26970791817	-1420
7.2697467804	-1420
7.26975297928	-1264
7.27046179771	-1420
7.27059984207	-1420
7.27070784569	-1420
7.27071499825	-1212
7.2708029747	-1420
7.27080893517	-1420
7.27089381218	-1420
7.27090191841	-1212
7.27098584175	-1420
7.27099180222	-1420
7.27107477188	-1264
7.27108192444	-1420
7.27116394043	-1316
7.27162885666	543
7.27786397934	-1420
7.27787899971	-1420
7.27798700333	-1264
7.27799296379	-1368
7.27808094025	-1420
7.27808690071	-1316
7.27817082405	-1420
7.27817678452	-1316
7.29067897797	-1420
7.29069495201	-1420
7.29075479507	-1264
7.29075980186	-1420
7.29079794884	-1420
7.29080200195	-1264
7.29105877876	543
7.32880091667	-1420
7.32881689072	-1420
7.3288769722	-1264
7.39656400681	-1420
7.39658093452	-1420
7.39668488503	-1420
7.39669179916	-1420
7.39689993858	-1420
7.39690685272	-1420
7.39699077606	-1056
7.39699792862	-1368
7.39708995819	-1420
7.39709591866	-1420
7.39717578888	-1420
7.39718198776	-1212
7.39749193192	-1420
7.39749789238	-1316
7.39758491516	-1420
7.39759087563	-1316
7.39769482613	-1420
7.39770078659	-1420
7.39778590202	-1420
7.39779186249	-1212
7.39787483215	-1420
7.39788079262	-1420
7.39788293839	-1264
7.39788579941	-1420
7.39788794518	-1316
7.39821696281	543
7.39993882179	543
7.40436697006	-1420
7.40438389778	-1420
7.40444397926	-1264
7.40444898605	-1368
7.40466690063	-1420
7.40467500687	-1420
7.40476584435	-1420
7.40477085114	-1212
7.4048538208	-1420
7.40485978127	-1316
7.40494394302	-1368
7.40525794029	543
7.41742396355	-1420
7.41743993759	-1420
7.41751694679	-1264
7.41752290726	-1368
7.41756296158	-1368
7.41774892807	-1368
7.41794800758	-1420
7.41795682907	-1316
7.41824579239	543
7.45553684235	-1368
7.45555281639	-1420
7.45560884476	-1420
7.45561385155	-1264
7.52322387695	-1420
7.52324390411	-1316
7.52330994606	-1420
7.52331280708	-1420
7.52337598801	-1264
7.52337884903	-1420
7.52342391014	-1420
7.52342677116	-1420
7.5234618187	-1420
7.52346777916	-1160
7.52353692055	-1420
7.52353978157	-1420
7.52358484268	-1264
7.52358698845	-1368
7.52367281914	-1420
7.52367687225	-1420
7.52369379997	-1264
7.52369594574	-1420
7.52372193336	-1316
7.5238878727	-1420
7.52393698692	-1420
7.52393889427	-1420
7.52394080162	-1212
7.52404999733	-1420
7.52405595779	-1420
7.52405691147	-1264
7.52423596382	-1368
7.52438592911	-1420
7.52438879013	-1420
7.52438998222	-1420
7.52439188957	-1212
7.52439284325	-1420
7.52439379692	-1420
7.52439379692	-1264
7.52513194084	543
7.52566981316	543
7.52611684799	543
7.53077578545	-1420
7.53078889847	-1420
7.53082990646	-1420
7.53083300591	-1212
7.53134894371	-1420
7.53135490417	-1420
7.53137683868	-1420
7.53137898445	-1212
7.53140377998	-1368
7.53150391579	-1420
7.53154182434	-1420
7.53154492378	-1264
7.53157997131	-1368
7.5322740078	-1420
7.5323278904	-1316
7.53273296356	1057
7.5445728302	-1420
7.54458999634	-1420
7.5446999073	-1420
7.54470586777	-1212
7.5447769165	-1420
7.54478192329	-1420
7.54484891891	-1264
7.54485297203	-1420
7.54491996765	-1420
7.54492378235	-1264
7.5449898243	-1368
7.54579877853	543
7.58284282684	-1420
7.58286094666	-1420
7.58292293549	-1264
7.58292889595	-1420
7.58296990395	-1316
7.65010786057	-1420
7.65013384819	-1420
7.650192976	-1420
7.65019893646	-1420
7.65023589134	-1160
7.65024185181	-1420
7.65027689934	-1316
7.65028190613	-1420
7.65034794807	-1420
7.65035390854	-1264
7.65039277077	-1420
7.65039777756	-1316
7.65071082115	-1420
7.65072083473	-1316
7.65082383156	-1420
7.65082979202	-1420
7.65096783638	-1264
7.65097284317	-1368
7.65105199814	-1368
7.6510579586	-1420
7.65128087997	-1420
7.65128684044	-1264
7.65128993988	-1420
7.65129184723	-1420
7.65129494667	-1264
7.65129685402	-1368
7.65129995346	-1420
7.65130186081	-1316
7.65132498741	-1420
7.65132880211	-1420
7.65133190155	-1264
7.6513338089	-1420
7.65133690834	-1316
7.65134000778	-1368
7.65145087242	-1420
7.65145587921	-1420
7.65145897865	-1264
7.651460886	-1368
7.65154480934	-1420
7.65154981613	-1420
7.65155982971	-1264
7.65156292915	-1420
7.6515648365	-1316
7.65189599991	-1368
7.65362596512	543
7.65499186516	543
7.65577578545	543
7.65621089935	543
7.65734696388	-1420
7.65735197067	-1420
7.65739297867	-1420
7.65739488602	-1212
7.65794682503	-1420
7.65795993805	-1420
7.65799880028	-1264
7.65800189972	-1420
7.65806484222	-1316
7.65806794167	-1420
7.6581029892	-1420
7.65810489655	-1264
7.65815091133	-1420
7.65819978714	-1420
7.65823888779	-862
7.66132092476	1057
7.66314387321	1057
7.73200082779	-1368
7.73931980133	-1368
7.75242400169	-1420
7.75244092941	-1316
7.78510379791	-1297
7.79440283775	543
8.03527498245	-1420
8.03529381752	-151
8.04866981506	-1368
8.1272919178	-1368
8.16178798676	-406
