0	543
0.526656150818	-543
0.526888132095	543
1.42551207542	-1420
1.42553305626	-1420
1.42558002472	-787
1.42572116852	543
1.46444916725	543
1.48620414734	-1420
1.48621201515	-1316
1.48625922203	-1368
1.54270720482	-1123
1.55853509903	543
1.58736109734	-1420
1.58737611771	-1316
1.5877430439	-1420
1.58774709702	-1316
1.58899211884	-1420
1.58899617195	-1420
1.58901500702	-1264
1.58968400955	-1368
1.58979701996	-1368
1.60922908783	-1420
1.60929918289	-1316
1.61896014214	543
1.61926722527	543
1.61957812309	543
1.65986800194	-1060
1.6884701252	-1368
1.68851900101	-1368
1.68876004219	-1368
1.68919610977	-1368
1.69013023376	543
1.70455622673	-1368
1.72536206245	-1368
1.77729010582	-704
1.80443620682	-1368
1.89496922493	-717
1.90278220177	543
2.04868817329	-543
2.20573616028	-543
2.20638608932	543
2.3239171505	-543
2.32410621643	543
2.44157123566	-1086
2.44808721542	543
2.44899606705	1057
2.57281422615	-1420
2.57283306122	-151
2.66264414787	-1420
2.66266322136	-1316
2.6668112278	-1368
2.67152810097	-1420
2.6715900898	-1420
2.67159318924	-1264
2.6737601757	-1420
2.67376708984	-1420
2.67381906509	-1264
2.69013309479	-712
2.76038718224	-1368
2.76062107086	-1420
2.76069307327	-1316
2.76101207733	-1420
2.76107501984	-1316
2.76107811928	-1420
2.76112222672	-1316
2.76122403145	-1420
2.76124620438	-1420
2.76124811172	-1264
2.7612850666	543
2.76140213013	-1420
2.76140403748	-1420
2.76144909859	-1264
2.79761099815	-1420
2.79769611359	-1316
2.81702303886	-1368
2.84686112404	-989
2.86634111404	-1420
2.86639022827	-1316
2.86708021164	-1368
2.87088322639	-1420
2.87089014053	-1420
2.87093305588	-1264
2.93203520775	-1420
2.93205213547	-1316
2.93221020699	543
2.93233323097	-1368
2.93254709244	-1420
2.93257904053	-1316
2.93280220032	-1368
2.9330201149	-1420
2.93302416801	-1316
2.93306112289	-1368
2.93399310112	1460
2.93403911591	111
2.93554401398	543
2.9356880188	543
2.94223999977	543
2.96419000626	-1329
2.96478414536	-1420
2.9648141861	-1316
2.96659016609	-1420
2.96661305428	-1420
2.96661615372	-1264
2.97244715691	-1420
2.97245717049	-1420
2.97251009941	-1264
3.03547215462	-1420
3.03548908234	-1316
3.03570008278	1057
3.0360212326	-1420
3.03602600098	-1316
3.03668403625	-1420
3.03668904305	-1316
3.06431818008	-1420
3.0643351078	-1420
3.06438803673	-1264
3.06505703926	-1368
3.06601119041	-1368
3.06650519371	-1420
3.0665512085	-1316
3.0665910244	-1368
3.06767916679	-1420
3.06768417358	-1420
3.06772422791	-1264
3.06885814667	-1368
3.08195614815	-333
3.08208107948	543
3.24078202248	-1420
3.24079918861	-1420
3.24086308479	-787
3.2455830574	-1420
3.24561905861	-1316
3.25053715706	-1368
3.26113605499	-1420
3.26114201546	-1316
3.26591706276	-1420
3.26592803001	-1420
3.26597619057	-1264
3.27038121223	-1420
3.2704501152	-1420
3.27045512199	-1264
3.27598810196	543
3.27824521065	-1420
3.27825021744	-1420
3.27827310562	-1264
3.28391122818	-1368
3.2950220108	-1368
3.29502916336	-1420
3.29505205154	-1316
3.29697918892	-1420
3.29702305794	-1316
3.2970252037	-1368
3.29713106155	1057
3.30123209953	-1368
3.30312800407	-1420
3.30317211151	-1420
3.30317521095	-1264
3.30513000488	-1368
3.30686807632	-1420
3.30691003799	-1316
3.30831217766	-1368
3.30854320526	-1420
3.30854821205	-1316
3.31136322021	-1420
3.31136918068	-1420
3.31141209602	-1264
3.33683109283	-1420
3.33688211441	-1420
3.33688521385	-1264
3.33692717552	-1420
3.33707904816	543
3.33712315559	-1420
3.33712601662	-1264
3.33712601662	-1368
3.33738517761	-1420
3.33742809296	-1420
3.3374311924	-1264
3.34263300896	-1368
3.34263920784	-1420
3.34268021584	-1316
3.35781812668	-766
3.36704301834	-1368
3.36809206009	-1420
3.36812806129	-1316
3.36908912659	-1420
3.36913204193	-1420
3.36913514137	-1264
3.37136411667	-1368
3.43668103218	-1420
3.43669819832	-1420
3.43675208092	-1264
3.43707323074	-1420
3.43709516525	-1420
3.43709802628	-1264
3.44385910034	-1420
3.44386506081	-1316
3.4440472126	543
3.46418309212	543
3.48429203033	-815
3.49414110184	543
3.49456214905	543
3.57167220116	-1368
3.57188916206	543
3.60158610344	-261
3.74982309341	-1368
3.7688062191	-232
3.76910805702	543
3.8083820343	543
3.8213391304	543
3.82167100906	543
3.83431315422	1057
3.85477399826	543
3.89494204521	1057
3.9223511219	543
3.93352413177	1057
3.94749307632	-543
3.94786310196	543
3.95387721062	1057
3.99335122108	543
4.0123000145	-1368
4.01251006126	543
4.01272821426	1460
4.01277208328	1460
4.01284217834	-1420
4.01284408569	-1316
4.01286005974	193
4.01331114769	-1368
4.01446819305	-1420
4.01449203491	-1316
4.02611303329	-1420
4.02615904808	-1420
4.0261631012	-1264
4.04227614403	543
4.05340313911	1057
4.07161617279	-1255
4.08402109146	543
4.08443522453	543
4.10088300705	543
4.1363761425	543
4.16625523567	-1420
4.16626620293	-1316
4.17647314072	-1420
4.17648220062	-1420
4.17653918266	-1264
4.17906618118	-1368
4.18121504784	-1420
4.18122220039	-1316
4.18201422691	543
4.21837711334	-480
4.23712706566	-1368
4.23809909821	-1368
4.23829007149	543
4.23848009109	-1420
4.23848509789	-1420
4.23852801323	-1264
4.2389831543	-1420
4.23902821541	-1316
4.23979306221	-1368
4.24041318893	-1368
4.24108910561	-1420
4.24113106728	-1316
4.24760603905	-1420
4.24765110016	-1420
4.2476541996	-1264
4.24785113335	543
4.24818205833	1460
4.24822711945	1460
4.2482612133	193
4.25044703484	543
4.25089502335	543
4.25123310089	543
4.26946520805	-1420
4.26947402954	-1316
4.26958322525	-1368
4.27085804939	-1368
4.27156615257	-1368
4.27246713638	-1368
4.27255511284	543
4.2754201889	-1420
4.27542614937	-1420
4.27547216415	-1264
4.30234003067	543
4.30416321754	543
4.33787608147	-1420
4.33789920807	-1316
4.33795309067	-1368
4.33855700493	-1420
4.33861017227	-1420
4.33861303329	-1264
4.33950519562	-1368
4.33976101875	-1420
4.33980703354	-1316
4.34038615227	-1368
4.34120821953	-1420
4.34121322632	-1420
4.34123706818	-1264
4.34279513359	-1420
4.34284305573	-1420
4.34284615517	-1264
4.35432600975	-829
4.35441923141	543
4.36978816986	-1368
4.37035012245	-1420
4.3704020977	-1420
4.37040519714	-1264
4.37051820755	-1420
4.37052106857	-1420
4.37056016922	-1264
4.43809819221	-1420
4.43811202049	-1420
4.43816423416	-1264
4.43862605095	-1420
4.43863511086	-1420
4.43865799904	-1264
4.43869805336	-1368
4.43880009651	543
4.4389591217	-1420
4.43896222115	-1316
4.43924713135	-1420
4.43925309181	-1420
4.43927407265	-1264
4.43944501877	-1368
4.4396340847	-1420
4.43963909149	-1316
4.43971419334	-1368
4.43980002403	543
4.46802020073	-1420
4.46802616119	-1316
4.46990418434	-1368
4.47450304031	-1368
4.48275899887	-1420
4.48276519775	-1420
4.48280620575	-1264
4.48397922516	-1420
4.48402500153	-1420
4.48402810097	-1264
4.48693323135	-154
4.5405921936	-1420
4.54060101509	-1420
4.54066205025	-1264
4.54134106636	-1420
4.54137921333	-1316
4.54202723503	1460
4.5420730114	1139
4.54302406311	-1420
4.5430290699	-1316
4.54312801361	543
4.54469418526	-1420
4.54470300674	-1420
4.54475021362	-1264
4.54622507095	-1368
4.54719614983	-1368
4.54962015152	-1420
4.54966521263	-1316
4.55184102058	-1420
4.55187010765	-1420
4.55187320709	-1264
4.55197620392	543
4.57863402367	-1420
4.57864618301	-1420
4.57870721817	-1264
4.57901120186	-1420
4.57906603813	-1316
4.57950806618	-1368
4.57953000069	-1368
4.57980203629	-1368
4.58809804916	543
4.62594509125	-1368
4.63918614388	-1420
4.63925814629	-1316
4.6398961544	-1368
4.64039421082	-1420
4.64039802551	-1420
4.64043402672	-1264
4.64048600197	-1420
4.64050412178	-1420
4.64050602913	-1264
4.64120101929	-1420
4.6412050724	-1420
4.64122509956	-1264
4.64190506935	-1420
4.64191007614	-1420
4.64191102982	-1264
4.64221215248	-1368
4.64396905899	-352
4.64805102348	-1420
4.64805316925	-1316
4.64838719368	543
4.67350316048	-1420
4.67351818085	-1420
4.67358207703	-1264
4.67370915413	-1420
4.67373800278	-1420
4.67374014854	-1264
4.68096804619	543
4.70452713966	-1368
4.74343109131	-1420
4.7434990406	-1420
4.74350404739	-1264
4.74418520927	-1420
4.74419116974	-1316
4.74430918694	543
4.74498701096	-1420
4.74499201775	-1420
4.74503207207	-1264
4.74601221085	-1420
4.74605822563	-1316
4.74803519249	-1368
4.74818205833	543
4.74827623367	543
4.74890112877	-1368
4.74894809723	-1368
4.75008606911	-1420
4.75009202957	-1316
4.75013518333	-1368
4.75091505051	-1420
4.75093913078	-1316
4.75177311897	-1368
4.75262522697	-1420
4.752628088	-1316
4.76118803024	-544
4.77572512627	-1420
4.77580404282	-1316
4.77584409714	-1420
4.77588105202	-1420
4.77588415146	-1264
4.84082818031	-1420
4.84084820747	-1420
4.84091210365	-1420
4.84091520309	-1212
4.84113502502	543
4.8416800499	-1420
4.84168505669	-1316
4.84192800522	-1420
4.84193205833	-1420
4.84197115898	-1264
4.84228110313	-1420
4.8423230648	-1420
4.84232616425	-1264
4.8425321579	-1420
4.84253621101	-1316
4.84303808212	-1420
4.84308004379	-1420
4.84311819077	-1264
4.84312105179	-1420
4.84315800667	-1420
4.84316015244	-1264
4.84319400787	-1368
4.8432700634	543
4.8748922348	-1420
4.87490916252	-1420
4.87496519089	-1264
4.87514710426	-1420
4.87517905235	-1420
4.87518215179	-1264
4.87527012825	543
4.87542009354	543
4.88913106918	1460
4.8892261982	1460
4.88926100731	707
4.89295101166	-950
4.94367003441	-1420
4.94369411469	-1316
4.9443590641	-1420
4.94436407089	-1316
4.94505310059	-1420
4.94505906105	-1420
4.94508004189	-1264
4.94632315636	-1420
4.94637823105	-1420
4.94638299942	-1264
4.94652819633	-1420
4.94653105736	-1316
4.94672703743	-1368
4.9470500946	-1420
4.94705200195	-1316
4.94715309143	-1368
4.94737410545	-1368
4.94742417336	-1368
4.94754505157	-1420
4.94754815102	-1316
4.94938111305	-1368
4.9502260685	543
4.96029114723	-1420
4.96030521393	-1316
4.96037507057	-1368
4.96924304962	-1368
4.96936917305	543
4.97722101212	-1420
4.97722816467	-1316
4.97757816315	-1368
4.97781014442	543
4.97786808014	-1368
4.97794723511	-1368
4.97803902626	543
4.97823405266	1460
4.97827911377	1460
4.9783141613	193
4.99076008797	543
5.02165603638	-1420
5.0216691494	-1316
5.04400515556	-1420
5.04402017593	-1316
5.04472303391	-1420
5.04472613335	-1316
5.04509615898	-1368
5.04529714584	-1368
5.04592013359	-1420
5.04592418671	-1316
5.0468070507	-1368
5.04771518707	-1420
5.04775714874	-1420
5.04776000977	-1264
5.04887104034	-1420
5.04887509346	-1420
5.04891300201	-1264
5.05295801163	-708
5.05900907516	543
5.06084322929	-1420
5.06085014343	-1316
5.07134819031	-1420
5.07136511803	-1420
5.07140016556	-1264
5.07754421234	-1420
5.07759308815	-1420
5.07759618759	-1264
5.07835912704	-1420
5.07836318016	-1420
5.07840013504	-1264
5.07902216911	-1420
5.07904219627	-1316
5.07923722267	-1368
5.10124015808	-1420
5.10125422478	-1420
5.10131406784	-1264
5.10143113136	543
5.17307710648	-1420
5.17309713364	-1316
5.17315816879	-1368
5.17819905281	-1287
5.17830204964	543
5.18064308167	-1420
5.18064713478	-1316
5.18384814262	-1368
5.18704199791	-1420
5.18707799911	-1316
5.18942308426	-1420
5.18947005272	-1420
5.18947315216	-1264
5.19429802895	-1420
5.19430422783	-1420
5.1943461895	-1264
5.20008802414	-1420
5.20013213158	-1420
5.20013523102	-1264
5.20485901833	-1420
5.20486307144	-1420
5.20490503311	-1264
5.2075920105	-1420
5.20763707161	-1420
5.20764017105	-1264
5.20774912834	543
5.20993709564	-1420
5.20994114876	-1420
5.20996117592	-1264
5.21237921715	-1420
5.21244120598	-1420
5.212444067	-1264
5.21328306198	-1368
5.24567222595	-1420
5.24572515488	-1316
5.24586009979	-1368
5.24658513069	-1420
5.24659013748	-1420
5.24662709236	-1264
5.2466301918	-1420
5.24666905403	-1316
5.24677205086	-1420
5.2468290329	-1316
5.24683117867	-1368
5.24691200256	543
5.24699616432	543
5.2470741272	-1420
5.24707722664	-1420
5.24711418152	-1264
5.25792813301	-1420
5.25796723366	-1316
5.25807499886	-1368
5.26980519295	-1420
5.26981520653	-1420
5.26987218857	-1264
5.27970504761	-1420
5.27973508835	-1420
5.27973818779	-1420
5.27975606918	-1212
5.28005123138	-1420
5.2800951004	-1420
5.28009915352	-1264
5.28038907051	-1420
5.2803940773	-1316
5.29561114311	-993
5.29571819305	543
5.30962109566	-1420
5.30963921547	-1420
5.30970215797	-1264
5.34791707993	-1420
5.34796619415	-1316
5.34812808037	-1368
5.34851908684	-1420
5.34852409363	-1316
5.34882712364	-1368
5.34943318367	-1420
5.34947419167	-1316
5.34977912903	-1368
5.34998202324	1460
5.35003805161	625
5.35018014908	-1420
5.35018515587	-1316
5.35037207603	1460
5.35041713715	1460
5.35045409203	193
5.35057020187	1460
5.35061311722	1460
5.35065221786	-1368
5.35066699982	193
5.35078811646	543
5.35080313683	-1420
5.35080599785	-1316
5.35082221031	-1368
5.35094809532	1460
5.35099101067	1460
5.35105609894	193
5.35146808624	1460
5.35152101517	1460
5.35157108307	707
5.36549210548	-1420
5.36549806595	-1316
5.36639308929	-1368
5.36646318436	543
5.37050318718	-1420
5.37050819397	-1420
5.3705470562	-1264
5.37999010086	-1420
5.38004612923	-1420
5.38005018234	-1264
5.38009500504	-1420
5.3800971508	-1420
5.38013219833	-1264
5.38021421432	-1420
5.38025307655	-1316
5.38032221794	-1368
5.41633200645	-1420
5.41634511948	-1420
5.41639709473	-1264
5.42672419548	-249
5.44919204712	-1420
5.44920706749	-1316
5.44929623604	-1368
5.46807408333	543
5.54489421844	-66
5.58640217781	-1420
5.58645105362	-1316
5.58652806282	-1368
5.58699202538	-1420
5.58699703217	-1316
5.58726620674	-1368
5.58767604828	-1368
5.58791804314	-1368
5.58803319931	-1368
5.5891251564	-1420
5.58913111687	-1316
5.58987116814	-1420
5.58987617493	-1420
5.58991622925	-1264
5.59123706818	-1420
5.59126114845	-1420
5.5912630558	-1264
5.5914452076	1460
5.59149122238	111
5.59246706963	-1420
5.59247112274	-1420
5.5925090313	-1264
5.59342217445	-1420
5.59346103668	-1420
5.59346318245	-1264
5.59397101402	-1420
5.59397506714	-1420
5.59401011467	-1264
5.59450721741	-1368
5.5948882103	-1420
5.59489321709	-1316
5.59516501427	1460
5.59521102905	1460
5.59524607658	193
5.59578323364	-1368
5.59638404846	-1420
5.59640717506	-1316
5.59682321548	-1368
5.59748005867	-1420
5.59748315811	-1316
5.5980951786	-1368
5.59857916832	-1420
5.59861707687	-1316
5.59961605072	1460
5.59966111183	1460
5.59970712662	1161
5.59975719452	89
5.59987616539	543
5.64841723442	-1420
5.64843511581	-1420
5.64849805832	-1264
5.64967823029	-1420
5.64970612526	-1420
5.6497092247	-1264
5.65099716187	-1420
5.65100216866	-1316
5.65115022659	-1368
5.65369319916	-1420
5.65371203423	-1420
5.65371417999	-1264
5.6540222168	-1368
5.65429019928	543
5.66197514534	-36
5.68308615685	-1420
5.6831510067	-1420
5.68315601349	-1264
5.68324422836	-1420
5.68324708939	-1316
5.68360805511	-1368
5.68400120735	1460
5.68405008316	1139
5.68419003487	543
5.69101119041	1460
5.6910970211	111
5.7327401638	-1420
5.73275208473	-1420
5.73281216621	-1264
5.75129723549	-1420
5.7513551712	-1316
5.7590200901	-1420
5.75907206535	-1420
5.75907516479	-1264
5.75967621803	-1420
5.7596821785	-1420
5.75970315933	-1264
5.77925610542	-1221
5.78380203247	-1420
5.78380823135	-1420
5.78384900093	-1264
5.78392601013	-1420
5.7839641571	-1316
5.7840192318	-1368
5.78700208664	-1420
5.78700613976	-1316
5.7871260643	543
5.7872030735	-1368
5.82934403419	-1420
5.82937002182	-1316
5.82981419563	-1368
5.85292100906	-1420
5.85293602943	-1316
5.85313606262	-1368
5.8610022068	543
5.87064599991	-1420
5.8706510067	-1316
5.87084412575	-1368
5.88518214226	-1420
5.88523411751	-1316
5.88541603088	-1420
5.88547110558	-1316
5.88547420502	-1368
5.88610911369	-1420
5.88611221313	-1420
5.88614702225	-1264
5.88615012169	-1368
5.89009404182	1460
5.89014410973	111
5.89657521248	-51
5.92212200165	-1420
5.92217803001	-1316
5.92797017097	-1368
5.95368003845	-1420
5.95369720459	-1420
5.95375800133	-1264
5.95395207405	543
5.95473122597	-1420
5.95473718643	-1420
5.95478010178	-1264
5.96991610527	-1420
5.96998310089	-1420
5.96998810768	-1264
5.99859714508	-1420
5.99860811234	-1420
5.99866318703	-1264
5.99898719788	-1420
5.99901223183	-1420
5.99901413918	-1264
5.99948716164	-1420
5.99949121475	-1316
5.99983310699	-1420
5.99983716011	-1316
5.99992609024	-1368
6.00017905235	-1420
6.00022101402	-1420
6.00022315979	-1264
6.01421117783	-876
6.05466008186	-1420
6.05472111702	-1420
6.05472517014	-1264
6.0731420517	-1420
6.07315707207	-1420
6.07321214676	-1264
6.09884500504	-1420
6.09892821312	-1420
6.09893321991	-1264
6.09897112846	-1420
6.09897303581	-1420
6.09900808334	-1264
6.09911704063	-1420
6.09913611412	-1316
6.09925508499	543
6.09929203987	-1368
6.09937000275	543
6.10091519356	-1420
6.10092020035	-1420
6.10095906258	-1264
6.10122609138	-1420
6.10126805305	-1316
6.13159203529	-1287
6.13804721832	543
6.17877221107	-1420
6.17878818512	-1420
6.17884421349	-1264
6.18295121193	-1420
6.18299221992	-1420
6.18299508095	-1264
6.2004711628	-1420
6.20048522949	-1420
6.20053815842	-1264
6.20180702209	-1420
6.20186209679	-1316
6.2019071579	-1368
6.20299720764	-1420
6.20300221443	-1420
6.20302414894	-1264
6.20477318764	-1420
6.20480203629	-1316
6.20489811897	-1368
6.20495414734	543
6.2491440773	-939
6.24956822395	-1420
6.24962902069	-1316
6.25786614418	-1368
6.26696419716	-1420
6.26697015762	-1316
6.27892708778	-1420
6.27893805504	-1420
6.27896904945	-1264
6.30172014236	-1420
6.30178117752	-1420
6.30178523064	-1264
6.30204606056	1460
6.30209302902	111
6.30258822441	-1420
6.30259418488	-1316
6.30270814896	-1368
6.30352210999	-1420
6.30356407166	-1316
6.30362510681	-1368
6.30479001999	-1420
6.30479502678	-1420
6.30483818054	-1264
6.30490922928	543
6.30601215363	-1420
6.30601716042	-1420
6.30603814125	-1264
6.30973005295	-1420
6.30977106094	-1420
6.30977416039	-1264
6.30982518196	-1368
6.35831904411	-1420
6.35833621025	-1316
6.3667140007	-942
6.37064599991	-1420
6.37070918083	-1316
6.37071323395	-1368
6.40210819244	-1420
6.40212202072	-1316
6.40325021744	-1368
6.40445709229	-1420
6.40446305275	-1316
6.40534901619	-1368
6.40549015999	543
6.4068582058	-1420
6.40686511993	-1316
6.40891814232	-1368
6.41025018692	-1420
6.4102730751	-1316
6.41175317764	-1368
6.41290712357	-1420
6.41291117668	-1316
6.41395401955	-1368
6.41408801079	543
6.41482210159	-1420
6.41482806206	-1316
6.41655302048	-1368
6.46262907982	-1420
6.46264100075	-1316
6.46281003952	543
6.46564006805	-1368
6.47563505173	-1420
6.47570109367	-1420
6.47570514679	-1264
6.48395800591	-594
6.50090622902	-1420
6.50097107887	-1316
6.50144815445	-1420
6.50149822235	-1420
6.50150108337	-1264
6.50164413452	-1420
6.50164723396	-1420
6.50169420242	-1264
6.50238108635	-1420
6.50240111351	-1420
6.50240421295	-1264
6.50281715393	-1368
6.50337600708	-1420
6.5033800602	-1316
6.50799512863	-1420
6.5080010891	-1420
6.50804400444	-1264
6.55840206146	-1420
6.55841517448	-1420
6.55845308304	-1264
6.5587041378	-1420
6.55875205994	-1420
6.55875515938	-1264
6.56161403656	-1368
6.60100102425	-499
6.60366415977	-1420
6.60371613503	-1316
6.60388422012	-1420
6.60388803482	-1316
6.60400009155	1057
6.6049311161	-1368
6.60550022125	-1420
6.60552501678	-1316
6.60592222214	-1368
6.60613107681	-1420
6.60613417625	-1420
6.60617017746	-1264
6.60638213158	-1420
6.60640001297	-1420
6.60640215874	-1264
6.60661911964	-1420
6.60662221909	-1420
6.60666108131	-1264
6.64089918137	-1420
6.64096403122	-1420
6.64096903801	-1264
6.65958809853	-1420
6.65960121155	-1420
6.6596660614	-1264
6.6701002121	-1420
6.67015504837	-1420
6.67015910149	-1264
6.70333504677	-1420
6.70335006714	-1316
6.70340418816	-1368
6.70359921455	543
6.70455217361	-1420
6.7045571804	-1316
6.7055850029	-1368
6.70680618286	-1420
6.70685005188	-1420
6.70685315132	-1264
6.70958423615	-1420
6.70960116386	-1420
6.70963716507	-1264
6.71139621735	-1420
6.71143913269	-1420
6.71144318581	-1264
6.71331000328	-1420
6.71331501007	-1420
6.71335315704	-1264
6.71343207359	543
6.71809411049	-758
6.72559118271	-1420
6.72565412521	-1316
6.72699809074	-1368
6.76121211052	-1420
6.76122713089	-1316
6.76143717766	-1368
6.76954817772	-1420
6.7695941925	-1316
6.79909920692	-1420
6.79916906357	-1420
6.79917407036	-1264
6.8032720089	-1420
6.80328202248	-1420
6.80334210396	-1264
6.80351305008	-1368
6.80354213715	-1420
6.80354499817	-1316
6.80380511284	-1420
6.80381011963	-1420
6.80386209488	-1264
6.80397319794	543
6.80417203903	-1420
6.80417704582	-1420
6.80421805382	-1264
6.8084731102	-1420
6.80852222443	-1420
6.80852508545	-1264
6.80934309959	-1368
6.80965518951	-1420
6.80968117714	-1316
6.81004810333	-1368
6.81469607353	-1420
6.81470417976	-1316
6.84289717674	-1008
6.86238622665	-1420
6.86243319511	-1316
6.86290216446	-1368
6.86304306984	543
6.86342120171	-1420
6.8634262085	-1316
6.8637881279	-1368
6.90482115746	-1420
6.9048871994	-1420
6.9048910141	-1264
6.90513300896	-1420
6.90513706207	-1316
6.90527105331	-1368
6.90533304214	543
6.90549015999	-1420
6.90549302101	-1316
6.90584516525	-1368
6.90612101555	-1368
6.90615510941	-1420
6.90615820885	-1316
6.90644216537	-1420
6.90644621849	-1316
6.90704202652	-1368
6.90748620033	-1420
6.90751218796	-1316
6.90775513649	-1368
6.9586160183	-1420
6.95863819122	-1420
6.95869421959	-1264
6.9602291584	-51
6.96261906624	-1420
6.9626750946	-1316
6.96267914772	-1368
6.96940803528	-1368
6.9694211483	-1368
6.96970820427	-1368
6.99975299835	-1420
6.99983215332	-1420
6.99983620644	-1264
7.00566601753	-1420
7.00567817688	-1316
7.00589513779	-1368
7.00618910789	-1420
7.00621509552	-1316
7.00653219223	-1368
7.0066280365	543
7.00680112839	-1420
7.0068051815	-1316
7.00695610046	-1368
7.00710010529	-1368
7.0072221756	-1368
7.00760817528	-1368
7.00792622566	-1420
7.00793123245	-1316
7.00826621056	-1420
7.00827121735	-1420
7.00831007957	-1264
7.00859618187	-1368
7.05106019974	-1368
7.05117416382	-1420
7.05120706558	-1316
7.06339216232	-1420
7.0635061264	-1420
7.06351113319	-1264
7.06354618073	-1420
7.06354808807	-1316
7.06360602379	-1368
7.07114505768	-1420
7.07118201256	-1316
7.071185112	-1368
7.07770299911	-315
7.10681200027	-1420
7.10687804222	-1420
7.10688209534	-1264
7.10717320442	-1420
7.10717821121	-1316
7.10727214813	-1368
7.10793113708	-1420
7.10795617104	-1316
7.10804700851	-1368
7.10838913918	-1420
7.10839414597	-1316
7.10857605934	-1420
7.10858106613	-1316
7.10866713524	-1368
7.10873222351	543
7.10880804062	-1368
7.10894107819	-1420
7.10896515846	-1316
7.10913014412	-1420
7.1091530323	-1316
7.10922408104	-1368
7.10947704315	-1420
7.10948514938	-1316
7.10950922966	-1368
7.16973114014	-1420
7.16975021362	-1420
7.16981220245	-1264
7.17179107666	-1368
7.1753590107	-1420
7.17536401749	-1316
7.17655301094	-1368
7.19476604462	-117
7.20638418198	-1420
7.20639514923	-1316
7.20647716522	-1368
7.20667719841	543
7.20706701279	-1420
7.20707201958	-1316
7.20753622055	-1420
7.20754122734	-1316
7.20762610435	-1368
7.20775222778	-1368
7.20792007446	-1420
7.20792412758	-1316
7.20802903175	-1420
7.20803308487	-1316
7.20805621147	-1368
7.20819211006	-1420
7.20821404457	-1316
7.20828413963	-1368
7.2084171772	543
7.20862412453	-1420
7.20862913132	-1420
7.20867204666	-1264
7.20878601074	-1420
7.20880913734	-1316
7.20887708664	543
7.20892906189	-1368
7.24981117249	1057
7.2643020153	-1420
7.26431918144	-1420
7.26437616348	-1264
7.26437902451	-1368
7.27253103256	-1420
7.27254915237	-1316
7.272824049	-1368
7.29833507538	-1420
7.29835009575	-1316
7.29867005348	-1420
7.29867506027	-1420
7.29871511459	-1264
7.30977106094	-1420
7.30977702141	-1420
7.30982923508	-1264
7.31057405472	-1420
7.31058001518	-1420
7.31062221527	-1264
7.31172204018	-1420
7.31172704697	-1420
7.31177806854	-1264
7.31184720993	-729
7.31295514107	-1420
7.31296110153	-1420
7.31300210953	-1264
7.31353211403	-1420
7.31357312202	-1420
7.31357622147	-1264
7.31387519836	-1420
7.31387901306	-1420
7.31391716003	-1264
7.32939100266	-1420
7.329403162	-1420
7.32945418358	-1264
7.3659222126	-1420
7.36593604088	-1420
7.36599206924	-1264
7.36644601822	543
7.37161302567	-1420
7.3716301918	-1420
7.37169122696	-1264
7.37312507629	543
7.40866804123	-1420
7.40868020058	-1420
7.40874123573	-1264
7.40899205208	-1420
7.40901613235	-1316
7.40931200981	-1368
7.40996909142	-1420
7.40997505188	-1420
7.41001605988	-1264
7.41046905518	-1420
7.41051411629	-1420
7.41051602364	-1264
7.41063022614	543
7.4107530117	-1420
7.41075706482	-1420
7.41079521179	-1264
7.41109323502	-1420
7.41113615036	-1420
7.41113901138	-1264
7.41231513023	-1420
7.41232013702	-1316
7.41239309311	-1368
7.41278910637	-1420
7.41280913353	-1316
7.4131000042	-1368
7.41318321228	-1368
7.41323518753	-1368
7.41334199905	-1368
7.41804218292	543
7.42936611176	-447
7.44359302521	-1420
7.44363713264	-1316
7.44454216957	-1368
7.47099018097	-1420
7.47100710869	-1420
7.47107315063	-1264
7.47124123573	543
7.50928807259	-1420
7.50930404663	-1420
7.50936722755	-1264
7.51080417633	543
7.51138710976	-1420
7.51139307022	-1316
7.51189422607	-1368
7.51229906082	-1420
7.51232600212	-1316
7.51292610168	-1368
7.51317119598	-1420
7.51317620277	-1316
7.51339101791	-1368
7.5134601593	543
7.51389408112	-1420
7.51389908791	-1316
7.51455616951	-1420
7.51456022263	-1420
7.51459813118	-1264
7.51657509804	-1420
7.51661515236	-1316
7.51661801338	-1368
7.51853704453	-1368
7.52226614952	-1420
7.52229309082	-1316
7.5235221386	-1368
7.52531218529	-1420
7.52531504631	-1316
7.52599406242	543
7.52710413933	-1368
7.52917003632	-1420
7.52919602394	-1316
7.53102517128	-1368
7.54656100273	-249
7.57180714607	-1420
7.57185506821	-1316
7.57310318947	-1368
7.57445716858	-1420
7.57446312904	-1316
7.575933218	-1368
7.61040115356	-1420
7.61044716835	-1316
7.61125612259	-1368
7.61136722565	1057
7.61152100563	-1420
7.61152505875	-1316
7.61232614517	-1420
7.61233115196	-1316
7.61244106293	-1368
7.61296319962	-1420
7.61300206184	-1420
7.61300420761	-1264
7.61380314827	-1420
7.61383008957	-1316
7.61388206482	-1368
7.61421322823	-1420
7.61425614357	-1420
7.61425805092	-1264
7.61435818672	543
7.61440205574	-1420
7.61440420151	-1420
7.61440610886	-1264
7.6145670414	-1368
7.61511707306	-1420
7.61512207985	-1316
7.61518907547	543
7.61546111107	-1368
7.61573910713	-1420
7.61576318741	-1316
7.6159081459	-1368
7.66397309303	-183
7.66581010818	-1420
7.66585302353	-1316
7.66825008392	-1420
7.66828322411	-1316
7.66846418381	-1368
7.67072319984	543
7.67136907578	-1420
7.67137503624	-1316
7.67139720917	-1368
7.68279409409	543
7.68532204628	543
7.71293616295	-1368
7.71305823326	-1420
7.71310400963	-1316
7.71310806274	-1420
7.71313023567	-1420
7.71313309669	-1264
7.71402001381	-1420
7.71402621269	-1316
7.71412920952	-1368
7.71458816528	-1420
7.71462917328	-1420
7.71463513374	-1264
7.71517300606	-1420
7.71517705917	-1420
7.71521520615	-1264
7.71636509895	-1368
7.71649003029	-1420
7.7164940834	-1316
7.71704006195	-1420
7.71706700325	-1316
7.71707010269	-1368
7.71796107292	1057
7.71819019318	543
7.71839213371	-1420
7.71839809418	-1420
7.71843719482	-1264
7.72324419022	-1420
7.72329711914	-1420
7.72330117226	-1264
7.73104500771	543
7.73147201538	543
7.74949216843	-1420
7.74950313568	-1420
7.74956202507	-1264
7.75384306908	543
7.76924014091	-1420
7.76925206184	-1420
7.76930522919	-1264
7.77024507523	-1420
7.77028608322	-1420
7.77028822899	-1264
7.78116106987	-1272
7.81296300888	-1420
7.81300902367	-1420
7.81301307678	-1264
7.81379318237	-1420
7.81379723549	-1316
7.81396818161	-1368
7.81409215927	-1420
7.81411504745	-1316
7.81440019608	-1420
7.81444120407	-1420
7.81444406509	-1264
7.81453204155	543
7.81463503838	-1420
7.81463813782	-1420
7.81464004517	-1264
7.81477618217	543
7.81488704681	-1420
7.81489014626	-1316
7.8149960041	-1368
7.81573200226	-1420
7.81577515602	-1420
7.81577801704	-1264
7.81593322754	-1368
7.81626200676	-1420
7.81628513336	-1316
7.81639909744	-1420
7.816437006	-1420
7.81644010544	-1264
7.81665301323	-1368
7.81695818901	-1420
7.81697821617	-1316
7.81728506088	-1368
7.84718513489	-1420
7.84720015526	-1420
7.84725522995	-1264
7.87488603592	-1420
7.87493014336	-1316
7.89875602722	-1074
7.91969799995	-1420
7.91971516609	-1316
7.92374300957	-1368
7.92720723152	543
7.92756509781	-1420
7.9275701046	-1316
7.93337512016	-1368
7.93670916557	-1420
7.93675208092	-1316
7.93935704231	-1368
7.93947315216	543
7.94204115868	-1420
7.94204711914	-1316
7.9445540905	-1368
7.94714617729	-1420
7.94716906548	-1316
7.95003318787	-1368
7.95190620422	-1420
7.95191216469	-1316
7.95368003845	-1368
7.95509409904	-1420
7.955119133	-1316
7.95640420914	-1368
7.95650410652	543
7.95728206635	-1368
7.95732808113	-1368
7.95818519592	-1420
7.95818901062	-1420
7.95822715759	-1264
7.9593372345	-1368
7.96009111404	-1368
7.96030807495	-1368
7.96112513542	-1368
7.96171522141	-1420
7.96173620224	-1316
7.96280312538	-1368
7.96289515495	543
7.96981811523	-1420
7.96982502937	-1316
7.96986222267	-1368
8.00282907486	-1420
8.00289702415	-1420
8.00290203094	-1264
8.00765514374	-1420
8.00766015053	-1316
8.00768113136	-1368
8.01609921455	-381
8.02971410751	-1420
8.02972412109	-1316
8.03062820435	-1368
8.03073716164	543
8.12171220779	-1420
8.12172913551	-1316
8.12179803848	-1368
8.12196302414	543
8.12208604813	-1420
8.12209105492	-1316
8.1223950386	-1420
8.12240004539	-1316
8.12256407738	-1368
8.12325000763	-1368
8.12350511551	-1420
8.12350916862	-1316
8.12398600578	-1420
8.12398910522	-1420
8.12402701378	-1264
8.12458109856	-1420
8.1246201992	-1420
8.12462306023	-1264
8.12513709068	-1420
8.12514019012	-1420
8.125177145	-1264
8.12540411949	-1420
8.12540912628	-1420
8.12541103363	-1264
8.12554121017	-1420
8.12554502487	-1316
8.12561106682	-1368
8.12576913834	-1368
8.12603807449	-1420
8.12604212761	-1316
8.12608909607	-1368
8.12625002861	-1420
8.12625408173	-1316
8.12638401985	-1420
8.12638807297	-1420
8.12639021873	-1264
8.12648510933	543
8.12660002708	-1420
8.12660217285	-1316
8.12660312653	-1368
8.12692713737	-1368
8.12702918053	-1420
8.12705016136	-1316
8.12710404396	543
8.13415622711	-1272
8.17625403404	-1420
8.17631220818	-1316
8.17972207069	-1368
8.18895101547	-1420
8.18896007538	-1316
8.19000411034	-1368
8.19010806084	543
8.19142007828	-1420
8.19142603874	-1316
8.19309306145	-1368
8.21845602989	-1420
8.21850705147	-1316
8.2217900753	-1368
8.22346901894	-1420
8.22348117828	-1316
8.22493910789	-1420
8.22494316101	-1420
8.22498106956	-1264
8.22707605362	-1420
8.22711515427	-1420
8.22711706161	-1264
8.22747516632	543
8.22877001762	-1420
8.22877621651	-1420
8.22881603241	-1264
8.25144815445	-810
8.27427315712	-1420
8.27430820465	-1316
8.27435803413	-1368
8.32264614105	-1420
8.32265806198	-1420
8.32269906998	-1264
8.32507300377	-1420
8.32512116432	-1420
8.32512402534	-1264
8.32830619812	-1368
8.32850313187	-1420
8.32852721214	-1316
8.33066010475	-1420
8.33066701889	-1420
8.33071017265	-1264
8.33079719543	543
8.3318271637	-1420
8.33183312416	-1316
8.33285403252	-1368
8.34292006493	-1420
8.3429851532	-1420
8.34298920631	-1264
8.36941599846	-462
8.40699911118	-1420
8.40704202652	-1316
8.40710616112	-1368
8.41090703011	543
8.42556905746	-1420
8.42558002472	-1316
8.42675209045	-1368
8.42883014679	-1420
8.4288611412	-1316
8.42970204353	-1368
8.43095517159	-1420
8.43096113205	-1316
8.43173313141	-1368
8.43219423294	-1420
8.4322180748	-1316
8.43286013603	-1368
8.4330561161	-1420
8.43305921555	-1316
8.43337202072	-1420
8.43337607384	-1420
8.43341207504	-1264
8.47787618637	-1420
8.47789907455	-1420
8.47794508934	-1264
8.48672699928	-1353
8.50117015839	-1420
8.50117707253	-1420
8.50122523308	-1264
8.52053117752	-1420
8.52053999901	-1316
8.52066612244	-1368
8.52080202103	543
8.52208018303	-1420
8.52208614349	-1316
8.52219605446	-1368
8.52239012718	-1420
8.52241611481	-1316
8.52246809006	543
8.522534132	-1368
8.52274823189	-1420
8.52279019356	-1420
8.52279305458	-1264
8.52290821075	543
8.54501819611	-1420
8.5450232029	-1316
8.54531002045	-1368
8.54757022858	-1420
8.54759502411	-1316
8.58009409904	-1420
8.58015012741	-1420
8.58015322685	-1264
8.60414409637	-1353
8.62128400803	-1420
8.62131309509	-1316
8.62149214745	-1368
8.62158823013	543
8.62180614471	-1420
8.62181019783	-1316
8.62199020386	-1368
8.62309217453	-1420
8.62311911583	-1316
8.62312221527	-1368
8.6233792305	-1420
8.62338399887	-1316
8.62357521057	-1368
8.62372803688	-1420
8.62375116348	-1316
8.62382507324	-1368
8.62390708923	543
8.64605402946	-1420
8.64606904984	-1420
8.6461250782	-1264
8.64798808098	-1420
8.64801502228	-1316
8.6480910778	-1368
8.64816808701	543
8.68146514893	-1420
8.68148112297	-1316
8.71166706085	-1420
8.71168208122	-1420
8.71174407005	-1264
8.71222519875	-1368
8.72132110596	-51
8.72241616249	-1420
8.72244906425	-1316
8.72308111191	-1368
8.7251560688	-1420
8.72516012192	-1316
8.72565221786	-1368
8.72618603706	-1420
8.72622513771	-1316
8.72622704506	-1368
8.72649621964	543
8.72662806511	-1420
8.72663116455	-1316
8.72680616379	-1368
8.74661421776	-1368
8.74791622162	-1420
8.74792218208	-1316
8.75041508675	-1420
8.75041913986	-1316
8.75054121017	-1368
8.78308606148	-1368
8.78314805031	-1420
8.7831530571	-1316
8.78333616257	543
8.813144207	-1368
8.81350111961	-1368
8.82493209839	-1420
8.82494211197	-1316
8.82497811317	-1368
8.8253891468	-1368
8.82672905922	-1420
8.82673501968	-1316
8.82714104652	-1368
8.82756519318	-1420
8.82759022713	-1316
8.82804918289	-1368
8.82843518257	-1420
8.82843923569	-1316
8.8285651207	-1368
8.83654713631	543
8.83675122261	543
8.83689904213	543
8.83826112747	-249
8.83931112289	-1420
8.83934116364	-1316
8.83959913254	-1368
8.87030410767	-1368
8.87044119835	-1420
8.87048721313	-1316
8.88258600235	-1420
8.88263106346	-1420
8.88263916969	-1264
8.88302016258	-1420
8.88302516937	-1316
8.88336801529	-1420
8.88337302208	-1420
8.88341212273	-1264
8.91428613663	-1420
8.9143512249	-1420
8.91435623169	-1264
8.9250690937	-1368
8.92838215828	-1420
8.92841315269	-1316
8.92893314362	-1420
8.92896223068	-1316
8.92904520035	-1368
8.9301571846	-1420
8.9301609993	-1420
8.93019914627	-1264
8.93062615395	-1368
8.93091607094	-1420
8.93092107773	-1316
8.9309592247	-1368
8.95563101768	-660
8.97075915337	-1420
8.97076916695	-1316
9.00115013123	-1420
9.00116610527	-1420
9.00123000145	-1264
9.00182509422	-1420
9.00188016891	-1420
9.00188422203	-1264
9.00244021416	-1420
9.00244522095	-1420
9.00248408318	-1264
9.00756502151	-1368
9.0078291893	1057
9.00807118416	543
9.0180170536	543
9.0266020298	-1420
9.02660703659	-1316
9.0270152092	-1420
9.0270190239	-1420
9.02705717087	-1264
9.02867507935	-1420
9.02871513367	-1420
9.02871704102	-1264
9.02901721001	-1368
9.0291352272	-1420
9.02916407585	-1316
9.03807902336	543
9.04933714867	-1420
9.04935002327	-1420
9.04940319061	-1264
9.07217121124	-1368
9.07231616974	-1420
9.07232117653	-1316
9.07267022133	-399
9.09068703651	-1420
9.09072208405	-1420
9.09072518349	-1264
9.09248709679	-1420
9.0924911499	-1316
9.0947470665	-1368
9.11465406418	-1420
9.11470413208	-1316
9.11617016792	-1368
9.11811804771	-1420
9.1181230545	-1316
9.11992001534	-1368
9.12006211281	1057
9.13081216812	-1420
9.13082718849	-1316
9.13318920135	-1368
9.16734814644	-1420
9.16740608215	-1316
9.17397117615	-1368
9.18062210083	-1420
9.18063020706	-1316
9.18459916115	-1368
9.18848919868	-1420
9.18852615356	-1316
9.19169712067	-1368
9.1943590641	-1420
9.19436311722	-1316
9.19444918633	-1368
9.1945681572	543
9.20662522316	-1420
9.20663809776	-1316
9.20666718483	-1368
9.20771312714	-117
9.21131014824	-1420
9.21131706238	-1316
9.21349811554	-1368
9.21575403214	-1420
9.21578001976	-1316
9.21769118309	-1368
9.21997523308	-1420
9.21998000145	-1316
9.22423601151	-1368
9.229347229	-1420
9.22940301895	-1316
9.23037314415	-1368
9.2319560051	-1420
9.23196101189	-1316
9.23343420029	-1368
9.23485016823	-1420
9.23487401009	-1316
9.23520803452	543
9.23591709137	543
9.23619604111	-1368
9.23735809326	-1420
9.23738312721	-1316
9.23832702637	-1368
9.23971009254	-1420
9.23971414566	-1316
9.24134802818	543
9.25181317329	-1420
9.25183105469	-1316
9.25194001198	-1368
9.25250101089	-1368
9.26327300072	-1420
9.2632830143	-1420
9.2633330822	-1264
9.29943799973	-1420
9.29950404167	-1420
9.29950809479	-1264
9.31058216095	-1420
9.31059002876	-1316
9.3106970787	543
9.31077623367	-1368
9.31701111794	-1420
9.3170800209	-1316
9.31708502769	-1368
9.32498121262	-315
9.33155918121	-1420
9.33159303665	-1316
9.33279705048	-1368
9.33404612541	-1368
9.33424520493	-1368
9.33549618721	-1368
9.33674812317	-1420
9.33677101135	-1316
9.33801722527	-1368
9.33892011642	-1420
9.33892607689	-1316
9.33998417854	-1368
9.34013104439	-1368
9.3402531147	-1368
9.35090112686	-1420
9.3509452343	-1420
9.35094809532	-1264
9.37238121033	-1420
9.37239813805	-1420
9.37245321274	-1264
9.37258911133	1057
9.38819909096	543
9.38867402077	543
9.38906502724	543
9.3894431591	543
9.40151810646	-1420
9.40152621269	-1420
9.40157318115	-1264
9.40183901787	543
9.40277814865	-1420
9.40278410912	-1420
9.40282607079	-1264
9.40333104134	-1368
9.41282820702	543
9.41323423386	543
9.42343521118	-1420
9.42344713211	-1316
9.42379713058	-1368
9.43008422852	-1420
9.43011808395	-1316
9.43043804169	-1368
9.43084001541	-1420
9.4308450222	-1316
9.43198418617	-1368
9.43214416504	543
9.43226504326	-1420
9.43226909637	-1316
9.43255019188	-1420
9.43255400658	-1420
9.43259310722	-1264
9.43342900276	-1420
9.43345403671	-1316
9.43353104591	-1368
9.43421506882	-1420
9.43421912193	-1420
9.43425822258	-1264
9.4423801899	-1338
9.45118522644	-1420
9.45119214058	-1316
9.45212817192	-1368
9.46952605247	-1420
9.46956920624	-1316
9.4697291851	-1368
9.50169801712	-1420
9.50171422958	-1420
9.50177502632	-1264
9.50177812576	-1420
9.50181913376	-1316
9.50206017494	543
9.51133418083	-1368
9.53074002266	-1420
9.53080320358	-1316
9.53088212013	-1420
9.53090620041	-1316
9.53090810776	-1368
9.53325104713	-1420
9.53325510025	-1420
9.5332930088	-1264
9.53424620628	-1420
9.53428602219	-1420
9.53428816795	-1264
9.53435015678	-1420
9.53435301781	-1420
9.5343542099	-1264
9.53509521484	-1368
9.535364151	-1420
9.53538918495	-1316
9.53547620773	-1368
9.54806613922	543
9.54868602753	-1420
9.54869222641	-1316
9.54877305031	-1368
9.55524921417	-1420
9.5552740097	-1316
9.56915211678	-1074
9.57194304466	-1420
9.57194900513	-1420
9.57199215889	-1264
9.59235906601	-1420
9.59242320061	-1420
9.5924270153	-1264
9.61354517937	-1420
9.61356115341	-1420
9.61361408234	-1264
9.63113713264	-1420
9.63120412827	-1420
9.63120818138	-1264
9.63147115707	-1420
9.63147521019	-1420
9.6315112114	-1264
9.63287901878	1057
9.63404202461	-1420
9.6340470314	-1316
9.63423919678	-1368
9.63467812538	-1420
9.63472223282	-1420
9.63472509384	-1264
9.63514018059	-1420
9.63514614105	-1316
9.63536119461	-1368
9.63593816757	-1420
9.63598012924	-1420
9.63598322868	-1264
9.63673520088	-1420
9.63674020767	-1420
9.63678216934	-1264
9.64993000031	-1420
9.649985075	-1420
9.64998817444	-1264
9.67107009888	-1420
9.67108511925	-1316
9.67165613174	-1368
9.68891906738	-249
9.70569205284	-1420
9.70570421219	-1316
9.70689320564	-1368
9.70843815804	-1420
9.70846605301	-1316
9.70969605446	-1368
9.72333312035	1057
9.72877502441	-1420
9.72877907753	-1316
9.73014211655	-1368
9.73397016525	1460
9.7340362072	111
9.73512411118	-1420
9.73512911797	-1316
9.73643112183	-1368
9.73650503159	543
9.73745703697	-1420
9.73746204376	-1316
9.73847103119	-1368
9.73957419395	-1420
9.73959708214	-1316
9.74036812782	-1368
9.74140715599	-1420
9.74141216278	-1316
9.7424890995	-1420
9.74249410629	-1420
9.74253416061	-1264
9.74280500412	543
9.74499821663	-1420
9.74500513077	-1420
9.74504709244	-1264
9.74569010735	-1368
9.74643516541	-1420
9.74643921852	-1316
9.74709415436	-1368
9.75085616112	543
9.76739215851	-1420
9.76740407944	-1316
9.76771616936	-1368
9.79165506363	-1420
9.79170322418	-1316
9.79230308533	-1368
9.80518913269	-1420
9.80520701408	-1420
9.80526423454	-1264
9.80526614189	-1420
9.80531001091	-1316
9.80598711967	-1206
9.80608606339	543
9.82526612282	-1420
9.82528018951	-1420
9.82534217834	-1264
9.83513402939	-1420
9.83516311646	-1316
9.83734202385	-1368
9.83803105354	-1420
9.83803510666	-1316
9.83915400505	-1368
9.8411591053	-1420
9.84118008614	-1316
9.84210515022	-1368
9.84233021736	543
9.84324002266	-1420
9.84324622154	-1316
9.84419512749	-1368
9.84513521194	-1420
9.84516215324	-1316
9.84555315971	-1368
9.84654712677	-1420
9.84655213356	-1316
9.84693813324	-1368
9.84765720367	-1420
9.84768199921	-1316
9.84845399857	-1368
9.85144305229	-1420
9.85144901276	-1420
9.85149121284	-1264
9.89188504219	-1420
9.89190220833	-1420
9.89195108414	-1264
9.89206218719	-1420
9.89210104942	-1316
9.90933823586	-1368
9.90955710411	543
9.91737413406	-1420
9.91737914085	-1316
9.91755914688	-1368
9.92567420006	-1420
9.9257080555	-1316
9.92646121979	-1368
9.92984414101	-1368
9.92997217178	-1368
9.93022108078	-1368
9.93767404556	-1420
9.93772912025	-1316
9.93810415268	-1368
9.93820500374	543
9.9383251667	-1420
9.93832802773	-1316
9.93892812729	-1368
9.939027071	543
9.93986320496	-1420
9.93986821175	-1420
9.93990802765	-1264
9.94082307816	-1420
9.94086623192	-1420
9.94086813927	-1264
9.94190001488	-1420
9.94190621376	-1420
9.94194602966	-1264
9.94237303734	-168
9.94253921509	-1420
9.94254422188	-1316
9.94282817841	-1368
9.94915914536	-1420
9.94920516014	-1420
9.94920802116	-1264
9.95876717567	-1420
9.95877718925	-1316
9.97217512131	-1368
10.005587101	-1420
10.0056641102	-1420
10.005669117	-1264
10.0069169998	-1420
10.0069231987	-1316
10.0070540905	-1368
10.0140490532	-1420
10.0140991211	-1420
10.0141031742	-1264
10.0371479988	-1420
10.0371620655	-1316
10.0372750759	-1368
10.0381901264	-1420
10.0382311344	-1316
10.0382351875	-1368
10.0382771492	-1420
10.0382812023	-1316
10.0388572216	-1368
10.039096117	-1420
10.0391261578	-1316
10.0396950245	-1368
10.0398302078	-1420
10.0398330688	-1316
10.0401391983	-1368
10.0406310558	-1420
10.0406470299	-1316
10.0414741039	-1368
10.0422902107	-1420
10.0422952175	-1316
10.042481184	-1368
10.0463280678	543
10.0484721661	-1420
10.0484781265	-1316
10.048522234	-1368
10.0486102104	543
10.0602471828	-381
10.0607981682	-1420
10.0608460903	-1420
10.0608491898	-1264
10.0715000629	-1420
10.0715072155	-1420
10.0715501308	-1264
10.0975990295	-1420
10.0976531506	-1316
10.1210150719	-1420
10.1210870743	-1420
10.1210920811	-1264
10.1214411259	543
10.166613102	-1420
10.1666271687	-1420
10.166683197	-1264
10.1668162346	543
10.1754992008	-1420
10.1755051613	-1420
10.1755452156	-1264
10.1773869991	-678
10.1823990345	-1420
10.1824100018	-1420
10.1824362278	-1264
10.1873660088	-1420
10.1874091625	-1420
10.1874120235	-1264
10.1921451092	-1420
10.1921510696	-1420
10.1921761036	-1264
10.1922600269	543
10.1952781677	-1368
10.1954820156	-1420
10.1955080032	-1316
10.1977491379	-1420
10.1978001595	-1420
10.1978042126	-1264
10.1991560459	-1420
10.1991620064	-1316
10.2005271912	-1368
10.2005960941	543
10.201832056	-1420
10.2018392086	-1316
10.2045311928	-1368
10.2078962326	-1420
10.2079331875	-1316
10.2085111141	-1368
10.2116370201	-1420
10.2116420269	-1420
10.2116830349	-1264
10.2123441696	-1420
10.2123861313	-1420
10.2123892307	-1264
10.2210171223	-1420
10.2210230827	-1420
10.2210659981	-1264
10.2258961201	-1420
10.2259440422	-1420
10.225949049	-1264
10.2381801605	-1420
10.2381870747	-1420
10.2382311821	-1264
10.2383220196	543
10.2396891117	-1420
10.2396941185	-1420
10.2397351265	-1264
10.2397930622	-1420
10.239814043	-1316
10.2399201393	543
10.240060091	-1368
10.2401602268	543
10.2405462265	-1420
10.2405512333	-1316
10.2407360077	-1368
10.2417740822	-1420
10.2418091297	-1316
10.2418122292	-1368
10.2422749996	-1420
10.2422811985	-1316
10.2423040867	-1368
10.2425701618	-1420
10.2425971031	-1316
10.2426002026	-1368
10.250234127	-1420
10.2502410412	-1420
10.2502830029	-1264
10.2702322006	-1420
10.2702851295	-1420
10.2702891827	-1264
10.2704241276	543
10.2996370792	-843
10.309841156	-1420
10.3098840714	-1316
10.3103151321	-1420
10.3103561401	-1420
10.3103580475	-1264
10.3116660118	-1420
10.3116700649	-1420
10.3117082119	-1264
10.3180541992	543
10.3286681175	-1420
10.3286821842	-1420
10.328744173	-1264
10.3351411819	-1420
10.3351840973	-1420
10.3351871967	-1264
10.34131217	-1420
10.3413181305	-1420
10.3413600922	-1264
10.3414452076	-1420
10.3414912224	-1420
10.3414940834	-1264
10.3418111801	-1420
10.3418140411	-1420
10.3418600559	-1264
10.3437080383	-1420
10.343747139	-1420
10.34375	-1264
10.3438742161	-1368
10.3440430164	-1420
10.3440461159	-1316
10.3441531658	-1420
10.3441560268	-1316
10.3443322182	-1368
10.348031044	543
10.3482670784	543
10.3483710289	543
10.3491740227	-1420
10.3491802216	-1420
10.3492221832	-1264
10.3699071407	-1420
10.3699741364	-1420
10.3699781895	-1264
10.3951961994	-1420
10.3952071667	-1420
10.3952572346	-1264
10.4105131626	-1420
10.4105830193	-1420
10.410588026	-1264
10.4108791351	-1420
10.4108831882	-1420
10.4109201431	-1264
10.4127860069	543
10.4140241146	-1420
10.4140291214	-1420
10.4140710831	-1264
10.4141311646	-1368
10.4167220592	-36
10.4285101891	-1420
10.4285550117	-1316
10.4287691116	-1368
10.4400920868	-1420
10.4400980473	-1316
10.4405851364	-1368
10.4419112206	-1368
10.4420371056	-1420
10.4420411587	-1316
10.4421081543	543
10.442179203	-1368
10.4422650337	-1420
10.4422872066	-1316
10.4423830509	-1368
10.4424262047	543
10.4425640106	1057
10.4426932335	1057
10.4434242249	-1420
10.4434301853	-1316
10.4438381195	-1368
10.4438431263	-1420
10.4438641071	-1316
10.4439210892	-1368
10.4445772171	-1420
10.4445810318	-1420
10.4446191788	-1264
10.445109129	-1368
10.4453480244	-1368
10.4455900192	-1368
10.4458150864	-1368
10.4460680485	-1368
10.446267128	-1368
10.4974172115	-1420
10.4974322319	-1420
10.4974741936	-1264
10.5099790096	-1420
10.5099890232	-1420
10.510035038	-1264
10.5111660957	-1420
10.5111720562	-1420
10.5112261772	-1264
10.523004055	-1420
10.5230200291	-1316
10.5233170986	-1368
10.5238749981	-1420
10.5238981247	-1316
10.5240471363	-1368
10.5342371464	-41
10.5415210724	-1368
10.5415830612	-1368
10.5419361591	-1368
10.5424950123	-1420
10.5425422192	-1420
10.5425450802	-1264
10.5426690578	543
10.5430321693	-1420
10.5430371761	-1420
10.5430781841	-1264
10.5431571007	543
10.5433430672	-1420
10.5433490276	-1316
10.5433750153	-1368
10.5460040569	-1420
10.5460510254	-1420
10.5460541248	-1264
10.5471870899	-1420
10.5471920967	-1420
10.5472340584	-1264
10.5474572182	543
10.547781229	-1420
10.5477862358	-1316
10.548481226	-1368
10.5485541821	543
10.5488700867	-1420
10.5488750935	-1316
10.5493080616	-1368
10.5653111935	-1420
10.5653781891	-1420
10.5653820038	-1264
10.569314003	-1420
10.5693202019	-1420
10.5693640709	-1264
10.5719101429	543
10.6131341457	-1420
10.6131532192	-1420
10.6132190228	-1264
10.6134161949	-1420
10.6134591103	-1420
10.6134631634	-1264
10.6231110096	-1420
10.6231231689	-1420
10.6231741905	-1264
10.6417131424	-1420
10.6417860985	-1420
10.6417911053	-1264
10.6418340206	-1420
10.6418361664	-1316
10.6420061588	543
10.6433410645	-1368
10.6441040039	-1420
10.6441500187	-1420
10.6441521645	-1264
10.6445121765	-1420
10.6445171833	-1316
10.644641161	-1368
10.6457810402	-1420
10.645827055	-1420
10.6458301544	-1264
10.646679163	-1420
10.6466832161	-1316
10.6471610069	-1420
10.6471660137	-1316
10.6472070217	-1368
10.6479160786	-1420
10.6479530334	-1316
10.6486201286	543
10.6514880657	-408
10.7267930508	-1420
10.7268111706	-1316
10.7332482338	-1420
10.7332561016	-1316
10.7337391376	-1420
10.7337441444	-1420
10.7338171005	-1420
10.7338202	-1212
10.7338671684	-1368
10.734142065	-1368
10.7344501019	-1420
10.7344751358	-1316
10.7346320152	-1368
10.735461235	-1368
10.7363631725	-1420
10.7364060879	-1420
10.7364082336	-1264
10.73706007	-1420
10.7370631695	-1420
10.737101078	-1264
10.7388350964	-1368
10.7402710915	543
10.7416441441	-1420
10.7416501045	-1420
10.7416920662	-1264
10.7417490482	543
10.7418460846	-1420
10.7418482304	-1316
10.7420251369	-1368
10.7440772057	-1368
10.7449281216	-1420
10.744934082	-1420
10.7449741364	-1264
10.7688970566	-262
10.7692511082	-1420
10.769256115	-1316
10.7695510387	-1368
10.8864731789	-66
10.8910961151	-1420
10.8911030293	-1316
11.003839016	-377
11.0049211979	-1368
11.0127401352	-1420
11.0127570629	-1316
11.055670023	-1368
11.1211330891	-1297
11.1215322018	543
11.2389001846	-1057
11.2783260345	543
11.3958551884	-1057
11.3962171078	1057
11.4495491982	-1368
11.5137860775	-1231
11.5759022236	-1420
11.5759181976	-1316
11.6068370342	-1420
11.6068570614	-1420
11.6069121361	-1264
11.6100671291	-1420
11.6100850105	-1316
11.6131291389	-1368
11.6166920662	-1420
11.6167311668	-1316
11.6167340279	-1368
11.6204440594	-1420
11.6204500198	-1316
11.6205911636	543
11.6266851425	-1368
11.6267900467	543
11.6292731762	-1420
11.629278183	-1316
11.6309740543	-960
11.6332612038	-1420
11.6332871914	-1316
11.6372652054	-1368
11.6421260834	-1368
11.6466720104	-1420
11.6467180252	-1420
11.6467211246	-1264
11.6578371525	-1420
11.6578462124	-1420
11.6579201221	-1264
11.6635122299	-1420
11.6635401249	-1316
11.6678490639	-1420
11.6679022312	-1316
11.6727631092	-1420
11.6728191376	-1420
11.6728231907	-1264
11.6776390076	-1420
11.6776490211	-1316
11.6810672283	543
11.6813771725	-1368
11.6815130711	-1368
11.6834380627	-1420
11.6834440231	-1316
11.6857872009	-1420
11.6857922077	-1316
11.6881551743	-1420
11.6881611347	-1316
11.6907291412	-1368
11.7515501976	-681
11.7725951672	-1420
11.7726111412	-1316
11.8525531292	-1420
11.8525710106	-1316
11.8527460098	543
11.8535051346	-1368
11.8689551353	-443
11.8904411793	543
11.8908882141	543
11.9867670536	-1057
11.9871821404	1057
12.3461050987	-1420
12.3461232185	-151
12.3462781906	543
12.3480751514	-1420
12.3480801582	-1316
12.3506782055	-1420
12.3506832123	-1420
12.350703001	-1264
12.3553051949	-1420
12.3553352356	-1316
12.3579280376	-1420
12.357956171	-1316
12.3579602242	-1368
12.3600912094	-1420
12.3600962162	-1316
12.3626630306	-1420
12.3626680374	-1420
12.3627061844	-1264
12.3673641682	-1420
12.3674170971	-1316
12.3704881668	-1420
12.3705320358	-1316
12.3734171391	-1420
12.3734591007	-1420
12.3734622002	-1264
12.3735949993	543
12.3766992092	-1368
12.3811252117	-1420
12.3811781406	-1420
12.3811810017	-1264
12.3845171928	-1368
12.3880450726	-1368
12.391023159	-1368
12.3939051628	-1368
12.3979451656	-1420
12.3979501724	-1420
12.3979911804	-1264
12.401181221	-1420
12.4012050629	-1316
12.4012560844	-1368
12.4013462067	543
12.4070281982	-1368
12.4089560509	-1368
12.4090521336	543
12.4110631943	-1368
12.4111700058	543
12.413528204	-1420
12.4135332108	-1316
12.4152920246	-1368
12.4379990101	-1420
12.4380450249	-1316
12.4388232231	-1420
12.4388661385	-1420
12.4388689995	-1264
12.439677	-1420
12.4396831989	-1316
12.4405832291	-1368
12.4420161247	-1420
12.4420621395	-1420
12.4420650005	-1264
12.4431910515	-1420
12.4431960583	-1316
12.4442031384	-1368
12.4454421997	-1420
12.4454650879	-1316
12.446378231	-1368
12.4464700222	543
12.4473931789	-1420
12.4473972321	-1420
12.4474360943	-1264
12.4486730099	-1368
12.4494240284	-1368
12.4507050514	-1368
12.4514830112	-1368
12.4527130127	-1420
12.4527361393	-1316
12.4539430141	-1420
12.4539852142	-1316
12.4635181427	-1420
12.463583231	-1420
12.4635870457	-1264
12.4636211395	-1368
12.4637510777	543
12.4652040005	-759
12.5500631332	-1368
12.6219470501	-232
12.8511810303	-1057
12.9096200466	-1368
12.9683310986	-203
12.9688441753	-543
13.074201107	-1420
13.0742580891	-1316
13.0854251385	-377
13.0874900818	543
13.0881941319	543
13.4694721699	-543
13.5401301384	-1420
13.5402212143	-1420
13.5402691364	-1264
13.5403032303	-1420
13.5403370857	-1316
13.5403711796	-1368
13.540553093	543
13.5406701565	-1420
13.5406742096	-1316
13.5407922268	-1368
13.5413501263	-1368
13.5415580273	-1420
13.5415630341	-1316
13.541793108	-1368
13.5419301987	-1368
13.5421140194	-1368
13.5422101021	-1368
13.5422301292	-1368
13.5427861214	-1420
13.5428102016	-1420
13.5428140163	-1264
13.5428352356	-1368
13.54296422	543
13.5430262089	-1420
13.5430281162	-1316
13.5432770252	-1420
13.5432832241	-1420
13.54332304	-1264
13.5434801579	-1420
13.5435221195	-1420
13.5435240269	-1264
13.5436840057	-1420
13.5436890125	-1316
13.5437541008	543
13.543941021	-1368
13.5443470478	-1420
13.5444011688	-1420
13.5444040298	-1264
13.5445401669	-1368
13.5446591377	-1420
13.5447001457	-1420
13.5447030067	-1264
13.5447611809	-1420
13.5447640419	-1316
13.5448729992	543
13.5449960232	-1368
13.6498231888	-1420
13.6498401165	-1420
13.6499052048	-1264
13.6550960541	-360
13.6554222107	543
14.0434360504	-1420
14.0434532166	-151
14.0437040329	-1420
14.0437090397	-1316
14.0443360806	-1420
14.0443410873	-1420
14.0443820953	-1264
14.0453231335	-1420
14.0453472137	-1316
14.0454320908	-1368
14.0462870598	-1420
14.0462920666	-1420
14.0463311672	-1264
14.0465741158	-1368
14.0469322205	-1420
14.0469372272	-1316
14.0469801426	-1368
14.0470080376	-1368
14.0470921993	-1368
14.0470950603	-1420
14.0471310616	-1316
14.0472371578	543
14.0472800732	-1420
14.0472831726	-1316
14.0475330353	-1368
14.0477502346	-1368
14.047837019	543
14.0479750633	-1420
14.0479772091	-1316
14.048074007	-1420
14.0480790138	-1316
14.0483140945	-1420
14.0483191013	-1316
14.0483520031	-1368
14.0484600067	-1420
14.048481226	-1316
14.0487802029	-1420
14.0488021374	-1316
14.0489230156	-1420
14.0489621162	-1420
14.0489640236	-1264
14.0489981174	-1368
14.049724102	543
14.1606631279	-568
14.2553420067	-1420
14.2553582191	-1316
14.2778131962	-377
14.4618861675	-1420
14.4619050026	-1420
14.4619681835	-787
14.5491130352	-1420
14.5491321087	-1420
14.5491981506	-1264
14.5791680813	-580
14.5963470936	1057
14.631180048	543
14.6501731873	543
14.6681821346	543
14.7216300964	543
15.1797001362	-1420
15.1797180176	-151
15.1811242104	543
15.1815900803	543
15.2968511581	-1086
15.3081111908	1057
15.3098111153	543
15.3103630543	543
15.3739550114	-1368
15.4159760475	-203
15.4618730545	543
15.486274004	543
15.5333561897	-543
15.5335590839	543
15.6500790119	-1368
15.6506111622	-203
15.7681481838	-543
15.9501121044	-543
15.9503149986	543
16.0673291683	-543
16.0760090351	-1368
16.1922681332	240
16.1928911209	-232
16.1960642338	-1420
16.1960890293	-1316
16.1981961727	-1368
16.3133051395	-580
16.316478014	543
16.3167102337	543
16.3221700191	-752
16.3226721287	126
16.3932030201	-1420
16.393209219	-1316
16.4305951595	-920
16.4467191696	-51
16.4469032288	38
16.5702910423	-1420
16.5703091621	-83
16.5782902241	1057
16.5833990574	-543
16.5897481441	543
16.7033100128	-543
16.7037241459	543
16.7501311302	-543
16.8376231194	-543
16.8482420444	543
16.8498032093	-1368
16.9249651432	-717
16.9309232235	543
16.9326200485	1460
16.9326820374	1460
16.9327220917	1161
16.9327890873	89
17.0191471577	-543
17.0238411427	1057
17.0695700645	-543
17.4195330143	-1420
17.4196021557	-1420
17.4196491241	-787
17.4233231544	-1420
17.4233460426	-1316
17.425383091	-1368
17.4279332161	-1420
17.4279561043	-1316
17.4301931858	-1420
17.4302361012	-1420
17.4302690029	-1264
17.4366850853	-1420
17.4367251396	-1420
17.436743021	-1264
17.4391210079	-1420
17.4391641617	-1316
17.5162220001	-1420
17.5162391663	-1420
17.5162940025	-1420
17.516297102	-1212
17.5163390636	-1368
17.5164780617	543
17.5167250633	-1420
17.5167300701	-1316
17.5171952248	-1368
17.5177261829	-1420
17.5177500248	-1316
17.5213282108	-1368
17.5235760212	-1368
17.5246880054	-1420
17.5247302055	-1420
17.5247321129	-1264
17.5255172253	-1420
17.52552104	-1420
17.5255591869	-1264
17.5264210701	-1368
17.5265271664	543
17.5266821384	-1420
17.5266871452	-1316
17.5268061161	-1420
17.5268101692	-1316
17.5268881321	543
17.536714077	-1420
17.5367240906	-798
17.61723423	-1420
17.6172530651	-1420
17.6173150539	-1264
17.6176221371	-1420
17.6176581383	-1316
17.617934227	-1368
17.6205911636	-1420
17.6205961704	-1316
17.6210610867	-1368
17.6225152016	-1420
17.6225540638	-1420
17.6225581169	-1264
17.6228690147	-1420
17.6228740215	-1316
17.6234340668	-1420
17.6234390736	-1316
17.6235470772	543
17.6236951351	-1368
17.6240170002	-1420
17.6240592003	-1420
17.6240620613	-1264
17.6537590027	-230
17.6621072292	-1420
17.6621580124	-1420
17.6621611118	-1264
17.7179760933	-1420
17.717993021	-1316
17.7204802036	-1368
17.7210791111	-1368
17.7217340469	-1420
17.7217390537	-1420
17.7217841148	-1264
17.7225031853	-1420
17.7225260735	-1316
17.7232401371	-1368
17.7238020897	-1420
17.7238070965	-1316
17.7248821259	-1420
17.724886179	-1316
17.7249820232	-1368
17.7256500721	-1420
17.7256531715	-1316
17.7257711887	-1368
17.72610116	543
17.7262630463	543
17.7270681858	-1420
17.7270741463	-1316
17.727451086	-1420
17.7274551392	-1420
17.7274930477	-1264
17.7419831753	-1420
17.7420301437	-1316
17.7420341969	-1368
17.7793090343	-884
17.8243000507	-1420
17.8243131638	-1316
17.8251972198	-1368
17.8253490925	543
17.8277301788	-1420
17.8277351856	-1316
17.8288731575	-1368
17.8295972347	-1420
17.8296251297	-1316
17.8305881023	-1368
17.8312971592	-1368
17.8313372135	-1368
17.8314270973	-1368
17.8323421478	-1420
17.832365036	-1316
17.8336110115	-1420
17.8336551189	-1316
17.8346951008	-1420
17.8347361088	-1420
17.8347380161	-1264
17.8374252319	-1368
17.8384900093	-1420
17.8385310173	-1420
17.8385341167	-1264
17.848085165	543
17.8483681679	-1420
17.8483731747	-1420
17.8484220505	-1264
17.8486850262	543
17.8968920708	-847
17.9239401817	-1420
17.9239830971	-1316
17.925257206	-1368
17.9261870384	-1420
17.9261920452	-1420
17.9262320995	-1264
17.9272041321	-1420
17.9272382259	-1316
17.9285950661	-1368
17.9301531315	-1368
17.9313271046	-1420
17.9313502312	-1316
17.932254076	-1368
17.932945013	-1420
17.9329490662	-1420
17.9329850674	-1264
17.9331171513	543
17.9333400726	-1420
17.9333450794	-1316
17.9339120388	-1368
17.9343400002	-1420
17.9343810081	-1316
17.9348261356	-1420
17.9348649979	-1420
17.9348680973	-1264
17.9353730679	-1420
17.9353780746	-1316
17.970744133	-1420
17.9707551003	-1316
18.0139920712	-681
18.0267522335	-1420
18.0268011093	-1316
18.0278911591	-1420
18.0279240608	-1420
18.0279271603	-1264
18.0298771858	-1420
18.0298821926	-1420
18.0299241543	-1264
18.0300171375	543
18.0301201344	543
18.0324721336	-1420
18.0324761868	-1420
18.0325160027	-1264
18.0353012085	-1368
18.0379300117	-1420
18.0379350185	-1316
18.0415651798	-1368
18.0438320637	-1420
18.0438730717	-1420
18.0438761711	-1264
18.046402216	-1420
18.0464072227	-1316
18.0481832027	-1420
18.0481882095	-1316
18.0595312119	-1420
18.0595362186	-1420
18.0595760345	-1264
18.0596430302	543
18.1274831295	-1420
18.12748909	-1420
18.1275291443	-1264
18.1296231747	-1420
18.1296761036	-1316
18.1310110092	-1420
18.1310551167	-1420
18.1310582161	-1264
18.1313672066	-125
18.1807892323	-1368
18.1879930496	-1420
18.1879980564	-1420
18.1880440712	-1264
18.1961531639	-1420
18.1961581707	-1316
18.2007811069	-1368
18.2071380615	-1420
18.2071430683	-1420
18.2071812153	-1264
18.2073321342	543
18.2112371922	-1368
18.211315155	543
18.2148990631	-1420
18.2149040699	-1316
18.218100071	-1420
18.2181050777	-1420
18.2181451321	-1264
18.2284622192	-1420
18.2285051346	-1420
18.228508234	-1264
18.2492930889	-1055
18.2539000511	-1420
18.253950119	-1316
18.2572581768	-1368
18.2631540298	-1420
18.2631690502	-1420
18.2632091045	-1264
18.2661590576	-1368
18.2689950466	-1420
18.2690000534	-1316
18.269105196	543
18.2721390724	-1420
18.2721440792	-1420
18.2721831799	-1264
18.2766721249	-1420
18.276717186	-1420
18.276720047	-1264
18.2799601555	-1420
18.2799642086	-1420
18.2800040245	-1264
18.2815930843	-1420
18.2816331387	-1316
18.2833721638	-1368
18.2848641872	-1420
18.2848680019	-1316
18.2865111828	-1368
18.2881951332	-1420
18.2882351875	-1316
18.2893271446	-1368
18.2899870872	543
18.291020155	-1420
18.2910251617	-1420
18.2910671234	-1264
18.3312730789	-1420
18.3312802315	-1420
18.3313281536	-1264
18.3314912319	543
18.3331780434	-1420
18.3331830502	-1420
18.3332211971	-1264
18.3349900246	-1420
18.3350322247	-1420
18.3350350857	-1264
18.337220192	-1420
18.337223053	-1420
18.3372600079	-1264
18.3379080296	-1420
18.3379371166	-1420
18.3379402161	-1264
18.3383991718	-1420
18.3384041786	-1316
18.3385000229	543
18.3389151096	-1420
18.3389191628	-1420
18.338958025	-1264
18.3397800922	-1420
18.3398201466	-1316
18.3399422169	-1420
18.3399820328	-1316
18.3667931557	-1043
18.3690900803	-1420
18.3691060543	-1420
18.3691580296	-1264
18.4257161617	-1420
18.4257221222	-1316
18.4260921478	-1368
18.426831007	-1420
18.4268372059	-1316
18.4274160862	-1368
18.4280261993	-1420
18.4280312061	-1420
18.4280700684	-1264
18.428194046	543
18.428355217	-1420
18.4283602238	-1316
18.4284610748	543
18.4286050797	-1368
18.4288890362	-1420
18.4289290905	-1316
18.4291911125	-1368
18.4293482304	-1420
18.4293520451	-1316
18.4295880795	-1368
18.4303700924	-1368
18.43050313	-1368
18.4307951927	-1420
18.4308362007	-1420
18.4308390617	-1264
18.4309341908	-1368
18.4322021008	-1420
18.4322252274	-1420
18.4322280884	-1264
18.4341261387	-1420
18.4341311455	-1316
18.4342131615	-1368
18.4342851639	543
18.4681792259	543
18.4685370922	543
18.4841151237	-1269
18.5261540413	-1420
18.5261991024	-1316
18.5266020298	-1420
18.5266480446	-1420
18.526651144	-1264
18.5282840729	-1420
18.5282890797	-1420
18.5283281803	-1264
18.5296750069	-1420
18.5297160149	-1420
18.5297191143	-1264
18.5314691067	-1368
18.5321640968	-1368
18.5329461098	-1420
18.5329501629	-1420
18.5329880714	-1264
18.5330431461	543
18.533424139	-1420
18.5334281921	-1420
18.5334661007	-1264
18.5335271358	543
18.5347800255	-1420
18.5347840786	-1316
18.5348241329	-1368
18.5354280472	-1420
18.5354690552	-1316
18.5359311104	-1420
18.5359711647	-1420
18.5359740257	-1264
18.5493180752	-1420
18.549323082	-1420
18.5493731499	-1264
18.601331234	-88
18.6325922012	-1420
18.632597208	-1316
18.6345920563	-1368
18.6347081661	543
18.637802124	-1420
18.6378071308	-1316
18.6398780346	-1368
18.6442232132	-1420
18.6442642212	-1420
18.6442670822	-1264
18.6457340717	-1420
18.6457390785	-1316
18.6472232342	-1368
18.6488370895	-1420
18.648881197	-1316
18.6502392292	-1368
18.6516211033	-1420
18.6516251564	-1316
18.6523170471	-1368
18.6550900936	-1420
18.6551311016	-1420
18.655134201	-1264
18.6581380367	-1420
18.6581430435	-1316
18.6581990719	-1368
18.6582841873	543
18.6594641209	-1420
18.6594691277	-1420
18.6594882011	-1264
18.6595580578	543
18.7186732292	-594
18.7330491543	-1420
18.7330992222	-1316
18.7350611687	-1368
18.8360171318	-609
18.9536690712	-1057
18.9691150188	543
