0	543
2.95165491104	543
3.51842904091	-543
3.51944899559	543
4.16703391075	-543
4.18046188354	543
4.74031090736	-543
4.74051499367	543
5.30232191086	-543
5.41060090065	-1420
5.41066884995	-1340
5.42203187943	-1380
5.4592590332	-544
5.46207094193	543
5.47215485573	543
5.56998801231	-543
5.58129692078	543
5.80793595314	-543
5.81836986542	543
6.15937185287	-543
6.15961885452	543
6.26927995682	-1380
6.27174186707	-1219
6.3866379261	-543
6.72592687607	-543
6.83432793617	-1420
6.83440303802	-1340
6.83775091171	-867
6.94175982475	-1380
6.94377684593	543
6.94943785667	-220
6.95392084122	543
7.2914018631	-543
7.29159402847	543
7.64065504074	-1420
7.64067292213	-665
7.64182782173	543
7.68690299988	-543
7.75833702087	-543
8.33757281303	-1420
8.337651968	-1420
8.33770489693	-787
8.33776187897	-1380
8.44356584549	-1380
8.44613194466	543
8.4490468502	-382
8.45414304733	543
8.45462703705	-1420
8.45463395119	-1340
8.55103588104	-1380
8.5631878376	-1420
8.56325888634	-1420
8.56326603889	-1300
8.56353783607	-1420
8.56354188919	-1340
8.56648683548	-1420
8.56649184227	-535
8.56662201881	543
8.57207202911	-1380
8.57300686836	543
8.65858387947	-1420
8.65860199928	-1420
8.65866088867	-1300
8.65879201889	543
8.67818403244	-192
8.79046583176	-1420
8.79048299789	-1420
8.79053783417	-787
8.79074382782	-1420
8.79074788094	-1420
8.79077887535	-1300
8.89821600914	-1420
8.89824390411	-1420
8.89830994606	-1300
8.90208792686	-60
9.00617790222	-1420
9.00619387627	-1340
9.01487803459	-1420
9.01490187645	-1420
9.01496601105	-1300
9.01496887207	-1420
9.01500701904	-1340
9.0151078701	-1380
9.0152759552	543
9.02777886391	-1420
9.02779603004	-1340
9.02785396576	-1380
9.05344486237	-414
9.12257599831	-1380
9.16515398026	-705
9.23933887482	-1420
9.23936891556	-1420
9.23942804337	-1300
9.23948383331	-1420
9.23950600624	-1420
9.23950886726	-1300
9.2397069931	543
9.23989081383	543
9.27697396278	-603
9.2776389122	1057
9.30476784706	-1420
9.30478286743	-1420
9.30483984947	-1300
9.30506801605	-1420
9.30511903763	-1420
9.30512189865	-1300
9.38996195793	-1146
9.39012598991	543
9.46264004707	-1420
9.46265888214	-1420
9.46271800995	-1300
9.46289396286	543
9.46300983429	-1420
9.46301198006	-1420
9.46303200722	-1300
9.46313881874	543
9.54270887375	-1420
9.54272699356	-1420
9.5427839756	-1300
9.55023789406	-604
9.56799793243	-1380
9.679666996	-191
9.6871638298	-1420
9.68717002869	-1340
9.68761301041	-1420
9.6876180172	-1420
9.68765687943	-1300
9.68824696541	-1420
9.6882519722	-1420
9.6883020401	-1300
9.70063304901	-1420
9.70064592361	-1420
9.70069789886	-1300
9.70081090927	543
9.79512095451	-1420
9.79513883591	-1340
9.79883289337	-767
9.91107702255	-1380
9.91205692291	-1420
9.9120619297	-1420
9.91210603714	-1420
9.91210794449	-1420
9.91214489937	-1220
9.91214799881	-1380
9.91218304634	-1420
9.91218495369	-1340
9.92215585709	-1420
9.92216587067	-1340
9.95033383369	-928
10.0286610126	-1380
10.0619769096	-220
10.1347658634	-1380
10.1352100372	-1380
10.1356668472	-1420
10.135710001	-1340
10.1362559795	-1420
10.1362609863	-1420
10.1363019943	-1300
10.1364369392	1057
10.1365919113	-1420
10.1365959644	-1420
10.1366348267	-1300
10.1366379261	-1380
10.1368808746	-1380
10.1738438606	-1119
10.2092900276	-1420
10.2093098164	-1340
10.2093908787	-1380
10.2431528568	-1420
10.2432320118	-1340
10.2439060211	-1380
10.3209810257	-574
10.3517119884	-1420
10.3517708778	-1340
10.3600809574	-1420
10.3601419926	-1340
10.4328439236	-1220
10.4686338902	-1420
10.468693018	-1420
10.4687550068	-1420
10.4687578678	-1260
10.4687948227	-1420
10.4687979221	-1420
10.468834877	-1300
10.4688379765	-1420
10.4688739777	-1340
10.4689388275	-1420
10.4689588547	-1420
10.4689610004	-1300
10.4689769745	-1380
10.4691200256	543
10.5447869301	-1339
10.5469369888	543
10.5821349621	-1420
10.5821478367	-1340
10.5848889351	-1420
10.5849039555	-1340
10.585064888	543
10.5851778984	-1420
10.5851819515	-1420
10.5852220058	-1300
10.5856308937	-1380
10.5857818127	-1420
10.5857858658	-1340
10.586097002	-1420
10.5861008167	-1340
10.5864160061	-1380
10.5884130001	543
10.6081459522	-1420
10.6081619263	-1420
10.6082389355	-1300
10.6084330082	543
10.6902828217	-1420
10.6903018951	-1340
10.6928248405	-1150
10.7981538773	-1380
10.8047509193	-1219
10.8068180084	543
10.8077659607	1057
10.9062328339	-1380
10.9164988995	-705
11.2474479675	-543
11.3982100487	-543
11.5491709709	-543
11.7621788979	-1420
11.7622468472	-1420
11.7622878551	-787
11.8741438389	-1057
12.0030739307	543
12.0276489258	-1420
12.0277149677	-1420
12.0277528763	-787
12.1605930328	-1420
12.1606669426	-1420
12.1607120037	-787
12.2540910244	-1380
12.2722480297	-734
12.3616528511	-1420
12.3617529869	-1340
12.3840270042	-353
12.3847968578	-1380
12.3848638535	-1420
12.3848679066	-1420
12.3849079609	-1300
12.3849108219	-1420
12.3849568367	-1340
12.3850560188	543
12.4698088169	-1420
12.4698269367	-1420
12.4698898792	-1300
12.4700169563	543
12.4912860394	-1420
12.4913008213	-1340
12.4920248985	-1420
12.4920299053	-1340
12.4959349632	-1310
12.5027918816	-1420
12.5028619766	-1420
12.5028669834	-1300
12.5760948658	-1380
12.5765419006	-1420
12.5765960217	-1340
12.5766639709	-1420
12.5767059326	-1420
12.57670784	-1300
12.5768518448	543
12.576982975	-1420
12.5769870281	-1420
12.5770289898	-1300
12.5772068501	543
12.5775139332	-1420
12.57751894	-1420
12.5775749683	-1300
12.5996170044	-1380
12.6086158752	-341
12.6952488422	-1420
12.6952660084	-1340
12.6961398125	-1420
12.6961460114	-1420
12.696190834	-1300
12.6965818405	-1420
12.6965858936	-1420
12.6966350079	-1300
12.6967909336	-1420
12.6967949867	-1340
12.7076649666	-1420
12.7076749802	-1340
12.7079110146	543
12.7205338478	-91
12.7283480167	543
12.7485599518	543
12.7885248661	1460
12.7886109352	111
12.7945618629	1460
12.7982368469	111
12.8306469917	1057
12.8383808136	1460
12.8384349346	111
12.839676857	543
12.8409128189	1460
12.8409619331	111
12.8515539169	543
12.8585009575	1057
12.8613328934	543
12.8637640476	543
12.8841979504	543
12.9219579697	543
12.9424769878	543
12.9686129093	543
13.0119049549	543
13.0148279667	543
13.0182788372	543
13.0211069584	543
13.0237019062	543
13.0322749615	543
13.3587458134	-1420
13.3587639332	-1420
13.3588228226	-787
13.4666948318	-1420
13.4667639732	-1420
13.4668028355	-1300
13.4704680443	-544
13.5748369694	-1420
13.5749018192	-1420
13.5749239922	-1300
13.6222348213	-30
13.6275959015	-1420
13.6276488304	-1420
13.6276879311	-1420
13.6277248859	-1260
13.6279299259	543
13.6281199455	543
13.6287789345	-1420
13.6287839413	-1340
13.6291599274	-1380
13.629336834	-1420
13.6293878555	-1340
13.662612915	-1380
13.6867330074	-1380
13.6869459152	543
13.6871058941	543
13.7237999439	-1380
13.7240309715	543
13.7242329121	543
13.7243590355	543
13.7339599133	-1351
13.7341039181	543
13.7342879772	543
13.7344288826	543
13.746201992	-1420
13.7462179661	-1340
13.7466518879	-1420
13.7466568947	-1340
13.7472889423	1057
13.7477529049	-1420
13.7477588654	-1340
13.747964859	543
13.7830018997	-1420
13.7830169201	-1420
13.7830729485	-1300
13.8311450481	-1420
13.8311579227	-1420
13.8312008381	-1300
13.8465509415	-576
13.8470029831	543
13.8660159111	-1420
13.8660328388	-1340
13.8661539555	-1380
13.8662610054	-1420
13.8662910461	-1420
13.8662948608	-1300
13.8664410114	543
13.8672850132	-1420
13.8672909737	-1420
13.8673419952	-1300
13.9087328911	543
13.9393119812	-1420
13.9393429756	-1420
13.9393999577	-1300
13.9395608902	543
13.9717168808	-120
13.9784808159	543
13.9841008186	-1420
13.9841098785	-1420
13.9841580391	-1300
13.9845199585	-1420
13.984566927	-1420
13.9845688343	-1300
13.9855270386	-1420
13.9855320454	-1420
13.985585928	-1300
13.9860260487	-1380
13.9865369797	-1420
13.9865510464	-1420
13.9865918159	-1300
13.9865949154	-1380
13.9867138863	543
14.0238289833	543
14.0536839962	-1420
14.0537028313	-1340
14.0647389889	-1420
14.0647640228	-1420
14.0648038387	-1300
14.0835950375	-827
14.10531497	-1420
14.1053259373	-1420
14.1053910255	-1300
14.1053938866	-1380
14.1952588558	-221
14.2142119408	-1420
14.2142798901	-1420
14.2142858505	-1420
14.2143230438	-1260
14.2143249512	-1420
14.2143609524	-1420
14.2143638134	-1300
14.2144138813	-1420
14.2144169807	-1340
14.2144799232	-1380
14.2146959305	543
14.2150969505	543
14.2283968925	-1420
14.2284088135	-1420
14.2284619808	-1300
14.2285699844	543
14.2287049294	-1380
14.2456798553	-1380
14.2807629108	-1420
14.2807838917	-1420
14.2808318138	-1300
14.2810268402	1057
14.2914438248	-1420
14.2914628983	-1340
14.2915239334	-1420
14.2916698456	543
14.2917108536	-1340
14.3070189953	-343
14.3102149963	-1420
14.3102219105	-1340
14.3368289471	-1420
14.3368468285	-1340
14.3371880054	-1420
14.3371930122	-1420
14.3372349739	-1300
14.3886868954	-1420
14.388712883	-1420
14.3887579441	-1300
14.3996038437	-1380
14.4001040459	-1420
14.4001088142	-1340
14.4199800491	-543
14.4222240448	-1281
14.4384820461	-1420
14.4384968281	-1420
14.4385550022	-1300
14.4387228489	543
14.445114851	-1420
14.4451198578	-1420
14.4451680183	-1300
14.4455099106	-1420
14.4455590248	-1340
14.4972269535	-1420
14.4972438812	-1340
14.4974458218	-1420
14.4974489212	-1340
14.4976038933	1057
14.4979739189	543
14.50857687	-1420
14.5085859299	-1340
14.5503139496	-987
14.5535409451	-1420
14.5535998344	-1420
14.5536029339	-1300
14.5540759563	-1420
14.5540819168	-1340
14.5542159081	-1420
14.5542190075	-1340
14.5724818707	-1420
14.5724978447	-1340
14.6056399345	-1380
14.6132659912	-1420
14.613339901	-1420
14.6133439541	-1300
14.6341459751	-1420
14.6341609955	-1420
14.6342158318	-1300
14.6627569199	-1420
14.6628339291	-1420
14.6628379822	-1300
14.6629638672	-1420
14.6629669666	-1340
14.6630179882	-1420
14.6630198956	-1340
14.6650290489	-49
14.7040359974	-1420
14.7040858269	-1340
14.7241239548	-1420
14.7241928577	-1420
14.7241988182	-1300
14.7246079445	-1380
14.7247149944	543
14.743213892	-1420
14.743229866	-1420
14.7432868481	-1300
14.7700948715	-1380
14.7704260349	-1380
14.7760260105	-1420
14.7760779858	-1340
14.776154995	543
14.7841658592	-1420
14.7841739655	-1420
14.7842168808	-1420
14.7842190266	-1260
14.7861838341	543
14.7870109081	1460
14.787060976	1460
14.7871069908	193
14.8158140182	-988
14.8220918179	-1380
14.8224868774	-1380
14.8332989216	-1420
14.8333618641	-1340
14.8512289524	-1420
14.851295948	-1420
14.8513009548	-1300
14.8840308189	-1380
14.8866329193	543
14.8961858749	-1420
14.8962030411	-1420
14.8962509632	-1300
14.8980720043	-1420
14.8981099129	-1340
14.8982679844	-1420
14.8983039856	-1340
14.8983960152	-1380
14.9004778862	543
14.9338998795	-768
14.9416179657	-1420
14.9416868687	-1420
14.9416909218	-1300
14.9418208599	543
14.992415905	-1420
14.9924418926	-1420
14.9924879074	-1300
15.0042099953	-1420
15.0042710304	-1420
15.0042738914	-1300
15.0151309967	-1420
15.0151460171	-1420
15.0152008533	-1300
15.0155818462	543
15.0166358948	-1420
15.0166409016	-1340
15.0210988522	543
15.0441830158	-1380
15.0443518162	543
15.0455908775	-635
15.0597219467	-1380
15.0621929169	-1420
15.0621988773	-1340
15.0896248817	-1420
15.0896339417	-1340
15.0984668732	543
15.1010899544	-1420
15.1010959148	-1420
15.1011488438	-1300
15.1222510338	-1420
15.1223208904	-1420
15.1223249435	-1300
15.1304988861	1057
15.1574289799	-1420
15.1574440002	-1340
15.1575820446	-1380
15.157902956	-1420
15.1579630375	-1340
15.1579778194	-1380
15.1583960056	543
15.1713478565	-474
15.1791629791	-1420
15.1792190075	-1420
15.1792228222	-1300
15.1981890202	-1380
15.202064991	543
15.2106978893	543
15.2157640457	-1420
15.2157719135	-1340
15.2421360016	-1420
15.2421529293	-1420
15.2422168255	-1300
15.2452850342	543
15.2500138283	543
15.2600948811	-1420
15.2600998878	-1420
15.260144949	-1300
15.2605979443	-1420
15.2606430054	-1340
15.2789919376	543
15.290941	-473
15.2993688583	-1420
15.2994439602	-1420
15.2994480133	-1420
15.2994868755	-1260
15.3000500202	-1420
15.3000848293	-1340
15.300164938	543
15.3341889381	-1420
15.3342039585	-1340
15.344878912	543
15.3490040302	1460
15.3490729332	1139
15.3502879143	-1420
15.3502948284	-1420
15.3503398895	-1300
15.3732309341	-1420
15.3733069897	-1420
15.3733110428	-1300
15.3903410435	-1420
15.3903589249	-1420
15.3904159069	-1300
15.407848835	-1420
15.4079158306	-1420
15.4079208374	-1300
15.411123991	-475
15.4195928574	-1380
15.4531269073	-1420
15.4531459808	-1340
15.4631128311	-1420
15.4631268978	-1420
15.4631798267	-1300
15.491727829	-1420
15.4917960167	-1420
15.4917998314	-1300
15.4980549812	-1420
15.498059988	-1420
15.4981019497	-1300
15.499078989	-1380
15.5312860012	-340
15.5385978222	-1380
15.5387630463	-1380
15.5651948452	-1420
15.5652658939	-1420
15.5652709007	-1300
15.5715808868	-1420
15.5715858936	-1420
15.5716300011	-1300
15.5717458725	543
15.5981268883	-1420
15.5981419086	-1420
15.5982139111	-1420
15.5982158184	-1260
15.5984749794	543
15.642966032	-120
15.7542488575	-1420
15.7542638779	-1340
15.75481987	-1380
15.7549238205	-1420
15.7549579144	-1340
15.7551848888	-1420
15.755188942	-1340
15.7553048134	-1380
15.7555968761	-1380
15.7556099892	-1380
15.7556889057	-1420
15.7556920052	-1340
15.755961895	-1420
15.7559669018	-1420
15.7560088634	-1300
15.7620899677	543
15.7650368214	1057
15.7697339058	543
15.7699568272	1460
15.7700018883	1139
15.8176758289	-1420
15.8176870346	-1420
15.8177409172	-1300
15.8206169605	1057
15.8222129345	-665
15.8626890182	-1380
15.8630788326	-1420
15.8630850315	-1420
15.8631379604	-1300
15.8631398678	-1380
15.8635458946	-1420
15.8635509014	-1420
15.863574028	-1300
15.8640298843	-1420
15.8640708923	-1340
15.8640739918	-1380
15.864207983	-1420
15.864210844	-1340
15.8646910191	-1420
15.8646938801	-1420
15.864730835	-1300
15.8647708893	-1380
15.8684680462	543
15.8725728989	543
15.8906798363	543
15.8930459023	543
15.9004499912	543
15.907227993	543
15.909870863	1460
15.9183030128	1460
15.9183518887	707
15.9186959267	1460
15.9187419415	1139
15.9189448357	1460
15.9189898968	1460
15.9190340042	193
15.9191939831	1460
15.9192378521	111
15.9194400311	1460
15.9194848537	1139
15.9606068134	-1380
15.9711809158	-1420
15.9712488651	-1420
15.9712529182	-1300
15.9715158939	-1420
15.9715199471	-1420
15.9715688229	-1300
15.9715719223	-1420
15.9716658592	-1420
15.971668005	-1300
15.972026825	-1420
15.9720308781	-1340
15.9726319313	-1380
15.9728348255	-1420
15.972878933	-1420
15.9728820324	-1300
15.9730689526	-1420
15.9730730057	-481
15.9772908688	543
15.9911680222	-1420
15.9911830425	-1340
16.0796499252	-1420
16.079668045	-1420
16.0797328949	-1300
16.0800168514	-1420
16.0800700188	-1420
16.0800719261	-1300
16.0805368423	-1420
16.0805418491	-1420
16.0805950165	-1300
16.0805969238	-1380
16.0807199478	543
16.0811259747	-1380
16.0814490318	-1420
16.0814938545	-1420
16.081496954	-1420
16.0815329552	-1420
16.0815358162	-1220
16.0848050117	-1179
16.099134922	-1380
16.1818418503	-1420
16.1818618774	-1420
16.1819198132	-1420
16.1819229126	-1260
16.1820988655	543
16.1841099262	543
16.1850450039	1460
16.1850948334	111
16.1882228851	-1380
16.1884419918	543
16.1888058186	-1420
16.1888108253	-1340
16.1889529228	-1420
16.1889569759	-1420
16.1889979839	-1300
16.1982679367	-1420
16.1983268261	-1420
16.1983308792	-1300
16.1996529102	-1420
16.1996588707	-1420
16.199712038	-1300
16.1997909546	543
16.2107839584	-503
16.2115399837	-1420
16.211591959	-1340
16.2331528664	-1420
16.2332220078	-1340
16.2363638878	-1420
16.2364149094	-1420
16.2364180088	-1300
16.2963080406	-1420
16.296325922	-1420
16.2963929176	-1300
16.297066927	-1420
16.2971129417	-1420
16.2971160412	-1300
16.3172969818	-1420
16.31731987	-1420
16.3173699379	-1300
16.3175919056	543
16.320070982	-1420
16.3200759888	-1420
16.3201198578	-1300
16.3233380318	-313
16.3386449814	-1420
16.3386719227	-1420
16.3387470245	-1300
16.3389749527	543
16.3541049957	-1420
16.3541209698	-1340
16.3542268276	-1380
16.3843929768	-1420
16.3844618797	-1420
16.3844659328	-1300
16.4046988487	-1420
16.4047138691	-1420
16.4047720432	-1300
16.4050238132	-1420
16.4050660133	-1340
16.4216878414	-1380
16.4218440056	543
16.4396998882	-1420
16.4397158623	-1420
16.4397819042	-1300
16.4398918152	543
16.4406108856	-1420
16.4406168461	-1420
16.4406628609	-1300
16.4502840042	-695
16.4535808563	-1420
16.4535880089	-1420
16.4536240101	-1300
16.4537060261	543
16.4686188698	543
16.4705958366	-1380
16.4753320217	-1420
16.4753968716	-1340
16.5067448616	-1420
16.5068130493	-1420
16.506816864	-1300
16.5131049156	-1420
16.5131108761	-1420
16.5131528378	-1300
16.5406708717	-1420
16.5407469273	-1420
16.5407519341	-1300
16.5577340126	-1420
16.5577609539	-1420
16.5578188896	-1300
16.5611858368	-1420
16.5612518787	-1420
16.5612549782	-1300
16.5615069866	543
16.5616438389	-1420
16.561647892	-1420
16.5616958141	-1300
16.5618708134	543
16.5651988983	-725
16.5786828995	-1380
16.5930759907	-1380
16.6001620293	-1380
16.6003189087	543
16.6146609783	-1420
16.6146759987	-1340
16.6150150299	-1420
16.6150188446	-1420
16.6150510311	-1300
16.6488668919	-1420
16.64894104	-1420
16.6489460468	-1300
16.6492209435	-1420
16.6492259502	-1420
16.649274826	-1300
16.665117979	-1380
16.6777079105	-1420
16.6777229309	-1340
16.6795229912	-1420
16.6795270443	-1420
16.6795499325	-1300
16.6796410084	543
16.6867029667	-1420
16.6867189407	-1420
16.6867768764	-1300
16.6906218529	-1135
16.7092139721	-1420
16.7092299461	-1420
16.7092938423	-1300
16.7233738899	-1420
16.723443985	-1340
16.7235329151	-1420
16.7235839367	-1340
16.7567219734	-1420
16.7567989826	-1420
16.7568039894	-1300
16.7941799164	-1420
16.7941949368	-1420
16.7942519188	-1300
16.7944118977	543
16.7945199013	-1420
16.7945230007	-1420
16.7945718765	-1420
16.7945740223	-1260
16.7946529388	-1380
16.8211359978	-1266
16.8271238804	-1420
16.8271329403	-1340
16.8300738335	-1420
16.830080986	-1420
16.8301148415	-1300
16.8316278458	-1420
16.831663847	-1340
16.8317289352	-1380
16.8335719109	-1420
16.833578825	-1340
16.833660841	-1420
16.8336639404	-1340
16.8388040066	-1420
16.8388409615	-1340
16.9028499126	-1420
16.9028668404	-1420
16.9029288292	-1420
16.9029319286	-1260
16.9125988483	-1420
16.9126119614	-1340
16.9127688408	543
16.9128940105	-1380
16.9155938625	-1380
16.9330968857	-1002
16.9354288578	-1420
16.9354839325	-1340
16.9424848557	543
16.9467840195	-1420
16.946792841	-1340
16.9490988255	-1420
16.9491100311	-1420
16.9491629601	-1300
16.9492678642	543
16.9500858784	-1420
16.9500908852	-1420
16.9501140118	-1300
16.9502649307	543
16.9542558193	-1420
16.9542620182	-1420
16.9543199539	-1300
16.9543228149	-1380
16.9732098579	-1420
16.9732198715	-1340
17.0113248825	-1420
17.0113449097	-1420
17.0114209652	-1300
17.0326559544	-1420
17.0327298641	-1420
17.0327348709	-1420
17.0327730179	-1260
17.0355968475	-1420
17.0356419086	-1420
17.0356450081	-1300
17.0357758999	543
17.0447888374	-593
17.0657339096	-1420
17.0657908916	-1340
17.0675089359	-1420
17.0675518513	-1420
17.067553997	-1300
17.0690348148	-1420
17.0690398216	-1420
17.0690829754	-1300
17.0694868565	-1420
17.0695300102	-1420
17.0695328712	-1300
17.0725359917	-1380
17.081193924	-1420
17.0812518597	-1340
17.1197679043	-1420
17.1197810173	-1420
17.1198148727	-1300
17.1412038803	-1420
17.1412198544	-1420
17.1412780285	-1300
17.141438961	1057
17.1568908691	-1047
17.1620259285	-1420
17.1620779037	-1340
17.1627240181	-1380
17.1736629009	-1420
17.1736769676	-1420
17.1737449169	-1300
17.1856458187	-1420
17.1857159138	-1420
17.1857199669	-1300
17.1866118908	-1420
17.1866168976	-1340
17.1872229576	-1420
17.1872279644	-1420
17.1872799397	-1300
17.1891708374	-1380
17.1894989014	-1380
17.1895530224	-1420
17.1895549297	-1340
17.198045969	-1380
17.227725029	-1420
17.2277419567	-1340
17.2491779327	-1380
17.2593548298	-1420
17.2594189644	-1420
17.2594230175	-1300
17.2598359585	-1380
17.2611649036	-1420
17.261220932	-1420
17.2612240314	-1300
17.2685668468	-22
17.2821128368	-1420
17.2821779251	-1340
17.2935819626	-1380
17.2940859795	-1420
17.2940919399	-1420
17.2941348553	-1300
17.2942299843	543
17.2944040298	-1380
17.3046119213	-1420
17.3046820164	-1420
17.3046858311	-1300
17.3049929142	-1420
17.304997921	-1340
17.3065290451	-1380
17.3109910488	-1420
17.311041832	-1340
17.3357138634	-1420
17.335780859	-1420
17.3357849121	-1300
17.3575408459	-1380
17.3614959717	-1420
17.3615379333	-1340
17.3619580269	1057
17.3622899055	543
17.3680348396	-1420
17.3680438995	-1420
17.3680939674	-1300
17.3907899857	-1420
17.3908610344	-1420
17.3908660412	-1300
17.3910770416	543
17.3939239979	-270
17.4022789001	-1420
17.4023499489	-1420
17.402354002	-1300
17.4026319981	-1420
17.4026358128	-1340
17.4131879807	-1420
17.4131989479	-1420
17.4132490158	-1300
17.4132518768	-1420
17.4132959843	-1340
17.424754858	-1420
17.4248099327	-1340
17.4437730312	-1420
17.4438378811	-1420
17.4438419342	-1300
17.4439969063	543
17.4651110172	-1380
17.465266943	543
17.4696309566	-1420
17.4696369171	-1420
17.4696948528	-1300
17.4765570164	-1420
17.4766080379	-1340
17.476610899	-1380
17.4770069122	-1420
17.477011919	-1420
17.4770448208	-1300
17.4771418571	-1380
17.4772369862	543
17.5101978779	-1420
17.5102138519	-1340
17.5105178356	-1420
17.5105218887	-1420
17.5105719566	-1300
17.5139780045	-433
17.5218069553	-1420
17.5218160152	-1340
17.5218670368	-1420
17.5218698978	-1340
17.531113863	-1380
17.5326490402	-1420
17.5327019691	-1340
17.551609993	-1420
17.551678896	-1340
17.5519959927	-1420
17.5520408154	-1340
17.5736498833	-1420
17.5737290382	-1420
17.5737328529	-1300
17.585064888	-1420
17.5850968361	-1340
17.5851550102	-1380
17.5857038498	-1420
17.5857298374	-1420
17.5857329369	-1300
17.5858509541	543
17.6071929932	-1420
17.6072089672	-1420
17.6072690487	-1300
17.6074340343	543
17.6185789108	-1420
17.6186459064	-1420
17.6186978817	-1300
17.6296708584	-1420
17.6297369003	-1420
17.6297399998	-1300
17.6302068233	-1420
17.6302118301	-1420
17.6302549839	-1300
17.633450985	-624
17.6412220001	-1420
17.6412289143	-1420
17.6412858963	-1300
17.6811199188	-1420
17.6811408997	-1420
17.681183815	-1300
17.6856379509	-1420
17.6856439114	-1420
17.6856789589	-1300
17.6930320263	-1420
17.6930420399	-1420
17.6930718422	-1420
17.6930749416	-1260
17.6931018829	-1380
17.693682909	-1380
17.6940619946	-1420
17.6941099167	-1340
17.7268469334	-1420
17.7268619537	-1420
17.7269189358	-1300
17.7270770073	-1420
17.7271339893	543
17.7271769047	-1420
17.7271790504	-1300
17.7381749153	-1420
17.7381899357	-1420
17.7382559776	-1300
17.7470970154	-1420
17.7471628189	-1420
17.7471678257	-1300
17.7481360435	543
17.7495269775	-1380
17.7531299591	-1241
17.7686498165	-1420
17.76866889	-1340
17.7904019356	-1420
17.7904179096	-1420
17.7904758453	-1300
17.801265955	-1420
17.8013348579	-1420
17.8013389111	-1300
17.8016939163	-1420
17.8016979694	-1420
17.8017389774	-1300
17.8242359161	-1420
17.8243119717	-1420
17.8243160248	-1300
17.8246798515	-1420
17.824682951	-1340
17.8247668743	-1380
17.8258638382	543
17.8355448246	-1380
17.835654974	-1380
17.8358898163	-1380
17.8461308479	-1420
17.8461990356	-1420
17.8462018967	-1300
17.8470208645	-1420
17.8470249176	-1420
17.8470668793	-1300
17.849011898	1460
17.8490629196	111
17.8493769169	543
17.8581519127	-1420
17.8581638336	-1340
17.8582079411	-1380
17.8647079468	-80
17.8653199673	543
17.8771169186	-1420
17.8771309853	-1420
17.8771920204	-1300
17.8888030052	1460
17.8888878822	111
17.8892338276	543
17.9027469158	-1420
17.9027609825	-1420
17.9028158188	-1300
17.9101788998	-1420
17.9102339745	-1420
17.9102380276	-1300
17.9103739262	543
17.9105000496	-1420
17.9105038643	-1340
17.932765007	-1420
17.9327809811	-1420
17.9328408241	-1300
17.9328439236	-1380
17.9330208302	543
17.9373009205	1460
17.937461853	111
17.9434549809	-1420
17.9434709549	-1420
17.9435279369	-1300
17.9438149929	-1420
17.9438660145	-1420
17.9438679218	-1300
17.9588978291	543
17.963891983	-1420
17.9638988972	-1420
17.963944912	-1300
17.9660639763	-1420
17.966105938	-1420
17.9661090374	-1300
17.9715399742	543
17.9765520096	-1298
17.9850809574	543
18.0061650276	-1420
18.0061750412	-1340
18.0063178539	1460
18.0063660145	111
18.0107169151	-1420
18.0107250214	-1420
18.0107698441	-1300
18.0176818371	-1420
18.0177350044	-1420
18.0177378654	-1300
18.0185499191	-1420
18.0185558796	-1420
18.0186009407	-1300
18.0191140175	-1420
18.0191619396	-1420
18.0191650391	-1300
18.0192759037	543
18.0380458832	543
18.0410499573	-1420
18.0410568714	-1420
18.0411059856	-1300
18.0447800159	543
18.0516278744	-1420
18.051637888	-1420
18.051692009	-1300
18.0663650036	543
18.0713498592	543
18.0815269947	1057
18.0972499847	-504
18.1166360378	1057
18.1431369781	1460
18.1432490349	111
18.167498827	1460
18.1676139832	111
18.1807749271	543
18.1873090267	1057
18.228812933	-543
18.4766788483	-543
18.4768788815	543
18.5656278133	-1380
18.5890858173	-734
18.6191489697	-1420
18.6191849709	-1340
18.6242790222	-1380
18.6285018921	543
18.6286640167	543
18.6336088181	-1380
18.6338279247	543
18.6341128349	543
18.6790788174	-1380
18.6792778969	543
18.6794409752	543
18.6794629097	-1420
18.680120945	-1340
18.6801710129	543
18.6802139282	-1420
18.6802170277	-1420
18.6802649498	-1300
18.6809308529	-1420
18.6809778214	-1420
18.6809809208	-1300
18.6811029911	543
18.6977260113	-1420
18.6977410316	-1420
18.6977968216	-1300
18.7008838654	-457
18.7322199345	-1420
18.7322390079	-1420
18.73229599	-1300
18.7801840305	-1420
18.7801988125	-1420
18.7802619934	-1300
18.7872319221	-1420
18.7872409821	-1420
18.7872879505	-1300
18.7977180481	-1420
18.79773283	-1420
18.7977700233	-1300
18.7982039452	-1420
18.7982649803	-1420
18.7982778549	-1300
18.7991878986	-1420
18.7991919518	-1420
18.7992198467	-1300
18.8055708408	-1420
18.8056190014	-1420
18.8056218624	-1300
18.8058650494	543
18.8060228825	-1420
18.8060259819	-1420
18.8060538769	-1300
18.8060908318	543
18.8406729698	-1420
18.8406879902	-1340
18.8409688473	-1420
18.8409729004	-1340
18.8439228535	-946
18.8881788254	-1380
18.8888068199	1057
18.8956840038	-1420
18.8956918716	-1420
18.8957388401	-1420
18.8957419395	-1420
18.8957779408	-1220
18.9061658382	-1420
18.9062390327	-1420
18.9062428474	-1300
18.9066128731	-1420
18.9066159725	-1420
18.906662941	-1420
18.9066648483	-1260
18.9070429802	-1420
18.9070470333	-1340
18.9073560238	543
18.9336709976	1460
18.933770895	111
18.9742410183	-1420
18.9742548466	-1340
18.9784359932	543
18.9804198742	-1420
18.9804348946	-1420
18.980522871	-1300
18.9805250168	-1380
18.9815149307	-1420
18.9815199375	-1420
18.981564045	-1300
18.9821050167	-1420
18.9821498394	-1420
18.9821529388	-1300
18.9883069992	543
18.9966828823	-1380
18.9968078136	1057
18.9980819225	-34
19.0037310123	-1420
19.0037779808	-1340
19.0042479038	-1420
19.0042970181	-1420
19.0042998791	-1300
19.0150909424	-1380
19.016908884	543
19.1098089218	-574
19.1233048439	-1380
19.2216398716	-1219
19.2738859653	-1420
19.2739028931	-1340
19.2745690346	-1420
19.2745740414	-1420
19.2746059895	-1300
19.330313921	-1420
19.3303308487	-1340
19.332144022	-1420
19.3321609497	-1340
19.3325049877	543
19.3330290318	-1380
19.3345730305	-1420
19.3346190453	-1420
19.3346219063	-1300
19.3367209435	-1380
19.3370850086	-1420
19.3371360302	-1340
19.3376739025	-1420
19.3377380371	-1340
19.3732829094	-122
19.3776500225	-1420
19.3776550293	-1420
19.3777098656	-1300
19.3810658455	-1380
19.3959770203	-1420
19.3959920406	-1420
19.3960478306	-1300
19.3979539871	543
19.3997159004	543
19.4083418846	543
19.4109108448	1057
19.4110980034	1057
19.4112548828	1057
19.4484279156	-1420
19.4484410286	-1340
19.4893980026	-90
19.4913170338	543
19.4935820103	543
19.4946308136	-1420
19.494633913	-1340
19.4991998672	-1380
19.4993548393	543
19.4997048378	1057
19.5809600353	-1420
19.5809788704	-1340
19.5829679966	543
19.5836060047	1057
19.5916838646	-1420
19.5916998386	-1420
19.5917448997	-1300
19.5920498371	-1380
19.5930309296	543
19.6064729691	-604
19.6071519852	-1420
19.6072118282	-1340
19.6307229996	-1420
19.6307919025	-1420
19.6307959557	-1300
19.6310799122	-1420
19.631084919	-1420
19.631125927	-1300
19.6329128742	-1380
19.6331708431	543
19.6383309364	543
19.6389679909	543
19.6397299767	543
19.7182388306	-575
19.8702609539	-543
19.8722279072	543
19.8724758625	1460
19.8725209236	1460
19.8725688457	193
19.9773099422	-1420
19.97732687	-1340
19.977684021	-1420
19.9776899815	-1340
19.9777498245	-1380
19.9816598892	-1420
19.9817259312	-1340
19.9819319248	-765
19.9821069241	543
19.9824309349	543
20.0301070213	-1380
20.0306010246	-1420
20.0306458473	-1340
20.0310719013	-1420
20.0311169624	-1340
20.0312988758	-1420
20.0313448906	-1420
20.03134799	-1420
20.0313849449	-1260
20.0860919952	-1420
20.0861058235	-1340
20.0945529938	-501
20.0947399139	543
20.0961389542	-1420
20.096143961	-1340
20.0966739655	-1420
20.0966789722	-1420
20.0967178345	-1300
20.0971179008	-1420
20.0971639156	-1420
20.0971670151	-1300
20.0972659588	543
20.2036719322	-1420
20.2036888599	-1420
20.2037529945	-1420
20.2037558556	-1260
20.2078649998	-120
20.2757339478	543
20.2941839695	-1380
20.3116378784	-1380
20.319617033	-498
20.3217759132	1460
20.321846962	625
20.419754982	-1380
20.4230270386	1057
20.4314470291	-249
20.5283949375	-1380
20.5432958603	-734
20.5435678959	543
20.5598900318	543
20.6553349495	-1086
20.7500829697	-1420
20.75009799	-1420
20.7501559258	-1300
20.8032648563	-30
20.8034830093	543
20.8517558575	-1420
20.8517739773	-1340
20.9155349731	-896
20.9595890045	-1380
21.0663850307	-1248
21.1219348907	-1420
21.1219499111	-1420
21.1220099926	-1300
21.1222279072	543
21.1281459332	-1420
21.1281569004	-1420
21.1282148361	-1300
21.1293230057	-1420
21.1293809414	-1420
21.1293849945	-1300
21.1658129692	-1380
21.178164959	-795
21.1957108974	-1420
21.1957268715	-1340
21.2196578979	-1420
21.219673872	-1340
21.276859045	-1420
21.2768769264	-1420
21.2769339085	-1420
21.2769379616	-1260
21.2771148682	543
21.2841579914	-1420
21.2841739655	-1340
21.2899749279	-1280
21.3299078941	-1420
21.329969883	-1340
21.4022898674	-1420
21.4023089409	-1340
21.4050769806	543
21.441505909	-706
21.4621679783	-1420
21.4622359276	-1340
21.4807038307	-1380
21.4810700417	-1420
21.4810760021	-1340
21.4812729359	1057
21.4815909863	543
21.5202269554	-1420
21.5202388763	-1420
21.5203068256	-1300
21.569726944	-1380
21.5741589069	-61
21.7143108845	-1420
21.7143290043	-1420
21.7144060135	-787
21.8263199329	-1057
21.833137989	-1380
21.9450359344	-1219
21.9452400208	543
21.9585869312	1460
21.9586629868	1460
21.9586999416	193
22.0015909672	543
22.0573058128	-543
22.1690528393	-543
22.1725790501	543
22.1783828735	1057
22.2846829891	-1086
22.3968648911	-1057
22.75846982	-543
22.9435069561	-543
23.0553689003	-1086
23.0555429459	543
23.1586449146	-1380
23.1670348644	-705
23.2131159306	543
23.2167990208	543
23.5086989403	1057
23.5090758801	1057
23.9216499329	-543
23.9218568802	543
24.5109488964	-1420
24.5109679699	-151
24.5435369015	543
24.6308348179	-1420
24.6308529377	-1420
24.6309108734	-273
24.7584609985	-543
24.7614188194	543
24.7688679695	1057
24.9034559727	-543
24.9036328793	543
25.054612875	-543
25.0584688187	543
25.349465847	-543
25.4697329998	-1420
25.4698040485	-1420
25.4698429108	-787
25.470001936	543
25.5118758678	1057
25.5813729763	-543
25.5860509872	543
25.5867538452	1057
25.6938269138	-1057
25.7498428822	-1420
25.7498939037	-1340
25.8022789955	-1380
25.8055868149	-544
25.991519928	-543
25.9944870472	543
25.9952189922	543
26.1355600357	-543
26.2352218628	-1420
26.2352378368	-1420
26.2352938652	-1300
26.2356519699	-1420
26.2356569767	-1340
26.2473919392	-897
26.2797269821	-1420
26.2797439098	-1340
26.3543589115	-1420
26.354377985	-1420
26.3544428349	-1300
26.3551738262	-1420
26.355178833	-1420
26.3552248478	-1300
26.3555119038	-1420
26.3555169106	-1420
26.3555598259	-1300
26.3558039665	543
26.3913538456	-414
26.423732996	-1420
26.4237859249	-1340
26.4687290192	543
26.535640955	-867
26.5386459827	1057
26.5730588436	543
26.5810689926	543
26.6854579449	-543
26.853812933	-1380
26.8571429253	-191
26.9981958866	-1420
26.9982199669	-1420
26.9982688427	-273
26.9989390373	543
26.9993758202	543
27.1193590164	-1420
27.119385004	-151
27.1201169491	-1420
27.1201219559	-1340
27.1206610203	-1420
27.1206660271	-1340
27.1411929131	-1420
27.1412079334	-1420
27.1412718296	-1300
27.2267138958	-1420
27.226733923	-1420
27.2267949581	-1300
27.2274508476	543
27.2310688496	-223
27.4607689381	-1420
27.4608500004	-1420
27.4608910084	-787
27.5662338734	-1420
27.5663218498	-1420
27.5663709641	-1300
27.5700008869	-30
27.5881729126	543
27.700521946	-1086
27.7007348537	543
27.7008728981	543
27.8128008842	-543
27.8133358955	543
28.0800428391	543
28.0828149319	543
28.4423270226	-1420
28.4423439503	-1420
28.4424009323	-787
28.5418279171	-1420
28.5419089794	-1420
28.5419499874	-1300
28.5541470051	-1087
28.6582298279	-1420
28.6583089828	-1420
28.6583659649	-1300
28.7052569389	-30
28.7072548866	543
28.8169589043	-543
28.8204598427	543
28.8220808506	543
28.9294149876	-1420
28.9294419289	-1420
28.9295148849	-1420
28.9295179844	-1260
28.9298620224	-1420
28.9300439358	543
28.9300839901	-1340
28.9302039146	-1420
28.9302458763	-1340
28.930948019	-1420
28.9310050011	-1340
28.9324698448	-1420
28.9325048923	-888
28.9384310246	543
29.0372469425	-1380
29.0412299633	-1420
29.0412919521	-1420
29.0412960052	-1420
29.0413408279	-1260
29.0443429947	-897
29.0447399616	543
29.1834859848	-543
29.3096568584	-543
29.3098459244	543
29.456140995	-1420
29.4561579227	-1179
29.4690489769	1460
29.4691309929	111
29.5679080486	-543
29.5680840015	543
29.8435208797	-543
29.9206869602	-1420
29.9207658768	-1340
29.9944658279	-867
30.0014970303	543
30.0015718937	543
30.029034853	-1420
30.0291600227	-1420
30.0292170048	-1420
30.029255867	-1420
30.0292918682	-1220
30.0293309689	-1420
30.0294349194	-1420
30.0294749737	-1300
30.0295119286	-1380
30.0295498371	-1420
30.0295879841	-1340
30.0296239853	-1380
30.0401799679	-1420
30.0401959419	-1420
30.0402548313	-1300
30.0404918194	543
30.04063797	-1420
30.0406498909	-1340
30.0406918526	-1380
30.0410079956	-1420
30.0410430431	-1420
30.0410449505	-1300
30.1062219143	-753
30.1366939545	-1420
30.13677001	-1340
30.1371018887	-1380
30.2452688217	-1420
30.2452878952	-1340
30.2482750416	-412
30.2583749294	543
30.2592289448	1460
30.2592790127	111
30.9491319656	-543
31.3248209953	-1420
31.3248970509	-1420
31.3249390125	-273
32.027299881	-1420
32.0273678303	-1420
32.0274219513	-787
32.1372890472	-1380
32.1389808655	-1219
32.2069280148	543
32.2150609493	543
32.4718599319	1057
32.4835698605	-543
32.5490498543	-543
32.5492730141	543
32.6411440372	-543
32.675609827	-543
32.675786972	543
32.9722030163	-1420
32.9722208977	-1420
32.9722809792	-787
32.97239995	543
33.0839560032	-543
33.0859630108	543
33.1889159679	-1380
33.1889338493	-1380
33.1891918182	-1380
33.197811842	-30
33.1997539997	543
33.2004258633	1460
33.2004799843	1460
33.2005259991	1161
33.2006008625	1460
33.2006809711	685
33.4685020447	-543
33.6193389893	-543
33.7138190269	-1420
33.7138960361	-1420
33.7139358521	-1420
33.7139730453	-1260
33.7140078545	-1380
33.7310519218	-897
33.7358138561	-1420
33.7358670235	-1420
33.735904932	-1300
33.8322718143	-1420
33.8324019909	-1340
33.8324608803	-1420
33.8324968815	-1340
33.8328208923	-1420
33.8328540325	-1420
33.8328568935	-1300
33.8332500458	-1420
33.8332548141	-1340
33.8333539963	543
33.8428740501	-1420
33.842881918	-1340
33.8429279327	-1420
33.8429298401	-1340
33.8442969322	-1380
33.8477180004	-1420
33.8477628231	-1420
33.8477659225	-1300
33.8478019238	-1420
33.8478038311	-655
33.9398658276	-1380
33.9443490505	-1420
33.9443879128	-1340
33.9518899918	-1420
33.9519560337	-1420
33.9519610405	-1300
33.9520850182	-1420
33.9520878792	-1340
33.9521329403	-1380
33.9522809982	543
33.9524710178	543
33.9538769722	-1420
33.953881979	-1420
33.9539239407	-1300
33.9548668861	-1420
33.9549109936	-1420
33.9549138546	-1300
33.9551768303	-1420
33.9551818371	-1340
33.9552240372	-1380
33.9593818188	-180
34.0477919579	-1420
34.0478088856	-1340
34.0482459068	-1420
34.0482518673	-1420
34.0483119488	-1300
34.0712859631	-354
34.0766928196	-1420
34.0767018795	-1420
34.076748848	-1300
34.0768518448	543
34.0771770477	-1420
34.0771808624	-1340
34.0772130489	-1380
34.077780962	-1420
34.0778260231	-1420
34.0778288841	-1300
34.0922789574	-543
34.1610989571	-1420
34.1611180305	-1420
34.1611838341	-1300
34.1830840111	-120
34.1891510487	-1420
34.1891579628	-1420
34.1892418861	-1300
34.1892449856	-1380
34.1895179749	-1380
34.189522028	-1380
34.1896998882	-1420
34.1897039413	-1420
34.189743042	-1300
34.1899030209	543
34.1902320385	-1420
34.1902370453	-1420
34.1902699471	-1300
34.1903288364	543
34.1907298565	-1420
34.1907348633	-1340
34.1912429333	-1420
34.1912479401	-1420
34.1912870407	-1300
34.2680878639	-1420
34.2681069374	-1420
34.2681629658	-1300
34.2951259613	-1047
34.2971680164	-1420
34.2971739769	-1420
34.2972199917	-1300
34.297796011	-1420
34.2978010178	-1340
34.2978420258	-1380
34.298279047	-1420
34.2982838154	-1420
34.2983248234	-1300
34.2986989021	-1420
34.2987039089	-1420
34.2987568378	-1300
34.2987589836	-1420
34.2987959385	-1340
34.2987999916	-1380
34.2989089489	543
34.2994208336	-1420
34.2994349003	-1420
34.2994618416	-1300
34.2996439934	-1420
34.2996869087	-1340
34.2996888161	-1380
34.376210928	-1420
34.3762388229	-1420
34.3762769699	-1300
34.4048149586	-1420
34.4048888683	-1340
34.4050798416	543
34.4051480293	-1420
34.4051499367	-1340
34.406111002	-1420
34.4061169624	-1420
34.4061589241	-1300
34.4062259197	543
34.4066419601	-1380
34.4067468643	-1420
34.4067900181	-1420
34.4067928791	-1300
34.4068479538	-1420
34.4068598747	-1340
34.4069199562	-1065
34.4075529575	-1420
34.4075949192	-1420
34.4075980186	-1300
34.407804966	-1420
34.4079778194	-1340
34.408010006	-1380
34.4082570076	-1420
34.4082918167	-1340
34.4083509445	-1380
34.4084739685	543
34.4085600376	-1420
34.4085638523	-1420
34.4086039066	-1300
34.5133938789	-1420
34.5134298801	-1340
34.5135219097	-1380
34.5138828754	-1420
34.5138959885	-1340
34.5146429539	-1380
34.5146479607	-1420
34.514690876	-1340
34.5146930218	-1380
34.5153918266	-1420
34.5153980255	-1420
34.515460968	-1300
34.5155119896	-1420
34.5155329704	-1340
34.5156638622	-1380
34.515789032	1057
34.5187289715	-270
34.5510108471	543
35.0161318779	1057
35.3330578804	-1420
35.3330860138	-665
35.3339848518	543
35.3658058643	-1420
35.3658208847	-1340
35.4407389164	-1420
35.4407558441	-1420
35.4408228397	-1300
35.4447209835	-897
35.4521679878	-1420
35.4521758556	-1420
35.4522278309	-1300
35.4738059044	-1420
35.4738738537	-1420
35.4738779068	-1300
35.4868209362	-1420
35.4868550301	-1420
35.4869298935	-1300
35.4883010387	-1420
35.4883439541	-1340
35.4885008335	-1380
35.4888749123	-1420
35.4888849258	-1340
35.4889810085	-1380
35.4891829491	543
35.5557880402	-1420
35.5558550358	-1420
35.555918932	-1300
35.5602779388	-1420
35.5603499413	-1420
35.5603580475	-1300
35.5639429092	-210
35.5713748932	-1420
35.5714449883	-1420
35.5714519024	-1300
35.5717408657	-1420
35.5717489719	-1420
35.5718770027	-1300
35.5950698853	-1420
35.5951399803	-1420
35.5951468945	-1300
35.5953848362	543
35.6055259705	-1420
35.6055400372	-1420
35.6056008339	-1300
35.6787228584	-1380
35.6790568829	543
35.6831200123	-825
35.9837698936	-1420
35.9839198589	-665
36.4622118473	543
37.0774178505	-1420
37.0774958134	-1420
37.0775430202	-787
37.0779550076	-1420
37.0779979229	-1420
37.0780348778	-1300
37.1853439808	-1420
37.1854200363	-1340
37.1891679764	-926
37.8258259296	1057
38.0888290405	1057
38.1754260063	-1420
38.1755030155	-1420
38.1755888462	-787
38.1756339073	-1420
38.1756880283	-1340
38.1757349968	-1380
38.2335708141	1460
38.2336838245	1460
38.2337329388	193
38.2420208454	1460
38.2420768738	1460
38.242112875	193
38.2828090191	-1420
38.2828798294	-1420
38.2829189301	-1300
38.2870409489	-60
38.2932608128	-1420
38.2932858467	-1420
38.29332304	-1300
38.294536829	-1420
38.2945439816	-1420
38.2945690155	-1300
38.2946839333	-1420
38.2946858406	-1340
38.2946870327	-1380
38.2954618931	-1420
38.2954678535	-1420
38.2955029011	-1300
38.2956888676	543
38.3987188339	-634
38.4008169174	-1420
38.4008719921	-1340
38.4009349346	-1380
38.4010398388	543
38.401296854	-1420
38.4013009071	-1340
38.4015610218	-1380
38.5103778839	-60
38.5900290012	-1420
38.5900578499	-1340
38.5901069641	-1380
38.5906159878	-1420
38.5906209946	-1340
38.5906729698	-1380
38.5911660194	-1420
38.5911710262	-1420
38.5912330151	-1300
38.5914099216	543
38.5924978256	-1420
38.5925040245	-1340
38.5928969383	-1420
38.5929019451	-1420
38.5929448605	-1420
38.5929470062	-1260
38.7015810013	-1420
38.7015988827	-1420
38.7016568184	-1420
38.7016599178	-1420
38.7016968727	-1420
38.7016990185	-1180
38.7017550468	-1420
38.7017579079	-1340
38.7017958164	-1420
38.7017989159	-1340
38.7018539906	-1420
38.7018568516	-1009
38.7019228935	-1420
38.7019269466	-1420
38.7019839287	-1300
38.7023370266	543
38.7093880177	-1420
38.70941782	-1420
38.7096819878	-1300
38.7096860409	-1420
38.7097508907	-1420
38.7097549438	-1300
38.7100698948	543
38.8063700199	-1420
38.8063879013	-1420
38.806445837	-1300
38.8066718578	-1420
38.8067159653	-1420
38.8067188263	-1300
38.8092348576	-1420
38.8092398643	-1340
38.8093078136	-1380
38.809689045	-1420
38.8097338676	-1420
38.8097369671	-1300
38.8098700047	543
38.8133909702	-210
38.8174049854	-1420
38.8174510002	-1420
38.8174538612	-1300
38.9140148163	-1420
38.9140338898	-1420
38.9140918255	-1300
38.9144179821	-1420
38.9144630432	-1420
38.9144659042	-1300
38.9147639275	-1420
38.9147689342	-1420
38.9148249626	-1300
38.9153978825	-1420
38.9154448509	-1420
38.9154479504	-1300
38.918407917	-1420
38.9184138775	-1420
38.9184579849	-1300
38.925235033	-1420
38.9252898693	-1420
38.9252939224	-1300
38.925429821	543
38.9265909195	-1420
38.92659688	-1420
38.9266479015	-1420
38.9266588688	-1260
38.9266970158	-1380
38.9267978668	543
38.9291658401	-622
39.0224709511	-1420
39.022480011	-1340
39.0226938725	-1420
39.022703886	-1340
39.0232708454	-1420
39.023280859	-1420
39.0233829021	-1300
39.0239069462	-1420
39.0239188671	-1420
39.0240299702	-1300
39.0244729519	543
39.0271148682	-1420
39.0271298885	-1420
39.0271918774	-1300
39.0333299637	-1420
39.0333998203	-1420
39.0334069729	-1300
39.0342700481	-1420
39.0342829227	-1340
39.0408768654	-665
39.129901886	-1420
39.12991786	-1340
39.1304738522	-1420
39.1304879189	-1420
39.1305499077	-1300
39.1312758923	-1420
39.1312878132	-1420
39.1313898563	-1300
39.1316759586	-1420
39.1316809654	-1340
39.1925978661	-1280
39.1929440498	282
