0	-543
1.20100808144	543
1.21435189247	543
1.42430305481	-543
1.59661698341	-543
1.60410499573	543
1.63761997223	543
1.82766008377	-543
1.98475289345	-543
1.99341797829	543
2.00470399857	543
2.23100209236	-543
2.38730192184	-543
2.39405298233	1057
2.74373102188	-543
2.7502989769	-1420
2.75036406517	-1316
2.75266194344	-1368
2.75273394585	-1368
2.86765193939	-240
2.87188696861	543
2.87651801109	543
2.8939781189	543
2.9039978981	543
2.90440607071	543
3.12112188339	-543
3.17827391624	-1420
3.17834591866	-1316
3.23556303978	-1368
3.27800107002	-124
3.28149390221	-1368
3.28212189674	-1368
3.29354906082	-1368
3.29454398155	-1368
3.39435505867	-298
3.39668011665	543
3.39693498611	543
3.67382001877	543
3.70795702934	-543
3.85902094841	-1368
3.85909605026	-1368
3.86406588554	-920
3.87708997726	-1420
3.8771378994	-1316
3.87716698647	-1368
3.93589997292	-543
3.98049998283	-609
4.01711511612	543
4.02891111374	1460
4.02901291847	111
4.04744911194	1057
4.0504989624	543
4.05792999268	1460
4.05802106857	111
4.06194090843	1057
4.06960201263	1057
4.31232690811	-543
4.31246590614	-1368
4.31257605553	-1368
4.32270288467	-1368
4.32274794579	-1420
4.32372999191	-1316
4.33108091354	-1368
4.3312830925	-1420
4.33132791519	-1316
4.42269301414	-1368
4.42289209366	1057
4.44668889046	-1420
4.44671297073	-1316
4.44678592682	-1420
4.44678902626	-1316
4.44706106186	-1420
4.44706511497	-1316
4.45259809494	-1368
4.45284795761	-1368
4.45303297043	-1368
4.45330691338	-1368
4.45361495018	-1368
4.45377111435	-1368
4.45380306244	-1368
4.56249308586	-1368
4.5625538826	-1368
4.56510305405	-1420
4.56510996819	-1316
4.56530499458	-1420
4.5653090477	-1316
4.56556391716	-1420
4.56556797028	-1316
4.56975889206	-1368
4.56990289688	-1420
4.5699570179	-1316
4.5700480938	-1368
4.570125103	543
4.57018399239	-1368
4.57022809982	-1368
4.57046890259	-1368
4.57060289383	-1420
4.57064509392	-1316
4.5750579834	-1420
4.57512402534	-1316
4.5753030777	-1368
4.62225294113	-1368
4.62227201462	-1368
4.68218898773	-1420
4.68220591545	-1420
4.68226289749	-1264
4.68226695061	-1368
4.68251609802	543
4.68257188797	-1420
4.68257498741	-1316
4.68257594109	-1420
4.68257594109	-1316
4.68273591995	-1368
4.68693304062	-1420
4.68697810173	-1316
4.68707489967	543
4.68713092804	-1368
4.68740391731	-1368
4.68753290176	-1368
4.6877720356	-1420
4.68780207634	-1316
4.68798089027	-1368
4.68813204765	-1420
4.68813610077	-1316
4.70356702805	-1420
4.70359110832	-1420
4.70368099213	-1264
4.70368409157	-1368
4.70380091667	-1368
4.70389294624	-1368
4.70407009125	-1420
4.70407295227	-1316
4.70415210724	-1368
4.73886108398	-1368
4.7389550209	-1368
4.73896694183	-1368
4.73911499977	-1368
4.7392270565	-1368
4.80346798897	-1368
4.80348610878	-1368
4.80357503891	-1368
4.80376601219	543
4.80380392075	-1420
4.80380702019	-1316
4.80389308929	-1420
4.80389499664	-1316
4.80411696434	-1368
4.80419802666	-1368
4.80432391167	543
4.80445289612	-1420
4.80445790291	-1316
4.80503988266	-1420
4.80504488945	-1316
4.80521202087	-1420
4.80521702766	-1316
4.80545806885	-1368
4.80552911758	-1368
4.80565094948	-1368
4.80581307411	-1420
4.80584788322	-1316
4.80591607094	543
4.80595707893	-1368
4.80606293678	-1368
4.80627703667	-1368
4.80628204346	-1368
4.80636191368	-1368
4.80654597282	-1368
4.83217692375	-1368
4.83220100403	-1368
4.83234190941	-1368
4.83242511749	-1420
4.83245491982	-1316
4.83251309395	543
4.83266997337	-1368
4.83288097382	-1420
4.83292388916	-1316
4.8331720829	-1368
4.83319592476	-1368
4.83329391479	-1368
4.85538911819	-1368
4.85545706749	-1368
4.85557889938	-1368
4.85571098328	-1368
4.85587692261	-1368
4.87538790703	-1420
4.87545394897	-1420
4.87545800209	-1420
4.8754940033	-1212
4.92335891724	-1368
4.92343997955	-1368
4.92363905907	-1420
4.92364311218	-1316
4.92376995087	1057
4.92389392853	-1420
4.92389702797	-1316
4.92402791977	-1368
4.92409110069	-1368
4.92422604561	-1368
4.92453193665	-1420
4.92457795143	-1420
4.92458105087	-1264
4.92461800575	-1368
4.92476511002	-1368
4.9249958992	-1420
4.92500090599	-1316
4.92507004738	-1368
4.92524790764	-1420
4.92527389526	-1316
4.94051408768	-1368
4.9405798912	-1368
4.94090199471	-1420
4.94093489647	-1316
4.94100403786	-1420
4.94100499153	-1420
4.94100594521	-1264
4.94128298759	-1368
4.94145202637	-1368
4.94164204597	-1420
4.94164609909	-1316
4.94184303284	-1420
4.94184803963	-1316
4.94191789627	-1368
4.94211411476	-1368
4.94219398499	-1368
4.94225597382	543
4.94249391556	-1420
4.94249892235	-1316
4.94870090485	-1368
4.94887709618	-1368
4.94895792007	-1368
4.94905495644	-1368
4.94914102554	543
4.94919395447	-1368
4.9492559433	-1368
4.97458791733	-1368
4.97479295731	-1420
4.97485494614	-1316
4.97486209869	-1420
4.97490692139	-1316
4.97503805161	-1368
4.97534298897	-1368
4.975481987	-1368
4.97584009171	-1420
4.9758439064	-1420
4.97588801384	-1264
4.975949049	-1368
4.97614097595	-1368
4.97772908211	543
4.97789597511	543
4.9780819416	1460
4.97812795639	111
4.99197602272	-1420
4.99199199677	-1316
4.992166996	-1420
4.99217295647	-1420
4.99220490456	-1264
4.992415905	-1368
4.99887299538	-1420
4.99889302254	-1316
4.99893593788	-1368
4.99905800819	-1368
4.99925899506	-1368
5.04800605774	-1420
5.0480260849	-1420
5.0480799675	-1420
5.04808306694	-1212
5.0481441021	-1368
5.04814696312	-1368
5.04837203026	-1420
5.04837393761	-1316
5.04849505424	-1368
5.04860901833	543
5.04865503311	-1368
5.04883694649	-1420
5.04889297485	-1316
5.04891395569	-1420
5.04896497726	-1316
5.04910206795	543
5.04916501045	-1368
5.04930400848	-1368
5.04936599731	-1368
5.0495159626	-1368
5.04988408089	-1420
5.04988908768	-1420
5.04993891716	-1264
5.05007100105	-1368
5.05009388924	-1368
5.06130194664	-1420
5.06136012077	-1316
5.06143188477	-1368
5.06159496307	-1420
5.06159806252	-1316
5.0617389679	543
5.06178593636	-1420
5.06373691559	-1316
5.06615996361	-1368
5.06627988815	-1420
5.06632900238	-1316
5.06641793251	-1368
5.06672906876	-1368
5.06673288345	-1420
5.0667719841	-1316
5.06689596176	-1368
5.06703591347	-1368
5.06714296341	-1368
5.0672390461	-1368
5.0673520565	-1368
5.06754803658	-1420
5.06755208969	-1316
5.06779694557	-1368
5.06788706779	-1420
5.06790995598	-1316
5.0680129528	-1368
5.06810307503	543
5.06818294525	543
5.06830406189	-1368
5.06841397285	-1420
5.06843495369	-1316
5.06850290298	-1368
5.06867194176	-1368
5.06876397133	-1368
5.06896209717	-1368
5.0773229599	-1368
5.07756996155	-1368
5.07757711411	-1368
5.07770490646	-1368
5.07781100273	-1420
5.07783508301	-1316
5.09282708168	-1420
5.09291410446	-1316
5.09291791916	-1368
5.09306406975	-1368
5.09324598312	-1368
5.09337210655	-1368
5.09342694283	543
5.09351992607	-1368
5.09360098839	-1368
5.09363102913	-1368
5.10842394829	-1368
5.10858988762	-1420
5.10859394073	-1316
5.10872006416	-1368
5.10879707336	-1368
5.10893297195	-1420
5.1089360714	-1316
5.10911893845	-1368
5.10922002792	-1420
5.10925102234	-1316
5.10948109627	-1420
5.10950303078	-1316
5.10966801643	-1368
5.10981011391	-1368
5.1098959446	543
5.11527991295	-1420
5.11528611183	-1420
5.11532902718	-720
5.11540198326	543
5.14370298386	-1420
5.14372205734	-1316
5.14389300346	-1368
5.1537899971	-1420
5.15386390686	-1316
5.15386891365	-1368
5.15410399437	-1368
5.15410709381	-1368
5.16544294357	-1368
5.1657140255	-1368
5.17840600014	-1420
5.17842197418	-1316
5.1785171032	-1420
5.17851996422	-1316
5.17865300179	-1368
5.17875409126	-1368
5.17899703979	-1368
5.18314194679	-1368
5.18325901031	543
5.18337011337	-1368
5.183562994	-1368
5.21146297455	-1368
5.21160006523	-1368
5.21372795105	-1368
5.21764111519	-1368
5.2178170681	-1368
5.21797204018	-1368
5.21957492828	-1368
5.21968388557	-1420
5.21968603134	-1316
5.22525310516	-1368
5.22548604012	-1420
5.22549104691	-1316
5.225689888	-1368
5.22966909409	-1368
5.22983503342	-1368
5.23177194595	-1190
5.23187494278	543
5.24961590767	-1368
5.25180697441	-1420
5.25187397003	-1316
5.27260088921	-1368
5.27266311646	-1368
5.27281498909	543
5.27287793159	-1420
5.27288007736	-1420
5.27288103104	-1264
5.2931470871	-1368
5.29391098022	-1368
5.2940120697	-1368
5.29460096359	-1420
5.29460501671	-1316
5.29465508461	-1368
5.29852294922	-1368
5.30516910553	-1368
5.30537295341	-1368
5.3054060936	-1368
5.30546188354	-1420
5.30549311638	-1316
5.30556988716	543
5.31943011284	-1368
5.31970691681	-1420
5.31976103783	-1316
5.35068392754	-1368
5.35085511208	-1368
5.35373711586	-1368
5.35414505005	-1420
5.35415005684	-1316
5.35435199738	-1368
5.35448789597	-1368
5.35452795029	-1368
5.35461091995	-1368
5.35500097275	-1368
5.3551940918	-1368
5.35523796082	-1368
5.36626601219	-647
5.37965106964	-1420
5.3796749115	-1316
5.3797390461	-1368
5.37984395027	-1420
5.37988901138	-1316
5.38000488281	543
5.38032793999	-1368
5.38039898872	543
5.38739991188	-1368
5.3941450119	543
5.39462304115	1057
5.39503598213	1057
5.3953640461	1057
5.40786600113	-1368
5.40796709061	-1420
5.40796899796	-1316
5.40825796127	-1420
5.40830111504	-1316
5.40988707542	-1368
5.41164207458	-1368
5.41173791885	-1368
5.41207790375	-1368
5.42433595657	-1368
5.42440390587	-1368
5.42462491989	-1368
5.42482590675	-1420
5.42483091354	-1316
5.4250690937	-1368
5.42642998695	-1368
5.42651295662	-1368
5.42658090591	543
5.42671990395	-1368
5.43563294411	-1368
5.43578195572	-1368
5.43588995934	-1368
5.44905900955	-1420
5.44906902313	-1316
5.44920492172	-1368
5.44974994659	-1368
5.44983291626	-1368
5.45005893707	-1368
5.45417690277	-1368
5.4542798996	-1368
5.4544570446	-1368
5.47368097305	-1420
5.47374796867	-1316
5.47387695312	-1368
5.47398400307	-1368
5.47542500496	-1368
5.47556400299	-1368
5.47565889359	543
5.47577810287	-1368
5.47585010529	-1368
5.48215389252	-1420
5.48217701912	-1316
5.48222088814	-1368
5.48233890533	-1368
5.48243498802	543
5.48256206512	-1368
5.48290109634	-1368
5.48428606987	-695
5.49955701828	-1420
5.4996240139	-1316
5.50011706352	-1368
5.5003900528	-1368
5.50054001808	-1368
5.50162911415	-1368
5.5023419857	-1420
5.50238490105	-1316
5.50251889229	-1420
5.50256896019	-1316
5.50261712074	-1368
5.51925206184	-1368
5.51954889297	-1420
5.5195980072	-1316
5.52158403397	-1368
5.52182388306	-1368
5.52190709114	-1368
5.52521491051	-1368
5.52531695366	-1368
5.52545309067	-1368
5.52579307556	543
5.53833293915	-1368
5.5387840271	-1368
5.53881597519	-1420
5.53881907463	-1316
5.53889107704	543
5.55617904663	-1368
5.55656695366	-1368
5.55666589737	-1368
5.55685210228	-1368
5.55746102333	-1368
5.55801296234	-1420
5.55803894997	-1316
5.5581009388	543
5.55849409103	-1420
5.5585000515	-1316
5.55863308907	-1368
5.57255911827	-1368
5.57265305519	-1368
5.57288002968	-1420
5.57292509079	-1316
5.57324290276	1057
5.57344603539	-1368
5.57370996475	-1368
5.5777490139	-1368
5.57806110382	-1368
5.57822108269	-1368
5.60089492798	-1214
5.6012430191	-1368
5.6167280674	-1368
5.61678600311	-1368
5.61903095245	-1420
5.61909604073	-1316
5.61909890175	-1368
5.61995697021	-1368
5.62007808685	-1368
5.62020897865	-1368
5.62032699585	-1368
5.62050795555	-1368
5.62060403824	-1368
5.65229296684	-1368
5.6542069912	-1420
5.65426206589	-1316
5.65443611145	-1368
5.65675592422	-1368
5.65684700012	-1368
5.65700888634	-1368
5.67944502831	-1368
5.67950391769	-1368
5.69739103317	-1368
5.6974670887	-1368
5.6974709034	-1368
5.71060109138	-1420
5.71060991287	-1420
5.71066498756	-1264
5.71088290215	543
5.71093893051	-1420
5.71094989777	-1316
5.7111260891	543
5.71126103401	-1368
5.71716403961	-204
5.7244451046	-1420
5.72445201874	-1316
5.7247068882	-1368
5.72878694534	-1420
5.72883009911	-1316
5.75124502182	-1368
5.75662493706	-1368
5.75663709641	-1368
5.75812911987	-1368
5.75829601288	-1368
5.75857710838	-1368
5.7694671154	-1420
5.76952600479	-1316
5.76961493492	-1368
5.77311897278	-1368
5.77313995361	-1368
5.78793501854	-1420
5.78795409203	-1316
5.79495596886	-1420
5.79497098923	-1420
5.79503107071	-1264
5.79615092278	-1368
5.79691696167	-1420
5.79692196846	-1316
5.80378007889	543
5.80837202072	543
5.81154608727	-1420
5.81155204773	-1316
5.8169260025	543
5.81744194031	543
5.83384895325	-1021
5.83578300476	543
5.83634090424	543
5.890157938	-1368
5.89017605782	-1368
5.94370508194	-1368
5.95374894142	-638
5.9540169239	543
6.11221408844	-543
6.1123919487	-1368
6.15006089211	-1368
6.15007805824	-1368
6.16813111305	-1420
6.16816306114	-1316
6.16838502884	543
6.16842794418	-1368
6.21472501755	-1420
6.21475195885	-1316
6.21479797363	-1368
6.22631406784	-1420
6.22632789612	-1316
6.22641396523	-1368
6.22879695892	-322
6.24459791183	-1420
6.24461102486	-1316
6.35053491592	-406
6.46477007866	543
6.47552609444	1460
6.47561001778	111
6.48718500137	1057
6.61870098114	543
6.69980406761	1460
6.69990301132	111
6.704859972	-543
6.70512890816	-1368
6.7052230835	-1368
6.71934604645	1057
6.72323799133	1057
6.73281311989	1057
6.73499107361	1057
6.73730707169	1057
6.75260806084	-1368
6.75277090073	543
6.82130908966	-95
6.94822192192	-543
6.94845104218	-1420
6.94849395752	-1316
6.95175600052	-1368
6.95205807686	-1420
6.9521009922	-1316
6.96346998215	-1420
6.96347808838	-1420
6.96354794502	-1264
6.96792197227	-1368
6.96805906296	-1368
6.98547196388	-1368
6.98708796501	-1420
6.98709392548	-1316
6.98713898659	-1368
6.98776006699	-1368
6.98865795135	-1368
6.99070692062	-1368
6.99072694778	-1368
6.99076700211	-1420
6.99077010155	-1316
6.99900102615	-1368
7.00088191032	-1368
7.00125002861	-1368
7.00533294678	-1420
7.00534200668	-1420
7.00539708138	-1264
7.00539898872	-1368
7.00552892685	1057
7.00561594963	-1368
7.00690197945	-1368
7.00729107857	-1420
7.00729703903	-1316
7.01686096191	-1368
7.01712489128	-1420
7.01719307899	-1316
7.01719594002	-1368
7.01737809181	-1368
7.03607797623	543
7.04436302185	543
7.06441497803	543
7.06460499763	-1368
7.06461405754	-1420
7.06465506554	-806
7.06597709656	-1368
7.06607198715	-1368
7.07586288452	-1368
7.0761680603	-1368
7.07674694061	-1368
7.07688999176	-1420
7.0768930912	-1316
7.08001589775	-1420
7.08003902435	-1316
7.08012390137	-1368
7.08402395248	543
7.08477401733	-1368
7.08500289917	-1420
7.08505010605	-1316
7.08527302742	543
7.0888979435	543
7.08936691284	543
7.08958601952	543
7.09980106354	-1368
7.09989500046	-1368
7.10016202927	-1420
7.10016703606	-1316
7.10030794144	-1368
7.10041499138	-1420
7.10045790672	-1316
7.10053491592	-1420
7.10057711601	-1316
7.10399794579	543
7.10445809364	543
7.10466003418	543
7.10716199875	-1368
7.10729908943	-1420
7.10734200478	-1316
7.10744404793	-1368
7.10764789581	-1420
7.10765004158	-1316
7.11135792732	543
7.1137471199	1086
7.12183094025	-1420
7.12183594704	-1316
7.1220240593	-1420
7.12202811241	-1316
7.12214398384	-1420
7.12214708328	-1316
7.12231397629	-1368
7.12250804901	-1368
7.12358403206	-1368
7.12374091148	543
7.12381911278	-1420
7.12382292747	-1316
7.13353490829	-1420
7.13355112076	-1316
7.13391590118	-1368
7.13397693634	-1368
7.13433694839	-1420
7.13434100151	-1316
7.15573191643	-1420
7.15574288368	-1316
7.15578889847	-1368
7.18121504784	-1368
7.18128204346	-1368
7.18136501312	-1368
7.18151092529	-1368
7.18827390671	-1368
7.18837404251	-1420
7.18837809563	-1316
7.18847107887	543
7.18850803375	-1368
7.18879890442	-1420
7.18884992599	-1316
7.18889307976	-1368
7.18910193443	-1420
7.18910598755	-1420
7.18914699554	-22
7.18921709061	543
7.19645404816	-1420
7.19647693634	-1316
7.19655990601	-1368
7.21719288826	-1368
7.21780395508	-1368
7.21798205376	-1368
7.21825408936	-1420
7.21825695038	-1316
7.24164104462	-1368
7.24194788933	-1368
7.24205708504	-1368
7.24635791779	-1368
7.24650788307	-1420
7.24651288986	-1316
7.26197910309	-1420
7.26199007034	-1316
7.3080599308	-678
7.31513595581	-1420
7.31518793106	-1316
7.32814693451	-1420
7.32820391655	-1316
7.32826209068	-1368
7.33383607864	543
7.34451007843	543
7.34479808807	543
7.36130094528	-1368
7.36136603355	-1368
7.40765595436	-1368
7.4076769352	-1368
7.40779089928	-1368
7.41936206818	1460
7.41944098473	111
7.4208509922	-1368
7.42095899582	-1368
7.42099308968	-1368
7.43322491646	-1420
7.43329000473	-473
7.43329310417	-1368
7.43357396126	-1368
7.43506097794	-1420
7.4351170063	-1316
7.43522000313	-1368
7.4365170002	-1368
7.43670892715	-1368
7.4368519783	-1368
7.44391894341	-1420
7.44396710396	-1316
7.44404292107	543
7.45509290695	543
7.45538496971	543
7.45581793785	543
7.45605492592	543
7.47817492485	-1420
7.4781870842	-1316
7.4782500267	-1368
7.48407411575	-1368
7.48436594009	-1368
7.4844429493	-1420
7.48448300362	-1316
7.48462605476	-1368
7.4847240448	-1368
7.49166202545	543
7.49836707115	-1368
7.51796889305	-1368
7.52173304558	-1368
7.52196598053	-1368
7.52912902832	-1368
7.52928495407	-1368
7.52957510948	-1368
7.53449106216	543
7.54081106186	-1368
7.54169297218	-1368
7.54987692833	-88
7.56971406937	-1368
7.57058191299	-1420
7.57058691978	-1316
7.57080698013	-1368
7.57185697556	543
7.57316398621	-1368
7.57316994667	-1368
7.57350206375	-1368
7.57424497604	-1368
7.57438111305	543
7.57440710068	-1368
7.57450795174	-1368
7.58596992493	-1368
7.59319210052	-1420
7.59325194359	-1316
7.60427188873	-1368
7.60443997383	-1368
7.60474395752	-1368
7.60501408577	-1420
7.60501790047	-1420
7.60505890846	-1264
7.61447095871	-1368
7.61463999748	543
7.67383599281	543
7.68070793152	-1368
7.68426299095	-1420
7.6843059063	-1316
7.68443393707	-1368
7.68471097946	-1368
7.68677997589	-1332
7.68885302544	-1368
7.6888589859	-1368
7.68909096718	-1368
7.69528388977	-1368
7.69544911385	543
7.69816207886	-1420
7.69816803932	-1316
7.6982319355	-1368
7.69836091995	-1368
7.69845795631	-1368
7.71564698219	-1368
7.71571397781	-1368
7.71592307091	-1368
7.71720910072	-1368
7.71755599976	-1368
7.71770095825	-1368
7.72591900826	543
7.73502898216	543
7.73579001427	-1368
7.73603701591	-1368
7.7361240387	-1368
7.73645305634	-1368
7.74664211273	-1420
7.74665689468	-1316
7.7472410202	543
7.74809002876	-1368
7.74818301201	-1368
7.75197696686	-1368
7.75201511383	-1368
7.75228691101	-1368
7.75701498985	543
7.7577059269	-1420
7.75771188736	-1316
7.77428197861	543
7.77517104149	-1368
7.77527499199	-1368
7.77543306351	543
7.77551388741	-1368
7.78228902817	-1420
7.782351017	-1316
7.79004788399	-1368
7.79020690918	-1420
7.7902109623	-1316
7.79038691521	543
7.79278707504	-1368
7.79620504379	-1368
7.7962770462	-1368
7.80529594421	-1061
7.80694508553	-1368
7.80702590942	-1368
7.80731797218	-1368
7.81200098991	-1368
7.83143091202	-1368
7.83148789406	-1368
7.83152103424	-1368
7.83166790009	-1368
7.83178400993	-1368
7.83246207237	-1368
7.83265995979	-1368
7.83290505409	-1368
7.84396910667	543
7.85396504402	-1368
7.8541829586	-1420
7.85425496101	-1316
7.85425806046	-1368
7.86534190178	1057
7.87356209755	-1368
7.88484191895	-1368
7.88513207436	-1420
7.88513803482	-1316
7.88526105881	-1368
7.88602590561	-1368
7.88650202751	543
7.89028000832	-1368
7.89033889771	-1420
7.890376091	-1316
7.89076590538	543
7.89093708992	-1368
7.89107608795	-1420
7.89114689827	-1316
7.89127588272	543
7.91297197342	-1368
7.91299700737	-1368
7.91376805305	543
7.92211103439	-291
7.924284935	-1368
7.92444896698	-1368
7.92546105385	-1420
7.92550301552	-1316
7.92559099197	-1368
7.92748188972	543
7.92762804031	543
7.93090391159	-1420
7.93091988564	-1316
7.93099308014	-1368
7.93915104866	-1420
7.93921399117	-1316
7.95047807693	-1368
7.97910308838	-1368
7.97911810875	-1368
7.97919201851	-1368
7.98003292084	-1420
7.98010206223	-1316
7.98010492325	-1368
7.98494100571	-1420
7.98494791985	-1316
7.98598194122	-1420
7.98598790169	-1316
7.99653506279	-1368
7.99667596817	-1368
7.99682807922	-1368
7.99693107605	543
8.02231788635	-1420
8.02233409882	-1316
8.02252793312	-1368
8.02397608757	543
8.03008008003	-1420
8.03008890152	-1316
8.03866004944	-1420
8.03867006302	-1316
8.03921294212	-1066
8.03951311111	-1368
8.03981208801	-1368
8.04142403603	-1368
8.04184603691	-1420
8.0418510437	-1316
8.05999088287	-1368
8.06057691574	-1420
8.06062602997	-1316
8.07656693459	-1420
8.07665705681	-1420
8.0766620636	-1264
8.07670092583	-1368
8.07682800293	543
8.07700490952	543
8.07730197906	-1368
8.07748293877	-1368
8.07750892639	-1368
8.07770490646	-1368
8.07817292213	-1420
8.07817792892	-1316
8.07839202881	-1368
8.08564090729	-1368
8.08571004868	-1368
8.12761092186	-1368
8.12768793106	-1368
8.12780308723	-1368
8.12906503677	-1368
8.1326520443	-1420
8.13267707825	-1316
8.1328420639	-1368
8.1329240799	-1420
8.13295602798	-1316
8.13309311867	543
8.13798594475	-1420
8.13801288605	-1316
8.13807702065	-1368
8.14367890358	-1420
8.14372611046	-1316
8.14372992516	-1368
8.15426111221	-1368
8.15695309639	-597
8.17039895058	-1420
8.17042207718	-1316
8.17049193382	-1368
8.1706609726	-1420
8.17071199417	-1316
8.17409992218	-1420
8.17414689064	-1316
8.1742310524	-1368
8.18036794662	-1420
8.18037605286	-1316
8.18046808243	-1420
8.18047904968	-1316
8.18060708046	543
8.18075799942	543
8.19481897354	-1368
8.21656298637	-1368
8.21742010117	-1420
8.21743488312	-1316
8.21748805046	-1368
8.21767997742	-1368
8.21800804138	-1368
8.21808409691	-1368
8.21811008453	-1368
8.21921110153	-1420
8.21925592422	-1316
8.21925902367	-1368
8.2198240757	-1420
8.21982908249	-1316
8.21990799904	-1368
8.22040510178	-1368
8.23469901085	-1368
8.23480892181	-1420
8.23481202126	-1316
8.25400209427	-1420
8.25407409668	-1316
8.25446200371	-1368
8.25475907326	-1420
8.25476288795	-1316
8.25489401817	-1368
8.25552010536	543
8.2597360611	-1420
8.25974488258	-1316
8.25978398323	-1368
8.260461092	-1368
8.2606420517	-1368
8.26134490967	-1368
8.26444602013	1057
8.26709008217	-1368
8.26716303825	543
8.27280807495	-1368
8.27316498756	-1368
8.27599906921	-1338
8.27606701851	543
8.28976106644	-1420
8.28976988792	-1316
8.28989505768	-1368
8.29117894173	-1420
8.29125595093	-1316
8.29125905037	-1368
8.2914121151	543
8.29237794876	-1368
8.29246211052	-1368
8.29290294647	-1368
8.29343295097	-1420
8.29345798492	-1316
8.29346108437	-1368
8.31121110916	-1420
8.31122493744	-1316
8.31130695343	-1368
8.31368303299	-1420
8.31371212006	-1316
8.31394600868	-1368
8.32443499565	-1368
8.32452988625	-1420
8.32453203201	-1316
8.32466101646	-1368
8.324903965	-1420
8.32491707802	-1316
8.32510709763	-1420
8.32511091232	-1316
8.32529401779	-1368
8.32538700104	-1420
8.32542800903	-1316
8.32564592361	-1368
8.33335208893	-1420
8.33336806297	-1316
8.33361005783	-1368
8.33361291885	-1368
8.3337199688	-1368
8.33396792412	-1420
8.33401203156	-1316
8.33401489258	-1368
8.3341588974	-1420
8.33416295052	-1316
8.33426308632	543
8.33432602882	-1368
8.33441305161	-1368
8.33451390266	543
8.34060907364	-1420
8.34061694145	-1316
8.34090995789	-1368
8.34100198746	-1420
8.34103608131	-1316
8.34109807014	-1368
8.34995293617	-1420
8.34997296333	-1316
8.35000610352	-1368
8.35015702248	543
8.37039589882	-1368
8.37042188644	-1368
8.37048006058	-1368
8.39250707626	-189
8.43436408043	1057
8.50931191444	-543
8.51740193367	1057
8.6260740757	-1086
8.74259400368	-543
8.77207493782	-1368
8.77209091187	-1368
8.88902997971	-920
8.8919570446	543
8.89712691307	543
9.00534391403	-543
9.08170390129	-1420
9.08172011375	-1316
9.10898208618	-1368
9.11195611954	543
9.1174249649	543
9.1613008976	-95
9.41471910477	-543
9.5678730011	-1368
9.63037800789	-232
9.6738679409	543
9.71971702576	-1420
9.71978497505	-1316
9.72222900391	-1368
9.72328901291	-1368
9.72339510918	-1368
9.73048090935	-1420
9.7305328846	-1316
9.73066210747	-1368
9.74074411392	-1368
9.74107003212	-1368
9.7472910881	-944
9.86356401443	-1420
9.86361098289	-1316
9.8638510704	-920
9.86398696899	543
9.86457109451	-1420
9.8645761013	-1316
9.86492800713	-1368
9.86569190025	-1368
9.86577391624	-1368
9.86583399773	543
9.86596989632	-1368
9.87707805634	-1420
9.87714409828	-1420
9.87714910507	-1264
9.88191509247	-1420
9.88193798065	-1316
9.98145890236	-633
9.98837399483	-1368
10.1063768864	-1260
10.1340720654	1057
10.1593921185	543
10.392592907	-543
10.5484979153	-543
10.6205720901	-1368
10.7043390274	-261
10.7050230503	543
10.9147639275	-543
10.9148368835	-1420
10.9148828983	-1316
10.9165201187	-1420
10.9165918827	-1420
10.9165990353	-1264
10.9239559174	-1420
10.9239740372	-1316
10.9240350723	-1368
10.9242870808	543
10.9366760254	-1368
10.9366919994	-1368
10.9573590755	-1368
10.9573740959	-1368
10.9574379921	-1368
10.9576621056	-1420
10.9577600956	-1316
10.9578480721	-1368
10.9580700397	-1368
10.9587008953	-1368
10.9596300125	-1368
10.9596428871	-1368
10.9602620602	-1368
10.9602730274	-1368
10.9678890705	-1368
10.9682929516	-1368
10.9854090214	-1368
10.9854240417	-1368
10.9856650829	543
10.9858100414	-1420
10.9858160019	-1316
10.9860079288	-1420
10.9860160351	-1316
10.9860620499	-1368
10.9863829613	543
10.9864709377	-1368
10.9866099358	-1368
11.0049939156	-1368
11.0050139427	-1420
11.0050590038	-1316
11.0073270798	-1368
11.0076169968	-1368
11.0076220036	-1368
11.0084609985	-1368
11.0087490082	-1368
11.0088129044	-1368
11.0101139545	-1368
11.0103440285	-1368
11.0110630989	-1368
11.0113461018	543
11.0155310631	-1368
11.0167939663	-1368
11.0168800354	-1368
11.0183010101	-1368
11.0183880329	-1368
11.0186760426	-1420
11.0187358856	-1316
11.0189828873	-1368
11.0190360546	-1368
11.0303390026	-1420
11.0303959846	-1316
11.0304119587	-1368
11.0329239368	-1420
11.0329399109	-1420
11.0330049992	-1420
11.033010006	-679
11.0507390499	-1368
11.0508749485	-1368
11.0510730743	-1368
11.0511949062	543
11.0526371002	-1420
11.0526530743	-1316
11.052918911	-1368
11.0529229641	-1368
11.0530860424	-1368
11.0531549454	543
11.0532910824	-1368
11.0576770306	-1368
11.0577480793	-1368
11.0577540398	-1368
11.0739119053	-1368
11.0740590096	-1368
11.1498858929	-728
12.6704940796	543
13.0461659431	1057
13.7911510468	-543
