0	246
0.142894983292	-740
0.14969587326	126
0.29269194603	-51
0.292908906937	38
0.436044931412	-1420
0.436061859131	-66
0.436498880386	1057
0.579771995544	-543
0.580345869064	543
0.750290870667	-543
0.762135982513	543
0.944808959961	-543
0.945254087448	1057
1.26810693741	-543
1.44990301132	-543
1.46037888527	543
1.48528599739	543
1.68284702301	-543
1.8644080162	-543
1.88010692596	543
1.90124106407	543
2.17214202881	-543
2.3532409668	-543
2.36041307449	1057
2.58531808853	-543
2.6292450428	-1420
2.62931609154	-1316
2.65599989891	-1420
2.6560819149	-1316
2.76650190353	-240
2.76880693436	543
2.7801990509	543
2.79848003387	543
2.7988409996	543
2.79919600487	543
2.98105192184	-543
3.03367495537	-1420
3.03376102448	-1316
3.13247108459	-1368
3.16224694252	-95
3.19987392426	-1420
3.19993185997	-1316
3.22665286064	-1420
3.22672104836	-1316
3.30398988724	-240
3.30599999428	543
3.30655789375	543
3.52950191498	-543
3.68393802643	-1420
3.68400788307	-1316
3.69346499443	-1420
3.69351696968	-1316
3.69354701042	-1368
3.71037507057	-957
3.762996912	543
3.76458287239	1460
3.76463603973	111
3.76979804039	1460
3.77261686325	111
3.78188991547	543
3.79052996635	1057
3.85199999809	-543
3.99817991257	-1420
3.99825501442	-665
4.03517103195	-1368
4.04502606392	-1420
4.04504203796	-1316
4.04509902	-1420
4.04510188103	-1316
4.04513907433	-1368
4.06194090843	-1368
4.06253290176	-1420
4.06256604195	-1420
4.06256890297	-1264
4.1400270462	-1420
4.14005208015	-1420
4.14010906219	-1420
4.14011192322	-253
4.14036107063	543
4.18685603142	-1420
4.18687295914	-1420
4.18693709373	-1264
4.18693995476	-1368
4.18730187416	-1420
4.18731999397	-1316
4.18737101555	-1420
4.18737387657	-1420
4.1874089241	-1264
4.18741202354	-1368
4.18756198883	543
4.20377492905	-1420
4.20379185677	-1420
4.20384097099	-1420
4.20384407043	-1212
4.2038769722	-1420
4.20388007164	-1316
4.20390892029	-1420
4.20391106606	-1316
4.20393395424	-1368
4.20394492149	-1368
4.2818710804	-1420
4.28189992905	-1420
4.28196191788	-1420
4.28196501732	-1420
4.28198504448	-146
4.28198695183	-1420
4.28200387955	-1420
4.28200602531	-1264
4.28219604492	543
4.32911705971	-1420
4.32913398743	-1316
4.32932806015	-1368
4.32939386368	-1420
4.32944393158	-1420
4.32944703102	-1264
4.32948088646	-1420
4.3294839859	-1420
4.32950091362	-1264
4.32958507538	-1420
4.32963705063	-1316
4.32970190048	-1420
4.32977104187	-1420
4.3297829628	-1420
4.32983589172	-1420
4.32983899117	-1160
4.32987594604	-1368
4.32987904549	-1368
4.33023786545	543
4.33045196533	543
4.34555888176	-1420
4.34559392929	-1420
4.3456659317	-1264
4.34566903114	-1420
4.34574007988	-1420
4.3457429409	-1264
4.34580206871	-1368
4.34580397606	-1368
4.34591794014	-1420
4.34592700005	-1420
4.34599208832	-1264
4.34599399567	-1368
4.34605407715	-1368
4.34611701965	-1420
4.34615588188	-1316
4.34623908997	-1420
4.3462870121	-1420
4.34628891945	-1264
4.34631800652	-1420
4.34631991386	-1420
4.34633803368	-1264
4.34656095505	543
4.42375302315	-1420
4.42376708984	-1420
4.42382407188	-1420
4.42382693291	-1212
4.42387104034	-1368
4.42387390137	-1420
4.42391085625	-1316
4.42598986626	543
4.42653608322	1460
4.42660403252	1460
4.42666196823	193
4.47112894058	-1420
4.4711458683	-1316
4.47142887115	-1420
4.47143888474	-1316
4.47152400017	-1420
4.47152686119	-1420
4.47158408165	-1264
4.47158694267	-1420
4.47165608406	-1420
4.47165894508	-1264
4.47171998024	-1420
4.47172307968	-1420
4.47179389	-1264
4.47181797028	-1420
4.47189188004	-1420
4.47189497948	-1264
4.47198796272	-1368
4.47199106216	-1368
4.47203588486	-1368
4.4720389843	-1420
4.47207307816	-1420
4.47207593918	-1264
4.47215604782	-1368
4.47240805626	-1420
4.47245502472	-1420
4.47245788574	-1264
4.47249603271	-1420
4.47249794006	-1420
4.47253489494	-1264
4.47253799438	-1420
4.47257399559	-1316
4.47277402878	1057
4.474421978	543
4.48778700829	-1420
4.48785400391	-1420
4.48796391487	-1264
4.48798489571	-1368
4.48809289932	-1420
4.48809599876	-1316
4.48815894127	-1368
4.48816108704	-1420
4.48821091652	-1420
4.48821401596	-1264
4.48827290535	-1420
4.48827600479	-1316
4.48831892014	-1368
4.4883210659	-1420
4.48835897446	-1316
4.4883620739	-1368
4.48846387863	-1420
4.48846697807	-1420
4.48855495453	-1264
4.48855805397	-1420
4.48859500885	-1420
4.48859786987	-1264
4.48864793777	-1420
4.48865103722	-1420
4.48865294456	-1264
4.48865389824	-1420
4.48865509033	-1420
4.48865604401	-1264
4.48865699768	-1368
4.48865795135	-1420
4.48883008957	-1420
4.48883199692	-1264
4.48883295059	-1368
4.48883390427	-1420
4.48883485794	-1316
4.48917889595	543
4.48983407021	1086
4.56553196907	-1420
4.56555104256	-1420
4.56558895111	-1420
4.56559205055	-1212
4.56561899185	-1420
4.56562495232	-1316
4.56564307213	-1368
4.61313605309	-1420
4.61314988136	-1316
4.61335706711	-1420
4.61336088181	-1316
4.61339187622	-1368
4.61351203918	-1420
4.61356186867	-1316
4.61356496811	-1420
4.6136200428	-1316
4.61366605759	-1420
4.61366891861	-1420
4.61367106438	-1264
4.61381602287	-1420
4.61382007599	-1420
4.61382198334	-1264
4.61395001411	-1420
4.61412096024	-1420
4.61412405968	-1264
4.61412501335	-1420
4.61412596703	-1420
4.6141269207	-1264
4.6141679287	-1420
4.61417007446	-1316
4.61426496506	-1368
4.61431193352	-1420
4.61431407928	-1316
4.61436295509	1057
4.61441206932	-1368
4.61447095871	-1420
4.61447191238	-1316
4.61458706856	-1420
4.61458992958	-1420
4.61458992958	-1264
4.61469006538	-1420
4.61469197273	-1420
4.61469292641	-1264
4.61469388008	-1420
4.61469507217	-1316
4.61483192444	-1420
4.61484098434	-1316
4.61493206024	-1420
4.61494088173	-1420
4.61494207382	-1264
4.61511993408	-1420
4.61517500877	-1420
4.6151778698	-1264
4.61522197723	-1368
4.61522388458	-1368
4.61579990387	543
4.62994909286	-1420
4.62996292114	-1420
4.63010907173	-1264
4.63011193275	-1368
4.63017392159	-1420
4.63017702103	-1420
4.63026499748	-1420
4.63026785851	-1212
4.63031291962	-1420
4.63031601906	-1316
4.63037395477	-1420
4.63037705421	-1420
4.63041996956	-1264
4.630423069	-1368
4.63048696518	-1420
4.63049006462	-1420
4.63054394722	-1264
4.63054704666	-1420
4.63058400154	-1420
4.63059902191	-1264
4.63066792488	-1420
4.63067102432	-1420
4.63075590134	-1264
4.63075900078	-1420
4.63079500198	-1420
4.63079786301	-1420
4.6308350563	-1212
4.63083791733	-1368
4.63088703156	-1420
4.63093996048	-1420
4.63103890419	-1264
4.63104104996	-1420
4.63112902641	-1420
4.63113188744	-1420
4.63117599487	-1212
4.63117909431	-1368
4.63122701645	-1420
4.63127708435	-1316
4.63135099411	-1420
4.63135290146	-1420
4.63135409355	-1264
4.63135504723	-1420
4.6313560009	-1420
4.63135790825	-1264
4.63135886192	-1368
4.63160300255	-1420
4.63160586357	-1420
4.63160896301	-1264
4.63160991669	-1368
4.63179588318	-1420
4.63180804253	-1420
4.63180994987	-1264
4.63181090355	-1420
4.63181185722	-1420
4.63181400299	-1264
4.63195490837	-1368
4.63195800781	-1420
4.63195991516	-393
4.63220500946	543
4.63234400749	543
4.63258385658	543
4.63283491135	1057
4.63306307793	543
4.63361787796	543
4.63401007652	1057
4.64023089409	1057
4.64059090614	1057
4.67266106606	-1420
4.67267298698	-1316
4.70752096176	-1420
4.70753502846	-1420
4.7075920105	-1264
4.70759487152	-1420
4.70763707161	-1420
4.70764088631	-1264
4.7445499897	-1368
4.75518703461	-1420
4.75525403023	-1316
4.7553999424	-1420
4.75542497635	-1316
4.75609707832	-1420
4.75616192818	-1420
4.75616502762	-1264
4.75623607635	-1368
4.7562379837	-1420
4.75628209114	-1316
4.75645399094	-1420
4.75649785995	-1316
4.75650000572	-1420
4.75654888153	-1420
4.75655198097	-1264
4.75660586357	-1368
4.75660896301	-1420
4.75660991669	-1420
4.75661087036	-1264
4.75661301613	-1368
4.75675487518	-1420
4.75684309006	-1420
4.75684595108	-1264
4.75684785843	-1420
4.75684905052	-1420
4.7568500042	-1264
4.75695705414	-1420
4.75699305534	-1420
4.75700092316	-1264
4.75700092316	-1420
4.75700187683	-1420
4.7570040226	-1420
4.7570040226	-1212
4.75715494156	543
4.75720500946	-1420
4.75720691681	-1420
4.75720787048	-1264
4.75720906258	-1420
4.75721001625	-1316
4.75728702545	-1420
4.75728797913	-1316
4.7573890686	-1368
4.75748896599	-1420
4.75749206543	-1420
4.75749397278	-1264
4.75749802589	-1420
4.75749897957	-1420
4.75764608383	-1264
4.75764894485	-1420
4.75765109062	-1316
4.75780797005	-1420
4.75781202316	-1420
4.75785708427	-1264
4.75785803795	-1420
4.7578599453	-1420
4.75786089897	-1420
4.75786209106	-1212
4.75811195374	-1420
4.75811600685	-1316
4.75818705559	-1368
4.75837993622	543
4.7586479187	543
4.75986409187	1086
4.76270699501	543
4.76310586929	1057
4.76991200447	-1420
4.7699239254	-1420
4.76997709274	-1264
4.77033185959	-1420
4.7703769207	-1316
4.77066087723	-1368
4.77075505257	543
4.77254986763	-1420
4.77255606651	-1420
4.77258205414	-1264
4.77279996872	-1420
4.77282500267	-1316
4.77282691002	-1368
4.77295207977	-1420
4.7729549408	-1420
4.77301001549	-1264
4.77301287651	-1368
4.77305603027	-1368
4.77349090576	-277
4.77860593796	-1420
4.77862000465	-1316
4.78445196152	-1368
4.78447008133	-1420
4.78453707695	-1420
4.78453993797	-1264
4.79562997818	-1420
4.79564595222	-1420
4.7956829071	-1264
4.79568600655	-1368
4.80970191956	-1420
4.8097178936	-1316
4.80991292	-1368
4.80991697311	-1420
4.80998897552	-1316
4.80999207497	-1420
4.81003689766	-1420
4.81003904343	-1264
4.81028008461	543
4.81041193008	543
4.8108279705	-1420
4.81083297729	-1420
4.81085586548	-1264
4.81085801125	-1368
4.81584095955	-1420
4.81585502625	-1316
4.82196807861	-1420
4.8219769001	-1316
4.85256195068	-1368
4.85259199142	-1420
4.85268187523	-1316
4.85268497467	-1368
4.85272407532	-1420
4.85272598267	-1316
4.85295796394	-1420
4.85296201706	-1316
4.85301208496	-1368
4.85312199593	543
4.85325789452	-1420
4.85326099396	-1420
4.85326194763	-1264
4.85357093811	-1420
4.8535759449	-1420
4.85361599922	-1264
4.85385704041	-1420
4.8539018631	-1420
4.85390496254	-1264
4.85406088829	-1420
4.85406708717	-1316
4.85419297218	-1368
4.8543548584	-1420
4.85439586639	-1420
4.85439896584	-1264
4.85444092751	-1368
4.85483407974	543
4.8626999855	-1420
4.86271500587	-1316
4.86277103424	-1368
4.86995887756	543
4.88667988777	-1368
4.89687108994	-1420
4.89693903923	-1316
4.89710307121	-1420
4.89712500572	-1316
4.89871788025	-1420
4.89876389503	-1420
4.8987660408	-1264
4.89897799492	-1420
4.89898204803	-1420
4.89902305603	-1264
4.89902591705	-1368
4.89923596382	-1420
4.89924001694	-1316
4.89936995506	-1420
4.89937186241	-1420
4.8993730545	-1264
4.8993730545	-1420
4.89937496185	-1420
4.89937591553	-1264
4.899559021	-1420
4.89956188202	-1420
4.89956402779	-1264
4.89956498146	-1420
4.89956593513	-1420
4.89956688881	-1264
4.8996219635	-1368
4.89975690842	543
4.89990592003	-1420
4.89990997314	-1420
4.89991188049	-1264
4.89991307259	-1420
4.89991402626	-1316
4.90008401871	-1420
4.90008592606	-1420
4.90008687973	-1264
4.90008807182	-1420
4.9000890255	-1316
4.90015101433	-1420
4.90015292168	-1420
4.90015387535	-1264
4.90015506744	-1420
4.90015506744	-1316
4.90033888817	-1420
4.90034294128	-1420
4.90034389496	-1264
4.90054988861	-1420
4.90055203438	-1420
4.90055298805	-1264
4.90055394173	-1368
4.90084004402	-1420
4.90084385872	-1316
4.90084505081	-1420
4.90084600449	-1420
4.90084695816	-1264
4.90087795258	-1420
4.90087985992	-1316
4.90101194382	-1420
4.90101599693	-1420
4.90101695061	-1264
4.90111398697	-1420
4.90111804008	-1316
4.90133500099	543
4.90155386925	543
4.90184998512	543
4.90436887741	-1420
4.90438985825	-1420
4.90444302559	-1264
4.9045779705	-1420
4.90461993217	-1316
4.90473294258	-1368
4.90496087074	-1420
4.90496397018	-1420
4.90500307083	-1264
4.90553188324	-1420
4.90557599068	-1316
4.90596795082	543
4.90789198875	-1368
4.90819787979	-1420
4.90824508667	-1316
4.91209602356	-1420
4.9122030735	-1420
4.9122068882	-1264
4.9122440815	-1420
4.91224598885	-1420
4.91228508949	-1264
4.91462397575	-1420
4.91466498375	-1316
4.91494894028	543
4.91542696953	543
4.92021298409	-1117
4.93474698067	-1368
4.9586930275	-1420
4.95870900154	-1420
4.95874786377	-1264
4.97180008888	543
4.97233295441	543
4.97990703583	-1368
4.98024201393	-1368
4.98219299316	543
4.98839092255	543
5.02432489395	-1420
5.02434206009	-1316
5.05650305748	-1420
5.0565199852	-1316
5.07646489143	-915
5.07856106758	543
5.07908701897	543
5.08309698105	-1420
5.08310604095	-1316
5.10985207558	-1420
5.10986685753	-1316
5.22315597534	-1420
5.22317385674	-1420
5.22323107719	-1264
5.22455000877	-306
5.22914385796	543
5.22966504097	543
5.23974299431	-1368
5.26109695435	-1420
5.26114797592	-1420
5.26115202904	-1264
5.2942700386	-1420
5.29428601265	-1420
5.29433608055	-1264
5.33216500282	-1420
5.33223199844	-1316
5.38147997856	-1226
5.38165998459	543
5.51146888733	-1420
5.51148605347	-1420
5.51154398918	-1264
5.51154708862	-1368
5.52072906494	-1420
5.52075791359	-1420
5.52081799507	-1264
5.52569293976	-1368
5.58694005013	-1368
5.6033270359	-198
5.74512386322	-1057
5.81037902832	543
5.81804800034	1460
5.81812906265	111
5.83000707626	1460
5.83008098602	111
6.04389286041	-1420
6.04396986961	-1420
6.04400897026	-787
6.05487895012	543
6.0711479187	543
6.07278394699	543
6.07467603683	543
6.07861590385	1057
6.09733009338	-1420
6.09734487534	-1420
6.09744095802	-1264
6.09744405746	-1420
6.09751105309	-1316
6.09889292717	-1420
6.09893989563	-1316
6.11019396782	1057
6.11239409447	1057
6.11470103264	1057
6.12498807907	-1420
6.12500405312	-1316
6.12860608101	-1420
6.12861299515	-1420
6.12863993645	-1264
6.12872004509	543
6.12889194489	-1420
6.12889695168	-1420
6.12898397446	-1264
6.1289870739	-1420
6.12902498245	-1420
6.12902808189	-1264
6.12915086746	-1420
6.12915492058	-1316
6.12960100174	-1420
6.1296069622	-1420
6.12964892387	-1264
6.12981390953	-1368
6.13008308411	-1420
6.1300880909	-1316
6.13014292717	-1420
6.13014602661	-1316
6.13019299507	-1368
6.1302690506	543
6.13216304779	-1368
6.13266897202	543
6.1551258564	-1420
6.15514206886	-1316
6.1756799221	-1368
6.17602396011	-1420
6.17605996132	-1316
6.17663788795	-1420
6.17668390274	-1420
6.17668700218	-1264
6.17779803276	-1420
6.17780303955	-1420
6.1778459549	-1264
6.17833089828	-1420
6.17837691307	-1420
6.17838001251	-1264
6.17878890038	-1420
6.17879390717	-1420
6.17881894112	-1264
6.18019604683	-1420
6.18024396896	-1420
6.18024706841	-1264
6.18067288399	-1420
6.1806769371	-1420
6.1807179451	-1264
6.1808359623	-1368
6.18103790283	-1368
6.18113899231	-1368
6.18216490746	-1420
6.18216896057	-1420
6.18220806122	-1264
6.18276786804	-1420
6.18281006813	-1420
6.18281292915	-1264
6.18297195435	543
6.18314290047	-1368
6.18330788612	543
6.1836578846	-1420
6.18366289139	-1316
6.18385791779	-1420
6.1838619709	-1316
6.18425703049	-1368
6.18426203728	-1420
6.18428587914	-1420
6.18428897858	-1264
6.18437290192	543
6.18489003181	-1420
6.1848950386	-1316
6.18495106697	-1420
6.18497991562	-1316
6.18538689613	-506
6.20882987976	-1420
6.20890402794	-1420
6.20890903473	-1264
6.21601486206	-1420
6.21602392197	-1316
6.21687889099	-1420
6.21688508987	-1316
6.21694993973	-1368
6.21743202209	-1368
6.21746087074	-1368
6.21762394905	-1420
6.2176668644	-1316
6.21781086922	-1420
6.21785593033	-1316
6.2178580761	-1368
6.21795606613	-1420
6.21796607971	-1316
6.21818995476	-1420
6.2181930542	-1316
6.2182328701	-1368
6.21836805344	-1420
6.21845507622	-1316
6.21845793724	-1368
6.21855187416	-1420
6.2185549736	-1316
6.21863603592	-1368
6.21872591972	543
6.21897101402	543
6.21901488304	-1420
6.21901702881	-1420
6.21901798248	-1264
6.21917390823	-1420
6.21921801567	-1316
6.21933102608	-1368
6.21946501732	543
6.21956706047	-1420
6.21956801414	-1316
6.21976804733	-1368
6.22001600266	-1420
6.220058918	-1420
6.22006487846	-1264
6.2205760479	-1420
6.22057986259	-1420
6.22062206268	-1264
6.22062492371	-1368
6.22070002556	-1420
6.22070288658	-1316
6.22097706795	-1420
6.22098088264	-1420
6.22102093697	-1264
6.25947594643	-1420
6.25954389572	-1420
6.25954890251	-1264
6.25976896286	-1368
6.25994491577	-1420
6.2599709034	-1316
6.26032400131	-1420
6.2603969574	-1316
6.26040005684	-1368
6.26070690155	-1420
6.26071190834	-1420
6.26077198982	-1264
6.26093697548	-1368
6.26105093956	-1420
6.26105499268	-1316
6.26107597351	-1368
6.26116800308	543
6.26120495796	-1420
6.26120686531	-1316
6.26148295403	-1420
6.26148700714	-1316
6.26148796082	-1368
6.26161599159	543
6.26196599007	-1420
6.26197195053	-1316
6.26201605797	-1368
6.26208496094	543
6.26220798492	-1420
6.26221108437	-1316
6.26223087311	-1368
6.26236391068	-1420
6.26240706444	-1420
6.26240897179	-1264
6.26248502731	-1368
6.26259589195	-1420
6.26263809204	-1316
6.26270604134	-1368
6.26316690445	-1420
6.26317286491	-1316
6.26321601868	-1368
6.26980900764	-1420
6.26984286308	-1420
6.26984596252	-1264
6.28621888161	-1420
6.28623509407	-1420
6.28630208969	-1264
6.2864689827	543
6.30189704895	-1420
6.30190706253	-1420
6.30197000504	-1264
6.30211806297	-1368
6.31130099297	-1420
6.31130886078	-1316
6.31305503845	-1420
6.31306004524	-1420
6.31308197975	-1264
6.31308507919	-1368
6.31327795982	-1420
6.31328296661	-1316
6.32132792473	-1420
6.32133507729	-1316
6.32144904137	543
6.32732605934	-1420
6.32733488083	-1316
6.32747888565	543
6.33171892166	-1420
6.33172297478	-1420
6.33176493645	-1264
6.33232092857	1460
6.33237290382	111
6.35045790672	-349
6.35495591164	-1368
6.36327791214	-1368
6.37256503105	543
6.38183689117	-1420
6.38184595108	-1420
6.38188385963	-1264
6.40850996971	-1420
6.40857696533	-1316
6.41076493263	543
6.42175388336	543
6.43538594246	-1368
6.43539595604	-1368
6.45456790924	543
6.45483708382	543
6.45537996292	543
6.4555580616	543
6.47365403175	543
6.47392988205	543
6.47434997559	543
6.47453808784	543
6.49672794342	-770
6.50261998177	543
6.51156497002	543
6.51177287102	543
6.64487099648	-543
6.64657497406	-1420
6.64664387703	-1420
6.64664697647	-1264
6.64669704437	-1420
6.64669895172	-1316
6.64681196213	-1368
6.64696502686	-1420
6.64700603485	-1316
6.64746809006	-1420
6.64755606651	-1316
6.64755892754	-1420
6.64761805534	-1316
6.64761996269	-1420
6.64769601822	-1420
6.64769887924	-1264
6.64776396751	-1420
6.64776706696	-1420
6.64783096313	-1264
6.64783406258	-1420
6.6478869915	-1316
6.6479370594	-1420
6.64795804024	-1316
6.64795994759	-1420
6.64798593521	-1316
6.64811205864	-1368
6.64838504791	543
6.64869403839	543
6.64885592461	-1420
6.64885997772	-1316
6.64905190468	-1420
6.64905691147	-1316
6.64943885803	-1420
6.64944291115	-1316
6.64966797829	-1420
6.6496720314	-1316
6.65461993217	543
6.65502095222	-1420
6.65503287315	-1420
6.6550579071	-1264
6.65517997742	-1368
6.65624189377	-1420
6.65624809265	-1420
6.656291008	-1264
6.65635108948	-1368
6.66854095459	-1368
6.66859602928	-1368
6.67289209366	-1368
6.6882250309	-1420
6.68828105927	-1316
6.68848109245	-1420
6.68850493431	-1420
6.68850708008	-1264
6.68895292282	-1420
6.68895602226	-1316
6.68950796127	-1368
6.69045495987	-1420
6.69050908089	-1420
6.69053006172	-1264
6.69057297707	-1420
6.69057488441	-1316
6.69080591202	-1420
6.69081091881	-1316
6.69099998474	-1368
6.69100403786	-1420
6.69109106064	-1316
6.69117689133	543
6.69142603874	-1420
6.69143104553	-1316
6.69146704674	-1368
6.69155287743	-1420
6.691603899	-1316
6.69208788872	-1368
6.6921479702	-1420
6.69215106964	-1316
6.69221401215	-1420
6.69221687317	-1316
6.69997692108	543
6.70020508766	543
6.71862387657	-1368
6.73026490211	543
6.73171496391	-1420
6.7317199707	-1420
6.73176407814	-1264
6.73176693916	-1368
6.73185706139	-1420
6.73186087608	-1316
6.73197507858	-1368
6.73225688934	-1420
6.73227906227	-1420
6.73228192329	-1264
6.73294186592	-1420
6.73294687271	-1420
6.7329890728	-1264
6.73675608635	543
6.73786687851	543
6.73814988136	543
6.74039006233	543
6.74063396454	543
6.74086999893	543
6.74116587639	543
6.74123692513	-1420
6.7412378788	-1316
6.76807904243	-1368
6.78567194939	543
6.7881538868	-293
6.79630994797	-1368
6.93646192551	-1231
6.95300793648	543
6.96592903137	-1368
6.98934698105	-1368
6.99272894859	-1420
6.99273490906	-1316
6.99937105179	-1368
7.00476789474	543
7.0051510334	543
7.00719499588	-543
7.02625393867	-1368
7.0853729248	-1420
7.08538889885	-1316
7.08887290955	543
7.09793686867	-1368
7.09810996056	-1420
7.09816789627	-1316
7.09817099571	-1420
7.09821486473	-1420
7.09821796417	-1264
7.09834003448	543
7.10707902908	-1420
7.10708904266	-1420
7.10713791847	-1264
7.10751700401	-794
7.11296701431	-1420
7.11297392845	-1316
7.12366294861	543
7.13855600357	-1420
7.13857102394	-1316
7.13884997368	-1368
7.13894605637	-1420
7.13897895813	-1316
7.13921189308	-1420
7.13929796219	-1420
7.13930106163	-1264
7.13934493065	-1420
7.13934803009	-1316
7.13946795464	543
7.14901995659	-1420
7.14903688431	-1420
7.14909505844	-1264
7.1654510498	-1420
7.16551303864	-1420
7.16551709175	-1264
7.18218898773	-1420
7.18220305443	-1316
7.18266105652	-1420
7.18266606331	-1420
7.18270993233	-1264
7.18401408195	-1420
7.1840698719	-1316
7.18407297134	-1368
7.18492698669	-1420
7.18493008614	-1420
7.18496894836	-1264
7.18509507179	-1368
7.18625807762	-1420
7.18626689911	-1420
7.18628787994	-1264
7.18659687042	-1368
7.18667507172	-1368
7.18680787086	543
7.18696093559	543
7.18720698357	-1368
7.18783593178	-1420
7.18788194656	-1316
7.18832707405	-1368
7.19165587425	-1420
7.19166088104	-1316
7.19170498848	-1368
7.20886087418	-1368
7.22361207008	-1420
7.22362709045	-1420
7.22368502617	-1264
7.22368788719	-1420
7.22373199463	-1420
7.22373390198	-1264
7.22385406494	-1420
7.22385692596	-1420
7.22387886047	-1264
7.22402691841	-1420
7.22406792641	-1316
7.22420501709	543
7.22424387932	-1368
7.23247098923	-1420
7.23253393173	-1420
7.23253798485	-1264
7.23290896416	-1420
7.23291397095	-1420
7.23293590546	-1264
7.23304986954	-1368
7.23735594749	-1420
7.23736786842	-1420
7.23742508888	-1264
7.23806905746	-1420
7.23814606667	-1420
7.23814892769	-1264
7.2381939888	-1420
7.23819589615	-1316
7.23834586143	-1368
7.23850107193	-1420
7.23854494095	-1316
7.23860692978	543
7.23910593987	-1420
7.23910903931	-1420
7.23915195465	-1264
7.23940491676	-1420
7.23945593834	-1316
7.23945903778	-1368
7.23958492279	-1420
7.23958897591	-1316
7.23967695236	-1368
7.23975896835	543
7.24059891701	-1420
7.24061989784	-1420
7.24066591263	-1264
7.24066901207	-1420
7.24068903923	-1316
7.24096894264	-1420
7.24101305008	-1420
7.2410159111	-1264
7.2411570549	-1420
7.24115991592	-1316
7.2414150238	-1420
7.24142503738	-1420
7.24146604538	-1264
7.24154090881	-1420
7.2415728569	-1316
7.24157500267	-1368
7.24175906181	-1368
7.24759697914	-1420
7.24764108658	-1420
7.24764490128	-1264
7.24783492088	-1420
7.24784493446	-1420
7.24786686897	-1264
7.24797487259	-1420
7.24801588058	-1316
7.24807500839	543
7.24988293648	-1368
7.24995088577	543
7.25125694275	543
7.2545440197	-204
7.27883505821	-1420
7.27890300751	-1316
7.29291296005	-1420
7.29296803474	-1316
7.2999689579	543
7.35069489479	-1368
7.35607194901	1057
7.42047190666	-443
7.42056298256	1057
7.56276798248	-543
7.56318187714	1057
7.69489502907	543
7.72298288345	-1420
7.72300100327	-1420
7.72305703163	-1264
7.7463619709	-1152
7.77254199982	543
7.77324390411	543
7.77556204796	-1420
7.7755689621	-1316
7.88809609413	-920
7.89146208763	543
7.89168787003	543
8.02993392944	-1057
8.04179906845	1057
8.14730286598	-1368
8.17192196846	-746
8.2548699379	-1420
8.25488805771	-1420
8.25495505333	-1264
8.25495791435	-1420
8.25499796867	-1420
8.25500106812	-1264
8.25535607338	-1420
8.25536108017	-1316
8.25574398041	-1420
8.25583386421	-1420
8.25587892532	-1264
8.25588107109	-1420
8.25595808029	-1420
8.25596094131	-1264
8.25600004196	-1420
8.25601792336	-1316
8.25605797768	-1420
8.25606703758	-1420
8.25610494614	-1264
8.25624990463	543
8.25634908676	-1420
8.25635004044	-1420
8.25635099411	-1264
8.264950037	-1420
8.26501703262	-1420
8.26502108574	-1264
8.26950192451	543
8.28153085709	-1368
8.31379795074	-876
8.45580005646	-1057
8.46464300156	1057
8.51072692871	543
8.69031596184	-1057
8.88349604607	-1057
8.88433408737	543
9.10830307007	-1420
9.10833597183	-1420
9.10842609406	-787
9.10843300819	-1420
9.10847806931	-1316
9.10848402977	-1368
9.11870408058	-1420
9.11872005463	-1316
9.11884403229	-1368
9.1349260807	-1420
9.13499689102	-1316
9.15053486824	-1420
9.15061593056	-1420
9.15062403679	-1420
9.15066695213	-1212
9.15067195892	-1368
9.16013002396	-1420
9.16014504433	-1420
9.16025400162	-1264
9.16025996208	-1420
9.16034793854	-1420
9.16035604477	-1264
9.16046285629	-1420
9.16047096252	-1420
9.16056394577	-1264
9.16086697578	543
9.16114497185	-1420
9.16115498543	-1420
9.16121387482	-1420
9.1612200737	-1212
9.16126894951	-1420
9.1612739563	-1316
9.1613368988	-1420
9.16134285927	-1316
9.1928999424	-1420
9.19291806221	-1420
9.19298386574	-1264
9.19303202629	-1420
9.19307398796	-1316
9.19316101074	-1420
9.19322800636	-1420
9.19323086739	-1264
9.19326901436	-1420
9.19327187538	-1316
9.19340991974	-1420
9.19341397285	-1316
9.19353294373	543
9.19381308556	543
9.20330905914	-1368
9.20344686508	-1420
9.20353007317	-1316
9.20353388786	-1420
9.20357489586	-1420
9.20357704163	-1264
9.20366001129	-1420
9.20366191864	-1316
9.2037460804	-1420
9.20374894142	-1420
9.20378804207	-1264
9.20386195183	-1420
9.20388507843	-1316
9.20403003693	-1420
9.20407104492	-1420
9.20407390594	-1264
9.20417308807	-1420
9.20417690277	-1316
9.20425200462	543
9.21411395073	-1420
9.21412992477	-1420
9.21419405937	-1264
9.21440196037	-1420
9.21444606781	-1420
9.21444892883	-1264
9.21451187134	-1368
9.21940493584	-1420
9.21944904327	-1316
9.21950793266	-1368
9.21958994865	543
9.24677085876	-1420
9.24678707123	-1316
9.2469599247	543
9.24990606308	-469
11.9253590107	-543
12.7311758995	1057
