0	231
0.139752149582	-752
0.141094207764	126
0.280477046967	-51
0.280789136887	38
0.420314073563	-1420
0.420332193375	-102
0.420761108398	1057
0.561361074448	-543
0.562142133713	543
0.718370199203	-543
0.719071149826	543
0.878248214722	-543
3.28004622459	543
3.46615815163	-543
3.46641016006	543
3.65128421783	-1420
3.65130019188	-1420
3.65136814117	-787
3.76812720299	-1057
3.77131819725	543
3.78273820877	543
3.8035171032	543
3.96168708801	-543
4.11877202988	-543
4.13011813164	543
4.23580622673	-543
4.23598313332	543
4.36434912682	-1057
4.44121313095	-1420
4.4412651062	-1316
4.47422599792	-1368
4.52112603188	-580
4.52405118942	543
4.52479100227	543
4.71811509132	-543
4.88765716553	-1420
4.88767409325	-1316
4.9079451561	-891
5.02483010292	-543
5.0276761055	543
5.04092311859	543
5.20884108543	-543
5.20905709267	543
5.36566305161	-543
5.36584401131	543
5.45727014542	-1420
5.45729422569	-1316
5.47749400139	-1420
5.47751021385	-1420
5.47756719589	-1264
5.47774410248	543
5.49318408966	-1420
5.49319815636	-1420
5.49326109886	-1264
5.49459314346	-1368
5.51115822792	543
5.51357603073	543
5.52266907692	-1420
5.52268505096	-1316
5.57433819771	-1420
5.57435703278	-1420
5.57442212105	-1420
5.57442522049	-1212
5.57459211349	543
5.59444713593	-1420
5.59446907043	-1420
5.59452700615	-1420
5.59453010559	-1212
5.59456801414	-1420
5.59457206726	-1316
5.61003112793	-1420
5.61004519463	-1420
5.61012220383	-1420
5.61012506485	-1420
5.6101641655	-1160
5.61016702652	-1368
5.63090705872	-1420
5.63093400002	-1316
5.63952422142	-1420
5.63953900337	-1420
5.63959717751	-1420
5.63960003853	-1212
5.63980007172	543
5.69120121002	-1420
5.69125914574	-1420
5.69132518768	-1264
5.69132900238	-1420
5.69137501717	-1399
5.69476509094	543
5.71044921875	543
5.71090102196	1460
5.71097207069	1139
5.80853319168	-543
5.80872106552	543
5.92547821999	-543
5.9256670475	543
6.03482913971	-1420
6.03484606743	-1420
6.03491401672	-1264
6.04226112366	-609
6.04238820076	543
6.05449819565	-1420
6.05450510979	-1316
6.05809807777	-1368
6.06144118309	-1420
6.06148910522	-1316
6.0645840168	-1420
6.06463122368	-1316
6.0674571991	-1420
6.06749510765	-1420
6.06749820709	-1264
6.07000017166	-1368
6.07244420052	-1420
6.07249808311	-1316
6.07250118256	-1368
6.0766711235	-1420
6.07668805122	-1420
6.07673501968	-1264
6.07686519623	543
6.07828402519	-1420
6.07828903198	-1420
6.07833504677	-1264
6.07999014854	-1420
6.08002710342	-1316
6.08143806458	-1420
6.08149313927	-1316
6.08310604095	-1420
6.08313703537	-1316
6.08508610725	-1420
6.08513617516	-1316
6.15183401108	-1420
6.15186214447	-1420
6.15192317963	-1264
6.15192699432	-1368
6.15194821358	-1368
6.1519510746	-1368
6.15222907066	543
6.15924811363	-1420
6.15926003456	-1316
6.17142510414	-1420
6.17143702507	-1420
6.17148900032	-1420
6.17149114609	-1212
6.17164111137	543
6.17829704285	-1420
6.17831110954	-1420
6.17839407921	-1264
6.17839622498	-1420
6.17843413353	-1420
6.17843699455	-1264
6.18141317368	-1420
6.18142700195	-1420
6.18147015572	-1420
6.18147301674	-1212
6.18438601494	-1420
6.18439102173	-1316
6.18443512917	-1368
6.18443822861	-1420
6.18450403214	-1316
6.1845061779	-1368
6.18461918831	543
6.18925714493	-1420
6.18930101395	-1420
6.18937110901	-1264
6.18937420845	-1420
6.1894299984	-1420
6.18943309784	-1264
6.19352722168	-1420
6.19353222847	-1420
6.19356322289	-1264
6.19364714622	-1420
6.19368720055	-1420
6.19369101524	-1264
6.19371008873	-1420
6.19371199608	-1316
6.19511699677	-1420
6.19512104988	-1316
6.19517111778	-1420
6.19517421722	-1420
6.19517612457	-1420
6.19517707825	-1212
6.19597220421	543
6.19686317444	-1420
6.19687700272	-1420
6.19692206383	-1420
6.19692516327	-1212
6.19703412056	543
6.19815707207	-1420
6.19816207886	-1420
6.19818615913	-1264
6.19818806648	-1368
6.19997215271	-1420
6.19997811317	-1420
6.20002508163	-1420
6.20002818108	-1212
6.20187306404	-1420
6.20187616348	-1420
6.20190501213	-1264
6.20196008682	-1368
6.20350217819	543
6.26868605614	-1420
6.26870322227	-1420
6.26879119873	-1420
6.26879405975	-1420
6.26883220673	-1160
6.26883411407	-1420
6.26888513565	-1316
6.26888799667	-1420
6.26896214485	-1316
6.2689640522	-1368
6.26941418648	-868
6.28149318695	543
6.28190207481	543
6.29254817963	543
6.29293513298	543
6.29340410233	543
6.3021261692	543
6.38643908501	-1057
6.40378022194	543
6.40432310104	543
6.44502019882	1460
6.44513916969	111
6.45314121246	1057
6.53815817833	-1368
6.54297399521	-232
6.55672621727	-1368
6.55687618256	543
6.55701422691	543
6.5809700489	543
6.65961408615	-1368
6.65983510017	543
6.65989208221	-493
6.74690318108	-1368
6.74712109566	543
6.74815702438	-1420
6.74816322327	-1420
6.74820804596	-1264
6.75326108932	-1420
6.75332212448	-1420
6.7533261776	-1264
6.7568461895	-1420
6.75685119629	-1316
6.75705504417	543
6.75844216347	-1420
6.75844812393	-1316
6.75987911224	-1420
6.75988507271	-1420
6.75993013382	-1264
6.76103305817	-1368
6.76230406761	-1420
6.76231718063	-1420
6.76234006882	-1264
6.76356005669	-1368
6.76476812363	-1420
6.76477217674	-1420
6.76481103897	-1264
6.76599001884	-1420
6.76604008675	-1420
6.76604318619	-1264
6.7675280571	543
6.76877117157	-1420
6.76877713203	-1420
6.76882004738	-1264
6.76964116096	-1420
6.76968622208	-1316
6.77032518387	-1420
6.77036118507	-1316
6.77097916603	-1420
6.77102613449	-1316
6.77154111862	-1420
6.77156615257	-1316
6.77166700363	543
6.77197313309	-1420
6.77197909355	-1420
6.77202320099	-1264
6.77633810043	-199
6.782736063	-1368
6.78284406662	-1368
6.782954216	-1368
6.78295707703	-1368
6.7858710289	-1420
6.78587722778	-1316
6.78602218628	-1368
6.78610920906	543
6.7876431942	-1420
6.78765010834	-1316
6.7877612114	-1368
6.78812909126	-1368
6.78877615929	-1420
6.78878211975	-1316
6.78934121132	-1420
6.78934717178	-1316
6.78945302963	543
6.78997516632	-1420
6.78997921944	-1316
6.80991220474	-1420
6.8099360466	-1316
6.85011601448	-1420
6.8501291275	-1316
6.85214710236	-1368
6.86710119247	-1420
6.8671541214	-1316
6.86917209625	-1368
6.87370109558	543
6.87394213676	1460
6.8739900589	625
6.89968514442	-673
6.90253305435	543
6.90325903893	1460
6.90330910683	1460
6.90335917473	1161
6.90585303307	1460
6.90592002869	685
6.94575810432	-1420
6.94577503204	-1420
6.94583201408	-1264
6.94602108002	543
6.99405312538	-1420
6.99407100677	-1420
6.99412703514	-1264
6.99701619148	543
7.00196313858	1460
7.00201511383	1460
7.00206017494	1161
7.0021841526	1117
7.01438307762	-1368
7.01982307434	-335
7.02308011055	543
7.02329707146	543
7.10387420654	-1420
7.10389304161	-1420
7.10395312309	-1264
7.1088051796	-1420
7.10887503624	-1420
7.10888004303	-1264
7.11514401436	-1420
7.1151611805	-1420
7.11522006989	-1264
7.12017822266	-1420
7.12022304535	-1420
7.12022614479	-1264
7.13297510147	-1420
7.13298606873	-1316
7.13314819336	543
7.13521504402	-1368
7.13650202751	-301
7.15888214111	-1368
7.15901517868	543
7.18036413193	-1420
7.18038010597	-1420
7.1804420948	-1264
7.18177103996	-1420
7.18180203438	-1316
7.1833190918	-1368
7.18521499634	-1420
7.1852221489	-1316
7.18684101105	-1368
7.1888320446	-1420
7.18888115883	-1316
7.19050717354	-1420
7.19055104256	-1316
7.19194221497	-1420
7.19200611115	-1420
7.19201016426	-1264
7.1934800148	-1368
7.19356513023	543
7.19515109062	-1368
7.19527101517	-1420
7.19531822205	-1316
7.19698500633	-1420
7.19702911377	-1316
7.19871711731	-1368
7.20036911964	-1368
7.20211815834	-1420
7.20216107368	-1420
7.20216321945	-1264
7.20391011238	-1420
7.20391511917	-1420
7.20394611359	-1264
7.20548415184	-1420
7.20552921295	-1316
7.20721721649	-1420
7.20725822449	-1316
7.20901799202	-1420
7.20907020569	-1420
7.20907306671	-1264
7.20917320251	543
7.21320700645	-1420
7.21321320534	-1420
7.21325612068	-1264
7.21332502365	543
7.21515417099	-1420
7.21517109871	-1316
7.21705007553	-1368
7.21876907349	-1420
7.21881604195	-1316
7.22068810463	-1368
7.22227406502	-1420
7.22227907181	-1316
7.22428917885	-1368
7.2287671566	-1420
7.22881603241	-1420
7.22882008553	-1264
7.23071622849	-1420
7.23072218895	-1316
7.2321741581	-1368
7.23397421837	-1420
7.23401999474	-1316
7.2358071804	-1368
7.23591804504	543
7.23711419106	-1420
7.23712015152	-1316
7.23715615273	-1368
7.24198317528	-1420
7.24202299118	-1420
7.24202609062	-1264
7.24420905113	-1420
7.24421906471	-1316
7.24623608589	-1420
7.24624204636	-1420
7.24629807472	-1264
7.24829912186	-1420
7.24834609032	-1316
7.24997019768	-1368
7.2513320446	-1420
7.25133514404	-1316
7.25274801254	-1368
7.25284314156	1057
7.25312209129	-137
7.25388813019	-1420
7.2539331913	-1316
7.25485801697	-1368
7.25824117661	-1368
7.25834703445	-1420
7.25839614868	-1316
7.25940322876	-1420
7.25942802429	-1316
7.26069617271	-1368
7.26229119301	-1420
7.2622961998	-1316
7.26450800896	-1368
7.26669001579	-1420
7.26674008369	-1316
7.26821517944	-1368
7.27237319946	-1420
7.27240300179	-1420
7.27249312401	-1264
7.27438402176	-1420
7.27442717552	-1316
7.27552103996	543
7.27597022057	-1368
7.2779211998	-1420
7.27796506882	-1316
7.27986311913	-1368
7.28176021576	-1420
7.28176617622	-1316
7.29736709595	-1420
7.29738116264	-1420
7.29749011993	-1420
7.29749202728	-1212
7.29752802849	-1420
7.29753112793	-1420
7.29757714272	-1420
7.29758119583	-1212
7.29854011536	-1420
7.29856014252	-1420
7.29862213135	-1264
7.29862499237	-1368
7.29875302315	1057
7.30204916	-1368
7.30230307579	-1368
7.30400013924	-1368
7.30604910851	-1368
7.30609416962	-1420
7.30609703064	-1316
7.30632400513	-1368
7.30945110321	-1420
7.30949401855	-1420
7.30949807167	-1264
7.31275010109	-1368
7.31452512741	-1420
7.31459021568	-1316
7.31583809853	-1368
7.31806612015	-1420
7.31807017326	-1420
7.31811118126	-1264
7.319658041	-1420
7.31970000267	-1316
7.32126116753	-1368
7.32225704193	543
7.32279014587	-1420
7.32279515266	-1316
7.32419013977	543
7.32455611229	-1368
7.3282020092	-1420
7.32825708389	-1420
7.32826113701	-1264
7.32972002029	-1420
7.32972502708	-1420
7.3297700882	-1264
7.33431911469	-1420
7.33436608315	-1420
7.33437013626	-1264
7.33660912514	-1420
7.33661413193	-1316
7.33889102936	-1420
7.33890414238	-1420
7.33894610405	-1264
7.3427760601	-1420
7.34282708168	-1420
7.34283018112	-1264
7.34297800064	543
7.34506511688	-1420
7.34507107735	-1316
7.34510707855	-1368
7.34716415405	-1420
7.34721112251	-1316
7.34728217125	543
7.34897303581	-1368
7.34991407394	543
7.35088205338	-1368
7.35352301598	-1420
7.35358810425	-1420
7.35359311104	-1264
7.35585618019	-1420
7.35587000847	-1316
7.35901403427	-1368
7.36107301712	543
7.36155200005	543
7.36159801483	-1420
7.3616092205	-1420
7.36161017418	-1264
7.36651802063	-1368
7.36834812164	-1420
7.36835503578	-1316
7.36839103699	-1368
7.3704020977	-1420
7.37043499947	-1316
7.37067103386	-1179
7.37218308449	-1368
7.37412714958	-1420
7.37418603897	-1316
7.37431502342	-1368
7.3760330677	-1420
7.37603902817	-1316
7.37797021866	-1368
7.37956809998	-1420
7.37961411476	-1316
7.37971115112	543
7.38133215904	-1368
7.38288021088	-1420
7.38291716576	-1316
7.38505005836	-1420
7.38509321213	-1420
7.38509607315	-1264
7.38693809509	-1420
7.38694214821	-1316
7.38708114624	543
7.38943600655	-1368
7.39150810242	-1420
7.39153599739	-1316
7.3937690258	-1368
7.39606308937	-1420
7.39606809616	-1316
7.39620018005	543
7.39880299568	-1368
7.40424609184	-1420
7.40429401398	-1420
7.40429711342	-1264
7.40786719322	-1368
7.41098999977	-1420
7.41101717949	-1316
7.41276621819	-1420
7.41281604767	-1420
7.41282010078	-1264
7.41716003418	-1420
7.41716504097	-1420
7.41720914841	-1264
7.42244100571	-1368
7.42432522774	-1420
7.4243311882	-1420
7.42437601089	-1264
7.4262111187	-1420
7.42625403404	-1420
7.42625713348	-1264
7.43023705482	-1368
7.43038201332	543
7.43047714233	-1420
7.43048000336	-1316
7.43501806259	-1420
7.43502402306	-1420
7.43507003784	-1264
7.44238305092	-1420
7.44242811203	-1420
7.44243216515	-1264
7.4425342083	543
7.44507217407	-1420
7.44507813454	-1420
7.44512200356	-1264
7.44848418236	-1420
7.4485411644	-1316
7.44854402542	-1368
7.4522922039	-1420
7.45229721069	-1316
7.45267605782	-1368
7.45723414421	-1368
7.4595990181	-1420
7.45960307121	-1316
7.46198821068	-1420
7.46199202538	-1316
7.46204304695	-1368
7.46461820602	543
7.46677422523	-1420
7.46678614616	-1420
7.46684122086	-1264
7.47150921822	-1420
7.47157907486	-1420
7.47158312798	-1264
7.47672200203	-1368
7.47978711128	-1420
7.47982811928	-1316
7.4825232029	-1420
7.48258018494	-1316
7.48258304596	-1368
7.48726606369	-1420
7.48727202415	-1316
7.48732209206	-1368
7.48795413971	543
7.48883104324	-870
7.4918961525	-1420
7.49194502831	-1316
7.55045104027	-1368
7.59367418289	-1368
7.59501719475	1057
7.59550118446	-1420
7.59550714493	-1316
7.59565520287	543
7.59763622284	-1420
7.59765100479	-1316
7.59773421288	-1368
7.59780502319	543
7.60235404968	-1368
7.60483312607	-1420
7.60488200188	-1420
7.60488510132	-1264
7.60578107834	-496
7.6069290638	-1420
7.60696411133	-1316
7.60955905914	-1368
7.63864803314	-1420
7.63866305351	-1420
7.63873004913	-1264
7.72377920151	-132
7.87321305275	-1420
7.87323117256	-1316
7.88990020752	-891
7.89225101471	-1420
7.89225816727	-1316
7.89440703392	-1368
7.92522716522	-1420
7.92524600029	-1316
7.93031406403	543
7.94146418571	-1420
7.94148015976	-1420
7.94154000282	-1264
7.94281601906	-1368
7.95356416702	543
8.00679016113	-169
8.00967812538	543
8.16944408417	-543
8.16963410378	543
8.36417102814	-543
8.36435508728	543
8.38239812851	1057
8.48563218117	-1420
8.48565101624	-1420
8.48570919037	-1264
8.49960112572	-66
8.5018901825	543
8.57445907593	-1420
8.57447600365	-1420
8.57453203201	-1264
8.57639408112	543
8.65610408783	-609
8.65812921524	543
8.65879201889	1057
8.77302718163	-1057
8.77422118187	1057
8.90390014648	-543
8.96164703369	-1368
8.97596120834	-1420
8.97597908974	-1316
8.97662615776	-1420
8.97663116455	-1316
8.97675013542	543
8.97684001923	-1368
8.98783111572	-1420
8.98789000511	-1420
8.98789310455	-1264
8.99402809143	-1420
8.99403905869	-1316
9.01578617096	-1368
9.06036615372	-293
9.07789611816	543
9.17275905609	1057
9.32647514343	-1420
9.32649517059	-1420
9.32655501366	-787
9.32709407806	-1420
9.32713913918	-1420
9.3271420002	-1264
9.34637904167	-1420
9.34639501572	-1420
9.3464641571	-1264
9.36195921898	-1420
9.36204409599	-1420
9.36204814911	-1264
9.36208605766	-1420
9.36208820343	-1420
9.36213207245	-1264
9.36230921745	543
9.36593008041	-1420
9.36593604088	-1420
9.36595916748	-1264
9.39782500267	-1420
9.39787721634	-1316
9.39793205261	-1368
9.39823722839	-1420
9.39824104309	-1316
9.3984401226	-1368
9.39897799492	-1368
9.39913511276	-1420
9.3991420269	-1316
9.39923214912	-1368
9.39923810959	-1420
9.39932513237	-1316
9.41719222069	-1420
9.4172642231	-1420
9.41727113724	-1264
9.41752099991	1057
9.43372106552	-1420
9.43373608589	-1420
9.4337990284	-1264
9.43511819839	-1420
9.43519020081	-1420
9.43519711494	-1264
9.43549799919	-1420
9.43550610542	-1420
9.43560218811	-1264
9.43628907204	-1420
9.43640112877	-1420
9.43640804291	-1264
9.44347310066	-924
9.45384907722	-1420
9.45392107964	-1316
9.45431399345	-1368
9.47023105621	-1420
9.47024703026	-1420
9.47031116486	-1264
9.47058200836	-1420
9.47069215775	-1316
9.47084116936	-1368
9.47097921371	543
9.47123718262	-1420
9.47124099731	-1316
9.47154712677	-1368
9.47194099426	-1420
9.47204899788	-1316
9.47230815887	-1368
9.47314405441	-1420
9.47315621376	-1420
9.47320914268	-1264
9.4792470932	-1420
9.47932004929	-1420
9.47932720184	-1264
9.4933052063	-1420
9.49331903458	-1316
9.49338316917	-1368
9.49381518364	1057
9.50483107567	-1420
9.50484919548	-1420
9.504956007	-1264
9.50569820404	-1420
9.50576901436	-1420
9.50577521324	-1264
9.50650715828	-1420
9.50651812553	-1420
9.50661420822	-1264
9.51431512833	-1420
9.51438903809	-1420
9.51439714432	-1264
9.51478815079	-1420
9.51480007172	-1420
9.51490020752	-1264
9.51522421837	-1420
9.51544809341	-1420
9.51545619965	-1264
9.5155479908	-1420
9.51555514336	-1420
9.51564311981	-1264
9.5156481266	-1420
9.51575016975	-1420
9.51575613022	-1264
9.51609516144	543
9.54011416435	-1420
9.54012918472	-1420
9.54018712044	-1264
9.54069209099	-1420
9.54072904587	-1316
9.54078102112	-1368
9.54094314575	-1368
9.54132699966	-1420
9.54137611389	-1316
9.54167914391	-1420
9.54174399376	-1420
9.54174804688	-1264
9.54818916321	-1420
9.54819822311	-1420
9.54827404022	-1264
9.54828619957	-1368
9.54833912849	-1420
9.54834222794	-1316
9.54839110374	-1368
9.54851508141	1057
9.54861116409	-1420
9.54861307144	-1316
9.54874110222	-1420
9.54875206947	-1316
9.54879117012	-1368
9.55405902863	-1368
9.57049107552	-216
9.57616114616	-1420
9.57622218132	-1316
9.57634520531	-1368
9.57682609558	-1420
9.57683110237	-1316
9.57689213753	-1368
9.57758808136	-1420
9.57761406898	-1420
9.57761621475	-1264
9.57771515846	543
9.5778901577	-1420
9.57789516449	-1316
9.57821011543	-1368
9.57860422134	-1420
9.57864999771	-1316
9.57873916626	-1368
9.57900810242	-1420
9.57901310921	-1316
9.57905507088	-1368
9.57995200157	-1420
9.57999920845	-1420
9.58000206947	-1264
9.58008813858	-1420
9.5800909996	-1316
9.58373999596	-1368
9.58437800407	-1420
9.58443808556	-1316
9.584441185	-1368
9.58464002609	-1420
9.58464813232	-1316
9.58472299576	-1368
9.58508706093	1057
9.59493899345	-1420
9.59494519234	-1420
9.5949921608	-1264
9.61299419403	-1420
9.61304306984	-1420
9.61304712296	-1264
9.61362600327	-1420
9.61363220215	-1420
9.61368513107	-1264
9.61402821541	-1420
9.61407518387	-1316
9.61424899101	-1368
9.61433410645	-1368
9.61451506615	-1420
9.61456012726	-1316
9.61487817764	-1420
9.61492300034	-1420
9.61492609978	-1264
9.61503505707	543
9.61616706848	-1420
9.61617302895	-1420
9.61619615555	-1264
9.61683821678	-1420
9.61688303947	-1420
9.61688613892	-1264
9.61763119698	-1368
9.61802220345	-1420
9.61807012558	-1316
9.62037420273	-1420
9.62042403221	-1420
9.62042713165	-1264
9.62073516846	-1420
9.62073922157	-1316
9.62079119682	-1368
9.62105917931	-1420
9.62108206749	-1316
9.62108516693	-1368
9.62117099762	1057
9.62268209457	-1368
9.6307580471	-1420
9.63080501556	-1420
9.63080811501	-1264
9.64729404449	-1420
9.64730000496	-1316
9.64770722389	-1368
9.64790916443	-1420
9.64795708656	-1316
9.64818620682	-1368
9.64856100082	-1420
9.64856719971	-1316
9.6488161087	-1368
9.64920520782	-1420
9.64925217628	-1420
9.64925503731	-1264
9.64958000183	-1420
9.64958500862	-1316
9.64970517159	543
9.64982509613	-1420
9.64983010292	-1316
9.64990711212	-1368
9.65020418167	-1368
9.65040302277	-1420
9.65040802956	-1316
9.65049505234	-1368
9.65115404129	-1420
9.65120220184	-1420
9.65120506287	-1264
9.65147900581	-1420
9.6514852047	-1420
9.65152716637	-1264
9.65200614929	-1420
9.65203404427	-1420
9.65203714371	-1264
9.65445899963	-1368
9.69082999229	-1368
9.69143509865	-1368
9.69288921356	-1420
9.69292402267	-1420
9.69292712212	-1264
9.69298911095	-855
9.69325900078	-1420
9.69330215454	-1316
9.69377303123	-1368
9.69420719147	-1420
9.69421219826	-1316
9.69452404976	-1368
9.694658041	1057
9.69500017166	-1420
9.69500422478	-1316
9.69526219368	-1368
9.70956301689	-1420
9.70962119102	-1420
9.70962500572	-1264
9.72776412964	-1420
9.72777819633	-1316
9.72796010971	-1420
9.72796416283	-1316
9.72812414169	543
9.7283821106	-1420
9.72838616371	-1420
9.72842812538	-1264
9.72932815552	-1420
9.72937512398	-1316
9.72957706451	-1420
9.72964000702	-1420
9.72964310646	-1264
9.73008608818	-1420
9.73009109497	-1316
9.73033618927	-1368
9.749117136	-1420
9.74918317795	-1420
9.74918699265	-1264
9.76223015785	-1420
9.76224422455	-1420
9.76230716705	-1264
9.76243209839	-1420
9.76248311996	-1420
9.76248502731	-1264
9.76254105568	-1420
9.7625451088	-1316
9.76259303093	-1368
9.76276707649	1057
9.7629840374	-1420
9.76298713684	-1316
9.76302719116	-1368
9.76328706741	-1420
9.76333904266	-1420
9.76334214211	-1264
9.76362109184	-1368
9.76387214661	-1420
9.76391720772	-1316
9.77831912041	-1420
9.7783780098	-1420
9.77838206291	-1264
9.78912901878	-1368
9.79055309296	-1420
9.79060912132	-1316
9.79110121727	-1420
9.79117202759	-1420
9.79117417336	-1264
9.79122018814	-1368
9.79165410995	-1420
9.79168701172	-1316
9.79178714752	-1420
9.79183220863	-1420
9.79183411598	-1264
9.79238009453	543
9.79242110252	-1420
9.79242420197	-1316
9.79255318642	-1368
9.79576301575	-1420
9.79589509964	-1420
9.79589915276	-1264
9.79593610764	-1368
9.79645514488	-1368
9.79653406143	-1420
9.79653716087	-1316
9.79665017128	1057
9.80022907257	-1420
9.80023503304	-1420
9.8002820015	-1264
9.80069303513	-1420
9.8007349968	-1420
9.80073714256	-1264
9.80110502243	-1420
9.80111122131	-1316
9.8012111187	-1368
9.80151820183	-1420
9.80154800415	-1420
9.80155014992	-1264
9.80190515518	-1420
9.8019092083	-1316
9.80202317238	-1368
9.80223321915	-1420
9.80223608017	-1316
9.80256819725	-1420
9.80257105827	-1316
9.80287718773	-1368
9.80301499367	-1368
9.80317401886	-1420
9.80317616463	-1420
9.80317807198	-1264
9.80367612839	-1420
9.80367922783	-1316
9.80377912521	-1368
9.80404114723	543
9.80949115753	-1420
9.809497118	-1420
9.80954003334	-1264
9.81018304825	-702
9.82482600212	-1420
9.82483720779	-1316
9.82501006126	-1368
9.83194208145	-1420
9.83198809624	-1316
9.83267521858	-1420
9.83278608322	-1420
9.83278918266	-1420
9.83284020424	-1212
9.83284306526	-1420
9.83287811279	-1316
9.83295917511	-1420
9.83298802376	-1316
9.83305811882	-1368
9.83314800262	-1368
9.83339905739	-1420
9.83342909813	-1420
9.83343100548	-1264
9.84106421471	1057
9.84855699539	-1420
9.84856319427	-1420
9.84859704971	-1264
9.86763119698	-1420
9.86770415306	-1316
9.86770915985	-1368
9.86856722832	-1420
9.86857414246	-1316
9.86861801147	-1368
9.86869716644	543
9.86933922768	-1420
9.86934399605	-1420
9.86938905716	-1264
9.86954402924	-1420
9.86959719658	-1316
9.8696000576	-1368
9.87174415588	-1420
9.87175822258	-1316
9.87180900574	-1368
9.87239217758	543
9.87266206741	-1420
9.8726670742	-1420
9.87271118164	-1264
9.87335205078	-1368
9.88920402527	-1420
9.88921403885	-1316
9.90017414093	543
9.90531206131	543
9.90541315079	-1368
9.90617418289	-1420
9.90621900558	-1316
9.90622210503	-1368
9.90631818771	1057
9.90658807755	-1420
9.90660214424	-1316
9.90664410591	-1368
9.90766501427	-1420
9.90774917603	-1316
9.90775203705	-1368
9.90830516815	-1420
9.90831112862	-1316
9.90866708755	-1420
9.90867400169	-1420
9.90871906281	-1264
9.91367721558	1057
9.92288422585	-1420
9.92289710045	-1420
9.92296099663	-1264
9.94183015823	-1233
9.94376802444	-1368
9.94440603256	-1420
9.94445419312	-1316
9.94453120232	543
9.94475722313	-1420
9.94476103783	-1420
9.94479107857	-1264
9.94546818733	-1420
9.94551110268	-1316
9.94608902931	-1368
9.94697999954	-1420
9.94698405266	-1316
9.94756007195	-1368
9.94803619385	-1420
9.94807004929	-1316
9.94833612442	-1368
9.94879508018	-1420
9.9487991333	-1316
9.9488401413	-1368
9.97137522697	-1420
9.97144317627	-1316
9.97212219238	-1420
9.97215509415	-1420
9.97215819359	-1264
9.97226119041	1057
9.97238516808	-1420
9.9723880291	-1420
9.97242712975	-1264
9.97323012352	-1368
9.97365808487	-1420
9.97366213799	-1420
9.97370314598	-1264
9.97407317162	-1420
9.97411608696	-1420
9.9741191864	-1264
9.97457504272	-1420
9.97457909584	-1316
9.97513818741	-1368
9.9751431942	-1420
9.97517418861	-1420
9.97517609596	-1264
9.9756090641	-1420
9.97561407089	-1316
9.97572803497	543
9.97580313683	-1368
9.97589206696	-1420
9.97594308853	-1316
9.97594618797	-1368
9.97671103477	-1420
9.97671604156	-1420
9.97675609589	-1264
9.97755718231	-1420
9.97758102417	-1420
9.97758316994	-1264
9.97880005836	-1368
9.98424506187	-1420
9.98430109024	-1316
9.98434019089	-1420
9.98436903954	-1420
9.98437213898	-1264
9.98477602005	-1420
9.98478102684	-1316
9.98555707932	-1420
9.98556208611	-1316
9.98564910889	1057
9.98593115807	-1420
9.98593521118	-1420
9.98597407341	-1264
9.98658919334	-1420
9.98663115501	-1316
9.98730921745	-1420
9.98736906052	-1316
9.98737120628	-1368
9.98802113533	-1368
9.98891115189	-1420
9.98893809319	-1316
9.98992013931	-1368
9.99096703529	-1420
9.99097299576	-1316
9.99188303947	-1368
10.0182631016	-1420
10.0183591843	-1316
10.0195951462	-1420
10.0196681023	-1316
10.0198421478	543
10.0212020874	-1420
10.0212171078	-1420
10.021281004	-1264
10.0239801407	-1420
10.0240430832	-1316
10.0240499973	-1368
10.0276801586	-1420
10.0276961327	-1316
10.0291931629	-1420
10.0292060375	-1420
10.0292651653	-1264
10.0309841633	-1420
10.031058073	-1316
10.0325300694	-1368
10.0342071056	-1420
10.0342230797	-1420
10.034288168	-1264
10.0374011993	-1420
10.037512064	-1420
10.0375201702	-1264
10.0377790928	1057
10.0586521626	-1420
10.0586681366	-1420
10.0587332249	-1264
10.0587391853	-702
10.0647900105	-1420
10.0648031235	-1316
10.0685381889	-1368
10.071491003	-1420
10.0715641975	-1316
10.0743951797	-1368
10.0772020817	-1420
10.0772180557	-1316
10.0797781944	-1368
10.0847392082	-1420
10.0848112106	-1420
10.0848181248	-1264
10.0902161598	-1420
10.0902302265	-1420
10.0902891159	-1264
10.090514183	543
10.0928940773	-1420
10.0929100513	-1316
10.0951812267	-1368
10.0974431038	-1420
10.0975151062	-1316
10.0993971825	-1368
10.1028900146	-1420
10.1029062271	-1420
10.1029970646	-1264
10.1050431728	-1420
10.1051130295	-1420
10.1051211357	-1264
10.1088371277	-1420
10.1088511944	-1420
10.1089730263	-1264
10.1120321751	-1368
10.1132631302	-1368
10.1132791042	-1368
10.1135070324	1057
10.1143000126	-1420
10.1143112183	-1420
10.1143651009	-1264
10.1154351234	-1420
10.1154901981	-1316
10.1154961586	-1368
10.1221060753	-1420
10.1221220493	-1316
10.1586880684	-1368
10.1591320038	543
10.1593980789	543
10.1722800732	-1368
10.1722931862	-1368
10.172494173	543
10.1732580662	-1420
10.173263073	-1420
10.1733081341	-1264
10.1756820679	-853
10.1789221764	1057
10.1814630032	-1420
10.181469202	-1316
10.1992781162	-1420
10.1992909908	-1316
10.2925541401	-240
10.2927100658	543
10.2931010723	543
10.366147995	-1420
10.366174221	-1316
10.3855061531	-1368
10.4094951153	-580
10.4123911858	543
10.4131581783	543
10.4206001759	-1420
10.42060709	-1420
10.4206550121	-1264
10.4783210754	-1420
10.4783341885	-1420
10.4783902168	-1264
10.4803411961	543
10.5264120102	-132
10.528275013	543
10.5285232067	543
10.5292870998	543
10.6434340477	-1057
10.6508800983	-1420
10.6509480476	-1316
10.7072851658	-1368
10.7210371494	-1420
10.7210640907	-1420
10.721116066	-1264
10.7211191654	-1420
10.7211410999	-1420
10.7211441994	-1264
10.7213721275	543
10.724309206	-1420
10.7243151665	-1420
10.7243402004	-1264
10.7274341583	-1420
10.7274811268	-1420
10.7274951935	-1264
10.727533102	-1420
10.7275362015	-1316
10.7277421951	-1420
10.7277460098	-1316
10.7278430462	-1420
10.727845192	-1316
10.7280080318	-1420
10.7280111313	-1316
10.7280910015	543
10.7281701565	-1368
10.7281761169	-1420
10.7282061577	-1316
10.7283480167	-1420
10.7283990383	-1316
10.7284021378	-1368
10.7284421921	-1368
10.7314591408	-1368
10.7415921688	-1420
10.7416021824	-1316
10.7575330734	-1420
10.7575461864	-1316
10.7576742172	-1368
10.7602250576	-1248
10.7726371288	-1368
10.8076701164	543
10.8771982193	-775
10.8774271011	543
10.8936390877	1460
10.8937220573	111
11.1187450886	-1420
11.1187641621	-1420
11.118830204	-787
11.1189889908	543
11.2070851326	-1420
11.2071042061	-1420
11.2071750164	-1264
11.2355830669	-1123
11.2388210297	543
11.2400660515	543
11.3851342201	1460
11.3852300644	625
11.4003880024	-543
11.5173540115	-543
11.5384390354	-1420
11.5384881496	-1316
11.5584051609	-1420
11.5584762096	-1420
11.5585050583	-1264
11.5586481094	543
11.5724470615	-1420
11.5724680424	-1420
11.5725021362	-1264
11.5780940056	-1368
11.6553001404	-198
11.6997849941	543
11.701788187	543
11.9090850353	-1420
11.9091620445	-1420
11.9092030525	-787
11.9444570541	-1420
11.9445300102	-1316
11.9761610031	-1420
11.9762279987	-1420
11.9762670994	-1264
11.977599144	-1420
11.9776391983	-1316
11.9780540466	-1368
11.9786891937	-1420
11.9787352085	-1420
11.9787740707	-1264
11.9803841114	-1420
11.9804360867	-1420
11.980476141	-1264
11.9805641174	543
11.9949860573	-1420
11.9950070381	-1420
11.9950480461	-1264
12.0111720562	-1420
12.0112490654	-1316
12.0113270283	-1420
12.011370182	-1420
12.0113730431	-1264
12.0118610859	-1420
12.0118660927	-1316
12.0122461319	-1420
12.0122511387	-1316
12.0123131275	-1368
12.0126471519	-1420
12.0126740932	-1420
12.0126760006	-1264
12.013335228	-1420
12.0133390427	-1420
12.0133810043	-1264
12.0134751797	1057
12.0148072243	-1368
12.0257270336	-784
12.0608291626	-1420
12.060847044	-1316
12.0642161369	-1420
12.0642220974	-1420
12.0642671585	-1264
12.0682461262	-1420
12.0683012009	-1420
12.0683040619	-1264
12.0726480484	-1420
12.0726540089	-1420
12.0726981163	-1264
12.0760750771	-1368
12.0781130791	-1420
12.0781180859	-1316
12.0800480843	-1420
12.080053091	-1420
12.080094099	-1264
12.0801730156	543
12.0827322006	-1420
12.0827360153	-1420
12.0827682018	-1264
12.0852770805	-1420
12.0853221416	-1316
12.142742157	-636
12.2342572212	1460
12.2343389988	111
12.2542881966	1460
12.254376173	111
12.3848490715	1057
12.4482791424	-1057
12.4488940239	543
12.4492800236	543
12.6023931503	-1420
12.602419138	-151
12.6141052246	1057
12.740555048	-1420
12.7405731678	-1420
12.7406320572	-787
12.7406351566	-1420
12.7406871319	-1316
12.7407910824	-1368
12.760529995	-1420
12.7605471611	-1420
12.7605881691	-1264
12.7607970238	543
12.7755360603	-1420
12.7755510807	-1316
12.7756140232	-1368
12.7761940956	-1420
12.7762670517	-1420
12.7763152122	-1264
12.7764511108	-1420
12.776458025	-1316
12.7765061855	-1368
12.7957370281	-1420
12.7958090305	-1316
12.7958161831	-1368
12.8574671745	-939
12.8577160835	543
13.2229990959	-1420
13.2230269909	-1420
13.2231750488	-787
13.3397011757	-543
13.3465650082	543
