0	543
0.280168056488	-543
0.280369997025	543
0.569706916809	-1420
0.569723844528	-1420
0.569789886475	-439
0.651504039764	-1368
0.722117900848	-95
0.724057912827	543
0.724272966385	543
1.00307393074	-543
1.29282093048	-543
1.29299688339	-1420
1.29305505753	-1316
1.29357194901	-1368
1.29368686676	543
1.30146884918	-1420
1.30148291588	-1316
1.32898306847	-1420
1.32899904251	-1420
1.32905507088	-1264
1.34370684624	543
1.37652993202	-1368
1.44567298889	-1420
1.44574403763	-1420
1.44578289986	-1264
1.44582104683	-1420
1.44585585594	-1420
1.44590806961	-1264
1.44594502449	-1420
1.4459810257	-1316
1.4461979866	543
1.44959497452	543
1.45408296585	-1420
1.45409703255	-1420
1.45416092873	-1264
1.45416402817	-1368
1.45966291428	543
1.48155593872	-1420
1.4815928936	-1316
1.48165798187	-1420
1.4816608429	-1316
1.4816968441	-1420
1.48169898987	-1316
1.59818792343	-1420
1.59820795059	-1420
1.59826493263	-1420
1.59826803207	-1212
1.59830284119	-1420
1.59830594063	-1420
1.59834194183	-282
1.75064396858	-543
1.75089597702	543
1.94214200974	-543
1.94234204292	543
2.08125305176	-1420
2.08127188683	-1420
2.08133506775	-1264
2.08151102066	543
2.10715794563	-95
2.25997686386	-1086
2.26196289062	543
2.2625849247	543
2.30401206017	-1420
2.30403089523	-1316
2.38821291924	-1368
2.38836503029	543
2.39038395882	543
2.39300084114	543
2.41475105286	-1152
2.47019195557	-1368
2.56743884087	-746
2.56945300102	543
2.57128596306	543
2.72029304504	-1086
2.77841687202	543
2.77851390839	543
2.91248106956	-1086
2.91794800758	543
3.10447692871	-1086
3.1046860218	543
3.33673787117	-1086
3.52954506874	-1086
3.53062200546	1460
3.53068804741	1460
3.53072595596	1161
3.53080797195	603
4.00987505913	-543
4.00993704796	-1420
4.0099799633	-1316
4.01071095467	-1420
4.01076388359	-1316
4.01114392281	-1420
4.01121401787	-1316
4.04572701454	-1368
4.0459959507	-1420
4.04600095749	-1316
4.04635691643	-1420
4.04636192322	-1316
4.04640007019	-1368
4.04685306549	-1420
4.046875	-1420
4.04687786102	-1264
4.04693603516	-1368
4.04704403877	543
4.04720687866	-1368
4.04742598534	-1420
4.04747104645	-1316
4.09367799759	-1368
4.09393906593	-1368
4.16330504417	-1420
4.16337990761	-1420
4.16342902184	-1264
4.16347193718	-1420
4.16347503662	-1420
4.16351699829	-1264
4.16438698769	-1420
4.16439199448	-1420
4.16443395615	-1420
4.16443586349	-1212
4.16465401649	-1420
4.16465902328	-1420
4.16468095779	-1420
4.16468286514	-1212
4.16478085518	543
4.19857907295	-1420
4.19859886169	-1420
4.19866085052	-1264
4.19866394997	-1420
4.19870090485	-1420
4.19870305061	-1264
4.1988799572	543
4.19901490211	-1420
4.19901895523	-1316
4.19908690453	-1420
4.1990878582	-1316
4.1995010376	-1368
4.19959402084	-1420
4.19965100288	-1420
4.199655056	-1264
4.19969296455	-1420
4.1996948719	-1420
4.19976592064	-1264
4.19976806641	-1420
4.19980406761	-1420
4.19980597496	-1264
4.1999540329	-1420
4.19995594025	-1420
4.19999599457	-1264
4.20010995865	-1420
4.20015001297	-1420
4.20015287399	-1264
4.20030999184	543
4.20085501671	543
4.20126104355	543
4.20209693909	1460
4.20215797424	169
4.24674606323	-1420
4.24676203728	-1420
4.24682497978	-1420
4.24682784081	-1212
4.31668996811	-1420
4.31670689583	-1420
4.31677103043	-1420
4.31677389145	-1212
4.31683301926	-1420
4.31683588028	-1420
4.31687903404	-1264
4.31688189507	-1368
4.3169260025	-1368
4.31692790985	-1420
4.31697106361	-1316
4.31717300415	543
4.31727290154	-1368
4.31734085083	543
4.31820607185	-1420
4.31820988655	-1316
4.31824994087	-1420
4.31825184822	-1316
4.31828689575	-1368
4.31841897964	-1420
4.31844186783	-1316
4.31849503517	-1420
4.31853795052	-1420
4.31854104996	-1264
4.31861186028	-1420
4.31861495972	-1420
4.3186378479	-1264
4.31863999367	-1420
4.31865596771	-1316
4.31880187988	-1368
4.35099506378	-1420
4.35101294518	-1420
4.35105800629	-1420
4.35105991364	-1212
4.35107803345	-1368
4.35112404823	-1420
4.3511428833	-1316
4.35114502907	-1420
4.3511660099	-1420
4.35116791725	-1264
4.35132002831	543
4.35138893127	-1420
4.35139083862	-1316
4.35182499886	-1420
4.35183787346	-1316
4.35191202164	-1420
4.35191488266	-1316
4.35203003883	-1420
4.35203385353	-1316
4.35214495659	543
4.3522028923	-1420
4.35220503807	-1316
4.35233092308	-1420
4.3523349762	-1316
4.35237383842	543
4.35247707367	-1420
4.35248088837	-1420
4.3525390625	-1264
4.3525428772	-1368
4.35260605812	-1420
4.35260891914	-1316
4.35270786285	-1420
4.35271000862	-1316
4.35283589363	-1420
4.35283899307	-1316
4.35287499428	-1368
4.35293602943	-1368
4.35327792168	-1420
4.35328197479	-1316
4.35341501236	-1420
4.35342788696	-1420
4.35346698761	-1264
4.35346984863	-1368
4.353525877	-1420
4.35352802277	-1420
4.35356903076	-1264
4.35357189178	-1368
4.3536438942	-1420
4.35364699364	-1316
4.3537569046	-1420
4.35376000404	-1420
4.35378098488	-1264
4.35387396812	-1420
4.35387706757	-1420
4.35387802124	-1264
4.35431289673	543
4.39934802055	-1420
4.39935994148	-1420
4.39944005013	-1420
4.39944386482	-1212
4.39949798584	-1420
4.39950084686	-1420
4.3995449543	-1420
4.39954805374	-1212
4.39974284172	543
4.39992403984	543
4.46927285194	-1420
4.46929001808	-1420
4.46935486794	-1264
4.46935796738	-1420
4.46939706802	-1316
4.46939897537	-1420
4.4694609642	-1420
4.46946406364	-1264
4.46950888634	-1420
4.46951198578	-1316
4.46955704689	-1420
4.46974492073	-1420
4.46979284286	-1420
4.46979498863	-1212
4.46983098984	-1420
4.46984195709	-1316
4.46988797188	-1420
4.46989107132	-1420
4.46993684769	-1264
4.46993994713	-1420
4.46998596191	-1420
4.46998786926	-1264
4.47016596794	-1420
4.47016787529	-1316
4.47043204308	543
4.47082495689	-1420
4.47086501122	-1420
4.47090792656	-1420
4.47091007233	-1212
4.47094488144	-1368
4.47094702721	-1420
4.47100090981	-1316
4.47100305557	-1368
4.47123098373	-1420
4.47123384476	-1420
4.47127485275	-1264
4.47135806084	543
4.47147989273	-1420
4.47148299217	-1316
4.47164988518	-1420
4.47165393829	-1420
4.47169399261	-1264
4.47169685364	-1420
4.47177100182	-1316
4.47177290916	-1368
4.47180986404	-1420
4.47181296349	-1420
4.47184705734	-1420
4.47184896469	-1212
4.47192788124	-1420
4.47193098068	-1420
4.47196698189	-1420
4.47196888924	-1420
4.47200584412	-1160
4.47200798988	-1420
4.47201800346	-506
4.47247290611	543
4.47280097008	543
4.50445389748	-1420
4.50447201729	-1420
4.50451898575	-1420
4.5045208931	-1212
4.50453805923	-1420
4.50453996658	-1420
4.50455594063	-1264
4.50469994545	-1420
4.50474095345	-1316
4.50474286079	-1420
4.50478887558	-1420
4.50479102135	-1264
4.50485491753	-1368
4.50485706329	-1420
4.50490784645	-1316
4.50490999222	-1368
4.50505304337	-1420
4.50505685806	-1420
4.50510597229	-1264
4.50510787964	-1420
4.50514292717	-1316
4.5053858757	-1420
4.50542593002	-1420
4.50542902946	-1420
4.50547289848	-1212
4.50554895401	543
4.50559401512	-1368
4.50572991371	543
4.50610399246	-1420
4.50610804558	-1420
4.50616693497	-1264
4.50622200966	-1420
4.50626587868	-1420
4.50626802444	-1264
4.51318883896	-1420
4.51320791245	-1316
4.5159008503	-1420
4.51590895653	-1316
4.51599001884	-1368
4.51622104645	-1368
4.51661300659	-1420
4.51661705971	-1316
4.51677894592	543
4.51689195633	543
4.51703596115	543
4.54604196548	-1420
4.54605793953	-1316
4.58091592789	-1368
4.62494397163	-1330
4.62532091141	543
4.63779807091	-1420
4.63780784607	-1420
4.63785791397	-1264
4.63860988617	-1420
4.63865590096	-1420
4.6386590004	-1264
4.63893389702	-1420
4.63893795013	-1420
4.6390068531	-1264
4.63911700249	-1420
4.63917398453	-1316
4.63934087753	-1368
4.63973402977	-1420
4.63973784447	-1316
4.63993406296	543
4.64004898071	-1368
4.64020895958	543
4.64030098915	-1420
4.64030504227	-1316
4.64084601402	-1368
4.64213585854	-1420
4.6421880722	-1316
4.64224600792	-1368
4.64266300201	-1368
4.64273786545	-1420
4.64276194572	-1316
4.64379191399	-1368
4.64394307137	-1420
4.64394593239	-1316
4.64471101761	543
4.64522600174	-1420
4.64523100853	-1316
4.64525485039	-1368
4.64638590813	-1420
4.64641284943	-1316
4.64648294449	-1420
4.64652490616	-1316
4.64652705193	-1368
4.64661598206	-1368
4.68420696259	-1420
4.68421983719	-1316
4.68635702133	-1420
4.68636083603	-1420
4.68640089035	-1264
4.68754887581	-1420
4.68758797646	-1316
4.68787288666	543
4.68791389465	-1420
4.68791699409	-1316
4.68791794777	-1368
4.68802404404	543
4.68828392029	-1420
4.68828892708	-1316
4.68877506256	-1368
4.68902206421	-1420
4.68904495239	-1316
4.68940997124	-1368
4.68953585625	543
4.68991088867	-1420
4.68991589546	-1316
4.69019603729	-1368
4.71984291077	-1368
4.72017788887	-1420
4.72018289566	-1420
4.72025084496	-1264
4.72026395798	-1368
4.720443964	543
4.72109985352	-1420
4.72110486031	-1420
4.72114801407	-1264
4.72162389755	-1420
4.72167491913	-1316
4.72169685364	-1368
4.72223496437	-1368
4.7223649025	-1420
4.72241187096	-1420
4.7224149704	-1264
4.75061798096	-1420
4.75063800812	-1420
4.75070095062	-1264
4.7511138916	-1420
4.75118303299	-1316
4.75118589401	-1368
4.75169897079	-1368
4.7517888546	543
4.75274801254	-1368
4.75295686722	-1368
4.75319194794	-1368
4.7534930706	-1420
4.75353693962	-1316
4.75573801994	-1368
4.75586605072	-1368
4.7559030056	-1368
4.75718998909	-1368
4.75731992722	-1420
4.75734496117	-1316
4.7576649189	-1420
4.7576880455	-1316
4.75775384903	543
4.75780797005	-1368
4.77749204636	-1213
4.78154397011	-1420
4.78155684471	-1420
4.78160905838	-1264
4.78166294098	-1368
4.78236794472	-1420
4.78237295151	-1420
4.78244805336	-1264
4.78245902061	-1420
4.78250098228	-1316
4.78284502029	-1368
4.78301596642	-1420
4.78301906586	-1316
4.78312206268	543
4.78404402733	-1368
4.78458189964	-1420
4.7846300602	-1420
4.78463888168	-1264
4.78467798233	-1368
4.78481197357	-1368
4.7854449749	-1420
4.78544902802	-1316
4.78636884689	-1368
4.78721499443	-1420
4.7872428894	-1316
4.78788590431	-1368
4.78811788559	543
4.78848791122	-1420
4.78849291801	-1316
4.78856706619	-1368
4.78888988495	-1420
4.78894686699	-1420
4.7889509201	-1264
4.79014897346	-1420
4.79016494751	-1420
4.79023599625	-1264
4.79101395607	-1420
4.79107999802	-1420
4.79108285904	-1264
4.79276394844	-1420
4.79277801514	-1420
4.79282999039	-1264
4.79295492172	543
4.79327201843	-1420
4.79327607155	-1420
4.79331684113	-1264
4.79370093346	-1420
4.7937438488	-1316
4.7938079834	543
4.79415106773	-1420
4.79415583611	-1316
4.79427599907	-1368
4.79518604279	-1420
4.79522800446	-1316
4.79560804367	-1420
4.79563093185	-1316
4.7963039875	-1420
4.79632687569	-1316
4.79641389847	-1368
4.79723286629	-1420
4.7972369194	-1420
4.79727697372	-1264
4.79797291756	-1420
4.79799699783	-1316
4.79811406136	-1368
4.79850792885	-1368
4.81711602211	-1420
4.81718206406	-1420
4.81718587875	-1264
4.81724286079	-1420
4.81724500656	-1316
4.81743001938	543
4.81753706932	-1368
4.81786704063	-1420
4.8179090023	-1316
4.81820607185	-1368
4.81881189346	-1420
4.81881690025	-1316
4.81946587563	-1368
4.81954598427	543
4.82031989098	-1420
4.82032489777	-1316
4.82039499283	-1368
4.82070589066	-1420
4.82073998451	-1316
4.82099103928	-1420
4.82103300095	-1316
4.82115006447	-1368
4.82125687599	-1368
4.82130694389	543
4.8214468956	-1368
4.82173490524	-1420
4.82177901268	-1316
4.82185387611	-1368
4.82196307182	-1420
4.82196593285	-1316
4.82224583626	-1420
4.8222489357	-1420
4.82228803635	-1264
4.82253503799	-1420
4.82257795334	-1420
4.82258105278	-1264
4.82321596146	-1420
4.82322096825	-1316
4.8233320713	-1368
4.89810585976	-1420
4.89812588692	-1316
4.93404793739	-607
4.93427085876	543
4.94006085396	-1420
4.94006705284	-1316
4.96285796165	-1368
4.96287298203	-1368
4.96297001839	-1420
4.96297287941	-1316
4.96324300766	-1368
4.96335196495	-1420
4.96342802048	-1316
4.9634308815	-1420
4.96347594261	-1316
4.96347784996	-1368
4.96382689476	543
4.96440005302	-1420
4.96440601349	-1420
4.96444797516	-1264
4.96516489983	-1368
4.96532893181	-1368
4.96631598473	-1420
4.96637392044	-1316
4.96637701988	-1420
4.96641397476	-1316
4.96683192253	543
4.96687293053	-1368
4.97428202629	-1368
4.97433996201	-1420
4.97434401512	-1316
4.97505497932	543
4.97679901123	543
4.97718286514	543
4.9807138443	-1420
4.98072886467	-1420
4.98078298569	-1264
4.9809179306	543
4.98095798492	-1420
4.98095989227	-1316
4.98122000694	543
4.98236203194	-1368
4.98268389702	-1420
4.98271584511	-1420
4.98271894455	-1264
4.98298501968	-1420
4.98298788071	-1420
4.98302507401	-1264
4.98351883888	-1420
4.98359298706	-1316
4.98359489441	-1368
4.9858109951	543
4.98975586891	-1368
4.98985004425	-1420
4.98989486694	-1316
4.99000906944	-1368
4.99020695686	-1420
4.9902100563	-1316
4.99029588699	-1368
4.99055290222	543
5.00303506851	543
5.00328993797	543
5.00377607346	543
5.01551485062	-1368
5.06378483772	-1420
5.06382703781	-1316
5.06389188766	-1420
5.06389498711	-1316
5.06408786774	543
5.06458687782	-1420
5.06459188461	-1420
5.06463289261	-1264
5.06536602974	-1420
5.06539702415	-1316
5.06561183929	-1368
5.06572699547	-1368
5.0670568943	543
5.06710505486	-1420
5.06711006165	-1420
5.06711101532	-1264
5.06720685959	-1420
5.06724596024	-1316
5.067497015	-1420
5.06754088402	-1420
5.06754398346	-1264
5.0679769516	-1420
5.06798100471	-1420
5.06802201271	-1264
5.06851387024	-1368
5.06868290901	-1420
5.06868696213	-1420
5.06872606277	-1264
5.06887388229	-1420
5.06889796257	-1316
5.06901288033	-1368
5.06976294518	-1420
5.06976890564	-1420
5.0697889328	-1264
5.07071900368	-1420
5.07075691223	-1420
5.07076001167	-1264
5.07213997841	543
5.08649301529	-791
5.09022188187	-1420
5.09028697014	-1420
5.09029006958	-1420
5.09033799171	-1212
5.09034085274	-1420
5.09042596817	-1316
5.09042906761	-1368
5.09054398537	-1420
5.09054684639	-1420
5.09058594704	-1264
5.09077692032	543
5.09086799622	-1420
5.09088087082	-1316
5.0923500061	-1420
5.09235501289	-1316
5.09318494797	-1368
5.0934278965	-1420
5.09347105026	-1316
5.12475800514	-1368
5.12483501434	-1420
5.12484002113	-1316
5.12489390373	-1420
5.12489700317	-1316
5.12494087219	-1368
5.12549901009	-1368
5.12604689598	-1368
5.12631487846	-1420
5.12633800507	-1316
5.12670302391	-1420
5.12674403191	-1420
5.12674593925	-1264
5.12701702118	-1420
5.1270198822	-1316
5.12709093094	-1368
5.12801504135	-1420
5.12805986404	-1420
5.12806296349	-1264
5.12833499908	-1420
5.12834000587	-1420
5.1284160614	-1264
5.12841892242	-1420
5.1284570694	-1420
5.12845897675	-1264
5.12870407104	543
5.12893795967	-1420
5.12894201279	-1316
5.12909293175	-1368
5.12917304039	-1368
5.12928891182	-1420
5.12929296494	-1316
5.12990999222	-1420
5.12991595268	-1316
5.12996602058	-1368
5.13034892082	-1420
5.13039398193	-1316
5.13057994843	-1368
5.13145685196	-1420
5.13147187233	-1316
5.13149690628	-1368
5.14364504814	-1368
5.14371395111	-1420
5.1437189579	-1420
5.14375686646	-1264
5.14598798752	-1368
5.14620804787	-1420
5.14621186256	-1316
5.14643502235	-1420
5.14643883705	-1316
5.14648795128	-1368
5.14880800247	-1420
5.1488609314	-1420
5.14886498451	-1264
5.15041399002	-1420
5.15042495728	-1420
5.1504740715	-1264
5.15047693253	-1420
5.15051293373	-1316
5.16493988037	-1368
5.16520905495	-1420
5.16521406174	-1316
5.23728990555	-1420
5.23730707169	-1316
5.2393848896	-1368
5.23951601982	543
5.23957300186	-1420
5.23957586288	-1316
5.24120903015	-1420
5.24121403694	-1316
5.24165487289	-1420
5.24165892601	-1420
5.24169898033	-1264
5.24273896217	-148
5.2433989048	-1420
5.24344491959	-1420
5.24344706535	-1264
5.24379396439	-1420
5.24379897118	-1420
5.2438390255	-1264
5.25843000412	-1420
5.25850701332	-1420
5.25851106644	-1264
5.25863385201	-1420
5.25864195824	-1316
5.25887584686	-1420
5.25887989998	-1420
5.25892901421	-1264
5.2591650486	-1420
5.25919795036	-1316
5.25926494598	-1368
5.26030802727	-1420
5.26031303406	-1420
5.26035189629	-1264
5.2615249157	-1368
5.2620909214	-1420
5.26209497452	-1420
5.26213288307	-1264
5.26354384422	-1420
5.26360297203	-1420
5.26360487938	-1264
5.26471185684	-1420
5.26471686363	-1420
5.26474785805	-1264
5.26569890976	-1420
5.26576590538	-1316
5.26576900482	-1368
5.26591801643	543
5.267567873	-1368
5.26783204079	-1420
5.26789498329	-1420
5.26789784431	-1264
5.26795601845	-1420
5.2679579258	-1316
5.26872801781	-1420
5.26873207092	-1420
5.26879096031	-1264
5.26936197281	-1420
5.26940584183	-1420
5.26940798759	-1264
5.26996088028	-1368
5.27037405968	-1420
5.27041697502	-1316
5.27101302147	-1368
5.27171492577	-1368
5.27228999138	-1420
5.27233505249	-1316
5.27269697189	-1420
5.27272200584	-1316
5.27293300629	-1420
5.27297496796	-1316
5.27443003654	-1420
5.27447199821	-1420
5.27447485924	-1264
5.27509093285	-1368
5.27596902847	-1420
5.27601194382	-1420
5.27601504326	-1264
5.27611494064	543
5.27763986588	-1420
5.27764487267	-1420
5.2777030468	-1264
5.27775883675	-1420
5.27778100967	-1420
5.2777838707	-1264
5.27790784836	543
5.29269194603	-1420
5.29272484779	-1420
5.292760849	-1420
5.29276299477	-1212
5.29278993607	-1368
5.29279184341	-1368
5.29280805588	-1420
5.2928109169	-1316
5.29458284378	-1420
5.29458999634	-1420
5.29464888573	-1264
5.2947499752	-1420
5.29478001595	-1316
5.29495501518	-1368
5.29578995705	543
5.29698300362	-1420
5.29698896408	-1420
5.29701185226	-1264
5.29726195335	-1420
5.29728484154	-1316
5.29779696465	-1368
5.29804086685	-1420
5.29804491997	-1316
5.29834794998	-1368
5.29997205734	-1420
5.30002093315	-1420
5.30002498627	-1264
5.30120801926	-1420
5.30121684074	-1420
5.30126285553	-1264
5.30285191536	-1420
5.30290603638	-1420
5.30290794373	-1264
5.30339598656	-1420
5.30340003967	-1316
5.30344986916	-1368
5.30462598801	-1420
5.30466890335	-1316
5.30471992493	-1368
5.30510807037	-1420
5.30511283875	-1316
5.30519390106	-1368
5.30526590347	543
5.30682587624	-1420
5.30683088303	-1420
5.30687189102	-1264
5.30693888664	543
5.3073759079	-1420
5.30737900734	-1316
5.30809903145	-1420
5.30810403824	-1316
5.3296289444	543
5.33107185364	-1368
5.33119988441	-1420
5.33125400543	-1316
5.33195304871	543
5.33245205879	-1368
5.33403897285	-1420
5.33408594131	-1316
5.3348429203	-1420
5.33487892151	-1316
5.33488202095	-1368
5.33833694458	-1368
5.33850884438	-1420
5.33855605125	-1316
5.33885598183	-1368
5.33954691887	-1420
5.33955001831	-1420
5.33957791328	-1264
5.34178090096	-1420
5.3418109417	-1420
5.34182286263	-1264
5.34213805199	-1420
5.34214186668	-1316
5.34533286095	-1420
5.34533691406	-1316
5.34595799446	-1368
5.34965991974	543
5.37854790688	-1368
5.37862992287	-1420
5.37868785858	-1316
5.39279699326	-543
5.39584803581	-685
5.40277194977	543
5.41380405426	-1420
5.41381788254	-1420
5.41388297081	-1264
5.41388487816	-1368
5.41412305832	543
5.41459393501	-1420
5.41459989548	-1316
5.414675951	-1420
5.41467785835	-1420
5.4147310257	-1264
5.41584706306	-1368
5.41624093056	-1420
5.41624593735	-1316
5.41640686989	-1368
5.41660404205	-1420
5.41666197777	-1420
5.41666483879	-1264
5.41688895226	-1420
5.41689395905	-1316
5.42077803612	-1368
5.42097592354	-1368
5.42138886452	-1368
5.42178201675	-1368
5.42188191414	-1420
5.42188501358	-1316
5.42277097702	-1420
5.42277503014	-1316
5.42282485962	-1368
5.42293190956	-1420
5.42296099663	-1316
5.42304491997	-1368
5.42322206497	-1420
5.42322587967	-1316
5.42332005501	-1368
5.42348384857	-1368
5.42378807068	-1420
5.42379188538	-1316
5.42419886589	-1368
5.42435002327	-1420
5.42438983917	-1316
5.42596697807	543
5.43980693817	-1368
5.44020485878	-1420
5.44024991989	-1316
5.44363284111	1057
5.48305392265	-1420
5.48307085037	-1316
5.56634783745	-447
5.65497899055	-1420
5.6549949646	-1316
5.65608501434	-1368
5.65630984306	-1420
5.65631484985	-1316
5.6566119194	-1368
5.65669584274	-1420
5.65672802925	-1316
5.65691184998	-1420
5.65691685677	-1316
5.65698695183	-1420
5.65699005127	-1316
5.66129994392	-1368
5.66138505936	-1420
5.66141700745	-1316
5.66176199913	-1368
5.66184687614	-1368
5.66251206398	-1368
5.66267204285	-1420
5.66267490387	-1316
5.66276884079	-1368
5.66359186172	-1420
5.66363406181	-1316
5.66369700432	-1420
5.66371893883	-1316
5.66384196281	-1420
5.66388106346	-1316
5.66960096359	543
5.69044184685	-1420
5.69045686722	-1420
5.69051384926	-1264
5.70571303368	-1368
5.70594787598	-1368
5.70605397224	-1368
5.70790696144	-1420
5.70791292191	-1316
5.70915794373	-1368
5.70941400528	-1420
5.7094578743	-1316
5.70990300179	-1420
5.70995998383	-1420
5.70996189117	-1264
5.71000885963	-1368
5.71279287338	-1420
5.71285605431	-1420
5.71285891533	-1264
5.71398687363	-1420
5.71398997307	-1420
5.71401000023	-1264
5.71477484703	543
5.71495985985	543
5.71516799927	543
5.71562695503	-1420
5.71563196182	-1420
5.71569299698	-1264
5.7185280323	-1368
5.71987485886	-1420
5.71988201141	-1316
5.71991896629	-1368
5.7214589119	-1420
5.72151184082	-1420
5.72151494026	-1264
5.72299695015	-1420
5.72300004959	-1420
5.72302985191	-1264
5.72384691238	543
5.72467684746	-1420
5.72468185425	-1420
5.72472691536	-1264
5.72691893578	-1368
5.72698903084	-1420
5.72699189186	-1316
5.73987388611	-1368
5.75854301453	-548
5.77890896797	-1368
5.77908992767	543
5.8535618782	-1420
5.85357999802	-1420
5.85363698006	-1264
5.85462498665	543
5.91102385521	-812
5.9133079052	543
5.91350984573	543
6.27271103859	-543
6.36883687973	-1420
6.36890602112	-1420
6.36895084381	-1420
6.36898803711	-1212
6.36902403831	-1368
6.3692920208	-1420
6.36933588982	-1420
6.36937403679	-1264
6.37026000023	-1420
6.37029504776	-1316
6.37042498589	-1368
6.3704559803	-1368
6.37346696854	-1420
6.37351584435	-1316
6.37357401848	-1420
6.37361693382	-1316
6.37361884117	-1368
6.37413096428	-1420
6.37413406372	-1316
6.37462997437	-1368
6.37470602989	-1368
6.37488985062	543
6.37500095367	-1368
6.37549996376	-1368
6.37572693825	-1420
6.37573194504	-1316
6.37612891197	-1420
6.37613391876	-1316
6.37619805336	-1420
6.37620091438	-1316
6.39637494087	-1368
6.39645791054	-1420
6.3965010643	-1316
6.40271902084	-1420
6.40277600288	-1420
6.402780056	-1264
6.44948101044	-1420
6.44949698448	-1420
6.44955992699	-1264
6.44971895218	1057
6.46427583694	-228
6.65653586388	-1086
6.6569609642	1460
6.65701794624	625
6.7911438942	543
6.9876730442	-543
6.9892809391	-1368
6.98941898346	-1420
6.98942303658	-1316
6.99013900757	-1420
6.99014496803	-1420
6.99019789696	-1264
6.99100184441	-1420
6.99105000496	-1420
6.99105286598	-1264
6.99117684364	543
6.99209189415	-1368
6.99220395088	-1420
6.99224901199	-1316
7.02422785759	-1368
7.02456498146	-1420
7.02456998825	-1420
7.02462291718	-1264
7.02462506294	-1420
7.02471089363	-1316
7.07225394249	-1420
7.07230687141	-1316
7.07311701775	-1420
7.07316994667	-1316
7.07358789444	-1420
7.0736310482	-1420
7.07363390923	-1264
7.07446885109	-1368
7.07460999489	543
7.07478094101	-1420
7.07478404045	-1420
7.07483386993	-1264
7.07588887215	-1420
7.075922966	-1316
7.07592606544	-1368
7.0760550499	-1420
7.07605791092	-1316
7.07740592957	-1368
7.07910490036	-1420
7.07912802696	-1420
7.07912993431	-1264
7.07921290398	-1420
7.07921600342	-1316
7.07966589928	-1368
7.07979106903	543
7.08021688461	-1420
7.08022093773	-1316
7.08091402054	-1368
7.08098387718	543
7.08128285408	-1420
7.0812869072	-1316
7.08179402351	-1368
7.08189105988	-1420
7.08193302155	-1316
7.08247685432	-1420
7.08249902725	-1316
7.10164189339	-1420
7.10172104836	-1420
7.10172486305	-1264
7.10693788528	-1420
7.10694503784	-1420
7.10699605942	-1264
7.10699892044	-1368
7.10709190369	-1420
7.10709500313	-1316
7.10774588585	-1420
7.10775089264	-1420
7.10778093338	-1264
7.10786795616	-1420
7.10790991783	-1316
7.10799193382	543
7.10878300667	-1420
7.10878705978	-1420
7.10880804062	-1264
7.10902905464	-1420
7.10906791687	-1316
7.10910487175	-1368
7.11058592796	-1420
7.11060190201	-1316
7.11072206497	-1368
7.11122202873	-1368
7.11130690575	543
7.11140704155	-1368
7.11174893379	-1420
7.11179184914	-1316
7.11214399338	-1420
7.11221194267	-1420
7.11221504211	-1264
7.1122610569	-1368
7.11281204224	-1420
7.11283588409	-1316
7.11294293404	-1420
7.11294484138	-1316
7.11295986176	543
7.11306500435	-1368
7.14185905457	-1368
7.14191794395	-662
7.15139603615	-1420
7.15145587921	-1316
7.15145897865	-1368
7.15279793739	-1420
7.15280294418	-1420
7.15284800529	-1264
7.15314602852	-1420
7.15319085121	-1316
7.1536719799	-1368
7.15409493446	-1420
7.15409898758	-1316
7.15462803841	-1368
7.15547394753	-1368
7.15586900711	-1368
7.15597295761	-1420
7.15601491928	-1316
7.15618896484	543
7.1574640274	-1420
7.15746903419	-1420
7.15751385689	-1264
7.15864086151	-1420
7.15869188309	-1316
7.16019105911	-1420
7.16024184227	-1420
7.16024398804	-1264
7.16171789169	543
7.16427397728	-1420
7.16428089142	-1420
7.16432595253	-1264
7.16630101204	-1420
7.1663479805	-1420
7.16635084152	-1264
7.16827201843	-1420
7.16827607155	-1420
7.16831493378	-1264
7.18703484535	-1368
7.18731093407	543
7.29429507256	-502
7.29560303688	543
7.72405600548	-543
7.72407603264	-1420
7.72412705421	-1316
7.72647690773	-1420
7.72652101517	-1420
7.72652387619	-1264
7.75968194008	-1420
7.75969600677	-1420
7.75974988937	-1264
7.81984996796	-543
7.8397898674	-1368
7.87676095963	-1255
8.03021788597	543
8.05220603943	543
8.19977402687	1460
8.19986701012	111
8.31448698044	-543
8.46753787994	-543
8.46793985367	543
8.64208102226	-543
8.64975786209	543
8.77522587776	-1420
8.7752430439	-1316
8.77544903755	543
8.77686405182	-1368
8.77694296837	543
8.77739906311	-1420
8.77741289139	-1420
8.77745699883	-1420
8.77745890617	-1420
8.77749705315	-1160
8.8039560318	-1052
8.81034398079	-1420
8.81037402153	-1420
8.8104159832	-1264
8.81047391891	-1420
8.81052494049	-1420
8.81052684784	-1264
8.8106200695	-1420
8.81062483788	-1316
8.81088495255	-1420
8.81088685989	-1420
8.81088805199	-1264
8.81090497971	543
8.85680890083	-1368
8.85727500916	-1420
8.85728001595	-1316
8.85779905319	-1368
8.85793304443	543
8.85817599297	-1420
8.85818099976	-1316
8.85856389999	-1420
8.85856795311	-1316
8.8586499691	-1368
8.85881400108	-1368
8.85904288292	-1420
8.85904693604	-1316
8.85913586617	-1420
8.85913896561	-1420
8.85918498039	-1264
8.85921502113	-1368
8.85944485664	-1420
8.85944890976	-1420
8.85948896408	-1264
8.86009407043	-1420
8.86011791229	-1420
8.86012005806	-1264
8.86147093773	-1420
8.86147499084	-1420
8.86151790619	-1264
8.86152005196	-1368
8.86162090302	543
8.86179804802	-1420
8.86180090904	-1316
8.86274290085	-1420
8.86274790764	-1420
8.86277103424	-1264
8.89356994629	-1420
8.89363694191	-1420
8.89364099503	-1420
8.89368891716	-1212
8.89410495758	-1368
8.89421391487	543
8.92794394493	-1420
8.92795991898	-1420
8.92801690102	-1264
8.9369199276	-1420
8.93698191643	-1420
8.93698596954	-1264
8.93719005585	543
8.94163894653	-1420
8.94164705276	-1420
8.94169902802	-1264
8.94462299347	-1420
8.94470500946	-1420
8.94470906258	-1264
8.9455678463	-1420
8.94557285309	-1420
8.9456179142	-1264
8.94682192802	-1368
8.95788002014	-1420
8.95789504051	-1316
8.96279907227	-1420
8.96281194687	-1420
8.96286201477	-1420
8.96286392212	-1212
8.96289205551	-1420
8.96318387985	-1420
8.96321392059	-1420
8.96321606636	-1212
8.96325087547	-1368
8.96325302124	-1368
8.96328496933	-1420
8.96328806877	-1420
8.96330785751	-1264
8.96331000328	-1420
8.96334385872	-1316
8.96342492104	543
8.96349287033	-1368
8.96356487274	-1420
8.96360397339	-1420
8.96360588074	-1264
8.96371603012	-1420
8.96371889114	-1420
8.96375989914	-1264
8.96390390396	543
9.01028394699	-1420
9.01031088829	-1420
9.0103700161	-1264
9.01037287712	-1420
9.01040887833	-1420
9.01041197777	-1264
9.01059699059	543
9.01084184647	-1420
9.01084589958	-1316
9.01089596748	-1420
9.01089787483	-1420
9.01093387604	-1264
9.0109360218	-1368
9.01103305817	-1420
9.01103591919	-1316
9.01106405258	-1368
9.0111989975	-1420
9.01123785973	-1420
9.01124000549	-1264
9.01131796837	-1420
9.01132106781	-1316
9.01147699356	-1420
9.01148104668	-1420
9.01152586937	-1264
9.01156187057	-1420
9.01158905029	-1316
9.01167607307	-1420
9.01170897484	-1316
9.01195788383	-1420
9.01199889183	-1316
9.0120010376	-1368
9.01209306717	-1420
9.01209497452	-1420
9.01214385033	-1264
9.01214694977	-1368
9.01229095459	-1420
9.01229286194	-1420
9.01229691505	-1264
9.01229691505	-1368
9.01270484924	543
9.01275086403	-1420
9.0127530098	-1420
9.01275396347	-1264
9.01281905174	-1420
9.01282095909	-1420
9.01287293434	-1264
9.01304888725	543
9.01320004463	543
9.01399087906	-1420
9.01399588585	-1420
9.01403594017	-1264
9.01410484314	-1420
9.01414299011	-1420
9.01414585114	-1216
9.02061390877	-1420
9.02061986923	-1316
9.02070498466	-1368
9.02155900002	-1420
9.02161502838	-1420
9.0216178894	-1264
9.02280402184	-1420
9.0228099823	-1316
9.0229010582	-1368
9.02415084839	-1420
9.02418899536	-1316
9.02433300018	543
9.02438402176	-1368
9.04636287689	-1420
9.04644083977	-1420
9.04644489288	-1420
9.0464849472	-1212
9.04648685455	-1420
9.04652094841	-1316
9.0468108654	-1420
9.04686284065	-1420
9.04686498642	-1420
9.04690098763	-1212
9.0470290184	543
9.08046984673	-1420
9.08048605919	-1420
9.08054304123	-1264
9.08054590225	-1420
9.08060097694	-1420
9.08060503006	-1264
9.08939290047	-1420
9.0894100666	-1420
9.08946990967	-1264
9.08947205544	-1420
9.08952784538	-1420
9.08952999115	-1264
9.08967995644	543
9.09375500679	543
9.09477186203	-1420
9.0947868824	-1420
9.09484004974	-1420
9.09484291077	-1212
9.09491205215	-1420
9.09491491318	-1316
9.09767103195	-1420
9.09768104553	-1316
9.09771585464	-1420
9.09771895409	-1316
9.09779191017	-1420
9.09779500961	-1316
9.09814596176	-1420
9.09815096855	-1316
9.12944197655	543
9.13896203041	-1420
9.13897705078	-1316
9.16372489929	-1368
9.16387796402	543
9.16396093369	-1420
9.16396594048	-1420
9.16398906708	-1264
9.16476202011	-1420
9.16478490829	-1316
9.16515898705	-1420
9.16520404816	-1316
9.16540503502	-1420
9.16544890404	-1316
9.16552305222	-1368
9.16573500633	-1420
9.16574001312	-1316
9.16583991051	543
9.16596388817	-1368
9.16651988029	-163
9.17539000511	-1420
9.17540287971	-1420
9.17545700073	-1264
9.2449259758	-1368
9.24494385719	-1368
9.24555206299	-1368
9.24563097954	543
9.2466609478	-1420
9.24666690826	-1420
9.24673891068	-1264
9.24674201012	-1420
9.246778965	-1316
9.2468650341	-1368
9.24816298485	-1368
9.24833989143	-1420
9.24836587906	-1316
9.24858188629	-1420
9.24860286713	-1316
9.24866199493	-1368
9.28033304214	-1420
9.28034996986	-1420
9.2804069519	-1264
9.28614187241	-1420
9.28620791435	-1316
9.28621292114	-1368
9.28747105598	-1420
9.28747701645	-1420
9.28751993179	-1264
9.28761506081	543
9.28826498985	-1420
9.28826999664	-1316
9.28832697868	-1368
9.29038691521	-1368
9.29043388367	-1368
9.29044604301	-1368
9.29134607315	-1420
9.29135489464	-1316
9.29140901566	-1368
9.29151701927	543
9.29225707054	-1420
9.29226303101	-1420
9.29230690002	-1264
9.31914305687	-1420
9.31922292709	-1420
9.31922793388	-1264
9.31925487518	-1069
9.31990385056	-1368
9.32030701637	-1420
9.32031202316	-1316
9.32041287422	543
9.32056903839	-1368
9.32102799416	-1420
9.32107305527	-1316
9.32159399986	-1368
9.32171106339	-1368
9.32188200951	-1368
9.32283401489	-1420
9.32283902168	-1316
9.32288098335	-1368
9.32348799706	-1420
9.32353186607	-1420
9.32353496552	-1264
9.32413697243	-1420
9.32414293289	-1316
9.32421398163	-1368
9.32498788834	-1420
9.32501387596	-1316
9.32682490349	-1420
9.3268558979	-1316
9.32693195343	543
9.32719683647	-1420
9.32720303535	-1316
9.32847595215	-1420
9.32848191261	-1420
9.3285279274	-1264
9.33220005035	-1420
9.3322520256	-1420
9.3322558403	-1264
9.33363389969	-1420
9.33363890648	-1420
9.33368492126	-1264
9.33378791809	543
9.33644294739	-1368
9.33655500412	-1420
9.33660006523	-1316
9.33671283722	-1368
9.33759498596	-1420
9.33759999275	-1316
9.33863997459	-1420
9.33865404129	-1420
9.33870196342	-1264
9.33876991272	543
9.33974003792	-1420
9.33974504471	-1316
9.3397769928	-1368
9.34028601646	-1368
9.34044098854	-1420
9.34044504166	-1316
9.3418469429	-1368
9.34261202812	-1420
9.34267401695	-1316
9.34300303459	-1368
9.34326100349	-1420
9.34326601028	-1316
9.34335303307	-1368
9.34348392487	-1420
9.34352588654	-1316
9.34403991699	-1368
9.34606003761	-1420
9.34606599808	-1316
9.34609103203	-1368
9.34620499611	543
9.34684586525	-1420
9.34685087204	-1420
9.3468940258	-1264
9.35624194145	-1420
9.35629892349	-1420
9.35630297661	-1264
9.35658693314	-1420
9.35659098625	-1316
9.35719490051	-1368
9.35755705833	-1420
9.35760688782	-1316
9.35794591904	-1368
9.3586640358	-1420
9.35866689682	-1420
9.35870599747	-1264
9.35892987251	-1368
9.35941886902	-1420
9.35942196846	-1420
9.35946106911	-1264
9.3596830368	-1420
9.35972189903	-1316
9.35991406441	543
9.36001896858	-1368
9.36015796661	543
9.36037707329	-1420
9.36038088799	-1316
9.36104989052	-1368
9.36123394966	-1420
9.36127996445	-1316
9.36284995079	-1420
9.36289596558	-1420
9.36289906502	-1264
9.36670088768	-1420
9.36670684814	-1420
9.36675286293	-1264
9.43429088593	-1420
9.43430900574	-1316
9.4431078434	-1420
9.44312286377	-1316
9.44330787659	543
9.47097492218	-1420
9.47099089622	-1316
9.47270202637	-1071
9.5042848587	-1420
9.50435185432	-1316
9.57614588737	-1368
9.65678286552	-638
9.71177697182	543
10.0334119797	-1420
10.0334808826	-491
10.0335118771	-1368
10.0340709686	-1420
10.0341169834	-1316
10.0342650414	543
10.0343019962	-1368
10.0776460171	-1420
10.0777008533	-1420
10.0777390003	-1420
10.0777819157	-1212
10.0806849003	-1368
10.0846090317	-1420
10.0846719742	-1420
10.0847139359	-1264
10.0881528854	-1420
10.0882048607	-1316
10.0899009705	-1368
10.0900678635	543
10.091326952	-1420
10.0913319588	-1420
10.0913720131	-1264
10.093157053	-1368
10.0936658382	-1420
10.093670845	-1316
10.0997478962	-1420
10.0997538567	-1316
10.100522995	-1420
10.1005270481	-1316
10.1015899181	-1420
10.1015949249	-1316
10.1029520035	-1420
10.1029570103	-1316
10.1030390263	-1420
10.1030409336	-1316
10.1037988663	-1420
10.1038730145	-1316
10.1039068699	-1420
10.1039090157	-1420
10.1039259434	-1264
10.1040170193	543
10.1048588753	-1368
10.1050338745	-1368
10.1056940556	-1368
10.1057538986	543
10.105825901	-1368
10.115131855	-1368
10.1152980328	-1420
10.1153039932	-1316
10.1390750408	-1420
10.1390900612	-1316
10.1862390041	-766
10.3158450127	543
10.380095005	543
10.6873779297	-543
10.6876020432	543
10.8404538631	-543
10.8406438828	543
10.9948439598	-543
11.0781469345	-1420
11.0781979561	-1316
11.1454138756	-1368
11.152741909	543
11.1534209251	543
11.1916260719	-667
11.1950888634	-1368
11.3480079174	-746
11.3548190594	543
11.3555450439	543
11.5015909672	-543
11.7166569233	-543
11.817761898	-1368
11.8865349293	-1368
11.8888030052	-1420
11.8888499737	-1420
11.8889088631	-1264
11.8889460564	-1368
11.8889839649	-1368
11.8890199661	-1368
11.9086830616	-82
11.9290208817	-1420
11.9290969372	-1420
11.9291379452	-1264
11.9315679073	-1420
11.9316220284	-1420
11.9316589832	-1264
11.9326319695	-1368
11.9332108498	-1420
11.9332158566	-1316
11.9335589409	-1420
11.933562994	-1420
11.9336030483	-1264
11.9337508678	543
11.9342808723	-1420
11.9342858791	-1420
11.9343278408	-1264
11.9583859444	-1368
11.9584460258	-1420
11.9584498405	-1316
11.9586770535	543
11.9936840534	-1420
11.9937000275	-1316
12.0614509583	-288
13.2772300243	-543
13.5304319859	1057
13.5372760296	543
13.5777289867	1460
13.5778360367	111
13.891245842	-543
13.9763188362	-1420
13.9763679504	-1316
14.0439889431	-435
14.1243629456	543
14.2430660725	-543
14.243242979	543
14.2782158852	-1420
14.2782330513	-1420
14.2782888412	-1264
14.3223199844	-1368
14.3955900669	-327
14.4287309647	-1420
14.4287798405	-1316
14.4295370579	-1420
14.4295740128	-1316
14.4296438694	-1368
14.4641909599	-1368
14.4645080566	-1420
14.4645729065	-1316
14.5112929344	-1420
14.5113120079	-1420
14.5113899708	-1264
14.5115299225	543
14.5456709862	-1420
14.5456929207	-1316
14.5481660366	-1420
14.5481719971	-1316
14.5815980434	-1420
14.5816130638	-1420
14.5816719532	-1420
14.5816738605	-1212
14.5822329521	-1420
14.5822389126	-1420
14.5823118687	-1264
14.5823149681	-1420
14.5823669434	-1420
14.5823700428	-1264
14.617347002	-1420
14.6173620224	-368
