0	-543
0.0602698326111	543
2.99066185951	543
3.02162599564	543
3.21736502647	-543
3.43932390213	-543
3.45060992241	543
3.47667789459	543
3.59006786346	-543
3.62811088562	-543
3.93870401382	-543
3.94445586205	-1420
3.94450187683	-1316
3.94586491585	-1420
3.94590592384	-1316
3.95014595985	-1420
3.9501979351	-1420
3.95023488998	-1264
3.96029400826	543
3.97214388847	-1368
3.97233700752	-1420
3.97233891487	-1316
3.97703194618	-1420
3.97707700729	-1420
3.97707986832	-1264
3.97748804092	543
4.00893092155	-1368
4.0089609623	-1420
4.00900793076	-1316
4.00929784775	1460
4.00934791565	111
4.0093870163	-1420
4.009526968	-1316
4.00955200195	-1368
4.01031899452	543
4.01049780846	1057
4.01391291618	-1420
4.01391792297	-1420
4.01396894455	-1264
4.01403689384	543
4.05649590492	-1368
4.05658197403	-1420
4.0566239357	-1316
4.05782794952	-1420
4.05788898468	-1316
4.05790090561	-1368
4.06063294411	-1420
4.0606470108	-1420
4.06069993973	-1264
4.07968401909	-1420
4.07973980904	-1420
4.07974481583	-1264
4.07976198196	-1368
4.07976388931	-1420
4.07977890968	-1316
4.08417582512	-1420
4.08422589302	-1420
4.08422899246	-1264
4.09171891212	543
4.10111284256	543
4.11663389206	-1368
4.11686182022	-1420
4.11689782143	-1316
4.11702203751	-1420
4.11706185341	-1420
4.11706399918	-1264
4.1171708107	543
4.12169599533	-1420
4.12171196938	-1420
4.1217648983	-1264
4.12940692902	-1201
4.15119099617	543
4.15146493912	543
4.16057801247	-1420
4.16058492661	-1420
4.16063189507	-1264
4.18667292595	-1368
4.20320391655	-1368
4.20887994766	-1420
4.20892691612	-1420
4.20893096924	-1264
4.23910593987	-1420
4.239112854	-1420
4.23916482925	-1264
4.23983097076	-1420
4.23987102509	-1420
4.23987483978	-1264
4.24196195602	-1420
4.24196696281	-1420
4.24196791649	-1264
4.27563881874	-1368
4.2756550312	-1420
4.27571702003	-1420
4.27571988106	-1264
4.27576398849	-1420
4.27576684952	-1316
4.28037190437	-1420
4.28038787842	-1420
4.28043293953	-1264
4.31681489944	-1368
4.31703090668	543
4.31725597382	-1420
4.31726098061	-1316
4.31869101524	-1420
4.31869602203	-1420
4.31873893738	-1264
4.32206201553	-1420
4.32210183144	-1420
4.32210493088	-1264
4.32228088379	543
4.3360388279	-543
4.35313200951	-1420
4.35314798355	-1420
4.35320401192	-1264
4.35342097282	-1420
4.35346388817	-1420
4.35346698761	-1264
4.35832691193	-1420
4.35834002495	-1420
4.35838985443	-1264
4.39068102837	-1420
4.39074683189	-1420
4.39074993134	-1264
4.39094686508	-1420
4.39094996452	-1420
4.39098095894	-1264
4.39527893066	-1420
4.3953268528	-1420
4.39532995224	-1264
4.40063881874	543
4.43675494194	-1420
4.43677186966	-1420
4.43682599068	-1264
4.43745803833	-1420
4.43750095367	-1420
4.4375038147	-1264
4.4408698082	-1420
4.44087600708	-1420
4.4409198761	-1264
4.47001791	-1420
4.4700729847	-1420
4.47007703781	-1264
4.47093892097	-1420
4.47094392776	-1420
4.47099590302	-1264
4.4736559391	-1420
4.4736828804	-1316
4.47381401062	-1368
4.50072598457	-543
4.5070400238	-1420
4.50704789162	-1420
4.50710082054	-1264
4.50743293762	-1420
4.50747990608	-1420
4.5074839592	-1264
4.51187586784	-1420
4.51188087463	-1420
4.51191782951	-1264
4.51202487946	1057
4.52599787712	-1420
4.52602887154	-1316
4.5261259079	543
4.54658198357	-1420
4.54659199715	-1420
4.54669690132	-1264
4.54670095444	-1420
4.54674887657	-1420
4.54675102234	-1264
4.55128598213	-1420
4.55129098892	-1420
4.55133986473	-1264
4.55144691467	543
4.59187793732	-1420
4.59188580513	-1420
4.59193086624	-1264
4.62673902512	-1420
4.62677788734	-1316
4.62856483459	-920
4.71026086807	-135
4.81410384178	-1420
4.81413602829	-1420
4.81420183182	-1264
4.81420493126	-1420
4.8142478466	-1316
4.81453299522	-1420
4.81453800201	-1316
4.81458902359	-1368
4.85306501389	-1420
4.8530819416	-1420
4.85313796997	-1264
4.85414385796	-1420
4.85418391228	-1420
4.85418701172	-1264
4.85804796219	-1368
4.85822081566	-1420
4.85826182365	-1316
4.85838603973	1057
4.88959693909	-1368
4.89461183548	-1420
4.89466094971	-1316
4.9240398407	-1368
4.92863988876	-1368
4.92882299423	-1368
5.04731893539	-325
5.055727005	1460
5.05581402779	1139
5.05591988564	543
5.05617785454	543
5.05635690689	543
5.23098683357	-543
5.25342798233	-543
5.27166199684	1460
5.27172589302	111
5.27478003502	543
5.28947091103	-1368
5.28982782364	-1420
5.28987288475	-1420
5.28987598419	-1264
5.29578280449	-1368
5.29598903656	-1368
5.33283090591	-1420
5.33284687996	-1316
5.33289790154	-1368
5.33375501633	-1420
5.3338060379	-1420
5.33380889893	-1264
5.33390903473	543
5.3397629261	-1420
5.3397808075	-1420
5.33984804153	-1420
5.33985090256	-1212
5.36083197594	-543
5.36128687859	-1420
5.36131000519	-1316
5.3666498661	-1420
5.36665582657	-1420
5.36673092842	-1264
5.36673402786	-1420
5.36677002907	-1420
5.36677193642	-1264
5.37130284309	-1420
5.37130784988	-1420
5.37135887146	-1264
5.37662100792	-1420
5.37668395042	-1420
5.37672281265	-1264
5.37675595284	-1368
5.40488100052	-1420
5.40493488312	-1420
5.40493893623	-1264
5.40495991707	-1420
5.40496182442	-1316
5.40512490273	543
5.40905284882	-1420
5.40906190872	-1316
5.40911889076	-1368
5.44440984726	-1368
5.44643592834	-1368
5.4467048645	-1368
5.45112085342	-1420
5.45113492012	-1420
5.45117783546	-1420
5.45118093491	-1212
5.45169496536	-1420
5.45169901848	-1420
5.45173883438	-1264
5.48164796829	-1368
5.48197484016	-1420
5.48198986053	-1420
5.48203992844	-1264
5.48204183578	-1420
5.48207902908	-1316
5.48216581345	543
5.48646187782	-1420
5.48646783829	-1316
5.48704886436	-1368
5.48911595345	-1189
5.4893989563	1460
5.48944687843	111
5.52000689507	-1420
5.52002096176	-1420
5.52005600929	-1264
5.52435803413	-1420
5.52438592911	-1316
5.56112504005	-1420
5.5611770153	-1420
5.56118083	-1264
5.60813498497	-1291
5.72438192368	543
5.7803850174	1057
5.80767393112	-543
5.80889987946	-1420
5.80896997452	-1420
5.80897402763	-1264
5.81173300743	-1420
5.8117480278	-1316
5.81298303604	-1420
5.81299686432	-1316
5.81304788589	-1368
5.81315588951	543
5.84431886673	-1420
5.84432983398	-1420
5.84438180923	-1264
5.84447193146	-1420
5.84451889992	-1316
5.84452080727	-1368
5.8487098217	-1420
5.84871697426	-1420
5.84876298904	-1264
5.88550400734	-1420
5.88556003571	-1420
5.8855650425	-1264
5.9258878231	-1287
5.92605781555	543
6.0047929287	543
6.00505185127	543
6.02335500717	543
6.02360582352	1460
6.0236518383	111
6.0436270237	-543
6.14810180664	-1368
6.15336799622	1460
6.153414011	1460
6.15346598625	707
6.23975682259	-543
6.27198290825	-804
6.29648303986	1057
6.31103682518	543
6.32425403595	1057
6.36813092232	-1086
6.38115596771	-1420
6.38120985031	-1316
6.3959069252	-543
6.49623584747	-920
6.51411986351	-1086
6.52332901955	-1420
6.52338290215	-1420
6.52342700958	-1264
6.53061389923	543
6.58324885368	543
6.58349585533	543
6.58496689796	-1368
6.62403702736	-609
6.6241838932	543
6.6255979538	-1368
6.63049197197	-1368
6.64178180695	543
6.69637489319	-1368
6.70184588432	-1368
6.71337103844	543
6.71357798576	543
6.78246903419	1057
6.78735303879	-543
6.7985959053	543
6.80673003197	1057
6.80705690384	543
6.80730700493	1057
6.80753302574	543
6.81915783882	-733
6.84435486794	1057
6.8688378334	1057
6.86938595772	543
6.869617939	543
6.89664196968	-1368
6.925770998	-1368
6.92618989944	-435
6.93072080612	1057
6.95786595345	-543
6.9721570015	-1368
7.01630783081	-543
7.06369400024	543
7.06381702423	543
7.07197999954	-1368
7.0785279274	-1420
7.07857394218	-1316
7.08586001396	-543
7.09052395821	543
7.09077191353	543
7.10164189339	543
7.10206890106	1057
7.1041328907	-1368
7.13817286491	-1368
7.14181900024	1057
7.14329099655	-1420
7.14333581924	-1316
7.16098880768	-1420
7.16101288795	-1316
7.21352100372	-435
7.21458601952	543
7.21725296974	543
7.24115300179	543
7.30454397202	-198
7.32864403725	-1368
7.35160589218	-1420
7.3516728878	-1420
7.35167884827	-1264
7.35308790207	-1368
7.3726580143	543
7.37602591515	-1420
7.37603998184	-1316
7.3760638237	-1368
7.38067793846	543
7.38090085983	-1226
7.38108682632	543
7.38133883476	543
7.38161993027	543
7.41664385796	-1368
7.42214488983	-1086
7.42342996597	543
7.42458200455	543
7.42477083206	543
7.45045399666	543
7.45105195045	543
7.45133900642	543
7.45161104202	543
7.45183396339	543
7.45684885979	-1368
7.47933793068	-1368
7.50860786438	-124
7.54047393799	543
7.54105901718	543
7.54129385948	543
7.54143381119	-543
7.59204983711	-1368
7.60744690895	-1368
7.62946891785	-1368
7.63705301285	-522
7.6373488903	-1368
7.63756299019	-1368
7.64198803902	-1368
7.64276480675	-1368
7.65348291397	-1420
7.65353798866	-1316
7.65990996361	-746
7.6626830101	1057
7.67828202248	-1420
7.67829990387	-1316
7.68139600754	543
7.69394183159	543
7.69584393501	543
7.69605994225	543
7.69648385048	543
7.69670200348	543
7.7129278183	-1368
7.71300387383	-1368
7.71530485153	543
7.72085595131	543
7.72928094864	-1368
7.76506686211	-1350
7.77764081955	-543
7.77881598473	543
7.84264492989	-1368
7.85489583015	1057
7.88701486588	-1368
7.90101885796	-1368
7.91998791695	-1420
7.91999697685	-1316
7.92950892448	-1368
7.9300339222	-1420
7.93008685112	-1316
7.9409840107	-1420
7.94101786613	-1316
7.94138097763	-1420
7.94141793251	-1420
7.94141983986	-1264
7.9490249157	-1420
7.94903302193	-1420
7.94907903671	-1264
7.95027399063	-1420
7.95030999184	-1420
7.95031285286	-1264
7.95041799545	543
7.95120692253	-1271
7.95289683342	1057
7.95314288139	543
7.95497393608	-1420
7.9549779892	-1316
7.95501899719	-1368
7.95526790619	-1420
7.95532393456	-1316
7.955327034	-1420
7.95542693138	-1420
7.95543003082	-1264
7.955493927	-1420
7.95549702644	-1316
7.95626401901	-1368
7.95630383492	-1368
7.95972895622	543
7.9836139679	-1368
8.03799295425	-74
8.05005598068	-1420
8.05010581017	-1316
8.05036997795	543
8.05237293243	543
8.05805397034	-1420
8.0580739975	-1316
8.05822086334	-1420
8.05822396278	-1316
8.07943797112	-1279
8.09706401825	1460
8.11019396782	111
8.11073803902	1057
8.16891002655	-435
8.17026686668	1057
8.1942179203	-1420
8.19424390793	-1316
8.1943359375	-1368
8.21304583549	-1368
8.22545695305	-1326
8.23851680756	1057
8.29256701469	-1368
8.29291296005	-1420
8.29297590256	-1420
8.29298090935	-1264
8.29886102676	-1420
8.29887390137	-1316
8.2989218235	-1368
8.31305384636	-1420
8.31310486794	-1316
8.32564091682	-1368
8.32580590248	-1420
8.3258190155	-1316
8.32596087456	-1368
8.32614398003	543
8.34802985191	1057
8.35204100609	-1420
8.35205292702	-1420
8.35210299492	-1264
8.35892081261	1057
8.36662483215	-1368
8.37026000023	1057
8.38332080841	-1420
8.38334703445	-1420
8.38338494301	-1264
8.39201688766	-1420
8.39205789566	-1316
8.3920609951	-1368
8.39290785789	-984
8.39308595657	543
8.42270088196	-1420
8.42272496223	-1316
8.4507420063	-1368
8.45272397995	543
8.46640491486	-1368
8.47056889534	543
8.47549581528	-1368
8.48045396805	1057
8.52078199387	-617
8.53602480888	1057
8.55216193199	-1420
8.55217790604	-1420
8.55223083496	-1264
8.5792388916	-1368
8.58140897751	543
8.58209586143	543
8.58665990829	-1368
8.59057283401	-1420
8.59062695503	-1420
8.59063100815	-1420
8.59067583084	-1212
8.60444903374	-1368
8.60449981689	-1368
8.61765980721	543
8.63078999519	543
8.63398885727	543
8.67039394379	1460
8.67048192024	111
8.68088793755	-206
8.69263386726	543
8.69301795959	543
8.69353580475	543
8.69374990463	543
8.76277780533	-1368
8.80324602127	-1420
8.80325698853	-1316
8.80330586433	-1368
8.80338096619	-1368
8.80388498306	-1420
8.80389690399	-1420
8.80393481255	-1264
8.80393791199	-1420
8.80398583412	-1316
8.80737996101	-1368
8.80910086632	-720
8.80947303772	-1368
8.80966496468	-1368
8.80967783928	-1368
8.81048297882	-1420
8.81048798561	-1316
8.81062602997	-1420
8.81062984467	-1316
8.81075000763	-1368
8.81139397621	-1368
8.81157684326	-1420
8.81158185005	-1316
8.8118159771	-1420
8.81182003021	-1420
8.81185793877	-1264
8.81205391884	-1368
8.8121638298	-1368
8.81323480606	-1420
8.81327486038	-1316
8.8133149147	-1368
8.81346702576	-1368
8.81371092796	-1368
8.8139629364	-1368
8.814193964	-1368
8.81469082832	-1420
8.81469488144	-1420
8.81473088264	-1264
8.81523394585	-1368
8.81547498703	-543
8.8156619072	543
8.81571602821	-1368
8.81586194038	543
8.81615281105	543
8.81655097008	-1420
8.81655597687	-1316
8.8194258213	-1420
8.81943082809	-1316
8.82025885582	-1420
8.82026290894	-1316
8.82036399841	-1368
8.82418584824	-1368
8.84098887444	-1368
8.84943890572	-1420
8.84948587418	-1420
8.84949088097	-1264
8.85311293602	543
8.88305091858	-1368
8.91066193581	-1420
8.91069889069	-1420
8.91074490547	-1264
8.91074800491	-1368
8.93514585495	-1420
8.93516182899	-1316
8.93522882462	-1368
8.93526101112	-1368
8.93687391281	-144
8.9701769352	-1368
9.00051784515	-1289
9.09806895256	-1289
9.14038681984	1057
9.14159584045	1460
9.14165186882	1460
9.14169692993	1161
9.14178681374	1460
9.14183187485	685
9.15287494659	-543
9.18300795555	1057
9.21670484543	1057
9.21680402756	1057
9.22147488594	1460
9.22157883644	111
9.23188400269	543
9.24048900604	543
9.35763001442	-543
9.37360882759	-1420
9.3736679554	-1420
9.37368893623	-1264
9.37431693077	-1420
9.37436103821	-1316
9.38468599319	-1420
9.38475584984	-1316
9.38482093811	-1368
9.39007592201	-1420
9.39011788368	-1316
9.40389299393	-1420
9.4039618969	-1420
9.40400791168	-1264
9.40481686592	-1368
9.40699195862	-1368
9.40707993507	-1368
9.4095659256	-1368
9.40965795517	-1368
9.41045284271	-1368
9.41177487373	543
9.41294002533	-1420
9.41294598579	-1316
9.41316986084	-1368
9.42116594315	-1420
9.42121601105	-1316
9.42121887207	-1368
9.42747187614	-1368
9.4304869175	543
9.43493390083	543
9.43514895439	543
9.44251990318	543
9.44474196434	543
9.45111703873	-1420
9.45112681389	-1420
9.45118498802	-1264
9.45147800446	543
9.45171284676	-1420
9.45178294182	-1316
9.45178604126	-1368
9.45189380646	543
9.45204901695	-1368
9.45226097107	-1420
9.45230388641	-1316
9.45254087448	-1368
9.45266294479	-1368
9.45273900032	-1420
9.45277786255	-1316
9.45282888412	543
9.4702539444	543
9.47790598869	-543
9.47816586494	543
9.47836494446	543
9.47866892815	1057
9.47927904129	1460
9.47933888435	140
9.4795589447	543
9.48415899277	-1420
9.48416495323	-1420
9.48420786858	-1264
9.50147294998	-758
9.51329898834	-1368
9.51477789879	1460
9.5148639679	1139
9.51511597633	1460
9.51516985893	1139
9.51537084579	543
9.51728582382	543
9.5176320076	-1420
9.5176358223	-1316
9.5177218914	543
9.54079389572	543
9.5410900116	543
9.54132986069	543
9.54152083397	543
9.58043503761	543
9.58069491386	543
9.60137295723	-543
9.61076593399	543
9.61107301712	543
9.62860488892	-1368
9.64030098915	543
9.64163994789	-356
9.66389393806	-1420
9.66396689415	-1420
9.66397190094	-1264
9.69308280945	-1368
9.69801092148	-1368
9.69926095009	-1086
9.71416497231	-1368
9.71425890923	-1368
9.7153878212	-1420
9.71539187431	-1420
9.71543598175	-1264
9.71600389481	-1368
9.71630692482	-1368
9.71710896492	-1368
9.717222929	-1368
9.71730589867	-1420
9.71734690666	-1316
9.71916699409	-1420
9.7192158699	-1420
9.71921896935	-1264
9.71945095062	-1420
9.71945500374	-1316
9.71960282326	-1368
9.72358298302	543
9.72372794151	543
9.72547197342	-1368
9.72569704056	-1368
9.72630500793	-1368
9.72648692131	-1368
9.72690486908	-1420
9.72691893578	-1316
9.72741985321	-1420
9.72744297981	-1316
9.72749090195	-1368
9.72816586494	-1420
9.72820591927	-1420
9.72820901871	-1264
9.72875595093	-1368
9.72939801216	-1420
9.729418993	-1316
9.72954201698	-1420
9.72957897186	-1316
9.73069596291	-1368
9.73177886009	543
9.73632502556	-1420
9.73633098602	-1316
9.73635482788	-1368
9.74153900146	-1420
9.74158382416	-1420
9.7415869236	-1264
9.74219894409	-1368
9.74247503281	-1420
9.74252700806	-1316
9.74252986908	-1368
9.74266886711	-1368
9.7429049015	-1420
9.74293899536	-1316
9.74308681488	-1420
9.74310994148	-1316
9.74317193031	-1420
9.74319386482	-1420
9.74319601059	-1264
9.74321389198	-1368
9.76404500008	-1420
9.76409888268	-1316
9.76425004005	543
9.76433682442	-1368
9.76702690125	1086
9.76850581169	-1368
9.78088092804	-1368
9.79174184799	-113
9.79397392273	-1368
9.80727791786	1057
9.80760788918	543
9.84573197365	-1368
9.85550189018	-1368
9.86492991447	-1368
9.86510586739	543
9.86565685272	-1368
9.86958193779	-1368
9.87380194664	543
9.87402486801	1057
9.88094997406	-1420
9.88095998764	-1420
9.88100981712	-1264
9.88615298271	-1368
9.91117191315	-1368
9.92188191414	-965
9.93192791939	-1420
9.93193888664	-1316
9.96278691292	1057
9.99301981926	-820
10.0800759792	-1420
10.0800919533	-1420
10.0801479816	-1264
10.0814669132	-1420
10.0815079212	-1316
10.08177495	-1368
10.0820498466	-1420
10.0820538998	-1420
10.082089901	-1420
10.0820930004	-1212
10.0853948593	-1368
10.0870850086	-1420
10.0871758461	-1420
10.0871798992	-1264
10.0872678757	-1420
10.0872709751	-1420
10.0873069763	-1264
10.0873088837	-1420
10.0873508453	-1316
10.0873839855	-1368
10.089993	543
10.0922298431	-860
10.097673893	-1368
10.1048069	-1420
10.1048238277	-1316
10.1256048679	-543
10.12738204	543
10.1457269192	543
10.1458489895	1460
10.1459388733	1460
10.1459889412	1161
10.1465988159	89
10.1513528824	543
10.1603069305	543
10.1742348671	1057
10.220113039	-1181
10.2697439194	-543
10.3039000034	1460
10.3039808273	1460
10.3040180206	707
10.3043019772	543
10.3045239449	543
10.3049278259	543
10.3051509857	543
10.3531880379	-1368
10.3705508709	543
10.3712928295	543
10.3715488911	543
10.3782849312	-1420
10.3782908916	-1316
10.3783428669	-1368
10.3882648945	-327
10.3883559704	-543
10.3894610405	543
10.401927948	543
10.402256012	543
10.4026949406	543
10.4041488171	543
10.4046349525	543
10.4048569202	543
10.4119749069	543
10.4123280048	543
10.4125828743	543
10.4128129482	543
10.4204258919	543
10.4207258224	543
10.4232439995	543
10.4234969616	543
10.4386899471	-1368
10.4848508835	-1368
10.5087490082	-1368
10.5103628635	-1368
10.5107970238	-1420
10.5108590126	-1316
10.5108618736	-1368
10.5114789009	-1368
10.5143518448	-1368
10.5155160427	-1368
10.5161039829	-1420
10.5161468983	-1182
10.5188858509	-1420
10.518889904	-1316
10.5456368923	-1086
10.553180933	-1420
10.5531988144	-1316
10.5535140038	543
10.5597319603	-1420
10.559748888	-1316
10.5605969429	543
10.5610530376	1460
10.5611088276	1460
10.5611438751	707
10.5622999668	-1368
10.5707278252	543
10.5738630295	543
10.5844318867	-1368
10.5988359451	-1368
10.6017308235	-1368
10.6093080044	-1368
10.6094648838	-1368
10.6185369492	-1368
10.6221439838	-1420
10.6221489906	-1316
10.6283400059	-1368
10.6284990311	-1420
10.6285438538	-1420
10.6285459995	-1264
10.6287329197	543
10.6302568913	543
10.6304168701	-1420
10.6304228306	-1420
10.6304628849	-1264
10.6307389736	1460
10.6307928562	625
10.6323359013	-1420
10.6323409081	-1316
10.6324059963	-1368
10.6345508099	-1420
10.634595871	-1316
10.6432068348	-1368
10.6443789005	-718
10.6619439125	543
10.6668169498	543
10.6694748402	-1420
10.669479847	-1316
10.6721549034	543
10.6799538136	-775
10.6826748848	543
10.6834700108	543
10.6855709553	543
10.6857888699	543
10.686111927	543
10.6865069866	543
10.6867828369	1057
10.6870629787	543
10.6953649521	-1368
10.6977088451	543
10.7043869495	543
10.7050559521	1057
10.7161619663	-1420
10.7161769867	-1316
10.7722158432	-986
10.7832770348	543
10.7835078239	543
10.8162088394	-1420
10.8162248135	-1420
10.8162789345	-1264
10.81635499	-1368
10.8166258335	-1420
10.8166298866	-1316
10.8201589584	-1420
10.8201630116	-1316
10.8202619553	-1368
10.8220369816	-1420
10.8220639229	-1316
10.8224239349	-1420
10.8224680424	-1420
10.8224709034	-1264
10.8227188587	-1368
10.8228340149	-1420
10.8228960037	-1420
10.8228988647	-1264
10.8229439259	-1368
10.8229458332	-1368
10.8230969906	543
10.8253159523	-1420
10.8253188133	-1316
10.8269159794	-1420
10.8269188404	-1316
10.827092886	-1368
10.8312218189	-1420
10.8312678337	-1420
10.8312709332	-1264
10.8369688988	-1420
10.836977005	-1420
10.8370289803	-1264
10.8370318413	-1368
10.8378059864	-543
10.8385848999	-1420
10.8385879993	-1420
10.8386259079	-1264
10.8402848244	-1420
10.840310812	-1316
10.8403139114	-1368
10.8416149616	-1420
10.8416178226	-1316
10.8417108059	-1368
10.8418328762	543
10.841935873	543
10.8441619873	-1420
10.8441689014	-1316
10.8442659378	-1368
10.8453509808	-1368
10.8454079628	-1368
10.8454108238	-1368
10.845968008	-1420
10.8459730148	-1316
10.8460938931	-1368
10.8462769985	-1420
10.8462970257	-1316
10.8502030373	-1420
10.8502488136	-1420
10.8502528667	-1264
10.8515369892	-1368
10.8516440392	-1368
10.8517568111	-1368
10.8519940376	543
10.8529019356	-1368
10.8536388874	-1368
10.8537578583	-1368
10.8539078236	-1368
10.8544359207	-1420
10.8544418812	-1316
10.8545229435	-1368
10.8556828499	-1420
10.8557310104	-1420
10.8557348251	-1264
10.8577678204	-1368
10.8577709198	-1420
10.8577890396	-1316
10.8588860035	-1368
10.8589098454	-1368
10.8590078354	-1420
10.8590259552	-1316
10.8598179817	543
10.8601210117	-1368
10.8602149487	-1420
10.8602559566	-1316
10.8609929085	-1420
10.8610429764	-1316
10.8610458374	-1368
10.8612139225	543
10.8629150391	-1420
10.8629209995	-1420
10.8629789352	-1264
10.8640818596	-1368
10.8642508984	-1420
10.8642549515	-1420
10.8643019199	-1264
10.8654568195	-1368
10.865489006	-1368
10.8676748276	-1368
10.8677368164	-1368
10.8678789139	-1368
10.8687298298	-1368
10.8712279797	-1420
10.8712658882	-1316
10.8726599216	-1368
10.8733239174	-1420
10.8733279705	-1316
10.8756580353	543
10.9440448284	-1420
10.9440629482	-1420
10.9441180229	-1264
10.9442360401	-1420
10.9442780018	-1420
10.9442808628	-1264
10.9444849491	-1368
10.9446978569	-1420
10.9447410107	-1316
10.9447438717	-1368
10.9488320351	-1420
10.9488379955	-1316
10.9489939213	-1368
10.9490180016	543
10.9496998787	-1368
10.9497628212	-1368
10.9498739243	543
10.950304985	-1420
10.9503099918	-1316
10.9504189491	-1420
10.9504218102	-1316
10.9507648945	-1420
10.9507689476	-1420
10.9508519173	-1264
10.9508550167	-1420
10.9508969784	-1316
10.9508988857	-1368
10.9535138607	-1420
10.9535198212	-1316
10.9537928104	543
10.9547858238	-1368
10.9549708366	-1368
10.9593539238	-1420
10.95936203	-1420
10.9594068527	-1264
10.9594099522	-1368
10.9650230408	-1420
10.9650299549	-1316
10.9663989544	-1420
10.9664039612	-1420
10.966452837	-1264
10.9664549828	-1368
10.9678900242	-1368
10.9679729939	-1368
10.9694130421	-1420
10.9694178104	-1316
10.9695568085	-1420
10.9695599079	-1316
10.9696829319	543
10.9718859196	-1420
10.9718959332	-1316
10.9730029106	-1420
10.9730110168	-1316
10.9732139111	-1420
10.9732270241	-1316
10.9733169079	543
10.9736130238	-1368
10.9736988544	-1368
10.9740178585	-1420
10.9740219116	-1420
10.9740698338	-1264
10.9740729332	-1368
10.9785368443	-1420
10.9785499573	-1316
10.9786009789	-1368
10.9798300266	-1420
10.9798698425	-1316
10.9817039967	-1420
10.981746912	-1316
10.9819529057	-1368
10.9820599556	-1368
10.9821820259	-1420
10.9822218418	-1316
10.983494997	-1420
10.9835298061	-1316
10.9836668968	-1368
10.983743906	-1368
10.9857280254	-1368
10.9858849049	-1420
10.985888958	-373
10.992317915	-1420
10.9923279285	-1316
10.9923818111	-1368
10.9925229549	-1420
10.9925718307	-1316
10.9925749302	-1368
11.0079469681	-1420
11.0079660416	-1316
11.0080139637	-1368
11.0089638233	1057
11.0093100071	-1420
11.0093138218	-1316
11.010229826	-1420
11.0102438927	-1316
11.0102858543	-1368
11.0119810104	-1420
11.0120069981	-1316
11.0120089054	-1368
11.0120289326	-1420
11.0120308399	-1316
11.012169838	-1368
11.0122139454	543
11.0123410225	543
11.0132670403	-1368
11.0133798122	-1420
11.0134048462	-1316
11.0144200325	-1368
11.0148689747	-1368
11.015185833	1057
11.0232830048	1057
11.0324039459	1057
11.04170084	-1368
11.0417218208	-1368
11.0418179035	-1368
11.0484688282	-543
11.0522868633	-1368
11.0719819069	-1420
11.072042942	-1316
11.0721058846	-1420
11.072108984	-1316
11.0721750259	-1368
11.0722248554	-1368
11.0725488663	-1420
11.0725538731	-1316
11.0770230293	-1420
11.0770299435	-1420
11.0770750046	-1420
11.0770769119	-1212
11.0776278973	-1420
11.0776309967	-1316
11.0781209469	-1368
11.07822299	-1420
11.0782408714	-1420
11.0782539845	-1264
11.0783610344	-1420
11.0783638954	-1316
11.0783989429	-1368
11.0784800053	-1368
11.0789380074	-1420
11.0789408684	-1420
11.0790379047	-1420
11.0790398121	-1212
11.0790748596	-1420
11.0790779591	-825
11.0791118145	-1368
11.0792720318	543
11.0794999599	543
11.0812768936	-1368
11.2073638439	-609
11.2424328327	-1368
11.2431118488	-1420
11.2431678772	-1316
11.2468409538	543
11.2473289967	1057
11.2500009537	-1420
11.2500069141	-1316
11.2505898476	-543
11.2521529198	-1368
11.262567997	543
11.2671070099	-1420
11.2671480179	-1316
11.2685518265	-1368
11.2902679443	-1420
11.2902870178	-1316
11.2903368473	-1368
11.2925388813	543
11.2952609062	543
11.3059539795	543
11.3060460091	-1368
11.3065428734	1460
11.3065998554	111
11.3068130016	543
11.3161308765	543
11.3183488846	-1420
11.318351984	-1316
11.3383569717	1460
11.3384540081	111
11.3432450294	1057
11.3527448177	1057
11.3702318668	-504
11.4020228386	543
11.4206278324	1460
11.4207038879	111
11.4641358852	-543
11.4759368896	-1420
11.4759998322	-1420
11.4760038853	-1264
11.4781010151	-1420
11.4781048298	-1316
11.5081739426	-1368
11.5099699497	-1368
11.5103709698	-1420
11.5104119778	-1316
11.5104768276	543
11.5184099674	-1420
11.5184259415	-1420
11.5184798241	-1264
11.5217280388	-1368
11.5217678547	-1368
11.5379099846	-696
11.5462658405	-1368
11.5463228226	-1420
11.5463268757	-1316
11.5465409756	-1420
11.5465450287	-1420
11.5465819836	-1264
11.5490779877	-1420
11.549118042	-1420
11.5491218567	-1264
11.5622739792	-1368
11.5745918751	-1368
11.5826129913	-1368
11.583313942	-1420
11.5833678246	-1316
11.5875718594	-1420
11.5876169205	-1420
11.5876200199	-1264
11.5997269154	-1368
11.6205358505	-1368
11.625232935	-1420
11.6252830029	-1316
11.6254179478	1057
11.6657428741	-783
11.6707060337	-1368
11.702477932	-1368
11.7364029884	-1420
11.7364659309	-1420
11.7365028858	-1420
11.7365469933	-1420
11.7365808487	-1160
11.7366158962	-1420
11.7366499901	-1420
11.7366850376	-1264
11.7400999069	-1368
11.7421789169	-1420
11.7422039509	-1316
11.7427690029	-1420
11.7428109646	-1316
11.7429728508	543
11.7430050373	-1368
11.7430808544	-1420
11.7431190014	-1316
11.743710041	-1420
11.7437520027	-1316
11.7453520298	543
11.7489140034	-1420
11.7489278316	-1316
11.7489829063	-1368
11.7613389492	-1368
11.7614338398	-1420
11.7614369392	-1316
11.7941179276	-557
11.8706979752	-349
11.9755499363	-1086
12.5966868401	-543
12.7639029026	-543
13.2007620335	543
13.3728859425	-543
13.3981528282	-1368
13.5010418892	-232
13.5748078823	-1368
13.5752739906	-1368
13.5755410194	-1368
13.5777578354	-1368
13.6287770271	-986
13.9147849083	1460
13.9148750305	1460
13.9149188995	1161
13.9150178432	1460
13.9150559902	1460
13.915104866	1161
13.9151959419	543
13.9152328968	1177
13.9307940006	-543
13.96210289	1460
13.9621930122	1460
13.9622290134	707
13.9625940323	543
13.9628059864	543
13.9630379677	543
13.980273962	543
13.9938659668	1460
13.9939308167	111
13.9940009117	1460
13.9940648079	111
13.9942820072	543
13.9944820404	543
13.9946849346	543
13.994946003	543
13.995251894	543
13.9958529472	543
13.9995849133	543
13.9999468327	543
14.0001599789	1057
14.0830388069	-543
14.0886459351	-1368
14.1034009457	-543
14.1182029247	-1368
14.1529138088	-825
14.1889998913	-1368
14.1902108192	-1368
14.1908829212	-1368
14.1931939125	-1420
14.1932399273	-1420
14.1932599545	-1264
14.1932749748	-1368
14.1950399876	-1368
14.1963839531	-1368
14.2065868378	-1420
14.2065958977	-1316
14.2125039101	-1420
14.2125818729	-1420
14.2126188278	-1264
14.212654829	-1368
14.2167818546	-1420
14.2168238163	-1316
14.2315518856	-591
14.2341299057	543
14.2380638123	-1368
14.242579937	-1368
14.2427580357	-1420
14.2427630424	-1316
14.243129015	543
14.2501950264	543
14.2703869343	-1420
14.270401001	-1420
14.2704620361	-1264
14.3189048767	-1368
14.3242080212	-1420
14.3242638111	-1420
14.3242828846	-1264
14.3594498634	-1131
14.3658080101	543
14.3703219891	543
14.3756408691	-1420
14.3756458759	-1420
14.3756868839	-1264
14.3798549175	543
14.3830358982	-1368
14.3881030083	-1420
14.3881528378	-1420
14.3881568909	-1420
14.3881928921	-1212
14.4139959812	543
14.4143228531	543
14.4145889282	543
14.4148459435	543
14.4203078747	543
14.4205520153	543
14.4418859482	-1420
14.4419019222	-1420
14.4419689178	-1420
14.4419720173	-1212
14.4902279377	-812
14.5056869984	-1420
14.5056979656	-1420
14.5057508945	-1264
14.505753994	-1420
14.5057959557	-1316
14.5059309006	543
14.525416851	543
14.5300970078	543
14.5331218243	543
14.5594408512	-1420
14.559458971	-1420
14.5595228672	-1264
14.5595259666	-1420
14.5595729351	-1420
14.5595760345	-1264
14.5600268841	543
14.5707800388	543
14.5710380077	543
14.5874788761	-1368
14.5877978802	-1420
14.5878479481	-1420
14.5878508091	-1264
14.5892510414	-1420
14.5892658234	-1316
14.5894038677	-1368
14.5899569988	-1420
14.5900008678	-1316
14.5918269157	-1368
14.5947389603	-1420
14.5947599411	-1420
14.5948038101	-1264
14.5948069096	-1420
14.5948228836	-1316
14.5948958397	-1368
14.595225811	-1420
14.5952289104	-1316
14.5956180096	-1420
14.5956218243	-1316
14.5956838131	-1368
14.5958559513	-1368
14.595927	543
14.5973658562	-1368
14.5995178223	-1420
14.5995578766	-1316
14.6232438087	-1420
14.6232628822	-1420
14.6233248711	-1264
14.6246948242	-1368
14.631403923	-536
14.6391599178	-1368
14.6505048275	-1368
14.654984951	-1368
14.656056881	-1420
14.6560609341	-1420
14.6561019421	-1264
14.6748409271	-1368
14.689098835	-581
14.6905429363	543
14.7230899334	543
14.7240948677	543
14.724449873	1057
14.7247698307	1460
14.7248148918	111
14.7253148556	543
14.7256448269	543
14.7258479595	543
14.7373650074	-1368
14.7532868385	543
14.7598338127	-198
14.761744976	-1368
14.7618880272	-1420
14.7619018555	-1316
14.7679858208	-1368
14.8129308224	-1368
14.8278179169	543
14.8702549934	543
14.8880698681	-1152
14.8882148266	543
14.9027099609	543
14.9063308239	543
14.90691185	543
14.9079349041	543
14.913161993	543
14.9193580151	-1368
14.9228639603	543
14.9243478775	-1368
14.9572780132	-1368
14.9583609104	-1368
14.9597070217	-1420
14.9597649574	-1316
14.9673609734	-1368
14.9726409912	543
14.972878933	543
14.9731888771	543
14.9733548164	543
14.9736759663	1057
14.9820578098	-1368
14.9821789265	-1420
14.9822230339	-1316
14.9854569435	-1420
14.9854989052	-1420
14.9855020046	-1264
14.9861879349	-1420
14.986191988	-1316
14.986301899	-1368
14.9874978065	-1420
14.9875478745	-1420
14.9875509739	-1264
14.9908788204	-1420
14.9908969402	-1316
14.9909579754	-1420
14.9909648895	-1316
14.9911248684	-1420
14.9911279678	-1316
14.9914238453	-1420
14.9914278984	-1316
14.9914629459	-1368
14.9914758205	-1368
14.9914779663	-1420
14.9915130138	-1316
14.9924499989	-1368
14.9925479889	-1420
14.992552042	-1316
14.9927358627	-1420
14.9927389622	-1316
14.9928209782	-1368
14.9932470322	-1368
14.9934289455	-1420
14.9934318066	-1316
14.9942848682	-1420
14.9942939281	-1316
14.9943168163	-1368
14.9946630001	-1420
14.9946858883	-1316
14.9947550297	-1368
14.9948928356	543
14.995169878	-1368
14.9952838421	1057
14.9955630302	-1368
14.9957318306	-1420
14.9957749844	-1420
14.9957778454	-1264
15.0042369366	-1368
15.0160999298	-1301
15.0338029861	543
15.0344688892	543
15.068502903	-1368
15.0714898109	-1420
15.0714988708	-1316
15.0715568066	-1368
15.0720639229	-1420
15.0721108913	-1420
15.0721139908	-1264
15.0724008083	-1368
15.0727100372	-1420
15.0727498531	-1316
15.0740828514	-1420
15.0741128922	-1420
15.0741159916	-1264
15.0778958797	-1420
15.0779099464	-1316
15.0779650211	-1368
15.0781099796	-1368
15.0782220364	543
15.0784108639	543
15.0796329975	-1420
15.0796380043	-1316
15.0797178745	-1420
15.0797200203	-1420
15.0797560215	-1264
15.0808308125	-1420
15.0808739662	-1316
15.0808768272	-1368
15.0887320042	-1420
15.088739872	-1316
15.1018929482	-1420
15.1019148827	-1316
15.110052824	-1368
15.1443920135	-1000
15.1550648212	-1420
15.1550958157	-1420
15.1551318169	-1264
15.1552948952	-1420
15.1553330421	-1316
15.1554329395	-1420
15.1554818153	-1420
15.1554849148	-1264
15.1560800076	-1368
15.1560838223	-1420
15.1561229229	-1420
15.1561260223	-1264
15.1566150188	-1420
15.1566188335	-1316
15.1566939354	-1420
15.1566970348	-1420
15.1567139626	-1264
15.1567778587	-1368
15.1587200165	543
15.1595430374	-1368
15.1607818604	543
15.1796789169	-1368
15.1914298534	-1368
15.1920418739	-1420
15.192045927	-1316
15.1937339306	-1420
15.19373703	-1420
15.1937749386	-1264
15.194644928	-1420
15.1946959496	-1420
15.1946978569	-1264
15.1947319508	-1368
15.197108984	-1368
15.1972329617	-1368
15.1973869801	-1368
15.1981129646	-1420
15.1981158257	-1316
15.1981658936	-1368
15.1982758045	-1420
15.1983058453	-1316
15.1995549202	-1368
15.1998980045	-1368
15.199947834	543
15.1999869347	-1368
15.2000989914	-1368
15.200248003	543
15.2013039589	-1368
15.2014210224	-1420
15.2014658451	-1316
15.2021720409	-1420
15.2022168636	-1316
15.2023530006	-1368
15.2026188374	-1368
15.2027449608	-1420
15.2027640343	-1316
15.2031729221	-1420
15.2032120228	-1316
15.2033178806	-1368
15.2046630383	-1420
15.204666853	-1316
15.2046999931	-1368
15.2051718235	-1368
15.20520401	-1368
15.2060928345	-1368
15.2062678337	-1368
15.2064039707	-1420
15.2064409256	-1420
15.2064428329	-1264
15.2065448761	-1420
15.2065479755	-1420
15.2065839767	-1264
15.2067079544	-1420
15.2067489624	-1420
15.2067508698	-1264
15.2068748474	-1368
15.2069408894	543
15.2079479694	-1420
15.2079539299	-1420
15.207998991	-1264
15.2080008984	-1368
15.2083530426	-1368
15.2085359097	-1420
15.2085609436	-1316
15.2089128494	-1420
15.2089369297	-1316
15.2090368271	-1368
15.2090759277	1057
15.2092208862	-1420
15.2092249393	-1420
15.2092459202	-1264
15.2094960213	-1420
15.2095189095	-1316
15.2096309662	-1420
15.2096509933	-1316
15.2103738785	-1368
15.2104609013	-1420
15.2104649544	-1316
15.2106788158	-1368
15.2108750343	-1420
15.2108998299	-1316
15.2125029564	-1420
15.2125489712	-1420
15.2125530243	-1264
15.212594986	-1368
15.2127709389	-1368
15.2132349014	-1420
15.2132380009	-1316
15.2133660316	-1420
15.2133688927	-1316
15.2135269642	-1368
15.2137219906	-1368
15.2154068947	543
15.2380728722	-1420
15.2380859852	-1316
15.2722508907	-59
15.2778990269	-1213
15.2915849686	-1368
15.3044409752	543
15.3047058582	543
15.3246879578	-1368
15.3397169113	-1368
15.3534100056	-1420
15.3534698486	-1316
15.3930108547	-1368
15.3930239677	-1368
15.4007320404	-522
15.5290329456	-543
15.5505988598	-530
15.9613828659	1057
16.2003920078	-543
16.5551178455	1460
16.5552120209	111
16.5558350086	1460
16.5558998585	625
16.7367448807	-543
16.8645009995	-543
16.8962438107	-1420
16.8963048458	-1420
16.8963439465	-1264
16.8963868618	-1368
16.9040188789	-1368
16.9059019089	-1420
16.9059689045	-1316
16.9060080051	-1368
16.9061279297	543
16.92208004	543
16.9230239391	1460
16.9230790138	625
16.992210865	-625
16.9971539974	543
17.0630898476	543
17.1428380013	-543
17.2204978466	1460
17.2205839157	625
17.2206478119	1057
17.2470049858	1057
17.2505919933	543
17.2508490086	543
17.2791948318	543
17.3112678528	-1086
17.3222978115	1057
17.3227000237	1460
17.3227469921	625
17.3233389854	543
17.3235948086	543
17.4021790028	-543
17.4391918182	-543
17.4410569668	-1420
17.4411029816	-1420
17.4411218166	-1264
17.4414548874	-1420
17.4414949417	-1316
17.4450948238	-1420
17.4451389313	-1420
17.4451568127	-1264
17.4496510029	-1368
17.4569759369	-1420
17.4570069313	-1316
17.4570479393	-1368
17.4570498466	-1420
17.4570789337	-1316
17.480257988	-1368
17.4808888435	-1420
17.4809319973	-1316
17.482311964	-1420
17.4823539257	-1420
17.4823899269	-1264
17.4837548733	543
17.4854598045	-1420
17.4855029583	-1420
17.4855058193	-1264
17.4882919788	543
17.5012550354	-1368
17.5038759708	-1420
17.5039298534	-1420
17.5039339066	-1264
17.5108389854	-1368
17.5133318901	543
17.5137050152	543
17.5139329433	543
17.514097929	-1420
17.5141019821	-1420
17.5141758919	-1264
17.5141890049	-1368
17.5143499374	1057
17.5153069496	543
17.5155470371	543
17.5189659595	-1420
17.5189709663	-1316
17.5190148354	-1368
17.5219700336	1057
17.5552299023	-1420
17.5552899837	-1420
17.5552940369	-1264
17.560739994	-1368
17.5621349812	-1368
17.5637388229	543
17.5685899258	1460
17.568707943	111
17.5767128468	-1368
17.5775279999	-446
17.5867159367	-1368
17.5868968964	-1420
17.5869460106	-1316
17.6727809906	-623
17.7052819729	-609
17.7073078156	543
17.7109379768	1460
17.7110009193	625
17.7172968388	-1368
17.718187809	-1420
17.7182338238	-1420
17.7182369232	-1264
17.7183918953	-1368
17.7185778618	-1420
17.7186198235	-1316
17.7186229229	-1368
17.7187049389	-1420
17.7187080383	-1316
17.7220308781	-1420
17.7220358849	-1316
17.7283639908	-1420
17.7284078598	-1316
17.728456974	-1368
17.7311859131	-1420
17.7312338352	-1316
17.7318768501	-1420
17.7319118977	-1316
17.7320268154	543
17.7320809364	-1420
17.7320919037	-1316
17.7320928574	-1420
17.7320928574	-1316
17.7321608067	-1368
17.7322800159	-1368
17.7323739529	543
17.7327589989	-1420
17.7327640057	-1316
17.7329108715	-1420
17.7329149246	-1316
17.7704298496	-1368
17.839414835	-1420
17.8394730091	-1316
17.8415708542	543
17.8465099335	-241
17.9781529903	-1368
18.003677845	-1420
18.0037238598	-1316
18.0102968216	-543
18.0219409466	-153
18.0226659775	543
18.0231568813	1057
18.1495440006	-543
18.2568259239	-543
18.2786400318	-1368
18.2816028595	-1420
18.2816698551	-1420
18.2817049026	-1264
18.2817409039	-1368
18.3196308613	-588
18.493585825	-543
18.5320858955	-543
18.9002819061	543
18.9013960361	1460
18.9014439583	111
18.9016709328	543
18.9020359516	1460
18.902078867	111
18.9408450127	-543
18.9749128819	1057
19.000677824	543
19.024782896	1057
19.0361409187	1057
19.0795278549	-543
19.1076450348	-543
19.1140170097	-1420
19.1141228676	-1420
19.1141710281	-1420
19.1142058372	-1212
19.1142408848	-1368
19.1142749786	-1420
19.1143100262	-1420
19.1143510342	-1264
19.1203260422	543
19.1395168304	543
19.1430139542	-1420
19.143021822	-1420
19.1430678368	-1264
19.1431539059	-1420
19.1431899071	-1316
19.1431930065	-1368
19.1476428509	-1420
19.1476559639	-1420
19.1477069855	-1264
19.1867959499	-1420
19.186868906	-1420
19.1868739128	-1264
19.1869828701	-1368
19.1870729923	-1420
19.1871218681	-1316
19.1873118877	543
19.2214260101	-1420
19.2214410305	-1420
19.2214930058	-1264
19.2299790382	-543
19.2573590279	-1420
19.2574179173	-1316
19.2785758972	-1368
19.2791240215	1057
19.2940099239	-1420
19.294023037	-1420
19.2940750122	-1264
19.2941348553	-1368
19.2969050407	-1368
19.3034379482	-1420
19.3034880161	-1316
19.3035929203	-1368
19.3221628666	543
19.3748099804	-254
19.3806869984	543
19.3839728832	-1368
19.3919990063	543
19.3930020332	1460
19.3930478096	111
19.4062988758	-90
19.4928779602	-543
19.5760729313	-1086
19.6545739174	-543
19.7040259838	-1086
19.7390048504	-1368
19.7395038605	-1420
19.7395379543	-1316
19.7396810055	-1368
19.7398040295	-1420
19.7398428917	-1316
19.7399418354	1460
19.7399868965	111
19.7406129837	-1420
19.7406189442	-1316
19.7407150269	543
19.740762949	-1368
19.7418370247	-1420
19.741863966	-1316
19.7420568466	-1420
19.7421009541	-1316
19.7532539368	-1420
19.7533109188	-1420
19.7533149719	-1264
19.7540528774	-1368
19.7541458607	-1368
19.7542529106	543
19.754513979	-1420
19.7545189857	-1316
19.7561588287	-1420
19.7561638355	-1316
19.7563118935	-1420
19.7563159466	-1316
19.7641248703	-1368
19.7699990273	-1420
19.7700338364	-1316
19.7703108788	-1420
19.7703559399	-1316
19.7704620361	-1420
19.7705099583	-1316
19.8322408199	-1420
19.8323078156	-1316
19.85115695	-543
19.8515479565	543
19.8672628403	-1420
19.8673169613	-1316
19.8674638271	543
19.8675999641	-1368
19.8677840233	-1420
19.8678238392	-1420
19.8678269386	-1264
19.8678748608	-1368
19.8678779602	-1420
19.8679199219	-1316
19.8679230213	-1368
19.8680038452	-1420
19.8680078983	-1316
19.8688979149	-1420
19.8689038754	-1420
19.8689508438	-1264
19.8690519333	543
19.8690979481	-1368
19.8701059818	-1420
19.8701508045	-1420
19.870153904	-1264
19.8703899384	-1420
19.8703930378	-1420
19.8704299927	-1264
19.8704319	-1420
19.8704829216	-1316
19.8704848289	-1368
19.8705198765	-1368
19.8730678558	543
19.881264925	-1420
19.8812828064	-1316
19.8813278675	-1127
19.9037129879	1057
19.9038219452	1057
20.0138919353	-543
20.0149109364	-1420
20.0149719715	-1316
20.0152478218	-1420
20.0152988434	-1420
20.0153019428	-1264
20.015463829	543
20.0155010223	-1420
20.0155029297	-1316
20.0194089413	-1368
20.0324449539	-512
20.1383528709	-1368
20.1952929497	-1368
20.1998000145	-261
20.2276639938	1057
20.2563729286	-198
20.44520998	-543
20.4640638828	543
20.4955689907	543
20.4962408543	543
20.4964549541	543
20.5904438496	1057
20.6407878399	543
20.7049050331	-543
20.822439909	-543
20.9337539673	-543
20.9416539669	-543
20.951818943	543
20.9675559998	1057
20.97356987	-1368
21.0007300377	-1368
21.0615639687	-232
21.1586940289	-775
21.2768478394	-543
21.2804129124	1460
21.2804620266	1460
21.2804968357	1161
21.2806019783	1460
21.2806379795	1460
21.280687809	253
21.3533270359	543
21.4509990215	1057
21.4536049366	1057
21.455121994	543
21.458272934	-543
21.470197916	-543
21.5705239773	543
21.5979008675	-543
21.6179330349	-543
21.6544668674	-1368
21.6548700333	-1368
21.6719489098	-1368
21.6868159771	-1420
21.6868648529	-1316
21.6878240108	-1368
21.6991519928	-1368
21.6997489929	-1368
21.7126309872	-1368
21.7135879993	-1420
21.7136189938	-1316
21.716203928	-1368
21.7302508354	543
21.7433128357	-1368
21.7658569813	-3
21.7684009075	543
21.7687249184	543
21.8394930363	-1368
21.84019804	-1420
21.8402049541	-1316
21.8402078152	-1420
21.8402090073	-1420
21.8402099609	-1264
21.8498189449	-1420
21.8498299122	-1316
21.8498790264	-1368
21.8500378132	1057
21.8644728661	-1420
21.8644869328	-1420
21.8644888401	-1264
21.8644909859	-1420
21.8644919395	-1316
21.8659749031	-1420
21.8659799099	-1420
21.8660318851	-1420
21.8660349846	-1420
21.8660359383	-1160
21.8660368919	-1368
21.8660378456	-1368
21.870980978	-1368
21.8711018562	-1368
21.877715826	-1326
21.8942258358	-1420
21.8942418098	-1316
21.9676280022	-1420
21.9676508904	-940
21.968569994	543
21.9954609871	-543
22.0035760403	-1420
22.0035839081	-1316
22.0037288666	-1420
22.003731966	-1316
22.0038440228	-1420
22.0038468838	-1316
22.0039839745	-1420
22.0039880276	-1420
22.0039889812	-1264
22.0186219215	-1368
22.0285739899	-1368
22.0955748558	-148
22.1465218067	1057
22.4908738136	543
22.5066459179	543
22.6804709435	-543
22.710777998	-543
22.7255280018	-1420
22.7255878448	-1316
22.7319378853	-1368
22.7321839333	-1420
22.7322318554	-1316
22.73605299	-1420
22.7361059189	-1316
22.7361419201	-1368
22.7457749844	-1368
22.7458338737	-1420
22.745869875	-1316
22.7460289001	543
22.7523918152	-1368
22.7575500011	-1368
22.757589817	-1368
22.7600929737	-1368
22.7601838112	-1368
22.7602729797	543
22.760381937	-1368
22.7854218483	-1368
22.8386838436	-939
22.8602399826	-543
22.8905549049	-1420
22.8905639648	-1316
22.9086308479	1057
22.9667768478	-435
22.9690988064	543
23.0602688789	-1057
23.1541500092	-543
23.228468895	543
23.260270834	-543
23.2705569267	543
23.3129389286	543
23.3227808475	-1086
23.4081268311	-543
23.5144298077	-543
23.5867819786	-543
23.5924370289	-1368
23.6423528194	-543
23.6526420116	1057
23.7098858356	-203
23.7113378048	1057
23.8405239582	1460
23.8406050205	111
23.8504929543	543
23.8602828979	1460
23.8603458405	111
23.9244999886	-543
24.0496809483	-1420
24.0497279167	-1316
24.0712859631	-543
24.0719959736	-1420
24.0720219612	-1316
24.07680583	-1368
24.076928854	543
24.0920000076	-435
24.0933489799	543
24.095099926	543
24.1128618717	-1420
24.112869978	-1316
24.1131129265	543
24.1235449314	-1420
24.1235518456	-1420
24.1236038208	-1264
24.1284308434	-1420
24.1284718513	-1420
24.1284739971	-1264
24.1604800224	-1420
24.1604959965	-1420
24.1605508327	-1264
24.1638698578	-1368
24.1958379745	-1368
24.2018868923	-1368
24.2321720123	-1368
24.2372248173	-1420
24.2372758389	-1316
24.241740942	-543
24.3547208309	-860
24.3549368382	543
24.410230875	-1086
24.4298448563	-1420
24.4298608303	-1316
24.5476658344	-435
24.548776865	543
24.8245580196	-543
24.827931881	543
24.9107608795	1057
25.1124458313	-543
25.2803068161	-1086
