0	543
1.99955606461	543
2.53142499924	543
2.7325489521	-543
2.73671603203	543
2.93579387665	-543
2.94818305969	543
3.11104297638	-543
3.11122488976	543
3.71420192719	-1420
3.714220047	-1420
3.71428585052	-787
3.73937392235	-1420
3.73942399025	-1316
3.73993992805	-1368
3.74944996834	543
3.75400590897	-1420
3.75401091576	-1316
3.77610588074	-1368
3.77611899376	-1368
3.78176498413	543
3.8310508728	-1420
3.83106803894	-1316
3.83123707771	-1420
3.8312420845	-1316
3.84070897102	543
3.86682796478	-1420
3.8668448925	-1420
3.86691308022	-1420
3.86691689491	-1420
3.86696696281	-1160
3.89309287071	-1420
3.89315605164	-1420
3.89316105843	-1264
3.89321899414	-1420
3.89322185516	-1420
3.89327096939	-1264
3.89666891098	543
3.90707206726	543
3.94816398621	-1420
3.94818401337	-1316
3.94823694229	-1420
3.94824194908	-1420
3.94826793671	-1264
3.94827198982	-1368
3.95003390312	543
3.98386287689	-1420
3.98387885094	-1420
3.98395204544	-1420
3.98395490646	-1420
3.98401403427	-1160
3.98401689529	-1420
3.98406386375	-1316
4.00991201401	-1420
4.00998401642	-1420
4.00998806953	-1264
4.01004600525	-1420
4.01004886627	-1316
4.01017403603	-1420
4.01017785072	-1420
4.01020407677	-1264
4.01546001434	543
4.06750893593	-1420
4.06752586365	-1420
4.06760001183	-1420
4.06760406494	-1420
4.06765890121	-1160
4.06766295433	-1420
4.06771802902	-1420
4.06772089005	-1264
4.06777691841	-1064
4.06807994843	1057
4.06823301315	1057
4.18521595001	-543
4.18540596962	543
4.30939602852	-1420
4.30941390991	-1420
4.30948185921	-1264
4.32529306412	-1420
4.32534003258	-1316
4.3260269165	-1368
4.33398294449	-1420
4.33399891853	-1316
4.3347029686	-1368
4.33567786217	-1420
4.33572387695	-1316
4.33613491058	-1368
4.33639001846	543
4.34150505066	-807
4.34816789627	-1420
4.34820485115	-1316
4.3564209938	-1420
4.35647988319	-1420
4.35648298264	-1264
4.3571369648	-1420
4.35714197159	-1316
4.35719299316	-1368
4.4091770649	-1420
4.40919399261	-1420
4.40926003456	-1420
4.40926384926	-1212
4.40931200981	-1420
4.40931487083	-1316
4.40949606895	543
4.45095491409	-1420
4.45096993446	-1420
4.45104503632	-1420
4.45104789734	-1420
4.45110487938	-1160
4.45110797882	-1420
4.45115590096	-1420
4.4511590004	-1264
4.451212883	-1420
4.45121598244	-1420
4.45126485825	-1264
4.47330188751	-1420
4.4734749794	-1420
4.47347998619	-1420
4.47353792191	-1212
4.47354102135	-1420
4.4735929966	-1316
4.47359585762	-1420
4.47364902496	-1420
4.47365307808	-1264
4.47376203537	-1368
4.47376489639	-1420
4.47381401062	-1420
4.47381687164	-377
4.47407603264	543
4.47425103188	543
4.49325704575	543
4.51349687576	-1420
4.51351284981	-1420
4.51358485222	-1264
4.51358795166	-1420
4.5136449337	-1316
4.57475996017	-1420
4.57477688789	-1420
4.57482886314	-1264
4.59048986435	-480
4.62790608406	-1420
4.62792205811	-1420
4.62799906731	-1264
4.69719195366	-1420
4.69722795486	-1316
4.72227907181	-1420
4.7222969532	-1420
4.72234797478	-1264
4.72254800797	543
4.74463486671	-1023
4.81478404999	-1420
4.81480193138	-1316
4.82885193825	-1368
4.84545087814	-1420
4.84546995163	-1316
4.8455119133	-1368
4.86189007759	-1420
4.86190605164	-1420
4.86197304726	-1264
4.8623149395	-1420
4.86232185364	-1316
4.87719702721	-1368
4.89934587479	-1420
4.89935302734	-1420
4.89941692352	-1264
4.91060090065	-1420
4.91060686111	-1316
4.91102099419	-1368
4.91116690636	543
4.91138601303	-939
4.92501592636	-1368
4.93595695496	-1420
4.93596291542	-1420
4.93602895737	-1264
4.93611598015	543
4.94896197319	-1420
4.94896888733	-1420
4.9490249157	-1264
4.95108294487	543
4.95892596245	-1368
4.95905303955	-1420
4.95910787582	-1316
4.97587394714	-1420
4.97594189644	-1420
4.97594594955	-1264
4.98272705078	-1420
4.98273491859	-1420
4.98280096054	-1264
4.98341989517	-1368
4.99776005745	-1420
4.99776601791	-1316
5.00170207024	543
5.00177407265	543
5.00191187859	543
5.006690979	-1420
5.00669693947	-1420
5.00675201416	-1264
5.00683188438	543
5.02218008041	-1420
5.02218604088	-1420
5.02224802971	-1264
5.04171490669	-673
5.04471802711	-1420
5.04472398758	-1316
5.04482102394	-1368
5.1241838932	543
5.15847206116	-66
5.16219091415	1460
5.16225194931	1460
5.16232705116	1161
5.16658902168	603
5.17693185806	543
5.32744789124	-1420
5.32746601105	-151
5.33294892311	543
5.33340001106	543
5.35933589935	-1420
5.35935306549	-1420
5.35943293571	-1264
5.35955691338	-1420
5.35961890221	-1316
5.37595295906	-1368
5.38295292854	-1368
5.38330101967	-1420
5.38335704803	-1420
5.38336086273	-1264
5.38964390755	-1420
5.38964986801	-1316
5.38976502419	543
5.39000606537	-1368
5.40804004669	-1420
5.40808701515	-1316
5.40912699699	-1368
5.4105348587	-1368
5.41092586517	-1420
5.41098403931	-1420
5.410987854	-1264
5.41691994667	543
5.4237408638	-1420
5.42374897003	-1420
5.42381095886	-1264
5.43098592758	-1420
5.43104505539	-1420
5.43104887009	-1264
5.43187999725	-1420
5.43188691139	-1316
5.43200492859	-1368
5.4321269989	543
5.4444360733	-1420
5.44444608688	-1420
5.44450807571	-1264
5.44451189041	-1368
5.44462108612	-1368
5.44462394714	-1420
5.44467496872	-1051
5.46418595314	543
5.4748339653	-1420
5.47484302521	-1420
5.47490906715	-1264
5.47491192818	-1420
5.47496700287	-1420
5.47496986389	-1420
5.47501897812	-1212
5.49616408348	-1420
5.49623799324	-1316
5.49624300003	-1368
5.49629306793	-1420
5.49629592896	-1420
5.49634385109	-1420
5.49634695053	-1212
5.49639391899	-1368
5.49659085274	543
5.49675488472	543
5.52487897873	-1420
5.52488708496	-1420
5.52495598793	-1264
5.52496004105	-1368
5.52501797676	-1420
5.52502298355	-1420
5.52523899078	-1264
5.5252430439	-1368
5.52529191971	-1420
5.52529501915	-1420
5.52534389496	-1264
5.5253469944	-1368
5.5253970623	-1420
5.525400877	-1420
5.52544903755	-1264
5.52563691139	543
5.56155586243	-1420
5.5615708828	-1420
5.56165003777	-1420
5.56165289879	-1212
5.56170296669	-1420
5.56170606613	-1420
5.56175398827	-1264
5.56175684929	-1420
5.56181192398	-545
5.56838703156	-1368
5.57698607445	543
5.59153604507	-1368
5.62525486946	-1368
5.62547707558	1460
5.62554097176	111
5.6782438755	-667
5.67844295502	543
5.83165502548	-543
5.8743519783	-543
5.87451386452	1460
5.87458992004	111
5.87985301018	-1420
5.87985897064	-1316
5.88036990166	-1368
5.88056087494	-1420
5.88059592247	-1316
5.88178491592	-1420
5.88184285164	-1420
5.88184690475	-1264
5.88315105438	-1420
5.88315701485	-1420
5.88321089745	-1264
5.89415287971	-1368
5.89426398277	543
5.90365791321	-1420
5.90366601944	-1316
5.90447592735	-1420
5.90448093414	-1420
5.90453195572	-1264
5.9065079689	-1420
5.90656089783	-1420
5.90656399727	-1264
5.91544008255	-1368
5.91553497314	543
5.93264889717	-1368
5.9769949913	543
5.99123692513	-151
5.99679088593	1057
6.0066409111	543
6.00672292709	543
6.00682592392	543
6.00695586205	543
6.00718402863	1460
6.00724196434	1460
6.00734186172	707
6.03175902367	-543
6.0506029129	-1420
6.05062198639	-1316
6.06612801552	-1368
6.11388301849	-1123
6.11430001259	-543
6.1246509552	543
6.17811608315	-543
6.23073005676	-543
6.23088502884	543
6.2528989315	-1368
6.25851798058	-543
6.2652490139	543
6.36182594299	-1368
6.3698990345	-464
6.40708208084	543
6.40749502182	543
6.40783405304	543
6.44954586029	-543
6.48676800728	-1057
6.51002693176	-1420
6.51007986069	-1316
6.52615094185	-1368
6.56630086899	-543
6.58962488174	-1368
6.58988690376	543
6.60342001915	-812
6.6175339222	543
6.63539290428	-543
6.67133998871	543
6.67425608635	-1368
6.67437505722	1057
6.68652391434	543
6.72005105019	-232
6.74057793617	543
6.80787205696	-1420
6.80788803101	-1316
6.80814385414	1057
6.80830097198	1057
6.82714700699	-1368
6.83280992508	1057
6.83679294586	-638
6.84048199654	1057
6.94914293289	-1368
6.9494240284	543
6.9535908699	-261
7.02937197685	-1368
7.05982804298	543
7.06933307648	-1368
7.07029485703	-1007
7.0720410347	1057
7.07221794128	1057
7.15203690529	-1368
7.16085886955	-1420
7.16090297699	-1316
7.17017388344	543
7.18245005608	543
7.18709492683	-609
7.19584703445	543
7.22911000252	-1368
7.30401396751	-1260
7.30432295799	543
7.3056910038	543
7.33466792107	-1368
7.42088603973	-1260
7.42806386948	543
7.43211388588	543
7.53784799576	-1086
7.53806090355	543
7.53821587563	543
7.6191470623	-1420
7.6191649437	-1316
7.61938786507	543
7.6546318531	-920
7.65563297272	543
7.656924963	543
7.65927505493	543
7.72864890099	-1368
7.73678398132	543
7.73729491234	543
7.77134585381	-232
7.77669906616	543
7.84369301796	-1420
7.84371185303	-1316
7.87063002586	-1420
7.87064504623	-1420
7.87071800232	-1264
7.87392497063	543
7.87418103218	543
7.88462305069	-543
7.88861989975	-414
7.99063396454	-1368
7.99935388565	-1368
8.00174307823	543
8.0020339489	543
8.00529193878	-464
8.12238788605	-1086
8.12266802788	543
8.15093588829	-1420
8.15095186234	-1316
8.1659989357	-1368
8.16828393936	543
8.18730688095	-1420
8.18731594086	-1420
8.18738603592	-1264
8.18834805489	-1420
8.18837499619	-1316
8.1890039444	-1368
8.18964195251	543
8.18979096413	-1420
8.18979597092	-1316
8.19097089767	-1368
8.19182395935	-1420
8.19187808037	-1316
8.19219398499	-1368
8.20459699631	-1420
8.20460295677	-1420
8.2046558857	-1264
8.21375107765	-1420
8.21377897263	-1316
8.21527600288	-1368
8.21685504913	-1368
8.21695208549	-1368
8.21909189224	-1368
8.22091698647	-1420
8.22096991539	-1420
8.22097396851	-1264
8.22113800049	543
8.22509694099	-1420
8.22510194778	-1420
8.22515296936	-1264
8.22635602951	-1420
8.22640800476	-1420
8.22641086578	-1264
8.22710490227	543
8.22885799408	-1368
8.22950601578	-1420
8.22953701019	-1316
8.23981189728	-792
8.24094986916	543
8.24161291122	543
8.28805398941	-1368
8.3530600071	-1420
8.35307693481	-1420
8.3531460762	-1264
8.35597395897	-1368
8.35661292076	-472
8.35685801506	1057
8.36381697655	543
8.36423206329	1057
8.3650200367	543
8.47362804413	-1086
8.47888207436	543
8.52813506126	-1420
8.52815103531	-1316
8.54924297333	-1420
8.54925894737	-1420
8.5493350029	-1264
8.54947304726	543
8.56785202026	-1368
8.5904340744	-1218
8.59073090553	543
8.60236692429	-1368
8.6276550293	-1368
8.62842392921	1057
8.62885308266	543
8.63358998299	543
8.70720386505	-949
8.70742702484	543
8.71533608437	1057
8.71720600128	543
8.759141922	-1368
8.78902792931	543
8.82397508621	-1231
8.83237791061	543
8.87788295746	-1420
8.87790203094	-1316
8.90802598	-1368
8.9216709137	543
8.9409198761	-1094
8.94918107986	1057
8.95695090294	543
9.1438729763	543
9.21668195724	-1420
9.21669697762	-1420
9.21676397324	-787
9.21698093414	-1368
9.21771788597	-1420
9.21772289276	-1316
9.21848893166	-1420
9.21849298477	-1316
9.21854400635	-1368
9.22029900551	543
9.23812294006	-1420
9.23814201355	-1316
9.23905801773	-1368
9.23964095116	-1368
9.24030303955	1057
9.24513292313	543
9.2898080349	-1420
9.2898209095	-1420
9.28988385201	-1264
9.30550098419	-1420
9.30555295944	-1420
9.30556297302	-1264
9.32929086685	-1420
9.32930588722	-1420
9.32937407494	-1264
9.33323192596	-85
9.44350385666	543
9.45004796982	-1086
9.45479893684	543
9.45497298241	543
9.48022603989	543
9.56703495979	-1086
9.56887197495	1057
9.5813908577	-1368
9.68385505676	-1260
9.68420600891	543
9.68614292145	543
9.69742703438	-1420
9.6974439621	-1316
9.80063295364	-377
9.80169701576	543
9.91756987572	-543
9.91923594475	1057
9.95581793785	-1368
10.0132448673	-1420
10.0132629871	-1420
10.0133299828	-1264
10.0343139172	-269
10.1512320042	-1086
10.1529769897	1460
10.1530380249	111
10.1562449932	543
10.2701199055	-543
10.4605119228	-1420
10.4605288506	-1420
10.4605989456	-787
10.4623949528	-1420
10.462403059	-1316
10.4627709389	-1368
10.4767689705	-1420
10.4767799377	-1316
10.4925260544	-1368
10.5217819214	1057
10.5771110058	-675
10.5817508698	543
10.7164700031	-1368
10.7344920635	-717
10.734967947	1057
10.8269000053	-1368
10.8271009922	543
10.8511970043	-1260
10.8525879383	543
10.945925951	-1368
10.9568369389	543
10.967954874	-717
10.9683258533	1057
11.0091490746	543
11.0169909	1460
11.0170869827	111
11.0346288681	1460
11.0347268581	111
11.0519440174	543
11.0667710304	-1420
11.0667829514	-1316
11.0846829414	-377
11.0976879597	543
11.1567349434	543
11.225566864	-543
11.2348120213	543
11.2350208759	-1420
11.2350280285	-1316
11.2354450226	543
11.2505378723	-1420
11.2505569458	-1420
11.2506220341	-1264
11.2507579327	543
11.2635800838	-1368
11.263710022	-1368
11.2641968727	-1420
11.2642030716	-1420
11.2642569542	-1264
11.2650020123	-1420
11.2650589943	-1420
11.2650618553	-1264
11.2658979893	-1420
11.2659029961	-1420
11.2659580708	-1264
11.2911438942	-1420
11.2912130356	-1420
11.2912168503	-1264
11.2913880348	543
11.2940120697	-1368
11.2956390381	-1420
11.2956709862	-1316
11.2966198921	-1420
11.296653986	-1316
11.3038079739	-1420
11.3038408756	-1316
11.3423759937	-1361
11.3427019119	-1368
11.3518710136	-1420
11.3518788815	-1316
11.3567149639	543
11.3570258617	1460
11.3570959568	1139
11.4397749901	-1368
11.4402508736	1460
11.4403319359	111
11.45956707	-327
11.4608750343	543
11.4611549377	1460
11.4612128735	625
11.5624389648	-1368
11.5626728535	543
11.5763230324	-1289
11.6367020607	-1420
11.6367139816	-1316
11.6493580341	-1368
11.6506888866	-1420
11.6506950855	-1316
11.6536080837	-1420
11.6536140442	-1420
11.6536679268	-1264
11.6863899231	-1368
11.6865179539	543
11.6931838989	-1226
11.7138719559	-1368
11.8099200726	-203
12.0538229942	-1420
12.0539059639	-1420
12.0539579391	-787
12.0566709042	-1420
12.056746006	-1420
12.0568020344	-1264
12.0580029488	-1420
12.0580580235	-1316
12.0593268871	-1368
12.0726299286	-1368
12.0747299194	-1420
12.0747590065	-1316
12.079365015	-1420
12.0794000626	-1316
12.0794420242	-1368
12.090200901	-1420
12.0902688503	-1420
12.0902729034	-1264
12.097219944	-1420
12.0972259045	-1420
12.0972828865	-1264
12.097342968	-1368
12.106664896	543
12.1206629276	-1420
12.1206710339	-1420
12.1207308769	-1264
12.1209180355	-1420
12.1209778786	-1316
12.120980978	-1368
12.1526169777	-1420
12.1526319981	-1420
12.1526689529	-1264
12.1623740196	-1420
12.1624510288	-1420
12.1624550819	-1264
12.1702718735	-320
12.1704778671	-1368
12.1854560375	-1420
12.1854698658	-1316
12.1862618923	543
12.2293400764	-1368
12.2873120308	-269
12.2882990837	543
12.5908479691	-543
12.7075879574	-1057
13.4200098515	1460
13.4201500416	1460
13.4202439785	1161
13.4215929508	1117
13.5318219662	1460
13.5319218636	1460
13.5320298672	707
13.5418689251	1460
13.5419309139	1139
13.6484100819	-543
13.6821079254	543
13.6982090473	-1368
13.7185909748	543
13.7315700054	-1368
13.7650299072	-406
13.887650013	-1086
13.8878650665	543
13.8880479336	543
13.9404649734	-1368
13.9466948509	543
13.9468698502	1057
14.0049600601	-804
14.0051748753	543
14.005325079	543
14.0648300648	-1420
14.0648469925	-1420
14.0649189949	-1264
14.0651080608	543
14.1218669415	-1123
14.125068903	-1368
14.1633338928	-1420
14.1633520126	-1316
14.1653730869	543
14.1663298607	1460
14.1664149761	625
14.2327919006	-1368
14.2350280285	543
14.2356100082	1057
14.2383859158	-269
14.2699289322	-1420
14.2699790001	-1316
14.3236420155	-1420
14.3236598969	-1420
14.3236968517	-1264
14.3262269497	543
14.3278388977	543
14.3537418842	-1420
14.3537578583	-1316
14.3552200794	-1305
14.3573510647	543
14.3693809509	-1420
14.3693878651	-1316
14.3695089817	543
14.3697879314	543
14.3702449799	543
14.3861138821	-1420
14.3861200809	-1316
14.4722180367	-1297
14.4805798531	-1368
14.5016908646	543
14.5033509731	543
14.5546929836	-1420
14.5547130108	-1420
14.5547549725	-1264
14.5720629692	543
14.5891640186	-754
14.6265459061	-1420
14.6266078949	-1316
14.6267280579	-1368
14.6418290138	-1420
14.6418368816	-1316
14.6419870853	-1368
14.6754310131	-1420
14.675481081	-1316
14.6778929234	543
14.6904518604	-1368
14.7059009075	-741
14.7116549015	543
14.715141058	-1420
14.7151460648	-1316
14.7433359623	-1420
14.7433519363	-1420
14.7434270382	-1264
14.7587590218	-1420
14.7588410378	-1316
14.7588460445	-1420
14.7588970661	-1420
14.7588999271	-1420
14.758949995	-1420
14.7589528561	-1160
14.8226749897	-1368
14.8229260445	-1420
14.8229980469	-1420
14.8230030537	-1264
14.8230509758	-1420
14.8230540752	-1420
14.8231098652	-1420
14.8231129646	-1212
14.8267049789	543
14.8476679325	-1420
14.8476788998	-1420
14.8477449417	-1264
14.8756070137	-1420
14.8756830692	-1420
14.875688076	-1420
14.8757369518	-1212
14.8757388592	-1420
14.8757879734	-1420
14.8757910728	-1264
14.875838995	-1420
14.875841856	-1420
14.8758919239	-1264
14.9397149086	-1420
14.9397320747	-1316
14.9398050308	-1368
14.9398078918	-1420
14.939866066	-1420
14.939868927	-1264
14.9466629028	543
14.9467980862	543
14.9645268917	-1420
14.9645390511	-1420
14.9646110535	-1264
14.9646148682	-1368
14.9646689892	-1420
14.9646730423	-1420
14.9647939205	-1264
14.96479702	-1368
14.9648458958	-1368
14.9648499489	-1420
14.9649040699	-1420
14.9649078846	-1420
14.9649548531	-539
14.9653010368	543
14.9654810429	543
14.9656250477	543
14.9823310375	1460
14.9824268818	111
14.982886076	543
15.1646490097	-1057
15.1659200191	543
15.2057340145	-1368
15.2272460461	-1368
15.228992939	1057
15.2947309017	-1420
15.2947490215	-1316
15.295320034	1057
15.2958459854	-1420
15.2958500385	-1420
15.2959029675	-1264
15.2990789413	-1420
15.2991120815	-1316
15.2991669178	-1368
15.3002488613	-1368
15.3014709949	-1420
15.3015239239	-1316
15.302836895	-1368
15.3066940308	543
15.3077390194	-1368
15.3079140186	-1420
15.3079600334	-1316
15.3212609291	-193
15.323786974	-1420
15.3237919807	-1316
15.3239350319	-1368
15.3266608715	543
15.348320961	-1420
15.3483319283	-1420
15.3483688831	-1264
15.3485739231	543
15.3676888943	543
15.4099049568	-1368
15.4100670815	543
15.4101319313	-1420
15.4101359844	-1316
15.425262928	-1420
15.4252710342	-1420
15.4253258705	-1264
15.4277529716	-1420
15.4278080463	-1420
15.4278109074	-1264
15.4306349754	-1420
15.4306459427	-1316
15.4408590794	-707
15.4574360847	-1420
15.45748806	-1316
15.4598698616	-1420
15.4599318504	-1420
15.4599349499	-1264
15.4704780579	-1368
15.4704909325	-1420
15.4705560207	-1316
15.4747509956	-1368
15.4750509262	-1420
15.475055933	-1316
15.476651907	543
15.4809820652	-1368
15.5269889832	-1420
15.5270929337	-1420
15.5271670818	-1264
15.5271708965	-1368
15.5272209644	-1420
15.5272250175	-1420
15.5272789001	-1264
15.5272819996	-1420
15.527338028	-1420
15.5273420811	-1264
15.5274069309	-1420
15.527410984	-1420
15.527463913	-1264
15.5274679661	-1368
15.5275158882	-1368
15.5325689316	543
15.5523819923	543
15.5528600216	543
15.5649089813	543
15.5742950439	-1420
15.5743019581	-1316
15.5744640827	-1368
15.5746350288	-1420
15.5746638775	-1316
15.5746679306	-1368
15.5748279095	-1420
15.5748319626	-1362
15.5814020634	543
15.602380991	543
15.6128659248	-1368
15.6385560036	-1368
15.6386239529	-1420
15.638630867	-1316
15.6915810108	-841
15.6918308735	543
15.6941740513	543
15.7071509361	543
15.8086059093	-543
15.8167259693	543
15.8273088932	543
15.8390069008	543
15.8396630287	543
15.8446218967	-1368
15.8623919487	543
15.8831119537	543
15.904173851	-1420
15.9041900635	-1420
15.9042570591	-1264
15.9044840336	543
15.9046368599	543
15.9221959114	543
15.9224438667	-1420
15.9224500656	-1420
15.9225039482	-1264
15.9250569344	-335
15.9669659138	-1420
15.9669840336	-1316
15.9672009945	543
16.0192859173	-1368
16.035007	543
16.0419480801	-638
16.0509178638	-543
16.0511450768	543
16.0512909889	543
16.0947668552	-1420
16.0947799683	-1316
16.1067409515	543
16.1157319546	-1368
16.1220769882	543
16.1504950523	-1368
16.1544480324	543
16.1546189785	543
16.1590659618	-1420
16.1590828896	-1420
16.1591219902	-1420
16.1591248512	-208
16.1626360416	1057
16.1643760204	543
16.1670069695	1057
16.1768980026	543
16.2028388977	-543
16.203029871	543
16.2100179195	-1420
16.210036993	-1420
16.2100749016	-1264
16.2120728493	543
16.2637388706	-1420
16.2637560368	-1316
16.2674789429	543
16.2717349529	543
16.2758600712	-986
16.2822580338	543
16.2827410698	543
16.3273329735	-1420
16.3273489475	-1316
16.3274199963	-1368
16.3277549744	543
16.3362798691	-1420
16.3362960815	-1420
16.3363618851	-1264
16.3408949375	-1420
16.3409399986	-1316
16.3449728489	-1368
16.3451449871	543
16.3460760117	543
16.3478169441	-1420
16.3478238583	-1316
16.3504700661	-1368
16.3522560596	543
16.3532218933	-1420
16.3532290459	-1316
16.356167078	-1420
16.3561749458	-1420
16.3562269211	-273
16.3573610783	-1368
16.3601050377	543
16.3612370491	543
16.3670799732	-1420
16.3670859337	-1420
16.3671388626	-1264
16.371311903	-1420
16.3713419437	-1316
16.3731520176	543
16.3753960133	-1368
16.3818039894	-1420
16.3818109035	-1316
16.385420084	-1368
16.3887150288	-1420
16.388769865	-1420
16.3887739182	-1264
16.3927059174	-594
16.4015529156	-1420
16.4016070366	-1420
16.4016108513	-1264
16.4442350864	-1420
16.4442539215	-1316
16.4442970753	-1420
16.4443020821	-1420
16.4443280697	-1264
16.4443318844	-1420
16.4443569183	-1420
16.4443600178	-1420
16.4443860054	-1212
16.4443910122	-1368
16.4444799423	-1420
16.4444849491	-1420
16.4445359707	-1264
16.4445390701	-1420
16.444560051	-1316
16.4517240524	543
16.4519910812	543
16.4703700542	-1420
16.4703860283	-1420
16.4704549313	-1420
16.4704580307	-1420
16.4705090523	-1160
16.4705119133	-1420
16.470569849	-1316
16.4882919788	-1368
16.4883780479	-1420
16.4883830547	-1420
16.4884409904	-1264
16.4884438515	-1420
16.4884989262	-1316
16.4886598587	543
16.5000350475	-1420
16.5000500679	-1316
16.505450964	-1420
16.5054600239	-1420
16.5055148602	-1264
16.5055179596	-1420
16.5055689812	-1316
16.5076448917	-377
16.508097887	543
16.5095460415	-1420
16.5095770359	-1399
16.5183029175	-1368
16.5200009346	-1420
16.5200068951	-1316
16.5224590302	543
16.5371520519	1057
16.5377368927	543
16.561344862	-1420
16.5613639355	-1420
16.5614390373	-1264
16.561442852	-1420
16.5615859032	-1420
16.5615899563	-1264
16.5616400242	-1368
16.5616428852	-1420
16.5616979599	-1420
16.5617010593	-1264
16.5617499352	-1420
16.5617530346	-1420
16.5618000031	-1264
16.5618040562	-1368
16.5679080486	-1420
16.5679149628	-1316
16.5679779053	-1368
16.5680830479	543
16.5707199574	543
16.5870809555	-1420
16.5870978832	-1420
16.5871710777	-1264
16.5871739388	-1420
16.5872309208	-1420
16.5872340202	-1264
16.5916118622	-1420
16.5916190147	-1420
16.5916810036	-1264
16.5966398716	543
16.5984249115	543
16.5991230011	543
16.5993318558	543
16.6051330566	-1368
16.6099050045	-1420
16.6099479198	-1316
16.6177968979	-1368
16.6240899563	-1368
16.6262660027	-357
16.6340289116	-1368
16.6504600048	-1420
16.65052104	-1316
16.6590518951	-1420
16.6591038704	-1316
16.6603159904	-543
16.6636369228	-1368
16.7431399822	-1334
16.7467110157	543
16.7568769455	543
16.7573618889	543
16.815103054	-1086
16.8215820789	543
16.8522319794	-1368
16.8524549007	543
16.8573489189	-1368
16.8597700596	-493
16.9464049339	-1368
16.9765729904	-717
17.0016889572	543
17.0017969608	543
17.0019440651	543
17.040941	-1420
17.0409560204	-665
17.0937299728	-1057
17.1801688671	-1420
17.1801838875	-1316
17.1802229881	-1368
17.1804580688	543
17.2613348961	-1123
17.2785990238	1057
17.30397892	543
17.3202400208	543
17.3270728588	1460
17.3271620274	1460
17.3272330761	1161
17.3273639679	1460
17.3274159431	685
17.3282549381	543
17.3285930157	543
17.3298799992	1460
17.3299589157	1460
17.3300690651	707
17.3369719982	543
17.337086916	1460
17.3371698856	625
17.3867709637	-1420
17.386785984	-1316
17.4174170494	-377
17.5341188908	-543
17.5458750725	-1420
17.5458819866	-665
17.5537569523	1460
17.5538299084	111
17.5626718998	-1420
17.5626828671	-1420
17.5627398491	-1264
17.5668170452	-1420
17.5668230057	-1420
17.5668780804	-1264
17.5717730522	543
17.5751929283	-1420
17.5752010345	-1316
17.5755450726	-1368
17.5843720436	-1420
17.5844249725	-1316
17.59187603	-1368
17.596777916	1460
17.6016230583	-1420
17.6016318798	-1420
17.6016330719	-1264
17.601667881	625
17.6055538654	-1420
17.6056070328	-1420
17.6056129932	-1264
17.6144440174	-1420
17.6144599915	-1420
17.6145288944	-1264
17.6159238815	543
17.6184260845	543
17.6189968586	543
17.6241440773	-1420
17.6241528988	-1420
17.6242148876	-1264
17.6321508884	-1368
17.6353418827	-1420
17.6353480816	-1316
17.6380228996	-1368
17.6411290169	-1368
17.6459069252	-1420
17.6459128857	-1316
17.6459679604	-1368
17.6497869492	-1420
17.6498188972	-1316
17.6534190178	-1368
17.6570038795	-1420
17.6570100784	-1316
17.6603569984	-1368
17.6738340855	-1368
17.6782598495	-1368
17.6791939735	-576
17.6819429398	543
17.6824419498	543
17.6842858791	-1368
17.6949250698	-1420
17.6949899197	-1316
17.6949949265	-1368
17.6951389313	543
17.6975669861	-1420
17.6975739002	-1420
17.6976308823	-1264
17.706111908	-1420
17.7061700821	-1420
17.7061738968	-1264
17.7116348743	543
17.7134258747	-1420
17.7134320736	-1420
17.7134859562	-1264
17.7218220234	-1368
17.7263300419	-1420
17.726336956	-1316
17.7313499451	-1368
17.7315628529	-1420
17.7316019535	-1316
17.7450239658	-1420
17.7450959682	-1420
17.7451000214	-1264
17.7594108582	-1420
17.7594308853	-1316
17.7622830868	-543
17.7666819096	-1368
17.7716639042	543
17.7959909439	-1303
17.8092160225	-1368
17.8145880699	-1368
17.8271560669	-1420
17.8272268772	-1420
17.8272309303	-1264
17.8485820293	-1368
17.8528389931	-1420
17.8528878689	-1316
17.8529660702	-1368
17.8566560745	-1420
17.856662035	-1316
17.8567159176	-1368
17.8646309376	-1420
17.8646900654	-1420
17.8646929264	-1264
17.8655390739	543
17.8669359684	-1368
17.8716750145	543
17.8838469982	543
17.8915810585	543
17.9053659439	543
17.9143979549	-1368
17.9163050652	543
17.9172098637	1460
17.9172749519	111
17.9259109497	-765
17.9447438717	-1368
17.9520940781	1460
17.9522058964	625
17.954720974	-1057
17.9891848564	1460
17.9892959595	625
18.0066580772	543
18.006775856	543
18.0068860054	543
18.006980896	543
18.0616650581	-746
18.0667040348	543
18.0668718815	543
18.0806200504	543
18.1128330231	1460
18.1129388809	111
18.1144979	543
18.1246259212	1460
18.1247699261	111
18.1665658951	-1368
18.1693270206	-1420
18.1694030762	-1420
18.1694068909	-1264
18.1782879829	-327
18.1933619976	-1420
18.1934349537	-1420
18.1934399605	-1264
18.2004158497	-1368
18.2235648632	-1368
18.2315700054	-1420
18.2315809727	-1316
18.241204977	543
18.2470090389	543
18.2475888729	543
18.2480008602	543
18.2886419296	-1420
18.2886610031	-1316
18.2894508839	543
18.2899260521	543
18.2952349186	-1226
18.2975959778	543
18.3382749557	-1368
18.3387029171	-1420
18.3387410641	-1316
18.3389708996	543
18.339138031	-1420
18.339140892	-1420
18.3391420841	-1264
18.340460062	543
18.3502540588	-1420
18.3502678871	-1316
18.3504500389	-1368
18.3661220074	-1420
18.3661839962	-1316
18.3864350319	-1420
18.3865208626	-1316
18.3865270615	-1368
18.3880648613	-1420
18.3880798817	-1420
18.388117075	-1264
18.3902359009	-1420
18.3902900219	-1316
18.390294075	-1368
18.3952980042	-1368
18.3961610794	543
18.3979659081	-1420
18.3979718685	-1420
18.3980259895	-1264
18.3980879784	543
18.4001569748	-1420
18.4001638889	-1316
18.4018790722	-1368
18.4036810398	-1420
18.4037389755	-1420
18.4037430286	-1264
18.4106390476	-1420
18.4106469154	-1316
18.4107038975	-1368
18.4118700027	-668
18.4120509624	543
18.4283180237	-1420
18.4283270836	-1420
18.4283850193	-1264
18.4360258579	-1368
18.4754559994	-1368
18.475933075	543
18.5082709789	-1368
18.5103359222	543
18.5104980469	543
18.524823904	-1368
18.5274469852	1057
18.5287868977	-422
18.5868079662	-1420
18.5868179798	-1420
18.5868868828	-1264
18.5916960239	543
18.6390058994	-543
18.6455280781	-638
18.7205629349	-1420
18.7205739021	-1420
18.7206389904	-1264
18.7354910374	-1368
18.7457940578	-1420
18.7458000183	-1420
18.7458548546	-1264
18.7531399727	-1420
18.7531459332	-1420
18.7532000542	-1264
18.7623109818	-944
18.7796800137	-1420
18.7796928883	-1316
18.7934670448	-1368
18.8483300209	-1420
18.8483459949	-1316
18.8634409904	-1368
18.8787410259	-1368
18.8788659573	543
18.8962299824	-335
18.9233808517	-1368
18.9332139492	-543
18.9929769039	-543
19.0096700191	543
19.0097880363	543
19.0400750637	-232
19.0953600407	-543
19.1847109795	543
19.19282794	543
19.1949779987	543
19.2015810013	543
19.2136750221	543
19.2184960842	543
19.2215790749	543
19.2913980484	-543
19.3192019463	1460
19.3193109035	1139
19.3538520336	1057
19.3552949429	1057
19.3711378574	-543
19.4033799171	543
19.4039099216	543
19.4327549934	543
19.4377849102	-1368
19.449037075	543
19.4877099991	-261
19.5089290142	-1420
19.5090060234	-1420
19.5090129375	-1264
19.529613018	-1420
19.5296280384	-1420
19.5296928883	-1264
19.5447878838	-1368
19.5629820824	-1420
19.5629990101	-1316
19.5640940666	-1368
19.5642058849	-1420
19.5642380714	-1316
19.5666048527	-1420
19.5666620731	-1420
19.5666649342	-1264
19.5676250458	-1368
19.5682868958	-1420
19.5683200359	-1316
19.5792989731	-1420
19.5793778896	-1420
19.5793828964	-1264
19.5800938606	-1420
19.5800988674	-1316
19.5812439919	-1368
19.5819129944	-1420
19.5819680691	-1420
19.5819709301	-1264
19.5837259293	-1420
19.5837318897	-1420
19.5837850571	-1264
19.5960850716	-1420
19.5961370468	-1316
19.5987510681	-1420
19.598845005	-1420
19.5988490582	-1264
19.600260973	-1420
19.6002669334	-1316
19.6004219055	-1368
19.6004600525	543
19.6049468517	-1420
19.6049590111	-1420
19.6050209999	-1264
19.6102569103	-1420
19.6103310585	-1316
19.6103348732	-1368
19.6258099079	-1420
19.6258270741	-1420
19.6259560585	-1420
19.6259589195	-1212
19.6260159016	-1420
19.6260209084	-1316
19.6260800362	-1420
19.626085043	-1316
19.6261968613	-1420
19.6262018681	-1420
19.626251936	-1264
19.6262550354	-1368
19.6263039112	-1420
19.6263070107	-1420
19.6263539791	-1264
19.6263570786	-1420
19.6263709068	-1420
19.6263730526	-1264
19.6263740063	-582
19.6267020702	543
19.6852610111	-1420
19.6852810383	-1420
19.6854429245	-1264
19.6854479313	-1420
19.6855008602	-1420
19.6855049133	-1264
19.6856629848	-1368
19.6856660843	-1420
19.6857168674	-1420
19.6857199669	-1264
19.6857759953	-1368
19.685781002	-1368
19.6858360767	-1420
19.6858410835	-1420
19.6859009266	-1264
19.6859059334	-1420
19.6860690117	-1316
19.6860718727	-1420
19.6860740185	-1316
19.6860749722	-1420
19.6860759258	-1420
19.6860768795	-1264
19.6860780716	-1420
19.6860790253	-1420
19.6860809326	-1264
19.6860818863	-1368
19.6863019466	543
19.6865830421	543
19.6869778633	543
19.717083931	-1420
19.7171039581	-1420
19.7171509266	-1264
19.717154026	-1420
19.7171840668	-1420
19.7171878815	-1420
19.7172279358	-1212
19.7172319889	-1368
19.7175638676	-1420
19.7175700665	-1420
19.7176258564	-1264
19.7176299095	-1420
19.7177388668	-1316
19.7177419662	-1420
19.7177910805	-1420
19.7177939415	-1264
19.7268679142	543
19.7445690632	-1368
19.7449738979	1057
19.7819838524	-70
19.9281978607	-1057
19.937543869	543
19.9568390846	-1420
19.9568600655	-1316
20.0085198879	-1368
20.0104510784	543
20.0111379623	1460
20.011204958	111
20.0547800064	-580
20.0552270412	1460
20.0553050041	111
20.1444549561	-1368
20.1715519428	-775
20.1823079586	-1368
20.2493560314	-1420
20.2493710518	-1420
20.249448061	-1264
20.2513718605	-1420
20.2513790131	-1316
20.2516570091	-1368
20.2533140182	-1420
20.2533679008	-1316
20.2538130283	-1368
20.2544178963	-1420
20.2544269562	-1316
20.2545330524	-1368
20.2551238537	-1368
20.2562139034	543
20.2569439411	-1420
20.2569489479	-1316
20.2569999695	-1368
20.2576088905	-1420
20.2576398849	-1316
20.2582168579	-1420
20.2582440376	-1316
20.2583129406	543
20.2654259205	-1420
20.2654349804	-1420
20.2654910088	-1264
20.2746260166	-1420
20.2747049332	-1420
20.27470994	-1264
20.2754700184	-1420
20.2754740715	-1420
20.2755270004	-1264
20.2764370441	-1368
20.2771480083	-1420
20.2771658897	-1316
20.2775268555	-1420
20.2775318623	-1420
20.277586937	-1264
20.2783429623	-1368
20.2785129547	-1420
20.2785170078	-1316
20.2785840034	543
20.2788310051	-1368
20.2796468735	-1420
20.2797038555	-1316
20.279706955	-1368
20.2798359394	543
20.2807350159	-1368
20.28074193	-1368
20.2808330059	-1368
20.2813010216	-1420
20.2813298702	-1316
20.2821669579	-1368
20.282583952	-1420
20.2825908661	-1420
20.2826189995	-1264
20.2881500721	-268
20.2985510826	-1420
20.2985680103	-1316
20.301733017	-1420
20.3017389774	-1420
20.3017940521	-1264
20.353541851	-1420
20.3535618782	-1420
20.3536350727	-1420
20.3536400795	-1212
20.3536980152	-1420
20.3537008762	-1420
20.3537499905	-1264
20.3537528515	-1420
20.3538019657	-1420
20.3538050652	-1264
20.3539969921	543
20.388835907	-1368
20.4018349648	543
20.4050409794	-562
20.4538869858	1057
20.6022520065	1460
20.6023509502	111
20.7927200794	-543
21.0239338875	1057
21.3392369747	-543
21.6023359299	1057
21.6024580002	1057
21.639425993	1057
21.6961898804	-1420
21.6962389946	-665
21.7288680077	-1368
21.8128380775	-1289
22.05022192	543
22.2390549183	-543
22.23929286	543
22.2756299973	-1368
22.304058075	-1368
22.3557460308	-406
22.4358868599	-1420
22.4359490871	-1316
22.5530409813	-891
22.555120945	543
22.5558159351	1460
22.5558860302	111
22.6023108959	1460
22.6024010181	1460
22.6024558544	193
22.602563858	543
22.6697449684	-543
22.7888560295	-543
22.827960968	-1420
22.82802701	-1316
22.8302199841	-1420
22.8302249908	-1420
22.8302788734	-1264
22.8304429054	543
22.835793972	-1420
22.8357989788	-1316
22.8358578682	-1368
22.9448759556	-1420
22.9448950291	-1420
22.9449620247	-1420
22.9449648857	-1420
22.9450230598	-1160
22.9470329285	-1420
22.9470369816	-1316
22.9470899105	-1420
22.9470930099	-1316
22.9845888615	-1420
22.9846060276	-1420
22.9846708775	-1264
22.9855709076	543
22.9945318699	-1420
22.9945468903	-1316
23.0017158985	543
23.0617349148	-1420
23.0617539883	-1420
23.061825037	-1420
23.0618288517	-1212
23.0618860722	-1420
23.0618889332	-1420
23.0619390011	-1264
23.0637860298	-1420
23.0638620853	-1420
23.0638649464	-1264
23.0639240742	-1420
23.0639269352	-1420
23.0639820099	-1264
23.0841450691	543
23.1115579605	-1420
23.1115760803	-1420
23.1116518974	-1420
23.1116559505	-1420
23.1117060184	-1160
23.1117088795	-1420
23.1117579937	-1316
23.1118879318	543
23.1121199131	543
23.1386680603	1057
23.1468479633	543
23.1567590237	1460
23.1568410397	111
23.1786940098	-1420
23.1787099838	-1420
23.1787769794	-1420
23.1787810326	-1212
23.1788320541	-1420
23.1788358688	-1420
23.1789040565	-1264
23.1789069176	-1420
23.1789560318	-1316
23.1805889606	-1420
23.1806249619	-1316
23.1807570457	-1420
23.1808168888	-1420
23.1808218956	-1264
23.1808729172	-1420
23.1808760166	-1420
23.1809220314	-1264
23.1815400124	543
23.2285909653	-1420
23.228607893	-1420
23.2286748886	-1420
23.2286789417	-1212
23.2288439274	-1420
23.2288479805	-1420
23.2288980484	-1264
23.2289009094	-1368
23.2943599224	-1420
23.2943768501	-1316
23.2958300114	-1420
23.2958369255	-1316
23.2959740162	-1420
23.2959780693	-1420
23.2960488796	-1264
23.2960519791	-1420
23.2961080074	-1316
23.2961130142	-1420
23.2961640358	-1316
23.2961678505	-1420
23.2962179184	-1420
23.2962210178	-1264
23.2963910103	543
23.2966010571	543
23.2973129749	-1181
23.2974770069	543
23.3871059418	-1420
23.3871209621	-1316
23.3905670643	-1420
23.3905720711	-1420
23.3906240463	-1264
23.3960819244	-1420
23.3961398602	-1420
23.3961439133	-1264
23.396281004	543
23.4113929272	-1420
23.4114089012	-1420
23.4114830494	-1264
23.4114859104	-1368
23.4140100479	-1321
23.4340450764	-1368
23.4372639656	-1420
23.4372868538	-1420
23.4373738766	-1264
23.4410638809	-1420
23.4410960674	-1316
23.4454109669	-1368
23.4462900162	-1420
23.4462969303	-1316
23.4667229652	-1420
23.4667379856	-1316
23.4837739468	-1368
23.4839379787	543
23.5307199955	-807
23.6020720005	1057
23.6266999245	-1420
23.6267149448	-1316
23.6425168514	-1368
23.6475019455	-580
23.66563797	-1368
23.764467001	-717
23.7673869133	543
23.7720599174	543
23.9076318741	-1420
23.9076490402	-1420
23.9077248573	-273
24.0325219631	-543
24.1893539429	-543
24.1895370483	543
24.3859379292	-1420
24.3859579563	-151
24.3872420788	543
24.5592110157	-1420
24.5592298508	-151
24.5604479313	543
24.6153728962	-1368
24.649627924	-1420
24.6496949196	-1316
24.6498339176	543
24.6598870754	543
24.6668450832	-1420
24.6668519974	-1420
24.6669089794	-1264
24.6686890125	543
24.6716470718	543
24.6758189201	-617
24.6903610229	-1368
24.8072309494	-1231
24.9566779137	-1368
24.9606320858	543
24.9642169476	-232
24.9643509388	543
25.1205780506	-543
25.1207659245	543
25.2375428677	-1057
25.2471680641	543
25.3084330559	-1368
25.3541970253	-203
25.4311749935	-1420
25.4311928749	-1316
25.4711039066	-891
25.491011858	-1368
25.5750610828	-1368
25.5777709484	543
25.5817129612	543
25.607927084	-949
25.6116719246	543
25.7829358578	-543
25.9472129345	-543
25.9516470432	543
25.9892969131	-1420
25.9893128872	-1316
25.9998939037	-1368
26.0001270771	543
26.0150389671	-1368
26.0688209534	-1297
26.0708520412	543
26.07168293	543
26.1500668526	-1368
26.187830925	-203
26.1988449097	543
26.3046309948	-1086
26.3147480488	-1420
26.3148210049	-1316
26.3821048737	-1368
26.4212129116	-66
26.5380179882	-1057
26.5456190109	543
26.7354259491	-543
27.9270849228	-543
28.1818108559	1460
28.1819000244	111
28.1839189529	543
28.5347120762	-543
28.5354628563	-1420
28.5355129242	-1316
28.5358579159	-1420
28.535918951	-1420
28.5359699726	-1264
28.565871954	-1420
28.5659489632	-1420
28.5660018921	-1264
28.5981478691	-1368
28.6523990631	-1420
28.6524789333	-1420
28.6525318623	-1420
28.6525928974	-1212
28.6526429653	-1368
28.6528580189	543
28.6804468632	-1420
28.6804640293	-1420
28.680535078	-1420
28.6805379391	-1212
28.6807670593	543
28.6954078674	-1420
28.6954240799	-1420
28.6954989433	-1420
28.6955020428	-1212
28.7691860199	-1420
28.7692039013	-1316
28.7693479061	-1420
28.7693519592	-1420
28.7694039345	-1315
28.7945580482	-1420
28.7946350574	-1420
28.7946400642	-1264
28.8121199608	-1420
28.8121368885	-1420
28.8121759892	-1264
28.8429479599	-1420
28.8429989815	-1316
28.8859789371	-1420
28.8859920502	-689
28.8861820698	543
28.8865420818	543
29.2424309254	-1420
29.2424509525	-151
29.8215780258	1460
29.8216679096	625
30.0265290737	-1420
30.0265460014	-1420
30.0265829563	-787
30.0823309422	-1420
30.0824098587	-1420
30.0824620724	-1264
30.1432769299	-609
30.2993590832	-1057
30.999614954	543
31.2624008656	-543
31.4881129265	-1420
31.4881899357	-1420
31.4882450104	-787
31.5356419086	-1368
31.6048128605	-1231
31.6060810089	543
31.7217030525	-543
31.9384720325	-1420
31.9385340214	-1420
31.9385590553	-787
31.9387569427	543
31.9538929462	-1420
31.9539089203	-1420
31.9539749622	-1264
31.9719359875	-1368
32.0551629066	-269
33.0518789291	-1420
33.0519490242	-1420
33.0519909859	-273
33.1989750862	1460
33.1990809441	111
33.2118189335	543
33.5187199116	-543
33.5327968597	-1420
33.5328769684	-1316
33.5519430637	-1420
33.5520310402	-1420
33.5520849228	-1264
33.5845959187	-1420
33.5846469402	-1420
33.5846750736	-1264
33.6355118752	-1420
33.6355750561	-146
33.6360640526	543
33.7635838985	-543
33.8293340206	-1420
33.8293540478	-151
33.8298079967	543
34.0201189518	-1420
34.020138979	-1420
34.0202059746	-787
34.0210449696	-1420
34.0210740566	-1316
34.0218479633	-1368
34.0344879627	-1420
34.0345039368	-1316
34.0350718498	-1368
34.1369280815	-1420
34.1369469166	-1311
34.1371510029	543
34.1662929058	-1420
34.1663088799	-1316
34.2535290718	-377
34.7983088493	-543
35.0015900135	543
35.1471009254	-543
35.1816198826	-1368
35.2637400627	-203
35.5417568684	-1420
35.541836977	-1420
35.5418970585	-787
35.5870049	-1368
35.6585409641	-1231
35.9260799885	-1420
35.9261319637	-151
35.9262919426	1057
36.8744850159	-1420
36.8745019436	-151
38.0016050339	543
38.2295539379	1057
38.2403829098	543
38.4473240376	-543
38.5366120338	-1420
38.5366659164	-1316
38.5603358746	-1420
38.5603878498	-1420
38.5604150295	-1264
38.577739954	-1420
38.5778160095	-1420
38.5778698921	-1264
38.6248040199	-1368
38.6534979343	-1420
38.6535749435	-1420
38.6536340714	-1420
38.6536848545	-1420
38.6537339687	-1160
38.6945610046	-1420
38.6946358681	-1420
38.6946408749	-1264
38.6946918964	-1368
38.6946949959	-1420
38.6947519779	-4
38.695043087	543
38.6954069138	543
39.0236809254	-1420
39.0236990452	-1420
39.0237770081	-787
39.039265871	-1420
39.0393249989	-1316
39.0395998955	-1368
39.057297945	-1368
39.140335083	-269
39.3811149597	-1420
39.381166935	-151
39.445497036	-1420
39.4455468655	-1316
39.4686698914	-1420
39.4687449932	-1420
39.4688060284	-1264
39.4979019165	-957
39.4990589619	-1368
39.6145648956	-203
39.7510340214	-1420
39.7510960102	-151
39.8117790222	-1420
39.8118429184	-1316
39.8525829315	-1420
39.8526608944	-1420
39.8527150154	-1264
39.8529059887	543
39.8659570217	-1368
39.8661170006	543
39.867661953	-1160
39.9021708965	-1420
39.9022350311	-1316
39.9683799744	-1420
39.9683978558	-1316
39.9844899178	-754
43.2544429302	1057
43.2617690563	543
43.4578268528	-543
43.5579230785	-1420
43.5579738617	-1316
43.5586600304	-1420
43.5587160587	-1316
43.5587658882	-1368
43.5594670773	-1368
43.5595018864	-1368
43.5600829124	-1368
43.6245510578	-1420
43.6246318817	-1420
43.624683857	-1264
43.6755108833	-1420
43.6755959988	-1420
43.6756548882	-1264
43.6757118702	-1420
43.6757678986	-1420
43.675773859	-400
43.6762530804	543
43.8679909706	-1057
45.535599947	-543
48.0505130291	-1420
48.0506370068	-1420
48.0506689548	-787
48.1675229073	-1057
48.280933857	1057
48.2831599712	543
48.3598809242	-1420
48.3599569798	-1420
48.3600258827	-273
48.4836270809	-543
48.6691889763	-1420
48.6692409515	-1420
48.6692950726	-787
48.6695170403	543
48.6959018707	-1420
48.6959190369	-1316
48.6976308823	-1368
48.6982560158	543
48.6985609531	-1368
48.6986658573	-1368
48.7819280624	-1420
48.7819418907	-1316
48.7859179974	-1420
48.7859239578	-1420
48.7859768867	-1264
48.7859799862	-1368
48.8154408932	-1420
48.8154580593	-1420
48.8154978752	-1264
48.8155019283	-1420
48.8155269623	-1420
48.8155319691	-1264
48.8989870548	-1420
48.8990049362	-1420
48.8990700245	-1420
48.8990740776	-103
48.8992960453	543
48.8996930122	543
48.9747920036	-1420
48.9748079777	-1316
48.9928610325	-1368
48.9929850101	-1420
48.9930250645	-1316
49.014081955	-1368
49.0142979622	543
49.0155739784	-1160
49.2450048923	-1420
49.2450580597	-151
49.276597023	-1368
49.3618938923	-203
49.3620769978	543
49.6640629768	-1420
49.664083004	-151
50.4414849281	-1420
50.4414989948	-151
50.473567009	-1420
50.4735810757	-1316
50.4962439537	-1368
50.558054924	-580
50.6747729778	-543
50.6752078533	543
50.8646419048	-1420
50.8646609783	-1420
50.8647270203	-787
50.878757	-1420
50.8788108826	-1316
50.8788170815	-1368
50.8789789677	543
50.8876218796	-1420
50.8876399994	-1316
50.9814920425	-1420
50.9815099239	-1420
50.9815769196	-1420
50.9815809727	-1212
50.9816319942	-1420
50.9816348553	-1316
50.9961118698	-1420
50.9961259365	-1269
50.9963040352	543
50.99675107	543
51.3427839279	-1420
51.3428039551	-1420
51.3428440094	-787
51.3975570202	-1368
51.4594779015	-1260
51.7113440037	-1420
51.7114200592	-151
51.9883000851	-1420
51.988380909	-1420
51.9884328842	-273
52.001541853	543
52.0486688614	-1420
52.0487189293	-1316
52.0744969845	-1368
52.0746788979	543
52.1048588753	-580
52.3375689983	-543
52.8803670406	-1420
52.8804199696	-151
53.0015459061	543
53.0016570091	543
53.2968358994	1057
53.2990939617	543
53.3100509644	1460
53.3101458549	111
53.442786932	-543
53.5468878746	-1420
53.5469419956	-1420
53.5469808578	-1264
53.5593659878	-66
53.5719029903	-1420
53.5719540119	-1316
53.5732438564	-1368
53.6537079811	-1420
53.653785944	-1420
53.6538379192	-1264
53.6636898518	-1420
53.6637749672	-1420
53.6638338566	-1420
53.663891077	-1212
53.6886179447	-1420
53.6886959076	-1420
53.6887009144	-1264
53.6887500286	-1420
53.6887528896	-1316
53.6889550686	543
53.7705259323	-1420
53.7705440521	-1420
53.7706110477	-1420
53.7706148624	-1212
53.7706649303	-1420
53.7706680298	-1316
53.7708890438	543
53.7805130482	-1420
53.7805318832	-1420
53.7806010246	-1420
53.7806038857	-1212
53.7806539536	-1420
53.780657053	-1316
53.8054978848	-1420
53.8055129051	-1420
53.8055779934	-1420
53.8055808544	-1212
53.805631876	-1420
53.8056349754	-1420
53.8056828976	-1264
53.8056850433	-1368
53.8261089325	-543
53.8874769211	-1420
53.8874950409	-1420
53.8875670433	-1420
53.887570858	-441
53.8877649307	543
53.9243450165	-543
54.0015120506	543
54.2681310177	-543
56.8118739128	-1420
56.8515899181	-151
58.3217020035	1057
58.3254539967	543
58.5261609554	-543
58.6264009476	-1368
58.6264538765	-1368
58.6574280262	-1420
58.6575119495	-1420
58.6575689316	-1264
58.6592350006	-1420
58.6592960358	-1420
58.6593499184	-1264
58.739109993	-1420
58.7391738892	-1316
58.7392139435	-1368
58.7741880417	-1368
58.7742800713	-1368
58.7743520737	-1420
58.7744109631	-1316
58.7744698524	-1420
58.7744748592	-1420
58.7745299339	-1264
58.774533987	-396
58.7747299671	543
58.7749700546	543
58.775372982	543
58.855889082	-1420
58.8559069633	-1316
58.8911468983	-377
59.2411379814	-1420
59.2411999702	-665
59.9317178726	1460
59.9318180084	111
60.0014588833	543
60.0015668869	543
60.2435529232	-1057
60.418391943	-543
61.0449709892	-543
63.3466320038	1460
63.346736908	111
63.3486099243	543
63.4649300575	-543
63.6634340286	-543
63.6864600182	-1420
63.686522007	-1316
63.7008759975	-1420
63.7009530067	-1420
63.701004982	-1264
63.7020230293	-1420
63.7020819187	-1420
63.702133894	-1264
63.756360054	-1368
63.8034050465	-1420
63.8034908772	-1420
63.8035519123	-1420
63.8036019802	-1212
63.8036589622	-1368
63.8188560009	-1420
63.8188719749	-792
67.4939000607	-543
68.361497879	1057
68.3632390499	543
68.6223709583	-543
68.7127149105	-1420
68.7127668858	-1316
68.7258908749	-1420
68.7259690762	-1420
68.7260210514	-1264
68.7261998653	543
68.7357778549	-1420
68.7357940674	-1420
68.7358438969	-1264
68.7904319763	-1420
68.790514946	-1420
68.7905678749	-1264
68.7963929176	543
68.8426918983	-1420
68.8427078724	-1420
68.8427739143	-1420
68.8427770138	-1212
68.8428349495	-1420
68.8428380489	-1420
68.8428850174	-1264
68.9073140621	-1420
68.907335043	-1061
68.9075739384	543
68.9081058502	543
69.1749539375	-543
69.3514080048	-1420
69.35145998	-665
73.3750290871	1057
73.3812630177	543
73.5804600716	-543
73.6007359028	-586
73.7522270679	-1420
73.7523109913	-1420
73.7523629665	-787
73.7528939247	-1420
73.7529270649	-1316
73.7535700798	-1368
73.7539060116	-1420
73.7539339066	-1316
73.7845549583	-1368
73.7847089767	-1368
73.8691408634	-1420
73.8692209721	-1420
73.8692779541	-1420
73.869328022	-1212
73.8704938889	-1420
73.8705508709	-1420
73.870554924	-1264
73.8706040382	-1368
73.8706068993	-1368
73.9013960361	-1420
73.9014129639	-1316
73.9014670849	-1420
73.9014708996	-1420
73.9014968872	-1264
73.9016468525	543
73.9859778881	-1420
73.9859950542	-1420
73.9860620499	-1264
73.9860649109	-1420
73.9861159325	-1420
73.9861190319	-1264
73.986374855	543
73.9872570038	-1420
73.9872698784	-1420
73.9873769283	-1264
73.9873800278	-1368
73.9874370098	-1420
73.9874398708	-471
73.9877810478	543
74.3809809685	-1420
74.3809988499	-151
75.0013849735	543
77.2833840847	-543
78.3946809769	1057
78.4016060829	543
78.5921850204	-543
78.6991620064	-1368
78.7095339298	-203
80.0013740063	586
83.4164960384	1057
83.6240429878	-543
88.4311828613	1460
88.4313230515	111
88.7524299622	-543
89.4317920208	543
89.4323539734	543
91.7343568802	-1057
92.3848788738	-1057
92.4383158684	-543
92.5946018696	-1057
93.361620903	-543
94.5021748543	-1057
94.5745110512	-1368
94.6189219952	-746
97.0008409023	543
99.003898859	543
100.001429081	543
101.201714993	-543
102.745426893	-543
102.999449968	543
