0	543
0.000191926956177	543
0.886479139328	1057
1.17093706131	-543
1.30917215347	-543
1.31144213676	-1420
1.31147694588	-1316
1.31474709511	-1368
1.43847608566	-1181
1.44046807289	543
1.44126296043	543
1.72314095497	-543
1.89327001572	-543
1.9074909687	543
2.5685710907	-543
2.5692820549	-1420
2.56933093071	-1316
2.56964492798	-1420
2.5696849823	-1316
2.79127502441	-1368
2.79133796692	-1368
2.79260015488	-1420
2.7926530838	-1420
2.79268908501	-1420
2.79272294044	-1420
2.79276394844	-1420
2.79279899597	-1420
2.7928340435	-1420
2.79287409782	-8
2.92168998718	-609
2.92187905312	543
2.96091008186	1057
2.96842908859	1057
2.97075796127	1057
2.97813892365	1057
2.98809194565	543
2.98832607269	543
2.990432024	1057
2.99919700623	543
3.00119113922	1057
3.25450015068	-543
3.25675106049	-1420
3.25679206848	-1316
3.25686311722	-1420
3.25686502457	-1316
3.25704407692	543
3.25713992119	-1368
3.25728201866	-1368
3.257791996	-1420
3.25779604912	-1316
3.25810599327	-1368
3.29961299896	543
3.30071806908	543
3.38625311852	-1420
3.38632202148	-1420
3.38635993004	-1420
3.38639497757	-1212
3.38642811775	-1420
3.38646411896	-1316
3.38651800156	-1047
3.38883805275	543
3.38994908333	-1420
3.38995504379	-1316
3.39021611214	-1368
3.39366197586	543
3.4081120491	543
3.42798495293	-1368
3.42982196808	543
3.51544809341	-1420
3.51546311378	-1420
3.51552915573	-1420
3.51553297043	-1212
3.51556897163	-1420
3.5155711174	-1420
3.51561307907	-1264
3.51934194565	-1420
3.51938295364	-1316
3.52649497986	543
3.52997303009	543
3.53298807144	-1368
3.5354950428	1460
3.53556108475	111
3.53788208961	-1368
3.53809714317	543
3.64470601082	-1420
3.64472293854	-1420
3.64478492737	-1264
3.64478802681	-1420
3.64483094215	-1420
3.64483308792	-1357
3.6528570652	543
3.659304142	543
3.6610519886	543
3.66133904457	543
3.66163015366	543
3.66659712791	-1420
3.6666021347	-1316
3.66689801216	543
3.72008705139	-1420
3.72010397911	-1420
3.72013998032	-1264
3.72247099876	543
3.72445511818	543
3.72476911545	543
3.77391409874	-1420
3.77392911911	-1316
3.77406191826	-1420
3.77406597137	-1420
3.77408695221	-1420
3.77409005165	-1212
3.78741407394	543
3.79587697983	-1420
3.79588294029	-1316
3.84938097	-1420
3.84939599037	-1420
3.8494489193	-1420
3.84945297241	-1212
3.84966111183	543
3.90320110321	-1420
3.90321803093	-1316
3.90330195427	-1420
3.90331506729	-1316
3.90336203575	-1420
3.90336513519	-1316
3.92509794235	-1420
3.92510795593	-1316
3.97858405113	-1420
3.97860813141	-1420
3.97866392136	-1420
3.9786670208	-1212
4.03246498108	-1420
4.03248095512	-1420
4.03254008293	-1420
4.03254294395	-1212
4.03258514404	-1420
4.03258705139	-1316
4.05419993401	-1420
4.05420994759	-1316
4.05435299873	543
4.10781598091	-1420
4.10784196854	-1420
4.10789394379	-1264
4.1078979969	-1368
4.16176104546	-1420
4.16177201271	-1420
4.16182303429	-1420
4.16182613373	-1212
4.16185998917	-1420
4.16186213493	-1316
4.16741013527	543
4.18367195129	-1420
4.18368911743	-1316
4.23726511002	-1420
4.23728108406	-1316
4.27912402153	-1420
4.2791390419	-1316
4.29083514214	-1420
4.29085302353	-1316
4.2909719944	543
4.29112100601	-1420
4.29113411903	-1420
4.2911760807	-1420
4.29117894173	-1212
4.31278300285	-1420
4.31280612946	-1316
4.36660909653	-1420
4.36662507057	-1316
4.40847206116	-1420
4.40849494934	-1316
4.42001795769	-1420
4.42005801201	-1316
4.42024707794	-1420
4.42024993896	-1316
4.42031812668	-1420
4.42033195496	-1316
4.4421350956	-1420
4.44214296341	-1316
4.49583697319	-1420
4.49585413933	-1316
4.53782606125	-1420
4.53784298897	-1316
4.54931092262	-1420
4.54932594299	-1316
4.54969501495	-1420
4.54970002174	-1420
4.54975104332	-1264
4.54975414276	-1368
4.55092215538	543
4.57142305374	-1420
4.57143592834	-1316
4.57466697693	543
4.62533092499	-1420
4.62534713745	-1316
4.6275780201	543
4.62781405449	543
4.66705608368	-1420
4.66706895828	-1316
4.67869615555	-1420
4.67871999741	-1316
4.67906498909	-1420
4.67906904221	-1316
4.68068599701	-1420
4.6806910038	-1316
4.70062303543	-1420
4.70064496994	-1316
4.75456500053	-1368
4.75468111038	-1368
4.76367211342	543
4.79625201225	-1420
4.79626607895	-1316
4.80789399147	-1420
4.80789995193	-1316
4.80813312531	-1420
4.80813694	-1316
4.81007504463	-1420
4.81008005142	-1316
4.82995295525	-1420
4.82996106148	-1316
4.88392210007	-1420
4.88393902779	-1316
4.92557501793	-1420
4.92559194565	-1316
4.93723607063	-1420
4.93725204468	-1316
4.93729496002	-1420
4.93729805946	-1316
4.93933415413	-1420
4.93934011459	-1316
4.95913100243	-1420
4.95914196968	-1316
4.96736598015	543
5.01323795319	-1420
5.013256073	-1316
5.01350808144	543
5.03843307495	-1368
5.05476808548	-1368
5.06644296646	-1420
5.06645703316	-1316
5.06652092934	-1420
5.06652402878	-1316
5.06881308556	-1420
5.06881713867	-1316
5.08837294579	-1420
5.08838605881	-1316
5.14252400398	-1420
5.14254212379	-1316
5.17219114304	-1368
5.18419313431	-1368
5.19574999809	-1420
5.19576597214	-1420
5.19580101967	-1264
5.19580411911	-1368
5.19599795341	543
5.19808411598	-1420
5.19808912277	-1316
5.20729708672	543
5.21049714088	543
5.21073198318	543
5.21782398224	-1420
5.21782898903	-1010
5.27097201347	1460
5.27105903625	1460
5.27110505104	707
5.32126712799	543
5.56610894203	-543
5.68692612648	-1420
5.6869931221	-1420
5.68707704544	-1420
5.68711495399	-1420
5.68714904785	-1160
5.68718314171	-1420
5.6872241497	-1316
5.68726110458	-1420
5.68729400635	-1316
5.73545002937	-1420
5.7355029583	-1316
5.81610608101	-1420
5.81618595123	-1420
5.81624007225	-1264
5.8162920475	-1420
5.81634497643	-1316
5.81634807587	-1420
5.81638097763	-1420
5.8163831234	-1420
5.81641602516	-1212
5.81641793251	-860
5.81666994095	1057
5.82006812096	-1368
5.86463308334	-1420
5.86464715004	-1316
5.9453599453	-1420
5.94537711143	-1420
5.94543194771	-1264
5.94543504715	-1368
5.94549298286	-1420
5.94549608231	-1316
5.94562411308	-1420
5.94562602043	-1420
5.94562697411	-1264
5.94562792778	-1368
5.99394202232	-1420
5.99396800995	-1316
5.99413609505	543
6.07476115227	-1420
6.07480597496	-1420
6.07489013672	-1420
6.07489299774	-1212
6.07494807243	-1420
6.07495093346	-1420
6.07498407364	-1264
6.07498693466	-1368
6.07502198219	-1420
6.07502412796	-1316
6.08555197716	543
6.11418509483	-1420
6.11419892311	-1316
6.12337613106	-1420
6.12338900566	-1316
6.12564706802	543
6.12756705284	543
6.14733505249	543
6.20387291908	-1000
6.39728713036	-543
6.39755797386	-1368
6.52628707886	-203
6.55028295517	543
6.55054712296	543
6.55078101158	1460
6.5508351326	1460
6.55087995529	1161
6.55728292465	603
6.62221598625	543
6.6225039959	543
6.65551304817	-1086
6.8090441227	-1086
6.81608200073	-1420
6.81615996361	-1420
6.81616401672	-1420
6.81621813774	-1212
6.816229105	-1420
6.8162651062	-1420
6.81626796722	-1264
6.81631803513	-1368
6.81650209427	543
6.8165409565	-1420
6.81654405594	-1316
6.8663611412	-1420
6.86637306213	-1316
6.89329409599	-1368
6.94526004791	-1420
6.94527292252	-133
6.94544410706	543
6.94582700729	543
6.95156097412	-1368
6.95197701454	-1420
6.95202112198	-1316
6.95221710205	-1420
6.95226693153	-1316
6.95227003098	-1420
6.95230913162	-1316
6.95231103897	-1420
6.95235896111	-1316
6.99554610252	-1420
6.99555301666	-1316
6.99571299553	543
7.07453298569	-1420
7.07455015182	-1316
7.08127093315	-1420
7.08127713203	-1420
7.08131814003	-1420
7.08132100105	-1212
7.08159613609	-1420
7.08160114288	-1420
7.0816950798	-1264
7.08169794083	-1420
7.08173394203	-1420
7.08173704147	-1264
7.08177995682	-1420
7.12483215332	-1316
7.12487196922	-1420
7.12487506866	-1316
7.12503910065	543
7.20376801491	-1420
7.20378804207	-1316
7.21059703827	-1420
7.21061396599	-1316
7.2106590271	-1368
7.21066212654	-1368
7.21086597443	-1420
7.21088004112	-1316
7.21095204353	-1420
7.21095514297	-1420
7.21099495888	-1264
7.21099710464	-1420
7.21103096008	-1316
7.21106100082	543
7.21110200882	-1420
7.21110510826	-1316
7.21117305756	-1368
7.25426602364	-1420
7.25427508354	-1316
7.33302998543	-1420
7.33305001259	-1316
7.34007501602	-1420
7.34009003639	-1420
7.34014892578	-1420
7.34015202522	-1212
7.34032702446	-1420
7.34033107758	-1316
7.34038710594	-1420
7.34038996696	-1420
7.34042596817	-1264
7.34042906761	-1368
7.34048295021	-1420
7.34048604965	-1420
7.34056305885	-1264
7.34056591988	-1368
7.34077692032	543
7.38046813011	-1420
7.38049292564	-1316
7.38352394104	-1420
7.38353800774	-1316
7.3836979866	543
7.46218204498	-1420
7.46220111847	-1316
7.46942996979	-1420
7.46945309639	-1420
7.4695520401	-1420
7.46955513954	-1212
7.46961712837	-1420
7.46962094307	-1420
7.46966814995	-1264
7.4696700573	-1368
7.46992611885	-1420
7.46993803978	-1316
7.46998906136	-1368
7.47000002861	-1368
7.47109293938	543
7.48697900772	-1368
7.50925207138	-1368
7.50953507423	-1420
7.50954008102	-1316
7.51251292229	-1420
7.51251912117	-1316
7.59162092209	-1368
7.59182906151	-1368
7.59198093414	543
7.59904503822	-1420
7.59905099869	-1420
7.59913301468	-1264
7.59913611412	-1420
7.59918999672	-1316
7.59919214249	-1420
7.59924793243	-1316
7.59925198555	-1368
7.59928703308	-1420
7.59928894043	-1316
7.59935092926	-1420
7.59935307503	-1316
7.62047100067	-1368
7.63841199875	-1420
7.63845992088	-1420
7.63846302032	-1264
7.63861012459	543
7.63867902756	-1420
7.63868093491	-1316
7.63880515099	543
7.6416580677	-1420
7.64166307449	-1316
7.72127795219	-1420
7.72129511833	-1316
7.7284591198	-1420
7.72847795486	-1420
7.72855114937	-1264
7.72855401039	-1420
7.72864294052	-1420
7.72864699364	-1264
7.72868895531	-1420
7.72869205475	-1316
7.72903108597	-1420
7.72904610634	-1420
7.72906708717	-1264
7.72906899452	-1368
7.73534297943	-1368
7.76767206192	-1420
7.76773715019	-1316
7.76774001122	-1368
7.76787900925	-1420
7.76788306236	-1316
7.77082705498	-1420
7.77083110809	-1316
7.77748799324	543
7.85050606728	-1420
7.85052514076	-1420
7.85057997704	-1264
7.85058307648	-1368
7.85786104202	-1420
7.85786604881	-1420
7.85794305801	-1420
7.85794591904	-1212
7.85801696777	-1420
7.85802006721	-1316
7.85806703568	-1420
7.85807013512	-1316
7.8581199646	-1368
7.86457896233	-1368
7.86460709572	-1420
7.86460995674	-1316
7.86482310295	543
7.86498999596	543
7.89704203606	-1420
7.89706611633	-1420
7.8971221447	-1420
7.89712405205	-1420
7.8971581459	-1160
7.89716005325	-1368
7.90002202988	-1368
7.90020799637	-1368
7.97971510887	-1420
7.97974205017	-1420
7.97978806496	-1420
7.97979092598	-1212
7.98731303215	-1420
7.98732709885	-1420
7.98743104935	-1420
7.98743414879	-1212
7.98747897148	-1420
7.98748207092	-1420
7.98751592636	-1264
7.98751807213	-1420
7.98756504059	-1316
7.98756814003	-1420
7.98762106895	-1316
7.98769497871	-1368
7.9878680706	543
7.99389505386	-1420
7.99390006065	-1316
8.02622103691	-1420
8.02623796463	-1420
8.026293993	-1264
8.02629709244	-1420
8.02633810043	-1420
8.02634000778	-1264
8.02946400642	-1420
8.02947211266	-1316
8.02960109711	543
8.06109905243	1057
8.07473111153	1057
8.09244513512	1057
8.10889410973	-1368
8.109126091	-1420
8.10918903351	-1420
8.10919308662	-1264
8.10933995247	543
8.11671113968	-1420
8.11672592163	-1316
8.11675214767	-1420
8.11675405502	-1420
8.11678910255	-1264
8.11688995361	-1420
8.11692905426	-1316
8.11704707146	-1420
8.11710214615	-1316
8.11715197563	-1420
8.11719799042	-1420
8.11720108986	-1264
8.1193780899	543
8.11996603012	1460
8.12001299858	111
8.12040400505	1460
8.12045812607	1139
8.1236269474	-1420
8.12363314629	-1420
8.12369513512	-1264
8.12369799614	-1368
8.12539196014	1460
8.12544202805	1460
8.12548804283	1161
8.12559604645	89
8.13300299644	1460
8.13306093216	1460
8.13310694695	193
8.1478099823	1460
8.14787197113	1460
8.14791798592	193
8.15534806252	-1420
8.15535497665	-1316
8.15540099144	-1420
8.15540409088	-1420
8.1554210186	-1264
8.1554889679	-1368
8.15565609932	543
8.15874099731	-1420
8.15874695778	-1316
8.22018003464	1460
8.22026991844	111
8.22067904472	1057
8.23837208748	-1420
8.23838496208	-1420
8.23842692375	-1420
8.23843002319	-1212
8.24608802795	-1420
8.24611496925	-1420
8.24617910385	-1264
8.24618196487	-1368
8.24624609947	-1420
8.24624896049	-1420
8.24628400803	-1420
8.24628710747	-1212
8.24633002281	-1365
8.24646306038	543
8.26774811745	1057
8.27271699905	1057
8.3864569664	-543
8.38678097725	-1420
8.38683509827	-1316
8.38807702065	-1368
8.3989200592	-1368
8.39908909798	-1368
8.39983797073	-1420
8.3998439312	-1316
8.39987707138	-1420
8.40006995201	-1316
8.40137600899	-1368
8.40187191963	-1420
8.40190792084	-1420
8.4019100666	-1420
8.40192914009	-1420
8.40193009377	-1420
8.40194606781	-1108
8.40202307701	-1420
8.40208506584	-1420
8.40208792686	-1264
8.40213513374	-1420
8.40213799477	-1420
8.40222001076	-1264
8.4022231102	-1368
8.40225791931	-1368
8.40249896049	-1368
8.40287494659	-1420
8.40287899971	-1420
8.40291810036	-1264
8.40292000771	-1368
8.40316295624	543
8.40320897102	-1368
8.42921614647	543
8.4301841259	543
8.43820714951	543
8.43891310692	1057
8.44385814667	543
8.44780802727	543
8.44824004173	543
8.47796010971	543
8.51613998413	-1420
8.51615405083	-1316
8.52460098267	-1368
8.52814602852	-1368
8.52898311615	-1420
8.52898693085	-1420
8.52904510498	-1264
8.52904891968	-1420
8.52909302711	-1420
8.52909493446	-1264
8.52978301048	543
8.53117108345	-1420
8.53117609024	-1420
8.5312230587	-1264
8.53143501282	-1368
8.53152894974	-1420
8.53153204918	-1420
8.53158211708	-1420
8.53158402443	-1420
8.53162002563	-1160
8.53162193298	-1420
8.53168606758	-1316
8.53169703484	-1420
8.53173494339	-1420
8.53173804283	-1264
8.53211712837	543
8.53235507011	-1420
8.5323600769	-1420
8.53240013123	-1264
8.53240299225	-1420
8.53243803978	-1420
8.53243994713	-1264
8.5598859787	-1368
8.64581012726	-1368
8.64582705498	-1420
8.64588093758	-1316
8.65757608414	-1368
8.6577899456	-1368
8.65814113617	-1420
8.65814399719	-1316
8.65819191933	-1420
8.65819501877	-1316
8.65827608109	-1420
8.65827798843	-1316
8.66059613228	-1420
8.6605989933	-1316
8.66065311432	-1420
8.66065502167	-1420
8.66070413589	-1264
8.66078495979	-1420
8.66081213951	-1420
8.66081500053	-1264
8.66094303131	-1420
8.66094708443	-1420
8.66098213196	-1264
8.66107606888	-1420
8.66111397743	-1420
8.66111707687	-1264
8.66119003296	-1420
8.6611931324	-1316
8.66156506538	-1368
8.66171193123	-1420
8.66178011894	-1420
8.66178297997	-1264
8.6618180275	-1420
8.66182112694	-1316
8.66537714005	543
8.66557192802	543
8.66580295563	543
8.69692015648	-1368
8.73770499229	-1368
8.7541179657	-1368
8.77523398399	-1420
8.77524805069	-1420
8.77530694008	-1264
8.787140131	-1420
8.78714704514	-1316
8.78735113144	-1420
8.78735494614	-1316
8.78739595413	-1420
8.78739905357	-1316
8.78743910789	-1368
8.78752493858	-1368
8.78764295578	543
8.7900660038	-1420
8.79007196426	-1420
8.79011201859	-1420
8.79011511803	-1212
8.7901661396	-1420
8.79016804695	-1420
8.79020309448	-1264
8.79020500183	-1368
8.79031801224	-1420
8.79032206535	-1316
8.79039406776	-1420
8.79039692879	-1420
8.79041409492	-1264
8.79052305222	-1368
8.7905960083	-1420
8.79060006142	-1420
8.79064011574	-1420
8.79064297676	-1212
8.79073905945	543
8.79077506065	-1420
8.7909219265	-1316
8.79096508026	-1420
8.79096698761	-1316
8.79100203514	-1368
8.79110693932	543
8.79120612144	-1368
8.82463693619	-1368
8.8669230938	-1368
8.89658093452	-1368
8.90443611145	-1420
8.90447092056	-1420
8.90451812744	-1264
8.90452098846	-1368
8.90459895134	-1368
8.91631007195	-1420
8.91635513306	-1316
8.91647601128	-1420
8.9165160656	-1420
8.91651892662	-1264
8.91659593582	-1368
8.91670393944	543
8.91681098938	-1420
8.91681408882	-1316
8.91926193237	-1420
8.91926693916	-1420
8.91932606697	-1264
8.91932892799	-1420
8.91937398911	-1420
8.91937613487	-1264
8.91952204704	-1420
8.91952610016	-1316
8.91957092285	-1368
8.91962409019	543
8.91968297958	-1420
8.91968512535	-1420
8.91968607903	-1264
8.9196870327	-1420
8.91968798637	-1316
8.91986012459	-1420
8.91991209984	-1420
8.91991400719	-1264
8.91994714737	-1368
8.92014098167	-1420
8.92018914223	-1420
8.92019200325	-1264
8.92023611069	-1420
8.92023897171	-1316
8.9202940464	-1368
8.92043399811	543
8.95013594627	543
8.95382094383	-1420
8.95382905006	-1316
9.02571392059	-1420
9.02574205399	-1316
9.03363204002	-1420
9.03363800049	-1420
9.03368401527	-1420
9.03368592262	-1212
9.03381204605	-1420
9.03381609917	-1316
9.04551696777	-1420
9.04552292824	-1316
9.04584503174	-1420
9.0458509922	-1420
9.04589104652	-1420
9.04589295387	-1212
9.04611110687	543
9.04626202583	-1420
9.04626703262	-1316
9.04660010338	543
9.04846596718	-1420
9.04847192764	-1420
9.04852795601	-1264
9.04853105545	-1420
9.04857802391	-1420
9.04858112335	-1264
9.04868292809	-1420
9.0486869812	-1316
9.04901003838	-1420
9.04901409149	-1316
9.04906511307	-1420
9.04906702042	-1316
9.04910206795	-1368
9.04933094978	-1420
9.04937314987	-1316
9.04937601089	-1368
9.04944896698	-1420
9.04945111275	-1420
9.04948496819	-1264
9.04948711395	-1420
9.04954195023	-1316
9.04954504967	-1420
9.04958105087	-1420
9.04958510399	-1264
9.0496931076	543
9.049888134	-1420
9.0498919487	-1316
9.06347107887	-1368
9.08305692673	-1368
9.15531110764	-1420
9.1553311348	-1316
9.16296100616	-1368
9.16296696663	-1368
9.16303992271	-1420
9.16304302216	-1316
9.16321706772	-1420
9.16321992874	-1420
9.16325712204	-1420
9.16325998306	-1212
9.16743397713	543
9.16901397705	543
9.17482709885	-1420
9.17483401299	-1316
9.17506504059	-1420
9.17506814003	-1316
9.17513799667	-1420
9.1751511097	-1316
9.17536902428	-1420
9.17537307739	-1316
9.1778409481	-1420
9.17784500122	-1420
9.17789292336	-1264
9.17789506912	-1368
9.17803096771	-1420
9.17803812027	-1420
9.17807507515	-1264
9.1780769825	-1368
9.17831110954	-1420
9.17831492424	-1316
9.17838096619	-1420
9.17838406563	-1316
9.1787519455	-1420
9.17876410484	-1420
9.17881011963	-1420
9.17881202698	-1212
9.17884612083	-1420
9.17885708809	-1316
9.17925095558	-1420
9.17925405502	-1420
9.17930293083	-1264
9.17930603027	-1420
9.17934894562	-1420
9.17935204506	-1264
9.1794230938	-1420
9.17942500114	-1420
9.17946004868	-1264
9.17946314812	-1368
9.18142700195	543
9.18170213699	543
9.18194198608	1057
9.21219801903	-1368
9.21234297752	-1368
9.28461694717	-1420
9.28463411331	-1316
9.29231595993	-1420
9.29232311249	-1420
9.29240012169	-1420
9.29240202904	-1212
9.29244804382	-1420
9.29245114326	-1420
9.29248595238	-1264
9.29248905182	-1368
9.30417704582	-1420
9.30419301987	-1316
9.30448698997	-1420
9.30449104309	-1420
9.30451893806	-1264
9.30457496643	-1420
9.30460214615	-1420
9.3046040535	-1264
9.30664396286	543
9.30732107162	-1420
9.30737614632	-1420
9.30745005608	-1264
9.30745410919	-1420
9.30749106407	-1420
9.30749392509	-1420
9.30753111839	-1212
9.30759596825	-1368
9.30778503418	-1420
9.3077890873	-1420
9.3078250885	-1264
9.30789709091	-1420
9.3079431057	-1420
9.30794811249	-1264
9.30826711655	-1420
9.30827093124	-1316
9.30848193169	-1420
9.30848693848	-1316
9.30858397484	-1420
9.30858707428	-1420
9.30862402916	-1264
9.3086271286	-1368
9.30870103836	-1368
9.30881810188	-1420
9.30885696411	-1316
9.30889892578	-1420
9.30891609192	-1316
9.30895709991	-1420
9.30897498131	-1420
9.30897808075	-1264
9.31224894524	543
9.3124101162	543
9.31314206123	1460
9.3131980896	111
9.31363511086	543
9.31726813316	543
9.34179496765	-1420
9.34180998802	-1316
9.39063811302	-1368
9.41013503075	543
9.4136941433	-1420
9.41370010376	-1420
9.41374492645	-1264
9.42182707787	-1420
9.42187714577	-1316
9.42188096046	-1420
9.42191696167	-1420
9.42191910744	-1264
9.42195415497	-1368
9.43343114853	-1420
9.4334859848	-1420
9.43349003792	-1420
9.43352603912	-1212
9.43368506432	-1420
9.43372607231	-1420
9.43372797966	-1264
9.43383193016	-1420
9.4338350296	-1420
9.43387103081	-1264
9.43661594391	-1420
9.43666315079	-1420
9.43666601181	-1420
9.43676400185	-1212
9.43676614761	-1420
9.43681406975	-1420
9.436825037	-1264
9.43686199188	-1368
9.43705201149	-1420
9.4371099472	-1316
9.43759012222	-1420
9.43762898445	-1420
9.43763208389	-1264
9.43767595291	-1368
9.43767809868	-1420
9.43774008751	-1316
9.43774294853	-1420
9.4378080368	-1316
9.43781113625	-1420
9.43787503242	-1316
9.43787813187	-1368
9.43792295456	-1368
9.43809509277	-1368
9.43813300133	-1420
9.43813514709	-1420
9.43816995621	-346
9.44590306282	543
9.44618201256	543
9.50934004784	543
9.51259493828	543
9.54739904404	543
9.54931092262	543
9.54960012436	543
9.59273099899	-543
9.62425708771	-1368
9.62431502342	-1420
9.62431907654	-1316
9.70638799667	1460
9.70648908615	625
9.71750307083	543
9.71797609329	1057
9.72693800926	-1368
9.75197315216	-1368
9.75204205513	-1420
9.75204706192	-1316
9.75214505196	-1368
9.75342392921	-654
9.75527000427	543
9.86690092087	-1368
9.86747097969	-1420
9.8675160408	-1316
9.86897492409	1057
9.88261008263	-696
9.88526296616	1057
9.93352293968	-1368
10.0149891376	-1260
10.01664114	1460
10.0166969299	1139
10.1362800598	-1368
10.1446249485	-775
10.2320799828	-1368
10.2364990711	-1420
10.2365660667	-1420
10.2365720272	-1420
10.2366080284	-1212
10.2368581295	543
10.2504079342	1057
10.2507641315	543
10.273884058	-501
10.3655340672	-1368
10.4030900002	-232
10.4052700996	1460
10.4053189754	1139
10.532253027	-1086
10.5524699688	1057
10.6644330025	-1086
10.945734024	-543
10.9467101097	-1368
10.9839439392	-1420
10.9839911461	-1316
11.0011110306	543
11.0375390053	-1368
11.0758619308	-841
11.0872991085	543
11.2049160004	-1086
11.2748689651	-1420
11.2749371529	-1420
11.2749810219	-1264
11.2750179768	-1420
11.275053978	-1420
11.2750890255	-1264
11.2813551426	-1420
11.2813980579	-1316
11.2832529545	-1368
11.2846119404	-1368
11.29657197	-1420
11.2966170311	-1316
11.2982540131	-1368
11.2999410629	-1420
11.2999460697	-1316
11.3000841141	-1368
11.3007049561	-1368
11.3007111549	-1368
11.3013150692	-1368
11.3019051552	-1420
11.3019471169	-1316
11.3021540642	-1368
11.3023910522	-1420
11.3023951054	-1316
11.3024950027	-1420
11.3024981022	-1316
11.3025951385	-1368
11.3028209209	-1368
11.3032691479	543
11.3033809662	-1420
11.3033850193	-1420
11.3034241199	-1264
11.3034291267	-1420
11.3034639359	-1316
11.3036520481	543
11.4039640427	-241
11.5737380981	-1086
11.5976970196	1057
11.6076231003	1057
11.9330580235	-543
12.0666739941	-1368
12.0667200089	-1368
12.0669770241	-1368
12.0881719589	1460
12.0882840157	111
12.0885660648	543
12.1027629375	-1152
12.6612739563	-543
12.7902960777	-543
12.8279891014	1057
12.8315019608	1057
12.832034111	1057
12.8356461525	1057
12.8751039505	1460
12.8752059937	111
12.8881859779	543
12.8947520256	1057
12.9090659618	1460
12.9091479778	625
12.9208641052	1460
12.9209420681	111
12.9340350628	543
13.1430649757	-543
13.1870601177	-1420
13.1871259212	-1316
13.1871321201	-1420
13.1871750355	-1420
13.1871769428	-1420
13.1872150898	-1212
13.1896569729	-1420
13.1897039413	-1420
13.1897070408	-1264
13.1898839474	543
13.3127119541	-1420
13.3127379417	-1316
13.3161900043	-1368
13.3164150715	-1420
13.3165111542	-1420
13.3165140152	-1264
13.3165800571	-1420
13.3165941238	-1316
13.3166339397	-1420
13.3166370392	-1420
13.316671133	-1264
13.3166739941	-1420
13.3167490959	-1420
13.3167519569	-1264
13.3188409805	-1420
13.3188509941	-1420
13.3189160824	-1420
13.3189189434	-1212
13.3189549446	-1420
13.3189580441	-1316
13.3236999512	543
13.3251700401	543
13.3301560879	543
13.3376090527	1057
13.3474991322	1057
13.374997139	543
13.3802149296	1057
13.391297102	543
13.3925681114	1057
13.44196105	-1420
13.4419760704	-1420
13.4420330524	-1264
13.4420361519	-1368
13.4422371387	543
13.4453949928	-1420
13.4454021454	-1420
13.4454760551	-1264
13.4454791546	-1420
13.4455289841	-1316
13.4455311298	-1368
13.4456369877	-1420
13.4456391335	-1316
13.4458241463	543
13.4458680153	-1420
13.4458699226	-1420
13.4458711147	-1264
13.4458990097	-1420
13.4459011555	-1420
13.4459011555	-1264
13.4459681511	-1420
13.4459700584	-1420
13.4460279942	-1264
13.4460301399	-1368
13.4461801052	-1420
13.4461829662	-1420
13.4462020397	-1264
13.4464271069	-1420
13.4464759827	-1316
13.446488142	-1368
13.4478099346	-118
13.4717159271	543
13.4805300236	543
13.4808630943	543
13.4815061092	543
13.4819829464	543
13.4876990318	543
13.4879460335	543
13.5129590034	543
13.5132410526	543
13.6262910366	-543
13.6607100964	-1368
13.7053079605	-1368
13.7057459354	-1420
13.7057890892	-1316
13.7057931423	-1368
13.7058861256	-1368
13.7118279934	543
13.7129211426	543
13.7133290768	543
13.7203991413	-1420
13.7204151154	-1316
13.7357280254	-1368
13.7517309189	543
13.7522740364	543
13.7524869442	543
13.753631115	-1420
13.7536361217	-1316
13.7894079685	-1420
13.7894239426	-1420
13.7894780636	-1420
13.7894799709	-1212
13.7898080349	-1047
13.7898960114	543
13.792648077	-1368
13.7965350151	-1368
13.7968530655	-1420
13.7968559265	-1316
13.8112800121	-1420
13.8112940788	-1316
13.8273119926	543
13.8302021027	1460
13.8302540779	625
13.9190630913	-1276
13.9257149696	-1368
13.9360859394	543
13.9800310135	-1368
13.9800739288	-1368
13.9907119274	1460
13.9907741547	625
14.0157680511	-1368
14.0160720348	-1420
14.0161731243	-1420
14.0161750317	-1420
14.016217947	-1212
14.0162200928	-1420
14.0162630081	-1316
14.0168309212	-1420
14.0168499947	-1420
14.0168540478	-1264
14.0388629436	1460
14.0389380455	625
14.0550279617	-525
14.0964300632	-1368
14.0964500904	-1368
14.100538969	-1420
14.1005430222	-1316
14.208892107	-1368
14.2255170345	-45
14.2370140553	-1368
14.2482609749	543
14.2551739216	-1368
14.2557570934	1057
14.2562110424	543
14.3546309471	-1007
14.3556039333	543
14.5234041214	-543
14.6525709629	-543
14.6901731491	-1368
14.6903150082	-1368
14.7176020145	1057
14.7253119946	-1368
14.7255351543	-1420
14.7255380154	-1316
14.7256729603	-1420
14.7257220745	-1316
14.7257249355	-1368
14.7259941101	-1420
14.7259979248	-1420
14.7260420322	-1264
14.7439529896	-1368
14.7441301346	-1368
14.7442231178	543
14.7458281517	1057
14.7827489376	-1368
14.7832081318	-1420
14.7832491398	-1316
14.7832961082	-1368
14.819494009	-309
14.948775053	-1086
15.0666720867	-1368
15.1352701187	-804
15.2240860462	-1420
15.2241010666	-1316
15.2245061398	-1368
15.2643990517	-609
15.2665920258	543
15.3394911289	1057
15.477519989	543
15.5947389603	-543
15.7413830757	-543
15.8749089241	-1420
15.874958992	-1316
15.9554481506	-406
15.9566409588	543
15.958534956	543
15.9730849266	-1368
16.0845730305	-746
16.0854890347	1057
16.088727951	543
16.224517107	-543
16.3933520317	-543
16.4296851158	-1368
16.5004329681	-1368
16.500756979	-1368
16.5273461342	-1420
16.5273611546	-1316
16.5284910202	543
16.558932066	-1102
16.641190052	-1420
16.6412079334	-1316
16.7453589439	-406
16.7695939541	1057
16.8746130466	-543
16.8749899864	543
17.1446549892	-543
17.2270140648	-1420
17.2270650864	-1316
17.227093935	-1368
17.3135120869	-1152
17.3865070343	1460
17.3865849972	625
17.3904299736	433
