0	1057
0.156723022461	-543
0.187858819962	-1420
0.18793797493	-1276
0.187976837158	-1348
0.193259000778	-1348
0.276268959045	-436
0.278384923935	543
0.279191017151	543
0.438491821289	-543
0.599512815475	-543
0.61109495163	543
0.93957400322	543
1.17945384979	-543
1.18193793297	-1420
1.18199086189	-1276
1.20852184296	-1420
1.20857191086	-1420
1.20857596397	-1204
1.20876383781	543
1.21067500114	-1420
1.21068882942	-1420
1.21073794365	-1204
1.21344995499	-1348
1.30074691772	-1420
1.30076479912	-1420
1.30082082748	-1420
1.30082392693	-1420
1.30085992813	-982
1.30104398727	543
1.34062600136	1057
1.352602005	1057
1.3549079895	1057
1.35699295998	1057
1.36669588089	1057
1.37134695053	1057
1.38445782661	543
1.3972389698	1057
1.52142190933	-543
1.53816986084	-1348
1.53979897499	-1420
1.53980493546	-1276
1.54146385193	-1348
1.54784584045	-1420
1.54790592194	-1420
1.54790997505	-1204
1.55551290512	-1420
1.5555357933	-1420
1.55556988716	-1204
1.55853390694	-1348
1.55965089798	-1420
1.55965685844	-1276
1.5610768795	-1348
1.57032179832	-1348
1.57336878777	543
1.58231282234	543
1.59282898903	543
1.59325480461	543
1.59347581863	543
1.59380578995	543
1.59500980377	543
1.59525585175	543
1.59551501274	543
1.59574580193	543
1.65703988075	-1420
1.6570558548	-1420
1.65711283684	-1204
1.65711593628	-1348
1.65867185593	-1420
1.65867686272	-1420
1.65876579285	-1204
1.65876889229	-1348
1.66640686989	-1420
1.66641497612	-1420
1.66648197174	-1420
1.66648483276	-1132
1.66653299332	-1420
1.66653585434	-1420
1.66657280922	-1204
1.66657590866	-1348
1.6730120182	543
1.67466187477	-1420
1.67466688156	-1420
1.674710989	-1420
1.67471385002	-742
1.6759519577	543
1.71961593628	543
1.72002792358	1460
1.72008490562	111
1.72383189201	543
1.72570991516	543
1.72970581055	543
1.72995495796	543
1.73039197922	543
1.73060798645	543
1.76203083992	-1348
1.76578879356	-1348
1.76776099205	-1420
1.76776599884	-1276
1.77015995979	-1420
1.77016592026	-1276
1.77103185654	-1348
1.77214384079	-1348
1.7724108696	543
1.77450990677	-1420
1.77451395988	-1276
1.77526283264	-1348
1.77664685249	-1348
1.77718281746	543
1.77723789215	-1420
1.77724099159	-1276
1.77746295929	543
1.77954602242	-1420
1.77955389023	-1420
1.77960181236	-1204
1.78192687035	-1420
1.78197598457	-1420
1.7819788456	-1204
1.78444099426	-1348
1.78586602211	-1348
1.78790593147	-1420
1.78790998459	-1420
1.78795981407	-1204
1.78984999657	-1420
1.78989887238	-1276
1.79103183746	543
1.79107999802	-1348
1.79194498062	-1420
1.79198694229	-1420
1.79198980331	-1204
1.79332280159	-1172
1.79339694977	-1420
1.79342985153	-1276
1.79425096512	-1348
1.79434490204	543
1.79654884338	-1420
1.7965528965	-1276
1.7970688343	-1348
1.79768300056	-1348
1.79785990715	-1348
1.798391819	-1348
1.79888081551	-1348
1.79973292351	-1348
1.80017089844	-1348
1.80082678795	543
1.83613085747	-1348
1.8703558445	-1420
1.87042498589	-1276
1.88115692139	-1420
1.88120484352	-1276
1.88435602188	-1348
1.88445281982	-1420
1.88445687294	-1276
1.89141488075	543
1.91229391098	-290
1.92119193077	-1348
1.92306089401	543
1.93506383896	-1348
1.93922781944	-1420
1.93927979469	-1420
1.93928289413	-1204
1.94292497635	-1420
1.94292998314	-1420
1.94297099113	-1204
1.94686698914	-1420
1.94691085815	-1420
1.9469139576	-1204
1.94817590714	-1348
1.95045995712	-1348
1.95187783241	-1348
1.95397782326	-1348
1.95695400238	-1420
1.95695781708	-1276
1.95724701881	543
1.95857000351	-1348
1.96015286446	-1420
1.96021795273	-1420
1.96022081375	-1204
1.97444486618	-1420
1.97445678711	-1276
1.97844982147	-1348
1.98031187057	543
1.9817199707	-1348
1.98475289345	-1348
1.9871339798	-1348
1.98922181129	-1348
1.99213290215	-1348
1.99513983727	-1420
1.99518585205	-1276
1.99859380722	-1348
1.99905180931	1460
1.99910593033	1460
1.99915385246	707
2.00128483772	-1348
2.00570201874	-1420
2.00578188896	-1276
2.0057849884	-1348
2.00942587852	-1420
2.00943899155	-1276
2.00948786736	-1348
2.00971698761	1057
2.01229691505	-1420
2.01230382919	-1420
2.01235198975	-1204
2.01563596725	-1348
2.01746702194	-1420
2.01747083664	-1276
2.01902699471	-1348
2.02059793472	543
2.02160382271	-1348
2.03991889954	-143
2.04382491112	543
2.1770298481	-543
2.20758295059	-1420
2.20763778687	-1276
2.20844388008	-1348
2.20981693268	-1420
2.20982193947	-1276
2.21115899086	-1348
2.21216082573	-1420
2.21220397949	-1276
2.21337890625	-1348
2.21459984779	-1348
2.21470999718	-1348
2.21565485001	-1348
2.21909999847	-1420
2.21914291382	-1276
2.22227692604	-1420
2.22232294083	-1420
2.22232699394	-1204
2.22436881065	543
2.22580981255	-1420
2.22582387924	-1276
2.2259478569	-1348
2.22600483894	543
2.22845387459	-1420
2.22845888138	-1276
2.23808979988	-1420
2.23811292648	-1276
2.23826479912	-1348
2.23870301247	-1420
2.2387368679	-1276
2.2391679287	-1348
2.23976588249	-1420
2.23977088928	-1276
2.24008584023	-1348
2.25948786736	-1420
2.25954079628	-1420
2.2595448494	-1204
2.25999379158	-1420
2.25999879837	-1420
2.26004886627	-1204
2.26052880287	-1420
2.26057291031	-1420
2.26057600975	-1204
2.2607178688	543
2.2615737915	-1420
2.26157879829	-1276
2.26191592216	-1348
2.26239299774	-1348
2.26261687279	-1348
2.26272583008	-1348
2.26294088364	-1348
2.26300287247	-1348
2.26337480545	-1420
2.26337885857	-1276
2.26364398003	-1348
2.26384496689	-1420
2.26386594772	-1276
2.26399683952	-1348
2.26416397095	-1420
2.26416802406	-1276
2.26440382004	-1348
2.26609396935	543
2.26622581482	543
2.28839302063	-1348
2.28888487816	-1420
2.28893899918	-1276
2.289457798	-1420
2.28951978683	-1420
2.28952288628	-1204
2.28971290588	-1348
2.29008889198	-1348
2.29781794548	-1348
2.32632088661	-1420
2.32638096809	-1420
2.32638502121	-1204
2.3264298439	-1420
2.32643198967	-1420
2.32646894455	-1204
2.32873487473	-1420
2.32882380486	-1420
2.3288269043	-1204
2.32886481285	-1420
2.32886791229	-1420
2.32890200615	-1204
2.33123278618	-1348
2.33132195473	-1420
2.33132386208	-1276
2.33164191246	-1420
2.3316450119	-1420
2.33164596558	-1204
2.33279395103	543
2.3334748745	-1420
2.33347988129	-1420
2.33356690407	-1204
2.33357000351	-1348
2.33450198174	-1420
2.33450698853	-1420
2.33455181122	-1420
2.33455395699	-1132
2.33765101433	-1420
2.33766579628	-1420
2.33771085739	-1204
2.33771395683	-1348
2.34060001373	1057
2.34104180336	-1420
2.34104681015	-1420
2.34109783173	-1204
2.34126091003	-1420
2.34128379822	-1276
2.34128689766	-1348
2.34447002411	-1420
2.34447598457	-1420
2.34453296661	-221
2.43308591843	1057
2.50711083412	1057
2.70596385002	-543
2.86456990242	-1086
2.86934685707	-1348
2.8804268837	-1348
2.88279795647	-1348
2.96180295944	-1420
2.96186995506	-1420
2.96191000938	-1204
2.96249699593	1460
2.9625480175	1460
2.96258497238	1161
2.96267199516	1460
2.96271300316	685
2.97709298134	-1348
2.98289585114	-77
2.99128890038	543
3.0000538826	1057
3.11741089821	-543
3.13728284836	-1348
3.13963699341	-1348
3.14058279991	-1348
3.14279484749	-1348
3.14397788048	-1420
3.14401197433	-1276
3.14560079575	-1348
3.14704489708	-1420
3.1470489502	-1276
3.14890480042	-1348
3.15036392212	-1420
3.15041089058	-1276
3.1514878273	-1348
3.15294694901	-1348
3.15475893021	-1420
3.15480399132	-1420
3.15480685234	-1204
3.1568748951	-1420
3.15688085556	-1420
3.156924963	-1204
3.15984892845	-1420
3.15990185738	-1420
3.15990495682	-1204
3.16022801399	543
3.16216778755	-1420
3.16217398643	-1276
3.16311478615	-1348
3.16409492493	-1348
3.16419100761	-1348
3.16472387314	543
3.1656088829	-1348
3.16791391373	-1348
3.16897296906	-1348
3.17065691948	-1348
3.1720468998	-1420
3.17205286026	-1276
3.17373895645	-1348
3.17518091202	-1420
3.17522883415	-1276
3.1771068573	-1348
3.17846989632	-1420
3.17847585678	-1276
3.17957282066	-1348
3.18161582947	-1420
3.18166184425	-1276
3.18278288841	-1348
3.18288397789	543
3.18563485146	-1420
3.18564200401	-1276
3.18730998039	-1348
3.1879529953	-1420
3.18799901009	-1420
3.18800187111	-1204
3.20273900032	-1348
3.256057024	-1420
3.25607085228	-1420
3.25612688065	-1204
3.25612878799	-1348
3.25934696198	-1420
3.25936198235	-1420
3.25941181183	-1204
3.25941491127	-1348
3.26251888275	-1420
3.26252484322	-1420
3.26257681847	-1204
3.26257896423	-1348
3.26270079613	543
3.2628929615	543
3.26433587074	-1420
3.26434087753	-1420
3.26438379288	-1420
3.26438593864	-1132
3.26559281349	-1420
3.26559782028	-1420
3.26564002037	-1204
3.26564192772	-1348
3.26888489723	-1420
3.2688908577	-1276
3.26896286011	-1420
3.26896595955	-1276
3.26901578903	-1420
3.2690179348	-1276
3.27164697647	-1420
3.27165293694	-1420
3.27169585228	-1204
3.27169895172	-1348
3.27365994453	-1420
3.273665905	-1276
3.27385783195	-1420
3.2738609314	-1420
3.27390480042	-1204
3.27390789986	-1348
3.2739648819	543
3.2762799263	-1420
3.27629899979	-1420
3.27633690834	-1204
3.27633881569	-1348
3.2763569355	-1420
3.27635884285	-1276
3.27873587608	-1420
3.27874898911	-1420
3.2787938118	-1204
3.27879691124	-1420
3.27883481979	-1420
3.27883696556	-1204
3.27898788452	543
3.28087902069	-1420
3.28088378906	-1420
3.28092598915	-1204
3.2809278965	-1348
3.28104686737	543
3.28303194046	-1420
3.28304696083	-1420
3.28309297562	-1204
3.28309488297	-1348
3.28464198112	-1420
3.2846570015	-1420
3.28471899033	-1204
3.28472089767	-1348
3.28767085075	-1420
3.28767681122	-1420
3.287722826	-1204
3.28772497177	-1348
3.29085302353	-1420
3.29085898399	-1276
3.2908809185	-1420
3.29089283943	-1420
3.29091095924	-1204
3.29101085663	-1348
3.29111981392	543
3.29395389557	-1420
3.29395985603	-1276
3.29398393631	-1420
3.29398584366	-1420
3.29401183128	-1204
3.29412293434	-1348
3.29721593857	-1420
3.29722189903	-1276
3.29725384712	-1420
3.29725599289	-1276
3.29737901688	-1420
3.29738283157	-1276
3.30045485497	-1420
3.30046081543	-1420
3.30050301552	-1204
3.30050587654	-1420
3.3005259037	-1420
3.30052781105	-1204
3.30064582825	543
3.30192995071	-1420
3.30193591118	-1276
3.30203986168	543
3.30460786819	-1420
3.30461287498	-1420
3.30466485023	-1204
3.30466794968	-1348
3.3048210144	543
3.30513501167	543
3.30695390701	-1420
3.3069589138	-1420
3.30700778961	-1204
3.30700993538	-1420
3.30707788467	-1276
3.30715298653	-1420
3.30718398094	-1420
3.30718684196	-1204
3.32163691521	-1420
3.321641922	-1276
3.37470197678	-1420
3.37471699715	-1420
3.37477278709	-1204
3.37477588654	-1420
3.37482190132	-1420
3.37482690811	-1204
3.37808895111	-1420
3.37809491158	-1420
3.37819194794	-1204
3.37819480896	-1420
3.37823987007	-1276
3.37842297554	543
3.37847280502	-1420
3.37847495079	-1420
3.37847590446	-1204
3.38137197495	-1420
3.38144183159	-1420
3.38144493103	-1204
3.38149285316	-1420
3.38149499893	-1276
3.3815369606	-1420
3.38154792786	-1276
3.38158583641	-1348
3.38172388077	543
3.38289380074	-1420
3.38291692734	-1420
3.38299584389	-1204
3.38299894333	-1420
3.38304591179	-1276
3.38304781914	-1348
3.38311386108	-1420
3.38311600685	-1276
3.38316392899	-1348
3.38323283195	-1348
3.38337993622	543
3.38438200951	-1420
3.38438796997	-1420
3.38442897797	-1204
3.38467788696	-1420
3.38472080231	-1420
3.38472390175	-1204
3.38751196861	-1420
3.3875169754	-1276
3.38758587837	-1420
3.38758802414	-1276
3.38762497902	-1348
3.38777494431	-1420
3.38782787323	-1276
3.38787794113	-1420
3.3879199028	-1276
3.38792300224	-1348
3.38799595833	-1420
3.38799881935	-1276
3.38807988167	-1420
3.38808298111	-1276
3.38822793961	543
3.39021801949	-1420
3.39023184776	-1276
3.39026498795	-1348
3.39036798477	-1420
3.39042782784	-1420
3.39043092728	-1204
3.39243984222	-1420
3.39245486259	-1276
3.39257788658	543
3.39262795448	-1420
3.39262986183	-1420
3.39263081551	-1204
3.39267802238	-1348
3.39285182953	-1420
3.39285588264	-1420
3.39291501045	-1420
3.39291787148	-1132
3.39295387268	-1348
3.39295601845	-1348
3.39312195778	-1420
3.3931248188	-1276
3.39319396019	543
3.39397597313	-1420
3.39398193359	-1420
3.39400482178	-1204
3.3941090107	-1420
3.39415001869	-1420
3.39415287971	-1204
3.39422678947	-1348
3.3943669796	-671
3.43461585045	543
3.43541693687	1460
3.43546700478	111
3.50921797752	-1348
3.51295185089	-766
3.6337788105	-543
3.68498396873	-1420
3.68499088287	-1276
3.68505382538	-1348
3.6861410141	-1420
3.68614602089	-1420
3.68618679047	-1204
3.68837285042	-1420
3.68837785721	-1276
3.68883991241	-1348
3.68977880478	-1420
3.68978381157	-1276
3.69058394432	-1348
3.69271683693	-1420
3.69272184372	-1276
3.6939868927	-1420
3.69399285316	-1420
3.69403791428	-1204
3.69594097137	-1420
3.69594693184	-1420
3.69598793983	-1204
3.69606995583	1057
3.69741988182	-1420
3.69742488861	-1276
3.69751000404	-1348
3.69802594185	-1420
3.69807100296	-1420
3.69807386398	-1204
3.69829201698	-1348
3.69842886925	-1420
3.69847083092	-1276
3.6988568306	-1348
3.6989569664	-1420
3.69896101952	-1276
3.69966197014	-1348
3.79280996323	-474
4.51774287224	1460
4.5178399086	1460
4.51791286469	1161
4.51804089546	1460
4.51807880402	1460
4.51811289787	1161
4.51819086075	1460
4.5182299614	1460
4.51826381683	1161
4.51835179329	209
4.52317690849	1460
4.52322697639	1460
4.52327179909	1161
4.52337694168	1460
4.523416996	685
4.67007684708	543
4.67041683197	543
4.67069602013	543
4.67095780373	543
4.67681884766	-543
4.68207001686	-1420
4.68211984634	-1276
4.69169998169	-1420
4.69176197052	-1420
4.69180083275	-1204
4.69331884384	-1348
4.69805884361	-1420
4.69810295105	-1276
4.69897580147	-1420
4.69902300835	-1420
4.69905996323	-1204
4.69953989983	-1348
4.71016788483	-1420
4.71021580696	-1276
4.71041798592	-1348
4.71111488342	-1420
4.71112084389	-1276
4.71450185776	-1348
4.71460700035	-1420
4.71465301514	-1420
4.71465587616	-1204
4.71474289894	-1348
4.71481800079	543
4.71500396729	543
4.72151994705	-1420
4.72152996063	-1276
4.72213292122	-1348
4.72411990166	-1348
4.72501993179	-1420
4.72502589226	-1276
4.72586679459	-1348
4.72638893127	-1348
4.72659397125	-1348
4.72685885429	-1348
4.72718191147	-1420
4.72718596458	-1276
4.72771286964	-1348
4.72779679298	543
4.72956585884	-1420
4.72958183289	-1276
4.72993087769	-1348
4.73569393158	-1420
4.7357378006	-1276
4.73616099358	-1348
4.79554581642	-1420
4.79556298256	-1276
4.80094695091	-1420
4.80095291138	-1420
4.80099701881	-1420
4.80099987984	-1132
4.81049180031	-1420
4.81049799919	-1420
4.81054186821	-1204
4.81073594093	-1420
4.81079292297	-1420
4.81079483032	-1204
4.81196188927	-1420
4.81196689606	-1276
4.81208896637	543
4.81689882278	-1420
4.81690382957	-1420
4.81694483757	-1420
4.81694698334	-1132
4.81707596779	543
4.81770801544	-1420
4.81771302223	-1420
4.81774187088	-1204
4.8178319931	-1420
4.81787490845	-1276
4.8178768158	-1348
4.81838679314	-1420
4.81839179993	-1276
4.82879590988	-1420
4.82880187035	-1420
4.8288538456	-1204
4.82885599136	-1348
4.82931900024	-1420
4.82932400703	-1276
4.82977700233	-1420
4.82978200912	-1276
4.82987594604	-1420
4.82987880707	-1276
4.82996797562	543
4.83311581612	-1420
4.83312392235	-1276
4.83322286606	-1420
4.83322501183	-1420
4.83327293396	-1204
4.83330583572	-1420
4.83333587646	-1420
4.83333802223	-1204
4.83341693878	-1348
4.83351778984	-1348
4.84020590782	-1420
4.84021091461	-1420
4.84026384354	-1204
4.84046888351	-1348
4.84296679497	-1420
4.84297299385	-1420
4.84300589561	-1420
4.84300780296	-1132
4.84312987328	543
4.84365582466	-1420
4.84366989136	-1276
4.84376502037	-1420
4.84376692772	-1276
4.84389686584	543
4.84489488602	-1420
4.84489989281	-1420
4.84492301941	-1204
4.84499788284	-1348
4.84604501724	-1420
4.84605097771	-1420
4.84607386589	-1204
4.84614682198	-1348
4.84631896019	-1420
4.84632396698	-1276
4.84637284279	-1348
4.84641098976	-1348
4.84830594063	-1420
4.84831190109	-1420
4.84834599495	-1204
4.84845900536	-1420
4.84851098061	-1420
4.84851288795	-1204
4.84859395027	543
4.85437679291	-1420
4.85438299179	-1420
4.85442781448	-1204
4.85446691513	-1420
4.85452485085	-1276
4.85452795029	-1348
4.87564897537	-1420
4.87566399574	-1276
4.91426801682	-1420
4.91428685188	-1420
4.91434383392	-1420
4.91434693336	-1132
4.91972899437	-1420
4.91973495483	-1420
4.91983890533	-1204
4.91984200478	-1420
4.91988801956	-1420
4.91989088058	-1204
4.9199450016	-1420
4.91994690895	-1276
4.92011094093	543
4.92913484573	-1420
4.92914295197	-1420
4.92924499512	-1204
4.92924785614	-1420
4.92929792404	-1276
4.92929983139	-1348
4.92944598198	543
4.92948579788	-1420
4.92948794365	-1420
4.92948889732	-1204
4.92955088615	-1420
4.92955088615	-1276
4.92964601517	-1348
4.92985081673	543
4.93062782288	-1348
4.9307808876	-1420
4.93082499504	-1420
4.93082785606	-1204
4.93557190895	-1420
4.93557596207	-1420
4.93565583229	-1204
4.93565797806	-1420
4.93570780754	-1276
4.93627882004	-1420
4.93630385399	-1420
4.93630599976	-1204
4.93642902374	-1420
4.93643188477	-1420
4.93650197983	-1204
4.93650484085	-1420
4.93654084206	-1420
4.93654298782	-1204
4.93666100502	-1420
4.93666291237	-1276
4.93675684929	-1420
4.93675994873	-1276
4.93686079979	543
4.93721485138	-1420
4.93722081184	-1276
4.93724179268	-1348
4.93738484383	-1420
4.9374089241	-1276
4.9375	-1348
4.93758797646	543
4.94768095016	-1420
4.94768691063	-1420
4.94773888588	-1420
4.94774079323	-1132
4.94779491425	-1420
4.94779682159	-1276
4.94817590714	-1348
4.94828486443	-1420
4.9483268261	-1420
4.94832897186	-1204
4.94840979576	-1420
4.9484128952	-1276
4.94844889641	-1348
4.94857382774	-1420
4.94862294197	-1276
4.94862484932	-1420
4.9486758709	-1276
4.94872999191	-1420
4.94876289368	-1420
4.94876480103	-1204
4.94880890846	543
4.95205187798	-1420
4.95205783844	-1420
4.9521048069	-1204
4.95210790634	-1348
4.95214796066	-1420
4.95216798782	-1276
4.95226788521	-1420
4.95227098465	-1276
4.95240092278	-1420
4.95240497589	-1420
4.95244288445	-1204
4.95244479179	-1348
4.95253396034	-1420
4.95253682137	-1420
4.95257496834	-1204
4.95265698433	-1420
4.952698946	-1420
4.95270180702	-1204
4.95283484459	543
4.95292282104	-1420
4.95292496681	-1276
4.95314598083	543
4.95910096169	-1420
4.95910692215	-1420
4.95917892456	-1204
4.959182024	-1420
4.95923280716	-1420
4.9592359066	-1204
4.95938301086	543
4.95974087715	1460
4.9597928524	111
4.96153187752	-1420
4.96153688431	-1420
4.9615688324	-1204
4.96167397499	-1420
4.96171498299	-1420
4.96171689034	-1204
4.96175694466	-1348
4.96186280251	-1420
4.96191287041	-1420
4.96191596985	-1204
4.96206688881	-1420
4.96206998825	-1276
4.96253395081	-1420
4.9625389576	-1276
4.9625878334	-1420
4.96259093285	-1276
4.96263790131	-1420
4.96264886856	-1276
4.96342492104	-1420
4.96342992783	-1420
4.96347379684	-1204
4.96355295181	-1420
4.96359491348	-1276
4.96359801292	-1348
4.96493697166	-1420
4.96494293213	-1276
4.96498680115	-1420
4.96522688866	-1420
4.96527194977	-1204
4.96527481079	-1348
4.96531295776	-1420
4.96531486511	-636
4.97713398933	-1348
4.98046898842	-1420
4.98052883148	-1276
4.98060894012	543
4.98176383972	-1348
4.98263692856	-1348
5.00235581398	543
5.00378489494	543
5.00604581833	543
5.00865888596	543
5.01578497887	-1348
5.01850581169	543
5.03212690353	543
5.03530597687	543
5.08394289017	-853
5.17040085793	-1420
5.17042994499	-1276
5.17047095299	-1348
5.17962288857	1057
5.18495893478	-1348
5.19615888596	543
5.20174193382	-1420
5.20175886154	-1276
5.20216488838	-1348
5.23240494728	543
5.24995493889	-1348
5.25675797462	-872
5.29765987396	543
5.31163787842	-1348
5.31172299385	-1348
5.31334400177	-1420
5.31334996223	-1420
5.31338787079	-1204
5.31486201286	-1420
5.31492590904	-1276
5.31493997574	-1348
5.31680083275	-1420
5.31680679321	-1276
5.31685781479	-1348
5.31835794449	-1420
5.31840395927	-1276
5.31848692894	543
5.31989598274	-1420
5.31989979744	-1276
5.32049679756	-1348
5.32111096382	-1420
5.32115483284	-1276
5.32174396515	-1348
5.32911682129	-1420
5.32912898064	-1420
5.32918286324	-1204
5.32995295525	-1420
5.33000183105	-1420
5.3300049305	-1204
5.33068180084	-1420
5.33068799973	-1276
5.33071994781	-1348
5.33080983162	543
5.33112883568	-1348
5.3323237896	1460
5.33238387108	625
5.33962488174	1057
5.37530088425	-96
5.37961387634	1460
5.37967681885	111
5.52824783325	-543
5.53451085091	-1348
5.53997302055	-1420
5.53998088837	-1276
5.545596838	-1420
5.54561185837	-1420
5.54566693306	-1204
5.54716801643	1057
5.55122995377	-1348
5.5514550209	-1420
5.55149888992	-1276
5.55799388885	-1420
5.55803799629	-1420
5.55804181099	-1204
5.56535291672	-1420
5.56535792351	-1420
5.56540179253	-1204
5.56956386566	543
5.57247185707	-1348
5.5762488842	-1420
5.57629990578	-1276
5.57978391647	-1348
5.58416700363	-1420
5.58417487144	-1420
5.58422279358	-1204
5.59191989899	-1420
5.59197402	-1420
5.59197688103	-1204
5.59940600395	-1420
5.59941101074	-1420
5.59947180748	-1204
5.60869693756	-1420
5.6087448597	-1420
5.60874795914	-1204
5.61759781837	-1348
5.61778283119	543
5.62345695496	-1420
5.62346291542	-1276
5.63573288918	-1420
5.63574385643	-1420
5.63580679893	-1204
5.63589000702	543
5.64605379105	-1420
5.64606690407	-1276
5.65165495872	-1348
5.65280294418	-406
5.65826582909	-1420
5.65827488899	-1276
5.6694149971	-1420
5.66944098473	-1276
5.66949081421	-1348
5.67996883392	-1348
5.68564200401	-1348
5.69249486923	-1420
5.69253897667	-1276
5.69975185394	-1348
5.70032191277	543
5.70870685577	-1420
5.70871186256	-1276
5.71608686447	-1348
5.72432184219	-1420
5.72437882423	-1276
5.73153495789	-1348
5.73843884468	-1420
5.73844480515	-1276
5.74743294716	-1348
5.76502680779	-1420
5.76508498192	-1420
5.76508784294	-1204
5.77118492126	-106
5.78205394745	-1420
5.7821149826	-1420
5.7821187973	-1204
5.80162382126	-1420
5.8016397953	-1276
5.82124686241	-1348
5.82930088043	-1348
5.83202981949	1057
5.84301185608	-1348
5.84513497353	1460
5.84520697594	1139
5.85315299034	-1348
5.86099100113	-1420
5.86103987694	-1276
5.86265802383	1460
5.86272096634	1139
5.86300396919	543
5.86342287064	-1348
5.86349081993	543
5.86695480347	-1420
5.8669629097	-1276
5.86919689178	-1348
5.8713889122	-1420
5.87143301964	-1276
5.87406992912	-1348
5.87630796432	-1420
5.87631392479	-1276
5.87846398354	-1348
5.883289814	-1420
5.88333797455	-1276
5.88725090027	-1348
5.88967585564	-1269
5.88986802101	543
5.89095497131	-1420
5.8909599781	-1276
5.89644384384	-1420
5.89645695686	-1420
5.89652395248	-1204
5.90193986893	-1420
5.9020049572	-1420
5.90200996399	-1204
5.90586996078	-1420
5.90588879585	-1420
5.9059278965	-1204
5.90914988518	-1348
6.00856781006	-533
6.04320597649	543
6.0434679985	543
6.10499095917	-1348
6.12743592262	-795
6.23287701607	-1348
6.25005698204	1057
6.28752684593	-1338
6.33659601212	-1348
6.33813095093	-1420
6.33813691139	-1276
6.44561600685	-1212
6.45439887047	543
6.63643097878	-543
6.63693881035	1057
6.71002793312	-1348
6.75585079193	-766
6.76479697227	543
6.89813995361	-543
6.92963290215	-1420
6.92969179153	-1420
6.92969679832	-1204
6.9317150116	-1420
6.93172097206	-1420
6.93177485466	-1204
6.93282485008	-1420
6.93286991119	-1420
6.93287301064	-1204
6.93299078941	543
6.93960595131	543
6.94178199768	-1348
6.94199895859	-1348
6.94221282005	-1348
6.9424469471	-1348
6.94889593124	-1420
6.94890594482	-1276
6.94984793663	-1420
6.94985294342	-1276
6.94993281364	-1348
6.95078682899	-1420
6.95082187653	-1276
6.95089483261	-1348
6.95164489746	-1420
6.95164990425	-1420
6.9516928196	-1204
6.95247101784	-1348
6.95290279388	-1420
6.95290899277	-1276
6.95344495773	-1348
6.95389795303	-1420
6.95394301414	-1276
6.95400190353	543
6.95745182037	-1348
6.95934581757	1460
6.95941781998	111
6.97390794754	-1420
6.97392487526	-1420
6.97398281097	-1204
7.04826188087	-639
7.28527879715	-543
7.44412493706	-1086
7.44660401344	-543
7.48342895508	1057
7.4901099205	1057
7.49064683914	1057
7.5011279583	1057
7.52317500114	1057
7.52357792854	1057
7.54133987427	1460
7.54143500328	111
7.55306601524	543
7.55950284004	1057
7.57036280632	1460
7.57047581673	625
7.57873702049	1460
7.57882785797	111
7.58551597595	543
7.72836685181	-543
7.73062300682	-1420
7.73066687584	-1276
7.73099398613	-1420
7.73102498055	-1276
7.73108792305	-1348
7.74832582474	-1348
7.74853587151	543
7.74868893623	-1348
7.74878787994	543
7.75026679039	-1348
7.76251482964	-1420
7.76258301735	-1276
7.76301288605	-1348
7.7631149292	543
7.76387190819	-1420
7.76387691498	-1276
7.7645368576	-1420
7.76453995705	-1276
7.76604199409	-1348
7.7692668438	-1348
7.77948188782	-1348
7.78695893288	-1348
7.78879094124	-1420
7.78879594803	-1420
7.7888379097	-1204
7.79039001465	-1420
7.79042696953	-1276
7.79048395157	-1348
7.79737591743	-1420
7.79738497734	-1276
7.79744887352	-1348
7.79772496223	-1420
7.7977848053	-1276
7.79778790474	-1348
7.81038188934	-1420
7.81040287018	-1276
7.81078481674	-1420
7.81078791618	-1276
7.81180286407	-1420
7.81180691719	-1276
7.81207799911	543
7.81213879585	-1348
7.81619501114	-1420
7.81624078751	-1276
7.81671786308	-1348
7.81880998611	-1348
7.83400392532	-1348
7.84962892532	-793
7.85960698128	-1420
7.85966992378	-1420
7.8596739769	-1204
7.86032581329	543
7.86841487885	-1348
7.86842679977	-1420
7.86847901344	-1276
7.86862897873	543
7.86990690231	-1420
7.8699119091	-1276
7.8699657917	-1348
7.87113189697	-1420
7.8711810112	-1420
7.87118387222	-1204
7.90425181389	1057
7.92126178741	1057
7.93962001801	543
7.94184494019	543
7.96824193001	-1076
7.97157096863	543
7.97898793221	-1348
7.98301196098	1057
8.00003290176	543
8.00146079063	1057
8.0309548378	543
8.03120279312	543
8.07841491699	-1348
8.0800909996	-1348
8.08652496338	543
8.0975279808	-242
8.11346387863	543
8.11371588707	543
8.13465499878	-1420
8.13467597961	-1276
8.13473892212	-1348
8.16487193108	-1348
8.16832590103	-1348
8.17492699623	543
8.18254590034	-1348
8.18274092674	-1348
8.18432688713	-1420
8.18433189392	-1276
8.19170689583	543
8.19231081009	543
8.19255399704	543
8.2174448967	-1348
8.22332501411	-1348
8.24042081833	-1348
8.25317001343	-251
8.27371788025	-1348
8.27789402008	-1420
8.27795886993	-1276
8.2855219841	1460
8.28560996056	625
8.28733301163	-1420
8.28733897209	-1420
8.28736400604	-1204
8.29149580002	-1348
8.29718995094	1460
8.29729199409	625
8.37190890312	-1105
8.37740182877	-1420
8.37745499611	-1276
8.37849283218	-1420
8.37853598595	-1420
8.3785378933	-1204
8.37893795967	-1420
8.37894082069	-1276
8.37903785706	-1348
8.38403081894	-1420
8.38407683372	-1420
8.38407993317	-1204
8.38840579987	543
8.39355683327	-1348
8.39960598946	543
8.44083380699	-1348
8.45300579071	1460
8.4530878067	625
8.45335292816	543
8.48202681541	-1348
8.49615502357	-1095
8.53037786484	543
8.5836019516	-543
8.70097589493	-543
8.70144891739	1057
8.81828689575	-1420
8.81830596924	-1276
8.82047390938	-1348
8.82245397568	-1420
8.82250380516	-1276
8.82394480705	-1348
8.83172988892	-1348
8.83174490929	-1348
8.83310294151	-1348
8.83486390114	-1420
8.83491802216	-1276
8.86013889313	-310
8.92842888832	-1420
8.92845487595	-1276
8.92895078659	-1348
8.97888278961	-698
9.06326293945	1057
9.09235286713	-1348
9.09326291084	1057
9.09738898277	-281
9.15165185928	-1420
9.15171480179	-1276
9.21600580215	-1018
9.3350110054	-1086
9.4107940197	-1420
9.41080999374	-1276
9.46063780785	1057
9.52946782112	-989
9.53091096878	543
9.53978490829	543
9.5652217865	-1420
9.56523990631	-1276
9.68339586258	-1348
9.68354988098	-184
9.68461799622	543
9.68629693985	1057
9.69937396049	-1420
9.69938492775	-1276
9.80214095116	-960
9.80558991432	543
9.8058719635	543
9.88355088234	-1348
9.99548888206	-824
10.0439059734	-1348
10.114251852	-281
10.114992857	543
10.2160990238	-1348
10.2331469059	-1309
10.2343139648	543
10.3548038006	-543
10.376554966	543
10.5185768604	-543
10.5368278027	-1420
10.5368959904	-1276
10.5621688366	-1420
10.5622549057	-1276
10.5646519661	543
10.6373457909	-863
10.6825549603	-1420
10.6825668812	-1420
10.6826119423	-1204
10.6873660088	-1420
10.6873719692	-1420
10.6874129772	-1204
10.6875038147	543
10.6878979206	-1420
10.6879029274	-1276
10.6879689693	-1348
10.6952939034	-1420
10.6953589916	-1276
10.6953809261	-1348
10.698474884	-1420
10.6984798908	-1276
10.7558829784	-465
12.0496649742	1460
12.0497479439	625
12.0578639507	1057
12.4429469109	-543
12.4525549412	1369
