0	-543
0.859226942062	543
2.90911793709	543
3.13778495789	-543
3.13803005219	543
3.37031602859	-1420
3.37033295631	-1420
3.37036991119	-787
3.37251496315	543
3.37621498108	543
3.39242887497	543
3.60081005096	-543
3.75703692436	-1086
3.75731801987	543
3.75747108459	543
3.85869288445	543
3.85881495476	543
3.93240809441	-1420
3.93242502213	-665
4.11075687408	-1420
4.11077404022	-1420
4.11084008217	-787
4.11280107498	543
4.11338591576	543
4.34541392326	-543
4.50189900398	-1057
4.5118200779	543
4.74242186546	-543
4.74261403084	543
4.9795498848	-1420
4.97956895828	-1316
4.97975802422	-891
4.98178696632	543
4.98882198334	543
5.21257400513	-543
5.38744306564	-1420
5.38749790192	-665
5.38822102547	543
5.61546206474	-543
5.61564207077	543
5.84665203094	-1420
5.84667301178	-1316
5.84672403336	-891
5.84868001938	543
5.84926700592	543
6.07885599136	-543
6.32595801353	-1420
6.32600903511	-1420
6.32603907585	-787
6.37952303886	-1368
6.38003492355	-1420
6.38006901741	-1316
6.38009691238	-1368
6.38117289543	-1420
6.38119888306	-1316
6.4068980217	-1368
6.44301986694	-1420
6.4430770874	-1316
6.44310688972	-1420
6.44313693047	-1316
6.48184108734	-1420
6.48190903664	-1316
6.49702787399	-1420
6.49704289436	-1316
6.49732899666	-1420
6.49733304977	-1316
6.49744701385	1057
6.49807405472	-1420
6.49808001518	-1316
6.49848103523	-1420
6.4984869957	-1316
6.49894404411	-1420
6.49895095825	-1316
6.49929690361	-1368
6.4993929863	-1368
6.52141594887	543
6.52924108505	543
6.55028605461	543
6.55980300903	-1420
6.55981898308	-1420
6.55986404419	-1420
6.55986809731	-1212
6.5598950386	-1420
6.55990099907	-1316
6.55994105339	-1420
6.55994486809	-1316
6.56018805504	543
6.56024003029	-1420
6.56024289131	-1316
6.56290793419	543
6.57333898544	543
6.57970905304	543
6.59866404533	-1420
6.59868502617	-1420
6.59882593155	-1264
6.59883308411	-1368
6.61014294624	543
6.61305904388	543
6.61353898048	543
6.6137008667	-1420
6.61370491982	-1420
6.61376094818	-1420
6.6137650013	-1212
6.61384487152	-1368
6.61395597458	-1368
6.61416196823	-1420
6.61416602135	-1316
6.61472797394	-708
6.62079286575	543
6.62289190292	543
6.67694807053	543
6.72204089165	543
6.73009109497	543
6.79241704941	-543
6.79259300232	543
6.85096907616	-1368
6.85119605064	543
6.85135006905	543
6.86916399002	-543
6.90884590149	-1368
6.90904188156	-1065
6.90919804573	543
6.90938687325	543
6.90956306458	543
6.90972399712	543
6.90986299515	543
6.96547102928	-1368
6.96570491791	543
6.96588301659	543
6.97855186462	-1368
6.97869205475	543
7.02631592751	-1036
7.02874207497	543
7.02891993523	543
7.08679890633	-1420
7.08681607246	-1316
7.14506697655	-1368
7.14529490471	543
7.14868998528	543
7.15005707741	-1368
7.15178203583	-1420
7.15182304382	-1316
7.15209698677	-1368
7.15519189835	543
7.17325496674	-1420
7.17327308655	-1316
7.17691397667	543
7.17891907692	543
7.1945950985	-1420
7.1946079731	-1316
7.19464588165	-1368
7.20339298248	-206
7.20811796188	543
7.21398305893	543
7.21451497078	543
7.21869587898	543
7.22350001335	-1420
7.22350502014	-1316
7.23976802826	543
7.24606609344	-1368
7.24675703049	-1368
7.2520840168	543
7.2559709549	-1420
7.25597691536	-1316
7.25937104225	-1368
7.25974297523	-1420
7.25979495049	-1420
7.25979804993	-1264
7.26003599167	-1368
7.26250386238	543
7.26597809792	543
7.26686501503	-1368
7.27432990074	543
7.27463102341	543
7.27518796921	543
7.3202650547	-1292
7.32193899155	-1420
7.32199406624	-1316
7.33684206009	543
7.33879804611	543
7.35779690742	-1368
7.35978794098	543
7.3866109848	-1420
7.38661909103	-1316
7.41370391846	-1368
7.41389107704	543
7.42868900299	543
7.43714308739	-1189
7.44079303741	-1368
7.44560098648	-1368
7.45994400978	543
7.46776103973	-1368
7.47377991676	-1420
7.47382307053	-1316
7.49155592918	543
7.50907492638	-1368
7.5092420578	543
7.53336286545	-1368
7.53870797157	543
7.53971505165	543
7.55393099785	-1081
7.56294202805	-1368
7.65249609947	-1368
7.65338802338	-1420
7.65342903137	-1316
7.65876102448	543
7.65892505646	543
7.67068696022	-841
7.67420601845	543
7.67861700058	543
7.69130086899	543
7.74739098549	-1420
7.74740695953	-1316
7.75631904602	-1420
7.7563290596	-1316
7.7632958889	1460
7.76339006424	111
7.78518986702	-1368
7.78747987747	-1044
7.81485009193	-1368
7.84169197083	-1420
7.84174704552	-1316
7.85850286484	543
7.89982700348	-1368
7.90432500839	-1297
7.93160200119	-1420
7.93161988258	-1420
7.9316880703	-1264
7.95881199837	-1420
7.95882892609	-1316
7.95887207985	-1368
7.9604780674	-1420
7.96053195	-1316
7.97937202454	1057
7.98757791519	-1368
7.99866604805	543
8.02099704742	-1255
8.02125000954	543
8.04457807541	-1420
8.04459500313	-1316
8.04469609261	-1368
8.0447010994	-1368
8.04480791092	-1420
8.04481196404	-1316
8.04873299599	543
8.05160188675	-1420
8.05160999298	-1316
8.05188202858	-1368
8.0785639286	-1368
8.07868695259	-1368
8.09833502769	-1420
8.09840488434	-1420
8.09840893745	-1420
8.09845900536	-1212
8.09846305847	-1420
8.09853291512	-1316
8.09853696823	-1368
8.09869909286	-1420
8.09870290756	-1420
8.09875607491	-1264
8.09879589081	-1368
8.09904098511	-1420
8.09904503822	-1316
8.09904694557	-1368
8.0992000103	-1420
8.09920597076	-1316
8.09926986694	543
8.09932208061	-1368
8.09939002991	543
8.1054649353	-1420
8.10547399521	-1316
8.10566687584	-1368
8.13748598099	-291
8.15203499794	-1420
8.1520550251	-1316
8.15210390091	-1420
8.15210795403	-1316
8.15247106552	-1368
8.15255093575	543
8.15281295776	-1420
8.15281891823	-1316
8.15310096741	543
8.15330505371	543
8.15350008011	1057
8.15364599228	-1420
8.15364909172	-1316
8.15381598473	543
8.15404486656	-1420
8.15405106544	-1316
8.15416908264	543
8.15425801277	-1368
8.15430402756	-1368
8.15450286865	543
8.15471696854	-1420
8.15472197533	-1316
8.15480208397	543
8.15515398979	-1368
8.15538287163	-1420
8.15541386604	-1316
8.15541791916	-1368
8.15551495552	-1368
8.15568995476	-1368
8.1557738781	-1420
8.15577793121	-1316
8.15587186813	-1420
8.15587687492	-1316
8.15616106987	-1420
8.15616607666	-1420
8.15616798401	-1264
8.15680503845	-1368
8.15866708755	1460
8.15881204605	1460
8.15895700455	707
8.15931296349	1057
8.16070890427	1057
8.16491389275	1057
8.18142795563	-1420
8.18143796921	-1420
8.18151092529	-1264
8.25393009186	-407
8.28713607788	-1368
8.31604290009	-1420
8.3160610199	-1316
8.34433102608	-1420
8.3443479538	-1316
8.34469509125	-1368
8.34500002861	1460
8.34505391121	625
8.34587597847	-1368
8.37054491043	-878
8.37116408348	-1368
8.37132906914	-1368
8.37378787994	-1420
8.37379288673	-1316
8.38564395905	-1368
8.38577604294	543
8.38653588295	543
8.38862705231	543
8.38952207565	-1368
8.38991594315	-1368
8.39847993851	-1420
8.39849591255	-1316
8.39949893951	543
8.39962387085	-1368
8.3997130394	-1368
8.39999103546	-1420
8.3999979496	-1316
8.40423798561	-1368
8.40424895287	-1420
8.4042840004	-1316
8.40428805351	-1368
8.40448093414	-1420
8.40448594093	-1316
8.40454292297	-1368
8.40501594543	-1420
8.40504598618	-1316
8.40878605843	543
8.42694497108	-1420
8.4269630909	-1316
8.42738604546	-1368
8.44397497177	543
8.44829201698	-1420
8.44830107689	-1316
8.45073103905	543
8.45373797417	-1420
8.45374703407	-1316
8.45510292053	543
8.46290206909	-1368
8.46302890778	-1368
8.46348404884	-1420
8.46348786354	-1420
8.46354007721	-1264
8.46354293823	-1368
8.47394299507	543
8.48055887222	-1420
8.48057699203	-1316
8.48116707802	-1368
8.4866669178	543
8.48699307442	-1420
8.48699998856	-1316
8.48716306686	-1420
8.48716592789	-271
8.48912501335	543
8.50676989555	543
8.50783586502	-1368
8.52188897133	-1420
8.52194404602	-1316
8.52228307724	-1420
8.52231097221	-1316
8.52245187759	-1368
8.52254605293	-1368
8.52281999588	-1420
8.52285194397	-1316
8.54154801369	-1420
8.54160094261	-1316
8.54174208641	543
8.54291987419	543
8.54405093193	543
8.55076289177	-1368
8.58057999611	-1420
8.58065986633	-1316
8.58066487312	-1368
8.60101103783	-1420
8.6010260582	-1316
8.60132598877	-1420
8.60133099556	-1316
8.60378909111	-85
8.60385894775	543
8.60440087318	543
8.60482907295	543
8.60527706146	-1420
8.6052839756	-1316
8.60551595688	-1420
8.60552191734	-1316
8.60597896576	-1368
8.60662388802	-1368
8.60737395287	-1420
8.607380867	-1316
8.60787200928	-1368
8.61165189743	543
8.61389088631	543
8.63132095337	1460
8.63140797615	1460
8.63145899773	193
8.6337890625	543
8.6340379715	1460
8.63410687447	1139
8.6359910965	-1420
8.63599801064	-1316
8.63621902466	1460
8.63627886772	1139
8.6511619091	543
8.65344595909	543
8.65403699875	543
8.69966506958	-1368
8.70821809769	543
8.71438097954	1057
8.71465396881	1460
8.71471190453	1460
8.71476602554	193
8.71524405479	543
8.72065901756	-293
8.72083497047	543
8.7481470108	-1368
8.74836492538	543
8.74853301048	543
8.77643108368	-1368
8.77667593956	543
8.80312395096	-1420
8.80313706398	-1316
8.80330586433	543
8.83997297287	-899
8.87356591225	-1368
8.89010596275	-1420
8.89012694359	-1316
8.890376091	543
8.91329503059	-1368
8.91815090179	-1368
8.91839408875	543
8.92756390572	-1420
8.92757892609	-1420
8.92764306068	-1264
8.92764592171	-1420
8.92769694328	-1316
8.9279050827	-1420
8.92793488503	-1316
8.94150805473	-1368
8.94158601761	-1420
8.9415910244	-1420
8.94164991379	-1264
8.94177699089	-1368
8.94189596176	-1420
8.94190096855	-1316
8.94217586517	-1420
8.94217991829	-1316
8.94224190712	-1368
8.94251608849	543
8.94492101669	-1420
8.94492793083	-1420
8.94498586655	-1264
8.94498896599	-1368
8.94514799118	543
8.95672106743	-51
8.97199487686	-1368
8.97561907768	-1368
8.97582507133	543
8.98534393311	-1368
8.98554801941	543
8.985683918	-1420
8.98568797112	-1316
8.98619389534	-1420
8.98619890213	-1316
8.98637294769	-1420
8.98637604713	-1316
8.99719691277	-1420
8.99721097946	-1316
8.99738001823	543
8.99874806404	-1420
8.99875593185	-1316
8.99980902672	-1420
8.99981594086	-1316
9.00036787987	-1420
9.00037407875	-1316
9.00064992905	-1420
9.00065588951	-1316
9.00075507164	543
9.00174689293	-1420
9.00175189972	-1316
9.0021340847	-1420
9.00214195251	-1316
9.00226306915	-1420
9.00226688385	-1316
9.00881099701	-1420
9.0088288784	-1316
9.00887203217	-1368
9.02567195892	-1368
9.02572798729	-1368
9.02603507042	-1420
9.02607703209	-1316
9.02639698982	-1368
9.02668190002	543
9.0291519165	-1368
9.03860902786	543
9.03937101364	1460
9.0394320488	1139
9.06524896622	-1368
9.07335591316	-1190
9.07528996468	543
9.07604908943	543
9.09885787964	-1368
9.10815906525	-1368
9.10834598541	543
9.12593197823	-1368
9.12788486481	543
9.12866091728	543
9.15370202065	-1420
9.15371704102	-1316
9.19011902809	-986
9.19271087646	-1368
9.1930129528	543
9.19327402115	1460
9.19333195686	111
9.21566605568	-1368
9.2199780941	-1368
9.22041797638	-1368
9.22162103653	-1368
9.22180891037	-1368
9.22301197052	543
9.2316429615	543
9.23193192482	543
9.24714303017	-1420
9.24715900421	-1316
9.25653600693	-1420
9.25655293465	-1316
9.25947093964	543
9.25980305672	543
9.27154803276	-1368
9.27391409874	-1368
9.27439594269	543
9.30701398849	-1350
9.32046294212	543
9.3207859993	543
9.35505986214	-1420
9.35507702827	-1316
9.35511803627	-1368
9.35588097572	543
9.3611869812	-1420
9.36119389534	-1316
9.3637008667	-1420
9.36370491982	-1316
9.36401486397	-1368
9.388671875	-1368
9.41048192978	-1368
9.41062307358	-1420
9.41066193581	-1316
9.41090488434	-1420
9.41095900536	-1420
9.41096186638	-1264
9.41101193428	-1368
9.41567397118	-1420
9.41570401192	-1316
9.42158389091	1057
9.42391705513	-939
9.42399001122	543
9.4427189827	-1368
9.45237708092	-1368
9.45255208015	543
9.47972607613	-1368
9.50650405884	-1368
9.51048088074	-1368
9.51059007645	-1368
9.51091504097	-1420
9.51092004776	-1420
9.51097297668	-1264
9.53351092339	-1420
9.53357696533	-1316
9.53365707397	-1368
9.53957104683	-1420
9.5395860672	-1316
9.54062104225	-214
9.569658041	-1420
9.56978106499	-1420
9.56978702545	-1264
9.56988596916	-1368
9.56994199753	-1420
9.5700340271	-1420
9.57003688812	-1264
9.57009387016	-1368
9.5700969696	-1368
9.57320308685	1057
9.59433889389	-1420
9.5943570137	-1316
9.5943980217	-1368
9.59455394745	543
9.62315797806	-1420
9.62317490578	-1316
9.65750408173	-670
9.68461894989	-1368
9.7344930172	-1368
9.73488903046	543
9.77428603172	-464
9.89102506638	-543
9.98154902458	1057
10.0600540638	-1368
10.085793972	-261
10.0862500668	543
10.4426999092	-543
10.9260470867	-1057
11.042568922	-1057
11.3558559418	-1057
11.4728610516	-1057
11.5895140171	-1057
11.9819669724	1460
11.9820668697	1460
11.9821219444	193
13.3881840706	-543
13.388657093	543
13.5008969307	-1368
13.5047609806	-232
13.5204110146	543
13.695237875	-543
13.6984488964	543
13.8737380505	-1420
13.8737559319	-151
13.9024760723	-1368
13.9024980068	-1368
13.9891960621	1460
13.9892990589	1460
13.9893898964	193
13.9903130531	-377
13.9934110641	543
13.9991309643	543
14.1735970974	-543
14.1786770821	543
14.3349370956	-1086
14.4527869225	-1057
14.4529590607	543
14.4541559219	543
14.6509449482	-1057
14.7847418785	-1420
14.7847590446	-1316
14.784938097	-1420
14.7849428654	-1316
14.7852239609	-1368
14.7855279446	-1420
14.785533905	-1420
14.7855858803	-1264
14.8070249557	-1023
14.8134469986	-1420
14.8134570122	-1316
14.9014708996	-1420
14.9014890194	-1420
14.9015619755	-1264
14.9237649441	-957
14.9254748821	543
14.9700210094	543
15.0405628681	-1057
15.1989319324	-1057
15.1995558739	543
15.1999809742	543
15.3555309772	-543
15.3557100296	543
15.4794399738	-1368
15.4797029495	-1420
15.4797439575	-1420
15.4797489643	-1264
15.4799909592	543
15.4802269936	-1420
15.480232954	-1316
15.4803369045	-1420
15.4803419113	-1316
15.4804739952	-1368
15.4806220531	-1368
15.4808320999	-1420
15.4808380604	-1316
15.4809398651	-1420
15.4809429646	-1420
15.4809639454	-1264
15.5066609383	-1420
15.5067119598	-1420
15.5067179203	-1264
15.5083830357	-1420
15.5083889961	-1316
15.5085959435	-1368
15.508797884	-1420
15.5088279247	-1316
15.5089170933	543
15.5090398788	-1368
15.5519599915	-1420
15.551981926	-1316
15.5521678925	543
15.596323967	-1420
15.5963408947	-1316
15.596462965	-1420
15.5964679718	-1420
15.5964939594	-1264
15.5964980125	-1368
15.5967509747	-1420
15.5967569351	-1420
15.5967819691	-1264
15.5968830585	-1368
15.5971240997	-1420
15.5971279144	-1316
15.5972759724	-1420
15.5972819328	-1316
15.5973069668	-1368
15.597440958	-1420
15.5974690914	-1420
15.5974729061	-1264
15.5974750519	-1368
15.5975708961	-1420
15.5975749493	-1420
15.597577095	-1264
15.5976729393	543
15.5977499485	-1420
15.5977530479	-1316
15.5978469849	-1420
15.5978488922	-1420
15.597851038	-1264
15.5979709625	-1420
15.5979759693	-1420
15.5979778767	-686
15.5983181	543
15.6489429474	-1420
15.6489610672	-1316
15.6962990761	-1368
15.714673996	-66
15.724157095	543
15.967774868	-1420
15.9677920341	-1316
15.967913866	-891
15.9680309296	543
16.1240599155	-543
16.1318089962	543
16.2405638695	-543
16.3991539478	-543
17.790268898	1460
17.7903878689	111
17.7907710075	1460
17.790831089	111
17.7912530899	543
17.858684063	543
17.8902080059	-543
17.9664969444	-1420
17.9665749073	-1420
17.9666290283	-273
17.9670190811	-1420
17.9670510292	-1316
17.9935948849	-1420
17.9936618805	-1316
17.9937059879	-1368
17.9938988686	543
17.9953870773	-1420
17.9953949451	-1316
18.0833199024	-1420
18.0833408833	-1316
18.0833849907	-1420
18.0833890438	-1316
18.0844409466	-1420
18.084446907	-1316
18.0848429203	-1420
18.0848488808	-1316
18.0858969688	-1420
18.0859029293	-1316
18.1105098724	-1420
18.1105239391	-858
18.2000229359	-1368
18.2002229691	543
18.2270960808	-232
18.2374770641	1057
18.3772149086	-1368
18.3772330284	-1368
18.3933539391	-891
18.4834270477	-1368
18.4853038788	543
18.4855229855	543
18.5101459026	-232
18.5110208988	543
18.6737968922	-543
18.8500859737	-1420
18.8501009941	-1316
18.8508188725	-891
18.9054598808	-1420
18.9054789543	-1316
18.9618489742	-1368
19.0067389011	-66
19.0069739819	543
19.2402720451	-1420
19.2402899265	-1316
19.2404069901	-891
19.2424049377	543
19.2431080341	1057
19.472689867	-543
19.651047945	-1057
19.655397892	543
19.6892139912	543
19.888117075	-543
19.8882949352	543
20.1165599823	-543
20.1167430878	543
20.3553190231	-1420
20.3553359509	-1420
20.3554000854	-787
20.3555340767	543
20.3575160503	543
20.3585569859	1057
20.5866069794	-1420
20.5866250992	-151
20.6156880856	-1368
20.7035479546	-1260
20.7056360245	543
20.7063910961	543
20.8204269409	-543
21.0114440918	1057
21.2650558949	-543
21.2943389416	-1368
21.3816320896	-717
21.3912000656	543
21.4024310112	1460
21.4025089741	111
21.6244149208	-1420
21.6244308949	-1316
21.6244850159	-891
21.6247968674	-1420
21.6248390675	-1420
21.6248419285	-1264
21.6513478756	-1420
21.6513640881	-1420
21.6514179707	-1264
21.6792888641	-1420
21.6793348789	-1316
21.679338932	-1368
21.6801328659	-1420
21.680136919	-1316
21.6821880341	-1368
21.7410609722	-1420
21.7411239147	-1420
21.7411420345	-1264
21.7412559986	-844
21.7413859367	543
21.7503809929	-1420
21.7503950596	-1316
21.7504460812	-1368
21.7506380081	-1420
21.7506790161	-1420
21.7506809235	-1264
21.7509100437	-1420
21.7509150505	-1316
21.7680289745	-1368
21.7757570744	-1420
21.7758150101	-1316
21.7759139538	-1368
21.8025760651	-1368
21.8579790592	-923
21.8582029343	543
21.8588430882	543
21.8588979244	543
21.8592979908	543
22.1820790768	-543
22.2151069641	-1420
22.2151238918	-151
22.2156889439	-1420
22.2156939507	-1316
22.2163329124	-1420
22.2163379192	-1316
22.2164480686	543
22.2166500092	-1368
22.241451025	-1420
22.2415239811	-1420
22.2415280342	-1264
22.2433750629	-1368
22.3316659927	-1255
22.3319029808	543
22.3789079189	1057
22.3821640015	543
22.3910980225	543
22.4815309048	1057
22.491797924	543
22.5672090054	-1368
22.5672268867	-1420
22.5672910213	-839
22.569272995	543
22.5700449944	543
22.6837968826	-1057
22.8397729397	-1086
22.8402810097	543
22.8411719799	543
22.8415789604	543
22.8752069473	-1420
22.8752219677	-1316
22.8752789497	-1368
22.8761639595	-1368
22.8768050671	-1420
22.876816988	-1316
22.8770480156	-1368
22.9032559395	-1420
22.9032940865	-1316
22.9032969475	-1420
22.9033138752	-1316
22.9034280777	543
22.9320590496	-1368
22.9563150406	-807
22.9633898735	543
23.1959450245	-1420
23.195964098	-1316
23.1960289478	-891
23.1980090141	543
23.1987440586	543
23.315267086	-1086
23.3156700134	543
23.4328029156	-1368
23.4330890179	-1420
23.4331588745	-1420
23.4331669807	-1420
23.4332079887	-735
23.4332129955	-1368
23.4334719181	-1420
23.4334800243	-1316
23.4336550236	-1368
23.4339420795	543
23.4617378712	-1420
23.4617540836	-1420
23.4618139267	-1264
23.4885470867	-1420
23.4886140823	-1316
23.4886209965	-1368
23.5453660488	-1368
23.5495109558	-496
23.5517199039	543
23.5557379723	-1420
23.5557448864	-1316
23.6007800102	-1420
23.6007978916	-1420
23.6008629799	-1420
23.6008660793	-1212
23.6469628811	-1368
23.6584119797	-1420
23.6584858894	-1420
23.6584949493	-1420
23.6585330963	-1212
23.6661720276	-1089
23.6976599693	-1420
23.6976759434	-1316
23.6979799271	-1368
23.7115120888	-1420
23.7115809917	-1316
23.7161738873	543
23.7192878723	-1420
23.7193040848	-1316
23.7460188866	-1368
23.7463049889	-1368
23.7510609627	543
23.7829790115	-169
23.8610460758	543
23.98269701	-1420
23.9827148914	-1420
23.9827530384	-787
23.9829308987	543
23.986342907	543
24.09928298	-543
24.4214820862	-1420
24.4215350151	-1316
24.4216890335	-891
24.475235939	-1420
24.4753279686	-1316
24.4753699303	-1368
24.5383970737	-66
24.5425360203	543
24.7155668736	-1057
24.716105938	543
24.8331339359	-1057
25.0732450485	-543
25.7997648716	-1057
25.9168260098	-1086
26.7741310596	-1057
