0	-543
4.01095914841	1057
4.36010408401	-543
4.50018000603	-543
4.50038313866	-1420
4.5004131794	-1316
4.63552618027	-377
4.6357190609	543
4.63787722588	543
4.64404010773	543
4.65217709541	543
4.65246915817	543
4.66332006454	543
5.09467601776	-543
5.27077507973	-1086
5.28212809563	-1368
5.36648011208	-1368
5.40633416176	-978
5.40838909149	543
5.41018009186	543
5.4103770256	543
5.45894813538	-1368
5.53618311882	543
5.54167509079	-746
5.63111019135	-543
5.75765299797	-543
5.93327522278	-543
5.99556303024	-1368
6.06891202927	-746
6.06975317001	543
6.42772603035	-543
6.42815208435	1057
6.43808317184	1057
6.53683209419	543
6.56402111053	-1086
6.98273921013	-543
7.10796117783	-1368
7.15843605995	-232
7.2008330822	-1368
7.21683502197	-543
7.29390907288	-232
7.2959651947	543
7.29757714272	543
7.64541912079	-543
7.75429701805	-1368
7.82040214539	-746
7.82114505768	1057
8.16988301277	-543
8.29493808746	-1368
8.34519219398	-232
8.43072319031	-1368
8.48326301575	-232
8.48528909683	543
8.48589801788	543
8.83831906319	-543
8.99246907234	-1420
8.99253201485	-1316
9.01351904869	-920
9.04101014137	-1368
9.04120612144	-1420
9.04120922089	-1420
9.04121017456	-1264
9.04121112823	-1368
9.0785241127	-1420
9.07859110832	-1316
9.12811517715	-1420
9.12818622589	-1316
9.13513422012	-1368
9.1494140625	-1368
9.16898608208	-1368
9.17654514313	-1368
9.17660903931	-1420
9.17664909363	-1420
9.17665219307	-1264
9.17682003975	-1420
9.17682313919	-1420
9.17686104774	-1264
9.18163108826	543
9.21281003952	1057
9.21400117874	-1368
9.21438503265	-1420
9.21444106102	-1420
9.21444416046	-250
9.21456718445	543
9.22177600861	1057
9.243268013	1057
9.25062918663	1057
9.26355099678	1057
9.26369810104	-1420
9.26370120049	-1316
9.27104616165	-1420
9.27105617523	-1316
9.27566003799	1057
9.28629612923	-1420
9.28631401062	-1316
9.30246901512	1057
9.30493116379	-1420
9.30493617058	-1316
9.31036019325	1057
9.31095814705	1057
9.31205320358	-1420
9.31206011772	-1316
9.31239819527	-1420
9.31240415573	-1420
9.31244516373	-1264
9.31251215935	543
9.32191300392	-1420
9.32192611694	-1420
9.32197618484	-1264
9.32357811928	-1420
9.32362103462	-1316
9.3286921978	1057
9.34049201012	1057
9.34832310677	-1368
9.35004806519	-1420
9.35010910034	-1420
9.35011315346	-1415
9.39378404617	1057
9.45450901985	-1420
9.45452404022	-1316
9.45479917526	-1368
9.48534917831	-95
9.54835104942	543
9.55165910721	1057
9.55247211456	1057
9.62075400352	-543
9.62513804436	-1368
9.63765907288	-1368
9.65418100357	-1368
9.65698122978	-1420
9.65699601173	-1316
9.6570482254	-1368
9.65947008133	-1420
9.659512043	-1316
9.66156816483	543
9.6688041687	543
9.66904115677	543
9.67970108986	-1420
9.67971801758	-1316
9.67974615097	-1368
9.68315315247	543
9.6862051487	-1368
9.6890001297	543
9.68922305107	543
9.69182920456	543
9.69202303886	543
9.71275019646	-1368
9.71887516975	-1368
9.71910500526	-1368
9.72376322746	543
9.73422908783	-1420
9.73423504829	-1420
9.73428606987	-1264
9.74266219139	543
9.74633908272	-1420
9.74634408951	-1316
9.75007605553	-1368
9.75025415421	-1420
9.75030303001	-1316
9.75814914703	543
9.76039600372	-130
9.76688814163	543
9.76858305931	543
9.76997709274	543
9.77200007439	543
9.77224302292	543
9.77397918701	-1368
9.8035402298	-1368
9.83120822906	-1368
9.83915019035	543
9.83972215652	543
9.89536809921	-1368
9.90365719795	-385
9.91610312462	-1368
9.93111014366	-1368
9.93126606941	-1420
9.93127322197	-1316
9.95486712456	543
9.96211099625	543
9.96239113808	543
9.98493504524	-1420
9.98494315147	-1316
9.9937441349	543
10.0155670643	-1368
10.0218091011	-1368
10.0333940983	543
10.0442051888	-1368
10.0444350243	-1368
10.0450351238	-1368
10.0525619984	-1292
10.0544891357	543
10.0824332237	-1368
10.0853199959	-1420
10.085381031	-1316
10.1090481281	-1420
10.1091082096	-1316
10.1096291542	-1368
10.1136050224	543
10.1423799992	543
10.1427230835	543
10.2002840042	-1368
10.2054049969	-1368
10.2083911896	-1368
10.2085661888	-1368
10.2177200317	-206
10.22687006	1057
10.2272090912	543
10.2274692059	543
10.23737216	543
10.2975270748	-1368
10.3236000538	-1368
10.3532030582	-464
10.3857722282	-1368
10.4750211239	-1420
10.4750370979	-1316
10.4841601849	543
10.4844231606	543
10.4893782139	-696
10.569797039	-1368
10.579005003	-1368
10.579100132	543
10.6264281273	-1007
10.6381270885	-1420
10.6382050514	-1316
10.6388311386	-1420
10.638874054	-1316
10.6388771534	-1420
10.6389122009	-1316
10.6394271851	-1420
10.6394641399	-1316
10.6398050785	-1420
10.6398470402	-1420
10.6398501396	-1264
10.6682970524	1460
10.668402195	111
10.7620370388	-1089
10.7694680691	-1420
10.7695391178	-1316
10.8820080757	-1368
10.8837091923	-1368
10.8842592239	-1420
10.8842971325	-1316
10.8974561691	-190
10.9087290764	-1420
10.90873909	-1316
10.9224090576	543
10.9321260452	-1368
10.9338819981	-1420
10.9339430332	-1420
10.9339461327	-1264
10.9371910095	-1420
10.9372060299	-1316
10.9375751019	-1368
10.961892128	-1420
10.9619500637	-1420
10.9619531631	-1264
10.961977005	-1420
10.9619791508	-1316
10.9712290764	-1368
10.9728391171	543
10.9782290459	-1420
10.978246212	-1420
10.978303194	-1264
11.0019390583	-1368
11.0022192001	-1420
11.0022220612	-1316
11.0022461414	543
11.0218341351	-1368
11.0219771862	543
11.0227060318	-1420
11.0227110386	-1316
11.0228221416	-1420
11.0228250027	-1316
11.029350996	-1368
11.0296320915	-1368
11.030230999	-1420
11.0302350521	-1316
11.0443100929	-950
11.0662870407	-1368
11.0704522133	-1368
11.070690155	-1420
11.0707240105	-1316
11.0713460445	-1420
11.0713851452	-1420
11.0713870525	-1420
11.0714051723	-1212
11.0715270042	543
11.100921154	-1368
11.1155920029	-1420
11.1156470776	-1420
11.115650177	-1264
11.1599390507	-1420
11.1599562168	-1420
11.1600100994	-1264
11.202037096	-417
11.2345762253	-1368
11.234732151	-1420
11.2347860336	-1316
11.2349882126	-1420
11.2349932194	-1420
11.2350330353	-1264
11.2625291348	-1420
11.2625370026	-1420
11.262567997	-1264
11.2627952099	-1420
11.2628371716	-1420
11.2628400326	-1264
11.2629721165	543
11.2632431984	543
11.2638521194	-1368
11.2639491558	543
11.2639892101	-1420
11.2639911175	-1316
11.2643902302	-1420
11.2643961906	-1316
11.26466012	-1420
11.2646651268	-1316
11.2647540569	543
11.2715361118	1057
11.2720701694	1057
11.288257122	-1368
11.2882840633	-1420
11.2883331776	-1316
11.3291780949	-1368
11.3292520046	-1368
11.3295590878	-1368
11.3298211098	-1420
11.3298640251	-1316
11.3303961754	-1420
11.3304011822	-1420
11.3304481506	-1264
11.3374261856	-602
11.3550050259	-1420
11.3550209999	-1316
11.3550760746	-1368
11.3555951118	-1420
11.355599165	-1316
11.3558502197	-1420
11.3558552265	-1316
11.35592103	-1420
11.3559241295	-1316
11.3560650349	543
11.3948020935	-1368
11.3967120647	-1420
11.3967421055	-1316
11.4165551662	-1420
11.4166340828	-1420
11.4166381359	-1264
11.425812006	-1368
11.4265420437	-1420
11.4265911579	-1420
11.426595211	-1264
11.4269461632	-1420
11.42695117	-1316
11.4272460938	-1420
11.4272511005	-1316
11.4273500443	543
11.4502580166	-1420
11.450274229	-1316
11.4503362179	-1368
11.450412035	-1368
11.4506042004	543
11.4509811401	-1420
11.4509871006	-1316
11.4514322281	-1420
11.4514391422	-1316
11.4518671036	-1420
11.4518721104	-1420
11.4519131184	-1264
11.4523611069	-1368
11.4634821415	1460
11.4635410309	1460
11.463586092	1161
11.4636561871	1460
11.463696003	1460
11.4637391567	1161
11.4638271332	1460
11.4638631344	1460
11.4639050961	1161
11.4639840126	1460
11.4640500546	805
11.464441061	1057
11.4729011059	-1161
11.5613970757	1057
11.6085262299	-543
11.6663351059	-1368
11.70652318	-1368
11.7306511402	-1368
11.7841231823	-725
11.7849931717	-1420
11.785048008	-1316
11.8062012196	1057
11.8130362034	-1368
11.8205342293	-1420
11.8205971718	-1316
11.8212440014	543
11.8237671852	543
11.8245022297	-1368
11.8262271881	543
11.8272061348	543
11.8282902241	543
11.8285751343	543
11.8290371895	543
11.8305540085	543
11.8311271667	543
11.8392271996	543
11.8397750854	-1368
11.8402500153	-1368
11.8403031826	-1368
11.8403060436	-1368
11.8415942192	-1368
11.8419730663	-1420
11.842031002	-1316
11.8420341015	-1420
11.8420860767	-1420
11.8420891762	-1264
11.8471021652	543
11.8478400707	1460
11.8479020596	683
11.8483030796	543
11.8486361504	-1420
11.8486411572	-1316
11.8487901688	543
11.8490250111	543
11.8492431641	543
11.8657870293	-1368
11.8659322262	-1368
11.8661141396	543
11.8677780628	-1420
11.8677840233	-1316
11.8678781986	-1420
11.8678810596	-1316
11.8680410385	-1420
11.8680450916	-1316
11.8716301918	1057
11.8818480968	543
11.8932981491	543
11.9078631401	-1368
11.9135642052	-1368
11.9137141705	-1368
11.9197700024	-1348
11.9339160919	-1420
11.9339311123	-1420
11.934014082	-1264
11.9341430664	-1420
11.934191227	-1316
11.9343800545	-1368
11.9350712299	-1420
11.9350771904	-1316
11.935270071	-1420
11.9352750778	-1316
11.9353270531	-1368
11.9424321651	-1368
11.9593091011	-1368
11.9600431919	-1368
11.960226059	-1420
11.9602310658	-1316
11.9603061676	543
11.9612600803	-1420
11.9612650871	-1420
11.9613080025	-1264
11.961425066	-1420
11.9614920616	-1316
11.961687088	-1368
12.0007271767	-1368
12.0009140968	-1368
12.0014851093	-1368
12.0031700134	-1420
12.0032200813	-1316
12.0136082172	543
12.0283660889	-1368
12.0285651684	543
12.0287852287	-1368
12.0293290615	543
12.0297791958	1057
12.0310721397	-1368
12.0328772068	-1420
12.0329251289	-1316
12.0335161686	-1420
12.0335562229	-1316
12.0339751244	-1420
12.0340270996	-1316
12.0340301991	-1368
12.0375781059	-1420
12.0375840664	-1316
12.0415611267	543
12.0419821739	543
12.0546131134	-1368
12.0553400517	-236
12.0924210548	-1420
12.0924451351	-1316
12.1485362053	-1368
12.1504909992	543
12.1511490345	1460
12.1511981487	1460
12.1512432098	1161
12.1513190269	1117
12.1837310791	-1368
12.1842679977	-1368
12.1843881607	-1368
12.1855640411	1057
12.1910450459	-762
12.196365118	-1368
12.2115151882	-1420
12.2115302086	-1420
12.2115662098	-1264
12.2249491215	-1368
12.225522995	-1368
12.2259101868	-1420
12.2259562016	-1316
12.2260382175	-1368
12.2386660576	-1368
12.2565131187	543
12.2571721077	543
12.2616741657	-1368
12.2640330791	543
12.2669122219	1460
12.2670152187	1460
12.2670650482	707
12.2757220268	-1420
12.2757360935	-1316
12.2996530533	-1368
12.2997391224	-1420
12.2997820377	-1316
12.3190300465	543
12.3193230629	543
12.3266580105	-794
12.3296530247	543
12.3298070431	-1368
12.3669700623	-1368
12.3908741474	-1420
12.390941143	-1316
12.3929781914	543
12.3989641666	-1368
12.400206089	1057
12.4225420952	-543
12.4657721519	-1160
12.4816021919	1057
12.5033760071	-1420
12.5033922195	-1420
12.5034461021	-1264
12.5035769939	543
12.6384501457	-1420
12.638477087	-1420
12.6385262012	-1264
12.6387660503	-190
12.6407351494	543
12.6838030815	-1368
12.6928930283	-1420
12.6929571629	-1316
12.6964361668	-1420
12.6964631081	-1316
12.7060930729	-1368
12.7062160969	-1368
12.7065880299	543
12.7070691586	-1420
12.707075119	-1420
12.7071180344	-1264
12.7079751492	-1420
12.7080221176	-1420
12.7080252171	-1264
12.7276170254	-1420
12.727628231	-1420
12.7276821136	-1264
12.7290451527	543
12.7297291756	543
12.7338471413	-1420
12.7338571548	-1420
12.7339072227	-1264
12.7339100838	-1368
12.7341811657	-1420
12.7341861725	-1316
12.734596014	-1420
12.7346010208	-1420
12.7346420288	-1264
12.7777311802	-1420
12.7777440548	-1420
12.7777922153	-1264
12.7779240608	543
12.7954211235	-1368
12.797055006	-1420
12.7970991135	-1316
12.8079872131	-610
12.8085510731	-1368
12.8086280823	-1368
12.808809042	-1368
12.8088982105	543
12.8089530468	-1368
12.8101980686	-1420
12.8102221489	-1316
12.8121480942	-1420
12.8121931553	-1316
12.8135001659	-1368
12.8147752285	-1420
12.8147799969	-1316
12.8183281422	-1368
12.8184092045	-1368
12.8185470104	543
12.8252010345	-1368
12.8260030746	-1420
12.8260500431	-1316
12.8274919987	-1368
12.828441143	-1420
12.8284461498	-1316
12.8292791843	-1420
12.8292841911	-1420
12.829324007	-1264
12.8300831318	-1368
12.8307321072	-1368
12.87154603	-1368
12.8715991974	-1420
12.8716289997	-1316
12.8765041828	-1368
12.9129340649	-1368
12.9220440388	1057
12.9435060024	-544
12.9961020947	-1420
12.9961140156	-1420
12.9961600304	-1264
13.0790491104	-609
13.0828871727	543
13.0899591446	543
13.1078641415	543
13.218804121	-1086
13.2232460976	543
13.3086690903	-1368
13.3546741009	-1289
13.4637072086	-1368
13.4912672043	-232
13.6294472218	-543
13.7860190868	-1368
13.8354260921	-261
13.8362371922	543
13.9709970951	-543
14.1677391529	-1420
14.1677570343	-1420
14.1678040028	-1264
14.1678071022	-1420
14.1678240299	-1316
14.1680459976	543
14.1711251736	-1420
14.1711320877	-1420
14.1711750031	-1264
14.1742451191	-1420
14.1742970943	-1420
14.1743001938	-1264
14.1870341301	-1368
14.1962900162	-293
14.2160270214	-1368
14.260351181	-1368
14.2609040737	543
14.2801229954	543
14.319671154	1057
14.3323440552	-464
14.4680511951	-1086
14.5675621033	1057
14.7036480904	-1086
14.7042992115	543
14.7047200203	1057
14.7865731716	-1368
14.7870972157	543
14.8340401649	-1420
14.834059	-1316
14.840157032	-211
14.9236631393	-1368
14.9757881165	-1260
14.9779641628	543
14.979624033	543
15.1113641262	-543
15.1354961395	-1368
15.1355531216	-1420
15.1355581284	-1316
15.1357591152	543
15.1365551949	-1368
15.1369431019	-1420
15.1369760036	-1316
15.137720108	-1420
15.1377441883	-1316
15.1377902031	-1368
15.1379041672	-1368
15.1380832195	-1368
15.1381092072	-1368
15.1382961273	-1420
15.1383399963	-1316
15.1391501427	-1368
15.2241501808	-1368
15.2244501114	-1420
15.224503994	-1316
15.2248251438	-1420
15.2248589993	-1316
15.2261800766	-1420
15.226224184	-1316
15.2262949944	543
15.2270212173	-1420
15.2270262241	-1316
15.2271330357	543
15.2281591892	-1420
15.228164196	-1316
15.2290651798	-1420
15.2290701866	-1316
15.229943037	-1368
15.2311470509	-1420
15.2311902046	-1316
15.2319071293	-1368
15.2326860428	-1420
15.2326920033	-1420
15.2327229977	-1264
15.2336380482	-1368
15.2343780994	-1368
15.2350280285	-1368
15.2352101803	-1420
15.2352240086	-1316
15.2357900143	-1368
15.2361609936	-1420
15.2362031937	-1420
15.2362060547	-1264
15.2380571365	543
15.2712800503	-447
15.3144512177	-1420
15.3144640923	-1420
15.3145041466	-1264
15.315431118	-1420
15.3154361248	-1420
15.3154771328	-1264
15.3160350323	-1368
15.318570137	-1420
15.3185751438	-1420
15.3186161518	-1264
15.318800211	-1368
15.407017231	-1420
15.4070351124	-1316
15.4070911407	-1420
15.4070940018	-676
15.449463129	543
15.5427601337	-543
15.54302001	543
15.5536980629	-543
15.5718541145	1057
15.6785280704	-1086
15.6787040234	543
15.8476212025	-543
16.0046741962	-543
16.5367810726	543
16.536878109	543
16.536935091	543
16.8232572079	-543
16.9054310322	-543
17.0408492088	-543
17.3833510876	-543
17.3908572197	-543
17.4830121994	543
17.4865281582	1460
17.4866142273	1460
17.4867041111	1161
17.4867510796	1460
17.4868841171	685
17.4872760773	1057
17.527187109	-543
17.6921291351	-543
17.7780840397	-543
17.8121461868	-543
17.9013121128	-1368
17.9014420509	-1420
17.9014651775	-1316
17.9096260071	-1420
17.9096930027	-1420
17.9097311497	-1264
17.9099280834	543
17.9099662304	-1368
17.9101140499	-1368
17.9478001595	-1420
17.9478170872	-689
17.9932420254	-1368
18.0375339985	-1420
18.0375850201	-1420
18.0376310349	-1420
18.0376691818	-1212
18.0404109955	-1368
18.0452201366	-1420
18.0452251434	-1420
18.0452661514	-1264
18.0454261303	-1420
18.0454280376	-1316
18.0805170536	-1368
18.0811150074	543
18.0833160877	-923
18.0976140499	-1368
18.1389191151	-1368
18.1472182274	1057
18.185904026	-1420
18.1859211922	-1316
18.2332801819	-356
18.2352371216	543
18.2373151779	543
18.3691151142	-1086
18.6202991009	-543
18.7468001842	-1368
18.8360261917	-1420
18.8360731602	-1316
18.841255188	-124
18.8432872295	543
18.8440010548	543
18.8442840576	1057
18.9258761406	-1368
18.9261460304	-1420
18.9262111187	-1316
18.9774961472	-638
19.0588541031	-1420
19.0589230061	-1316
19.1143941879	-920
19.3002750874	-543
19.3631432056	-543
19.5183200836	-543
19.536711216	543
19.6931800842	-543
19.7031300068	1057
19.7611382008	1057
20.0526821613	-543
20.1739280224	-1368
20.2683660984	-775
20.2684202194	-1368
20.268556118	543
20.3571321964	-1368
20.3592040539	543
20.3599891663	1057
20.4039711952	-978
20.4472661018	-1368
20.4918301105	1057
20.5341820717	543
20.5791790485	-746
20.5811722279	543
20.5819740295	543
20.7996840477	-543
20.9752070904	-543
21.1114900112	-543
21.233861208	-1368
21.2470450401	-1289
21.2772550583	543
21.2869100571	1460
21.2869801521	111
21.6325390339	-543
21.6334841251	-1420
21.6335442066	-1420
21.6335480213	-1264
21.6335830688	-1368
21.6336371899	-1368
21.6586019993	-1368
21.6588470936	-1420
21.6588990688	-1316
21.7213580608	-1368
21.7696940899	-1368
21.7698881626	-1420
21.769931078	-1420
21.7699661255	-1420
21.770001173	-311
21.810598135	-1420
21.8106710911	-1420
21.8107111454	-1264
21.9015300274	-1368
21.9017281532	543
21.9053120613	-298
21.9480390549	-1420
21.9480550289	-1420
21.9481031895	-1264
21.9498400688	-1368
21.9528131485	-1368
21.9545221329	-1420
21.954567194	-1316
21.9565601349	-1368
21.9805111885	-1368
21.9827401638	-1420
21.9827852249	-1316
22.0372691154	-1368
22.0804901123	-1420
22.08050704	-1316
22.0813510418	-243
22.0815010071	543
22.0820171833	543
22.082431078	1057
22.6100702286	-543
22.6116111279	-1420
22.6116671562	-1316
22.6387610435	-1368
22.6389300823	-1368
22.6390030384	543
22.6394600868	-1420
22.6394650936	-1420
22.6395041943	-1420
22.6395070553	-1212
22.7472741604	-1420
22.7472920418	-747
22.786960125	1057
22.7889180183	543
22.7890322208	-1368
22.7995340824	543
22.8830330372	-746
22.8850622177	543
22.887234211	543
22.9002971649	1057
22.9233300686	543
23.2471380234	-543
23.2483720779	543
23.2492890358	1057
23.3102381229	-1368
23.3108770847	-1368
23.311768055	-1420
23.3117740154	-1316
23.3118162155	-1368
23.3119840622	-1420
23.3120172024	-1316
23.3122041225	-1368
23.3845851421	-1420
23.3846161366	-1290
23.4001030922	-1368
23.4464700222	-1420
23.4465410709	-1316
23.4472851753	-1420
23.4473540783	-1420
23.44739604	-1420
23.4474329948	-1212
23.4477391243	-1420
23.4478371143	-1420
23.4478440285	-1264
23.4479281902	-1368
23.4869201183	-1420
23.4869470596	-1316
23.5204150677	-1420
23.5204331875	-1316
23.5208370686	543
23.5241641998	543
23.5749762058	-1420
23.5749940872	-1316
23.5789880753	-1368
23.5790991783	543
23.5821061134	-1420
23.5821130276	-1420
23.5821630955	-1264
23.5826141834	-1420
23.582668066	-1420
23.5826721191	-1264
23.5827360153	-1368
23.5830621719	-1420
23.5831050873	-1420
23.5831170082	-1420
23.5831542015	-1212
23.5831570625	-1420
23.5831902027	-1316
23.5833361149	543
23.6227140427	-1420
23.6227340698	-131
23.6873512268	-1368
23.758398056	-746
23.9404361248	-1368
23.9554281235	-1318
23.9581511021	-1368
24.0305850506	-1420
24.0306010246	-1316
24.0363361835	543
24.0911819935	-1152
24.1376841068	-1420
24.1376941204	-1316
24.2734470367	-920
24.2782480717	543
24.4142131805	-543
24.6274960041	-1368
24.6275939941	-1368
24.6284990311	-1368
24.6478900909	-1368
24.6537320614	-356
24.7395401001	-1368
24.7894279957	-746
24.8015320301	543
25.1576831341	-543
25.1592252254	-1420
25.1592710018	-1316
25.1592750549	-1420
25.1593010426	-1316
25.244988203	-1420
25.2450590134	-1420
25.2450990677	-1264
25.2951002121	-820
25.2953481674	543
25.3334240913	-1368
25.4314939976	-1260
25.4318060875	543
25.4377741814	543
25.8227112293	-543
25.8231401443	543
25.9589881897	-1420
25.9590201378	-1420
25.9590950012	-1420
25.9591021538	-996
25.9591391087	-1368
25.9594490528	-1368
25.9594991207	-1420
25.9595050812	-1316
25.982653141	-1368
26.0064251423	-1368
26.094630003	-1420
26.0946471691	-1369
26.0957670212	-1368
26.2308940887	-232
27.3809521198	-543
27.5354781151	543
