0	-543
0.269418001175	543
0.269788980484	543
0.269896030426	543
0.358788013458	543
0.696588039398	-543
0.927899122238	-543
3.28943109512	-543
5.78292393684	-543
5.78313612938	543
6.18026995659	-1420
6.18029594421	-1420
6.18040895462	-787
6.18255209923	543
6.18437099457	543
6.21624207497	543
6.55047392845	-543
6.72110199928	-543
6.72134613991	543
6.86118412018	-543
6.86137104034	543
7.06401515007	-1420
7.06403493881	-665
7.06761908531	1057
7.26834416389	-1420
7.26836109161	-1420
7.26841902733	-787
7.27063202858	543
7.27118611336	543
7.64864802361	-543
7.82007002831	-1057
7.85088396072	543
8.18594503403	-543
8.18614602089	543
8.47423315048	-1420
8.47425103188	-1420
8.47431206703	-787
8.47640800476	543
8.47795295715	543
8.80008506775	-543
8.86242198944	-1368
8.97015213966	-717
8.97155499458	543
9.26005315781	-543
9.26023793221	543
9.69176101685	-1420
9.69177794456	-1420
9.69183707237	-787
9.69378995895	543
9.69437098503	543
10.0267930031	-543
10.1736090183	-1420
10.1736879349	-1316
10.1971671581	-891
10.2691521645	543
10.2738790512	-1420
10.2739329338	-1420
10.2739629745	-1264
10.2819740772	-1420
10.2820520401	-1316
10.3277461529	-443
10.3279321194	543
10.3323881626	-1420
10.3323991299	-1316
10.3630580902	-1420
10.3630731106	-1420
10.3631291389	-1264
10.4064791203	-1420
10.4065339565	-1420
10.4065711498	-1264
10.4100050926	-1420
10.4100110531	-1420
10.4100699425	-1264
10.4122030735	543
10.4189660549	-1368
10.4582710266	-235
10.4631121159	543
10.4690549374	543
10.476514101	-1420
10.476526022	-1316
10.4943540096	-1420
10.4943721294	-1420
10.4944310188	-1264
10.4963400364	543
10.5063259602	543
10.5172381401	543
10.5176589489	-1420
10.5176651478	-1316
10.5271699429	543
10.5559461117	-1420
10.5559639931	-1420
10.5560801029	-1420
10.556084156	-1212
10.5561449528	-1368
10.5561480522	-1368
10.5681891441	-1368
10.568292141	-1420
10.5683670044	-1316
10.5686700344	543
10.5869960785	543
10.5888831615	-475
10.590264082	543
10.5954380035	543
10.6075999737	-1420
10.6076159477	-1316
10.608271122	543
10.6476590633	543
10.6493360996	-1368
10.6574549675	-1420
10.6575140953	-1316
10.6597700119	-1420
10.6598069668	-1420
10.6598110199	-1264
10.6600041389	-1420
10.660007	-1316
10.6600470543	-1368
10.671323061	-1368
10.6732771397	543
10.6737439632	543
10.7383699417	-778
10.8692901134	-543
10.8695580959	543
10.872202158	543
10.8820359707	543
10.9506320953	-1368
10.9508669376	543
10.9510030746	543
10.955176115	-1368
10.955381155	543
10.95550704	1057
11.0005619526	-493
11.0007500648	543
11.131508112	-1057
11.1317181587	1057
11.1926980019	-1368
11.1929121017	1057
11.2624161243	-232
11.2626099586	543
11.2761459351	-1420
11.2761600018	-1316
11.3633329868	-1368
11.3643391132	543
11.3658361435	543
11.3741569519	-1420
11.3741641045	-1316
11.3850741386	-1420
11.3850901127	-1420
11.3851470947	-1264
11.3931059837	-509
11.3933329582	543
11.4050109386	543
11.4060239792	543
11.4107611179	-1420
11.4107661247	-1316
11.4271349907	-1420
11.4271421432	-1420
11.4271869659	-1264
11.4379119873	543
11.4386191368	543
11.4674110413	-1420
11.4674270153	-1316
11.4699010849	543
11.5159871578	-1420
11.5160069466	-1420
11.5160889626	-1264
11.5184850693	543
11.5210051537	543
11.5214879513	543
11.5235950947	-343
11.5284249783	543
11.5300631523	543
11.5616691113	-1420
11.5616810322	-1316
11.6318171024	-1420
11.6318349838	-1420
11.631893158	-1264
11.6378080845	-1420
11.6378481388	-1316
11.6392581463	543
11.644108057	-1368
11.6442270279	-1420
11.6442840099	-1316
11.6497890949	543
11.6543691158	-828
11.6544671059	543
11.6650130749	543
11.6652729511	543
11.6658120155	543
11.6667129993	543
11.7268719673	-1420
11.7268891335	-1420
11.7269461155	-1264
11.7290401459	-1420
11.7290899754	-1316
11.7290930748	-1368
11.737249136	543
11.7851519585	-675
11.7874770164	543
11.8037919998	-1368
11.8210890293	-1368
11.8284881115	543
11.8312909603	543
11.8427729607	-1420
11.8427810669	-1316
11.8750879765	1057
11.9102389812	-1368
11.9156889915	-45
11.915858984	543
11.9491629601	-1368
11.9962289333	-1368
12.0060679913	543
12.04362607	-1368
12.0465350151	-667
12.1364071369	-1368
12.1366319656	543
12.1367471218	543
12.146846056	-1368
12.1584620476	543
12.1773400307	-493
12.2563209534	-1420
12.2563390732	-1420
12.2564041615	-1264
12.2566120625	543
12.2691650391	-1420
12.2691750526	-1420
12.2692260742	-1264
12.2874090672	-1420
12.2874679565	-1420
12.2874720097	-1264
12.3079991341	-198
12.3161759377	-1420
12.3162250519	-1316
12.3217811584	-1368
12.3274071217	-1368
12.369977951	-1420
12.3699901104	-1316
12.4241700172	-1420
12.4241909981	-1316
12.4387271404	-24
12.4399850368	543
12.5146150589	-1368
12.5742571354	-1260
12.574532032	543
12.7899010181	-1420
12.7899210453	-665
12.7912311554	1460
12.7913031578	1139
12.9753670692	1057
13.0256769657	-1420
13.0256950855	-1420
13.0257549286	-787
13.0766899586	-1420
13.0767669678	-1420
13.0768051147	-1264
13.0858111382	-1420
13.0858650208	-1316
13.156304121	-443
13.2052559853	-1420
13.205343008	-1316
13.2232820988	-1420
13.2233660221	-1420
13.2234070301	-1264
13.2235779762	543
13.2564411163	-1420
13.2564570904	-1316
13.273720026	-1368
13.2738471031	-1420
13.2739100456	-1316
13.2758309841	543
13.2852230072	-1420
13.2852399349	-1420
13.2852840424	-1264
13.2854809761	543
13.314948082	-1420
13.3149600029	-1316
13.3271291256	-786
13.3326311111	-1420
13.3326900005	-1316
13.333053112	-1420
13.33309412	-1420
13.333096981	-1264
13.3421940804	-1420
13.3422009945	-1420
13.3422451019	-1264
13.352640152	-1368
13.4643290043	-1420
13.464345932	-1420
13.4644060135	-1264
13.4644091129	-1420
13.4644551277	-1420
13.4644570351	-1264
13.464564085	-815
13.4647381306	543
13.4768640995	-1420
13.4768791199	-1420
13.4769439697	-1264
13.4939899445	-1420
13.4940681458	-1420
13.4940719604	-1264
13.5044240952	-1368
13.5045030117	-1368
13.528826952	-1420
13.5288441181	-1420
13.528908968	-1264
13.5290410519	543
13.529583931	543
13.5299561024	543
13.5557279587	543
13.5584220886	543
13.595279932	-546
13.632652998	-1420
13.6327309608	-1316
13.6608481407	-1420
13.660918951	-1316
13.6712081432	-1420
13.6712760925	-1420
13.6712801456	-1264
13.6768579483	-1420
13.6768641472	-1420
13.6769061089	-1264
13.681579113	-1368
13.7229070663	-1420
13.7229239941	-1316
13.7339971066	-1420
13.7340109348	-1420
13.7340779305	-1264
13.7342419624	543
13.7632241249	-989
13.7701749802	-1420
13.7702300549	-1316
13.8093559742	-1368
13.8184449673	-1420
13.8184609413	-1316
13.8193650246	-1420
13.8193700314	-1420
13.8194110394	-1264
13.8206419945	-1420
13.8206970692	-1316
13.8206999302	-1368
13.8316791058	-1420
13.8316960335	-1420
13.8317570686	-1264
13.8404631615	-1368
13.8406479359	543
13.8887059689	-1368
13.9012880325	-19
13.910089016	-1420
13.9101030827	-1316
13.9126260281	-1420
13.9126369953	-1420
13.9126679897	-1264
13.9127831459	543
13.920331955	-1420
13.9203469753	-1420
13.9204051495	-1264
13.9217340946	-1420
13.9217820168	-1420
13.9217851162	-1264
13.9308390617	-1368
13.9508509636	-1420
13.9509050846	-1316
13.9515230656	-1420
13.9515480995	-1420
13.9515509605	-1264
13.9629311562	-1420
13.9629449844	-1420
13.9629809856	-1264
13.9977021217	-1420
13.9977719784	-1420
13.9977760315	-1264
13.9979529381	543
13.9985761642	1460
13.9986231327	1139
14.0081861019	-1420
14.0081989765	-1420
14.0082499981	-1264
14.0083501339	-1368
14.0086131096	-1420
14.0086171627	-1420
14.0086541176	-1420
14.0086569786	-1212
14.0086920261	-1368
14.0172419548	1460
14.017318964	1460
14.0173799992	1161
14.0174441338	1460
14.0175011158	1460
14.0175521374	1161
14.0176279545	1460
14.017676115	745
14.0181660652	1057
14.0320000648	-1037
14.0578751564	-1368
14.1409389973	-1368
14.145170927	543
14.147591114	543
14.1693370342	543
14.1885800362	-920
14.2108831406	543
14.3660769463	-543
14.3662769794	543
14.5063760281	-1057
14.5065760612	1057
14.6327419281	-1420
14.6327590942	-1316
14.6497049332	-891
14.6504061222	543
14.6508440971	543
14.6860179901	-1368
14.6971681118	-1420
14.6972379684	-1316
14.6973731518	543
14.7323210239	-1368
14.7345991135	1057
14.7350530624	543
14.779104948	543
14.7812170982	-783
14.7972240448	543
14.8409900665	-1420
14.8410069942	-1420
14.84106493	-1264
14.8412959576	-1420
14.8413181305	-1420
14.8413209915	-1264
14.8415920734	543
14.8423750401	543
14.8427839279	543
14.8446409702	-1420
14.8446481228	-1420
14.8447160721	-1264
14.8460159302	543
14.8875131607	-1420
14.8875319958	-1420
14.8875980377	-1264
14.8956320286	-1420
14.8956840038	-1420
14.8956890106	-1264
14.8966310024	-1420
14.8966360092	-1420
14.8966779709	-1264
14.8983781338	-1420
14.8984050751	-1420
14.8984079361	-1264
14.8985071182	543
14.9151170254	-976
14.9416880608	-1420
14.94176507	-1316
14.9492080212	-1368
14.9528541565	-1420
14.952860117	-1316
14.9600050449	-1420
14.9600191116	-1420
14.96007514	-1264
14.9671030045	-1420
14.9671571255	-1316
15.0458810329	-944
15.0462441444	1057
15.0463769436	543
15.0467560291	543
15.1594150066	-1368
15.159487009	-1420
15.1595220566	-1316
15.1772229671	-580
15.1793141365	543
15.1800291538	543
15.4080030918	-1420
15.4080250263	-1420
15.4080851078	-273
15.4082150459	543
15.455753088	-1420
15.4557709694	-1420
15.455837965	-1264
15.4578249454	543
15.4588060379	543
15.5386841297	-1152
15.5389080048	543
15.5409600735	543
15.5450971127	543
15.6763460636	-543
15.8108620644	-1368
15.8110890388	543
15.8471460342	-232
15.9140119553	-1420
15.9140911102	-1420
15.9141311646	-1264
15.9533650875	-1368
15.9536790848	543
15.956056118	543
15.9562680721	1460
15.9563140869	1460
15.9563760757	193
15.9853169918	543
15.9856100082	543
16.0011470318	-1420
16.0011639595	-1316
16.0121979713	-1420
16.0122139454	-1420
16.0122730732	-1264
16.0171921253	543
16.0179290771	1460
16.0179851055	1460
16.0180530548	1161
16.018130064	1460
16.0181670189	685
16.0224020481	-1420
16.0224080086	-1420
16.0224530697	-1264
16.0284011364	543
16.0289759636	1460
16.0290250778	1139
16.0294611454	543
16.0331959724	-235
16.0402219296	543
16.0408320427	543
16.0463790894	-1420
16.0463881493	-1316
16.0698111057	-1420
16.0698261261	-1420
16.0698919296	-1264
16.0718150139	543
16.0724570751	543
16.1513531208	-1420
16.1513719559	-1420
16.1514360905	-1264
16.1659519672	-1368
16.1769790649	-169
16.2119669914	-1420
16.2120461464	-1420
16.2120499611	-1264
16.2167460918	-1420
16.216753006	-1316
16.2901639938	-1420
16.2901830673	-1316
16.3082621098	-1334
16.3103511333	543
16.3259420395	-1368
16.3697421551	-1420
16.369754076	-1420
16.3698050976	-1264
16.3708181381	1057
16.3747711182	-1420
16.3747770786	-1316
16.3748550415	-1368
16.3749511242	543
16.3754811287	543
16.3758699894	543
16.3850860596	-1368
16.3987319469	-1420
16.3988089561	-1316
16.4000020027	-1420
16.4000439644	-1316
16.4003009796	-1368
16.4051339626	1057
16.4070370197	543
16.4112229347	-1420
16.4112291336	-1420
16.4112761021	-1264
16.4115760326	-1420
16.4116239548	-1420
16.4116261005	-1264
16.4169199467	543
16.4332089424	-1368
16.4412260056	-288
16.4580061436	-1420
16.4580171108	-1316
16.4658780098	-1420
16.4658939838	-1420
16.4659330845	-1264
16.4742500782	-1420
16.4743220806	-1420
16.4743261337	-1264
16.476017952	-1420
16.4760229588	-1420
16.4760510921	-1264
16.4761350155	543
16.4781301022	-1368
16.4855070114	-1420
16.4855730534	-1316
16.5102181435	-1420
16.5102851391	-1316
16.5201089382	-1368
16.5203499794	-1420
16.5203549862	-1316
16.5292890072	-1420
16.5293049812	-1420
16.5293631554	-1264
16.5485830307	-1420
16.5486531258	-1316
16.5722899437	-1013
16.572453022	543
16.6035900116	-1420
16.6036069393	-1316
16.6096661091	-1368
16.6145009995	-1368
16.620994091	-1420
16.6210010052	-1316
16.6210899353	-1420
16.6210930347	-1316
16.6211500168	-1368
16.6248660088	-1420
16.6249129772	-1420
16.624915123	-1264
16.635187149	1057
16.6418869495	-1420
16.6418969631	-1420
16.6419560909	-1264
16.6433451176	-1368
16.6435251236	543
16.6475870609	-1420
16.6475939751	-1316
16.6515319347	-1420
16.6515381336	-1420
16.6515829563	-1264
16.6541690826	-1368
16.6985931396	-1420
16.698611021	-1420
16.6986751556	-1264
16.6987531185	-1420
16.6987819672	-1316
16.6988470554	-1368
16.7029280663	-797
16.7096800804	-1420
16.7097520828	-1420
16.7097570896	-1264
16.726680994	-1420
16.7266960144	-1420
16.7267520428	-1264
16.7269079685	543
16.7806830406	-1420
16.7806999683	-1316
16.8336670399	-53
16.8338980675	543
16.8493311405	-1420
16.8493499756	-1316
16.8662970066	-1368
16.9072830677	-1420
16.9073541164	-1316
16.9106550217	543
16.9142451286	543
16.9645020962	-986
17.0261559486	-1420
17.0261721611	-1316
17.056071043	-1368
17.0585391521	543
17.0950479507	-66
17.1723811626	-1368
17.2257270813	-203
17.3942770958	-1057
17.4035439491	543
17.534484148	-543
17.7765431404	-1057
17.7777600288	543
17.9072971344	-1057
18.1623589993	-1420
18.1624310017	-1420
18.1624701023	-787
18.1687560081	-1420
18.1688270569	-1420
18.1688661575	-1264
18.173140049	-1420
18.1731879711	-1316
18.1733851433	-1368
18.2017459869	-1420
18.2018311024	-1316
18.2684071064	-1420
18.2684760094	-1420
18.26851511	-1264
18.2929611206	-32
18.3176660538	543
18.3792610168	543
18.4596979618	-1057
18.6455769539	-1057
18.66968894	-1368
18.810500145	-1260
18.8108241558	543
18.8114471436	543
18.8118400574	543
19.0874421597	-1420
19.0874619484	-1420
19.0875170231	-787
19.0895900726	543
19.21175313	-1420
19.2117710114	-1420
19.211835146	-1264
19.211838007	-1368
19.2118859291	-1368
19.212059021	543
19.2121300697	-1368
19.2139620781	543
19.2178790569	-132
19.2224271297	-1420
19.2224831581	-1316
19.2592699528	-1420
19.2593369484	-1420
19.2593410015	-1264
19.2594189644	-1420
19.2594220638	-1316
19.2596030235	543
19.2600929737	-1420
19.2600979805	-1420
19.2601470947	-1420
19.2601490021	-1212
19.2601890564	-1420
19.2601909637	-1316
19.2604899406	-1420
19.2604949474	-1316
19.2687549591	-1420
19.2687621117	-1316
19.2688910961	-1420
19.2688951492	-1316
19.2689189911	-1368
19.2689771652	543
19.2691700459	-1420
19.269174099	-1316
19.2693231106	-1420
19.2693271637	-1420
19.2693719864	-1264
19.2694611549	-1368
19.2695980072	543
19.3070919514	-1420
19.3071169853	-1316
19.3074729443	-1368
19.3077991009	-1420
19.3078260422	-1316
19.3083181381	-1420
19.3083441257	-1316
19.3125510216	-1420
19.3126080036	-1420
19.3126120567	-1264
19.3126530647	-1368
19.3126561642	-1368
19.3127970695	-1420
19.3128011227	-1316
19.3129291534	-1420
19.3129320145	-1316
19.312983036	543
19.3131630421	543
19.3132059574	-1368
19.3426921368	-1420
19.34278512	-1316
19.3427901268	-1368
19.3428280354	-1368
19.3527550697	-1420
19.3528110981	-1420
19.3528139591	-409
19.4836299419	-1057
19.6550700665	-543
19.791228056	-1057
19.8355269432	-1420
19.8355419636	-1316
19.845646143	-1368
19.9222011566	-1123
19.9355010986	543
20.045331955	1057
20.0457639694	1460
20.0458199978	625
20.391700983	-543
20.895663023	-1057
21.5336120129	-1057
21.5499670506	1460
21.5509009361	1460
21.5509569645	193
21.5514011383	543
21.7228341103	-543
21.7287380695	543
21.8929140568	-543
21.9276320934	-1420
21.927683115	-1316
21.929445982	-1420
21.9294891357	-1420
21.9294919968	-1264
21.9390101433	-1420
21.9390261173	-1420
21.9390830994	-1264
21.9392061234	543
21.9807291031	-1368
22.0236849785	-1420
22.0237381458	-1316
22.0584990978	-1420
22.0585689545	-1420
22.0586071014	-1420
22.0586099625	-1212
22.0600941181	-1420
22.0601000786	-1420
22.0601420403	-1420
22.0601439476	-1212
22.0602419376	-1420
22.0602440834	-1316
22.0698239803	-1420
22.0698349476	-613
22.0700180531	543
22.088971138	543
22.3614759445	-1420
22.3614940643	-1420
22.361549139	-787
22.3616769314	543
22.4920179844	-543
22.493940115	543
22.4941649437	543
22.6291351318	-543
22.6294250488	543
22.7741999626	-543
22.9164741039	-1420
22.91654706	-1420
22.9165861607	-787
22.9751999378	-1368
22.9753630161	-1368
23.0471360683	-891
23.0557291508	-1420
23.0557689667	-1316
23.1873469353	-920
23.1894769669	543
23.1902151108	1057
23.5172550678	-543
23.7055330276	-1057
23.7156181335	543
23.758728981	543
24.2876319885	-543
24.287831068	543
24.422273159	-543
24.4224569798	543
24.5557670593	1057
24.6795010567	-1420
24.679516077	-1420
24.6795730591	-787
24.6839089394	543
24.684762001	1057
24.8218741417	-1420
24.8218920231	-1420
24.8219561577	-787
24.8239459991	543
24.8247029781	543
25.0730481148	-543
25.2432341576	-543
25.370344162	-1368
25.3761079311	-1260
25.4270150661	543
25.4386210442	1460
25.4386861324	111
25.769080162	-1420
25.7691321373	-151
25.7706561089	-1420
25.7707059383	-1316
25.7715351582	-1420
25.7715899944	-1420
25.7716300488	-1264
25.7743971348	-1420
25.774435997	-1316
25.8117549419	-1368
25.9092750549	-1420
25.9093260765	-1316
25.90934515	-1420
25.9093711376	-1316
25.910184145	-1420
25.9102320671	-1316
25.9104111195	-1420
25.9104161263	-1316
25.910544157	543
25.9111721516	-1420
25.911178112	-1316
25.911272049	-1420
25.9112751484	-1316
25.9113180637	-1420
25.9113211632	-1316
25.9114439487	543
25.9121730328	-1420
25.9121789932	-1316
25.9123630524	-1420
25.9123680592	-1316
25.945469141	-1420
25.9454851151	-1316
26.0476610661	-1420
26.0476770401	-1420
26.0477330685	-1264
26.0477359295	-1368
26.0478241444	-1420
26.0478270054	-1316
26.0480420589	-1420
26.0480451584	-1316
26.0481660366	543
26.0488960743	-1420
26.0489010811	-1316
26.0489909649	-1420
26.048995018	-205
26.0495350361	543
26.0499410629	543
26.5040030479	-1420
26.5040221214	-1420
26.5040609837	-787
26.5663490295	-1420
26.5664441586	-1316
26.5837030411	-1368
26.6345441341	-609
26.6348061562	543
26.6745591164	1057
26.6885409355	543
26.6986179352	543
26.7797551155	1057
26.7875950336	543
26.9312851429	-1420
26.9313020706	-1420
26.93136096	-787
26.9334061146	543
26.9341509342	543
27.0579769611	-1368
27.0618269444	-232
27.0623309612	543
27.0627419949	543
27.2009451389	-1420
27.2009530067	-1316
27.2321231365	-891
27.2686700821	543
27.2989299297	-1420
27.2990031242	-1420
27.2990469933	-1264
27.3132030964	-1420
27.3132741451	-1316
27.3947679996	-1420
27.3948709965	-1420
27.3949241638	-1264
27.3949790001	-1420
27.3949861526	-1316
27.3950340748	-1368
27.3950409889	-1368
27.3953440189	543
27.4172999859	-1420
27.4173159599	-1316
27.4224171638	-1155
27.4413290024	-1420
27.4414000511	-1316
27.441683054	-1368
27.4419660568	-1420
27.4419710636	-1316
27.4420320988	-1368
27.4421269894	543
27.45789814	-1368
27.4941539764	-1420
27.4942250252	-1316
27.4942290783	-1368
27.4944560528	-1420
27.4944591522	-1316
27.4946250916	-1420
27.4946300983	-1420
27.4946701527	-1264
27.4952030182	-1420
27.495249033	-1420
27.4952521324	-1264
27.4952981472	-1368
27.4955201149	-1420
27.4955451488	-1316
27.5261850357	-1420
27.5262401104	-1420
27.5262451172	-1420
27.5262620449	-1420
27.5262639523	-1420
27.5262789726	-1108
27.5262820721	-1368
27.5264520645	543
27.5266420841	1057
27.5422251225	-1368
27.5626909733	543
27.5850100517	-486
27.7158119678	-543
27.7162640095	543
28.0941569805	-1420
28.0941851139	-1420
28.0942621231	-787
28.1897881031	-1420
28.1898601055	-1420
28.1898980141	-1264
28.1934411526	543
28.225497961	-66
28.2291829586	543
28.474861145	-1420
28.47488904	-1420
28.4749660492	-787
28.5238089561	-1368
28.6054649353	-717
28.6105279922	543
28.7144479752	-1368
28.7458860874	-232
28.8943319321	-1420
28.8943500519	-665
28.9001231194	543
29.1988959312	-1420
29.198925972	-665
29.2075741291	543
29.6907849312	-1420
29.6908080578	-1179
30.1366679668	-1057
