0	543
0.000169038772583	543
0.00050687789917	543
0.101624965668	-543
0.208629846573	1057
0.552227020264	-543
0.638356924057	-1420
0.638430833817	-1316
0.668834924698	-891
0.682546854019	543
0.686755895615	543
0.68719792366	543
0.687428951263	543
0.694243907928	543
1.05881881714	-543
1.08088088036	-543
1.22459697723	-543
1.33158802986	-1420
1.33165693283	-1420
1.33169698715	-1264
1.34127688408	-66
1.37468695641	543
1.37644386292	543
1.38231682777	543
1.47709202766	-543
1.73484802246	-1420
1.73486590385	-665
1.85149884224	-543
2.03952097893	-543
2.15628600121	-543
2.23287796974	-1368
2.27290201187	-203
2.27414393425	543
2.67505288124	-1057
2.68327784538	1057
3.00233387947	543
3.09361481667	-543
3.19748282433	-1420
3.19753789902	-1316
3.25102591515	-377
3.25119686127	543
3.25323390961	543
3.25515604019	543
3.52051782608	-543
3.80827689171	-543
4.03117585182	-1420
4.03125786781	-665
4.03198099136	1057
5.39690184593	-543
5.72735500336	-1420
5.72742199898	-151
5.77164387703	1057
6.38282299042	-1420
6.38290190697	-665
6.38485002518	543
6.3854598999	543
6.76016688347	-543
6.91102385521	-1420
6.91108202934	-1316
6.91658186913	-377
7.00132894516	-1368
7.03324604034	-203
7.55153203011	-1420
7.55157995224	-151
7.63713884354	-1420
7.6372089386	-1420
7.63726091385	-1264
7.66804099083	-66
7.77257800102	1057
7.79996490479	-1420
7.80003595352	-1420
7.80006599426	-787
7.8863799572	-1420
7.88646602631	-1420
7.88651204109	-1264
7.8865480423	-1368
7.91656303406	-783
7.92938494682	1057
7.93928289413	1057
7.96071004868	1057
7.96910881996	1057
7.97525382042	1057
7.98532700539	1057
8.05076003075	1057
8.28464984894	-1420
8.28466796875	-1420
8.28473591805	-787
8.28486585617	543
8.36827397346	-1368
8.37017202377	-1420
8.37021803856	-1420
8.37022185326	-1264
8.40147089958	-783
8.42666888237	-1420
8.42674303055	-1316
8.42674684525	-1368
8.42874884605	543
8.42942285538	543
8.45404100418	-1420
8.45405697823	-1420
8.45411396027	-1264
8.45568799973	-1420
8.45573282242	-1316
8.51809501648	-1023
8.52036690712	543
8.52208685875	543
8.54902696609	-1420
8.54904294014	-1316
8.54908299446	-1368
8.54921388626	543
8.55115890503	543
8.55173301697	543
8.6390619278	-66
8.66623282433	-543
8.67072081566	-1420
8.67077183723	-1316
8.78535795212	-891
8.78753781319	543
8.7894179821	543
8.7946999073	-1368
8.88538384438	-1368
8.90447282791	-949
9.02118182182	-543
9.04926204681	-1368
9.06291484833	543
9.06352496147	1057
9.1349029541	-1368
9.16579389572	-464
9.16666197777	543
9.28241682053	-543
9.34434485435	-1368
9.3916759491	-1368
9.45397901535	-435
9.45506596565	543
9.45765995979	543
9.47252488136	543
9.47739195824	-1368
9.54425692558	-1368
9.5506029129	543
9.55111598969	543
9.5513818264	543
9.56313300133	-1420
9.56314182281	-1316
9.57047891617	-812
9.60033297539	543
9.71768784523	-1086
9.75366091728	-1420
9.75372695923	-1316
9.83941292763	-1368
9.84194803238	543
9.87025904655	-1094
9.92942404747	543
9.92972302437	543
9.92996501923	543
9.93016695976	543
10.0450789928	-1420
10.0450940132	-1420
10.0451529026	-1264
10.0469088554	-1152
10.1922910213	-1368
10.2117278576	-1368
10.2139618397	-949
10.215143919	543
10.2189500332	-1420
10.2189559937	-1316
10.2707648277	-1420
10.2707819939	-1316
10.2708609104	-1368
10.2724938393	-1368
10.2779350281	-1420
10.2779409885	-1420
10.2779998779	-1420
10.2780020237	-1212
10.2780559063	-1368
10.2974410057	-1368
10.3047838211	-1420
10.3047938347	-1316
10.330824852	-1155
10.3309898376	1057
10.4759149551	-1420
10.4759318829	-1316
10.4930038452	-377
10.6096990108	-543
10.6737828255	-1420
10.6737990379	-1316
10.7177908421	-1368
10.7198638916	543
10.7205579281	543
10.7262349129	-580
10.729847908	543
10.8604860306	-1420
10.860503912	-1316
10.8830578327	-377
10.9993100166	-1420
10.9993269444	-1316
11.0411198139	-891
11.1577069759	-543
11.2745168209	-543
11.3027198315	-1368
11.3887019157	-1420
11.3887178898	-1316
11.4137949944	-1368
11.4193749428	-298
11.4526000023	-1420
11.4526128769	-1316
11.4744048119	-1368
11.5361199379	-1094
11.5365958214	543
11.5602860451	-1420
11.5603020191	-1420
11.5603599548	-1264
11.5623378754	543
11.5693750381	1057
11.6460108757	-1420
11.6460280418	-1316
11.6525149345	-443
11.6852059364	543
11.6867618561	543
11.6994228363	543
11.9270780087	-1420
11.9270939827	-1420
11.9271519184	-787
12.0558018684	-543
12.0563809872	543
12.1732368469	-543
12.2591040134	-1368
12.2728149891	543
12.273075819	543
12.3139548302	-565
12.350055933	-775
12.6955888271	-543
12.789208889	-1368
12.7909300327	-1420
12.7909538746	-1316
12.8121528625	-1094
12.8142068386	543
12.8146858215	-1368
12.8149049282	543
12.9288768768	-1231
12.9414188862	1057
13.2103748322	-543
13.3669028282	-543
13.4836540222	-1057
13.5496850014	-1368
13.6003639698	-717
13.6005439758	543
13.6021008492	1057
13.602506876	1057
14.1828439236	1057
14.2028930187	-1057
14.4547498226	-1420
14.4548280239	-1420
14.4548740387	-273
14.4550819397	543
14.5714058876	-1057
14.8893890381	-1420
14.8894410133	-151
15.1636829376	-543
16.7890069485	-1420
16.7891299725	-151
18.0011658669	565
18.0400829315	-543
18.2706940174	-1420
18.2707529068	-151
18.2718110085	543
18.6018610001	-1420
18.6018798351	-1420
18.6019439697	-273
20.2034509182	-543
20.2040598392	543
20.5427310467	-1057
20.5465028286	543
20.8985328674	-543
24.1528298855	-1057
24.15483284	543
24.1555058956	543
24.5613319874	-543
24.7168319225	-1057
24.8133268356	-1368
24.8334569931	-1289
27.0014569759	543
28.2628898621	-543
28.2798929214	-543
32.0000710487	543
33.3611319065	-543
35.0025320053	543
36.0024960041	543
37.978468895	-543
37.9789128304	543
40.3015258312	-1420
40.3398020267	-151
40.7448120117	-543
42.00157094	543
42.1142218113	-1057
42.9390938282	-543
47.0025599003	543
51.0025749207	543
55.5739309788	-543
56.0025968552	543
56.3226699829	-1057
60.2368049622	-543
66.7650809288	-543
68.231055975	-543
69.0026779175	543
69.3911979198	-1420
69.3912780285	-151
69.3948068619	543
69.4046099186	1057
69.4064929485	1057
69.4356238842	1057
69.6726520061	-1057
69.7585208416	-1420
69.7586009502	-1316
69.8294708729	-377
69.8596138954	-1420
69.859719038	-1316
69.9148738384	-1420
69.9149429798	-1316
69.9450440407	-1420
69.94511199	-1420
69.9451498985	-1420
69.9451858997	-1420
69.9452278614	-1160
69.9460389614	-1420
69.9460828304	-1316
69.9462049007	543
69.9756999016	1057
69.976143837	-1420
69.9761478901	-183
69.9832129478	543
69.983755827	1460
69.9838049412	625
70.0928168297	-543
70.209736824	-543
70.3262748718	-1420
70.326292038	-1316
70.3663220406	-891
70.3684179783	543
70.3691198826	543
70.4118289948	-1420
70.4118499756	-1316
70.4828720093	-891
70.4830360413	543
70.4850330353	543
70.4860129356	543
70.4862258434	543
70.5350680351	-1368
70.6020410061	-746
70.7187349796	-1057
70.8353898525	-543
70.8992609978	-1420
70.8992869854	-1316
70.9519908428	-891
70.9541039467	543
71.0022339821	-1368
71.0023889542	543
71.0687179565	-203
71.0794248581	543
71.1025240421	-1420
71.1025409698	-1316
71.185407877	-891
71.1875898838	543
71.1892850399	543
71.3501279354	-1086
71.4942150116	-1420
71.4942359924	-1316
71.5203490257	-891
71.5798728466	-1368
71.6369669437	-717
71.6656198502	-1368
71.7327029705	-1420
71.7327189445	-1316
71.7513179779	-1420
71.751333952	-1316
71.7535319328	-443
72.0026829243	543
72.1349089146	-543
72.2207229137	-1368
72.2513828278	-203
72.2526650429	1460
72.2527139187	625
72.3703548908	-543
72.3922920227	-1420
72.3923399448	-1316
72.4895839691	-891
72.4916508198	543
72.4922668934	1057
72.6601138115	-1420
72.6601288319	-1420
72.6601858139	-787
72.6621549129	543
72.6628830433	1460
72.66294384	1460
72.6629798412	193
72.9110519886	-543
73.0007219315	543
73.0784699917	-1057
73.081389904	543
73.1015129089	-543
73.1949448586	-543
73.3514020443	-1057
73.35242486	1057
73.4151239395	-1420
73.4151399136	-1316
73.4681789875	-891
73.4702188969	543
73.5872459412	-1057
73.7721018791	-543
73.8473520279	-543
74.0938639641	-1420
74.0939400196	-1420
74.0939819813	-273
74.0959458351	543
74.0965738297	543
74.1625928879	-543
74.2104058266	-1420
74.210422039	-1316
74.2105569839	-1420
74.210559845	-14
74.2715129852	-1420
74.2715289593	-1420
74.2715899944	-1264
74.2717478275	543
74.279211998	-1420
74.2792198658	-1420
74.2792758942	-1264
74.327657938	-1189
74.482517004	-543
74.6566019058	-543
75.1898880005	1460
75.1899778843	1460
75.1900160313	193
75.6076309681	-1420
75.6077039242	-1179
75.6567878723	-543
76.4431028366	-1057
78.6633360386	-1420
78.6634829044	-1420
78.6635248661	-273
78.6645560265	1057
79.0750780106	-543
79.1611709595	-1420
79.1612269878	-1316
79.2713849545	-891
79.273458004	543
79.2740678787	543
79.6411809921	-543
79.825786829	-543
79.9999058247	543
84.7920808792	-1057
91.349396944	-543
91.4213809967	-543
91.4442780018	-1420
91.4443509579	-1316
91.465996027	-891
91.5296809673	-1420
91.5297749043	-1316
91.5298128128	-1368
91.5298728943	-1420
91.5299088955	-1316
91.5299479961	-1368
91.582490921	-132
91.6155238152	-1368
91.6991968155	-232
92.9999198914	543
93.3049199581	-543
103.040089846	-1057
104.433341026	-1420
104.433413982	-1316
104.433455944	-891
104.434072018	-1420
104.434094906	-1420
104.434123039	-1264
104.519042969	-1420
104.519119978	-1420
104.519165039	-1420
104.519207954	-1212
104.550181866	-1363
104.553822994	543
104.559849977	1057
104.561534882	1057
104.570195913	1057
104.590651035	1057
104.621493816	1057
104.625124931	1057
104.630884886	1057
104.649909019	1057
104.950390816	-1420
104.950408936	-1420
104.950542927	-787
104.950664043	-1420
104.950683832	-1316
104.950721025	-1368
104.950863838	543
105.036487818	-1420
105.036504984	-1420
105.036561966	-1264
105.036564827	-1368
105.067436934	-1392
105.139185905	-1420
105.139267921	-1420
105.13932085	-1264
105.188386917	-1368
105.191198826	-1420
105.191274881	-1420
105.191308022	-1264
105.193393946	543
105.219511032	-1420
105.219527006	-1420
105.219573021	-1420
105.219575882	-1212
105.219609976	-1368
105.219614983	-1420
105.219653845	-1420
105.219657898	-1264
105.222121	543
105.228384018	-815
105.228657961	543
105.231143951	543
105.235417843	1460
105.235466957	1460
105.235502958	193
105.238329887	543
105.238536835	1460
105.23858285	1460
105.238617897	707
105.239264965	543
105.305476904	-1368
105.348438025	-1231
105.351788044	543
105.352191925	543
105.465188026	-543
105.582211018	-543
105.738528967	-543
105.894569874	-543
105.911170006	-1368
105.952530861	-1420
105.952545881	-1420
105.952610016	-1264
105.95269084	-1420
105.952754021	-1316
105.952801943	-1368
105.967185974	-1420
105.967201948	-1420
105.96726799	-1264
105.987226963	-1368
105.996759892	-1368
106.02767992	-322
106.038239956	-1420
106.038252831	-1316
106.065320969	-1420
106.065345049	-1420
106.065418005	-1264
106.065618038	543
106.082638979	-1420
106.082664013	-1316
106.082758904	-1368
106.144249916	-480
106.144466877	543
106.168783903	-1420
106.168799877	-1316
106.253964901	-1368
106.253981829	-1420
106.254037857	-1316
106.261404037	-414
106.294158936	543
106.294430971	1460
106.294479847	1460
106.29451704	707
106.354110956	-1368
106.354530811	-1420
106.354584932	-1316
106.378295898	-1094
106.383149862	-1420
106.383157969	-1420
106.383209944	-1264
106.395853996	-1420
106.395913839	-1420
106.395916939	-1264
106.499974966	-675
106.657569885	-543
106.67771697	-1368
106.763444901	-1420
106.763459921	-1316
106.765450954	543
106.766103029	543
106.774019003	-66
106.809551001	-1420
106.809608936	-1420
106.809614897	-1264
106.849102974	-1368
106.849474907	543
106.895473003	-543
106.926144838	-269
107.002866983	543
107.266525984	-1420
107.266603947	-1179
107.623790979	-1420
107.623848915	-151
107.758010864	-1420
107.758085012	-1420
107.758126974	-787
107.843621016	-1368
107.874627829	-717
107.991250038	-1057
108.002880812	543
108.160634041	-543
108.64830184	-1057
109.752846956	-1057
110.199784994	1057
110.761698961	-1420
110.761773825	-151
110.761927843	543
110.847383976	-1368
110.878612041	-717
110.918725967	-1368
110.923379898	-1368
110.933161974	-1368
110.995199919	-609
111.001474857	543
111.056361914	-1420
111.056424856	-1316
111.111793041	-406
111.111954927	543
111.140938044	-1368
111.228334904	-203
112.203177929	-1057
115.590709925	-1420
