0	-543
1.83467316628	565
2.05046415329	-565
2.05067420006	565
2.77297401428	-565
2.93992614746	-565
4.2293741703	565
4.56889820099	543
5.33036208153	-565
5.33060002327	565
5.79084300995	-565
5.81060004234	-1368
5.81333208084	-1368
5.83897519112	-1368
5.95320105553	-257
5.95423722267	565
5.95901823044	565
5.97040820122	565
6.33031916618	-565
6.33051419258	565
6.46196007729	-565
6.62248420715	-1420
6.62255215645	-1316
6.64903402328	-1060
6.64928507805	565
7.08680415154	-565
7.11495423317	-1368
7.12305903435	-1368
7.12307620049	-1368
7.2383890152	-151
7.23926019669	565
7.56395721436	543
7.68245911598	-565
7.68283605576	565
8.13469314575	-565
8.17420601845	-1368
8.2985560894	-786
8.29873514175	565
8.3244330883	-543
8.33678913116	565
8.87141704559	-565
8.87315320969	-1420
8.87320303917	-1316
8.87320899963	-1368
8.8749320507	-1368
8.87688016891	-1368
8.87693405151	-1368
8.90860414505	-1420
8.90866112709	-1316
8.99700903893	-1009
9.02372002602	565
9.47186112404	-565
9.47636008263	-1368
9.47663617134	-1368
9.49679517746	-1368
9.49685120583	-1368
9.60037302971	-1096
9.60074114799	565
9.60217618942	1460
9.60229110718	129
9.60298705101	565
9.72391319275	-565
10.2004320621	-565
10.2035090923	-1368
10.204157114	-1420
10.204211235	-1316
10.2443790436	-1368
10.2447800636	-1368
10.3013851643	-543
10.3270120621	-187
10.3272411823	565
10.5642981529	543
10.7639172077	-565
10.7929391861	-1368
10.8026251793	-1368
10.8026862144	-1368
10.916821003	-151
10.918541193	565
11.3536372185	-565
12.0330741405	565
