0	-543
0.261204004288	543
1.02797198296	-543
3.2598400116	543
3.26001596451	543
3.53557109833	543
3.55925297737	543
3.60443806648	-543
3.74601697922	-543
4.04778909683	-543
4.4089550972	-543
4.5270819664	-1057
5.27307891846	543
5.7371609211	1057
6.10299110413	-543
6.34675192833	-543
6.37111902237	-1420
6.37117910385	-1420
6.37120008469	-1264
6.49575400352	-95
6.49679708481	543
6.4983689785	543
6.51470208168	543
6.51501893997	543
6.51525092125	543
6.70926809311	-543
6.7433719635	-1368
6.8595559597	-1368
6.86066007614	-435
6.97889399529	-543
7.17982506752	-543
7.17987298965	-1420
7.17989397049	-1316
7.20463490486	-1368
7.29771494865	-95
7.29850697517	543
7.6854019165	-543
7.68577694893	543
8.05138111115	-543
8.05149888992	-1368
8.16922092438	-717
8.22604608536	543
8.59431099892	-543
8.59436297417	-1368
8.5947458744	-1368
8.59488391876	-1420
8.59492397308	-1316
8.60120105743	-1420
8.60124588013	-1316
8.63080000877	-1420
8.63085007668	-1316
8.71192002296	-1081
8.73617887497	543
9.1284840107	-1420
9.12851500511	-1420
9.12858891487	-439
9.17174291611	-1420
9.17180895805	-1316
9.24782204628	-269
9.24799799919	543
9.24835205078	543
9.74596095085	-543
9.74599099159	-1420
9.74606490135	-1316
9.77018594742	-1420
9.77025389671	-1316
9.77045607567	543
9.86357402802	-269
11.7404470444	543
11.748404026	543
12.2525990009	-543
12.7701048851	-543
12.7703199387	-1368
12.7752559185	-1420
12.7753119469	-1420
12.7753610611	-1264
12.7890100479	-1420
12.7890839577	-1316
12.7936139107	543
12.7985229492	-1420
12.798527956	-1316
12.8231101036	543
12.8238070011	543
12.8239839077	543
12.8874409199	-567
12.8959579468	543
12.8961820602	543
13.1424710751	-543
13.1430869102	-1420
13.1431310177	-1316
13.1519329548	-1420
13.1519739628	-1316
13.1520590782	-1368
13.1962230206	-1368
13.1965548992	-1420
13.1966080666	-1420
13.1966118813	-1264
13.2570810318	-1368
13.2570979595	-1368
13.2584700584	1057
13.2653179169	-1420
13.2653238773	-1420
13.2653729916	-1420
13.265376091	-1212
13.2655339241	543
13.2701900005	-388
13.2871129513	-1420
13.2871608734	-1316
13.3094949722	-1420
13.3095629215	-1316
13.3138198853	-1420
13.3138730526	-1316
13.3142709732	-1420
13.3143100739	-1420
13.3143129349	-1264
13.3246998787	-1368
13.377104044	-1420
13.3771619797	-1316
13.3771669865	-1420
13.3771851063	-1316
13.3773550987	543
13.3879039288	-1420
13.3879089355	-1316
13.3880369663	543
13.410228014	-1420
13.4102380276	-1420
13.410284996	-1420
13.4102880955	-1420
13.4103240967	-1420
13.410326004	-1127
13.4346499443	-1368
13.4573578835	-1420
13.4574320316	-1420
13.4574370384	-1264
13.4869670868	-1368
13.4869830608	-1368
13.5048439503	-1420
13.5048649311	-1420
13.5049309731	-1264
13.5049328804	-464
