0	543
0.197540998459	-543
0.199007987976	543
0.937552928925	-1057
2.15102910995	543
2.58945202827	-543
2.58967614174	543
3.01381993294	-1420
3.01383805275	-1420
3.01389312744	-787
3.1303191185	-1057
3.13138604164	543
3.13297510147	543
3.1509039402	543
3.47847604752	-543
3.47866010666	543
3.59554314613	-543
3.77851200104	-1420
3.77856302261	-1179
3.89492607117	-543
3.89936614037	543
4.38251113892	-1420
4.38253211975	-1420
4.38259506226	-273
4.41272997856	-1380
4.4988720417	-191
4.49970602989	543
4.98276591301	-543
4.9830789566	543
5.41332912445	-1420
5.41335606575	-1179
5.45218706131	543
5.87856698036	-1420
5.87858605385	-151
5.88150691986	-1420
5.88151192665	-1340
5.88708114624	-1380
5.88881111145	-1420
5.88885593414	-1340
5.99516606331	-1420
5.99523806572	-1420
5.9952750206	-656
6.02613306046	543
6.49490308762	-1420
6.49493312836	-151
6.49629592896	-1380
6.49642395973	-1380
6.50508213043	-1380
6.61151695251	-1087
6.61177110672	543
6.61245894432	543
7.07770800591	-543
7.19974899292	-1420
7.19981813431	-1340
7.20028114319	-1380
7.2022550106	-1380
7.23344898224	-735
7.34986591339	-543
9.03649401665	543
9.47707104683	-543
9.47732305527	543
9.90314507484	-1420
9.90316414833	-151
9.90961503983	543
10.5399580002	-543
