0	543
0.212821960449	-543
0.213040828705	543
0.428511857986	-543
0.437909841537	-1420
0.43794798851	-1316
0.549402952194	-920
0.55158495903	543
0.553392887115	543
0.576593875885	543
0.764619827271	-543
0.915870904922	-543
0.916079998016	543
1.02724981308	-543
1.02741885185	543
1.12517786026	-1368
1.13929581642	-1260
1.14127087593	543
1.25075292587	-1420
1.25076985359	-1420
1.25084400177	-816
1.26442980766	543
1.40184998512	-1086
1.40539693832	543
1.41271901131	543
1.51312279701	-543
1.51343178749	543
1.61290979385	-1368
1.62858390808	-746
1.74000477791	-543
1.81572198868	-1368
1.89075183868	-746
1.89160585403	543
2.69405794144	-543
2.7030107975	-1368
2.81450080872	-203
2.84293293953	1057
4.10112380981	-543
4.11010980606	-1368
4.22171187401	-717
4.23583698273	1460
4.23590683937	625
4.94031596184	-543
4.94068098068	-1420
4.94073081017	-1316
4.94083094597	-1420
4.94087100029	-1316
4.94925379753	-1420
4.94929790497	-1316
5.0033018589	-1420
5.00338888168	-1316
5.01281690598	543
5.05218195915	-509
5.1365468502	543
5.13948488235	543
5.62966394424	1057
5.73025679588	-543
5.73049497604	543
5.8417198658	-543
5.8418970108	543
5.96481084824	-1086
6.00886583328	-1420
6.00891494751	-1316
6.08791089058	-1368
6.08982896805	543
6.11587500572	-638
6.11781382561	543
6.13142490387	-1368
6.14002490044	-1368
6.24306988716	-949
6.24501991272	543
6.24662280083	543
6.31142091751	-1368
6.35436081886	-746
6.49646091461	-543
6.61539793015	-543
6.69475698471	-1368
6.72678279877	-746
6.72762799263	1460
6.72768092155	1460
6.72772693634	707
7.05783891678	-543
7.24006295204	-543
7.24041700363	-1420
7.2404589653	-1316
7.24056696892	-1420
7.24056887627	-1420
7.24056982994	-1264
7.24917888641	-1420
7.24923181534	-1420
7.24926900864	-1264
7.30229997635	-1368
7.3516190052	-1420
7.35167098045	-1316
7.35188889503	-1420
7.35198378563	-1420
7.35202097893	-1264
7.35205388069	-1420
7.35205698013	-1420
7.35210299492	-1264
7.35210585594	-1420
7.35215997696	-1316
7.35216283798	-1420
7.35219693184	-1316
7.3523709774	543
7.36065077782	-1420
7.36066198349	-1420
7.36071395874	-1264
7.36071586609	-1420
7.36075091362	-1420
7.36075282097	-1264
7.360932827	543
7.41378688812	-1420
7.4138147831	-1316
7.46311092377	-1420
7.46312999725	-1420
7.4631819725	-1420
7.46318483353	-1212
7.46342992783	-1420
7.46343398094	-1420
7.4634718895	-1420
7.46348285675	-1212
7.46356487274	-1420
7.46356797218	-1420
7.46360182762	-1264
7.46360492706	-1420
7.46363782883	-1420
7.46363997459	-1264
7.46378898621	-1420
7.46380186081	-1420
7.46384000778	-1264
7.4638428688	-1368
7.463960886	-1420
7.46396493912	-1420
7.46402096748	-1420
7.46402382851	-1420
7.46405792236	-1160
7.46406078339	-1368
7.46424889565	543
7.47218990326	-1420
7.47222995758	-1420
7.47229599953	-1420
7.47229886055	-1212
7.47233295441	-1420
7.47233581543	-1420
7.47242379189	-1264
7.47242593765	-1368
7.47247099876	-1420
7.47247385979	-1316
7.47250890732	-1420
7.47251200676	-1316
7.47267699242	543
7.47288680077	543
7.5254240036	-1420
7.52544999123	-1420
7.52549386024	-1420
7.52549695969	-1212
7.57480096817	-1420
7.57481884956	-1420
7.57489490509	-1264
7.5749437809	-1420
7.57498478889	-1420
7.57498788834	-1420
7.57502985001	-1420
7.57503294945	-1160
7.57507586479	-1420
7.57507801056	-1420
7.57511401176	-1264
7.57511591911	-1420
7.57515001297	-1316
7.57522082329	-1420
7.5752518177	-1420
7.57525491714	-1420
7.57526993752	-1420
7.57527184486	-1160
7.57547187805	-1420
7.57547497749	-1316
7.57560300827	543
7.57583189011	-1420
7.57583498955	-1420
7.57591295242	-1264
7.57591581345	-1420
7.57595992088	-1420
7.57596278191	-1264
7.5760037899	-1420
7.57600688934	-1420
7.5760679245	-1264
7.57607984543	-1368
7.5760819912	-1420
7.57608294487	-1420
7.57608389854	-1264
7.57608485222	-1420
7.57608580589	-1420
7.57608699799	-1420
7.57610797882	-1212
7.57614278793	-1420
7.5761449337	-1420
7.57614588737	-1264
7.57614684105	-1420
7.57614779472	-1316
7.57639980316	-1420
7.5764029026	-1420
7.57640385628	-1264
7.57640480995	-1420
7.57640600204	-1420
7.57641482353	-1264
7.576597929	543
7.57680177689	543
7.57699799538	543
7.57784795761	543
7.58377099037	-1420
7.58378791809	-1420
7.58382201195	-1264
7.5838599205	-1420
7.5838778019	-1420
7.58388900757	-1420
7.58390688896	-1212
7.58404183388	-1420
7.58408093452	-1420
7.58408284187	-1264
7.58421182632	-1420
7.58422493935	-1420
7.58427000046	-1420
7.58427286148	-1420
7.58431696892	-1160
7.58435177803	-1420
7.58436894417	-1420
7.58437085152	-1264
7.5845348835	-1420
7.58453798294	-1420
7.58459186554	-1264
7.58459496498	-1368
7.58462882042	-1420
7.58463191986	-1316
7.5847389698	543
7.58495092392	543
7.60451197624	1460
7.60460495949	111
7.61282896996	1460
7.61288690567	111
7.62290692329	1460
7.62298583984	625
7.636977911	-1420
7.63700485229	-1420
7.63706088066	-1420
7.6370639801	-1420
7.63710784912	-1160
7.63710999489	-1420
7.63717389107	-1420
7.63717889786	-1264
7.63742589951	543
7.63825488091	543
7.66187977791	543
7.68660783768	-1420
7.68662881851	-1420
7.68672800064	-1264
7.68673086166	-1420
7.6867749691	-1420
7.68677783012	-1264
7.68682980537	-1420
7.68683195114	-1420
7.68688797951	-1264
7.68689084053	-1420
7.68692779541	-1316
7.68692994118	-1420
7.68696379662	-1420
7.68696689606	-1420
7.68700885773	-1420
7.68701195717	-1160
7.68709278107	-1420
7.68709588051	-1420
7.68713188171	-1264
7.68713498116	-1420
7.68716788292	-1316
7.68723082542	-1368
7.68781781197	-1420
7.68786692619	-1420
7.68790578842	-1420
7.68790888786	-1420
7.68794298172	-1420
7.68794488907	-1108
7.68800783157	-1420
7.68801093102	-1316
7.68805789948	-1420
7.68805980682	-1420
7.6880710125	-1264
7.68807196617	-1420
7.68807387352	-1420
7.68807482719	-1264
7.68807888031	-1420
7.68807983398	-1420
7.68812680244	-1264
7.68812990189	-1420
7.68813085556	-1420
7.68813180923	-1264
7.688133955	-1420
7.68827795982	-1420
7.68828082085	-1264
7.68828201294	-1368
7.68828296661	-1420
7.68828392029	-1316
7.68836092949	-1420
7.68836379051	-1420
7.6883649826	-256
7.69304180145	543
7.69331288338	543
7.69350290298	543
7.86710500717	1057
7.88168096542	543
7.90095591545	1460
7.90106797218	111
7.93911981583	-543
7.93929481506	543
8.02112483978	-1420
8.02114486694	-1316
8.02119898796	-1368
8.0213778019	543
8.02169680595	-1420
8.02170181274	-1420
8.02172398567	-1264
8.02195978165	-1420
8.02199101448	-1316
8.0220708847	543
8.02470898628	-1420
8.0247168541	-1420
8.02476596832	-1264
8.04370880127	-1420
8.04377579689	-1316
8.08979296684	-496
8.11497688293	-1420
8.11502790451	-1420
8.11504888535	-1264
8.11611199379	-1368
8.11723589897	-1420
8.11727499962	-1420
8.11730790138	-1264
8.11817288399	-1420
8.11823987961	-1316
8.11825489998	-1368
8.11903691292	543
8.12050700188	-1420
8.12052178383	-1420
8.12056279182	-1420
8.12056493759	-1212
8.12071180344	543
8.12205195427	-1420
8.12205696106	-1316
8.12234282494	-1420
8.12234687805	-1316
8.12239289284	-1368
8.12987494469	-1420
8.12992191315	-1420
8.12992501259	-1264
8.13140892982	-1420
8.13142585754	-1316
8.13145899773	-1368
8.13653278351	-1420
8.13660097122	-1420
8.13660478592	-1264
8.14016890526	-1420
8.1401758194	-1420
8.1402130127	-1264
8.14163780212	-1420
8.14167690277	-1316
8.14220190048	-1420
8.14225077629	-1316
8.14281392097	543
8.14287495613	-1368
8.143034935	-1420
8.14307498932	-1420
8.14307785034	-1264
8.14361381531	-1420
8.1436188221	-1316
8.14377593994	-1368
8.14383792877	543
8.14801692963	-1420
8.14803290367	-1420
8.14809083939	-1264
8.14912080765	-1420
8.14916586876	-1420
8.14916777611	-1264
8.15366792679	-1420
8.15367984772	-1420
8.15373396873	-1264
8.15499687195	-1420
8.15503883362	-1420
8.15504193306	-1264
8.15589284897	-1420
8.15589690208	-1420
8.15593481064	-1264
8.15721297264	-1420
8.1572508812	-1420
8.15725398064	-1264
8.15790486336	-1420
8.1579079628	-1316
8.15795397758	-1368
8.15901494026	543
8.15905284882	-1420
8.15905594826	-1420
8.15906000137	-1264
8.16046094894	-1420
8.16050481796	-1420
8.1605079174	-1264
8.16055297852	-1368
8.16067099571	543
8.16077184677	-1368
8.1610019207	-1368
8.16128277779	-1420
8.16128778458	-1420
8.16136693954	-1264
8.16136980057	-1420
8.16140580177	-1420
8.16140890121	-1264
8.16205096245	-1368
8.16278386116	-1420
8.16282582283	-1420
8.16282892227	-1264
8.16294884682	543
8.16319489479	-1420
8.16319990158	-1316
8.16328883171	-1368
8.16363382339	-1420
8.16365885735	-1316
8.16377186775	-1368
8.16462993622	-1420
8.16463398933	-1420
8.16467380524	-1264
8.16470694542	-1368
8.16489386559	-1420
8.16489696503	-1420
8.16495084763	-1264
8.16495299339	-1368
8.20783400536	-1368
8.20785284042	-1368
8.20813989639	-1420
8.20814394951	-1316
8.20824599266	-1420
8.20824885368	-1420
8.20828485489	-1264
8.20828795433	-1368
8.20840787888	-1420
8.20841884613	-1316
8.20845389366	-1368
8.20853281021	-1368
8.20881485939	-1420
8.20881795883	-1316
8.20893597603	-1420
8.20893979073	-1420
8.20895695686	-1420
8.20896887779	-1212
8.20947980881	-1420
8.2094848156	-1420
8.20952296257	-1264
8.20977878571	-1420
8.20982098579	-1316
8.20992779732	-1420
8.20996785164	-1420
8.20996999741	-1264
8.21003699303	-1420
8.21003985405	-1420
8.21005582809	-1264
8.21005797386	-1368
8.21018886566	543
8.21054983139	543
8.21069288254	543
8.21671700478	-1420
8.21672987938	-1420
8.2167828083	-1264
8.22650289536	-666
8.28584694862	-1420
8.28586483002	-1420
8.28593397141	-1264
8.29145097733	-1368
8.29881000519	-1420
8.29883384705	-1316
8.29902100563	543
8.30027484894	-1420
8.30027985573	-1420
8.30031991005	-1264
8.30687880516	-1420
8.30693483353	-1316
8.30693888664	-1368
8.3085398674	-1420
8.30855488777	-1316
8.30869793892	543
8.30873990059	-1368
8.3098988533	-1368
8.31608700752	-1368
8.3209168911	-1420
8.32097387314	-1420
8.32097792625	-1264
8.32284092903	-1420
8.32284998894	-1420
8.32292079926	-1264
8.32870292664	-1420
8.32879281044	-1316
8.32879781723	-1368
8.33063697815	-1420
8.33064079285	-1316
8.33239078522	-1368
8.33239579201	-1420
8.3324379921	-1420
8.33243989944	-1264
8.33254981041	543
8.33618497849	-1420
8.33619594574	-1420
8.33624792099	-1264
8.33634185791	543
8.33710289001	-1420
8.33710885048	-1420
8.33715200424	-1264
8.3378880024	-1420
8.33792495728	-1316
8.33798193932	-1368
8.33968186378	-1420
8.33968687057	-1420
8.33972978592	-1264
8.34409379959	-1420
8.3441619873	-1420
8.344165802	-1420
8.34420394897	-1212
8.34420681	-1420
8.34424591064	-1316
8.34673285484	-1420
8.34677886963	-1420
8.34678196907	-1264
8.34786987305	-1368
8.34898996353	-1420
8.34903383255	-1316
8.34986186028	-1420
8.34991884232	-1420
8.34992194176	-1264
8.35279393196	-1420
8.35279798508	-1316
8.35284590721	-1368
8.35324978828	543
8.36226677895	-1420
8.36228394508	-1316
8.36238694191	-1420
8.36239099503	-1420
8.3624458313	-1264
8.36268997192	-1420
8.3627178669	-1420
8.36272001266	-1264
8.36287784576	-1420
8.36288094521	-1316
8.36299180984	-1420
8.36299490929	-1316
8.36302399635	-1368
8.36319589615	543
8.3632478714	-1368
8.36339092255	-1420
8.36349081993	-1316
8.3634929657	-1420
8.36353087425	-1420
8.3635327816	-1264
8.36357498169	-1420
8.36357784271	-1420
8.36361193657	-1264
8.36361479759	-1420
8.36365699768	-1420
8.3636598587	-1264
8.36370587349	-1420
8.36370897293	-1420
8.36377000809	-1264
8.36377286911	-1368
8.36383891106	-1420
8.36384892464	-1316
8.36398100853	-1420
8.36398482323	-1420
8.3640089035	-1264
8.36401081085	-1420
8.36401200294	-1316
8.36412096024	-1420
8.36412286758	-1316
8.36438679695	543
8.36461687088	-1420
8.36462187767	-1316
8.365046978	-1420
8.36505079269	-1316
8.36559486389	-1420
8.36559796333	-1420
8.36563682556	-1264
8.36600995064	-1420
8.36605095863	-1316
8.36611294746	-1368
8.36654281616	-1420
8.3665459156	-1316
8.36680293083	-1420
8.36680579185	-1316
8.36696600914	-1420
8.36696982384	-1316
8.36731600761	-1420
8.36731886864	-1316
8.36735582352	-1368
8.36740684509	-1368
8.36770391464	-1420
8.36770701408	-1420
8.36774396896	-1264
8.36783194542	-1420
8.36785078049	-1420
8.36785292625	-1264
8.36811494827	-1420
8.3681178093	-1316
8.36823678017	-1368
8.36887598038	-1420
8.3688788414	-1420
8.36888098717	-1264
8.37038087845	-1420
8.37038493156	-1420
8.37038588524	-1264
8.37198185921	-1420
8.37199497223	-1316
8.37508583069	543
8.37520289421	543
8.37554097176	543
8.37618589401	543
8.37766289711	-748
8.38277077675	-1420
8.38281297684	-1420
8.38282489777	-1264
8.38290190697	-1420
8.38290500641	-1316
8.3829498291	-1368
8.38308191299	-1368
8.38320088387	-1420
8.38320398331	-1420
8.38324189186	-1264
8.38330578804	1057
8.3833668232	-1420
8.38336896896	-1316
8.38338899612	-1368
8.38364100456	-1420
8.38366484642	-1316
8.38377094269	-1368
8.38415288925	-1420
8.38415694237	-1420
8.38419699669	-1264
8.38450694084	-1368
8.38479781151	-1420
8.38480186462	-1316
8.38498878479	-1368
8.38514280319	-1420
8.38516283035	-1316
8.38543987274	-1368
8.38545894623	-1420
8.38546180725	-1316
8.38557195663	-1420
8.38557481766	-1420
8.38560986519	-1264
8.38570189476	-1420
8.38573694229	-1316
8.38580584526	-1420
8.38584089279	-1316
8.38638281822	-1420
8.38645792007	-1420
8.38646197319	-1264
8.3864967823	-1420
8.38649892807	-1316
8.3865339756	-1368
8.38703989983	-1420
8.38704395294	-1420
8.38704490662	-1264
8.38730597496	-1368
8.38984394073	-1420
8.38984680176	-1316
8.39091992378	-1420
8.39092183113	-1420
8.39098978043	-1264
8.39099192619	-1368
8.39119100571	543
8.3914308548	543
8.39155387878	543
8.39175891876	-1420
8.39176392555	-1316
8.39187383652	-1368
8.39258098602	-1420
8.39261579514	-1420
8.3926179409	-1264
8.39356684685	-1420
8.39357089996	-1316
8.39371585846	-1368
8.39397597313	-1420
8.39401578903	-1420
8.39401888847	-1264
8.39420580864	-1368
8.39442491531	-1420
8.39444589615	-1316
8.39502191544	-1420
8.39504384995	-1316
8.39516186714	-1368
8.39536499977	-1420
8.39536786079	-1316
8.39549279213	-1368
8.39584088326	-1420
8.39587879181	-1420
8.39588189125	-1264
8.39595890045	-1420
8.39596199989	-1420
8.39600086212	-1264
8.39925289154	-1420
8.39927697182	-1316
8.40736484528	543
8.41943883896	-1368
8.4195959568	-1420
8.41964483261	-1316
8.41992878914	-1420
8.41996884346	-1420
8.4199719429	-1264
8.4202849865	-1420
8.42028784752	-1420
8.42033290863	-1420
8.42033600807	-1212
8.42036986351	-1420
8.42037200928	-1316
8.4204158783	-1368
8.42091798782	-1420
8.42096495628	-1316
8.42102098465	-1420
8.42104792595	-1420
8.4210498333	-1264
8.42106699944	-1368
8.42116785049	-1420
8.42121386528	-1316
8.42125201225	-1420
8.42128801346	-1316
8.42135000229	-1420
8.42138600349	-1420
8.42138791084	-1264
8.42142295837	-1420
8.4214258194	-1316
8.42218589783	-1420
8.42218995094	-1420
8.42219090462	-1264
8.42223882675	-1420
8.42224097252	-1420
8.42224287987	-1420
8.42224383354	-1212
8.42228198051	-1420
8.42228388786	-1316
8.42334890366	1057
8.42338991165	-1420
8.423391819	-1420
8.42339301109	-1264
8.42367100716	-1420
8.42367386818	-1316
8.42380595207	-1420
8.42381000519	-1420
8.42381095886	-1264
8.42389893532	-1420
8.42390084267	-1316
8.42395591736	-1420
8.42395782471	-1316
8.42406392097	-1420
8.42406582832	-1420
8.424066782	-1264
8.42415380478	-1420
8.42415595055	-1420
8.42415595055	-1420
8.42415690422	-1212
8.42436289787	543
8.42460298538	543
8.42475199699	543
8.42492294312	543
8.42675995827	1460
8.42680978775	625
8.42843198776	-1420
8.42843580246	-1420
8.42847585678	-1264
8.42852282524	-1420
8.42856287956	-1420
8.428565979	-1264
8.42916488647	-1420
8.42916798592	-1316
8.42932796478	-1420
8.42933177948	-1420
8.42938780785	-1264
8.42939090729	-1368
8.42961788177	543
8.42987990379	-1420
8.42988491058	-1420
8.42990493774	-1264
8.43000888824	-1420
8.43004894257	-1420
8.43005084991	-1264
8.43015098572	-1368
8.43047094345	543
8.43240594864	-1420
8.4324119091	-1420
8.43245387077	-1264
8.43253278732	-1420
8.43255281448	-1420
8.43255496025	-1264
8.4325709343	-1420
8.43257284164	-1316
8.43439078331	-1420
8.4343957901	-1316
8.43463897705	-1420
8.43464183807	-1420
8.43467783928	-1264
8.43468093872	-1368
8.44049191475	-1420
8.44050478935	-1420
8.44054484367	-1264
8.44054794312	-1368
8.44070386887	543
8.44094181061	543
8.44239187241	-1420
8.44239783287	-1316
8.442456007	-1368
8.44383096695	-1420
8.44385790825	-1420
8.44386100769	-1264
8.44387888908	-1420
8.44388198853	-1420
8.4438970089	-1264
8.44393086433	-1420
8.44394779205	-1420
8.44395089149	-1264
8.44396686554	-1420
8.44396901131	-1316
8.44757986069	-1420
8.44758582115	-1420
8.44761991501	-1264
8.44762182236	-1368
8.45023989677	-1420
8.45024394989	-1316
8.45279598236	543
8.48513698578	-1420
8.48515582085	-1420
8.48519182205	-1420
8.48519492149	-1212
8.48550391197	-1420
8.48550796509	-1316
8.48576998711	-1420
8.48577284813	-1420
8.4858109951	-1264
8.48581290245	-1368
8.48590493202	-1420
8.48590683937	-1420
8.48593378067	-1264
8.48593592644	-1368
8.48601484299	-1368
8.48617982864	-1420
8.48622083664	-1316
8.48637294769	-1368
8.48671889305	-1420
8.48672199249	-1316
8.48675990105	-1368
8.48682594299	-1420
8.48685979843	-1420
8.48686289787	-1264
8.49229979515	-1420
8.49230384827	-1420
8.49234390259	-1264
8.49280786514	543
8.49304890633	543
8.49431681633	-851
8.52198600769	-1420
8.52205085754	-1420
8.52205586433	-1264
8.52983999252	-1368
8.52985501289	-1420
8.52990984917	-1420
8.52991294861	-1264
8.53091192245	-1420
8.53091597557	-1316
8.53544783592	543
8.53558397293	543
8.54559993744	-1368
8.5457918644	-1420
8.54584598541	-1316
8.54636096954	-1420
8.54640388489	-1316
8.54700183868	-1420
8.54704380035	-1420
8.5470468998	-1264
8.54720878601	543
8.55122494698	-1420
8.55123400688	-1420
8.55127692223	-1264
8.55205583572	-1420
8.55210089684	-1420
8.55210399628	-1264
8.55288290977	-1420
8.55288791656	-1316
8.55291986465	-1368
8.55361700058	-1368
8.55496883392	-1420
8.55497288704	-1420
8.55501079559	-1264
8.55514097214	543
8.55675387383	-1420
8.55675888062	-1316
8.55779194832	-1420
8.55779600143	-1420
8.55783390999	-1264
8.55799794197	-1420
8.5580368042	-1420
8.55803990364	-1264
8.55814599991	-1420
8.55814886093	-1420
8.55817580223	-1264
8.5585269928	-1420
8.55856490135	-1420
8.5585668087	-1264
8.55862998962	-1420
8.55863285065	-1316
8.55867481232	-1368
8.55879282951	-1420
8.55885386467	-1420
8.55885696411	-1264
8.55891990662	-1368
8.55892300606	-1420
8.55896687508	-1420
8.55897188187	-1264
8.55900788307	-1420
8.55901098251	-1316
8.55910778046	-1420
8.5591108799	-1420
8.55914783478	-1264
8.55970692635	543
8.55979394913	543
8.56393289566	-1420
8.5639398098	-1420
8.56399393082	-1264
8.57610297203	-1368
8.58508777618	-1420
8.58510184288	-1316
8.60587286949	-1220
8.60602498055	543
8.66371679306	-1420
8.66373491287	-1420
8.66379094124	-1264
8.66410589218	-1420
8.66414690018	-1420
8.66414999962	-1264
8.66540193558	-1420
8.6654047966	-1420
8.66544294357	-1264
8.66998887062	-1420
8.6700258255	-1420
8.67002892494	-1264
8.67246198654	-1420
8.6724729538	-1420
8.67251992226	-1264
8.67435884476	-1420
8.67440891266	-1420
8.6744120121	-1264
8.67564988136	-1420
8.67565488815	-1420
8.6756939888	-1264
8.6764318943	-1420
8.67647099495	-1420
8.6764729023	-1264
8.67701888084	-1420
8.67702198029	-1420
8.67706084251	-1264
8.67735290527	-1420
8.67739486694	-1420
8.67739796638	-1264
8.67765688896	-1420
8.6776599884	-1420
8.67770791054	-1264
8.67771100998	-1420
8.67775392532	-1316
8.67802381516	-1368
8.67806482315	-1420
8.67806792259	-1420
8.67810487747	-1264
8.6781668663	-1420
8.67819499969	-1420
8.67819786072	-1264
8.67826390266	543
8.67840194702	-1368
8.6784658432	543
8.67862391472	-1368
8.67862701416	-1420
8.67862892151	-1420
8.6786968708	-1420
8.67869877815	-1212
8.67893385887	-1420
8.67893791199	-1420
8.67897582054	-1264
8.67903280258	-1420
8.67906999588	-1420
8.67907190323	-1264
8.67910480499	-1420
8.67910695076	-1420
8.6791408062	-1264
8.67918395996	-1368
8.67927193642	-1420
8.67927479744	-1316
8.67950296402	-1420
8.67950677872	-1420
8.67950892448	-1264
8.67960095406	-1368
8.68013691902	-1420
8.68013978004	-1420
8.68014097214	-1264
8.68094396591	-1420
8.68096494675	-1316
8.6809668541	-1368
8.68279194832	543
8.68332099915	-1420
8.68332481384	-1420
8.68332695961	-1264
8.68332791328	-1420
8.68332886696	-1420
8.68332982063	-1264
8.68506193161	543
8.68529987335	543
8.68559885025	-1420
8.68560385704	-1420
8.68564295769	-1264
8.68571090698	-1420
8.68573188782	-1316
8.68576478958	543
8.68580079079	-1368
8.68608379364	-1420
8.68610692024	-1420
8.68610882759	-1264
8.68622279167	-1420
8.68622589111	-1420
8.68626379967	-1264
8.68768286705	-1420
8.68770384789	-1316
8.68789601326	-1368
8.70767998695	-1368
8.70785784721	-1420
8.70793700218	-1316
8.70793890953	-1368
8.7083029747	-1420
8.70830798149	-1316
8.70858478546	-1420
8.70859694481	-1420
8.70863580704	-1420
8.7086379528	-1212
8.70872282982	-1420
8.70873379707	-1420
8.7087688446	-1420
8.70877194405	-1212
8.70880484581	-1368
8.70894885063	-1420
8.70902299881	-1316
8.70902490616	-1368
8.70912098885	-1420
8.70912384987	-1316
8.70922493935	-1420
8.70922684669	-1316
8.71200799942	543
8.7121617794	543
8.71634292603	-1368
8.71729397774	-452
8.72281694412	543
8.72887182236	-1420
8.7288839817	-1420
8.72893595695	-1264
8.72938990593	-1420
8.72943282127	-1316
8.73030686378	-1420
8.73037385941	-1420
8.73037695885	-1264
8.73126983643	-1420
8.73127579689	-1420
8.73131585121	-1264
8.73208594322	-1420
8.73211979866	-1316
8.73776698112	-1420
8.73781085014	-1420
8.73781394958	-1264
8.74535894394	-1368
8.75406098366	-1420
8.75413393974	-1316
8.75423192978	-1420
8.75426983833	-1420
8.7542719841	-1420
8.75430488586	-1212
8.75540089607	-1420
8.75542593002	-1420
8.75542879105	-1264
8.75599598885	-1420
8.75599980354	-1420
8.75603890419	-1264
8.7561519146	-1420
8.75618982315	-1316
8.75633692741	-1368
8.75691390038	-1420
8.75691699982	-1316
8.75703883171	-1368
8.75732898712	-1420
8.75735187531	-1420
8.75735378265	-1264
8.75798797607	-1420
8.75799179077	-1420
8.75803184509	-1264
8.75829195976	543
8.75842690468	543
8.75865077972	543
8.75881886482	-1420
8.75882387161	-1420
8.75887584686	-1264
8.75935792923	-1420
8.75938081741	-1420
8.75938296318	-1264
8.76326680183	-1420
8.7632958889	-1420
8.76336193085	-1264
8.7666118145	-1420
8.76665592194	-1420
8.76665997505	-1264
8.7712328434	-1420
8.77124381065	-1420
8.77130389214	-1264
8.77245187759	-1368
8.77321982384	-1420
8.77322483063	-1316
8.77331495285	543
8.77342486382	-1368
8.77379488945	-1420
8.77383780479	-1420
8.77384090424	-1264
8.77470779419	-1420
8.77471280098	-1420
8.77475190163	-1264
8.77595496178	-1420
8.77597784996	-1420
8.7759809494	-1264
8.77782583237	-1368
8.77879095078	-1420
8.77882289886	-1316
8.77893686295	543
8.78287696838	-1420
8.78289198875	-1316
8.82893180847	-846
8.82909584045	543
8.84533596039	-1420
8.84536194801	-1316
8.8455529213	-1420
8.84555697441	-1316
8.84561085701	-1368
8.84573888779	543
8.84586381912	-1420
8.84586596489	-1420
8.84590387344	-1264
8.84634494781	-1420
8.84639883041	-1420
8.84640192986	-1264
8.84719085693	-1420
8.84719586372	-1316
8.84725880623	-1368
8.84745979309	-1420
8.84749794006	-1420
8.84750080109	-1264
8.84782481194	-1420
8.84782886505	-1420
8.84786486626	-1264
8.84801888466	-1420
8.84805798531	-1316
8.84806084633	-1368
8.84828281403	-1420
8.84828591347	-1420
8.84832286835	-1264
8.84832596779	-1368
8.84861087799	-1420
8.84861397743	-1316
8.84903478622	-1420
8.84903883934	-1420
8.84907484055	-1264
8.85286092758	543
8.8530189991	543
8.85389089584	-1420
8.85389685631	-1420
8.85394001007	-1264
8.85945677757	-1368
8.86005282402	-1420
8.86005878448	-1316
8.86100697517	-1420
8.86101293564	-1420
8.86105489731	-1264
8.8612818718	-1420
8.8613038063	-1420
8.86130595207	-1264
8.86170887947	-1420
8.86171197891	-1420
8.86174988747	-1264
8.86572599411	-1420
8.86576294899	-1420
8.86576581001	-1264
8.86578392982	-1368
8.86690092087	-1420
8.86692595482	-1316
8.86716079712	-1420
8.86718583107	-1420
8.86718893051	-1264
8.86763596535	-1420
8.86764097214	-1420
8.86766195297	-1264
8.86775398254	-1420
8.86779379845	-1420
8.86779594421	-1264
8.86783099174	-1420
8.86783385277	-1420
8.86790585518	-1264
8.86790800095	-1420
8.86794400215	-1420
8.86794686317	-1264
8.86803293228	543
8.86817097664	543
8.8682179451	-1420
8.86822080612	-1316
8.86827492714	-1368
8.86828684807	-1368
8.8774189949	-1420
8.87742900848	-1420
8.87747693062	-1264
8.87915682793	-1368
8.87932896614	543
8.88848590851	-1368
8.88934779167	-1420
8.88939785957	-1316
8.88960981369	-1420
8.88965892792	-1316
8.88968992233	-1420
8.88970685005	-1316
8.88983297348	-1368
8.89019489288	-1420
8.89019799232	-1420
8.89025378227	-1264
8.89025688171	-1368
8.89029979706	-1420
8.89033889771	-1420
8.89040994644	-1264
8.89041280746	-1420
8.89044690132	-1420
8.89045000076	-1264
8.89074087143	-1420
8.89074397087	-1420
8.89078187943	-1264
8.89115786552	-1420
8.89117980003	-1316
8.89128279686	-1368
8.89174199104	-1420
8.89174580574	-1420
8.89178490639	-1264
8.89185285568	-1420
8.89189195633	-1420
8.89189481735	-1264
8.89214682579	-1420
8.89214992523	-1316
8.89249897003	-1420
8.89250278473	-1420
8.8925049305	-1264
8.89277482033	-1368
8.89277887344	-1420
8.89277982712	-1420
8.89278078079	-1264
8.89471387863	543
8.89484286308	543
8.89768481255	543
8.90272378922	-1368
8.90397787094	-1420
8.90402579308	-1316
8.90551900864	-1420
8.90555787086	-1420
8.90555977821	-1264
8.90588283539	-1420
8.90588593483	-1420
8.90592193604	-1264
8.90613698959	-1420
8.90617394447	-1420
8.90617585182	-1264
8.90624690056	-1368
8.90653586388	-1420
8.90655493736	-1316
8.90688800812	-1420
8.906924963	-1420
8.90692782402	-1264
8.90714788437	543
8.90725898743	-1420
8.90726184845	-1420
8.9073009491	-1264
8.90755391121	-1420
8.90760278702	-1316
8.90760588646	-1368
8.90765786171	-1368
8.907766819	543
8.90786194801	-1420
8.90786480904	-1316
8.90794301033	543
8.90903091431	-1420
8.90903687477	-1420
8.90905785561	-1264
8.90943384171	-1420
8.90947294235	-1420
8.90947580338	-1264
8.91505289078	-1420
8.91506195068	-1420
8.91511487961	-1264
8.91511678696	-1368
8.91590285301	-1420
8.9159078598	-1316
8.93466496468	-1420
8.93468689919	-1420
8.93472981453	-1264
8.93473291397	-1368
8.93488693237	543
8.93505883217	543
8.93527889252	-1420
8.93528199196	-1316
8.93603682518	-1420
8.93604183197	-1420
8.93608283997	-1264
8.93645095825	-1420
8.93649482727	-1420
8.93649697304	-1264
8.93696880341	-1420
8.9369738102	-1420
8.93701481819	-1264
8.93733787537	-1368
8.93897080421	-1420
8.938975811	-1420
8.93903589249	-1420
8.93903779984	-1212
8.93909192085	-1420
8.9390938282	-1316
8.93988084793	-1420
8.93988490105	-1420
8.93990278244	-1264
8.94021487236	-101
8.94135785103	-1420
8.94139695168	-1420
8.94139885902	-1264
8.94274997711	-1420
8.94275283813	-1420
8.94277000427	-1420
8.94277191162	-1212
8.94289278984	-1368
8.94299983978	-1368
8.94308495522	543
8.94319701195	543
8.94470191002	-1420
8.94470787048	-1420
8.94472980499	-1264
8.94565296173	-1420
8.94569396973	-1420
8.94569897652	-1264
8.9463160038	543
8.9470307827	-1420
8.94703698158	-1316
8.94762182236	-1368
8.9476249218	-1420
8.94766187668	-1420
8.94766497612	-1264
8.94802093506	-1420
8.94802379608	-1420
8.94806194305	-1264
8.94839596748	-1368
8.94859790802	-1420
8.94860100746	-1420
8.94863700867	-1264
8.94870901108	-1420
8.94874596596	-1420
8.94874787331	-1264
8.94883680344	-1420
8.94883990288	-1316
8.94909095764	-1420
8.94909381866	-1420
8.94913101196	-1264
8.94920182228	-1420
8.94924092293	-1420
8.94924378395	-1264
8.94947481155	-1368
8.94957280159	-1420
8.94959187508	-1316
8.94989895821	-1368
8.94993591309	-1420
8.94993782043	-1420
8.9499399662	-1264
8.95011782646	-1368
8.95022296906	-1420
8.9502248764	-1420
8.95022678375	-1264
8.95034980774	-1420
8.95035195351	-1316
8.95035290718	-1368
8.95114994049	543
8.9512360096	543
8.95128297806	-1420
8.95128488541	-1420
8.95128583908	-1264
8.95133495331	-1420
8.95133686066	-1316
8.95138287544	-1368
8.95142793655	-1420
8.95143079758	-1420
8.95144581795	-1264
8.95192098618	-1420
8.95194196701	-1420
8.95194387436	-1264
8.95208096504	543
8.95288491249	-1420
8.95289087296	-1420
8.95291185379	-1264
8.95386385918	-1420
8.9538898468	-1420
8.95389294624	-1264
8.95610499382	-1420
8.95611095428	-1420
8.95615291595	-1264
8.95663499832	-1420
8.9566719532	-1420
8.95667481422	-1264
8.95672798157	-1368
8.95899891853	543
8.96094679832	-1420
8.96094989777	-1316
8.9610619545	-1368
8.96946883202	-1420
8.96952199936	-1420
8.96952486038	-1264
8.96966600418	-1420
8.9696688652	-1420
8.96970701218	-1264
8.96977186203	-1420
8.9698009491	-1420
8.96980285645	-1264
8.96984481812	543
8.97023296356	-1420
8.97023797035	-1316
8.97042179108	-1420
8.97042679787	-1316
8.97051382065	-1368
8.97859978676	-1420
8.9786529541	-1420
8.97865581512	-1264
8.97869181633	-1368
8.98260378838	-1420
8.98268485069	-1420
8.98268890381	-1264
8.98277592659	-1368
8.98277878761	-1420
8.98283791542	-1420
8.98284077644	-1420
8.98287582397	-1212
8.98288679123	-1420
8.98292994499	-1420
8.98293280602	-1264
8.98301696777	-1420
8.9830198288	-1420
8.98305296898	-1264
8.98305487633	-1368
8.98320579529	543
8.98342680931	543
8.98752593994	-1420
8.98754096031	-1420
8.98756599426	-1264
9.00298500061	1057
9.00818991661	543
9.02156186104	-1420
9.02158498764	-1316
9.02192378044	-1368
9.02228784561	-1368
9.02303886414	-1420
9.02304387093	-1316
9.02342987061	-1420
9.0234348774	-1420
9.02350687981	-1264
9.02350997925	-1368
9.02355599403	-1368
9.0243999958	-1420
9.02444791794	-1420
9.02445077896	-1264
9.02455282211	-1420
9.02455592155	-1420
9.02457284927	-1264
9.02501893044	-1420
9.02505683899	-1420
9.02505898476	-1264
9.02543187141	-1420
9.02543497086	-1420
9.02547192574	-1264
9.02556085587	-1420
9.02559781075	-1420
9.02560091019	-1264
9.02705979347	543
9.03230500221	-1420
9.03231287003	-1420
9.03235697746	-1264
9.05213499069	-917
9.07754898071	-1420
9.07756590843	-1420
9.07762694359	-1264
9.07866597176	-1420
9.07871294022	-1420
9.07871580124	-1264
9.0790848732	-1420
9.07908892632	-1420
9.07912492752	-1264
9.0792529583	-1368
9.07939887047	1057
9.07963585854	-1420
9.07963895798	-1420
9.07968688011	-1264
9.07982087135	-1420
9.079859972	-1316
9.07990193367	-1368
9.08004283905	-1420
9.08004689217	-1316
9.0800948143	-1420
9.08009791374	-1316
9.08017778397	-1420
9.08018183708	-1316
9.08047199249	-1420
9.08047699928	-1420
9.08051490784	-1264
9.08063578606	-1420
9.08066082001	-1316
9.08079886436	-1368
9.08083796501	-1420
9.08083987236	-1420
9.08087491989	-1420
9.08087682724	-1212
9.0809109211	-1368
9.08096289635	-1420
9.08099985123	-1420
9.08100199699	-1264
9.08103680611	-1368
9.08109688759	-1420
9.08113193512	-1420
9.08113384247	-1264
9.08116793633	-1368
9.08122682571	-1368
9.08141088486	-1420
9.0814139843	-1420
9.08145093918	-1264
9.08145284653	-1420
9.08148789406	-1316
9.08167386055	-1420
9.08172988892	-1420
9.08173298836	-1420
9.08176779747	-1420
9.08176994324	-1160
9.08177185059	-1368
9.08177280426	-1368
9.08258295059	-1420
9.08258700371	-1316
9.08258795738	-1420
9.08258891106	-1420
9.08259081841	-1264
9.08691477776	-1420
9.08691978455	-1420
9.08692097664	-1420
9.08692288399	-1212
9.08794689178	543
9.08813095093	-1420
9.08813285828	-1316
9.08813381195	-1420
9.08813500404	-1316
9.08826398849	-1368
9.08842396736	-1420
9.08842778206	-1316
9.08852791786	-1420
9.08853077888	-1316
9.08899998665	-1420
9.08900499344	-1420
9.08904290199	-1264
9.0890917778	-1420
9.08912777901	-1316
9.08927798271	-1420
9.08929586411	-1316
9.0893239975	-1368
9.08943200111	-1420
9.08943390846	-1420
9.08946990967	-1264
9.08962678909	-1368
9.08983278275	-1368
9.08994293213	-1420
9.08999991417	-1420
9.09000182152	-1264
9.09003686905	-1420
9.0900387764	-1420
9.09007382393	-1420
9.0900759697	-1420
9.09011077881	-1160
9.09011387825	-1420
9.09014797211	-1420
9.09015083313	-1264
9.09192991257	543
9.12162590027	-1420
9.12163591385	-1420
9.12171387672	-1264
9.12172698975	-1420
9.12176680565	-1420
9.12176895142	-1264
9.12180495262	-1420
9.12181591988	-1316
9.1218829155	-1420
9.12188577652	-1420
9.12192177773	-1264
9.12204289436	-1420
9.12208580971	-1420
9.12208795547	-1264
9.13009190559	-1420
9.1301047802	-1420
9.13015890121	-1264
9.1381289959	-1420
9.13819694519	-1420
9.13820195198	-1264
9.13824081421	-1420
9.13825178146	-1316
9.13830184937	-1420
9.13830494881	-1316
9.13845682144	-1420
9.13845992088	-1420
9.13849687576	-1264
9.13859987259	-1420
9.13864684105	-1420
9.13864994049	-1420
9.13869595528	-1212
9.13869786263	-1368
9.13876891136	-1368
9.13901495934	-1420
9.13903594017	-1316
9.13910198212	-1368
9.13940787315	543
9.14054393768	-1420
9.14054989815	-1420
9.14059090614	-1264
9.16365480423	-371
9.17645001411	-1368
9.18113994598	-1420
9.18125391006	-1420
9.18125891685	-1264
9.18129777908	-1420
9.18130087852	-1420
9.18136096001	-1264
9.18136382103	-1420
9.18140101433	-1420
9.18140292168	-1264
9.18144583702	-1420
9.18144893646	-1420
9.1814827919	-1264
9.18153882027	-1368
9.18174982071	-1368
9.18269300461	-1420
9.18273997307	-1420
9.18274283409	-1264
9.18285894394	-1420
9.18286299706	-1420
9.18289995193	-1264
9.18303894997	-1420
9.18306183815	-1316
9.18316197395	543
9.18323397636	-1420
9.18323683739	-1316
9.18348383904	-1420
9.18348884583	-1420
9.18352794647	-1264
9.18357491493	-1420
9.18359398842	-1420
9.18359589577	-1264
9.1837079525	-1420
9.18374896049	-1316
9.18378686905	-1420
9.1837887764	-1316
9.18384480476	-1420
9.18384695053	-1316
9.18511891365	-1420
9.18512296677	-1420
9.18517398834	-1264
9.18637800217	543
9.18671989441	1057
9.19473099709	543
9.22239899635	543
9.24055194855	-1420
9.24057078362	-1420
9.24063682556	-1264
9.27538394928	-555
9.34813499451	-1420
9.34815192223	-1420
9.34820795059	-1264
9.34834480286	-1420
9.34838485718	-1420
9.34838795662	-1264
9.34849596024	-1420
9.34849882126	-1316
9.34859991074	-1368
9.34881591797	-1420
9.34885597229	-1420
9.34885883331	-1264
9.3659658432	-1420
9.36598086357	-1420
9.36601686478	-1264
9.36904978752	-1420
9.3691008091	-1316
9.36919689178	1057
9.38715195656	-1250
9.43612098694	-1420
9.43613791466	-1420
9.43619179726	-1420
9.4361948967	-1212
9.43624186516	-1420
9.4362449646	-1420
9.43628001213	-1264
9.43628287315	-1368
9.43632698059	-1420
9.43632984161	-1420
9.4363617897	-1264
9.43644285202	-1420
9.43649101257	-1420
9.4364938736	-1264
9.43652796745	-1420
9.4365298748	-1420
9.43656277657	-1264
9.43666386604	-1420
9.43670201302	-1316
9.43692493439	-1368
9.43710780144	543
9.4398829937	-1420
9.43988895416	-1420
9.43998289108	-1264
9.43998599052	-1420
9.44002580643	-1316
9.44002890587	-1368
9.44014000893	-1420
9.44014286995	-1316
9.44019699097	-1368
9.44036579132	-1420
9.44045186043	-1420
9.4404540062	-1264
9.4404900074	-1420
9.44049191475	-1420
9.44052696228	-1264
9.44052886963	-1368
9.44382381439	1057
9.49133777618	-1368
9.49946594238	-1024
9.52434897423	-1420
9.52435898781	-1420
9.52441596985	-1264
9.52441883087	-1420
9.52444601059	-1316
9.52455186844	-1420
9.52460598946	-1316
9.52478790283	543
9.52482390404	-1368
9.52482581139	-1368
9.52531599998	-1420
9.52532196045	-1420
9.52534484863	-1420
9.52534794807	-1420
9.52537798882	-1160
9.52538084984	-1368
9.52554678917	-1368
9.52566790581	-1420
9.52572894096	-1316
9.52573084831	-1420
9.52577185631	-1420
9.52577400208	-1264
9.52580690384	-1368
9.52586078644	-1420
9.52589678764	-1316
9.52596783638	543
9.52621293068	-1420
9.52621793747	-1420
9.52625799179	-1264
9.52677297592	-1420
9.52681684494	-1420
9.52681899071	-1264
9.52709579468	-1420
9.52710080147	-1420
9.52714180946	-1264
9.52755093575	-1420
9.52759385109	-1420
9.52759599686	-1264
9.5276517868	-1420
9.52765393257	-1420
9.52769184113	-1264
9.52777791023	-1420
9.52781796455	-1420
9.5278198719	-1264
9.52794885635	1057
9.52802491188	-1420
9.52802586555	-1420
9.52804398537	-1264
9.5280919075	-1368
9.52822685242	-1420
9.52823090553	-1420
9.52827000618	-1264
9.52834677696	-1420
9.52838683128	-1420
9.52838897705	-1264
9.5284948349	-1420
9.52849793434	-1420
9.52854394913	-1264
9.52854585648	-1420
9.52858185768	-1316
9.52860593796	543
9.5331838131	-1420
9.53319001198	-1420
9.53323698044	-1420
9.53323888779	-1420
9.53327584267	-1160
9.53327798843	-1368
9.53340291977	-1420
9.53340697289	-1316
9.53344678879	543
9.53347992897	-1368
9.53374791145	-1420
9.53378891945	-1420
9.53379178047	-1264
9.53415298462	-1420
9.53415799141	-1420
9.53419780731	-1264
9.53432393074	-1420
9.53434491158	-1316
9.53446388245	-1368
9.534501791	-1368
9.61101794243	-854
9.61129379272	1057
9.61491298676	-1420
9.61492300034	-1420
9.61497092247	-1264
9.61511588097	-1368
9.61560082436	-1420
9.6156039238	-1420
9.61565899849	-1420
9.61566281319	-1212
9.61571478844	-1420
9.6157169342	-1316
9.61587095261	-1420
9.61587381363	-1420
9.61590886116	-1264
9.61591100693	-1368
9.61609482765	-1420
9.61609888077	-1420
9.61613583565	-1264
9.61613798141	-1420
9.61623287201	-1316
9.61623597145	-1420
9.61628890038	-1420
9.61629199982	-1420
9.61632680893	-1212
9.6163289547	-1420
9.61636281013	-1420
9.6163649559	-1264
9.61647891998	-1420
9.61648178101	-1316
9.61653494835	-1420
9.6165368557	-1420
9.61653900146	-1420
9.61653995514	-1212
9.61656093597	-1420
9.61656284332	-1316
9.61670899391	-1420
9.61671090126	-1420
9.61671090126	-1420
9.61671185493	-1212
9.61671280861	-1420
9.61671280861	-1316
9.61695384979	-1420
9.61695790291	-1420
9.61695885658	-1264
9.61702084541	-1420
9.61702299118	-1316
9.61709690094	-1420
9.61710000038	-1420
9.61710000038	-1264
9.61731481552	-1420
9.61731886864	-1420
9.6173210144	-1264
9.61735796928	-1420
9.61735987663	-1420
9.61736178398	-1264
9.61742281914	-1420
9.61746191978	543
9.61749601364	-1420
9.61749792099	-1264
9.61778879166	543
9.61786484718	543
9.62361884117	-1420
9.62362599373	-1420
9.62366890907	-1264
9.62402892113	-1420
9.62410497665	-1420
9.624106884	-1264
9.62416195869	-1368
9.62416386604	-1420
9.62419986725	-1316
9.62433385849	-1420
9.62437295914	-1316
9.62437486649	-1368
9.62462687492	-1420
9.62463092804	-1420
9.62465786934	-1264
9.6247549057	-1368
9.62487888336	543
9.67154693604	-1368
9.6804227829	-1420
9.68047189713	-1316
9.68060183525	1057
9.68580198288	-1368
9.6893029213	-1420
9.6893799305	-1420
9.68938493729	-1264
9.70942378044	-1420
9.70943880081	-1420
9.7094938755	-1264
9.71040582657	-1420
9.71047401428	-1420
9.71048593521	-1420
9.71052289009	-1420
9.71052479744	-1160
9.71056699753	-1368
9.71582198143	-1420
9.71587586403	-1420
9.71588087082	-1264
9.71654987335	-1368
9.71731090546	-1420
9.71734595299	-1316
9.71836280823	-1420
9.71839594841	-1420
9.71839880943	-1264
9.71911096573	543
9.72251081467	-976
9.72310495377	-1420
9.72315096855	-1420
9.7231528759	-1264
9.72636079788	-1420
9.726364851	-1420
9.72640585899	-1264
9.72906088829	-1420
9.72914981842	-1316
9.72915291786	-1368
9.72952079773	543
9.72999596596	-1420
9.73000192642	-1316
9.73003482819	-1368
9.73504900932	-1420
9.73507595062	-1316
9.7359919548	-1420
9.73602890968	-1316
9.73603081703	-1368
9.73611783981	1057
9.74550890923	-1420
9.7455239296	-1420
9.74557995796	-1264
9.746270895	-1420
9.74631690979	-1420
9.74632000923	-1264
9.74688577652	-1420
9.74689078331	-1420
9.74693083763	-1264
9.75593495369	-1420
9.75599789619	-1420
9.75600290298	-1420
9.75603795052	-1212
9.75714993477	-1420
9.7571849823	-1316
9.7581307888	-1368
9.75858092308	-1420
9.75858592987	-1420
9.7586247921	-1264
9.76272678375	543
9.76465797424	-1420
9.76466393471	-1420
9.76470398903	-1264
9.76771187782	-1420
9.7677488327	-1316
9.76775193214	-1368
9.77595090866	-1420
9.77595877647	-1316
9.78493285179	-1420
9.78494501114	-1420
9.78499388695	-1264
9.78772377968	-1420
9.78777599335	-1316
9.78777885437	-1420
9.78781485558	-1316
9.79386997223	-1368
9.80900096893	-1420
9.80901694298	-1420
9.80907297134	-1264
9.80921792984	1057
9.8102748394	-1420
9.81027984619	-1316
9.81583189964	-1420
9.81584191322	-1316
9.81676197052	-1420
9.81676578522	-1420
9.81680393219	-1264
9.81767296791	-1420
9.81769990921	-1420
9.81770396233	-1264
9.82015681267	-1420
9.82016086578	-1420
9.8202059269	-1264
9.82047986984	543
9.82093977928	-1368
9.82196879387	-1420
9.82199478149	-1316
9.82251000404	-1420
9.82255387306	-1420
9.82255792618	-1264
9.8255147934	543
9.82696795464	-1420
9.8269739151	-1316
9.82708477974	543
9.83291387558	-1368
9.83398485184	-369
9.84122490883	-1420
9.84122991562	-1316
9.84182977676	-1420
9.84183478355	-1420
9.84186387062	-1264
9.84943985939	-1420
9.8494977951	-1316
9.85098791122	-1420
9.85102581978	-1316
9.86173796654	-1420
9.8617939949	-1420
9.86179685593	-1264
9.86498785019	-1420
9.86499190331	-1420
9.86502981186	-1264
9.86518192291	543
9.86534285545	543
9.86647295952	1460
9.86652088165	1460
9.86657786369	1161
9.86667895317	603
9.87383389473	-1420
9.87383890152	-1420
9.87387895584	-1264
9.87388181686	-1368
9.88780593872	-1420
9.88781785965	-1420
9.88787293434	-1264
9.88828492165	543
9.88921380043	-1420
9.88921785355	-1420
9.88925790787	-1264
9.8905608654	-1420
9.8906109333	-1316
9.89064383507	-1368
9.8993909359	-1420
9.89939785004	-1316
9.90438389778	-1368
9.90438890457	-1368
9.90442180634	-1420
9.90442490578	-1316
9.90524101257	-1420
9.9052438736	-1316
9.90544700623	-1368
9.90615987778	-1368
9.91135692596	-1420
9.9113638401	-1316
9.91254687309	-1420
9.91255092621	-1420
9.91258788109	-1264
9.91699194908	543
9.92037391663	-1420
9.92038679123	-1420
9.92042279243	-1264
9.92076778412	-1420
9.92080879211	-1420
9.92081189156	-1264
9.9213488102	-1420
9.92135286331	-1420
9.92139196396	-1264
9.92223978043	-1420
9.92227983475	-1420
9.92228198051	-1264
9.92257094383	-1420
9.92257380486	-1316
9.92342281342	543
9.92753696442	-1420
9.92755484581	-1316
9.92776083946	543
9.92789292336	-1420
9.9278948307	-1316
9.92844080925	-1368
9.92889499664	-1420
9.92893695831	-1420
9.92893981934	-1264
9.92897486687	-1420
9.92897796631	-1316
9.92919397354	-1420
9.92919778824	-1316
9.92925786972	-1368
9.92986083031	-1420
9.9299018383	-1420
9.92990398407	-1264
9.93016982079	-1420
9.93017482758	-1420
9.93021583557	-1264
9.93052482605	-1420
9.93054389954	-1316
9.93498086929	543
9.93547677994	-1420
9.93548178673	-1420
9.93552184105	-1264
9.93753290176	-1368
9.93765497208	-1420
9.93765878677	-1316
9.93813490868	-1368
9.93943500519	-1420
9.93947696686	-1420
9.93947982788	-1264
9.94339489937	-1420
9.94339990616	-1420
9.9434428215	-1264
9.94404292107	-1420
9.94407582283	-1316
9.9440779686	-1368
9.94485783577	-1368
9.94527697563	-1420
9.94530797005	-1316
9.94549179077	-1084
9.94602394104	-1420
9.94602799416	-1420
9.94606590271	-1264
9.94628190994	-1420
9.94631099701	-1316
9.94642901421	-1368
9.94838094711	-1420
9.94838690758	-1316
9.9484629631	-1368
9.95035600662	543
9.95054888725	543
9.95736980438	-1420
9.95738101006	-1420
9.95743083954	-1264
9.99643588066	-1420
9.99644994736	-1420
9.9964928627	-1420
9.99649596214	-1212
10.0087239742	-1420
10.0087378025	-1420
10.0087888241	-1264
10.0088889599	-1420
10.0089387894	-1316
10.0089519024	-1368
10.0090818405	543
10.0092380047	-1420
10.0092430115	-1316
10.0095279217	-1368
10.0096259117	-1420
10.0096468925	-1420
10.0096578598	-1420
10.0096919537	-1212
10.0099608898	-1368
10.0099987984	-1420
10.0100018978	-1316
10.0100548267	-1420
10.0100579262	-1420
10.0100929737	-1420
10.0100958347	-1212
10.0107729435	-1420
10.0107779503	-1420
10.0107958317	-1264
10.0141818523	543
10.0144529343	543
10.0154287815	-1420
10.0154337883	-1420
10.0154979229	-1264
10.0159139633	-1420
10.0159537792	-1420
10.015955925	-1264
10.0174498558	-1420
10.0174539089	-1420
10.0175008774	-1264
10.0248098373	-1368
10.0254628658	-1420
10.0254678726	-1316
10.0259449482	-1420
10.0259478092	-1420
10.0259859562	-1264
10.0263698101	-1420
10.0264239311	-1420
10.0264258385	-1264
10.0271158218	543
10.0310249329	-1420
10.0310299397	-1316
10.0311219692	-1368
10.0316188335	-1368
10.0337688923	-1420
10.0337738991	-1316
10.034681797	-1420
10.0346868038	-1420
10.0347268581	-1264
10.035422802	-1420
10.0354728699	-1420
10.0354759693	-1264
10.0355198383	-1368
10.0411629677	-1420
10.0412077904	-1420
10.0412139893	-1264
10.0442249775	-1420
10.0442328453	-1316
10.0442769527	-1420
10.0442798138	-1420
10.0443139076	-1264
10.044315815	-1368
10.0452749729	-1420
10.0452799797	-1420
10.0453197956	-1264
10.0457839966	-1420
10.0458219051	-1420
10.0458238125	-1264
10.0461628437	-1368
10.0479729176	543
10.0482318401	543
10.0483698845	543
10.0537660122	-1420
10.0537889004	-1316
10.0570509434	-1002
10.0775148869	-1420
10.0775809288	-1420
10.0775859356	-1264
10.08264184	-1368
10.1060118675	-1368
10.1063518524	-1420
10.1063559055	-1420
10.1063938141	-1264
10.1081039906	543
10.1082458496	543
10.1110179424	-1420
10.1110258102	-1316
10.1151227951	-1420
10.1151359081	-1420
10.1151847839	-1264
10.1168568134	-1420
10.1169018745	-1420
10.116904974	-1264
10.1180639267	-1420
10.1180729866	-1420
10.1181008816	-1264
10.1243069172	-1420
10.1243729591	-1420
10.1243779659	-1264
10.124532938	543
10.1334519386	-1420
10.133466959	-1420
10.1335198879	-1264
10.1399009228	-1420
10.1399610043	-1420
10.1399638653	-1264
10.1401138306	543
10.1463119984	-1420
10.1463279724	-1420
10.1463718414	-1264
10.14772892	-1420
10.1477758884	-1420
10.1477789879	-1264
10.1486008167	-1368
10.1553368568	-1420
10.155384779	-1316
10.1579937935	-1420
10.1580448151	-1420
10.1580479145	-1264
10.1669650078	-1420
10.1669809818	-1420
10.1670320034	-1264
10.1690559387	-1420
10.1691060066	-1420
10.169107914	-1371
10.1692728996	543
10.1779389381	-1368
10.1793539524	-1420
10.179407835	-1316
10.1803538799	-1420
10.1803967953	-1420
10.1803998947	-1264
10.1811368465	-1420
10.1811418533	-1420
10.1811800003	-1264
10.1828198433	-1420
10.1828858852	-1420
10.1828889847	-1264
10.1829249859	-1368
10.1830039024	543
10.1869828701	-1420
10.1869897842	-1316
10.1937339306	-1420
10.1937468052	-1420
10.1937999725	-1264
10.1938028336	-1368
10.1944408417	-1420
10.1944439411	-1420
10.1944818497	-1264
10.1993508339	543
10.199890852	-1420
10.1998958588	-1420
10.1999378204	-1264
10.2028238773	-1420
10.2028918266	-1420
10.2028949261	-1264
10.2079789639	-1420
10.2079908848	-1420
10.208039999	-1264
10.2089879513	-1420
10.2090239525	-1316
10.2090258598	-1368
10.2101349831	-1420
10.2101399899	-1420
10.2101678848	-1264
10.2155048847	543
10.2156648636	-1420
10.2156698704	-1420
10.215708971	-1264
10.2166249752	-1420
10.2166688442	-1420
10.2166719437	-1264
10.2172939777	-1420
10.2172989845	-1420
10.2173469067	-1264
10.2235608101	-1420
10.2236077785	-1316
10.223610878	-1368
10.2278518677	-1420
10.2278628349	-1420
10.2279109955	-1264
10.228042841	543
10.2291178703	-1420
10.2291228771	-1316
10.2303638458	-1420
10.2303769588	-1420
10.2304148674	-1264
10.2304728031	543
10.2319209576	-1420
10.2319259644	-1420
10.2319638729	-1264
10.2379889488	-1420
10.2380549908	-1316
10.2408638	-1420
10.2409038544	-1316
10.2451939583	-1420
10.2452559471	-1420
10.2452588081	-1264
10.2462937832	-1420
10.2463068962	-1420
10.2463498116	-1264
10.2525129318	-1368
10.2526509762	-1420
10.252671957	-1316
10.2806987762	-614
10.28083992	543
10.3414869308	-1420
10.3415029049	-1420
10.3415558338	-1264
10.3520219326	-1420
10.3520879745	-1420
10.3520917892	-1264
10.362790823	-1420
10.3628098965	-1420
10.3628637791	-1264
10.365128994	-1420
10.3651947975	-1420
10.3651998043	-1264
10.3723189831	-1420
10.3723328114	-1420
10.3723828793	-1264
10.3742887974	-1420
10.3743288517	-1420
10.3743338585	-1264
10.3751399517	543
10.3808648586	-1420
10.3808748722	-1420
10.3809039593	-1264
10.3822689056	543
10.383920908	543
10.3852698803	-1420
10.3852729797	-1420
10.3853127956	-1264
10.3865759373	-1368
10.3877959251	-1420
10.3877999783	-1316
10.3889639378	-1420
10.3889698982	-1420
10.3890109062	-1264
10.3898208141	-1420
10.3898618221	-1420
10.3898649216	-1264
10.3917818069	-1420
10.3917868137	-1420
10.3918328285	-1264
10.3918349743	-1368
10.3921248913	-481
10.4023768902	-1420
10.4024288654	-1420
10.4024319649	-1264
10.4078819752	-1420
10.4078969955	-1420
10.4079499245	-1264
10.4091029167	-1420
10.4091498852	-1420
10.4091529846	-1264
10.4097328186	-1420
10.409735918	-1316
10.4097828865	-1368
10.4152247906	-1420
10.4152598381	-1316
10.4162290096	-1420
10.4162688255	-1420
10.416271925	-1264
10.4173548222	-1420
10.4173588753	-1316
10.419164896	-1420
10.4191689491	-1420
10.4192068577	-1264
10.4195618629	543
10.431746006	-1420
10.4317619801	-1420
10.4318168163	-1264
10.4320299625	-1420
10.4320619106	-1316
10.4340069294	-1420
10.4340598583	-1316
10.4340629578	-1368
10.4345679283	543
10.4347670078	1460
10.4348199368	1139
10.4385709763	-1420
10.4385828972	-1420
10.4386348724	-1264
10.4445099831	-1420
10.4445610046	-1420
10.4445648193	-1264
10.4454360008	-1420
10.4454410076	-1420
10.4454898834	-1264
10.4474029541	-1420
10.4474468231	-1316
10.4515869617	-1368
10.4525809288	-1420
10.4525868893	-1420
10.4526348114	-1264
10.4560799599	-1420
10.456127882	-1420
10.4561309814	-1264
10.4567668438	-1420
10.4567708969	-1420
10.4568109512	-1264
10.4569427967	543
10.457269907	-1368
10.4579899311	-1420
10.4580409527	-1420
10.4580438137	-1264
10.4584047794	-1420
10.4584097862	-1316
10.4585478306	-1368
10.4602708817	-1420
10.4602940083	-1420
10.460297823	-1264
10.4644739628	-1420
10.4644889832	-1420
10.4645400047	-1264
10.4659998417	-1420
10.4660468102	-1420
10.4660499096	-1264
10.4665148258	-1420
10.4665198326	-1420
10.4665589333	-1264
10.4693028927	-1420
10.4693579674	-1420
10.4693608284	-1264
10.4724388123	-1420
10.4724428654	-1420
10.4724948406	-1264
10.4859759808	-1420
10.4860329628	-1420
10.4860367775	-1264
10.4869639874	-1368
10.4885919094	-1420
10.4886369705	-1420
10.4886398315	-1264
10.4890518188	-1420
10.4890549183	-1316
10.4891009331	-1368
10.4896438122	-1420
10.4896719456	-1420
10.4896738529	-1264
10.4901478291	-1420
10.4901509285	-1316
10.4906859398	-1420
10.4906888008	-1316
10.490926981	-1368
10.4913167953	543
10.494989872	-1420
10.4949998856	-1420
10.4950559139	-1264
10.4950668812	-1368
10.4951138496	-1420
10.4951159954	-1316
10.4969329834	-1368
10.4978189468	-1420
10.4978618622	-1316
10.4984300137	-1420
10.4984610081	-1420
10.4984629154	-1264
10.5041139126	-1282
10.5063788891	-1420
10.5064358711	-1316
10.5076677799	-1368
10.5078690052	-1420
10.507874012	-1316
10.5079817772	-1368
10.5081498623	-1420
10.5081899166	-1420
10.5081927776	-1264
10.50826478	-1420
10.5082669258	-1420
10.5082919598	-1264
10.5147337914	-1420
10.5148088932	-1420
10.5148129463	-1264
10.5170059204	1460
10.5170619488	111
10.5202558041	-1420
10.5202620029	-1420
10.5203030109	-1264
10.5213198662	-1368
10.5221347809	-1420
10.5221397877	-1420
10.5221779346	-1264
10.5222489834	543
10.5234630108	-1420
10.5234668255	-1420
10.5235059261	-1264
10.5283060074	-1420
10.528346777	-1316
10.5284559727	-1368
10.5290830135	-1420
10.5290877819	-1420
10.5291268826	-1264
10.555921793	-1420
10.5559978485	-1420
10.5560050011	-1420
10.5560398102	-1212
10.5560419559	-1420
10.5560758114	-1316
10.5565848351	-1420
10.5566380024	-1420
10.5566408634	-1264
10.5568249226	-1420
10.5568277836	-1420
10.5568659306	-1264
10.5571308136	-1420
10.5571818352	-1420
10.5571849346	-1264
10.5647668839	-1420
10.5647749901	-1420
10.564814806	-1264
10.6158149242	-1230
10.6850237846	-1368
10.7272489071	-232
10.7274959087	543
10.8021159172	-1420
10.8021428585	-1420
10.8021788597	-1264
10.8051009178	-1420
10.8051578999	-1420
10.805161953	-1420
10.8051979542	-1212
10.805369854	543
10.8107278347	-1368
10.8388478756	-1168
10.848320961	-1368
10.8578209877	543
10.9117078781	-1420
10.9117259979	-1316
10.9501488209	-124
10.9575510025	1460
10.9576427937	111
10.9949469566	-1420
10.9949629307	-1316
11.0690219402	-1368
11.0693719387	-95
11.0736119747	543
11.0739209652	543
11.2293078899	-543
11.2295339108	543
11.3838078976	-1086
11.391824007	543
11.3943059444	543
11.5036249161	-543
11.5126459599	-1368
11.5374209881	-1368
11.5379757881	-1420
11.5380439758	-1420
11.5380518436	-1264
11.5380928516	-1420
11.5380978584	-1420
11.5381338596	-1420
11.5381388664	-1420
11.538173914	-1160
11.5381789207	-1420
11.5382409096	-1420
11.53824687	-1264
11.538287878	-1368
11.5406329632	543
11.5436840057	543
11.5459439754	-1420
11.5459489822	-1420
11.5459918976	-1264
11.5624308586	-1368
11.5625557899	543
11.6151509285	-997
11.6274688244	-1368
11.6276779175	-1420
11.6276829243	-1316
11.6277499199	543
11.6280729771	-1420
11.6280858517	-1420
11.6281239986	-1264
11.6288089752	-1420
11.6288528442	-1316
11.6289358139	-1368
11.6296038628	-1420
11.6296069622	-1420
11.6296467781	-1264
11.6298878193	-1420
11.6299278736	-1420
11.6299309731	-1264
11.6300339699	-1420
11.6300368309	-1420
11.6300549507	-1264
11.6301848888	-1420
11.6302258968	-1316
11.6303329468	-1420
11.630371809	-1420
11.6303749084	-1264
11.6304090023	-1368
11.6307468414	-1420
11.6307859421	-1420
11.6307888031	-1264
11.6309947968	543
11.6311049461	-1420
11.6311068535	-1420
11.6311459541	-1264
11.6312839985	543
11.6342959404	-1420
11.6343019009	-1420
11.6343438625	-1264
11.6432738304	-1420
11.6433370113	-1420
11.643340826	-1264
11.7205069065	-1420
11.7205247879	-1420
11.7205848694	-1264
11.7210068703	-1420
11.7210409641	-1316
11.7218608856	-1420
11.7219028473	-1420
11.7219059467	-1264
11.7222518921	-1420
11.7222549915	-1420
11.7222919464	-1264
11.7226579189	-1368
11.7232728004	-1420
11.7232758999	-1420
11.7233138084	-1264
11.7233998775	-1420
11.7234377861	-1316
11.7235178947	-1420
11.723544836	-1420
11.7235479355	-1264
11.7236537933	-1368
11.7238898277	-1420
11.7239108086	-1316
11.7240738869	-1420
11.7241117954	-1420
11.7241148949	-1264
11.7243127823	-1420
11.7243158817	-1316
11.7243340015	-1368
11.7244558334	-1368
11.7245669365	-1420
11.7245709896	-1420
11.724572897	-1264
11.7247698307	-1420
11.7247729301	-1420
11.7247748375	-1264
11.7247757912	-1420
11.7247769833	-1316
11.7248809338	-1420
11.7248837948	-1420
11.7248849869	-1264
11.7249119282	-1368
11.7250227928	-1420
11.7250258923	-1420
11.7250268459	-1264
11.7251508236	-1420
11.7251558304	-1420
11.7251579762	-1264
11.7252418995	-1420
11.7252449989	-1420
11.7252469063	-1264
11.7264618874	543
11.7265298367	-857
11.726708889	543
11.7268469334	543
11.7271549702	543
11.7273459435	543
11.7281019688	-1420
11.7281057835	-1420
11.7281458378	-1264
11.7282149792	-1368
11.7993168831	-1420
11.7993350029	-1420
11.7993888855	-1264
11.7996079922	543
11.7997188568	-1420
11.7997298241	-1420
11.7997829914	-1264
11.7997889519	-1420
11.799836874	-1316
11.7999258041	543
11.8008019924	-1420
11.800814867	-1420
11.8008539677	-1420
11.8008568287	-1212
11.8026998043	-1420
11.8027048111	-1420
11.8027448654	-1264
11.8029139042	-1420
11.8029439449	-1316
11.802946806	-1420
11.8029639721	-1316
11.8030087948	-1368
11.8031249046	-1420
11.8031280041	-1316
11.8034069538	-1420
11.8034110069	-1316
11.8034489155	-1420
11.8034517765	-1420
11.8034849167	-1264
11.8036239147	543
11.8039219379	-1420
11.8039259911	-1420
11.803965807	-1264
11.804350853	-1420
11.8043899536	-1316
11.8043928146	-1368
11.8048379421	-1420
11.8048419952	-1420
11.8048629761	-1264
11.8058788776	-1420
11.805918932	-1420
11.805921793	-1264
11.807038784	-1420
11.8070418835	-1316
11.8070788383	-1368
11.8077089787	-1420
11.8077449799	-1420
11.8077468872	-1264
11.8083338737	-1420
11.8083379269	-1420
11.8083589077	-1264
11.8087129593	-1368
11.808827877	-1420
11.8088309765	-1316
11.8089439869	-1420
11.8089468479	-1420
11.8089838028	-1264
11.8092608452	-1420
11.8092999458	-1420
11.8093028069	-1264
11.8099808693	-1420
11.8099839687	-1316
11.8102169037	-1420
11.8102209568	-1316
11.8106780052	-1420
11.8106818199	-1316
11.8108108044	-1420
11.8108139038	-1420
11.8108158112	-1264
11.8161029816	-1420
11.816108942	-1420
11.8161108494	-1264
11.8168377876	-1420
11.816849947	-1420
11.8168518543	-1264
11.8173668385	-1368
11.8181028366	-1420
11.818114996	-1420
11.8181159496	-1264
11.8186118603	-1420
11.8186159134	-1316
11.8186168671	-1368
11.8196399212	543
11.8198199272	543
11.820114851	543
11.8203539848	543
11.8261339664	-1368
11.8263399601	543
11.8264019489	-1420
11.82640481	-1420
11.826406002	-1264
11.8264780045	-1420
11.8264789581	-1316
11.8271298409	-1420
11.8271617889	-1420
11.8271648884	-1264
11.8272688389	-1420
11.827272892	-1316
11.8273849487	-1420
11.8273878098	-1420
11.8274259567	-1264
11.8275008202	-1420
11.8275380135	-1420
11.8275408745	-1264
11.827575922	-1368
11.8338048458	-1368
11.8380208015	-188
11.8747367859	-1368
11.9149019718	-1420
11.9149179459	-1420
11.9149839878	-1264
11.9151008129	543
11.9181218147	-1420
11.9181308746	-1316
11.9200868607	-1420
11.9201059341	-1316
11.9201619625	-1368
11.9206998348	-1420
11.9207208157	-1316
11.9208858013	-1420
11.920924902	-1420
11.9209280014	-1264
11.9222018719	-1420
11.9222078323	-1420
11.9222350121	-1264
11.9241039753	543
11.9263989925	543
11.9298968315	-1420
11.9299139977	-1420
11.9299709797	-1264
11.9386439323	-1420
11.9386878014	-1420
11.9386918545	-1264
11.9494547844	-325
11.9496657848	543
11.9590837955	-1368
11.959239006	543
11.959291935	-1420
11.9592938423	-1316
11.9595928192	-1420
11.959597826	-1420
11.9596378803	-1264
11.9598479271	-1420
11.9598879814	-1420
11.9598908424	-1264
11.959980011	-1420
11.9599819183	-1420
11.9600179195	-1264
11.9600207806	-1368
11.9672019482	-1420
11.9672157764	-1420
11.9672648907	-1264
11.9688208103	543
11.9764409065	-1420
11.9764509201	-1420
11.9765379429	-1264
11.9765408039	-1420
11.9765818119	-1420
11.9765839577	-1264
11.9768309593	-1420
11.9768338203	-1420
11.9768710136	-1264
11.976982832	-1420
11.9770219326	-1420
11.97702384	-1264
11.9771308899	-1420
11.9771428108	-1316
11.9772229195	-1420
11.9772257805	-1420
11.977260828	-1264
11.9773190022	-1420
11.9773378372	-1420
11.9773488045	-1420
11.9773638248	-1212
11.977463007	-1420
11.9774999619	-1420
11.9775028229	-1264
11.9776418209	-1420
11.9776449203	-1316
11.9777269363	-1420
11.9777288437	-1420
11.9777638912	-1264
11.9777669907	-1368
11.9778859615	-1368
11.978001833	-1420
11.9780049324	-1420
11.9780068398	-1264
11.9780929089	-1368
11.9781959057	-1368
11.9825189114	543
11.9827489853	543
11.9829418659	543
11.9849507809	-1420
11.9849569798	-1420
11.9850039482	-1264
11.9973349571	-1420
11.9974088669	-1420
11.99741292	-1264
11.998349905	-1420
11.9983668327	-1316
11.9998569489	-1420
11.9998757839	-1316
12.0003459454	-1420
12.0003488064	-1316
12.0010719299	-1420
12.0010838509	-1420
12.0011198521	-1264
12.0013468266	-1420
12.0013668537	-1420
12.0013768673	-1264
12.0024499893	-1420
12.0024528503	-1420
12.0025269985	-1264
12.0025298595	-1420
12.0025680065	-1420
12.0025708675	-1264
12.0026488304	-1420
12.0026519299	-1316
12.0027189255	-1420
12.0027217865	-1316
12.0027759075	-1420
12.002779007	-1316
12.0030789375	-1420
12.0030829906	-1420
12.003084898	-1264
12.0030868053	-1368
12.0033268929	-1420
12.0033318996	-1420
12.0033328533	-1264
12.0034439564	-1420
12.0034480095	-1316
12.0035648346	-1368
12.0036759377	543
12.0038290024	543
12.0038650036	-1420
12.0038678646	-1420
12.0038678646	-1264
12.0040729046	543
12.0041079521	-1420
12.0041108131	-1420
12.0041577816	-1264
12.0042657852	-1420
12.0043048859	-1420
12.0043067932	-1264
12.0043418407	-1368
12.0044019222	-1420
12.0044047832	-1316
12.0044469833	-1420
12.0044529438	-1316
12.0045487881	-1368
12.0050389767	-1368
12.0051419735	-1420
12.0051448345	-1420
12.0051469803	-1420
12.005147934	-1212
12.0051789284	-1368
12.0061438084	-1420
12.0061478615	-1420
12.0061488152	-1264
12.0061500072	-1368
12.009324789	-1420
12.0093297958	-1316
12.0094637871	-1420
12.0094668865	-1316
12.0094678402	-1420
12.009469986	-1316
12.009996891	-1420
12.0100009441	-1420
12.0100028515	-1264
12.0129768848	-1420
12.012983799	-1420
12.0129859447	-1420
12.0129868984	-1420
12.0129888058	-1160
12.0132498741	543
12.0133898258	543
12.0135908127	543
12.0286309719	-1368
12.037517786	-1368
12.0511529446	-1368
12.0513927937	543
12.0514538288	-1420
12.0514569283	-1420
12.0514578819	-1264
12.0515568256	-1420
12.0515577793	-1420
12.0515589714	-1264
12.0515608788	-1368
12.0516169071	-1368
12.0516808033	-1368
12.0517737865	-1420
12.05179286	-1420
12.0517950058	-1420
12.0518198013	-1212
12.0519797802	543
12.0520329475	-1420
12.0520348549	-1420
12.0520358086	-1264
12.0600349903	-1420
12.0600838661	-1420
12.0600869656	-1264
12.0608649254	-137
12.0666208267	543
12.1007249355	-1420
12.1007509232	-1420
12.1008059978	-1264
12.1008088589	-1420
12.1008429527	-1316
12.101295948	-1420
12.1013429165	-1420
12.1013457775	-1264
12.1013889313	-1368
12.1025078297	-1420
12.1025559902	-1420
12.1025588512	-1420
12.1025907993	-1420
12.1025938988	-1160
12.1026358604	-1368
12.1033768654	543
12.1090459824	-1420
12.1090538502	-1420
12.1090958118	-1264
12.1232578754	543
12.1611118317	-1420
12.1611299515	-1420
12.1611838341	-1264
12.1613588333	-1368
12.1616668701	-1420
12.1616709232	-1316
12.1619589329	-1420
12.161962986	-1420
12.1619989872	-1264
12.1620018482	-1368
12.1620659828	-1420
12.1620769501	-1316
12.1625440121	-1420
12.1625509262	-1316
12.1626038551	-1368
12.1670148373	543
12.1672289371	543
12.169811964	-1420
12.1698179245	-1420
12.1698589325	-1264
12.1725459099	-763
12.1799008846	-1420
12.179915905	-1420
12.1799778938	-1264
12.1799809933	-1420
12.180054903	-1316
12.180066824	-1368
12.1801028252	-1420
12.1801049709	-1420
12.1801378727	-1264
12.1801409721	-1368
12.1803708076	-1420
12.1803748608	-1420
12.1804118156	-1420
12.1804149151	-1212
12.1804568768	-1368
12.1804587841	-1420
12.1804947853	-1420
12.1805078983	-1264
12.1808359623	543
12.1817419529	-1420
12.1817469597	-1316
12.1817979813	-1368
12.1908588409	-1368
12.1911098957	-1420
12.1911139488	-1420
12.1911628246	-1264
12.1914479733	-1420
12.1915159225	-1420
12.1915178299	-1264
12.1915979385	-1420
12.1916007996	-1420
12.1916348934	-1264
12.1916379929	-1420
12.1916978359	-1420
12.1916999817	-1264
12.1917359829	-1420
12.1917378902	-1316
12.1917738914	-1420
12.1917769909	-1316
12.1918108463	-1368
12.1918668747	-1420
12.1919019222	-1420
12.1919038296	-1264
12.1919388771	-1420
12.1919407845	-1316
12.1920249462	-1420
12.1920278072	-1420
12.1920797825	-1264
12.1920828819	-1420
12.1921179295	-1420
12.1921207905	-1264
12.1922547817	-1420
12.1922578812	-1420
12.1922588348	-1264
12.1924009323	-1368
12.1924037933	-1420
12.1924059391	-1420
12.1924068928	-1264
12.1966159344	-1368
12.1966209412	-1420
12.1966238022	-1420
12.1966249943	-1264
12.196625948	-1420
12.1966269016	-1316
12.1967279911	-1420
12.1967308521	-1316
12.1968948841	-1420
12.1968967915	-1420
12.1968979836	-1264
12.1970489025	543
12.1971898079	-1420
12.1971929073	-1420
12.1971948147	-1264
12.1971960068	-1368
12.1973209381	-1420
12.1973237991	-1316
12.1973519325	543
12.197606802	543
12.1979179382	543
12.1981048584	543
12.1996259689	-1420
12.1996319294	-1420
12.1996719837	-1264
12.1997308731	-1420
12.199767828	-1420
12.1997709274	-1420
12.1998047829	-1212
12.2232568264	543
12.236964941	-1368
12.2379238605	-1420
12.2379729748	-1316
12.2382009029	-1420
12.2382428646	-1420
12.2382459641	-1264
12.2386939526	-1420
12.2386980057	-1316
12.2389857769	-1368
12.2389888763	-1420
12.2390258312	-1420
12.2390289307	-1264
12.2391829491	-1420
12.2391858101	-1316
12.2401928902	-1420
12.2401959896	-1316
12.2402429581	-1420
12.2402458191	-1316
12.2402889729	-1368
12.2433168888	543
12.2435379028	543
12.243885994	-1420
12.2438910007	-1420
12.2439329624	-1264
12.2439348698	-1368
12.2442808151	-1368
12.2444498539	-1420
12.2444829941	-1316
12.2448039055	-1420
12.2448239326	-1316
12.2449789047	-1420
12.2449979782	-1316
12.2451679707	-1420
12.2451868057	-1316
12.2452869415	-1420
12.2453248501	-1420
12.2453279495	-1264
12.2453789711	-1420
12.2453808784	-1316
12.2466309071	-1420
12.2466368675	-1420
12.2466619015	-1264
12.2528758049	543
12.2530548573	543
12.2533249855	543
12.2842738628	-729
12.2859199047	-1420
12.2859699726	-1316
12.2884669304	-1420
12.2885079384	-1420
12.2885107994	-1264
12.2896838188	-1420
12.2896878719	-1420
12.2897279263	-1264
12.2941949368	-1420
12.2942578793	-1420
12.2942609787	-1264
12.2946310043	-1368
12.2953619957	-1420
12.2954030037	-1316
12.2955868244	-1420
12.295634985	-1316
12.295637846	-1368
12.2992808819	-1368
12.3654339314	-1420
12.3654518127	-1420
12.3655068874	-1264
12.3656148911	543
12.3657689095	-1420
12.3657739162	-1316
12.365901947	543
12.3660428524	-1368
12.3666059971	-1420
12.3666498661	-1420
12.3666529655	-1264
12.3670527935	-1420
12.3670568466	-1420
12.3670938015	-1264
12.3670969009	-1420
12.3671438694	-1420
12.3671457767	-1264
12.3690438271	-1420
12.3690469265	-1420
12.3690838814	-1264
12.3691399097	-1368
12.3693947792	-1420
12.3693978786	-1420
12.3694338799	-1264
12.3698718548	-1420
12.3698899746	-1420
12.3698928356	-1264
12.3709359169	-1420
12.37093997	-1420
12.3709759712	-1264
12.371544838	543
12.3719859123	-1420
12.3719918728	-1420
12.3720328808	-1264
12.3727169037	-1420
12.3727610111	-1316
12.37327981	-1420
12.3733198643	-1316
12.3734669685	-1368
12.3738188744	-1420
12.3738238811	-1316
12.3740198612	-1420
12.3740229607	-1420
12.3740439415	-1264
12.374532938	-1420
12.3745708466	-1316
12.3750789165	-1420
12.3751168251	-1420
12.3751189709	-1264
12.3751659393	-1368
12.3751678467	-1368
12.3758099079	-1420
12.3758130074	-1420
12.3758308887	-1264
12.3758327961	-1368
12.3763418198	-1420
12.3763458729	-1420
12.3763809204	-1264
12.3773298264	-1420
12.3773498535	-1316
12.3776538372	-1420
12.3776907921	-1420
12.3776929379	-1264
12.3778209686	-1420
12.3778247833	-1316
12.3779239655	-1420
12.3779268265	-1316
12.3780198097	-1420
12.3780238628	-1316
12.3781387806	543
12.3782339096	543
12.378485918	543
12.378923893	-1368
12.3791439533	-1420
12.3791849613	-1420
12.3791878223	-1264
12.3799569607	-1420
12.3799598217	-1420
12.3800017834	-1264
12.3800048828	-1420
12.380040884	-1420
12.3800427914	-1264
12.3802838326	-1420
12.380286932	-1420
12.3803248405	-1264
12.3807258606	-1420
12.3807649612	-1420
12.3807668686	-1264
12.3811509609	-1420
12.3811538219	-1420
12.3811919689	-1264
12.3814299107	-1420
12.3814809322	-1420
12.3814828396	-1264
12.382008791	-1420
12.3820118904	-1420
12.3820488453	-1264
12.3821148872	-1420
12.3821527958	-1420
12.3821578026	-1264
12.3827478886	543
12.3827857971	-1368
12.382833004	543
12.3830239773	-1420
12.3830268383	-1316
12.3830468655	-1368
12.38316679	543
12.3840048313	-1420
12.3840098381	-1420
12.3840668201	-1264
12.3840689659	-1368
12.3841218948	-1420
12.3841249943	-1316
12.384775877	-1420
12.3847978115	-1420
12.3848369122	-1264
12.3848400116	-1368
12.384873867	-1368
12.385794878	-1420
12.3858218193	-1316
12.3858687878	-1368
12.3958859444	-1325
12.4075679779	-1420
12.4076178074	-1316
12.4287648201	-1420
12.4288289547	-1420
12.4288339615	-1264
12.4290289879	-1368
12.4291028976	-1368
12.4291508198	-1420
12.4291539192	-1316
12.4292869568	-1420
12.4292910099	-1316
12.429309845	-1368
12.4295589924	-1420
12.4295969009	-1316
12.4295988083	-1368
12.4297258854	-1368
12.4304568768	1057
12.4306240082	543
12.437568903	-1420
12.4375839233	-1316
12.4613659382	-1368
12.4615159035	-1420
12.461575985	-1316
12.461856842	-1420
12.46189785	-1420
12.4619009495	-1264
12.4620258808	543
12.4626967907	-1420
12.4627029896	-1420
12.4627318382	-1264
12.4632618427	-1368
12.4651558399	-1420
12.4651639462	-1316
12.4693908691	-1420
12.4693958759	-1420
12.4694368839	-1264
12.4701008797	-1420
12.4701528549	-1316
12.4701550007	-1368
12.4750649929	-1420
12.4750778675	-1316
12.4751188755	-1420
12.4751207829	-1316
12.4753777981	-1420
12.4753808975	-1420
12.4754087925	-1264
12.4757637978	-1420
12.4758009911	-1316
12.475894928	-1368
12.4762148857	-1420
12.4762179852	-1420
12.4762539864	-1264
12.4765257835	-1420
12.4765729904	-1316
12.4765748978	-1368
12.4838168621	-1420
12.483828783	-1420
12.4838788509	-1264
12.4841248989	543
12.4842698574	543
12.4940309525	-1420
12.4940559864	-1420
12.494109869	-1420
12.4941148758	-1212
12.5016129017	-1368
12.5017318726	543
12.5029678345	-1368
12.5072197914	-39
12.5128779411	1057
12.541520834	-1420
12.5415468216	-1420
12.5416018963	-1264
12.5416049957	-1420
12.5416388512	-1316
12.5418789387	-1420
12.5419318676	-1420
12.541934967	-1264
12.5419809818	-1420
12.5419828892	-1316
12.5423569679	-1368
12.5430607796	-1420
12.5431029797	-1420
12.5431058407	-1264
12.5434398651	-1420
12.5434429646	-1420
12.5434799194	-1264
12.5498318672	-1420
12.5498600006	-1316
12.5499908924	-1420
12.5500519276	-1316
12.5500547886	-1368
12.5500938892	-1420
12.5501408577	-1420
12.5501768589	-1264
12.5501799583	-1420
12.5502269268	-1316
12.5503439903	543
12.5503988266	-1420
12.550401926	-1420
12.550401926	-1264
12.5504028797	-1368
12.5504038334	-1368
12.5505738258	543
12.5589299202	-1420
12.5589449406	-1420
12.5589978695	-1264
12.5598139763	-1420
12.5598599911	-1316
12.5599827766	-1368
12.5635538101	-1420
12.5635697842	-1420
12.5636329651	-1264
12.5636367798	-1420
12.5636548996	-1420
12.5636568069	-1264
12.5638678074	543
12.5639219284	-1420
12.5639238358	-1420
12.5639247894	-1264
12.5651669502	-1420
12.5652298927	-1420
12.5652987957	-1264
12.5653488636	-1368
12.565351963	-1420
12.5653858185	-1420
12.5653879642	-1264
12.5654518604	-1420
12.5654540062	-1316
12.5655019283	-1420
12.5655038357	-1420
12.5655369759	-1264
12.56605196	-1420
12.5660939217	-1420
12.566095829	-1264
12.5661988258	-1368
12.5662457943	1057
12.5670537949	-1420
12.5670588017	-1420
12.5670979023	-1264
12.5671010017	-1368
12.568297863	-1420
12.5683028698	-1420
12.5683429241	-1264
12.5683448315	-1368
12.5683808327	-1420
12.5683829784	-1420
12.5684177876	-1264
12.5684199333	-1368
12.5886349678	-1420
12.5886619091	-1420
12.5886979103	-1264
12.5890028477	-1420
12.5890438557	-1420
12.5890469551	-1264
12.5893549919	-1420
12.5893588066	-1420
12.5893988609	-1264
12.5894629955	543
12.5898628235	-1420
12.5898678303	-1316
12.5899338722	-1368
12.5905489922	-1420
12.5905909538	-1420
12.5905938148	-1264
12.5962657928	-1420
12.5962719917	-1420
12.5963149071	-1264
12.5968799591	-1420
12.5969228745	-1316
12.6072587967	-1368
12.6073198318	-1420
12.607323885	-1316
12.6076118946	-1420
12.6076159477	-1316
12.6078138351	-1420
12.6078169346	-1316
12.6078369617	-1368
12.6078388691	-1368
12.6079468727	-1420
12.6079499722	-1420
12.6079859734	-1264
12.6079878807	-1368
12.6128349304	543
12.6129949093	543
12.6160318851	-1420
12.6160387993	-1420
12.6160919666	-1264
12.6186878681	-813
12.6361877918	-1420
12.6362018585	-1420
12.6362969875	-1264
12.6363089085	-1420
12.636346817	-1420
12.6363499165	-1264
12.6365129948	543
12.6367177963	-1420
12.6367208958	-1316
12.6368567944	-1368
12.6371018887	-1420
12.6371510029	-1420
12.6371538639	-1264
12.6372189522	-1420
12.6372208595	-1316
12.637349844	-1368
12.6445798874	-1420
12.6446068287	-1420
12.6446099281	-1264
12.6609749794	-1420
12.6609828472	-1420
12.6610298157	-1264
12.663410902	-1368
12.6635408401	543
12.663738966	-1420
12.6637427807	-1316
12.6639080048	-1420
12.6639118195	-1316
12.6640269756	543
12.6640639305	-1368
12.6641469002	-1420
12.6641879082	-1316
12.664192915	-1368
12.664359808	-1368
12.6644308567	-1420
12.6644718647	-1316
12.6645178795	-1420
12.6645359993	-1420
12.6645379066	-1264
12.6801578999	-1420
12.6801738739	-1420
12.6802318096	-1420
12.6802358627	-1420
12.6802709103	-1160
12.6803679466	-1420
12.6804249287	-1420
12.6804308891	-1420
12.6804687977	-1212
12.6804709435	-1420
12.680521965	-1316
12.6805238724	-1420
12.6805579662	-1316
12.6807329655	-1420
12.680782795	-1420
12.6807858944	-1420
12.6808199883	-1212
12.6809267998	-1420
12.6809659004	-1316
12.6810557842	543
12.6855268478	-1368
12.6857299805	-1420
12.685781002	-1316
12.6964128017	543
12.7095367908	-1368
12.7105629444	-1368
12.7198619843	-1368
12.7199909687	1057
12.7202270031	-1420
12.7202329636	-1316
12.7204418182	-1420
12.720446825	-1316
12.7205348015	-1420
12.7205379009	-1316
12.720717907	-1420
12.7207219601	-1420
12.7207598686	-1264
12.7208118439	-1420
12.7208328247	-1316
12.7208349705	-1368
12.7287349701	-1420
12.7287578583	-1420
12.7288079262	-1264
12.7288107872	-1368
12.7303848267	-543
12.7630968094	-1420
12.7631649971	-1420
12.7631700039	-1264
12.7633528709	-1368
12.7634518147	543
12.7637348175	-1420
12.7637398243	-1420
12.7637798786	-1264
12.763999939	-1420
12.7640428543	-1420
12.7640459538	-1264
12.764081955	-1368
12.7642309666	-1368
12.7645499706	-1420
12.7645549774	-1316
12.7713029385	-1420
12.7713108063	-1420
12.7713558674	-1264
12.7865428925	-1368
12.7870969772	-1420
12.7871038914	-1316
12.7872638702	-1368
12.787416935	-1420
12.7874598503	-1420
12.7874619961	-1264
12.7875618935	1057
12.7877209187	-1420
12.787722826	-1316
12.7877619267	-1368
12.7878639698	-1420
12.7879118919	-1420
12.7879149914	-1264
12.7879478931	-1368
12.7880208492	-1420
12.7880678177	-1316
12.7881770134	-1420
12.7881789207	-1420
12.7881798744	-1264
12.788244009	-1420
12.7882459164	-1420
12.7882459164	-1420
12.7882928848	-1212
12.7883729935	-1420
12.7883749008	-1316
12.7885568142	-1420
12.7885599136	-1316
12.7886219025	-1420
12.7886269093	-1420
12.788643837	-1264
12.78875494	-1368
12.7887749672	-1420
12.7887768745	-1316
12.7887918949	-1368
12.7889049053	-1368
12.7891099453	-1420
12.7891128063	-1316
12.7893769741	543
12.7952668667	-1420
12.7952818871	-1420
12.7953147888	-1264
12.804104805	-1420
12.8041639328	-1316
12.8102359772	-1420
12.8103129864	-1420
12.8103168011	-1264
12.8103640079	-1368
12.8110539913	-1420
12.8110949993	-1420
12.8110978603	-1264
12.8118999004	-1420
12.8119039536	-1420
12.8119399548	-1264
12.8121809959	-1420
12.812199831	-1420
12.8122019768	-1264
12.8131709099	-1368
12.8149499893	1057
12.8211708069	-1420
12.8211770058	-1316
12.8394198418	-1368
12.8395178318	-1420
12.8395688534	-1316
12.8400328159	-1420
12.8400809765	-1420
12.8400838375	-1264
12.8405869007	-1420
12.8405900002	-1420
12.8406288624	-1264
12.840887785	-1368
12.8413558006	-1420
12.8413589001	-1420
12.8413958549	-1264
12.8416669369	-1420
12.8417057991	-1420
12.8417079449	-1264
12.8418719769	-69
12.8494927883	-1420
12.8495388031	-1420
12.8495419025	-1264
12.8497560024	-1420
12.8497588634	-1420
12.8498117924	-1264
12.849822998	-1368
12.8498928547	-1420
12.8498959541	-1420
12.8499310017	-1264
12.8499908447	-1420
12.8500189781	-1420
12.8500208855	-1264
12.8501780033	-1420
12.8501808643	-1316
12.8502697945	-1420
12.8502728939	-1420
12.8502738476	-1264
12.8503689766	-1420
12.8503718376	-1420
12.8503727913	-1264
12.8507549763	-1420
12.8507578373	-1420
12.8507599831	-1264
12.8508718014	-1420
12.8508939743	-1420
12.8508958817	-1264
12.8508968353	-1368
12.8510138988	-1420
12.8510169983	-1316
12.8510758877	-1420
12.8510789871	-1316
12.8511819839	-1420
12.851184845	-1316
12.8512167931	-1368
12.8513059616	543
12.8513410091	-1420
12.8513438702	-1316
12.8514239788	-1420
12.8514268398	-1420
12.8514277935	-1264
12.8514549732	-1368
12.8515307903	-1368
12.8517417908	1057
12.8520100117	543
12.8588888645	-1368
12.8790659904	-1368
12.9060759544	-1368
12.9062509537	1057
12.9063079357	-1420
12.9067800045	-1420
12.9068539143	-1264
12.9068598747	-1420
12.9068977833	-1420
12.906899929	-1264
12.9069428444	-1368
12.9069459438	-1368
12.9069888592	-1368
12.9075388908	-1420
12.9076077938	-1316
12.9076108932	-1368
12.9076468945	-1368
12.9085838795	-1420
12.9086248875	-1420
12.9086279869	-1264
12.9454779625	-1368
12.945846796	-1420
12.9459159374	-1316
12.9461429119	-1420
12.9461939335	-1420
12.9461958408	-1264
12.9463098049	543
12.9465579987	-1368
12.9470608234	-1368
12.94708395	-1368
12.947565794	-1420
12.9476048946	-1420
12.947606802	-1264
12.9478719234	-1368
12.9478738308	-1420
12.9479107857	-1316
12.9481568336	-1420
12.9481937885	-1420
12.9481959343	-1264
12.9482598305	-1368
12.9487359524	-1420
12.9487738609	-1420
12.9487760067	-1264
12.9533147812	-103
12.9534008503	543
12.9878878593	-1368
12.9879508018	-1420
12.9879889488	-1420
12.9879918098	-1264
12.9880897999	-1420
12.9880928993	-1420
12.9881298542	-1420
12.988132	-1212
12.9882159233	-1420
12.9882187843	-1420
12.9882459641	-1264
12.9883790016	-1420
12.9884178638	-1316
12.9884588718	543
12.9965949059	-1420
12.9966099262	-1420
12.9966638088	-1264
13.0092878342	-1420
13.0093519688	-1420
13.0093557835	-1264
13.009665966	-1368
13.0103268623	-1420
13.0103619099	-1316
13.0106079578	-1420
13.0106458664	-1420
13.0106480122	-1264
13.0107448101	-1420
13.0107479095	-1420
13.0107719898	-1420
13.0107738972	-1420
13.0107967854	-1420
13.0107989311	-1108
13.0110309124	543
13.0139679909	-1420
13.0139799118	-1420
13.0140140057	-1264
13.014015913	-1368
13.0181179047	-1420
13.0181229115	-1316
13.0337638855	-1368
13.0338997841	543
13.0346708298	-1420
13.0346848965	-1420
13.0347378254	-1264
13.0347409248	-1368
13.0348598957	543
13.0349159241	-1420
13.0349178314	-1420
13.0349810123	-1420
13.0349838734	-1212
13.0350458622	-1420
13.035048008	-1316
13.0352098942	-1420
13.0352268219	-1420
13.0352649689	-1420
13.0352668762	-1212
13.0355877876	-1420
13.0355927944	-1420
13.0356318951	-1264
13.0356349945	-1420
13.0356798172	-1420
13.035681963	-1264
13.0357170105	-1420
13.0357198715	-1316
13.0357728004	-1420
13.0357749462	-1420
13.0358099937	-1420
13.0358119011	-1212
13.0359199047	-1420
13.0359230042	-1420
13.0359408855	-1264
13.0359427929	-1420
13.0359578133	-1316
13.0360248089	-1420
13.0360457897	-1316
13.0361487865	543
13.0368778706	543
13.0426449776	-1420
13.0426578522	-1316
13.0426998138	-1368
13.0654418468	-419
13.0748198032	-1420
13.0748279095	-1420
13.0748918056	-1420
13.0748949051	-1420
13.0749328136	-1160
13.0749349594	-1368
13.0751218796	-1368
13.0753087997	-1420
13.0753829479	-1420
13.0753848553	-1420
13.0754299164	-1212
13.0754318237	-1420
13.0754749775	-1420
13.0754768848	-1420
13.0755288601	-1212
13.0755310059	-1368
13.0755839348	-1368
13.0755867958	-1368
13.0758488178	543
13.0759890079	543
13.0800738335	-1420
13.0800797939	-1420
13.0801308155	-1264
13.0801339149	-1368
13.0802278519	-1368
13.0802907944	-1420
13.0803108215	-1316
13.0803718567	-1420
13.0804078579	-1420
13.0804100037	-1264
13.0805828571	-1420
13.0805869102	-1316
13.0806698799	-1420
13.0806717873	-1420
13.0807077885	-1264
13.0807299614	543
13.0807778835	-1420
13.0807797909	-1316
13.0808107853	-1368
13.0832288265	-1420
13.0832538605	-1316
13.0834369659	-1368
13.1212739944	-1368
13.1212899685	-1420
13.1213347912	-1420
13.121336937	-1264
13.1214518547	-1420
13.1214549541	-1316
13.1215639114	-1368
13.1216919422	-1420
13.1217308044	-1316
13.121794939	543
13.121970892	543
13.1220059395	-1420
13.1220078468	-1420
13.1220088005	-1420
13.1220088005	-1212
13.1220769882	-1368
13.1223909855	-1368
13.1255028248	-1420
13.1255087852	-1420
13.1255497932	-1264
13.1260519028	-1368
13.1268558502	-1420
13.126860857	-1420
13.1269259453	-1420
13.1269278526	-1212
13.1269729137	-1420
13.1269748211	-1316
13.1270668507	-1420
13.1270689964	-1420
13.1270699501	-1420
13.1270709038	-1212
13.1271629333	-1420
13.1271648407	-1420
13.1271858215	-1264
13.1271879673	-1420
13.1272039413	-1316
13.1272909641	543
13.1303298473	-1420
13.1303348541	-1316
13.1303908825	-1368
13.172413826	-1420
13.1724197865	-1420
13.1724619865	-1420
13.1724648476	-1212
13.1725728512	-1420
13.1725850105	-1420
13.1726307869	-1264
13.1727728844	-1420
13.1728429794	-1420
13.1728458405	-1264
13.1728827953	-1420
13.172896862	-1316
13.1729409695	-1368
13.1729438305	-1368
13.1729969978	-1368
13.1733818054	-1420
13.1734240055	-1420
13.1734268665	-1264
13.17552495	543
13.175650835	543
13.1772758961	-649
13.2040917873	-1420
13.2041749954	-1420
13.2041800022	-1264
13.2042198181	-1368
13.2042229176	-1420
13.2042589188	-1316
13.2043600082	-1420
13.2043979168	-1316
13.20459795	-1420
13.2046468258	-1316
13.2047569752	543
13.2047929764	-1420
13.2047958374	-1420
13.2047958374	-1264
13.2047967911	-1420
13.2047979832	-1420
13.2047989368	-1264
13.2048609257	-1368
13.2049570084	-1368
13.2128989697	-1420
13.2129077911	-1420
13.2129499912	-1264
13.2198917866	-1420
13.2199568748	-1316
13.2200608253	-1420
13.2200918198	-1420
13.2200949192	-1264
13.2201118469	-1368
13.2201797962	543
13.2202188969	-1420
13.2202219963	-1420
13.2202219963	-1264
13.2203519344	543
13.2205708027	-1420
13.2205748558	-1420
13.2206149101	-1264
13.2210578918	-1420
13.2210979462	-1316
13.2211577892	-1368
13.2217268944	-1420
13.2217309475	-1420
13.2217698097	-1264
13.2220048904	-1420
13.2220468521	-1420
13.2220499516	-1264
13.2240879536	-1420
13.2240929604	-1420
13.2241327763	-1264
13.2241988182	543
13.2247958183	-1420
13.2248008251	-1420
13.2248389721	-1264
13.2253398895	-1368
13.22574687	-1420
13.2257509232	-1316
13.2260007858	-1368
13.2262217999	-1420
13.2262449265	-1316
13.2276418209	-1420
13.2276837826	-1420
13.227686882	-1264
13.2802538872	-1368
13.2880458832	-1368
13.2881147861	-1420
13.288120985	-1316
13.2882859707	543
13.2887439728	-1420
13.2887489796	-1420
13.2887988091	-1264
13.2888469696	543
13.2889637947	-18
13.2894349098	-1420
13.2894768715	-1420
13.2894799709	-1264
13.2900168896	-1420
13.2900209427	-1316
13.2900409698	-1368
13.2901477814	-1420
13.2901878357	-1316
13.2907269001	-1368
13.2961139679	-1420
13.2961277962	-1420
13.2961769104	-1264
13.3003637791	-1420
13.3004047871	-1420
13.3004078865	-1264
13.3022258282	-1368
13.30296278	-1420
13.3030118942	-1420
13.3030149937	-1264
13.3033418655	-1368
13.3035218716	-1368
13.3035888672	543
13.3036549091	-1420
13.3036568165	-1420
13.3036580086	-1264
13.3045508862	-1420
13.3045918941	-1420
13.3045949936	-1264
13.305398941	-1420
13.3054039478	-1420
13.3054418564	-1264
13.3057618141	-1368
13.3059549332	-1420
13.3059577942	-1316
13.3128278255	-1420
13.3128409386	-1316
13.3133928776	543
13.3279929161	-1420
13.3280088902	-1420
13.3280649185	-1264
13.3282690048	-1420
13.3283128738	-1316
13.3283789158	543
13.3284409046	-1420
13.3284440041	-1316
13.3284440041	-1420
13.3284449577	-1316
13.3285839558	-1420
13.3285880089	-1316
13.3286869526	-1420
13.3286888599	-1420
13.3287279606	-1264
13.3287658691	543
13.3369159698	-1420
13.3369297981	-1420
13.3369839191	-1264
13.3493759632	-1420
13.3494288921	-1420
13.3494319916	-1264
13.3496580124	-1420
13.3496627808	-1316
13.3497748375	543
13.3499939442	-1368
13.350276947	-1420
13.3503170013	-1420
13.3503198624	-1264
13.3505828381	-1420
13.3505878448	-1316
13.3507549763	-1420
13.350758791	-1316
13.3508908749	-1420
13.350894928	-1316
13.3629078865	-1420
13.3629188538	-1420
13.3629658222	-1264
13.3634049892	1460
13.3634560108	625
13.3741459846	-1368
13.3743457794	-1420
13.3744208813	-1316
13.3744239807	-1368
13.3746318817	-1420
13.3746337891	-1316
13.3746349812	-1420
13.3746359348	-1420
13.3746359348	-1264
13.3748028278	1057
13.3790419102	-1420
13.3790488243	-1420
13.3791208267	-1264
13.3791239262	-1420
13.3791699409	-1420
13.379172802	-1264
13.3797249794	-1420
13.3797299862	-1420
13.3797698021	-1264
13.3803498745	-1420
13.3803939819	-1420
13.380396843	-1264
13.3807089329	-1368
13.381030798	-1420
13.381071806	-1420
13.3810749054	-1264
13.3813929558	-1420
13.3813958168	-1316
13.3818218708	-1420
13.3818249702	-1420
13.3818609715	-1264
13.3822698593	-1420
13.3823080063	-1420
13.3823108673	-1264
13.3824319839	-1420
13.382434845	-1420
13.3824698925	-1264
13.3824717999	-1368
13.3829729557	-1420
13.3829779625	-1316
13.3830728531	-1368
13.3832058907	543
13.400551796	-38
13.4006979465	543
13.4199140072	-1420
13.4199798107	-1420
13.420044899	-1420
13.4200568199	-1212
13.4201087952	-1420
13.4201109409	-1420
13.4201648235	-1264
13.4201669693	-1420
13.4202218056	-1420
13.4202239513	-1264
13.4202589989	-1368
13.4202609062	-1420
13.4203009605	-1420
13.4203028679	-1420
13.4203369617	-1212
13.4208269119	543
13.4280428886	-1420
13.4280529022	-1420
13.4281029701	-1264
13.4663047791	-1420
13.4663648605	-1420
13.4663689137	-1264
13.466604948	-1420
13.4666090012	-1420
13.4666509628	-1264
13.4667589664	-1420
13.4667959213	-1420
13.4667987823	-1264
13.4669468403	543
13.4670379162	-1420
13.4670498371	-1420
13.4671049118	-1264
13.4671099186	-1420
13.4671559334	-1420
13.467165947	-1264
13.4756968021	-1420
13.4757080078	-1316
13.475758791	-1368
13.484194994	-1420
13.4842948914	-1420
13.4842989445	-1264
13.4843888283	-1420
13.4843919277	-1420
13.4844269753	-1420
13.4844298363	-1212
13.4844799042	-1420
13.4844818115	-1420
13.4845178127	-1264
13.48452878	-1420
13.4845638275	-1316
13.4845659733	-1420
13.4845979214	-1316
13.4847428799	543
13.4848389626	-1420
13.4848508835	-1420
13.4849009514	-1264
13.4849069118	-1368
13.4850068092	543
13.4936258793	-1420
13.4936478138	-1420
13.4936819077	-1264
13.5114748478	-1368
13.5117058754	-1368
13.5118699074	-1420
13.5119009018	-1420
13.5119028091	-1264
13.5121319294	-1420
13.5121347904	-1420
13.5121707916	-942
13.5124719143	-1420
13.5125219822	-1316
13.5125238895	-1420
13.5125799179	-1316
13.5126619339	-1420
13.512706995	-1420
13.5127089024	-1264
13.5127968788	-1420
13.5127999783	-1420
13.5128388405	-1420
13.5128409863	-1212
13.5128819942	-1420
13.5128848553	-1420
13.5129199028	-1264
13.5129308701	-1420
13.5129659176	-1420
13.5129678249	-1264
13.5131947994	-1420
13.5131988525	-1316
13.5132279396	-1368
13.5134708881	-1420
13.5134739876	-1420
13.5134749413	-1264
13.5137808323	-1420
13.5137839317	-1420
13.5137858391	-1264
13.5154278278	543
13.5156848431	543
13.5157649517	543
13.5204958916	-1420
13.5205059052	-1420
13.5205738544	-1264
13.5205769539	-1368
13.5246999264	-1420
13.5247168541	-1420
13.5247528553	-1264
13.5251119137	-1420
13.5251529217	-1420
13.5251917839	-1264
13.5252418518	-1420
13.5252439976	-1316
13.5252799988	-1368
13.5252828598	-1420
13.525316	-1316
13.5254399776	543
13.5254797935	-1368
13.5257987976	-1420
13.5258219242	-1316
13.5338490009	-1420
13.5339119434	-1420
13.5339159966	-1264
13.5533258915	-1420
13.5533390045	-1420
13.5533897877	-1420
13.5533928871	-1212
13.5578680038	-1420
13.5578839779	-1316
13.5580527782	543
13.5621159077	-1420
13.5621209145	-1316
13.5622279644	543
13.5921559334	-1420
13.592168808	-1316
13.5922248363	-1368
13.5922279358	-1420
13.5922708511	-1316
13.5925109386	-1420
13.5926008224	-1420
13.5926039219	-1420
13.592648983	-1212
13.592651844	-1420
13.5927019119	-1420
13.5927050114	-1264
13.594825983	543
13.5968708992	-1420
13.5968790054	-1420
13.5969247818	-1264
13.6030979156	-1368
13.6033399105	-1420
13.6033539772	-1316
13.6034510136	-1420
13.6034538746	-1316
13.6034917831	-1368
13.6035759449	543
13.6036968231	-1420
13.6037008762	-1420
13.6037299633	-1264
13.6037359238	-1368
13.6038358212	-1368
13.6038389206	-1420
13.6038868427	-1420
13.6038990021	-1264
13.6039338112	-1368
13.6040267944	-1420
13.6040837765	-1420
13.6040859222	-1264
13.6041197777	-1368
13.6041510105	-1420
13.6041669846	-1420
13.6041698456	-1264
13.6043448448	543
13.616342783	-1420
13.6163589954	-1420
13.6163949966	-1264
13.6168599129	543
13.6239738464	-881
13.6278688908	543
13.6499078274	-1420
13.6499238014	-1420
13.6499598026	-1264
13.6565668583	-1368
13.6587719917	-1368
13.6760017872	-1420
13.6760599613	-1420
13.6760640144	-1420
13.6760818958	-1212
13.6760838032	-1368
13.6763799191	-1368
13.6831488609	-1420
13.6832158566	-1420
13.6832199097	-1264
13.6883997917	-1420
13.6884047985	-1420
13.6884448528	-1264
13.6890828609	-1420
13.6891357899	-1420
13.6891379356	-1420
13.6891729832	-1212
13.6891748905	-1368
13.6893439293	543
13.6893889904	-1420
13.6893918514	-1316
13.6893918514	-1368
13.689426899	-1420
13.6894278526	-1420
13.6894288063	-1264
13.6899018288	-1368
13.6899898052	-1368
13.6900129318	-1420
13.690281868	-1316
13.690322876	-1420
13.6903259754	-1420
13.6903619766	-1264
13.6904418468	543
13.6913177967	-1420
13.6913228035	-1316
13.6913428307	-1420
13.6913449764	-1316
13.6914219856	543
13.6914608479	-1420
13.6914629936	-1316
13.6920208931	-1420
13.6920249462	-1420
13.6920638084	-1264
13.6995449066	-1420
13.6996028423	-1316
13.7356419563	-194
13.7514808178	-1420
13.7514979839	-1316
13.7652978897	-1420
13.7653138638	-1420
13.7653567791	-1264
13.7656049728	-1368
13.7661018372	-1420
13.7661058903	-1420
13.7661449909	-1264
13.7742249966	-1420
13.7743029594	-1420
13.7743079662	-1264
13.7744708061	543
13.7760498524	-1420
13.7760558128	-1420
13.7760958672	-1420
13.7760989666	-1212
13.7762057781	-1420
13.7762138844	-1316
13.7762320042	-1368
13.7764909267	-1420
13.7765278816	-1316
13.7768039703	-1368
13.7769768238	-1420
13.7769808769	-1420
13.7770178318	-1264
13.7771248817	-1420
13.7771728039	-1420
13.7771759033	-1264
13.7772598267	-1420
13.777271986	-1316
13.7773089409	-1420
13.7773118019	-1420
13.7773759365	-1264
13.7773787975	-1420
13.7774138451	-1316
13.7774248123	-1368
13.777684927	-1420
13.7776868343	-1420
13.777687788	-1264
13.7776889801	-1420
13.7776899338	-1420
13.7776899338	-1264
13.7776908875	-1420
13.7776918411	-1316
13.7777090073	543
13.7779779434	543
13.7973868847	-1368
13.836332798	-1368
13.845279932	-1420
13.8453497887	-1316
13.8455309868	543
13.847055912	-542
13.857270956	-1420
13.8573389053	-1420
13.8573429585	-1264
13.8576619625	-1368
13.8584330082	-1420
13.8584737778	-1316
13.8658189774	-1420
13.8658738136	-1420
13.8658769131	-1264
13.8669068813	-1420
13.8669118881	-1420
13.8669538498	-1264
13.8710198402	-1420
13.8710680008	-1316
13.8711698055	543
13.8715829849	-1368
13.872248888	-1368
13.8722748756	-1368
13.8723838329	-1368
13.8729219437	-1420
13.8729269505	-1420
13.872964859	-1264
13.8731508255	-1368
13.8735568523	-1420
13.8735599518	-1316
13.8736319542	-1368
13.8738319874	-1420
13.8738517761	-1420
13.8738539219	-1264
13.8744208813	-1420
13.8744249344	-1420
13.8744618893	-1264
13.8759248257	-1420
13.8759667873	-1420
13.8759698868	-1264
13.8795249462	543
13.8849987984	-1420
13.8850059509	-1420
13.8850479126	-1264
13.8851718903	-1368
13.885286808	543
13.8940148354	-1420
13.8940207958	-1420
13.8940618038	-1264
13.9022200108	-1420
13.9022529125	-1316
13.9029479027	-1368
13.9321608543	-1368
13.9411818981	-1368
13.9442567825	-1420
13.9442629814	-1316
13.9446399212	-1420
13.944644928	-1420
13.944685936	-1264
13.9447808266	-1368
13.9448919296	543
13.9451038837	-1368
13.9458007812	543
13.9506089687	-1368
13.9507749081	-1420
13.9508149624	-1420
13.9508187771	-1264
13.951073885	-1420
13.9510788918	-1420
13.9511179924	-1264
13.9512548447	543
13.9512989521	-1420
13.9513039589	-1316
13.9513049126	-1420
13.9513058662	-1420
13.9513587952	-1264
13.951417923	-1368
13.9514648914	-1368
13.9516439438	-1420
13.9516677856	-1316
13.9518289566	-1420
13.9518659115	-1420
13.9518690109	-1264
13.95190382	-1420
13.9519059658	-1316
13.9519939423	-1420
13.9519968033	-1420
13.9520318508	-1264
13.9520349503	-1368
13.9521458149	-1420
13.9521489143	-1420
13.9521858692	-1264
13.9522418976	-1420
13.9522619247	-1316
13.9525368214	543
13.9527189732	-1420
13.9527218342	-1316
13.9587888718	-994
13.982626915	-1368
13.9897608757	-1368
13.9914479256	-1420
13.9914989471	-1316
13.9915738106	543
14.0252788067	-1420
14.0252947807	-1316
14.0254759789	-1420
14.0254788399	-1420
14.0255169868	-1264
14.0257308483	-1420
14.0257709026	-1316
14.0258629322	-1420
14.0259017944	-1316
14.0259699821	543
14.0287578106	-1420
14.0287640095	-1420
14.0288038254	-1264
14.0336499214	-1368
14.035586834	-1368
14.0359399319	-1420
14.0359787941	-1316
14.0360598564	-1420
14.0361089706	-1316
14.036110878	-1368
14.0363957882	-1420
14.0363998413	-1420
14.0364289284	-1264
14.0365228653	-1420
14.0365707874	-1420
14.0365729332	-1264
14.0366168022	-1420
14.036618948	-1316
14.0366988182	-1420
14.0367019176	-1316
14.0367479324	-1420
14.0367498398	-1316
14.0369029045	543
14.0370159149	-1420
14.0370178223	-1316
14.0371749401	-1420
14.0371789932	-1420
14.0372209549	-1264
14.0372228622	-1368
14.0373649597	-1420
14.0373690128	-1420
14.0374078751	-1264
14.0375277996	543
14.0443618298	-1368
14.0703949928	-505
14.0750098228	-1420
14.0750207901	-1316
14.082408905	-1368
14.0824639797	-1368
14.0825798512	543
14.1125309467	-1420
14.1125428677	-1420
14.1125957966	-1264
14.112598896	-1420
14.1126439571	-1420
14.1126489639	-1420
14.1126928329	-1212
14.1126959324	-1368
14.1207327843	-1420
14.1207478046	-1420
14.1208088398	-1264
14.1231808662	-1420
14.123226881	-1420
14.1232309341	-1264
14.1234869957	-1420
14.1234908104	-1420
14.1235308647	-1264
14.1238389015	-1368
14.1239449978	543
14.1242418289	-1368
14.1242468357	-1420
14.1242787838	-1316
14.1245617867	-1420
14.124601841	-1316
14.1247749329	-1420
14.124822855	-1420
14.1248259544	-1264
14.1248989105	-1420
14.12490201	-1420
14.1249368191	-1264
14.1250507832	-1420
14.1250898838	-1420
14.1250917912	-1264
14.1252419949	-1420
14.1252458096	-1316
14.1252939701	543
14.1257460117	-1420
14.1257688999	-1316
14.1258068085	-1368
14.1260027885	-1420
14.1260249615	-1316
14.1260869503	543
14.126128912	-1368
14.1299068928	-1368
14.1613919735	-1368
14.1644999981	-1368
14.1646578312	-1368
14.1685698032	-1420
14.1686298847	-1316
14.1703279018	-1420
14.1703720093	-1316
14.1819958687	-811
14.2000329494	-1420
14.2000579834	-1420
14.2001588345	-1264
14.2001619339	-1420
14.2001969814	-1316
14.2003238201	-1420
14.2003509998	-1316
14.2033689022	543
14.2084918022	-1420
14.2084989548	-1420
14.2085428238	-1264
14.210080862	-1420
14.2101178169	-1316
14.2106719017	-1420
14.2107379436	-1316
14.2107408047	-1420
14.2107918262	-1316
14.2108879089	-1368
14.2113227844	-1368
14.2115550041	-1368
14.2115938663	-1420
14.2115960121	-1316
14.2116498947	-1420
14.2116529942	-1316
14.2117547989	-1368
14.2120549679	-1420
14.2120938301	-1316
14.2120969296	-1368
14.2122979164	-1420
14.2123007774	-1420
14.2123379707	-1264
14.2123398781	-1420
14.2123749256	-1316
14.2124278545	-1420
14.2124648094	-1420
14.2124669552	-1066
