0	-543
0.258671998978	-543
3.87601017952	1057
4.11902618408	-543
4.17033910751	-1420
4.17040014267	-1340
4.17067313194	-1380
4.17284297943	543
4.18844008446	543
4.18868112564	543
4.18893694878	543
4.26024317741	-30
4.26206016541	543
4.44189095497	-543
4.51550006866	-1420
4.51556396484	-1340
4.55110502243	-1420
4.55117106438	-1340
4.55969214439	543
4.57571005821	543
4.58339095116	-1249
4.61732602119	543
4.61761808395	543
4.759526968	-1086
4.76726818085	543
4.87142515182	-1380
4.90714406967	-1380
4.9427549839	-1380
4.96098995209	-1116
4.98762106895	543
5.14285898209	-543
5.65419101715	543
5.84034013748	-1420
5.84039211273	-1179
5.86284017563	1057
6.70765018463	-543
7.19019317627	-1420
7.19022297859	-1179
7.20633411407	1460
7.2064139843	625
8.55230617523	-1420
8.55232405663	-1420
8.55237913132	-787
8.56610608101	-1420
8.56619715691	-1340
8.56644415855	-1380
8.5886361599	-1420
8.58865499496	-1340
8.58870196342	-1380
8.69374108315	-60
8.73571610451	1057
8.74598503113	1057
8.81722712517	1057
8.85998010635	1057
8.96835803986	-543
9.00468611717	-1420
9.00474095345	-1340
9.0049829483	-1380
9.00722098351	543
9.04414701462	-1420
9.04416203499	-1340
9.04495000839	-1380
9.04631400108	543
9.08343505859	-1420
9.08345198631	-1340
9.083507061	-1380
9.08367109299	543
9.08613014221	543
9.08733916283	543
9.10995817184	-633
9.13466000557	-1380
9.13472294807	-1420
9.13472795486	-1340
9.14400815964	543
9.14461517334	543
9.14506101608	543
9.17016506195	-1380
9.24212312698	543
9.24236607552	543
9.26844596863	-1380
9.27605700493	-955
9.27743196487	543
9.40514707565	-1420
9.40516400337	-1340
9.41771101952	-411
9.42646408081	1460
9.42662096024	1460
9.42667198181	193
9.51794695854	-1380
9.56865501404	-1306
9.57362413406	-1380
9.57492303848	543
9.69909214973	-543
9.71026396751	-1248
9.71174812317	1057
9.96856617928	-1420
9.96858596802	-1340
9.96873116493	-1420
9.96873497963	-1420
9.96877908707	-787
9.96916699409	-1380
9.98977804184	-1420
9.98978805542	-1340
9.99020004272	-1380
9.99041604996	1057
9.99872303009	1057
10.087277174	-1420
10.0873000622	-1420
10.0873451233	-1300
10.0873479843	-1420
10.0873651505	-1420
10.0873680115	-1300
10.1013231277	-1420
10.1013400555	-1340
10.1016440392	-1420
10.1016480923	-1420
10.1016869545	-1300
10.1016891003	-1380
10.1103010178	-1237
10.1227400303	-1420
10.1228020191	-1420
10.1228060722	-1420
10.1228420734	-1260
10.1229660511	543
10.1232199669	-1420
10.12322402	-1340
10.1232991219	543
10.1619141102	-1420
10.1619319916	-1420
10.1619889736	-1300
10.1619911194	-1420
10.1620261669	-1420
10.1620280743	-1300
10.1623721123	-1420
10.1623771191	-1420
10.1623980999	-1300
10.1624851227	-1420
10.1625230312	-1340
10.16269207	-1380
10.1753849983	-1420
10.1754021645	-1340
10.1754629612	-1380
10.1755299568	-1420
10.1755700111	-1340
10.2287809849	-1420
10.2288060188	-1420
10.2289099693	-1420
10.2289130688	-1260
10.2289571762	-1420
10.2289600372	-1420
10.2290000916	-1300
10.2290041447	-1420
10.2290651798	-1420
10.2290670872	-1300
10.2291090488	-1420
10.2291109562	-1340
10.2292921543	543
10.2430770397	-1420
10.2430901527	-1420
10.2431411743	-1420
10.2431440353	-1260
10.2432131767	-1420
10.2432160378	-1420
10.2432851791	-1300
10.2432870865	-1420
10.243322134	-1420
10.243324995	-1300
10.2435460091	1057
10.2518460751	-1420
10.251871109	-1420
10.2519171238	-1300
10.2519199848	-1380
10.2642591	-1420
10.2643120289	-1420
10.2643671036	-1420
10.2643699646	-1260
10.2644131184	-1420
10.2644159794	-1420
10.2644510269	-1420
10.2644531727	-1260
10.2647740841	-1420
10.2647800446	-1420
10.2648360729	-1300
10.2648391724	-1380
10.2649781704	543
10.3035020828	-1420
10.3035199642	-1420
10.3035781384	-1300
10.3035809994	-1420
10.3036150932	-1420
10.3036170006	-1420
10.3036501408	-1260
10.3036520481	-1420
10.3037130833	-1340
10.3037149906	-1380
10.3038361073	-1420
10.3038389683	-1340
10.3039829731	-1420
10.3039860725	-1420
10.3040621281	-1300
10.3040649891	-1420
10.3040971756	-1340
10.3041400909	-1420
10.3041579723	-1420
10.3041610718	-1420
10.3041760921	-1260
10.3041810989	-1380
10.3045170307	543
10.3075900078	543
10.3173451424	-1420
10.3173611164	-1420
10.3174130917	-1420
10.3174159527	-1260
10.3174669743	-1420
10.3174700737	-1340
10.3175051212	-1420
10.3175079823	-1340
10.3175411224	-1420
10.3175430298	-1340
10.3176190853	-1420
10.3176209927	-1340
10.3178761005	543
10.3708651066	-1420
10.3708841801	-1420
10.37093997	-1300
10.3709440231	-1420
10.3710410595	-1340
10.3710441589	-1420
10.3710801601	-1420
10.3710820675	-1420
10.3711521626	-1420
10.3711719513	-1220
10.3712191582	-1420
10.3712229729	-1420
10.3712739944	-1300
10.3712770939	-1380
10.3713109493	-1380
10.3714420795	-1420
10.3714630604	-1420
10.3714649677	-1300
10.3715741634	-1420
10.3715770245	-1340
10.3716890812	-1420
10.3716931343	-1420
10.3717110157	-1300
10.3718049526	-1380
10.3719651699	543
10.3720459938	543
10.3847091198	-1420
10.3847260475	-1420
10.3847751617	-1420
10.3847780228	-1260
10.3848030567	-1420
10.3848049641	-1420
10.3848230839	-1420
10.3848249912	-1420
10.3848400116	-1220
10.3848421574	-1420
10.3848571777	-1340
10.3848590851	-1380
10.3849461079	-1420
10.3849489689	-1420
10.3849670887	-1300
10.3852350712	-1380
10.385283947	-1420
10.3852870464	-1420
10.3853211403	-1420
10.3853230476	-1260
10.3855249882	543
10.3938169479	-1420
10.3938331604	-1420
10.3939070702	-1420
10.3939101696	-1260
10.3939650059	-1420
10.3939671516	-1340
10.3973531723	543
10.4013371468	1460
10.4014050961	111
10.4058480263	-1420
10.4058561325	-1420
10.4059340954	-1300
10.4059369564	-1420
10.4059720039	-1420
10.4059741497	-1420
10.4060080051	-1260
10.4060561657	-1420
10.406058073	-1340
10.4061069489	-1420
10.4061090946	-1340
10.4061369896	-1380
10.4062640667	-1380
10.4064099789	543
10.4064831734	-1420
10.4064850807	-1420
10.4064860344	-1420
10.4064860344	-1260
10.4066410065	-1420
10.4066441059	-1420
10.4066810608	-1420
10.4066829681	-299
10.4067749977	543
10.5739030838	-543
10.6568741798	-1420
10.6568920612	-1340
10.6569280624	-1380
10.6575601101	-1420
10.6575660706	-1340
10.6576690674	-1380
10.6607971191	-1380
10.6609649658	-1420
10.6610059738	-1420
10.6610090733	-1420
10.6610441208	-1260
10.6617810726	-1420
10.6617860794	-1340
10.6619989872	-1420
10.6620030403	-1340
10.6622920036	-1420
10.6622960567	-1340
10.6623799801	543
10.6626260281	-1420
10.6626300812	-1420
10.6626470089	-1300
10.6627180576	-1420
10.6627390385	-1340
10.6628780365	-1420
10.6629171371	-1340
10.6630511284	-1420
10.6630711555	-1340
10.6631851196	-1420
10.6631879807	-1420
10.6631879807	-1300
10.6632039547	543
10.6716561317	-1420
10.6717009544	-1340
10.6719381809	-1380
10.6720900536	-1380
10.6721279621	-1380
10.6721889973	-1380
10.672506094	-1380
10.6733081341	-1420
10.6733119488	-1420
10.67334795	-1300
10.6734080315	-1420
10.6734280586	-1340
10.6734941006	543
10.6741261482	-1420
10.6741290092	-1340
10.6742660999	-1420
10.674268961	-1340
10.6742870808	-1380
10.674407959	-1380
10.676197052	-1420
10.6762011051	-1420
10.6762390137	-1300
10.6766321659	-1420
10.6766519547	-1420
10.6766550541	-1300
10.6767680645	-1420
10.6767711639	-1420
10.6768081188	-1300
10.6768100262	-1420
10.67684412	-1340
10.6769139767	-1420
10.6769161224	-1340
10.6769971848	543
10.6770281792	-1420
10.6770300865	-1340
10.677134037	-1380
10.6776280403	543
10.6792020798	-1420
10.6792089939	-1340
10.6793100834	-1380
10.6870641708	-1420
10.6871211529	-1420
10.6871249676	-1300
10.6872110367	-1420
10.6872141361	-1340
10.6877779961	-1380
10.6878559589	543
10.6921620369	-1420
10.6921830177	-1340
10.6923069954	-1420
10.6923110485	-1340
10.692440033	-1420
10.6924431324	-1420
10.6924610138	-1300
10.6924631596	-1380
10.6926910877	-1420
10.6926960945	-1340
10.6929631233	-1420
10.6929659843	-1340
10.6936030388	-1420
10.6936070919	-1340
10.693926096	-1420
10.6939301491	-1420
10.6939489841	-1300
10.6943500042	-1380
10.6959609985	-1420
10.6959650517	-1340
10.6960191727	-1380
10.6960911751	-1380
10.6961750984	543
10.6964440346	-1420
10.6964480877	-1340
10.6965961456	-1380
10.6968300343	-1420
10.6968681812	-1420
10.6968710423	-1300
10.6969051361	-1380
10.6974821091	-1420
10.6975021362	-1420
10.6975049973	-1420
10.6975200176	-1260
10.6975779533	-1420
10.6975991726	-1420
10.6976010799	-1300
10.6976161003	-1380
10.6976661682	543
10.6993889809	-1420
10.6993951797	-1340
10.6994931698	543
10.6998181343	-1380
10.7033319473	-1420
10.7033970356	-1420
10.703400135	-1300
10.7034370899	-1420
10.7034389973	-1420
10.7034730911	-1300
10.7036280632	-1420
10.7036499977	-1340
10.7040259838	-1420
10.7040669918	-1420
10.7040700912	-1300
10.7041971684	-1380
10.7046260834	-1420
10.7046489716	-1340
10.704652071	-1380
10.7047770023	-1420
10.7047820091	-1340
10.7051949501	-1420
10.7051999569	-1340
10.7052919865	543
10.7059350014	-1380
10.7060320377	-1420
10.7060551643	-1340
10.706223011	-1420
10.7062451839	-1340
10.7071640491	-1420
10.7071900368	-1340
10.7073459625	-1420
10.7073831558	-1340
10.7077350616	-1380
10.7079801559	-1420
10.7079839706	-1340
10.7080960274	-1420
10.7080991268	-1340
10.7082121372	-1420
10.7082149982	-1340
10.7088651657	-1380
10.708933115	543
10.7093520164	-1420
10.7093551159	-1420
10.7093939781	-1300
10.7094860077	543
10.7095229626	-1380
10.7095251083	-1380
10.710018158	-1420
10.7100231647	-1340
10.7101089954	-1380
10.7119810581	-1420
10.7120251656	-1420
10.7120280266	-1300
10.7120661736	-1380
10.7121601105	-1420
10.7121839523	-1340
10.7179780006	-1420
10.7180240154	-1420
10.7180631161	-1300
10.7180991173	-1420
10.7181019783	-1420
10.7181360722	-1300
10.7185649872	-1420
10.718624115	-1420
10.718626976	-1300
10.7186629772	-1420
10.718665123	-1420
10.7186989784	-1420
10.7187011242	-1260
10.7188010216	543
10.719588995	-1420
10.7195920944	-1340
10.7196121216	-1420
10.7196140289	-1340
10.7197191715	543
10.7197561264	-1420
10.7197570801	-1340
10.7198710442	-1420
10.7198741436	-1420
10.7199110985	-1300
10.7238819599	-1380
10.7240300179	-1380
10.7240781784	-1380
10.7241389751	543
10.7244169712	-1420
10.7244210243	-1420
10.724460125	-1300
10.7277531624	-1420
10.7277779579	-1340
10.7278649807	-1420
10.727902174	-1420
10.7279040813	-1300
10.7279391289	-1380
10.7283000946	-1380
10.7356090546	543
10.7382941246	-1380
10.7541220188	-119
10.7929701805	-1420
10.7929871082	-1340
10.8072330952	-1420
10.8072500229	-1340
10.8073120117	-1420
10.8073151112	-1420
10.8073501587	-1420
10.8073539734	-1260
10.8286399841	-1380
10.8423271179	-1420
10.8423900604	-1340
10.858716011	-1380
10.8644239902	-1380
10.869754076	-1380
10.8813259602	-1420
10.8813431263	-1420
10.8813800812	-1420
10.8813831806	-1260
10.8813991547	-1420
10.881401062	-1340
10.8815741539	1057
10.881663084	-1380
10.8819329739	-1420
10.8819739819	-1340
10.8823270798	-1420
10.88235116	-1340
10.8824009895	-1420
10.8824429512	-1420
10.882445097	-1300
10.8825559616	-1420
10.8825590611	-1340
10.8828611374	-1420
10.8828670979	-1340
10.8849439621	-1420
10.884950161	-1420
10.8849890232	-1420
10.8849921227	-1260
10.8850810528	-1380
10.8869171143	-1420
10.8870110512	-1420
10.887016058	-1420
10.8870551586	-1260
10.887057066	-1380
10.887098074	-1420
10.8870999813	-1420
10.8871331215	-1300
10.8872189522	-1380
10.8873369694	543
10.8873860836	-1380
10.887704134	-1420
10.8877251148	-1340
10.8878769875	-1420
10.8879160881	-1420
10.8879189491	-1300
10.887969017	-1380
10.8943901062	-1420
10.8944261074	-1420
10.8944301605	-1300
10.8945410252	-1420
10.8945441246	-1420
10.8945801258	-1300
10.8950130939	-1420
10.8950610161	-1420
10.8950631618	-1300
10.8951170444	-1420
10.8951189518	-1420
10.8951539993	-1420
10.8951570988	-1260
10.8951931	-1420
10.895195961	-1420
10.8952319622	-1300
10.8954260349	-2
10.8983039856	543
10.8984639645	543
10.9002079964	-1380
10.9003510475	-1380
10.9004840851	-1420
10.9004890919	-1420
10.9005279541	-1300
10.9007861614	-1380
10.9061529636	543
10.9175391197	-1420
10.9175560474	-1340
10.9176111221	-1380
10.9176130295	-1420
10.917648077	-1340
10.9178040028	-1420
10.9178230762	-1340
10.9178249836	-1380
10.9178719521	-1380
10.9192621708	-1420
10.9192800522	-1340
10.9194841385	-1380
10.9205560684	-1420
10.9205591679	-1340
10.9210181236	-1420
10.9210209846	-1340
10.9211370945	-1420
10.9211390018	-1340
10.923500061	-1420
10.9235050678	-1340
10.9239499569	-1380
10.9240911007	-1420
10.9241290092	-1340
10.924505949	-1420
10.924544096	-1420
10.924546957	-1300
10.9246139526	-1380
10.9250650406	-1420
10.92506814	-1420
10.9250690937	-1300
10.9254131317	-1420
10.9254159927	-1340
10.925686121	543
10.9258100986	-1380
10.9260179996	543
10.9261291027	-1420
10.9261319637	-1340
10.9261829853	543
10.9266631603	-1380
10.9267311096	1460
10.9267721176	111
10.9273831844	-1420
10.9273879528	-1340
10.927628994	-1380
10.9276959896	543
10.9295890331	-1420
10.9295949936	-1420
10.9296381474	-1300
10.9308040142	-1420
10.9308321476	-1340
10.9314861298	-1380
10.9319911003	-1420
10.9319939613	-1340
10.9323060513	-1380
10.9325251579	-1420
10.9325611591	-1340
10.932847023	-1380
10.9336049557	-1420
10.9336080551	-1340
10.9340341091	-1420
10.9340381622	-1420
10.9340741634	-1300
10.934139967	-1380
10.9343831539	-1420
10.9343860149	-1420
10.9344210625	-1300
10.9346160889	-1420
10.9346520901	-1420
10.9346549511	-1300
10.9348931313	-1420
10.9348959923	-1420
10.9349310398	-1300
10.9349329472	-1380
10.9351561069	-1420
10.9351580143	-1340
10.9353029728	-1420
10.9353060722	-1340
10.9355120659	-1420
10.9355151653	-1340
10.9356560707	-1380
10.9356591702	-1420
10.9356601238	-1420
10.9356610775	-1300
10.9357960224	-1420
10.9357991219	-1340
10.9359121323	-1420
10.9359149933	-1420
10.9359161854	-1300
10.9360070229	-1380
10.9362270832	-1420
10.9362301826	-1420
10.9362311363	-1300
10.9363210201	-1380
10.9366321564	-1420
10.9366359711	-1420
10.9366371632	-1300
10.9372501373	-1420
10.937253952	-1420
10.9372551441	-1300
10.9375121593	543
10.937595129	543
10.9378809929	543
10.9408481121	1460
10.9408991337	111
10.941339016	-1380
10.9414169788	543
10.9435839653	-1420
10.9435911179	-1340
10.9438021183	-1420
10.9438061714	-1340
10.9439091682	-1420
10.9439120293	-1340
10.9441580772	-1420
10.9441611767	-1340
10.9443130493	-1420
10.9443161488	-1340
10.9444050789	-1380
10.9452569485	-1420
10.9452960491	-1340
10.9453630447	-1380
10.9454600811	543
10.9520580769	-1420
10.952064991	-1420
10.9521090984	-1300
10.9521119595	-1380
10.9583411217	-1380
10.958728075	-1420
10.9587919712	-1420
10.9587960243	-1420
10.9588320255	-1260
10.958835125	-1380
10.9589490891	543
10.9591650963	-1420
10.9591679573	-1420
10.9592089653	-1300
10.9592759609	-1420
10.9593141079	-1340
10.9593911171	-1420
10.9594290257	-1420
10.9594321251	-1300
10.9659590721	1057
10.9708070755	-1420
10.970813036	-1340
10.970927	-1380
10.9714920521	-1420
10.9715211391	-1420
10.9715230465	-1300
10.975538969	543
10.9882671833	1057
11.0416021347	-750
11.0431680679	543
11.1265990734	-1420
11.1266181469	-1340
11.1283011436	-1420
11.1283099651	-1420
11.1283650398	-1420
11.1283681393	-1260
11.1284480095	-1380
11.1285769939	-1380
11.1288981438	-1380
11.1289989948	-1420
11.1290199757	-1340
11.1290791035	-1420
11.1291079521	-1340
11.12926507	-1420
11.1293230057	-1340
11.1293251514	-1420
11.1293811798	-1340
11.1293840408	-1420
11.129420042	-1340
11.1294231415	-1420
11.1294579506	-1340
11.1305689812	-1420
11.1306099892	-1340
11.1306979656	543
11.1308310032	-1380
11.1411240101	-1420
11.1411881447	-1340
11.1412620544	-1380
11.1465551853	-1420
11.1465630531	-1340
11.1542561054	-1420
11.1542620659	-1340
11.1554641724	-1380
11.163159132	-1380
11.1760761738	-1420
11.1760890484	-1340
11.1761980057	-1380
11.1763939857	-1420
11.1764290333	-1420
11.1764321327	-1300
11.1765489578	-1380
11.1765930653	543
11.1768410206	-1380
11.1770761013	-1420
11.1771211624	-1420
11.1771240234	-1300
11.1771841049	-1420
11.1771869659	-1340
11.1774351597	-1380
11.1775050163	-1380
11.1775569916	-1380
11.1775970459	543
11.1776909828	-1420
11.1776940823	-1340
11.1777300835	-1380
11.1778249741	-1420
11.1778640747	-1420
11.1778659821	-1300
11.1779980659	-1380
11.1786780357	-1420
11.178704977	-1340
11.1788151264	-1420
11.1788730621	-1420
11.1788761616	-1300
11.178910017	-1380
11.1789820194	-1420
11.1790030003	-1340
11.179005146	-1380
11.1791629791	-1420
11.179169178	-1420
11.1792099476	-1300
11.1796009541	543
11.1797380447	-1420
11.1797420979	-1340
11.1798541546	-1420
11.1798579693	-1420
11.1798779964	-1300
11.1799900532	-1420
11.1800119877	-1340
11.1800761223	543
11.1801190376	-1420
11.1801211834	-1420
11.1801221371	-1300
11.1801691055	-1420
11.1801700592	-1340
11.1802821159	-1420
11.1803021431	-1420
11.1803040504	-1300
11.1809589863	-1420
11.1809639931	-1340
11.1810519695	543
11.1814789772	-1420
11.181483984	-1340
11.1815040112	-1380
11.1818130016	-1420
11.1818370819	-1340
11.1819391251	-1420
11.1819779873	-1420
11.1819810867	-1300
11.1820170879	-1380
11.1822321415	-1420
11.1822931767	-1420
11.1822969913	-1300
11.1823320389	-1380
11.1823790073	-1420
11.1824150085	-1340
11.1825020313	-1420
11.1825220585	-1420
11.1825239658	-1300
11.1825380325	-1380
11.1906170845	-1420
11.190652132	-1420
11.1906549931	-1300
11.1906759739	-1380
11.1908020973	-1420
11.1908249855	-1340
11.1908271313	-1380
11.190860033	543
11.1909351349	-1420
11.1909379959	-1340
11.1910331249	-1420
11.1910359859	-1420
11.1910531521	-1300
11.1911380291	543
11.1912970543	-1420
11.1913011074	-1420
11.191339016	-1300
11.1915249825	-1420
11.1915800571	-1420
11.1915831566	-1300
11.1916191578	-1420
11.1916220188	-1340
11.1917841434	543
11.1918189526	-1420
11.1918210983	-1420
11.191822052	-1300
11.1918230057	-1380
11.192013979	-1420
11.1920180321	-1340
11.1922850609	-1420
11.1922910213	-1340
11.1923129559	-1380
11.1924140453	-1380
11.1926071644	-1420
11.1926121712	-1340
11.1927530766	-1420
11.192756176	-1420
11.1927931309	-1300
11.1927950382	-1380
11.1940951347	-1420
11.1941010952	-1420
11.1941440105	-1300
11.1942250729	-1420
11.1942651272	-1420
11.1942691803	-1300
11.1943199635	-1420
11.1943230629	-1340
11.1943571568	-1380
11.1944050789	543
11.1944401264	-1420
11.1944420338	-1420
11.1945049763	-1300
11.1945090294	-1380
11.1946101189	-1420
11.1946129799	-1420
11.1946310997	-1300
11.1946630478	-1420
11.1946811676	-1340
11.1948139668	-1380
11.1948621273	543
11.1949989796	543
11.1959791183	-1420
11.1959850788	-1340
11.196130991	-1420
11.1961359978	-1420
11.1961779594	-1300
11.2021970749	-1420
11.2022480965	-1420
11.2022690773	-1300
11.2023069859	-1380
11.2116291523	-1380
11.2116670609	-1380
11.211810112	-1380
11.2120010853	-1380
11.2120330334	-1380
11.2121701241	-1380
11.2122941017	-1420
11.2123360634	-1340
11.2124211788	-1420
11.212460041	-1340
11.2125020027	-1380
11.2126750946	-1420
11.2126801014	-1340
11.2128281593	-1420
11.212831974	-1420
11.2128691673	-1420
11.2128710747	-1260
11.2129051685	-1380
11.212939024	543
11.2130820751	-1420
11.2130861282	-1340
11.2131631374	543
11.2132589817	-1420
11.2132780552	-1420
11.2132790089	-1300
11.2132799625	-1380
11.2134959698	-1420
11.2135009766	-1340
11.2136421204	-1420
11.2136461735	-1420
11.2136821747	-1300
11.2139980793	-1380
11.2143671513	-1420
11.2143721581	-1340
11.2144529819	543
11.2144920826	-1380
11.2146830559	-1420
11.2147049904	-1340
11.2148151398	-1420
11.2148549557	-1420
11.2148571014	-1300
11.2149629593	-1420
11.2149660587	-1420
11.2149841785	-1300
11.2151520252	-1380
11.2151999474	-1420
11.2152030468	-1420
11.215239048	-1300
11.2152421474	-1420
11.2152760029	-1340
11.2226121426	-311
11.2227389812	543
11.2234361172	1057
11.2391970158	-1420
11.2392129898	-1340
11.2394239902	-1380
11.2612080574	-1420
11.2612509727	-1340
11.2613379955	-1380
11.2671070099	543
11.2800559998	543
11.2812781334	543
11.2815020084	543
11.3653581142	-1146
11.3673620224	543
11.3679721355	1460
11.368019104	1139
11.3910579681	-1420
11.3910751343	-1340
11.3916721344	-1420
11.3916771412	-1420
11.3917160034	-1420
11.3917181492	-1260
11.3918149471	-1420
11.3918180466	-1420
11.391862154	-1300
11.3919661045	543
11.3923151493	-1380
11.3936710358	-1380
11.3937251568	-1420
11.3937280178	-1340
11.393802166	-1420
11.3938040733	-1340
11.3939831257	-1420
11.3939871788	-1340
11.3941659927	-1420
11.3941700459	-1420
11.3942120075	-1420
11.394215107	-1420
11.3942480087	-1220
11.3943660259	543
11.3952651024	-1420
11.3952701092	-1340
11.3955681324	-1420
11.3955731392	-1420
11.3956120014	-1300
11.3958339691	-1380
11.3959710598	-1380
11.3959751129	-1420
11.3960120678	-1420
11.3960139751	-1420
11.3960490227	-1260
11.3960511684	-1380
11.3965051174	-1420
11.3965101242	-1340
11.3967421055	-1420
11.3967471123	-1420
11.3967659473	-1300
11.3968901634	-1420
11.3969120979	-1340
11.3970041275	-1420
11.3970241547	-1340
11.3970830441	1057
11.3971271515	-1420
11.3971290588	-1340
11.3972191811	-1380
11.3984460831	-1420
11.3984839916	-1420
11.3984870911	-1300
11.3985631466	-1420
11.3985660076	-1420
11.3985991478	-1300
11.3986020088	-1380
11.398720026	-1420
11.3987221718	-1420
11.3987569809	-1300
11.3988311291	-1420
11.3988661766	-1340
11.3990421295	-1420
11.3990790844	-1340
11.3991320133	-1380
11.3993339539	-1420
11.3993370533	-1420
11.3993711472	-1300
11.3993730545	-1380
11.3994531631	-1420
11.3994550705	-1340
11.3995630741	-1420
11.3995649815	-1420
11.3995661736	-1300
11.4008440971	-1420
11.4008469582	-1420
11.4008481503	-1300
11.4010810852	-1420
11.4010829926	-1340
11.4013299942	-1380
11.401473999	-1420
11.4014799595	-1420
11.4014811516	-1300
11.4016561508	-1420
11.4016599655	-1420
11.4016611576	-1300
11.4023370743	543
11.4026830196	543
11.4027941227	543
11.40417099	-1420
11.4041800499	-1420
11.4042000771	-1300
11.4052591324	-1420
11.4052810669	-1340
11.4053781033	-1380
11.4059231281	-1380
11.4064881802	-1420
11.406512022	-1340
11.4137639999	-1420
11.4138541222	-1340
11.413859129	-1380
11.4138960838	-1420
11.4138991833	-1340
11.4139330387	-1380
11.4141509533	543
11.4241881371	-1420
11.4242010117	-1420
11.4242529869	-1300
11.4266271591	-1380
11.4300460815	-1420
11.4300589561	-1340
11.4310469627	-1420
11.431055069	-1420
11.4310791492	-1300
11.4623410702	-1380
11.5101380348	-1345
11.5158910751	543
11.5388679504	-1380
11.6041071415	-1420
11.6041250229	-1420
11.6041841507	-1420
11.6041870117	-1260
11.6042311192	-1420
11.6042330265	-1340
11.6057729721	-1420
11.6057879925	-1340
11.6059370041	-1420
11.6059401035	-1420
11.6059780121	-1300
11.6060609818	-1420
11.6061000824	-1420
11.6061041355	-1420
11.606139183	-1260
11.6062121391	543
11.6063070297	-1420
11.6063110828	-1340
11.6065599918	-1420
11.606564045	-1420
11.6066031456	-1300
11.6068150997	-1380
11.6072211266	543
11.6075489521	-1420
11.6075539589	-1340
11.6080281734	-1380
11.6093571186	-1420
11.6094031334	-1420
11.6094069481	-1300
11.6100270748	-1420
11.6100320816	-1340
11.6108369827	-1380
11.6116840839	-1420
11.6117191315	-1340
11.6123461723	-1380
11.6127109528	-1420
11.6127150059	-1340
11.6131591797	-1380
11.6140420437	-1420
11.6140871048	-1420
11.6140890121	-1300
11.6146841049	-1420
11.6146860123	-1340
11.6147761345	-1380
11.6154179573	-1380
11.6155860424	-1420
11.6155891418	-1340
11.6158821583	-1420
11.6158881187	-1420
11.6159250736	-1300
11.6161589622	-1420
11.6161980629	-1420
11.6162011623	-1300
11.6162350178	-1380
11.6163051128	-1420
11.6163551807	-1420
11.6163570881	-1300
11.6163921356	-1420
11.6163949966	-1340
11.6165370941	-1420
11.6165399551	-1340
11.6166250706	-1420
11.6166269779	-1340
11.6166770458	-1420
11.6166789532	-1420
11.6166801453	-1300
11.6168031693	-1420
11.6168050766	-1420
11.6168060303	-1300
11.6169321537	-1420
11.6169350147	-1420
11.6169359684	-1300
11.616961956	-1380
11.6171200275	-1420
11.617123127	-1420
11.6171250343	-1300
11.6171441078	-1380
11.6172411442	-1420
11.6172440052	-1420
11.6172449589	-1300
11.6173250675	-1420
11.6173269749	-1340
11.6173820496	-1380
11.6174850464	-1420
11.6174869537	-1340
11.6175861359	-1420
11.6175899506	-1340
11.6176991463	-1420
11.6177020073	-1340
11.6178090572	543
11.6179530621	-1420
11.6179561615	-1420
11.6179580688	-1300
11.6180830002	543
11.618283987	543
11.6183440685	-1420
11.618347168	-1420
11.6183481216	-1300
11.6184790134	-1420
11.6184821129	-1420
11.6184830666	-1300
11.6187331676	543
11.6189010143	-1420
11.6189050674	-1340
11.6189780235	543
11.6190299988	-1380
11.61916399	543
11.6194109917	-1420
11.6194150448	-1340
11.6194331646	-1380
11.619699955	-1420
11.6197371483	-1340
11.6198370457	-1420
11.6198730469	-1420
11.6198749542	-1300
11.6199090481	-1380
11.6199991703	-1420
11.6200170517	-1340
11.6201851368	-1420
11.6202380657	-1340
11.6202399731	-1380
11.6203019619	-1380
11.6204869747	-1420
11.6205229759	-1420
11.6205251217	-1300
11.6206691265	-1420
11.6206731796	-1340
11.6207859516	-1380
11.621035099	-1380
11.6212780476	543
11.6213409901	-1420
11.6213440895	-1420
11.6213440895	-1300
11.621489048	543
11.6217591763	-1420
11.6217651367	-1420
11.6218039989	-1300
11.6219379902	-1420
11.6219761372	-1340
11.622533083	-1420
11.6225731373	-1340
11.6225750446	-1380
11.6229891777	-1380
11.6236989498	-1380
11.6239321232	-1420
11.6239340305	-1340
11.624309063	-1420
11.6243121624	-1340
11.6248521805	-1380
11.6253361702	-1420
11.6253869534	-1340
11.6257390976	-1380
11.6258900166	543
11.6259541512	-1420
11.6259560585	-1340
11.6261119843	-1380
11.6264140606	-1420
11.6264569759	-1420
11.6264600754	-1300
11.6265120506	-1420
11.626513958	-1340
11.6268720627	-1380
11.6279981136	1057
11.6282219887	543
11.6285190582	1057
11.6410679817	-1420
11.6410839558	-1340
11.6411640644	-1380
11.6413931847	-1420
11.6414191723	-1340
11.6420741081	-1380
11.6426911354	-1420
11.6426961422	-1420
11.6427371502	-1300
11.6428091526	543
11.6428980827	-1380
11.6429841518	-1380
11.6431660652	-1380
11.6434931755	-1420
11.6435170174	-1340
11.6437990665	-1380
11.6440069675	-1420
11.644010067	-1340
11.6442639828	-1380
11.6449580193	-1420
11.6449971199	-1420
11.6449990273	-1300
11.6453959942	-1420
11.6454000473	-1340
11.6455340385	-1420
11.6455380917	-1420
11.6455559731	-1300
11.6456160545	543
11.6456620693	-1380
11.64579916	-1420
11.6458210945	-1340
11.6459121704	-1380
11.6462440491	-1420
11.6462481022	-1420
11.6462841034	-1300
11.6468191147	-1420
11.6468441486	-1340
11.6514921188	-994
11.6516489983	543
11.7930130959	-543
11.8012239933	-1420
11.8012740612	-1340
11.8173949718	-1420
11.8174660206	-1420
11.8174700737	-1420
11.817512989	-1260
11.8197619915	543
11.8210389614	-1420
11.8210451603	-1420
11.8210949898	-1300
11.8212809563	-1420
11.8213181496	-1340
11.8213210106	-1380
11.82143116	-1380
11.8215110302	543
11.828109026	-1420
11.8281180859	-1420
11.8281600475	-1300
11.8285741806	543
11.8307170868	-1420
11.8307230473	-1420
11.8307659626	-1300
11.8370220661	-1420
11.8370759487	-1420
11.8370790482	-1300
11.8402440548	-1420
11.8402500153	-1420
11.8402941227	-1300
11.8403329849	-1420
11.8403811455	-1420
11.8403830528	-1420
11.8404171467	-1260
11.8427641392	-1380
11.8465280533	543
11.8473451138	1057
11.8583340645	-1380
11.8585481644	-1380
11.8587720394	-1420
11.8587751389	-1340
11.8727920055	-1380
11.881690979	-1420
11.8817541599	-1420
11.8817579746	-1300
11.8956041336	-1420
11.895619154	-1340
11.8961570263	-1380
11.8962709904	543
11.9089930058	-1420
11.9090089798	-1340
11.9094910622	-1380
11.9175820351	543
11.9344949722	-1229
11.9657030106	543
12.1765241623	-543
12.2922899723	-1420
12.2923591137	-1420
12.2923970222	-1300
12.2924320698	-1420
12.2924661636	-1420
12.2925000191	-1300
12.2927060127	1057
12.2942790985	-1420
12.294285059	-1420
12.294326067	-1300
12.2945261002	-1420
12.2945721149	-1420
12.294574976	-1300
12.2947921753	-1420
12.2947971821	-1340
12.2948160172	-1380
12.2951309681	-1420
12.2951760292	-1420
12.2951791286	-1420
12.2952239513	-1420
12.2952260971	-1420
12.2952611446	-1180
12.2976670265	-1420
12.2977101803	-1420
12.2977120876	-1300
12.2978191376	543
12.2984549999	-1420
12.2984600067	-1340
12.2985470295	-1380
12.3117821217	-1420
12.3118300438	-1420
12.3118350506	-1300
12.3280701637	-1420
12.3280870914	-1340
12.3629691601	-1196
12.3633410931	543
12.4760630131	1057
12.5598499775	-1057
12.5636851788	543
12.5799281597	1460
12.5800111294	111
12.6555399895	543
12.6712801456	-1420
12.6712970734	-1340
12.671350956	-1420
12.6713550091	-1420
12.6713969707	-1300
12.6810560226	-1420
12.6811029911	-1340
12.6812310219	-1420
12.6812710762	-1340
12.6814091206	543
12.6814451218	-1420
12.6814901829	-1420
12.6814911366	-1300
12.6816310883	-1420
12.6816689968	-1420
12.6816720963	-1420
12.6817071438	-1420
12.6817100048	-1220
12.681743145	-1420
12.6817450523	-1340
12.6818761826	543
12.6819550991	-1420
12.6819579601	-1340
12.6820919514	-1420
12.6820950508	-1340
12.6852321625	-1420
12.6852531433	-1340
12.6853840351	-1420
12.6853871346	-1340
12.6854281425	-1380
12.6861331463	-1420
12.6861600876	-1340
12.6864731312	-1380
12.6878731251	-1420
12.6878781319	-1340
12.6879889965	-1380
12.6890859604	-1420
12.6891109943	-1340
12.6891970634	543
12.6894390583	-1380
12.6954419613	-1420
12.6954700947	-1340
12.6958739758	-1380
12.6962351799	-1420
12.6962399483	-1420
12.6962800026	-1300
12.6966881752	-1420
12.6967129707	-1340
12.6969130039	-1380
12.6973869801	-1420
12.6973910332	-1420
12.6974291801	-1300
12.6974861622	-1420
12.6975240707	-1340
12.69759202	543
12.6979551315	-1420
12.6979601383	-1340
12.6980621815	-1380
12.6984660625	-1380
12.6992070675	-1420
12.6992111206	-1340
12.6993100643	543
12.7000670433	-1380
12.7002160549	-1420
12.7002739906	-1340
12.7002761364	-1420
12.7003111839	-1340
12.700387001	-1420
12.7004079819	-1340
12.7007939816	-1420
12.7008321285	-1420
12.7008340359	-1300
12.7008671761	-1420
12.7008700371	-1420
12.7009031773	-1300
12.7009489536	-1380
12.701018095	-1380
12.7010891438	-1420
12.7011091709	-1340
12.701223135	-1420
12.7012610435	-1420
12.7012629509	-774
12.7013921738	-1420
12.7013950348	-1340
12.7014501095	543
12.7016861439	-1420
12.7016921043	-1340
12.7018110752	-1380
12.7020380497	-1380
12.7022371292	543
12.7066221237	-1420
12.7066299915	-1340
12.7071709633	-1380
12.7088711262	-1380
12.7090501785	-1420
12.7090539932	-1420
12.7090899944	-1300
12.7092471123	-1420
12.7092859745	-1420
12.7092890739	-1300
12.7093391418	-1420
12.7093420029	-1420
12.7093911171	-1420
12.7093930244	-1260
12.709428072	-1420
12.7094299793	-1420
12.7094640732	-1300
12.7094659805	-1380
12.7095711231	543
12.7099809647	-1420
12.7099840641	-1340
12.7101120949	-1380
12.7102611065	-1420
12.710299015	-1340
12.7104260921	-1420
12.7104661465	-1420
12.7104690075	-1300
12.7105200291	-1380
12.7106730938	-1420
12.710693121	-1340
12.7108001709	-1380
12.711122036	543
12.7123570442	-1420
12.7123630047	-1420
12.712403059	-1300
12.7124049664	-1380
12.7124409676	-1420
12.7124431133	-1340
12.7127010822	-1420
12.7127051353	-1340
12.7129330635	-1420
12.7129371166	-1340
12.7129700184	-1380
12.7130329609	-1380
12.7131900787	-1380
12.7132880688	543
12.7134871483	-1420
12.713490963	-1340
12.7135989666	-1420
12.7136030197	-1340
12.7136781216	543
12.7137181759	-1380
12.7138381004	-1420
12.7138669491	-1420
12.7138700485	-1300
12.7141311169	-1420
12.7141339779	-1340
12.714151144	-1380
12.7142841816	-1420
12.7143211365	-1420
12.7143230438	-1300
12.7143571377	-1380
12.7144181728	-1380
12.7148520947	-1380
12.7225291729	-1420
12.7225780487	-1340
12.7228121758	-1420
12.7228550911	-1420
12.7228579521	-1300
12.7229111195	-1380
12.7229130268	-1420
12.722946167	-1340
12.722949028	-1380
12.7230510712	-1420
12.7230541706	-1420
12.723072052	-1300
12.7231769562	-1420
12.7232000828	-1420
12.7232019901	-1300
12.7232179642	-1380
12.7233409882	-1420
12.7234141827	-1420
12.72341609	-1300
12.7234501839	-1420
12.7234530449	-1340
12.72352314	-1420
12.7235250473	-1420
12.7235610485	-1300
12.723608017	-1420
12.7236430645	-1340
12.7237241268	-1420
12.7237269878	-1340
12.7238531113	-1420
12.7238559723	-1420
12.7238581181	-1300
12.7240359783	543
12.7242820263	543
12.7243161201	-1420
12.7243189812	-1420
12.7243211269	-1300
12.7243590355	-1380
12.7243621349	-1380
12.7245321274	-1420
12.7245349884	-1420
12.7245371342	-1300
12.7249221802	-1380
12.7250699997	543
12.7443320751	-1420
12.7443470955	-1340
12.8132281303	-1420
12.8132491112	-1340
12.8134231567	-1380
12.8135349751	543
12.8209550381	-1380
12.8426690102	-1272
12.8573331833	543
12.857970953	1460
12.8580191135	1139
12.8993589878	-1380
12.9003529549	-1380
12.9008920193	-1380
12.901870966	-1420
12.901913166	-1340
12.9024531841	-1420
12.9024801254	-1420
12.9024829865	-1300
12.9036421776	-1420
12.9036471844	-1340
12.9037480354	543
12.9037880898	-1380
12.9048740864	-1420
12.9049019814	-1340
12.9054601192	-1420
12.9054861069	-1340
12.9107971191	-1420
12.9108531475	-1420
12.9108569622	-1300
12.916601181	-1420
12.916615963	-1420
12.9166719913	-1300
12.9194831848	-1420
12.9195261002	-1420
12.9195289612	-1300
12.9196231365	-1420
12.9196259975	-1420
12.9196629524	-1300
12.9197821617	543
12.9199380875	-1420
12.9199430943	-1420
12.9199631214	-1300
12.9236781597	-1420
12.9237241745	-1420
12.9237270355	-1300
12.9244191647	-1420
12.9244241714	-1340
12.9245109558	-1380
12.9245860577	-1380
12.9256601334	-1420
12.9256651402	-1340
12.9256851673	-1380
12.9263060093	-1420
12.9263300896	-1340
12.9268820286	-1380
12.926970005	543
12.9272799492	-1420
12.9272830486	-1340
12.9278190136	-1380
12.9278860092	543
12.9279770851	-1420
12.9279801846	-1340
12.9283020496	-1380
12.9290599823	-1420
12.9290850163	-1340
12.9291920662	-1420
12.9292140007	-1340
12.9292840958	-1380
12.9294979572	-1380
12.9304981232	-1420
12.9305231571	-1340
12.9308869839	-1420
12.9309270382	-1420
12.9309301376	-1300
12.9310770035	-1380
12.9311549664	543
12.9315230846	-1420
12.9315280914	-1340
12.9315490723	-1380
12.9317231178	-1420
12.9317440987	-1340
12.9321260452	-1380
12.9323329926	-1420
12.9323370457	-1340
12.9327750206	-1380
12.9329440594	-1420
12.9329640865	-1340
12.9331181049	-1380
12.9331381321	-1420
12.9331400394	-1340
12.9331691265	-1380
12.9332661629	-1420
12.9332849979	-1340
12.9332871437	-1380
12.9333841801	543
12.9340779781	-1420
12.9340820312	-1340
12.9354150295	-1380
12.9354901314	543
12.9356110096	-1420
12.9356150627	-1340
12.9358489513	-1380
12.9362051487	-1380
12.9364449978	-1420
12.9364490509	-1420
12.9364850521	-1300
12.9364869595	-1420
12.936522007	-1340
12.9374680519	-1420
12.9375081062	-1420
12.9375109673	-1300
12.9375810623	-1420
12.9375829697	-1340
12.9376740456	-1380
12.9379160404	-1420
12.9379360676	-1420
12.937939167	-1300
12.9380550385	-1420
12.9380581379	-1420
12.9380941391	-1300
12.9381279945	543
12.938585043	-1420
12.9385881424	-1420
12.9386250973	-1300
12.9390330315	-1420
12.9390530586	-1340
12.9412100315	-1380
12.9413499832	-1420
12.9413540363	-1340
12.9414041042	-1420
12.9414069653	-1340
12.9415020943	-1420
12.9415049553	-1340
12.944617033	-1420
12.9446229935	-1340
12.9446470737	-1420
12.9446489811	-1420
12.9446649551	-1300
12.9448239803	-1420
12.9448640347	-1420
12.9448671341	-1300
12.9449000359	-1380
12.9450671673	-1420
12.9451060295	-1420
12.945109129	-1300
12.9454779625	543
12.9455859661	543
12.9468791485	-1420
12.9468851089	-1420
12.9469251633	-1300
12.9469270706	-1380
12.9469799995	-1420
12.946983099	-1340
12.9547660351	-1380
12.955160141	-1420
12.9551920891	-1340
12.9633080959	-1380
12.9634201527	543
12.9997830391	-161
13.0242450237	543
13.0350100994	-543
13.1882829666	-543
13.2874000072	-1420
13.2874200344	-1420
13.2874591351	-1420
13.2874619961	-1260
13.2874801159	-1380
13.2880680561	-1420
13.2880740166	-1420
13.2880959511	-1300
13.2881879807	-1420
13.2882270813	-1420
13.2882289886	-1420
13.2882621288	-1260
13.2884149551	-1420
13.2884540558	-1420
13.2884571552	-1300
13.288544178	543
13.2885789871	-1420
13.2885811329	-1420
13.2885811329	-1420
13.2885820866	-1260
13.2886641026	-1380
13.2898361683	-1420
13.2898821831	-1420
13.2898850441	-1300
13.2900240421	-1420
13.2900271416	-1420
13.2900440693	-1420
13.2900459766	-1260
13.290060997	-1380
13.2900631428	-1420
13.2900769711	-1340
13.2901241779	543
13.2902491093	-1420
13.2902531624	-1340
13.2903990746	543
13.291023016	-1420
13.2910289764	-1420
13.2910530567	-1420
13.2910549641	-1260
13.2912940979	-1420
13.2913160324	-1420
13.2913541794	-1300
13.2913560867	-1380
13.2913939953	-1380
13.2915029526	-1420
13.2915229797	-1420
13.2915251255	-1300
13.3008041382	-1420
13.3008110523	-1420
13.3008589745	-1300
13.3009459972	543
13.3013250828	-1380
13.3226599693	-1380
13.3668870926	1057
13.3700621128	1057
13.3859131336	-1214
13.5811560154	-543
13.6173830032	-1420
13.617401123	-1340
13.6174690723	-1380
13.618956089	1057
13.6523959637	1057
13.6579961777	1057
13.6630079746	1057
13.722630024	-573
13.7229790688	-1420
13.7230401039	-1340
13.7231740952	-1380
13.7247819901	543
13.7274780273	543
13.7677941322	1057
13.8652219772	-30
13.8709449768	-1420
13.8710031509	-1420
13.8710069656	-1300
13.8754010201	543
13.8940191269	-1380
13.8942079544	543
13.9083881378	-1420
13.9084010124	-1340
13.9089031219	-1380
13.9170770645	-1420
13.9171290398	-1420
13.9171330929	-1300
13.9254350662	543
13.9260480404	543
13.9262571335	543
13.9437441826	-1420
13.9437520504	-1420
13.9438471794	-1300
13.9562840462	543
13.9593861103	543
13.9598901272	543
13.9601039886	543
13.960515976	543
13.9607231617	543
14.0108120441	-1380
14.0121531487	-75
14.0175709724	543
14.0433990955	-1380
14.0501110554	543
14.0504131317	1057
14.1398620605	-1380
14.1485631466	543
14.1535460949	-440
14.1922869682	-1380
14.2003660202	-1420
14.2003719807	-1340
14.2950770855	-1174
14.2963290215	543
14.2965190411	543
14.2967610359	543
14.3314189911	-1380
14.3341391087	543
14.3666779995	-1380
14.4386570454	-954
14.445166111	543
14.5234510899	-1380
14.6449091434	-1248
14.6797101498	-1420
14.6797280312	-1340
14.6940491199	-1420
14.694065094	-1340
14.7156100273	-1380
14.716299057	543
14.7166981697	1057
14.8189311028	-1380
14.8209490776	-60
14.9761881828	-1057
14.9794361591	1057
14.9855339527	543
15.0158131123	-543
15.0331280231	-1420
15.033149004	-1340
15.0332159996	-1380
15.1212639809	-573
15.2513439655	-1420
15.2513611317	-1340
15.251871109	-1380
15.2625191212	-573
15.2950501442	543
15.2967140675	543
15.4986820221	-543
15.5389840603	-543
15.6556091309	543
15.655711174	543
15.6892220974	-1057
15.6902680397	543
15.9025361538	-543
15.9159960747	1057
15.9587099552	1057
15.975620985	543
16.157749176	-543
16.2078261375	-1420
16.2079210281	-1340
16.279957056	-1420
16.2800090313	-1340
16.280025959	-1380
16.2819821835	543
16.2840709686	543
16.2885971069	543
16.2983579636	543
16.2985260487	543
16.2987201214	543
16.2988591194	543
16.3382790089	-383
16.3383631706	543
16.3417360783	543
16.3422031403	543
16.3423640728	543
16.3625500202	-1420
16.362555027	-1340
16.3987751007	-1380
16.3988640308	543
16.4834041595	-544
16.5766041279	-1420
16.5766210556	-1340
16.6477630138	-1380
16.6560721397	543
16.682543993	-117
16.8736140728	-1380
16.8755180836	1460
16.8756330013	111
16.8788709641	-734
17.2378091812	-1420
17.2379071712	-665
17.2453541756	1460
17.2455661297	111
17.2996211052	1057
17.590968132	-1057
19.3066930771	1057
19.6537001133	543
