0	-543
0.713343858719	-543
0.935154914856	543
0.935334920883	543
0.935581922531	543
0.995486021042	-543
1.15552997589	-543
1.41091990471	-543
1.41548681259	543
1.6671538353	-543
1.66736888885	543
1.93052887917	-543
2.02421593666	-1420
2.02428984642	-1316
2.14816784859	-891
2.15037798882	543
2.15418982506	543
2.17135000229	543
2.4258518219	-543
2.68118286133	-1086
2.68144202232	543
2.68158197403	543
2.93553590775	543
2.93563485146	543
2.94572997093	-543
3.03841996193	-1368
3.0980899334	-1368
3.10016989708	543
3.10887384415	-1007
3.14936995506	-1368
3.27344584465	-1260
3.28347396851	543
3.28574085236	543
3.39745187759	-543
3.3999838829	543
3.53419399261	-543
3.69811797142	-543
3.70432090759	543
3.82998085022	-543
3.85600686073	-1368
3.86002588272	-543
3.93470191956	543
3.93480086327	543
3.93485093117	543
3.96820282936	-543
3.98093390465	-746
4.01128482819	-1368
4.13518381119	-203
4.13594794273	543
4.55950188637	-543
4.69595885277	-543
4.94138598442	543
4.94148182869	543
5.10842990875	-543
5.2012360096	-1368
5.28537893295	-203
5.35157895088	1057
5.94142889977	543
6.15268301964	-543
6.17524981499	-543
6.41978693008	-543
6.55678987503	-543
6.64918088913	-1368
6.68100190163	-717
6.69693303108	1460
6.69704198837	625
6.9916408062	1057
7.38004088402	-543
7.38149499893	-1368
7.38187980652	-1420
7.3818860054	-1316
7.40230584145	-1420
7.40232300758	-1316
7.40237689018	-1368
7.47077894211	-1420
7.47083687782	-1316
7.50560998917	-1052
7.5446999073	543
7.55304789543	543
7.79978990555	-543
7.79999780655	543
7.9339158535	-543
7.93410301208	543
8.05856800079	-543
8.14606595039	-1420
8.14613580704	-1316
8.1864798069	-1368
8.18900680542	543
8.19027781487	543
8.236109972	-66
8.27843093872	-1420
8.27847886086	-1316
8.40023303032	-891
8.40241003036	543
8.40394997597	543
8.52441096306	-543
8.62824892998	-1368
8.6485388279	-232
8.7728509903	-1086
8.77307486534	543
8.89730381966	-1086
8.92422485352	-1368
8.94139885902	543
8.94149899483	543
9.04815793037	-203
9.04899787903	1460
9.04907393456	1460
9.04911494255	1161
9.04918694496	89
9.52679681778	-543
9.52710199356	-1420
9.52713489532	-1316
9.52759385109	-1420
9.52764701843	-1420
9.52764987946	-1264
9.55107688904	-1420
9.55109381676	-1420
9.55113101006	-1264
9.59726691246	-543
9.620210886	-1368
9.65158581734	-1420
9.65166783333	-1316
9.65172290802	-1420
9.65184092522	-1420
9.65190386772	-1264
9.65196585655	-1420
9.65201187134	-1420
9.65204787254	-1264
9.65208983421	-1420
9.65212488174	-1316
9.65216994286	-1420
9.65217280388	-1316
9.65243887901	543
9.67536401749	-1420
9.67537903786	-1420
9.67544102669	-1420
9.67544388771	-1420
9.67548084259	-1420
9.67548298836	-1108
9.77583503723	-1420
9.77585887909	-1316
9.77592301369	-1368
9.77609395981	-1420
9.77614283562	-1420
9.77614498138	-1264
9.77618789673	-1420
9.77618980408	-1420
9.77623200417	-1264
9.77623391151	-1420
9.77631402016	-1316
9.77631783485	-1420
9.77636289597	-1420
9.77636480331	-1420
9.77640986443	-1420
9.77641296387	-1420
9.7764480114	-1420
9.77644991875	-1056
9.77654290199	-1420
9.77655792236	-1420
9.77659583092	-1420
9.77659893036	-1420
9.77659988403	-1420
9.7766020298	-1108
9.77660298347	-1368
9.77671098709	-1368
9.77696490288	543
9.77712392807	543
9.79951786995	-1420
9.79953694344	-1420
9.79957580566	-1264
9.79957795143	-1080
9.79972100258	543
9.80462598801	-1420
9.80464196205	-1316
9.80514383316	-1368
9.80530381203	-1420
9.80532884598	-1316
9.80569291115	-1420
9.80573582649	-1420
9.80573797226	-1264
9.90041899681	-1420
9.9004368782	-1420
9.90049481392	-1264
9.90053081512	-1420
9.90057086945	-1420
9.90057301521	-1420
9.9006228447	-1212
9.90062594414	-1420
9.90068387985	-1420
9.90068793297	-1264
9.90077495575	-1420
9.9007768631	-1420
9.90084695816	-1264
9.90085101128	-1420
9.90089583397	-1420
9.90089893341	-1264
9.90094685555	-1420
9.90094995499	-1420
9.90098595619	-1264
9.90098881721	-1420
9.90105485916	-1316
9.9010579586	-1420
9.90109586716	-1420
9.9010989666	-1264
9.90139198303	1057
9.90216803551	-1420
9.90217399597	-1420
9.90223503113	-1264
9.90265393257	-1420
9.90269684792	-1420
9.90269994736	-1264
9.90278697014	-1368
9.90286684036	543
9.90304493904	-1420
9.90304803848	-1316
9.90319490433	-1420
9.90319895744	-1420
9.90325784683	-1420
9.9032599926	-1212
9.90329790115	-1368
9.90333890915	-1368
9.90352582932	-1368
9.90364289284	-1368
9.90373182297	-1420
9.90373492241	-1420
9.90377902985	-1264
9.90382385254	-1420
9.90386795998	-1316
9.90421891212	543
9.90460181236	-1368
9.90485191345	-1368
9.90546298027	-1368
9.90569782257	-1420
9.90573883057	-1316
9.90791487694	543
9.92189002037	-1368
9.92369580269	-1368
9.92881298065	-10
9.9902009964	-1420
9.99021792412	-1316
9.9904358387	-1420
9.99044084549	-1316
9.99047589302	-1368
9.99091100693	-1420
9.99091601372	-1316
9.99102592468	-1368
9.99135994911	-1368
9.99148082733	-1368
9.99171090126	-1420
9.99171590805	-1420
9.99176287651	-1264
9.99176597595	-1420
9.99181699753	-1316
9.99181985855	-1368
9.99193096161	-1368
9.99202990532	-1368
9.99211001396	543
9.99234890938	-1420
9.99235296249	-1316
9.99237990379	-1368
9.99246788025	-1368
10.0246698856	-1420
10.0246858597	-1420
10.024741888	-1420
10.0247449875	-1212
10.0247809887	-1420
10.024782896	-1420
10.0248179436	-1420
10.0248208046	-1212
10.0248668194	-1368
10.0377249718	-1420
10.0377910137	-1316
10.0379588604	543
10.0381088257	543
10.0829999447	-1420
10.0830178261	-1316
10.0831949711	-1420
10.0831978321	-1316
10.0833249092	-1368
10.0837748051	-1420
10.0838088989	-1316
10.0839040279	-1368
10.084045887	-1420
10.0840508938	-1316
10.0840749741	-1420
10.0840778351	-1316
10.0842039585	-1420
10.0842080116	-1420
10.0842468739	-1264
10.0843379498	-1368
10.084487915	-1368
10.084651947	-1368
10.0847349167	543
10.0847818851	-1420
10.0847849846	-1420
10.0847859383	-1264
10.0848858356	-1368
10.0849728584	-1420
10.0849769115	-1316
10.0852179527	-1420
10.0852229595	-1316
10.085351944	-1368
10.0855250359	-1368
10.0857329369	-1420
10.0857379436	-1316
10.0859630108	-1420
10.0859668255	-1420
10.0859878063	-1420
10.0859899521	-1212
10.0860059261	-1368
10.0860078335	-1368
10.0931179523	-577
10.1013770103	543
10.1755988598	-1420
10.1756160259	-1316
10.1756789684	-1368
10.1757698059	-1420
10.1758019924	-1316
10.1759779453	-1420
10.1760249138	-1420
10.1760280132	-1264
10.1760728359	-1368
10.1761529446	543
10.1764988899	-1420
10.1765058041	-1420
10.1765518188	-1264
10.1765549183	-1420
10.1765918732	-1316
10.199723959	-1368
10.2114498615	1460
10.2115249634	111
10.2214410305	1460
10.2214999199	111
10.248541832	543
10.2572278976	-844
10.2705609798	543
10.4307019711	543
10.5095629692	-543
10.5099499226	-1420
10.5100028515	-1316
10.5102310181	-1368
10.5103678703	-1420
10.5103728771	-1316
10.5103960037	-1420
10.5103988647	-1316
10.5104880333	543
10.5105879307	-1368
10.5107619762	-1420
10.5108129978	-1420
10.5108158588	-1264
10.5108578205	-1420
10.5108599663	-1420
10.5108969212	-1264
10.5114138126	543
10.5188598633	-1420
10.5188658237	-1316
10.5190758705	-1368
10.519138813	543
10.5191819668	-1368
10.5198140144	1057
10.5202298164	543
10.5205550194	543
10.5336129665	-1368
10.6031148434	-1420
10.6031668186	-1316
10.6035869122	-1420
10.6035919189	-1420
10.6036329269	-1264
10.6037080288	-1420
10.6037299633	-1316
10.6038110256	543
10.6038799286	-1420
10.6038818359	-1420
10.603883028	-1264
10.6039400101	-1420
10.6039419174	-1316
10.604036808	543
10.6041150093	-1368
10.604377985	-1420
10.6044168472	-1316
10.6090219021	-1420
10.6090679169	-1316
10.60907197	-1368
10.6093308926	-1420
10.609333992	-1420
10.6093738079	-1264
10.6095860004	-1368
10.610147953	-1420
10.6101508141	-1420
10.610188961	-1264
10.610491991	-1420
10.6105139256	-1420
10.6105158329	-1264
10.6107399464	543
10.6269350052	-1368
10.6341359615	-1143
10.6953690052	-1420
10.6953828335	-1316
10.6954820156	-1368
10.6958839893	-1368
10.6961808205	-1420
10.6961858273	-1420
10.6962280273	-1264
10.6963078976	-1420
10.6963598728	-1420
10.6963629723	-1420
10.6964118481	-1420
10.6964149475	-1160
10.6967940331	-1420
10.6967978477	-1316
10.69688797	-1420
10.6968920231	-1316
10.7006390095	1057
10.7024769783	-1420
10.7024829388	-1316
10.7025098801	-1420
10.7025139332	-1420
10.702534914	-1264
10.7027089596	-1420
10.7027490139	-1420
10.7027518749	-1264
10.702960968	-1420
10.7029650211	-1316
10.7030808926	-1420
10.703083992	-1316
10.7032029629	-1368
10.7033669949	-1368
10.7191588879	-1420
10.7191758156	-1420
10.7192339897	-1264
10.7194209099	543
10.7581558228	-241
10.7624390125	-1420
10.7624878883	-1316
10.7631759644	-1368
10.7901828289	-1420
10.7901978493	-1316
10.7907140255	-1368
10.790719986	-1368
10.7908539772	-1368
10.7934319973	-1420
10.7934758663	-1316
10.7937629223	-1420
10.7937858105	-1316
10.793982029	-1368
10.7940239906	-1420
10.7940268517	-1420
10.7940859795	-1264
10.7940878868	-1368
10.7942149639	-1420
10.794219017	-1316
10.7946128845	543
10.7947628498	-1368
10.7948620319	543
10.8023118973	-1420
10.8023200035	-1420
10.8023629189	-1264
10.8042578697	-1420
10.8043119907	-1316
10.8044068813	-1368
10.8045628071	-1420
10.8045678139	-1316
10.8047878742	-1420
10.804792881	-1316
10.8050758839	-1368
10.8050808907	-1420
10.8051018715	-1316
10.8052928448	-1368
10.8054718971	-1368
10.8254029751	-1420
10.8254699707	-1420
10.8254749775	-1264
10.8256540298	543
10.8808979988	-1420
10.8809218407	-1420
10.8809928894	-1420
10.8809969425	-1212
10.8811979294	-1420
10.8812029362	-1316
10.8812959194	-1368
10.8817670345	-1420
10.8818128109	-1420
10.8818149567	-1264
10.8852729797	-1420
10.8852820396	-1420
10.8853299618	-1264
10.8860769272	-1420
10.8861210346	-1316
10.8863008022	-1368
10.886548996	-790
10.8867049217	543
10.8875379562	-1368
10.8886229992	-1420
10.8886668682	-1420
10.8886699677	-1264
10.8887419701	-1420
10.8887448311	-1316
10.8889119625	543
10.8890399933	543
10.8891718388	543
10.9019188881	-1368
10.9020609856	-1368
10.902135849	-1420
10.9021389484	-1420
10.9021608829	-1264
10.9030878544	-1420
10.9031310081	-1420
10.9031338692	-1264
10.9032158852	-1368
10.903523922	-1420
10.9035489559	-1316
10.9036560059	-1368
10.9041948318	-1420
10.9041998386	-1420
10.904239893	-1264
10.904599905	543
10.9100329876	-1420
10.9100430012	-1420
10.9100909233	-1264
10.9741828442	-1420
10.9742000103	-1316
10.9743180275	-1368
10.9748649597	-1420
10.9748699665	-1420
10.9749128819	-1420
10.9749159813	-1212
10.974960804	-1420
10.9749639034	-1420
10.9750030041	-1264
10.9750049114	-1420
10.9750409126	-1420
10.97504282	-1264
10.9781048298	-1368
10.9784009457	-1420
10.9784560204	-1316
10.9784588814	-1420
10.9785039425	-1420
10.9785068035	-1264
10.9785468578	-1368
10.9786398411	-1420
10.9786798954	-1316
10.9786829948	-1368
10.9787559509	-1368
10.9821968079	543
10.9823818207	543
10.9825098515	543
10.9944319725	-1420
10.9944748878	-1420
10.9945349693	-1264
10.9945368767	-1368
10.9946470261	-1420
10.9946498871	-1316
10.9946889877	-1368
10.9947588444	-1420
10.9947988987	-1420
10.994800806	-1264
10.995005846	-1368
10.9951729774	-1420
10.9952130318	-1316
10.9953210354	-1420
10.9953598976	-1316
10.9954338074	-1420
10.995472908	-1316
10.9966759682	543
10.9976849556	-1420
10.9976899624	-1420
10.9977309704	-1264
11.0107078552	-461
11.0287029743	-1420
11.0287158489	-1316
11.0289578438	-1368
11.0715079308	-1420
11.0715208054	-1420
11.0715639591	-1264
11.0721478462	-1368
11.07228899	543
11.0733838081	-1368
11.0740168095	-1420
11.0740408897	-1316
11.0743169785	-1420
11.0743398666	-1316
11.0743899345	543
11.074682951	-1420
11.0746889114	-1420
11.0747559071	-1264
11.0747590065	-1368
11.0755729675	-1368
11.0757880211	-1368
11.0789809227	-1420
11.0789868832	-1316
11.0790908337	-1420
11.0790948868	-1420
11.0791330338	-1264
11.079447031	-1368
11.0798718929	-1420
11.079875946	-1316
11.0801148415	-1368
11.0802459717	543
11.0803968906	-1368
11.0805609226	-1368
11.080824852	-1368
11.0850458145	-1368
11.0851240158	-1368
11.0950050354	-1420
11.0950670242	-1420
11.0950708389	-1264
11.0954959393	-1420
11.0954999924	-1420
11.095541954	-1264
11.0959188938	-1420
11.0959439278	-1316
11.0960218906	-1368
11.0961778164	-1420
11.0961809158	-1316
11.0962610245	-1368
11.0964429379	543
11.096601963	543
11.0967860222	-1420
11.0967888832	-1420
11.0968308449	-1264
11.0968840122	-1368
11.0969848633	543
11.1191408634	-1420
11.1191589832	-1420
11.1192209721	-1264
11.1207659245	-1420
11.1208100319	-1420
11.1208138466	-1264
11.120965004	543
11.1210129261	-1368
11.1444079876	-1368
11.1527190208	-110
11.1528429985	543
11.1637349129	-1420
11.1637430191	-1420
11.1638000011	-1264
11.1642739773	-1420
11.1643109322	-1316
11.1643140316	-1368
11.1645510197	-1368
11.1645979881	-1368
11.1647109985	543
11.1647670269	-1420
11.1647698879	-1316
11.1648309231	-1368
11.1658468246	-1420
11.1658909321	-1420
11.1658928394	-1264
11.1681318283	-1368
11.1683290005	-1420
11.1683528423	-1316
11.170470953	-1420
11.170514822	-1420
11.1705169678	-1264
11.1706318855	-1368
11.1709058285	-1420
11.1709489822	-1420
11.1709518433	-1420
11.1709859371	-1420
11.1709878445	-1160
11.1984260082	-1420
11.1984410286	-1420
11.1984949112	-1264
11.1986358166	543
11.1989579201	-1420
11.1989629269	-1420
11.1990039349	-1264
11.1990818977	543
11.2007358074	-1420
11.20074296	-1420
11.2007889748	-1264
11.200906992	-1420
11.2009308338	-1316
11.2019250393	-1368
11.2026488781	-1420
11.2026548386	-1316
11.2027978897	-1420
11.2028028965	-1316
11.2028260231	-1368
11.213755846	-1420
11.213821888	-1420
11.2138259411	-1264
11.2138679028	-1420
11.2138698101	-1420
11.2139058113	-1264
11.2139079571	-1368
11.2140979767	543
11.2217328548	-1420
11.2217400074	-1316
11.2562828064	-1420
11.2563018799	-1420
11.2563958168	-1264
11.2663428783	-1420
11.2664029598	-1420
11.2664079666	-1264
11.26648283	-1368
11.2666728497	-1368
11.2669668198	-1420
11.2669718266	-1316
11.2669949532	-1420
11.2670559883	-1420
11.2670788765	-1264
11.2670810223	-1368
11.267444849	-1420
11.2674489021	-1420
11.2674880028	-1264
11.2677500248	-1420
11.2677929401	-1420
11.2677969933	-1264
11.2681369781	-1368
11.2689228058	543
11.269094944	543
11.2743959427	-1420
11.2744059563	-1420
11.2744548321	-1264
11.2746770382	-1420
11.2747018337	-1316
11.2754859924	-1420
11.2755358219	-1420
11.2755389214	-1264
11.2755768299	-1420
11.2755789757	-1316
11.2757198811	-1368
11.2758088112	543
11.276157856	543
11.2761769295	-1420
11.2761809826	-1316
11.2767498493	-1368
11.2879500389	-915
11.3151500225	-1420
11.3151619434	-1420
11.3152139187	-1264
11.3154468536	-1420
11.3154728413	-1316
11.3155770302	-1368
11.3160510063	-1420
11.3160560131	-1316
11.3162288666	-1368
11.3165669441	-1368
11.3166708946	543
11.3167369366	-1420
11.316740036	-1420
11.3167409897	-1264
11.3168628216	-1420
11.3168859482	-1316
11.3229448795	-1420
11.3230118752	-1420
11.3230159283	-1264
11.3233318329	-1420
11.3233368397	-1420
11.3233790398	-1264
11.3234789371	543
11.3235459328	-1420
11.3235478401	-1316
11.3236048222	-1368
11.3496329784	-1420
11.3496768475	-1420
11.3496818542	-1420
11.3497009277	-1212
11.3498258591	-1420
11.3498728275	-1420
11.349875927	-1264
11.349916935	-1368
11.3500590324	543
11.3559248447	-1420
11.3559339046	-1420
11.3559818268	-1264
11.3585438728	-1368
11.3587310314	-1420
11.3587348461	-1316
11.3587739468	-1368
11.3597848415	-1420
11.3598248959	-1420
11.3598279953	-1264
11.3603508472	-1420
11.360355854	-1316
11.360396862	-1420
11.3603999615	-1316
11.3604958057	-1420
11.3604989052	-1316
11.3607108593	543
11.366547823	-1368
11.3668549061	-1420
11.3669059277	-1420
11.3669090271	-1264
11.3669469357	-1420
11.3669500351	-1316
11.3670959473	-1420
11.3671000004	-1316
11.3672330379	-1420
11.367235899	-1420
11.3672749996	-1264
11.367276907	-1368
11.3674750328	-1368
11.3675529957	543
11.3853809834	-1420
11.3853969574	-1316
11.4074339867	-1420
11.4074509144	-1420
11.4075088501	-1264
11.4077398777	-1368
11.408012867	-1420
11.4080188274	-1316
11.408107996	543
11.4081699848	-1368
11.4086728096	-1420
11.408716917	-1316
11.4089789391	-1368
11.4092478752	-1420
11.409252882	-1316
11.40929389	-1368
11.4119780064	-253
11.4136178493	-1420
11.4136228561	-1316
11.4137220383	-1368
11.4217059612	-1420
11.4217848778	-1316
11.4217889309	-1368
11.4226748943	-1420
11.4226789474	-1420
11.4227190018	-1264
11.4231538773	-1368
11.4238820076	543
11.4292478561	-1420
11.4292588234	-1316
11.4423749447	-1420
11.4423949718	-1420
11.4425148964	-1420
11.4425189495	-1212
11.4425868988	-1420
11.4425899982	-1420
11.4426310062	-1264
11.4426329136	-1420
11.4426679611	-1316
11.4511549473	-1420
11.4512238503	-1420
11.451228857	-1264
11.4512658119	-1368
11.4513199329	-1368
11.4514758587	543
11.4515678883	-1420
11.451570034	-1420
11.4515709877	-1264
11.4515728951	-1368
11.4517168999	-1420
11.451720953	-1420
11.4517588615	-1264
11.4518790245	-1420
11.451900959	-1420
11.4519028664	-1264
11.4519798756	543
11.4529459476	-1420
11.4529509544	-1420
11.4529929161	-1264
11.4597558975	-1420
11.4598250389	-1420
11.4598288536	-1420
11.4598708153	-1420
11.4598739147	-1160
11.4599099159	-1368
11.4600729942	-1368
11.4603669643	-1420
11.4603719711	-1316
11.4608299732	-1368
11.4610178471	-1420
11.4610619545	-1420
11.4610648155	-1264
11.4617359638	-1420
11.4617550373	-1316
11.4662148952	1057
11.4729440212	543
11.4736869335	1460
11.4737358093	1139
11.4813399315	-1420
11.4813559055	-1316
11.4813928604	-1368
11.483812809	543
11.5229809284	-1420
11.5229988098	-1420
11.5230839252	-1264
11.5230879784	-1420
11.5231339931	-1316
11.5231659412	-1368
11.5234549046	-1368
11.5235579014	-1368
11.5235879421	-1368
11.5236418247	-1368
11.5238089561	-1420
11.5238118172	-1420
11.5238540173	-1264
11.5239768028	543
11.5293138027	-1420
11.5293238163	-1420
11.5293698311	-1264
11.5306110382	-1420
11.5306549072	-1420
11.5306568146	-1264
11.5361869335	-825
11.537804842	-1420
11.5378649235	-1316
11.5466248989	-1420
11.5466778278	-1420
11.546681881	-1264
11.5627069473	-1420
11.5627219677	-1420
11.562776804	-1264
11.5627799034	-1420
11.5628139973	-1420
11.5628168583	-1264
11.569314003	-1420
11.5693190098	-1420
11.5693588257	-1264
11.5697510242	-1368
11.5699138641	-1420
11.5699179173	-1420
11.569963932	-1264
11.5700750351	-1420
11.5701239109	-1316
11.5701258183	-1368
11.5702250004	-1368
11.5703208447	-1420
11.5703508854	-1316
11.5704648495	543
11.5706589222	-1420
11.5706629753	-1420
11.5706989765	-1264
11.57096982	-1420
11.571010828	-1420
11.5710139275	-1264
11.5712118149	-1420
11.5712149143	-1316
11.5713529587	-1420
11.5713558197	-1420
11.5713918209	-1264
11.5717828274	-1368
11.5772278309	-1420
11.577231884	-1316
11.578070879	-1420
11.5780768394	-1420
11.5781199932	-1264
11.5803468227	543
11.5857279301	-1420
11.5857379436	-1420
11.5857889652	-1264
11.5903139114	543
11.5908930302	543
11.6174049377	-1368
11.6174178123	-1420
11.6174778938	-1420
11.6174809933	-1264
11.6239650249	543
11.6243228912	543
11.64939785	-1420
11.6494159698	-1316
11.6504118443	-1420
11.650416851	-1316
11.6507220268	-1420
11.6507258415	-1420
11.6507549286	-1264
11.6510488987	-1420
11.6510949135	-1420
11.6510968208	-1264
11.6511619091	-1368
11.6512799263	-1420
11.6513249874	-1316
11.6513268948	-1368
11.6517798901	-1420
11.6517829895	-1420
11.6518008709	-1264
11.6528990269	543
11.6534638405	-1420
11.6534688473	-1316
11.6537959576	543
11.6539709568	1057
11.6578409672	-1420
11.6578509808	-1420
11.6579008102	-1264
11.6618139744	-635
11.6667249203	543
11.6688828468	543
11.6968598366	-1420
11.6968870163	-1420
11.6969249249	-1264
11.6980428696	-1420
11.6980998516	-1316
11.698102951	-1368
11.6986689568	-1420
11.6986830235	-1420
11.6987369061	-1264
11.6987388134	-1420
11.698786974	-1420
11.6987888813	-1264
11.6989428997	-1420
11.6989548206	-1420
11.6989998817	-1264
11.6990318298	-1420
11.699048996	-1420
11.6990509033	-1264
11.6990749836	-1368
11.6992139816	-1420
11.6992490292	-1420
11.6992509365	-1264
11.6997439861	-1420
11.6997480392	-1316
11.6998839378	-1368
11.7000789642	-1420
11.7000968456	-1420
11.7000989914	-1264
11.7007038593	-1420
11.7007079124	-1316
11.7009010315	-1368
11.7014558315	-1420
11.701458931	-1420
11.7014608383	-1264
11.7050130367	543
11.7053289413	543
11.7055139542	543
11.7134008408	-1420
11.7134149075	-1420
11.7134699821	-1264
11.7401888371	-1420
11.7402448654	-1420
11.7402498722	-1264
11.7403438091	-1368
11.740790844	-1420
11.7408378124	-1420
11.7408409119	-1420
11.7409060001	-1420
11.7409088612	-1420
11.7409598827	-1108
11.7409620285	-1420
11.7409968376	-1316
11.7409989834	-1420
11.7410328388	-1420
11.7410349846	-1264
11.7489488125	-1420
11.7489619255	-1420
11.7490060329	-1264
11.749008894	-1420
11.749024868	-1420
11.7490270138	-1264
11.7490429878	-1368
11.7494978905	-1420
11.7495288849	-1420
11.7495310307	-1264
11.7496418953	-1420
11.7496449947	-1316
11.7498118877	-1420
11.7498149872	-1420
11.7498579025	-1264
11.7521948814	543
11.7531089783	-1368
11.7533638477	-1420
11.7533898354	-1420
11.7534008026	-1420
11.7534179688	-1420
11.7534220219	-1160
11.7538809776	-1420
11.7538938522	-1316
11.7539429665	-1368
11.788672924	-1420
11.7887380123	-1420
11.7887408733	-1264
11.7933540344	-833
11.7986478806	-1420
11.7987129688	-1316
11.7987940311	-1368
11.7992749214	-1420
11.7992789745	-1420
11.7993459702	-1420
11.7993569374	-1212
11.7993938923	-1368
11.7995319366	-1368
11.8066868782	-1420
11.8066928387	-1420
11.8067359924	-1264
11.8134508133	-1420
11.8135018349	-1420
11.8135049343	-1264
11.814152956	-1420
11.8141670227	-1420
11.8142068386	-1420
11.814209938	-1212
11.8151648045	-1420
11.8151788712	-1420
11.8152580261	-1420
11.8152608871	-1212
11.8153028488	-1420
11.8153049946	-1316
11.8154759407	543
11.8158729076	-1420
11.8158779144	-1316
11.8162670135	-1420
11.8162720203	-1420
11.8163499832	-1264
11.8163528442	-1420
11.8164079189	-1420
11.8164110184	-1264
11.8223068714	-1420
11.822314024	-1420
11.8223569393	-1264
11.8224380016	543
11.8309218884	-1368
11.8549108505	-1420
11.8550159931	-1420
11.8550209999	-1264
11.8550608158	-1420
11.8550639153	-1420
11.8550980091	-1264
11.8555879593	-1420
11.8556318283	-1420
11.8556349277	-1264
11.8557128906	-1420
11.8557159901	-1420
11.8557429314	-1264
11.8560659885	-1420
11.8560979366	-1420
11.856099844	-1264
11.856115818	-1368
11.856197834	-1420
11.856238842	-1316
11.8697288036	-1420
11.8697879314	-1420
11.8697919846	-1264
11.8699429035	543
11.8704838753	-1420
11.8704888821	-1420
11.8705189228	-1264
11.8705849648	-1368
11.870705843	543
11.8710110188	-1368
11.8711519241	-1420
11.8711948395	-1316
11.8718559742	-1420
11.871917963	-1420
11.8719208241	-1264
11.8719689846	-1368
11.8721759319	-1420
11.8722438812	-1420
11.8722469807	-1420
11.8722848892	-1212
11.8722889423	-1368
11.8725500107	-1368
11.8726918697	543
11.8727829456	-1420
11.8727869987	-1420
11.8728070259	-1264
11.8730769157	-1420
11.8731179237	-1316
11.8733389378	-1368
11.9028499126	-1368
11.9030799866	-1420
11.9031770229	-1316
11.903179884	-1368
11.9033119678	-1420
11.9033148289	-1316
11.9033539295	-1368
11.9036769867	-1420
11.9037330151	-1316
11.9038980007	-1420
11.9039390087	-1420
11.9039418697	-1264
11.9039769173	-1368
11.9127109051	-1420
11.9127578735	-1316
11.9179778099	-1368
11.9181418419	-1420
11.9181449413	-1316
11.9192659855	-1420
11.9192688465	-1420
11.9193048477	-1264
11.9196429253	-1420
11.9196789265	-1420
11.9196808338	-1264
11.9200878143	-1420
11.9200909138	-1316
11.9201638699	-1420
11.9201669693	-1420
11.9202139378	-1420
11.9202158451	-1212
11.9202508926	-1420
11.9202530384	-1316
11.9205999374	-1420
11.9206039906	-1316
11.9206938744	-1420
11.9206969738	-1420
11.9206979275	-1264
11.9208388329	543
11.9210278988	543
11.9212408066	543
11.9227049351	-1206
11.9285449982	-1420
11.9285919666	-1420
11.9285948277	-1264
11.9286308289	-1368
11.941617012	-1420
11.9416799545	-1316
11.9525718689	-1420
11.9526200294	-1420
11.9526250362	-1264
11.9528729916	-1420
11.9528768063	-1316
11.9529879093	-1368
11.9532659054	-1420
11.9532859325	-1420
11.9532968998	-1420
11.9533128738	-1212
11.9566819668	543
11.9584639072	-1420
11.9584698677	-1316
11.9585669041	-1420
11.958578825	-1316
11.9586548805	-1420
11.9586570263	-1316
11.9587829113	543
11.9663510323	-1420
11.9663739204	-1316
11.9760329723	-1420
11.9760489464	-1316
11.9761059284	-1368
11.9768199921	-1420
11.9768788815	-1316
11.9768819809	-1420
11.9769508839	-1420
11.9769539833	-1264
11.9770798683	-1368
11.9771769047	543
11.9773089886	-1420
11.9776029587	-1316
11.9776318073	-1368
11.9777519703	-1420
11.9777998924	-1420
11.9778029919	-1264
11.977850914	-1420
11.9778528214	-1316
11.9779839516	-1368
11.9780800343	-1420
11.9781110287	-1420
11.978112936	-1264
11.9782159328	-1368
11.9782898426	-1368
11.9785628319	-1420
11.9785659313	-1316
11.9819879532	-1368
11.9820690155	543
12.0072109699	-1420
12.0072259903	-1420
12.0072820187	-1264
12.0074369907	-1368
12.00801301	-1368
12.0081558228	-1420
12.0081889629	-1316
12.0085258484	-1368
12.0088629723	-1420
12.008867979	-1420
12.0089068413	-1264
12.0158560276	-1420
12.0159189701	-1420
12.0159218311	-1264
12.0161578655	543
12.0165989399	-1368
12.0176539421	-1420
12.0177009106	-1316
12.0184729099	-1368
12.0188269615	-1368
12.0188989639	543
12.0297260284	-1420
12.0297408104	-1316
12.0526719093	-1012
12.1159739494	-1420
12.1159918308	-1420
12.116052866	-1264
12.1167290211	-1368
12.1173689365	-1368
12.117743969	-1420
12.117784977	-1316
12.118024826	-1368
12.1183388233	-1420
12.1183419228	-1316
12.1183788776	-1368
12.1191029549	-1420
12.1191239357	-1420
12.119125843	-1264
12.1195368767	-1420
12.1195399761	-1420
12.1195759773	-1264
12.1197600365	-1420
12.1197788715	-1316
12.1198740005	-1420
12.1199119091	-1316
12.1199758053	-1368
12.1203079224	-1420
12.1203110218	-1316
12.1204948425	-1420
12.120497942	-1420
12.1204988956	-1264
12.1206009388	-1420
12.1206028461	-1420
12.1206028461	-1264
12.1206040382	-1368
12.1207239628	-1420
12.1207280159	-1316
12.1210329533	543
12.1211168766	-1368
12.1212968826	-1368
12.1213138103	543
12.121505022	543
12.1219069958	-1368
12.1220588684	-1420
12.1220839024	-1420
12.1220870018	-1264
12.1221628189	-1368
12.1222939491	-1420
12.1223218441	-1316
12.1224479675	-1420
12.1224880219	-1316
12.1224908829	-1420
12.1225259304	-1420
12.1225278378	-1264
12.1227169037	-1420
12.1227200031	-1316
12.1227679253	-1368
12.1229770184	-1420
12.1230180264	-1420
12.1230199337	-1264
12.1231358051	-1420
12.1231389046	-1420
12.1231789589	-1264
12.1232738495	-1420
12.1233148575	-1420
12.1233170033	-1264
12.1234920025	543
12.1235539913	-1420
12.1235558987	-1316
12.1236069202	-1420
12.1236078739	-1420
12.1236088276	-1264
12.1237268448	-1420
12.1237289906	-1420
12.1237299442	-1264
12.1238138676	-1420
12.1238160133	-1316
12.1239259243	-1420
12.1239278316	-1316
12.1240689754	-1420
12.1240730286	-1420
12.1241118908	-1264
12.1241970062	543
12.1243388653	-1368
12.1244800091	-1368
12.1246650219	-1420
12.1246678829	-1316
12.1247508526	-1368
12.1248478889	-1420
12.1248688698	-1316
12.1249828339	-1420
12.125002861	-1420
12.1250050068	-1264
12.1250059605	-1368
12.1250948906	-1420
12.1250970364	-1316
12.125232935	-1420
12.1252360344	-1316
12.1253349781	-1420
12.1253368855	-1316
12.1255090237	-1368
12.1256299019	-1420
12.1256330013	-1316
12.1286230087	543
12.1397259235	-1420
12.139744997	-1316
12.1400399208	-1368
12.1401538849	-1420
12.1401848793	-1316
12.1404080391	-1420
12.1404838562	-1420
12.1404869556	-1264
12.1405308247	-1420
12.1405339241	-1316
12.1408209801	-1368
12.1410758495	-1420
12.1411149502	-1316
12.1413929462	-1420
12.1414368153	-1420
12.1414399147	-1264
12.1414849758	-1368
12.1415510178	-1368
12.1418998241	-1420
12.1419038773	-1316
12.1420760155	-1420
12.1420798302	-1420
12.1421189308	-1264
12.1447238922	543
12.1449408531	543
12.1451740265	543
12.1531729698	-1420
12.1531980038	-1420
12.1532378197	-1264
12.1740000248	-1420
12.1740548611	-1316
12.1747288704	-1368
12.1750068665	-1368
12.1753168106	-1368
12.1753399372	-1368
12.1755058765	-1420
12.1755459309	-1316
12.1755490303	-1368
12.1758978367	-1420
12.1759018898	-1420
12.1759428978	-1264
12.1913609505	-1420
12.1914248466	-1420
12.1914288998	-1264
12.1914739609	-1420
12.1914758682	-1316
12.1915829182	-1368
12.1917529106	543
12.191808939	-1420
12.1918108463	-1316
12.1919670105	543
12.1920788288	-1420
12.1920800209	-1316
12.192127943	-1368
12.2103278637	-1420
12.2103979588	-1420
12.2104020119	-1264
12.2107000351	-1420
12.2107038498	-1420
12.2107448578	-1264
12.2113258839	-1420
12.2113809586	-1420
12.2113838196	-1420
12.2114198208	-1420
12.2114219666	-1160
12.211591959	543
12.2193439007	-1420
12.2193539143	-1420
12.2194030285	-1264
12.2194058895	-1420
12.2194399834	-1420
12.2194418907	-1264
12.2198748589	-1420
12.2198798656	-1420
12.2199218273	-1420
12.2199239731	-817
12.2203729153	-1368
12.2208518982	-1420
12.220897913	-1420
12.2209010124	-1264
12.2255129814	-1420
12.2255198956	-1420
12.2255659103	-1264
12.2257168293	543
12.2270898819	-1368
12.2277908325	-1420
12.2278449535	-1316
12.2365448475	-1420
12.2365958691	-1420
12.2365999222	-1264
12.2369298935	-1420
12.2369339466	-1316
12.2406508923	543
12.2588949203	-1420
12.2589099407	-1420
12.2589468956	-1264
12.2633879185	1460
12.2634429932	111
12.2649769783	-1420
12.2649838924	-1420
12.2650508881	-1264
12.2666668892	-1420
12.2667160034	-1420
12.2667198181	-1264
12.2758638859	-1368
12.2758789062	-1368
12.2759799957	-1368
12.2763438225	-1420
12.2764139175	-1316
12.276417017	-1368
12.2768549919	-1420
12.2768588066	-1316
12.2768800259	-1368
12.2814478874	543
12.2919569016	-1420
12.2919719219	-1420
12.2920279503	-1420
12.2920308113	-1212
12.2921938896	-1420
12.2921979427	-1420
12.2922348976	-1264
12.292798996	-1420
12.2928369045	-1420
12.292840004	-1264
12.2930748463	-1420
12.2930779457	-1420
12.2931149006	-1264
12.2934498787	-1420
12.2934908867	-1420
12.2934930325	-1264
12.2936558723	-1368
12.3025159836	-1368
12.3025858402	-1420
12.302590847	-1316
12.3027369976	543
12.3029339314	-1420
12.3029580116	-1316
12.3029990196	-1368
12.3032820225	-1420
12.3033158779	-1420
12.3033189774	-1264
12.3034279346	543
12.3104729652	-1368
12.3104879856	-1368
12.3105659485	-1368
12.310726881	-1420
12.3107569218	-1316
12.3108398914	-1420
12.310890913	-1420
12.3109018803	-1420
12.3109388351	-1212
12.3109409809	-1368
12.3187358379	-1420
12.3187420368	-1420
12.3187959194	-1264
12.3187978268	-1420
12.3188400269	-1316
12.3189439774	-1368
12.3210809231	-1420
12.3210959435	-1420
12.3211679459	-1264
12.3295400143	-1420
12.3295879364	-1420
12.3295919895	-1264
12.3297438622	-1420
12.3297469616	-1420
12.3297848701	-1264
12.3299088478	-1368
12.3300259113	-1420
12.3300378323	-1420
12.3300759792	-1264
12.3302249908	543
12.3444588184	-119
12.3513770103	543
12.353386879	-1420
12.3533928394	-1420
12.3534379005	-1264
12.3683438301	-1420
12.3684039116	-1316
12.3686280251	-1368
12.3689379692	-1420
12.3689408302	-1316
12.3691778183	-1368
12.3693380356	-1420
12.3693568707	-1420
12.3693590164	-1264
12.3698909283	-1420
12.3698940277	-1420
12.3699288368	-1264
12.3715078831	543
12.3850908279	-1420
12.3851029873	-1316
12.3853898048	-1368
12.38595891	-1420
12.3860030174	-1316
12.3868448734	-1368
12.3873460293	-1420
12.3873510361	-1420
12.3873839378	-1264
12.3876008987	-1420
12.3876438141	-1316
12.3876469135	-1368
12.3957569599	-1420
12.3957810402	-1420
12.3958489895	-1264
12.3958518505	-1368
12.3959269524	-1420
12.3959288597	-1316
12.3960938454	543
12.3962519169	-1420
12.39625597	-1420
12.3963389397	-1420
12.396340847	-1212
12.3963809013	-1368
12.3965849876	-1420
12.3966338634	-1316
12.3966369629	-1368
12.3967678547	543
12.40325284	-1420
12.4032628536	-1316
12.4033288956	-1368
12.4035618305	-1420
12.4035868645	-1316
12.4038670063	-1420
12.4039108753	-1420
12.4039139748	-1420
12.4039490223	-1212
12.4039509296	-1368
12.4041099548	543
12.4071538448	-1420
12.4071629047	-1420
12.407212019	-1264
12.411468029	-1420
12.4115579128	-1420
12.4115610123	-1420
12.4115989208	-1212
12.4202849865	-1368
12.4203338623	-1368
12.4208638668	-1420
12.4209179878	-1420
12.4209208488	-1420
12.4209678173	-1420
12.4209709167	-1160
12.4210059643	-1420
12.4210078716	-1316
12.4211478233	543
12.4308719635	-1420
12.4308860302	-1420
12.4309430122	-1264
12.4514620304	-1420
12.4515309334	-1420
12.4515349865	-1264
12.4608969688	-1420
12.4609129429	-1420
12.4609589577	-1264
12.4611890316	-1420
12.4612338543	-1420
12.4612369537	-1264
12.4613139629	-1420
12.461316824	-1316
12.4614818096	543
12.4615418911	-1368
12.4616160393	-1420
12.4616458416	-1420
12.4616479874	-1264
12.4617660046	543
12.4748899937	-1420
12.4749019146	-1420
12.4749538898	-1264
12.4759469032	-1420
12.475979805	-1420
12.4759819508	-1264
12.4773929119	-583
12.4986379147	-1420
12.498696804	-1420
12.4986999035	-1264
12.5810809135	-1368
12.5917289257	-1368
12.592320919	-1368
12.5928878784	-1420
12.5929338932	-1420
12.5929379463	-1264
12.6019318104	-1368
12.6019468307	-1420
12.6019899845	-1316
12.6021258831	543
12.622674942	-380
12.6709208488	-1420
12.6709399223	-1420
12.6709759235	-1264
12.7868728638	-66
12.787309885	543
13.1160948277	543
13.1243078709	543
13.1361598969	-543
13.2286410332	-1368
13.2602148056	-717
13.2606618404	543
13.3218839169	543
13.3846299648	-543
13.3848190308	543
13.5412378311	-543
13.541435957	543
13.6653850079	-543
13.7897899151	-543
13.9208769798	-1420
13.9209339619	-1316
13.9209640026	-1368
13.92116189	543
13.9652168751	-1152
13.9675400257	543
13.9714798927	543
14.0555779934	-1420
14.0556089878	-1316
14.12906003	-891
14.1292278767	543
14.1331119537	543
14.1336638927	543
14.1754198074	-1368
14.2581968307	-775
14.2670168877	-1368
14.3821959496	-717
14.400053978	543
14.4023859501	1460
14.402438879	1139
14.5065698624	-1086
14.5082519054	543
14.632972002	-543
14.8372018337	-1086
14.844630003	543
14.9333479404	-1368
14.9345238209	543
14.9345889091	543
14.9346938133	543
14.9347498417	1057
14.96139884	-804
15.1219940186	-543
15.2941808701	-543
15.2947909832	543
15.4192779064	-543
15.5831179619	-1086
15.6422829628	-543
15.7473618984	-1057
15.7821958065	1057
15.7825658321	1057
15.7852458954	543
15.9613690376	543
16.2377150059	-543
16.2379598618	543
16.3282220364	-543
16.5056009293	-543
16.5982220173	-1420
16.5982809067	-1316
16.7091448307	-891
16.7113318443	543
16.7129719257	543
16.9778459072	-543
17.1421058178	-543
17.2663428783	-543
17.2671108246	543
17.5529818535	-543
17.6651890278	-543
17.7171850204	-543
17.7221829891	543
17.9789328575	-543
17.9791109562	543
18.2367758751	-543
18.2374689579	-1368
18.2375879288	-1368
18.2613589764	-1420
18.2614350319	-1420
18.2614409924	-1264
18.3330619335	-1420
18.3330788612	-1316
18.3619699478	-1363
18.3642449379	543
18.3658189774	543
18.6334779263	-543
18.8060388565	-543
18.9701588154	-543
18.9711668491	543
19.1375799179	-543
19.2472758293	-543
19.2946109772	543
19.3127880096	543
19.3216919899	543
19.3247969151	543
19.3272018433	543
19.5552079678	-543
19.5554280281	543
19.6799960136	-543
19.6803069115	543
19.7911548615	-1368
19.7914009094	543
19.8051939011	-1318
19.8318579197	-1420
19.8319549561	-1316
19.9248960018	-1368
19.9254159927	543
19.9292860031	-638
19.9389688969	-1420
19.939041853	-1316
19.9488790035	-1368
19.9534628391	543
19.979364872	-1368
19.9913258553	543
20.0484209061	-1420
20.0484378338	-1316
20.0532958508	-190
20.0635328293	543
20.0639028549	543
20.0791499615	-1368
20.1711518764	-1368
20.1778199673	-978
20.1869869232	543
20.1875720024	543
20.2428319454	-1420
20.2428560257	-1316
20.3021099567	-949
20.3112640381	543
20.3873419762	-1368
20.3992199898	543
20.3999209404	543
20.4262588024	-232
20.4264128208	543
20.5409698486	-1368
20.5502078533	-261
20.6743369102	-543
20.678650856	543
20.7712638378	-1368
20.7714779377	543
20.8031170368	-261
20.8118560314	543
20.9275658131	-543
21.0517909527	-1086
21.0543308258	1460
21.0544500351	111
21.0756819248	-1368
21.0819299221	543
21.1779959202	-1368
21.1788978577	-1036
21.1806340218	543
21.270583868	-1368
21.3033239841	-746
21.3051218987	543
21.4521868229	-543
21.5864698887	-1420
21.5864868164	-151
21.601598978	1460
21.6016759872	111
21.7105979919	-543
21.8502628803	-1086
22.0268909931	-1086
22.1920599937	-1086
