0	543
0.252137184143	-543
0.252343177795	543
0.487079143524	-543
0.487910032272	-1368
0.488530158997	-1420
0.488535165787	-1316
0.515067100525	-1420
0.515081167221	-1316
0.609461069107	-472
0.611698150635	543
0.612497091293	543
0.83620595932	-543
1.25867605209	-543
1.26244711876	-1420
1.26248311996	-1316
1.32698297501	-1368
1.3713350296	543
1.37966799736	543
1.38014507294	-638
1.49085617065	-1420
1.49092411995	-1420
1.49096298218	-1264
1.49100017548	-1368
1.49114108086	-1420
1.49117517471	-1316
1.50182795525	-1218
1.50655698776	-1420
1.50660610199	-1316
1.60862207413	-1420
1.60863900185	-1316
1.60882806778	1057
1.60904812813	543
1.61243915558	-1420
1.61244416237	-1316
1.61248612404	-1368
1.61260199547	-1420
1.61262607574	-1316
1.6127820015	-1420
1.61282205582	-1316
1.62820196152	-1176
1.62962698936	-1420
1.62963318825	-1316
1.69268703461	-1420
1.6927011013	-1420
1.69275617599	-1264
1.69275903702	-1368
1.73421597481	-1420
1.73422908783	-1420
1.73430418968	-1420
1.7343070507	-1420
1.73435902596	-1420
1.73436403275	-1108
1.734416008	-1420
1.73441910744	-1316
1.7344660759	-1368
1.73459911346	-1420
1.73464798927	-1420
1.73465108871	-1264
1.73468804359	-1368
1.73484706879	543
1.7799270153	-1420
1.77996706963	-1316
1.78005695343	-1420
1.78006100655	-1420
1.78014206886	-1264
1.78044295311	543
1.85419297218	-1420
1.85421013832	-1420
1.85426497459	-1420
1.85426902771	-1420
1.85430407524	-1160
1.85430717468	-1368
1.85629200935	-1420
1.85629796982	-1420
1.85633707047	-1264
1.85642409325	-1420
1.85647797585	-1420
1.85648107529	-1264
1.85657811165	-1368
1.85658097267	-1420
1.85662102699	-1420
1.85662412643	-1264
1.85667800903	-1368
1.85677409172	1057
1.86794710159	-1420
1.86796402931	-1420
1.86800312996	-1264
1.86800503731	-1420
1.86802411079	-1316
1.90756511688	-1420
1.9076821804	-1420
1.90768718719	-1264
1.90773510933	-1368
1.90773797035	-1420
1.90778207779	-1420
1.90778398514	-1264
1.9078309536	-1420
1.90783405304	-1316
1.90806412697	543
1.97821116447	-1420
1.97822999954	-1420
1.97828698158	-1420
1.97829008102	-1420
1.97832608223	-258
1.98128795624	543
2.09969997406	-543
2.15503811836	-1420
2.15506196022	-1420
2.15511012077	-1264
2.2609000206	-1123
2.26287412643	543
2.26367402077	1460
2.26375412941	1460
2.26380205154	707
2.38250899315	-543
2.50793910027	-543
2.59998416901	543
2.6666829586	-1420
2.66669917107	-1316
2.66682004929	-1368
2.66783809662	-1420
2.66784715652	-1420
2.66789102554	-1264
2.66806197166	543
2.66878700256	-675
2.66950011253	-1368
2.69158196449	-1420
2.69159698486	-1420
2.69165897369	-1264
2.70075011253	-1368
2.70105218887	-1420
2.70105695724	-1316
2.70112609863	-1368
2.70112895966	-1368
2.701431036	-1368
2.7015171051	543
2.70197701454	-1420
2.70198202133	-1316
2.70240998268	-1368
2.70292496681	-1420
2.70297312737	-1420
2.70297598839	-1264
2.70617413521	-1368
2.73997807503	-1368
2.75101900101	-1368
2.78842997551	-1420
2.78844213486	-1316
2.78847908974	-1420
2.78848218918	-1316
2.78871703148	-1420
2.78872203827	-1420
2.78877615929	-1264
2.78877902031	-1368
2.78887915611	-1420
2.78888297081	-1420
2.78892302513	-1264
2.7889251709	-1420
2.78895998001	-1316
2.78913211823	543
2.79887318611	-1420
2.79889798164	-1420
2.79896998405	-1264
2.79897212982	-1368
2.79901599884	-1420
2.79901814461	-1420
2.79905509949	-1210
2.80999898911	543
2.81318306923	-1420
2.81318998337	-1420
2.81323504448	-1420
2.81323695183	-1212
2.82463598251	-1420
2.8246421814	-1420
2.82468700409	-1264
2.82469010353	-1368
2.82495212555	-1420
2.82496500015	-1316
2.82506418228	-1420
2.82509112358	-1420
2.82515215874	-1264
2.82515501976	-1420
2.82520914078	-1420
2.82521104813	-1264
2.82524704933	-1420
2.82524895668	-1316
2.82528305054	-1368
2.8300101757	543
2.84879612923	-1420
2.84880518913	-1316
2.84885811806	-1368
2.88701915741	-1420
2.88708806038	-1420
2.88709712029	-1264
2.91089296341	-1420
2.91092205048	-1420
2.91101312637	-1420
2.9110159874	-1420
2.91106295586	-1160
2.91107416153	-1420
2.91113615036	-1420
2.91113901138	-1264
2.91120195389	-1368
2.91120505333	-1420
2.91137313843	-1420
2.91137599945	-1264
2.91142702103	-1420
2.91143012047	-1420
2.91148710251	-1264
2.91148996353	-1420
2.91154909134	-1420
2.91155195236	-1264
2.91160202026	-1368
2.92125797272	543
2.92154812813	543
2.93487811089	-1420
2.93490314484	-1420
2.93496417999	-1264
2.93496704102	-1420
2.93501114845	-1420
2.93501400948	-1264
2.93502998352	-1420
2.93503212929	-1420
2.93505811691	-1264
2.93506002426	-1368
2.93531298637	543
2.93535518646	-1420
2.93535804749	-1420
2.93535900116	-1264
2.9468331337	-1420
2.94690704346	-1420
2.94691205025	-1264
2.94695711136	-1420
2.94695901871	-1420
2.94697809219	-1420
2.94697999954	-1212
2.94703102112	-1420
2.94703412056	-1420
2.94705200195	-1264
2.94713711739	-1420
2.94717812538	-1316
2.9471809864	-1420
2.94719696045	-1420
2.94719910622	-1264
2.95955014229	543
2.96013617516	1460
2.96019005775	1460
2.96056818962	707
2.96076703072	543
2.96122813225	543
2.96164703369	543
2.96993708611	1086
2.9703950882	-1420
2.97040200233	-1420
2.97045707703	-1264
2.97046113014	-1368
2.9705350399	-1420
2.97053813934	-1420
2.97056698799	-1264
2.97056913376	-1420
2.97058701515	-1316
2.98005318642	543
3.02920913696	-1420
3.02922797203	-1420
3.02928495407	-1420
3.02928900719	-1212
3.02933096886	-1368
3.03306603432	-1420
3.03312802315	-1420
3.03313207626	-1264
3.03314900398	-1368
3.03315210342	-1420
3.03316712379	-1420
3.03316903114	-1264
3.03319716454	-1420
3.03320097923	-1420
3.033244133	-1264
3.03324699402	-1420
3.03326797485	-1420
3.03327012062	-1264
3.03329706192	-1368
3.03345608711	-1420
3.03348517418	-1420
3.03349614143	-1264
3.0335149765	-1420
3.03351712227	-1420
3.03353404999	-1264
3.03366708755	-1420
3.03370404243	-1316
3.0337061882	-1420
3.03372311592	-1316
3.04000496864	543
3.04039311409	543
3.05092906952	-1420
3.05093812943	-1316
3.05693602562	-1420
3.05694198608	-1420
3.05701899529	-1264
3.05702209473	-1368
3.05708098412	-1420
3.05710196495	-1420
3.05716514587	-1264
3.0571680069	-1368
3.05722498894	-1420
3.05722808838	-1420
3.05729317665	-1264
3.057295084	-1368
3.05733203888	-1420
3.05733418465	-1420
3.05737495422	-1264
3.05737709999	-1368
3.06854104996	-1420
3.06855010986	-1316
3.0686981678	-1420
3.0687019825	-1316
3.06872415543	-1368
3.06886696815	543
3.06915998459	543
3.09234213829	-1368
3.09235811234	-1368
3.09243011475	-1420
3.09243297577	-1420
3.0925590992	-1420
3.09256315231	-1420
3.09264206886	-1160
3.09265398979	-1368
3.09277296066	-1420
3.09277701378	-1420
3.0928170681	-1264
3.09282016754	-1420
3.09285616875	-1420
3.0928580761	-1420
3.09289216995	-1212
3.0928940773	-1368
3.09293699265	-1420
3.09294009209	-1420
3.09297609329	-1264
3.09297800064	-1368
3.09326004982	543
3.0934779644	543
3.15075707436	-1420
3.15078115463	-1420
3.15082812309	-1264
3.15083217621	-1368
3.15087413788	-1420
3.15087795258	-1420
3.15090799332	-1264
3.15091109276	-1420
3.15093898773	-1420
3.1509411335	-1264
3.15095901489	-1368
3.15106701851	-1368
3.1513030529	543
3.15483903885	-1420
3.15485501289	-1420
3.15490818024	-1264
3.1549270153	-1420
3.15494918823	-1420
3.15495109558	-1264
3.15498399734	-1420
3.15498614311	-1316
3.15511703491	-1420
3.15512108803	-1420
3.155148983	-271
3.17681407928	-1420
3.17688298225	-1420
3.17688703537	-1264
3.17692613602	-1368
3.17692804337	-1420
3.17696499825	-1316
3.17713809013	543
3.1826980114	-1420
3.18270516396	-1316
3.18274903297	-1368
3.18480706215	-1420
3.18485307693	-1316
3.18643808365	-1368
3.18654608727	543
3.1877219677	-1420
3.18772816658	-1316
3.19013404846	-1420
3.19014000893	-1420
3.19017314911	-1264
3.19099998474	-1368
3.19278001785	-1420
3.19278597832	-1420
3.19281196594	-1264
3.19781112671	-1420
3.19794201851	-1420
3.19794607162	-1264
3.19799208641	-1420
3.19799399376	-1420
3.19803118706	-1264
3.19803309441	-1420
3.19806814194	-1316
3.19807004929	-1368
3.19822907448	543
3.20584416389	-1420
3.20585012436	-1420
3.20593810081	-1264
3.20594215393	-1420
3.20600414276	-1420
3.20600700378	-1264
3.20613002777	-1368
3.20613312721	-1420
3.20617198944	-1316
3.20617413521	-1420
3.20621013641	-1316
3.20642495155	-1368
3.2065320015	543
3.20665407181	-1420
3.20665812492	-1316
3.21419405937	-1420
3.21420001984	-1420
3.21424913406	-1264
3.21425199509	-1368
3.2142791748	-1420
3.21428108215	-1316
3.21430802345	-1420
3.21431016922	-1420
3.21432518959	-1420
3.21432709694	-1212
3.21451401711	543
3.22101306915	543
3.24775314331	-1420
3.24776101112	-1420
3.24781298637	-1264
3.24781608582	-1420
3.24783396721	-1420
3.24783611298	-1420
3.2478621006	-1212
3.24798417091	-1368
3.24801707268	-1420
3.24801898003	-1316
3.24803709984	-1420
3.24803900719	-1420
3.24805402756	-1420
3.24805617332	-1212
3.24823307991	-1420
3.24823713303	-1316
3.24839496613	-1420
3.24839901924	-1316
3.24847912788	-1420
3.24848198891	-1420
3.24852013588	-1264
3.24867200851	543
3.24871206284	-1368
3.25781798363	-1420
3.25784611702	-1316
3.27778601646	-1420
3.27791309357	-1316
3.27791595459	-1368
3.27797102928	-1420
3.27797412872	-1420
3.27806806564	-1264
3.27807116508	-1420
3.27814102173	-1420
3.2781431675	-1264
3.27819609642	-1368
3.27819895744	-1420
3.27823495865	-1316
3.27823805809	-1420
3.27830410004	-1420
3.27830696106	-1264
3.27840399742	-1420
3.27858400345	-1316
3.27862405777	-1420
3.27862715721	-1420
3.27866196632	-1264
3.27866506577	-1420
3.2787001133	-1420
3.27870512009	-1420
3.27874207497	-1212
3.27874398232	-1368
3.2788310051	-1420
3.27883410454	-1316
3.27887105942	-1420
3.27887415886	-1316
3.27891016006	-1420
3.27891302109	-1316
3.2791249752	543
3.27933597565	543
3.27959513664	543
3.30643415451	-1420
3.30650997162	-1420
3.30660295486	-1264
3.30661511421	-1420
3.30671405792	-1420
3.30671715736	-1264
3.30676007271	-1368
3.30676198006	-1420
3.30681800842	-1420
3.30682110786	-1264
3.30686402321	-1420
3.30686712265	-1420
3.30690097809	-1264
3.30690407753	-1420
3.30694007874	-1316
3.30719995499	543
3.30744695663	543
3.30759716034	543
3.30774402618	543
3.30786204338	543
3.30817008018	543
3.31436800957	-1420
3.31438302994	-1420
3.31440901756	-1264
3.31467008591	-1368
3.31472301483	-1420
3.31472611427	-1420
3.31475305557	-1264
3.31475496292	-1420
3.3148059845	-1420
3.31480813026	-1420
3.31482505798	-1212
3.31482696533	-1368
3.31496810913	-1368
3.3150100708	543
3.32620811462	-1420
3.32621502876	-1420
3.3262591362	-1420
3.32626199722	-144
3.33591914177	-1420
3.33592510223	-1316
3.34985995293	-1420
3.3498840332	-1316
3.34994316101	-1420
3.34994506836	-1420
3.34997797012	-1264
3.34998011589	-1420
3.34999704361	-1420
3.34999918938	-1264
3.35003209114	-1420
3.35003399849	-1420
3.35005116463	-1264
3.35016417503	-1420
3.35019302368	-1316
3.35019516945	-1420
3.35022115707	-1420
3.35022306442	-1420
3.35023808479	-1212
3.35041308403	-1420
3.35048913956	-1420
3.35049104691	-1264
3.35054516792	-1420
3.35054707527	-1420
3.35058307648	-1420
3.35058617592	-1212
3.35062003136	-1420
3.35062217712	-1420
3.35066795349	-1264
3.35074400902	543
3.35108304024	543
3.35122895241	543
3.36953496933	-1420
3.36954116821	-1420
3.36956810951	-1264
3.36957001686	-1420
3.36961603165	-1420
3.36961817741	-1264
3.36963701248	-1420
3.36963796616	-1316
3.36975717545	-1420
3.36976003647	-1420
3.36979913712	-1264
3.36990404129	-1420
3.36994218826	-1420
3.36994409561	-1264
3.36996006966	-1368
3.37972998619	-1420
3.37991118431	-1420
3.37991499901	-1264
3.37995409966	-1368
3.37995696068	-1420
3.37999105453	-1420
3.37999296188	-1264
3.38002705574	-1368
3.38003015518	-1420
3.38006305695	-1420
3.38006496429	-1264
3.3801150322	-1420
3.38011717796	-1316
3.38040518761	543
3.39986801147	-1420
3.3998811245	-1316
3.43215107918	-1420
3.43217611313	-1420
3.43221211433	-1420
3.43221497536	-1212
3.43223214149	-1368
3.4323580265	543
3.43323206902	-1368
3.43331408501	543
3.43404507637	-1420
3.43405199051	-1316
3.43451213837	-1420
3.43451809883	-1316
3.43488001823	-1420
3.43488502502	-1420
3.43493008614	-1264
3.43539810181	-1420
3.43544507027	-1420
3.43544816971	-1264
3.43594312668	-1420
3.43594813347	-1420
3.43599009514	-1264
3.43648314476	-1368
3.43658018112	543
3.43682408333	-1420
3.43682909012	-1316
3.43685412407	-1368
3.43696808815	-1420
3.43699097633	-1316
3.43741703033	-1420
3.43747711182	-1316
3.43747997284	-1368
3.43753600121	-1368
3.43764400482	-1420
3.43766713142	-1316
3.43766903877	-1368
3.43781018257	-1420
3.43781304359	-1420
3.43785309792	-1264
3.4476480484	-135
3.45993709564	-1420
3.45994710922	-1316
3.46013116837	-1368
3.47065901756	-1420
3.47072696686	-1420
3.47073101997	-1264
3.47186207771	-1420
3.47188615799	-1316
3.47192907333	-1420
3.47193217278	-1316
3.47196602821	-1420
3.47196912766	-1420
3.47200298309	-1264
3.47200512886	-1420
3.4720389843	-1316
3.4721930027	-1420
3.47222399712	-1316
3.47295498848	-1368
3.47353410721	543
3.47376203537	-1420
3.47376513481	-1316
3.47382116318	543
3.47448706627	-1368
3.47614812851	-1420
3.47620201111	-1420
3.47620606422	-1264
3.47660398483	-1420
3.47660803795	-1420
3.47664904594	-1264
3.47683906555	543
3.47789597511	-1420
3.477902174	-1420
3.47794413567	-1264
3.47916007042	-1420
3.47920513153	-1420
3.47920799255	-1264
3.48029518127	-1420
3.48030400276	-1420
3.48034715652	-1264
3.49125814438	-1420
3.49134206772	-1420
3.49134612083	-1264
3.49139404297	-1420
3.49139714241	-1420
3.49150013924	-1264
3.49150300026	-1420
3.49155712128	-1316
3.4915599823	-1420
3.49162507057	-1316
3.49162817001	-1368
3.49171304703	-1368
3.49171614647	-1420
3.4917781353	-1420
3.49178099632	-1264
3.4918191433	-1420
3.4918320179	-1316
3.49210095406	-1420
3.4921040535	-1420
3.49214601517	-1264
3.49214911461	-1420
3.49220013618	-1316
3.49220299721	-1420
3.49225497246	-1420
3.49225711823	-1264
3.49230909348	-1420
3.49235415459	-1420
3.4924030304	-1264
3.49240612984	-1420
3.49244213104	-1420
3.49244403839	-1264
3.4924800396	-1420
3.49248218536	-1316
3.49249196053	-1368
3.49269604683	543
3.49282097816	543
3.49305605888	543
3.52287912369	-1420
3.52288913727	-1420
3.52295708656	-1264
3.522960186	-1420
3.52299714088	-1316
3.54555010796	-1420
3.54563117027	-1420
3.54563617706	-1420
3.54567408562	-1212
3.54567599297	-1420
3.54571318626	-1420
3.54571509361	-1264
3.54611802101	543
3.54625296593	543
3.55373311043	-1420
3.55376696587	-1420
3.55387616158	-1264
3.55387997627	-1420
3.55393695831	-1420
3.55394005775	-1264
3.55397701263	-1420
3.5539791584	-1316
3.55426216125	-1420
3.55426597595	-1420
3.55430817604	-1264
3.55431008339	-1420
3.55434703827	-1316
3.55441808701	543
3.55698418617	-1420
3.55699014664	-1420
3.55703401566	-1264
3.5570371151	-1368
3.5571269989	-1420
3.55713009834	-1316
3.55725216866	-1420
3.55725502968	-1420
3.55731415749	-1264
3.55731701851	-1368
3.5573990345	-1420
3.55740213394	-1420
3.55743813515	-1264
3.55754804611	-1420
3.55757808685	-1316
3.55902910233	-1420
3.55907297134	-1420
3.55907511711	-1264
3.55912995338	-1368
3.55920505524	-1420
3.55924916267	-1316
3.5592520237	-1420
3.5592880249	-1316
3.5593650341	-1420
3.55940413475	-1316
3.56001400948	-1420
3.56004500389	-1316
3.56021714211	-1420
3.56024599075	-1316
3.56028914452	543
3.56054997444	1057
3.56112599373	543
3.56671118736	-1420
3.56671905518	-1420
3.56681013107	-1264
3.5668129921	-1420
3.56688117981	-1420
3.56688404083	-1264
3.56692314148	-1368
3.5669260025	-1420
3.56697106361	-1420
3.56697416306	-1264
3.56700897217	-1368
3.58148312569	-1420
3.58156609535	-1420
3.58157014847	-1420
3.58162617683	-426
3.58293199539	543
3.58522200584	543
3.59213209152	543
3.59344911575	-1420
3.59345316887	-1420
3.59354996681	-1264
3.59355306625	-1368
3.59361004829	-1420
3.59361314774	-1316
3.59398698807	-1368
3.59451508522	-1420
3.59455513954	-1316
3.59536314011	-1368
3.59581017494	-1420
3.59581398964	-1316
3.5962600708	1057
3.59632205963	-1368
3.59645795822	543
3.59659314156	543
3.59797716141	-1420
3.59798407555	-1420
3.59802913666	-1264
3.6058781147	-1420
3.60599303246	-1420
3.60606503487	-1264
3.60611200333	-1368
3.60611414909	-1368
3.60615205765	-1420
3.606153965	-1316
3.6061899662	-1368
3.60636401176	543
3.60648012161	-1368
3.60651016235	543
3.60685801506	-1420
3.60686302185	-1420
3.60690712929	-1264
3.60714316368	-1420
3.60718917847	-1420
3.60719203949	-1264
3.6103219986	1057
3.61064910889	543
3.61343502998	-1420
3.61345100403	-1420
3.61350703239	-1420
3.61351013184	-1212
3.61355209351	-1420
3.61355400085	-1420
3.61359095573	-1264
3.62047410011	543
3.64679718018	-1420
3.64680695534	-1420
3.64686608315	-1420
3.64686799049	-1420
3.64691400528	-1160
3.64948797226	-1420
3.64953112602	-1420
3.64953303337	-1264
3.65141797066	-1420
3.65142416954	-1420
3.65147614479	-1264
3.6534781456	-1368
3.65484905243	-1420
3.65485310555	-1316
3.65585398674	-1420
3.65586614609	-1316
3.6558880806	-1368
3.65704917908	-1368
3.65803098679	-1368
3.65945601463	-1420
3.65949296951	-1316
3.66096711159	-1420
3.66101312637	-1420
3.6610159874	-1264
3.66213917732	543
3.68638706207	-1420
3.68640303612	-1420
3.686439991	-1264
3.70296216011	-192
3.7976140976	-1420
3.79763102531	-1316
3.80271601677	-1420
3.80272316933	-1316
3.80482697487	-1368
3.80597615242	-1368
3.80657100677	-1368
3.80703616142	-1368
3.81245803833	-1420
3.81246304512	-1316
3.81261610985	543
3.85039901733	-1368
3.8661429882	-1420
3.8662071228	-1420
3.86620998383	-1264
3.86625409126	-1368
3.86691117287	-19
3.87075805664	-1368
3.87094712257	-1420
3.87101697922	-1316
3.87102103233	-1368
3.87436914444	-1368
3.87446904182	-1420
3.87451314926	-1316
3.92457318306	-1368
3.92458796501	-1368
3.92484211922	543
3.96335101128	-1420
3.96336817741	-1316
3.98868203163	-1205
4.16598701477	-543
4.25893211365	-1420
4.25894904137	-1316
4.25919413567	-1368
4.28504800797	543
4.28750300407	-638
4.4568631649	-1086
4.45882797241	543
4.45967912674	1460
4.45972895622	1460
4.45984005928	1161
4.45990896225	89
4.57847118378	-543
4.57868814468	543
4.70348215103	-543
4.80711603165	-1368
4.80856204033	-1368
4.8086810112	-1368
4.80879616737	543
4.80885505676	-1420
4.8088581562	-1316
4.82934117317	-1368
4.84789204597	-1368
4.84830212593	-1420
4.84830713272	-1316
4.84879517555	1460
4.84885215759	1139
4.84889698029	-1368
4.85630917549	-1420
4.85636496544	-1316
4.85761213303	-1368
4.85821700096	-1420
4.85882306099	-1316
4.85886311531	-1420
4.85886597633	-1316
4.85891199112	-1368
4.85929918289	-1420
4.85934209824	-1420
4.85934495926	-1264
4.85962200165	543
4.86057710648	-1420
4.86058306694	-1316
4.86091017723	-1420
4.86091303825	-1420
4.86093401909	-1264
4.86482906342	-565
4.86524415016	543
4.90441799164	-1368
4.90472912788	-1420
4.90478301048	-1420
4.9047870636	-1264
4.90598297119	-1368
4.90631914139	-1420
4.90636706352	-1420
4.90637016296	-1264
4.90653300285	-1420
4.90653705597	-1316
4.90676808357	-1368
4.90691018105	543
4.90702295303	-1420
4.90702414513	-1316
4.90738511086	-1420
4.90739011765	-1420
4.90741300583	-1264
4.90775799751	-1420
4.90778303146	-1316
4.90801596642	-1368
4.90855503082	-1420
4.90855908394	-1316
4.90880799294	-1368
4.9118950367	543
4.94283795357	-1368
4.95159101486	-1420
4.95167016983	-1420
4.95167398453	-1420
4.9517121315	-1212
4.95416212082	-1420
4.95420312881	-1420
4.95420598984	-1264
4.95424008369	-1368
4.954403162	-1368
4.95457816124	-1420
4.95458102226	-1316
4.9548470974	543
4.95518398285	-1368
4.95578813553	-1420
4.95581412315	-1316
4.95652508736	-1368
4.95710802078	-1420
4.95711302757	-1316
4.95779800415	-1368
4.99121999741	-1368
4.99131417274	-1368
5.02420711517	543
5.02593898773	-729
5.17329311371	-543
5.1736330986	543
5.17801618576	-1420
5.17802095413	-1420
5.17806410789	-1264
5.18613815308	-1368
5.18635201454	543
5.18829298019	-1420
5.18830013275	-1420
5.1883430481	-1264
5.1899561882	-1368
5.19255208969	-1420
5.19255900383	-1420
5.19261407852	-1264
5.19451808929	-1368
5.19528102875	-1420
5.19528508186	-1316
5.19532299042	-1368
5.19580101967	-1368
5.19593906403	543
5.19654011726	-1368
5.19664001465	543
5.19706702232	543
5.22398805618	543
5.29989409447	-1308
5.41546702385	-1420
5.41548299789	-1420
5.41554617882	-1264
5.41574311256	543
5.41606211662	-1368
5.41675615311	-1420
5.41681218147	-1316
5.4168150425	-1368
5.41772913933	-1420
5.41773509979	-1316
5.41785407066	543
5.41891002655	-1368
5.41990995407	-1420
5.41993808746	-1316
5.42111897469	-1368
5.42227602005	-1420
5.42228007317	-1420
5.42231798172	-1264
5.42447900772	-1420
5.42453503609	-1420
5.42453813553	-1264
5.42490315437	-1420
5.42490816116	-1316
5.43750810623	-1368
5.44183802605	-1237
5.45028209686	543
5.48669099808	-1368
5.48671007156	-1420
5.48677396774	-1316
5.48695015907	-1368
5.4874329567	-1368
5.4875061512	-1420
5.4875459671	-1316
5.52582502365	-1368
5.52583599091	-1420
5.52587008476	-1316
5.52599716187	543
5.52632498741	-1368
5.52640604973	543
5.53472018242	-1420
5.53472709656	-1316
5.5636920929	-1097
5.56765604019	1460
5.56773018837	1139
5.57424402237	-1420
5.57429099083	-1316
5.57435202599	-1368
5.68529415131	-638
5.68555903435	543
5.68569397926	543
5.68633103371	-1368
5.77819108963	-1420
5.77821016312	-1316
5.7786719799	-1420
5.77867603302	-1420
5.77873015404	-1264
5.77897000313	-1420
5.77901005745	-1316
5.77901315689	-1368
5.77904701233	-1420
5.7790491581	-1316
5.78716897964	543
5.78878808022	543
5.8070089817	-691
5.82129311562	-1368
5.83155107498	-1420
5.83156895638	-1420
5.83162498474	-1420
5.83162808418	-1420
5.83167099953	-1160
5.83244109154	-1420
5.83248710632	-1420
5.83248996735	-1264
5.87096309662	-1420
5.87097907066	-1420
5.87103509903	-1264
5.90241599083	-1368
5.90298318863	-1420
5.90298914909	-1420
5.90304017067	-1264
5.9032740593	-1420
5.90330910683	-1316
5.90331101418	-1368
5.90341997147	1057
5.90505003929	-1420
5.90505599976	-1420
5.90511608124	-1264
5.90651106834	-1420
5.90653395653	-1420
5.90653705597	-1264
5.92887401581	-1332
5.94210910797	-1420
5.94217610359	-1420
5.94218111038	-1264
5.95285511017	-1368
5.95312905312	-1420
5.95319104195	-1420
5.95319414139	-1264
5.95323300362	-1368
5.95332503319	543
5.95351696014	-1420
5.95352005959	-1420
5.95354199409	-1264
5.95481801033	-1420
5.95486497879	-1420
5.95486807823	-1264
5.95611000061	-1368
5.95625400543	-1368
5.95666718483	-1420
5.95667004585	-1420
5.9567091465	-1264
5.95730805397	-1420
5.95732903481	-1316
5.95845603943	-1368
5.95913100243	-1368
5.99222111702	-1368
6.00596213341	-1420
6.00597310066	-1420
6.00603103638	-1264
6.0063970089	-1420
6.00644397736	-1420
6.0064470768	-1264
6.00659298897	543
6.00668907166	-1420
6.00670003891	-1316
6.00670099258	-1368
6.00686717033	543
6.00734114647	-1368
6.00788116455	-1420
6.00792813301	-1420
6.00793099403	-1264
6.00816011429	-1420
6.00816512108	-1420
6.00820803642	-1264
6.00912117958	-1420
6.00916695595	-1420
6.00917005539	-1264
6.01111412048	-1420
6.0111181736	-1420
6.01113796234	-1264
6.01390099525	-1420
6.01395106316	-1420
6.0139541626	-1264
6.01406407356	543
6.01441812515	-1368
6.01500415802	-1368
6.01565718651	-1368
6.04586315155	-1420
6.04593396187	-1316
6.04671001434	-1368
6.04875302315	543
6.05001711845	-1420
6.05002212524	-1316
6.05074715614	-1341
6.05646395683	-1420
6.05650806427	-1420
6.05651116371	-1264
6.05654597282	-1368
6.05906510353	543
6.08062911034	543
6.09301900864	543
6.13710713387	-1368
6.13991904259	-1368
6.17254304886	-704
6.31411218643	-543
6.41998505592	-1368
6.48777604103	-261
6.58996915817	543
6.6093120575	-543
6.60946416855	543
6.67050099373	543
6.80649995804	-1368
6.80664014816	543
6.83884716034	-232
6.83928704262	543
6.84339618683	1460
6.84345912933	1139
6.9175901413	-1368
6.96206498146	-746
6.97043800354	543
7.08196115494	-543
7.08246302605	543
7.1670460701	-1420
7.16706299782	-1316
7.16721200943	-1368
7.16926002502	-1420
7.16930508614	-1420
7.16930818558	-1264
7.17074418068	-1420
7.17074918747	-1420
7.17078995705	-1264
7.19142317772	-1420
7.19149708748	-1316
7.19163513184	543
7.19307017326	543
7.20253515244	1057
7.20317006111	543
7.23600316048	-1118
7.23640918732	1460
7.23646712303	111
7.31556200981	-1368
7.31636500359	-1420
7.31642007828	-1420
7.31642508507	-1264
7.32258296013	543
7.33568406105	-1420
7.33569812775	-1420
7.33576416969	-1264
7.33611512184	-1420
7.33616113663	-1316
7.33715605736	-1368
7.34837007523	-1368
7.34837698936	-1368
7.35786700249	-923
7.35973095894	543
7.36070108414	1057
7.47967410088	-1086
7.57388901711	-1420
7.57390809059	-1316
7.57396507263	-1420
7.57396817207	-1316
7.57422709465	543
7.60127496719	-812
7.62259507179	543
7.69131302834	-1368
7.70007205009	543
7.70033311844	543
7.72290205956	-261
7.85509395599	-543
7.91290903091	1057
7.92327809334	-1420
7.92331314087	-1420
7.92337918282	-1264
7.92338204384	-1368
7.92341709137	-1420
7.92342114449	-1316
7.95244812965	-1368
7.95270514488	-1368
7.95273303986	543
8.03090810776	-1081
8.03133606911	1460
8.03138518333	111
8.19516396523	-543
8.21156716347	-1420
8.21164107323	-1420
8.21164703369	-1264
8.21616601944	-1368
8.22554111481	-1420
8.2256090641	-1420
8.22561407089	-1264
8.22653913498	-1368
8.22864413261	543
8.23046207428	543
8.31013607979	-1420
8.31015396118	-1420
8.31021714211	-1264
8.31062102318	-1368
8.31114912033	543
8.3113360405	543
8.31147003174	-1420
8.31148004532	-1420
8.31152105331	-1264
8.31213212013	-1420
8.31215715408	-1316
8.31295418739	-1368
8.31381297112	-1368
8.31570100784	543
8.31625199318	543
8.33313918114	-628
8.36657214165	-1420
8.36664009094	-1420
8.36664414406	-1264
8.48822307587	-66
8.54017114639	1057
8.60041713715	-1420
8.6004421711	-1420
8.60048818588	-1264
8.60090208054	-1368
8.60101318359	543
8.63440012932	-1420
8.6344139576	-1316
8.66230511665	-762
8.67000198364	543
8.67103099823	1057
8.68994116783	-1420
8.68995118141	-1316
8.69019913673	543
8.69297599792	-1368
8.69346404076	-1368
8.76275014877	-1368
8.7647960186	543
8.78397107124	-16
8.80087399483	543
8.80151414871	543
8.85906505585	-1420
8.85908508301	-1316
8.90572118759	-406
8.91728401184	-1368
8.91748309135	543
9.02755212784	-1289
9.07284998894	-1368
9.08003115654	543
9.09938716888	543
9.14960503578	-1289
9.26795816422	-1420
9.26797699928	-1316
9.26822710037	543
9.27123498917	-435
9.35159301758	1460
9.35168218613	1460
9.35181713104	1161
9.35186600685	1460
9.35193800926	1460
9.35198307037	253
9.39305210114	-543
9.39498806	-1368
9.44451808929	-1368
9.44454407692	-1420
9.44459104538	-1316
9.44526100159	543
9.44568300247	543
9.44678711891	1460
9.44683599472	1460
9.44688105583	1161
9.4470140934	1117
9.51468110085	-298
9.51508116722	543
9.5879471302	-1420
9.5879650116	-1316
9.58841609955	-1368
9.63630795479	-638
9.6955640316	-1368
9.69757699966	543
9.69826817513	1460
9.69831705093	1460
9.69836115837	1161
9.69845914841	1460
9.69849801064	1460
9.69853115082	1161
9.69862008095	1460
9.6986579895	1460
9.69870018959	1161
9.69877696037	1237
9.72276806831	1460
9.72287797928	1460
9.7229809761	1161
9.72302913666	1460
9.72311306	1199
9.73011207581	1057
9.75794410706	-261
9.75817108154	543
9.84922599792	-1368
9.84985017776	-1420
9.84993004799	-1420
9.8499341011	-1264
9.86927604675	-1368
9.86950016022	543
9.87400007248	-1368
9.874117136	-1420
9.87417817116	-1316
9.87453699112	-1420
9.87464118004	-1316
9.87985301018	-3
9.88715815544	-1368
9.88730812073	-1368
9.95023298264	-1368
10.0087611675	-638
10.0435390472	-1368
10.0476231575	-1368
10.0477950573	-1420
10.0478041172	-1316
10.0478971004	-1368
10.1306471825	-530
10.1677191257	-1368
10.1844000816	-1368
10.1889500618	-1368
10.1908731461	543
10.2520310879	-696
10.4279849529	-543
11.0785059929	1057
11.1101980209	543
11.2174301147	-543
11.4080600739	-543
11.40883708	543
11.4628181458	-1420
11.4628341198	-1316
11.5295469761	-435
11.5297291279	1057
11.5304181576	543
11.9047191143	-543
11.904747963	-1420
11.9048190117	-1316
12.0263371468	-377
12.0271260738	543
12.266988039	-543
12.4280250072	-1057
12.5970959663	543
13.7345261574	-543
