0	-543
1.26604008675	-543
1.67116093636	543
1.67122602463	543
1.67125892639	543
1.67129302025	543
1.92127513885	543
2.07421898842	-543
2.0745100975	543
2.21415090561	-543
3.00101494789	-543
3.00612998009	-1368
3.00626993179	-1368
3.02110409737	-1368
3.02118301392	-1368
3.02119112015	-1368
3.02119803429	-1368
3.04939103127	543
3.11753797531	-1368
3.11756396294	-422
3.16066503525	1086
3.22867107391	-543
3.22937512398	1368
3.22938990593	1368
3.27172112465	920
3.36878609657	-543
3.37356710434	-1368
3.37457990646	-1368
3.37631201744	-1368
3.3763449192	-1368
3.37636494637	-1368
3.37638998032	-1368
3.37671709061	-1368
3.37673401833	-1368
3.3938100338	-1368
3.39383506775	543
3.393846035	-1368
3.48746013641	-1368
3.48750400543	-1368
3.48750901222	-1368
3.48752307892	-1368
3.48754096031	-1368
3.48757100105	-1368
3.48775291443	-1368
3.48777103424	-1368
3.4878051281	-1368
3.48782896996	-1368
3.48784899712	-1368
3.4878821373	-1368
3.48856210709	1368
3.5173740387	-1368
3.51740813255	261
3.51742005348	-1368
3.51742696762	-1368
3.55933594704	-1368
3.55936098099	-1368
3.59871506691	-1368
3.59874200821	-1368
3.59875893593	-1368
3.59876298904	-1368
3.59877800941	-1368
3.59881496429	-1368
3.59883213043	-1368
3.59886002541	-1368
3.59949111938	-1368
3.59952092171	-1368
3.59955811501	-1368
3.59959602356	-1368
3.5996119976	-1368
3.59965109825	-1368
3.59967398643	-1368
3.5996940136	-1368
3.5997209549	-1368
3.60016298294	1368
3.61491703987	-1368
3.61495113373	-1368
3.63509392738	-1368
3.63518404961	261
3.63520407677	-1368
3.63521504402	-1368
3.63522911072	-1368
3.63523411751	-1368
3.68409109116	-1368
3.6841211319	-1368
3.68414902687	-1368
3.71002006531	-1368
3.71004891396	-1038
3.71281695366	-1368
3.7155649662	1368
3.74129295349	-1368
3.74179697037	-1368
3.74182200432	-1368
3.74212193489	-1368
3.7428560257	-1368
3.74312496185	-1368
3.74395108223	-1368
3.74507713318	-1368
3.74512290955	-1368
3.74551200867	-1368
3.75280308723	-1368
3.75283312798	804
3.75284194946	-1368
3.75288510323	-1368
3.75292611122	-1368
3.75297093391	-1368
3.75571107864	-1368
3.78445696831	-1368
3.78448200226	-1368
3.79629993439	-1368
3.7968981266	1368
3.80260705948	-1368
3.8026471138	-1368
3.80268192291	-1368
3.80271410942	-1368
3.81501293182	-1368
3.81504702568	-1368
3.81506800652	-1368
3.81507301331	-1368
3.81509709358	-1368
3.81512308121	-1368
3.84683609009	-1368
3.84686899185	-734
3.85344600677	-1368
3.8534719944	-1368
3.85350990295	-1368
3.8535490036	-1368
3.85358905792	-1368
3.85363912582	-1368
3.85367894173	-1368
3.85371398926	-1368
3.85375213623	-1368
3.85418391228	1368
3.86409902573	-1368
3.86417508125	464
3.86783409119	-1368
3.90016698837	-1368
3.90026903152	-1368
3.90033197403	-1368
3.90039396286	-1368
3.90758800507	-1368
3.90762209892	-1368
3.90762901306	-1368
3.90763807297	-1368
3.90765810013	-1368
3.9076859951	-1368
3.9138250351	-1368
3.92005109787	-1368
3.95184612274	-1368
3.95189809799	-1368
3.95264005661	-1368
3.95268011093	-1368
3.95275998116	-1368
3.95278692245	-1368
3.95809006691	-1368
3.95812702179	-676
3.97369503975	-1368
4.02551102638	-1368
4.02554297447	1086
4.02556610107	-1368
4.02557492256	-1368
4.02650809288	-1368
4.02653098106	-1368
4.0265519619	-1368
4.02744412422	-1368
4.02769708633	-1368
4.02836513519	-1368
4.02865695953	-1368
4.02868008614	-1368
4.0287630558	-1368
4.02884912491	-1368
4.02913308144	-1368
4.02919793129	-1368
4.02925205231	-1368
4.02934813499	-1368
4.02943706512	-1368
4.02959704399	-1368
4.02966594696	-1368
4.04508709908	-1368
4.08512210846	-1303
4.08738493919	-1368
4.10220313072	-1368
4.12241005898	-1368
4.13418602943	-1368
4.13422894478	-1368
4.13425397873	-1368
4.13448596001	-1368
4.13481402397	-1368
4.1348400116	-1368
4.13486790657	-1368
4.14566802979	-1368
4.14570093155	1086
4.1773879528	-1368
4.18317103386	-1368
4.18333292007	-1368
4.18389797211	-1368
4.18425011635	-1368
4.18444609642	-1368
4.18473792076	-1368
4.18490004539	-1368
4.19098496437	-1368
4.19109296799	-1368
4.19170093536	-1368
4.19199895859	-1368
4.1921350956	-1368
4.19227790833	-1368
4.19233298302	-1368
4.19239211082	-1368
4.19444108009	-1368
4.1975300312	-1368
4.19844412804	-1269
4.20634102821	1368
4.23372507095	-1368
4.23378896713	-1368
4.23381304741	-1368
4.23423600197	-1368
4.23517513275	-1368
4.23861002922	-1368
4.24550509453	-1368
4.2455329895	-1368
4.24554896355	-1368
4.24556708336	-1368
4.24559211731	-1368
4.24563312531	-1368
4.24564909935	-1368
4.24567914009	-1368
4.24572896957	-1368
4.24573397636	-1368
4.24576592445	-1368
4.24578499794	-1368
4.24582600594	-1368
4.24584412575	-1368
4.24593806267	-1368
4.24604701996	-1368
4.24616408348	-1368
4.24625492096	-1368
4.28735208511	-1368
4.28739094734	804
4.28739690781	-1368
4.29365992546	-1368
4.29369306564	-1368
4.29369807243	-1368
4.2937309742	-1368
4.29374694824	-1368
4.29378700256	-1368
4.29381895065	-1368
4.30233812332	-1368
4.30236411095	-1368
4.30246090889	-1368
4.30269098282	-1368
4.30277490616	-1368
4.3028011322	-1368
4.30288410187	-1368
4.30300998688	-1368
4.30310606956	-1368
4.30322003365	-1368
4.30331492424	-1368
4.30343699455	-1368
4.30345392227	1368
4.30354595184	-1368
4.303647995	-1368
4.30377697945	-1368
4.31368112564	-1368
4.31373500824	-1368
4.31754899025	-566
4.34527897835	-1368
4.3567109108	-1368
4.35693502426	-1368
4.35695910454	-1368
4.35734891891	-1368
4.35744810104	-1368
4.35760092735	-1368
4.35828495026	-1368
4.35831093788	-1368
4.35833907127	-1368
4.35836410522	-1368
4.35846090317	-1368
4.35859394073	-1368
4.35866904259	-1368
4.35881114006	-1368
4.3588809967	-1368
4.35899996758	-1368
4.35911393166	-1368
4.37860298157	-1368
4.37864398956	-1368
4.39862108231	-1368
4.39865612984	1347
4.40484499931	-1368
4.40486001968	-1368
4.40489697456	-1368
4.40493607521	-1368
4.40498590469	-1368
4.40503096581	-1368
4.4050719738	-1368
4.40511107445	-1368
4.40515804291	-1368
4.40520501137	-1368
4.40525197983	-1368
4.40528702736	-1368
4.40531802177	-1368
4.40535211563	-1368
4.40536904335	-1368
4.42874312401	-1351
4.44831204414	-1368
4.44852995872	-1368
4.44856405258	-1368
4.44858407974	-1368
4.44863009453	-1368
4.44897198677	-1368
4.45192503929	1368
4.46128606796	-1368
4.46458792686	-1368
4.46489500999	-1368
4.46496295929	-1368
4.46502304077	-1368
4.46506810188	-1368
4.46513009071	-1368
4.46517491341	-1368
4.46778512001	-1368
4.46781206131	-1368
4.46784901619	-1368
4.46787595749	-1368
4.46789312363	-1368
4.46792697906	-1368
4.46855592728	-1368
4.49966311455	-1368
4.51274108887	-1368
4.5128569603	1318
4.51286911964	-1368
4.51743912697	-1368
4.51747608185	-1368
4.5176050663	-1368
4.51770091057	-1368
4.517786026	-1368
4.51781392097	-1368
4.51816391945	-1368
4.51881504059	-1368
4.518846035	-1368
4.5188729763	-1368
4.53053092957	-1368
4.53060603142	-1368
4.53062391281	-1368
4.53064799309	-1368
4.53965711594	-12
4.55062794685	-1368
4.56677103043	-1368
4.56725001335	-1368
4.57054805756	-1368
4.57061505318	-1368
4.57167291641	-1368
4.57172012329	-1368
4.57200193405	-1368
4.57452607155	-1368
4.57572102547	-1368
4.57611703873	-1368
4.57622790337	-1368
4.58690309525	-1368
4.58696103096	-1368
4.59059405327	-1368
4.59089899063	1368
4.61868190765	-1368
4.62063908577	-1368
4.62092900276	-1368
4.62123513222	-1368
4.6218059063	-1368
4.62457704544	-1368
4.62459492683	261
4.62553191185	-1368
4.63541293144	-1368
4.63876605034	-1368
4.64231491089	-1368
4.64251804352	-1368
4.64498591423	-1368
4.64500999451	-1368
4.65055704117	-154
4.65667295456	-1368
4.65877890587	-1368
4.76168513298	-464
4.76188802719	543
4.76452302933	1368
4.76453900337	1368
4.76465296745	1368
4.76465892792	1368
4.76476192474	1368
4.76476407051	1368
4.77536511421	1368
4.80242991447	-1368
4.87303900719	-775
4.87307906151	393
4.98414301872	-543
4.98440504074	543
4.98469090462	1368
4.9846971035	1368
4.98599600792	-1368
4.9860060215	-1368
4.98615694046	1368
4.98639297485	1368
4.98639893532	1368
4.99143409729	-1368
4.99224209785	-1368
4.99256896973	-1368
4.99319195747	-1368
4.99338412285	-1368
4.99363803864	-1368
4.99367713928	-1368
4.99429297447	-1368
4.99439191818	-1368
4.99452495575	-1368
4.99462509155	-1368
4.99469614029	1368
4.99476504326	-1368
4.99488806725	-1368
4.99493908882	-1368
5.00488901138	-1368
5.00920510292	-1368
5.02937412262	-1368
5.03981590271	-1368
5.04039001465	-1368
5.04041790962	-1368
5.04045510292	-1368
5.04051709175	1368
5.04052495956	1368
5.04063510895	1368
5.04213500023	-1368
5.04219293594	-1368
5.04238390923	-1368
5.04241108894	-1368
5.0426030159	-1368
5.04286003113	-1368
5.04288601875	-1368
5.04290604591	-1368
5.04319405556	-1368
5.04324293137	-1368
5.04338693619	-1368
5.04343891144	-1368
5.0434961319	-1368
5.04359698296	-1368
5.06021404266	-1368
5.09164500237	-1368
5.09212112427	-1368
5.09215211868	-1368
5.09224009514	-1368
5.09544205666	-513
5.09547805786	1284
5.1061270237	-1368
5.10676813126	-1368
5.1083419323	-1368
5.10841202736	-1368
5.10844302177	-1368
5.10988306999	-1368
5.1105029583	-1368
5.11075496674	-1368
5.11151599884	-1368
5.11154794693	-1368
5.11352705956	-1368
5.11355400085	-1368
5.11442899704	-1368
5.12105298042	1368
5.13244009018	-1368
5.15077805519	-1368
5.151679039	-1368
5.15310692787	-1368
5.15363907814	-1368
5.15370607376	-1368
5.15455007553	-1368
5.15514802933	-1368
5.16600203514	-1368
5.1669960022	-1368
5.16720104218	-1368
5.16723203659	-1368
5.16748094559	-1368
5.17611694336	-1368
5.19013905525	-1368
5.19061613083	-1368
5.19064903259	-1368
5.19067907333	-1368
5.19071292877	-1368
5.19073009491	-1368
5.19080090523	-1368
5.19089007378	-1368
5.19099092484	-1368
5.1913330555	1368
5.19615411758	-1368
5.2044711113	-1368
5.20555210114	-1368
5.20557999611	-1368
5.20663690567	-679
5.20665812492	464
5.21325302124	-1368
5.21327996254	-1368
5.21329712868	-1368
5.21331691742	-1368
5.21334409714	-1368
5.21995306015	-1368
5.22013902664	-1368
5.22016596794	-1368
5.22044610977	-1368
5.22047305107	-1368
5.22132492065	-1368
5.24118590355	-1368
5.24236607552	-1368
5.24274897575	-1368
5.24277210236	-1368
5.25719809532	-1368
5.25736713409	-1368
5.25792312622	-1368
5.25794696808	-1368
5.25859498978	-1368
5.2588019371	-1368
5.25885391235	-1368
5.25897908211	-1368
5.25904893875	-1368
5.26251912117	-1368
5.26254296303	-1368
5.26747202873	-1368
5.26748895645	-1368
5.26760911942	-1368
5.27260804176	-1368
5.27271103859	-1368
5.27330207825	-1368
5.27333903313	-1368
5.27336502075	-1368
5.27819895744	-1368
5.27822709084	-1368
5.27825093269	-1368
5.27827692032	-1368
5.27829504013	-1368
5.27833294868	-1368
5.27835893631	-1368
5.27837705612	-1368
5.27843499184	-1368
5.27856111526	-1368
5.27865195274	-1368
5.27877902985	-1368
5.27887010574	-1368
5.28733706474	-1368
5.28735613823	-1368
5.28738713264	-1368
5.2874109745	-1368
5.28743100166	-1368
5.28747296333	-1368
5.28749012947	-1368
5.28752207756	-1368
5.28753995895	-1368
5.28758001328	-1368
5.28759694099	-1368
5.28763604164	-1368
5.28765201569	-1368
5.28767704964	-1368
5.30191493034	-1368
5.31273603439	-1368
5.31784796715	-1368
5.31787395477	1086
5.31788611412	-1368
5.31789112091	-1368
5.31789803505	-1368
5.31791710854	-1368
5.31792807579	-87
5.3312599659	-1368
5.33129692078	-1368
5.33130192757	-1368
5.331346035	-1368
5.33136105537	-1368
5.33140397072	-1368
5.33144307137	-1368
5.33146810532	-1368
5.33149194717	-1368
5.33151102066	-1368
5.34172797203	-1368
5.34175992012	-1368
5.34176492691	-1368
5.34180092812	-1368
5.34181714058	-1368
5.34184908867	-1368
5.34187602997	-1368
5.34191298485	-1368
5.34193110466	-1368
5.34217905998	1368
5.35239911079	-1368
5.37348794937	-1368
5.37352108955	-1368
5.37355303764	-1368
5.37358808517	-1368
5.37361502647	-1368
5.37364912033	-1368
5.37368106842	-1368
5.37369799614	-1368
5.37856507301	-1368
5.37859892845	-1368
5.37861204147	-1368
5.37863993645	-1368
5.37866806984	-1368
5.38442802429	-1368
5.3844499588	-1368
5.3844730854	-1368
5.38450098038	-1368
5.38451695442	-1368
5.38455200195	-1368
5.38458108902	-1368
5.38459992409	-1368
5.38463306427	-1368
5.38464999199	-1368
5.38469099998	-1368
5.38471508026	-1368
5.38473200798	-1368
5.38475990295	-1368
5.38485407829	-1368
5.38497710228	-1368
5.38510012627	-1368
5.38522601128	-1368
5.38532114029	-1368
5.38544106483	-1368
5.38553905487	-1368
5.38602399826	1368
5.39383792877	-1368
5.3938601017	-1368
5.39387607574	-1368
5.39388799667	-1368
5.39390707016	-1368
5.39393901825	-1368
5.3939640522	-1368
5.39399194717	-1368
5.39402294159	-1368
5.39404201508	-1368
5.3988161087	-1368
5.39883804321	-1368
5.39885306358	-1368
5.39888811111	-1368
5.39890408516	-1368
5.39893603325	-1368
5.39897203445	-1368
5.39898991585	-1368
5.4089820385	1368
5.41307210922	-1368
5.41310095787	-1368
5.41312813759	-1368
5.41315507889	-1368
5.41317105293	-1368
5.41320300102	-1368
5.42895102501	-1368
5.42898106575	-1368
5.42899799347	-1368
5.42901396751	-1368
5.44205307961	-1368
5.44208598137	783
5.44209694862	-1368
5.44237804413	-1368
5.44240403175	-1368
5.44243597984	-1368
5.44245910645	-1368
5.44248700142	-1368
5.44252610207	-1368
5.44252991676	-391
5.44257307053	-1368
5.4426279068	-1368
5.44266009331	-1368
5.4431951046	-1368
5.44904208183	-1368
5.44906497002	-1368
5.44908595085	-1368
5.44910311699	-1368
5.44913196564	-1368
5.44917106628	-1368
5.44920706749	-1368
5.44923305511	-1368
5.4492521286	-1368
5.44927191734	-1368
5.44931006432	-1368
5.44933390617	-1368
5.44935798645	-1368
5.44937705994	-1368
5.44950008392	-1368
5.44960808754	-1368
5.44971203804	-1368
5.44982600212	-1368
5.44992804527	-1368
5.47417593002	-1368
5.48133206367	-1368
5.48477005959	-1368
5.48601102829	-1368
5.48674106598	-1368
5.48968410492	-1368
5.49706101418	-1368
5.49757099152	-1368
5.49760103226	-1368
5.49762797356	-1368
5.49774909019	1368
5.49781703949	-1368
5.49881505966	-1368
5.49927592278	-1368
5.4992980957	-1368
5.49931907654	-1368
5.49983906746	-1368
5.50085401535	-1368
5.5176460743	-1368
5.52899599075	-1368
5.53877711296	-1368
5.53956413269	-1368
5.53973007202	-1368
5.53974509239	-1368
5.54049396515	-1368
5.54949808121	-1368
5.54952406883	-1368
5.54982709885	-1368
5.54986000061	-1368
5.55011105537	-1368
5.55134606361	-1368
5.55139112473	-1368
5.55216312408	-1368
5.55317306519	-1368
5.55339002609	1368
5.55346107483	-387
5.55347490311	493
5.55711197853	-1368
5.55771493912	-1368
5.55773901939	-1368
5.55859494209	-1368
5.55977606773	-1368
5.56080698967	-1368
5.564453125	-1368
5.56447196007	-1368
5.56663513184	-1368
5.5667719841	-1368
5.5808930397	-1368
5.58411812782	-1368
5.58469605446	-1368
5.58471107483	-1368
5.58473801613	-1368
5.58495402336	1368
5.58505105972	-1368
5.58510398865	-1368
5.58512210846	-1368
5.58540010452	-1368
5.58795905113	-1368
5.58798909187	-1368
5.58814311028	-1368
5.58841609955	-1368
5.58845591545	-1368
5.58847212791	-1368
5.58856105804	-1368
5.58858990669	-1368
5.58864212036	-1368
5.58911800385	-1368
5.59543991089	-1368
5.5960559845	-1368
5.60106897354	-1368
5.60108208656	-1368
5.60109591484	-1368
5.60175704956	-1368
5.60179495811	-1368
5.60731697083	-1368
5.60969209671	-1368
5.60971999168	-1368
5.61095690727	-1368
5.61097311974	-1368
5.61114692688	-1368
5.61121606827	-1368
5.61126613617	-1368
5.61137008667	-1368
5.61187195778	1368
5.62141013145	-1368
5.63354611397	-1368
5.63380908966	-1368
5.63395500183	-1368
5.63454794884	-1368
5.63457012177	-1368
5.63487291336	-1368
5.63522291183	-1368
5.63538098335	1368
5.63732194901	-1368
5.63734698296	-1368
5.63748812675	-1368
5.63756895065	-1368
5.63760590553	-1368
5.63762402534	-1368
5.63766813278	-1368
5.63777399063	-1368
5.64912199974	-1368
5.64914798737	-1368
5.64967894554	-1368
5.64970397949	-1368
5.65024113655	-1368
5.65025806427	-1368
5.65028309822	-1368
5.65046596527	-1368
5.65350699425	-1368
5.66464591026	-804
5.66466593742	211
5.6652200222	-1368
5.6656639576	-1368
5.66568994522	-1368
5.66572403908	-1368
5.66579914093	-1368
5.66599011421	-1368
5.66659808159	-1368
5.67386007309	-1368
5.67679595947	-1368
5.69687891006	-1368
5.70191001892	-1368
5.7019970417	-1368
5.7026040554	-1368
5.70262694359	-1368
5.70327091217	-1368
5.71975493431	-1368
5.72004508972	-1368
5.72015810013	-1368
5.72022390366	-1368
5.72024798393	-1368
5.72026610374	-1368
5.72043895721	-1368
5.72062301636	-1368
5.72067713737	-1368
5.7207570076	-1368
5.7218670845	-1368
5.75590395927	-1368
5.75768613815	-1368
5.75871396065	-1368
5.7597079277	-1368
5.76027011871	-1368
5.7605381012	-1368
5.76058912277	-1368
5.76370191574	-1368
5.76375102997	-1368
5.77565097809	-149
5.77566504478	1086
5.80867791176	-1368
5.80869603157	-1368
5.80913996696	-1368
5.82856607437	-1368
5.84818911552	-1368
5.88685798645	-646
5.88687801361	543
5.99794006348	-543
5.9979801178	543
6.20492100716	-543
6.37372207642	-1086
6.67059612274	543
6.72964811325	-543
7.03675699234	-543
7.147824049	-1086
7.68111300468	543
7.8417930603	-543
7.84210395813	1057
7.87556910515	1368
7.95328807831	1289
8.00689697266	1368
8.06442213058	1260
8.12726593018	-543
8.12771511078	-1368
8.1445479393	1368
8.14795994759	-1368
8.16778492928	-1368
8.16793012619	-1368
8.21757411957	-1368
8.21761393547	804
8.23867607117	-74
8.32864308357	543
8.38727998734	-543
8.49840092659	-1086
8.57498192787	-1368
8.57539892197	-1368
8.57580304146	543
8.59446310997	-1368
8.60939002037	-182
8.63625407219	-1368
8.65656805038	-1368
8.6568801403	1368
8.71123099327	-1368
8.71126914024	1347
8.72034311295	-240
8.76330304146	-1368
8.76929306984	-1368
8.80570697784	-1368
8.8057551384	-1368
8.81180000305	1368
8.86074209213	775
8.87112808228	-443
8.97534513474	-1368
9.00040793419	-1368
9.00054192543	-1368
9.00056195259	-1368
9.00057005882	-1368
9.00074291229	-1368
9.00086402893	-1368
9.00122094154	543
9.00617313385	1368
9.01502990723	-1368
9.01505708694	-1368
9.01895499229	1368
9.01927113533	1368
9.01927900314	1368
9.0242729187	-1368
9.02585291862	1368
9.0272629261	-1321
9.04383897781	-1368
9.08532309532	-1368
9.08535408974	-1368
9.0853741169	-1368
9.08537793159	-1368
9.0853869915	-1368
9.08700704575	1368
9.11185693741	-1368
9.11188602448	-1368
9.11190605164	-1368
9.11191105843	-1368
9.11191797256	-1368
9.11194992065	-1368
9.11196613312	-1368
9.11199498177	-1368
9.11728596687	791
9.12118911743	-1368
9.12121510506	-1368
9.12123203278	-1368
9.13717913628	-1368
9.13722205162	-1368
9.13722896576	-1368
9.1372461319	-1368
9.13726496696	-1368
9.13776493073	1368
9.17910790443	-1368
9.17914104462	-1368
9.17916107178	-1368
9.22300410271	-1368
9.22303700447	-1368
9.22306203842	-1368
9.22309803963	-1368
9.22312903404	-1368
9.22315812111	-1368
9.22319507599	-1368
9.22320199013	-1111
9.24890708923	804
9.28111004829	-1368
9.30815696716	1368
9.33478307724	-261
9.36657190323	-1368
9.36660599709	1289
9.42036294937	-1368
9.42084503174	1368
9.47810697556	-1065
9.47814202309	775
9.53452301025	-1368
9.53665709496	-1368
9.53770899773	-1368
9.53826904297	-1368
9.55673503876	-1368
9.55826091766	-1368
9.57589697838	-1368
9.58936595917	-111
9.62269592285	543
9.70041894913	-543
9.72464799881	-1368
9.75517892838	-1368
9.75520801544	543
9.75521993637	-1368
9.83582305908	-1210
9.83885002136	1368
9.91282892227	746
9.91701412201	-1368
9.94711112976	-804
10.0241589546	1086
10.0582489967	-543
10.2448561192	543
10.2605500221	-543
10.3159720898	-1368
10.3270459175	-1368
10.3656680584	1057
10.3678090572	-1368
10.3697659969	-1368
10.3706810474	-1368
10.3717050552	-1368
10.3724000454	-1368
10.3726069927	-1368
10.3726360798	-1368
10.3727169037	-1368
10.3728079796	-1368
10.3729450703	-1368
10.3730370998	-1368
10.3861539364	-1368
10.3862290382	-1368
10.3862440586	-1368
10.3862640858	-1368
10.4110610485	-172
10.4480879307	-1368
10.4876410961	-1368
10.4876749516	1086
10.4876921177	-1368
10.4878160954	-1368
10.4880199432	-1368
10.4881770611	-1368
10.4882769585	-1368
10.4883351326	-1368
10.488560915	-1368
10.4889819622	-1368
10.4892890453	-1368
10.4893059731	-1368
10.4893751144	-1368
10.489495039	-1368
10.4896221161	-1368
10.4933531284	1368
10.497396946	-1368
10.4974250793	-1368
10.4974429607	-1368
10.4974639416	-1368
10.4974799156	-1368
10.4975130558	-1368
10.4975390434	-1368
10.4975659847	-1368
10.5227320194	-1368
10.522769928	-1368
10.5227980614	-1368
10.5228021145	-1261
10.6045780182	1318
10.6254849434	-1368
10.6263620853	-1368
10.6277320385	-1368
10.6291849613	-1368
10.6292219162	-1368
10.6300289631	-1368
10.630644083	-1368
10.6319870949	-1368
10.6322660446	-1368
10.6329569817	-1368
10.6332499981	-1368
10.6338469982	-1010
10.6342580318	-1368
10.6677539349	-1368
10.747895956	-1007
10.7479491234	543
10.8498671055	-1368
10.8499441147	-1368
10.8500750065	-1368
10.8502929211	-1368
10.8503921032	-1368
10.8506169319	-1368
10.850744009	-1368
10.8590080738	-596
10.8590431213	1086
10.872551918	-1368
10.9491569996	-1368
10.9701840878	-522
10.9702250957	1086
11.0088860989	1368
11.0815091133	-1086
11.0815470219	261
11.0836551189	1368
11.1925780773	-543
11.1926870346	232
11.2981159687	-1368
11.2984910011	1368
11.2992811203	-1368
11.3001670837	-1368
11.3004920483	-1368
11.3006720543	-1368
11.3006899357	-1368
11.3012020588	-1368
11.3012499809	-1368
11.3020980358	-1368
11.3038179874	-488
11.3038420677	804
11.3050661087	-1368
11.3192980289	-1368
11.3193380833	-1368
11.3203971386	1368
11.3392729759	-1368
11.345539093	1368
11.3736419678	1368
11.4148979187	-414
11.4149329662	754
11.4861369133	-1368
11.492675066	-1368
11.4930551052	-1368
11.4934310913	-1368
11.4934561253	-1368
11.5061731339	-1368
11.5259709358	-364
11.5260090828	1086
11.5491709709	-1368
11.5551850796	1368
11.5619380474	-1368
11.5634670258	-1368
11.5651021004	-1368
11.5651891232	-1368
11.5665299892	-1368
11.5675859451	-1368
11.5678679943	-1368
11.569464922	-1368
11.5893990993	-1368
11.5894579887	-1368
11.5951099396	-1368
11.5955619812	1368
11.595605135	-1368
11.5956249237	-1368
11.5957119465	-1368
11.5961530209	-1368
11.5966639519	-1368
11.5972399712	-1368
11.6037831306	-1368
11.6038091183	-1368
11.6038279533	-1368
11.6038510799	-1368
11.6038680077	-1368
11.6039071083	-1368
11.6039230824	-1368
11.6039581299	-1368
11.6039810181	-1368
11.6040010452	-1368
11.609525919	-1368
11.6095530987	-1368
11.6095709801	-1368
11.6173069477	-1368
11.617344141	-1368
11.6173510551	-1368
11.6173689365	-1368
11.6175470352	1368
11.6372129917	-1368
11.6372570992	211
11.6372630596	-1368
11.6372690201	-1368
11.63727808	-360
11.6456871033	1368
11.6881279945	-1368
11.6898980141	1368
11.7231030464	1368
11.732872963	-1368
11.733066082	-1368
11.7338850498	-1368
11.7339119911	-1368
11.7530860901	-1368
11.7531180382	783
11.7531449795	-1368
11.7568371296	-111
11.7847471237	-1368
11.7926259041	-1368
11.7926640511	-1368
11.8015949726	-1368
11.8016340733	-1368
11.8017151356	-1368
11.8044960499	-1368
11.8046059608	-1368
11.8046770096	-1368
11.8049099445	-1368
11.8049399853	-1368
11.8152630329	1368
11.8187060356	-1368
11.8230609894	-1368
11.823168993	-1368
11.8233850002	-1368
11.8429009914	-1368
11.8494360447	-1368
11.8507390022	-1368
11.8518130779	-1368
11.8567321301	1368
11.8568930626	1368
11.8679790497	-1295
11.8680081367	182
11.9008610249	-1368
11.9018859863	-1368
11.9102931023	1368
11.9103050232	1368
11.9203131199	-1368
11.9403541088	-1368
11.9404439926	-1368
11.9408531189	1368
11.979008913	-161
11.9791359901	1152
12.0491979122	-1368
12.0691349506	-1368
12.0692410469	-1368
12.0692589283	-1368
12.0696880817	-1368
12.0701379776	-1368
12.0705199242	-1368
12.0729169846	-1368
12.0730600357	-1368
12.0732200146	-1368
12.0733480453	-1368
12.0830171108	-1368
12.0832600594	-1368
12.0838079453	-1368
12.0841939449	-1368
12.084633112	-1368
12.0847609043	-1368
12.0848779678	-1368
12.0853559971	-1368
12.0862820148	-1368
12.0871720314	-1368
12.0872089863	-1368
12.087430954	-1368
12.087594986	1368
12.0882160664	-1368
12.0888121128	-1368
12.0891549587	-1368
12.0892460346	-1368
12.0892989635	-1368
12.0899629593	-1368
12.0900371075	-1368
12.0903749466	-1368
12.090389967	261
12.0903990269	-1368
12.0904219151	-1368
12.090430975	-829
12.1037831306	-1368
12.1038191319	-1368
12.1038229465	-1368
12.1038560867	-1368
12.103883028	-1368
12.1039180756	-1368
12.109069109	-1368
12.1090970039	-1368
12.109110117	-1368
12.109128952	-1368
12.1091589928	-1368
12.109194994	-1368
12.1092290878	-1368
12.1910350323	-1368
12.1910719872	-1368
12.191090107	-1368
12.1910939217	-1368
12.1911001205	-1368
12.1911029816	-1368
12.191133976	-1368
12.1911580563	-1368
12.191174984	-1368
12.1912200451	-1368
12.1912629604	-1368
12.1913950443	-1368
12.1915400028	-1368
12.1916151047	-1368
12.1917130947	-1368
12.1989209652	-1368
12.1989741325	-1368
12.1989791393	-1368
12.1989839077	-1368
12.1989870071	-1368
12.199021101	-1368
12.1990439892	-1368
12.1990699768	-1368
12.1990890503	-1368
12.1991291046	-1368
12.1991569996	-1368
12.1991760731	-1368
12.1991949081	-1368
12.1992459297	-1368
12.1992690563	1368
12.1993861198	-1368
12.199463129	-1368
12.1995830536	-1368
12.1996741295	-1368
12.1998131275	-1368
12.1998999119	-1368
12.201570034	-1368
12.2015879154	804
12.2015910149	-1368
12.2016201019	-1368
12.2016811371	-1368
12.2017819881	-1368
12.2019069195	-1368
12.2020220757	-1368
12.2021379471	-1368
12.2024719715	-1368
12.2024900913	-1368
12.202493906	-1368
12.2025499344	-1368
12.2107620239	-1368
12.2108039856	-1368
12.2108120918	-1368
12.2221019268	-1368
12.222135067	-1368
12.2221560478	-1368
12.2221610546	-1368
12.2221961021	-1368
12.2222280502	-1368
12.2222619057	-1368
12.222299099	-1368
12.2223269939	-1368
12.2307081223	-1368
12.2307469845	-1368
12.2307560444	-1368
12.2307651043	-1368
12.2307801247	-1368
12.2308199406	-1368
12.2308371067	-1368
12.2308719158	-1368
12.2308959961	-1368
12.2309129238	-1368
12.230946064	-1368
12.2309699059	-1368
12.2359609604	1368
12.2367670536	1368
12.2367970943	1368
12.2431409359	1368
12.3101029396	-1368
12.3101360798	-1368
12.3102231026	-1368
12.31031394	-1368
12.3104319572	-1368
12.3105449677	-1368
12.3106460571	-1368
12.3107559681	-1368
12.3108520508	-1368
12.3110311031	-1368
12.3110721111	-1368
12.3111979961	-1368
12.3113291264	-1368
12.3114209175	-1368
12.3115251064	-1368
12.3116641045	-1368
12.3117470741	-1368
12.3118479252	-1368
12.3119471073	-1368
12.3120930195	-1368
12.3121891022	-1368
12.3122870922	-1368
12.3123891354	-1368
12.3124790192	1368
12.3125050068	-1368
12.3128139973	-1368
12.3129000664	-1368
12.3130381107	-1368
12.3131279945	-1368
12.3132469654	-1368
12.3133430481	-1368
12.3134520054	-1368
12.3135471344	-1368
12.3136599064	-1368
12.3137629032	-1368
12.3138940334	-1368
12.3139810562	-1368
12.3140869141	-1368
12.3141820431	-1368
12.3143339157	-1368
12.3144340515	-1368
12.3145639896	-1368
12.3146500587	-1368
12.3147730827	-1368
12.3148589134	-1368
12.3149700165	-1368
12.3150949478	-1368
12.3151879311	-1368
12.3219640255	-1368
12.3220100403	1131
12.3220179081	-1368
12.3220250607	-1368
12.3220369816	-1368
12.3220529556	-1368
12.3220801353	-1368
12.3221070766	-1368
12.3221399784	-1368
12.3221569061	-1368
12.3222000599	-1368
12.3222241402	-1368
12.3222489357	-1368
12.3222680092	-1368
12.3222999573	-1368
12.3223891258	-1368
12.3225960732	-1368
12.3226439953	-1368
12.3227200508	-1368
12.3228240013	-1368
12.3229269981	-1368
12.323045969	-1368
12.3231620789	-1368
12.3232600689	-1368
12.3235089779	-1368
12.3235180378	-420
12.3298559189	1368
12.3358960152	1368
12.3359100819	1368
12.3364911079	1368
12.3364989758	1368
12.354254961	1368
12.4073331356	1368
12.4169890881	1368
12.4330689907	654
12.4357290268	-543
12.473129034	-1368
12.4975290298	-1368
12.4979429245	-1368
12.4994220734	-1368
12.4994790554	-1368
12.5000679493	-1368
12.5006790161	-1368
12.5011911392	-1368
12.5012130737	-1368
12.501265049	-1368
12.5013449192	-1368
12.5061399937	-1368
12.523804903	-1368
12.5240781307	-1368
12.524148941	-1368
12.5241839886	-1368
12.524310112	-1368
12.5243990421	-1368
12.524543047	-1368
12.524682045	-1368
12.5249340534	-1368
12.5250101089	-1368
12.5251381397	-1368
12.5252430439	-1368
12.525370121	-1368
12.5254690647	-1368
12.5255699158	-1368
12.525703907	-1368
12.5257880688	-1368
12.5258910656	-1368
12.5302951336	-1368
12.5380599499	-1368
12.5407700539	-1368
12.5496149063	-1368
12.5496430397	1086
12.5498719215	-1368
12.5500860214	-1368
12.550342083	-1368
12.5506439209	-1368
12.5506939888	-1368
12.5509719849	-1368
12.5514199734	-1368
12.5515301228	-1368
12.5515520573	-1368
12.5517039299	-1368
12.5776209831	-1368
12.5780959129	-1368
12.5784449577	-1368
12.5784981251	-1368
12.5785870552	-1368
12.5792219639	-1368
12.5799660683	-1368
12.5806589127	-1368
12.5810410976	-1368
12.5811579227	-1368
12.5811851025	-1368
12.5819101334	-1368
12.582242012	-1368
12.5827219486	-1368
12.5832819939	-1368
12.5834150314	-1368
12.5835571289	-1368
12.5836539268	-1368
12.5837550163	-1368
12.5838611126	-1368
12.5845339298	-1368
12.584676981	-1368
12.5847620964	-1368
12.5848910809	-1368
12.5853300095	-1368
12.5856649876	-1368
12.5858619213	-1368
12.5872879028	-1368
12.5873570442	-936
12.5981280804	-1368
12.5981669426	-1368
12.5981729031	-1368
12.5984010696	1368
12.6056189537	-1368
12.6056439877	-1368
12.6056609154	-1368
12.6056640148	-1368
12.6056931019	-1368
12.6057300568	-1368
12.6057479382	-1368
12.6057870388	-1368
12.6058089733	-1368
12.6058280468	-1368
12.6058659554	-1368
12.605891943	-1368
12.6059119701	-1368
12.6060340405	-1368
12.606087923	-1368
12.6061599255	-1368
12.6062529087	-1368
12.6064090729	-1368
12.6064879894	-1368
12.6066019535	-1368
12.6067011356	-1368
12.6068611145	-1368
12.6069180965	-1368
12.6070561409	-1368
12.6072149277	-1368
12.6072580814	-1368
12.6074159145	-1368
12.6075439453	-1368
12.6075940132	-1368
12.6076910496	-1368
12.6078250408	-1368
12.6079230309	-1368
12.6080179214	-1368
12.6151869297	-1368
12.6152150631	-1368
12.6152319908	-1368
12.6152350903	-1368
12.6152489185	-1368
12.6152760983	-1368
12.6153109074	-1368
12.6153290272	-1368
12.615363121	-1368
12.6154139042	-1368
12.6155951023	-1368
12.6156930923	-1368
12.6160991192	1368
12.6234829426	-1368
12.6235151291	-1368
12.6235349178	-1368
12.6235389709	-1368
12.6235690117	-1368
12.6235980988	-1368
12.6374819279	-1368
12.6375329494	-1368
12.637567997	-1368
12.6375739574	-1368
12.6375849247	-1368
12.637597084	-1368
12.6376419067	-1368
12.6377580166	-1368
12.6378920078	-1368
12.6380081177	-1368
12.6381049156	-1368
12.6382169724	-1368
12.6383140087	-1368
12.6384561062	-1368
12.6385319233	-1368
12.6386339664	-1368
12.6387600899	-1368
12.638835907	1368
12.6388659477	-1368
12.6390209198	-1368
12.6391010284	-1368
12.6391870975	-1368
12.6392869949	-1368
12.6394510269	-1368
12.6395449638	-1368
12.6416349411	-1368
12.6417241096	-1368
12.641741991	-1368
12.657752037	-1368
12.6578099728	-1368
12.6578569412	-1368
12.6690781116	-1368
12.6691439152	783
12.6691739559	-1368
12.6691861153	-1368
12.6692039967	-1368
12.6692109108	-1368
12.6692249775	-1368
12.6692330837	-1368
12.6692450047	-1368
12.6692519188	-1368
12.6692640781	-1368
12.6692709923	-1368
12.6692891121	-1368
12.6692969799	-1368
12.6693100929	-1368
12.669383049	-1368
12.6695330143	-1368
12.66968894	-1368
12.6697869301	-1368
12.6946289539	-1368
12.6946680546	-1368
12.694674015	-1368
12.6946809292	-1368
12.6946921349	-1368
12.694726944	-1368
12.6947450638	-1368
12.6947801113	-1368
12.6948039532	-1368
12.6948239803	-1368
12.6948509216	-1368
12.6948840618	-1368
12.6949019432	-1368
12.6949310303	-1368
12.6950139999	-1368
12.6951389313	-1368
12.6952419281	-1368
12.6952850819	1368
12.6953749657	-1368
12.6954669952	-1368
12.6955959797	-1368
12.695720911	-1368
12.6958069801	-1368
12.6958949566	-1368
12.7036430836	-1368
12.7037129402	-1368
12.7037370205	-1368
12.7037420273	-1368
12.7037501335	-1368
12.7037529945	-1368
12.703758955	-1368
12.7037620544	-1368
12.7037680149	-1368
12.703772068	-1368
12.703799963	-1368
12.7038269043	-1368
12.7038531303	-1368
12.7039690018	-1368
12.7039859295	-1368
12.7042200565	-1368
12.7044110298	-1368
12.7045280933	-1368
12.7045779228	-1368
12.7170181274	-1368
12.7170469761	-1368
12.7170519829	-1368
12.7170610428	-1368
12.7170801163	-1368
12.7171781063	-1368
12.7172009945	-1368
12.7172241211	-1368
12.7172279358	-1368
12.7172329426	-1368
12.7173159122	-1368
12.7173569202	-1368
12.7173609734	-1368
12.7173669338	-1368
12.7174870968	-1368
12.7175350189	-1368
12.7176289558	-1368
12.7177219391	-1368
12.7177591324	1368
12.7188460827	-1368
12.7188749313	-1368
12.7189099789	-1368
12.7189390659	-1368
12.7189660072	-1368
12.7190029621	-1368
12.7190260887	-1368
12.7190470695	-1368
12.7190771103	-1368
12.7190959454	-1368
12.7265229225	-1368
12.7265899181	-1368
12.7266111374	-1368
12.7266180515	-1368
12.7266259193	-1368
12.7266309261	-1368
12.7266380787	-1368
12.7266421318	-1368
12.7266480923	-1368
12.726651907	-1368
12.7266879082	-1368
12.7267050743	-1368
12.7267329693	-1368
12.7267699242	-1368
12.7268509865	-1368
12.7269380093	-1368
12.727132082	-1368
12.7272090912	-1368
12.7273030281	-1368
12.7273819447	-1368
12.7275221348	-1368
12.7276129723	-1368
12.7277090549	-1368
12.7278120518	-1368
12.7279341221	-1368
12.7280750275	-1368
12.7281639576	-1368
12.7282700539	1368
12.7282791138	-1368
12.7283740044	-1368
12.7284839153	-1368
12.7348790169	-1368
12.7349669933	-1368
12.7349739075	-1368
12.734992981	-1368
12.7349979877	-1368
12.7350130081	-1368
12.7350199223	-1368
12.7350330353	-1368
12.7350389957	-1368
12.7350509167	-1368
12.7350959778	-1368
12.7351210117	-1368
12.7351391315	-1368
12.7351801395	-1368
12.7351970673	-1368
12.7352950573	-1368
12.73539114	-1368
12.7412199974	-1368
12.7412860394	-1368
12.7413070202	-1368
12.7413110733	-1368
12.7413210869	-1368
12.74132514	-1368
12.7413330078	-1368
12.7530069351	-1368
12.7530949116	-1368
12.7531020641	-1368
12.7531089783	-1368
12.7531120777	-1368
12.7531189919	-1368
12.7531220913	-1368
12.7531290054	-1368
12.7531650066	-1368
12.753180027	-1368
12.7532250881	-1368
12.7532539368	-1368
12.7532720566	-1368
12.753303051	-1368
12.7533259392	-1368
12.7534530163	-1368
12.7535409927	1368
12.7536590099	-1368
12.7538290024	-1368
12.7539060116	-1368
12.7539720535	-1368
12.7540559769	-1368
12.7541129589	-1368
12.7542049885	-1368
12.7543649673	-1368
12.7544550896	-1368
12.7545249462	-1368
12.754570961	1368
12.7546429634	-1368
12.7547559738	-1368
12.7548720837	-1368
12.7549829483	-1368
12.7550821304	-1368
12.7551789284	-1368
12.7553169727	-1368
12.755423069	-1368
12.7555339336	-1368
12.7556331158	-1368
12.7557580471	-1368
12.7558560371	-1368
12.7559440136	-1368
12.7560780048	-1368
12.7690160275	-1368
12.769053936	-1368
12.7690601349	-1368
12.7690660954	-1368
12.7898330688	-1368
12.7899050713	762
12.7899239063	-1368
12.7899310589	-1368
12.7899401188	-1368
12.7899439335	-1368
12.7899501324	-1368
12.7899529934	-1368
12.7899589539	-1368
12.7900021076	-1368
12.7900481224	-1368
12.7901070118	-1368
12.7901411057	-1368
12.7901899815	-1368
12.7902290821	-1368
12.7902541161	-1368
12.7902960777	-1368
12.7904529572	-1368
12.7905330658	-1368
12.7906310558	-1368
12.7907290459	-1368
12.7908470631	-1368
12.7909469604	-1368
12.7910480499	-1368
12.7911610603	-1368
12.7912549973	-1368
12.7913661003	-1368
12.7914779186	-1368
12.806178093	-1368
12.8062589169	-1368
12.8062739372	-1368
12.8062889576	-1368
12.8062970638	-1368
12.8063099384	-1368
12.8063230515	-1368
12.8063371181	-1368
12.806344986	-1368
12.806358099	-1368
12.8063650131	-1368
12.8063850403	-1368
12.806427002	-1368
12.8064451218	-1368
12.8064980507	-1368
12.8065969944	-1368
12.8078410625	1368
12.8129451275	-1368
12.8129909039	-1368
12.81300807	-1368
12.8130171299	-1368
12.8130450249	-1368
12.8130841255	-1368
12.8131039143	-1368
12.813147068	-1368
12.8131690025	-1368
12.8131890297	-1368
12.8132250309	-1368
12.8132529259	-1368
12.8132829666	-1368
12.8133130074	-1368
12.8133649826	-1368
12.8134720325	-1368
12.8135709763	-1368
12.8138859272	-1368
12.8139209747	-1368
12.8139541149	-1368
12.8161520958	-1368
12.8162019253	-1368
12.8163099289	-1368
12.8164229393	-1368
12.81656003	-1368
12.8166480064	-1368
12.8167500496	-1368
12.8169159889	-1368
12.8169701099	-1368
12.8170599937	-1368
12.8171319962	-1368
12.8173630238	-1368
12.8174901009	-1368
12.817510128	-1368
12.817595005	-1368
12.8176951408	-1368
12.8178341389	-1368
12.817950964	-1368
12.818007946	-1368
12.8181159496	-1368
12.8182160854	-1368
12.8183510303	-1368
12.8184359074	-1368
12.8184850216	1368
12.818614006	-1368
12.8186569214	-1368
12.8187611103	-1368
12.8188829422	-1368
12.837884903	-1368
12.8379199505	-1368
12.8379430771	-1368
12.8379490376	-1368
12.8379659653	-1368
12.8379850388	-1368
12.8380079269	-1368
12.8380351067	-1368
12.838050127	-1368
12.8380811214	-1368
12.8381171227	-1368
12.838135004	-1368
12.8381669521	-1368
12.8381850719	-1368
12.8382821083	-1368
12.8384521008	-1368
12.8385810852	-1368
12.8386249542	1368
12.8386909962	-1368
12.8387160301	-1368
12.8388109207	-1368
12.8389120102	-1368
12.8390119076	-1368
12.839165926	-1368
12.8392410278	-1368
12.8393380642	-1368
12.8394610882	-1368
12.8395619392	-1368
12.8396749496	-1368
12.8398339748	-1368
12.8399410248	-1368
12.8400399685	-1368
12.8401229382	-1368
12.8402450085	-1368
12.8403849602	-1368
12.8404591084	-1368
12.8405640125	-1368
12.840692997	-1368
12.8408219814	-1368
12.8408911228	-1368
12.8410849571	-1368
12.8411109447	-1368
12.8412089348	-1368
12.8413100243	-1368
12.8414170742	-1368
12.8415219784	-1368
12.8416419029	-1368
12.8417420387	-1368
12.8470981121	-1368
12.847217083	-1368
12.8472790718	-1368
12.8473210335	-1368
12.8474090099	-1368
12.8475089073	-1368
12.8476240635	-1368
12.8476400375	1368
12.8477261066	-1368
12.8478500843	-1368
12.8479349613	-1368
12.8480470181	-1368
12.8481440544	-1368
12.8481509686	-295
12.8594179153	1368
12.87135005	-1368
12.8713760376	-1368
12.8713979721	-1368
12.8716061115	-1368
12.8716289997	-1368
12.8716490269	-1368
12.8723540306	-1368
12.8723700047	-1368
12.8726270199	-1368
12.8726530075	-1368
12.8726789951	-1368
12.8731849194	-1368
12.8732159138	-1368
12.8732349873	-1368
12.8736360073	-1368
12.8736801147	-1368
12.8737180233	-1368
12.8740301132	-1368
12.8740510941	-1368
12.8740570545	-1368
12.8753049374	-1368
12.8753199577	-1368
12.8753471375	-1368
12.8757550716	-1368
12.8757870197	-1368
12.8758060932	-1368
12.8759360313	-1368
12.8759560585	-1368
12.8759849072	-1368
12.8772981167	-1368
12.8773210049	-1368
12.8773300648	-1368
12.8777430058	1368
12.8918039799	-1368
12.8918290138	-1368
12.8918521404	-1368
12.8925869465	-1368
12.8926029205	-1368
12.8926250935	-1368
12.8926770687	-1368
12.8927021027	-1368
12.8927350044	-1368
12.89281106	-1368
12.8928360939	-1368
12.8928649426	-1368
12.8930170536	1368
12.8933179379	-1368
12.8933439255	-1368
12.8933711052	-1368
12.8944101334	-1368
12.8945569992	-1368
12.8945829868	-1368
12.8946089745	-1368
12.8946421146	-1368
12.8946590424	-1368
12.8947300911	-1368
12.8948090076	-1368
12.8948631287	-1368
12.9011359215	-1368
12.9011631012	-1368
12.9011809826	-1368
12.9012000561	-1368
12.9012169838	-1368
12.9012551308	-1368
12.9012720585	-1368
12.9012999535	-1368
12.9013650417	-1368
12.9014720917	-1368
12.9015989304	-1368
12.9016759396	-1368
12.901777029	-1368
12.9019179344	-1368
12.9020090103	-1368
12.9021239281	-1368
12.9022269249	-1368
12.9023430347	-1368
12.9024429321	-1368
12.9061090946	-1368
12.9062240124	1284
12.9062690735	-1368
12.9062900543	-1368
12.9063100815	-1368
12.9064600468	-1368
12.906496048	-1368
12.9065101147	-1368
12.9071290493	-1368
12.9071650505	-1368
12.9071900845	-1368
12.9076550007	-1368
12.9076850414	-1368
12.9077019691	-1368
12.9123921394	-1368
12.9124190807	-1368
12.9124369621	-1368
12.9174530506	-1368
12.9174790382	-1368
12.917484045	-1368
12.9175040722	-1368
12.9175291061	-1368
12.9175760746	-1368
12.9176120758	-1368
12.9176380634	-1368
12.9176609516	-1368
12.9176790714	-1368
12.9177150726	-1368
12.9177489281	-1368
12.9177670479	-1368
12.9177949429	-1368
12.9178719521	-1368
12.9179720879	-1368
12.9181499481	-1368
12.9182159901	-1368
12.9183130264	-1368
12.918432951	-1368
12.9185359478	-1368
12.9191129208	-1368
12.9191250801	-1368
12.919219017	-1368
12.9193511009	-1368
12.9193689823	-1368
12.9194209576	1368
12.9241929054	-1368
12.9242210388	-1368
12.9242370129	-1368
12.9242460728	-1368
12.9242720604	-1368
12.924300909	-1368
12.9243299961	-1368
12.92436409	-1368
12.9243869781	-1368
12.9244060516	-1368
12.9244430065	-1368
12.9244689941	-1368
12.9244909286	-1368
12.9245100021	-1368
12.9246051311	-1368
12.9247291088	-1368
12.9248211384	-1368
12.9249370098	-1368
12.9250330925	-1368
12.9257769585	-1368
12.9258420467	-1368
12.9258670807	-1368
12.9259190559	-1368
12.9262349606	-1368
12.9262530804	-1368
12.9262750149	-1368
12.9271039963	-1368
12.9271359444	-1368
12.927161932	-1368
12.9273409843	-1368
12.9273710251	-1368
12.9273900986	-1368
12.9275660515	1368
12.9322209358	-1368
12.932254076	-1368
12.93227005	-1368
12.9322729111	-1368
12.9323379993	-1368
12.9323630333	-1368
12.9324979782	-1368
12.9325199127	-1368
12.9325389862	-1368
12.9326131344	-1368
12.9326820374	-1368
12.9327290058	-1368
12.9327669144	-1368
12.9327940941	-1368
12.9328119755	-1368
12.9330511093	-1368
12.933068037	-1368
12.9330720901	-1368
12.934579134	-1368
12.9345910549	-1368
12.9346010685	-1368
12.9347689152	1368
12.9349889755	-1368
12.9350020885	-1368
12.9350390434	-1368
12.9492380619	-1368
12.9493200779	-1368
12.9493451118	-1368
12.9493551254	-1368
12.9493601322	-1368
12.949368	-1368
12.9493720531	-1368
12.9493811131	-1368
12.949393034	-1368
12.9493961334	-1368
12.9493999481	-1368
12.9494299889	-1368
12.9494419098	-1368
12.9494719505	-1368
12.9495339394	-1368
12.9537260532	-1368
12.9537959099	-1368
12.9540979862	1368
12.9596350193	-1140
12.9764990807	-1368
12.9781661034	-1368
12.9781889915	-1368
12.9782180786	-1368
12.9784700871	-1368
12.9785060883	-1368
12.9785170555	-1368
12.9789829254	-1368
12.9790160656	-1368
12.9790489674	-1368
12.9799740314	-1368
12.9800260067	-1368
12.9800701141	-1368
12.9815831184	-1368
12.9817841053	-1368
12.9818499088	-1368
12.982104063	-1368
12.982145071	-1368
12.9821591377	-1368
12.9824991226	-1368
12.9825561047	-1368
12.9825811386	-1368
12.9831960201	-1368
12.9832389355	-1368
12.9832689762	-1368
12.9844629765	-1368
12.9846861362	-1368
12.9847130775	-1368
12.9859499931	-1368
12.9861991405	-1368
12.9862160683	-1368
12.9862840176	-1368
12.986508131	-1368
12.9865329266	-1368
12.9883821011	-1368
12.9884600639	-1368
12.9884719849	-1368
12.9884850979	-1368
12.9889490604	-1368
12.9890050888	-1368
12.9890151024	-1368
12.9895100594	1368
12.9895250797	-1368
12.9895570278	-1368
12.989675045	-1368
12.9897370338	-1368
12.9897611141	-1368
12.9897959232	-1368
12.9898250103	-1368
12.989866972	-1368
12.9898889065	-1368
12.9926269054	-1368
12.992757082	-1368
12.9927921295	-1368
12.9930860996	-1368
12.9931190014	-1368
12.9931509495	-1368
12.9934449196	-1368
12.9934740067	-1368
12.9934830666	-1368
12.9935460091	-1368
12.9937949181	-1368
12.9938189983	-1368
12.9938809872	-1368
12.9964900017	-1368
12.9965100288	-1368
12.9967870712	-1368
12.9969210625	-1368
12.9969499111	-1368
12.9969670773	-1368
12.9969849586	-1368
12.9970121384	-1368
12.9973399639	1368
13.0003390312	-1368
13.0003581047	-1368
13.0003910065	-1368
13.0004150867	-1368
13.0006840229	-1368
13.0011179447	-1368
13.0011451244	-1368
13.0011649132	-1368
13.0016789436	-1368
13.0017120838	-1368
13.0017371178	-1368
13.0029320717	-1368
13.0029771328	-1368
13.0030391216	-1368
13.0030620098	-1368
13.0030720234	-1368
13.0030879974	-1368
13.0031270981	-1368
13.0038559437	1368
13.0053200722	-1368
13.0053470135	-1368
13.0053870678	-1368
13.0056231022	-1368
13.0056769848	-1368
13.0056889057	-1368
13.0067079067	-1368
13.0067400932	-1368
13.0067751408	-1368
13.006786108	-1368
13.0070290565	-1368
13.0070590973	-1368
13.0072159767	-1368
13.0072319508	-1368
13.0072689056	-1368
13.0072939396	-1368
13.0084319115	-1368
13.0084559917	-1368
13.008491993	-1368
13.0122740269	-1368
13.0123031139	-1368
13.0123150349	-1368
13.0166931152	-1368
13.0167109966	-1368
13.0167589188	-1368
13.0173010826	-1368
13.0174469948	-1368
13.0174729824	-1368
13.0176990032	1368
13.0177350044	-1368
13.0177531242	459
13.017950058	-1368
13.017977953	-1368
13.0182740688	-1368
13.0183069706	-1368
13.0183241367	-1368
13.0187370777	-1368
13.0189530849	-1368
13.0189759731	-1368
13.0193021297	-1368
13.0193259716	-1368
13.0193459988	-1368
13.0196349621	-1368
13.0196690559	-1368
13.0196869373	-1368
13.0199761391	-1368
13.0199999809	-1368
13.0200200081	-1368
13.0203421116	-1368
13.0205850601	-1368
13.0206229687	-1368
13.0207650661	-1368
13.0209901333	-1368
13.0210490227	-1368
13.0213370323	-1368
13.0213639736	-1368
13.0214109421	-1368
13.0235209465	-1368
13.0235419273	-1368
13.0235779285	-1368
13.0235850811	-1368
13.0236270428	-1368
13.0236430168	-1368
13.0295159817	-1368
13.0295739174	-1368
13.0304229259	-1368
13.0306479931	-1368
13.0306649208	-1368
13.030960083	-1368
13.0311100483	-1368
13.0311410427	-1368
13.0311789513	-1368
13.0312111378	-1368
13.0314440727	-1368
13.0314769745	-1368
13.0315089226	-1368
13.0322699547	-1368
13.0322949886	-1368
13.0323019028	-1368
13.0329101086	-1368
13.0329430103	-1368
13.0329611301	-1368
13.0336999893	-1368
13.033716917	-1368
13.0337500572	-1368
13.0339109898	-1368
13.0339949131	-1368
13.0340399742	-1368
13.0402679443	-1368
13.0403051376	-1368
13.0403110981	-1368
13.0407390594	-1368
13.0407531261	-1368
13.0407700539	-1368
13.0409619808	-1368
13.040995121	-1368
13.0410189629	-1368
13.0411860943	1368
13.0427639484	-1368
13.0428380966	-1368
13.0428740978	-1368
13.0495150089	-1368
13.04956007	-1368
13.0495679379	-1368
13.0794689655	-1368
13.08131814	-1368
13.08137393	-1368
13.0813910961	-1368
13.082570076	-1368
13.0826029778	-1368
13.082638979	-1368
13.0826580524	-1368
13.0826609135	-1368
13.0828659534	-1368
13.0829000473	-1368
13.0829229355	-1368
13.0831310749	-1368
13.0832290649	-1368
13.0832629204	-1368
13.083427906	1368
13.0837481022	-1368
13.0838160515	-1368
13.0838410854	-1368
13.0838599205	-1368
13.0840489864	-1368
13.0840740204	-1368
13.0845119953	-1368
13.0845320225	-1368
13.084553957	-1368
13.0851290226	-1368
13.0852110386	-1368
13.085242033	-1368
13.0852661133	-1368
13.0852930546	-1368
13.0853121281	-1368
13.0853440762	-1368
13.0857329369	-1368
13.0857629776	-1368
13.085793972	-1368
13.0858139992	-1368
13.0858540535	-1368
13.0858700275	-1368
13.0863931179	-1368
13.0864040852	-1368
13.0867569447	-1368
13.086771965	-1368
13.0867860317	-1368
13.0870680809	-1368
13.0873811245	-1368
13.087428093	-1368
13.0874569416	-1368
13.0874660015	-538
13.0875620842	1368
13.0878920555	-1368
13.0879240036	-1368
13.0879590511	-1368
13.0879700184	-1368
13.0879950523	-1368
13.0880000591	-1368
13.0891799927	-1368
13.0892159939	-1368
13.0892500877	-1368
13.0900011063	-1368
13.0900509357	-1368
13.0900640488	-1368
13.0902040005	-1368
13.0902240276	-1368
13.0902490616	-1368
13.0904479027	-1368
13.0904979706	-1368
13.0905230045	-1368
13.0911169052	-1368
13.0911619663	-1368
13.0912001133	-1368
13.0913360119	-1368
13.0914280415	-1368
13.0914530754	-1368
13.1004350185	-1368
13.1004641056	-1368
13.1004860401	-1368
13.1089560986	-1368
13.1090040207	-1368
13.1090159416	-1368
13.1106939316	-1368
13.1112120152	1368
13.1122159958	-1368
13.1122329235	-1368
13.1124949455	-1368
13.1125171185	-1368
13.1125340462	-1368
13.1132519245	-1368
13.1132729053	-1368
13.1132950783	-1368
13.11332798	-1368
13.1133589745	-1368
13.1133909225	-1368
13.1160829067	-1368
13.1161570549	-1368
13.1161670685	-1368
13.117978096	-1368
13.1180081367	-1368
13.1180369854	-1368
13.1183841228	-1368
13.1184051037	-1368
13.1184520721	-1368
13.1187770367	-1368
13.1188089848	-1368
13.1188290119	-1368
13.1199519634	-1368
13.1199951172	-1368
13.1200039387	-1368
13.1200170517	-1368
13.1204359531	1368
13.1205060482	-1368
13.1205310822	-1368
13.1211249828	-1368
13.1211540699	-1368
13.121172905	-1368
13.1213850975	-1368
13.1214699745	-1368
13.1214959621	-1368
13.1248910427	-1368
13.1249270439	-1368
13.124958992	-1368
13.1252310276	-1368
13.1257779598	-1368
13.1257889271	-1368
13.1258051395	-1368
13.1258499622	-1368
13.1258630753	-1368
13.1258909702	-1368
13.1261820793	1368
13.1265640259	-1368
13.1265950203	-1368
13.1266319752	-1368
13.1271409988	-1368
13.1271710396	-1368
13.1271800995	-1368
13.1280019283	-1368
13.1280210018	-1368
13.1280391216	-1368
13.1286931038	-1368
13.1287350655	-1368
13.1287720203	-1368
13.1294400692	-1368
13.1294970512	-1368
13.129513979	-1368
13.1296129227	451
13.13022995	-1368
13.130284071	-1368
13.1303100586	-1368
13.130384922	-1368
13.1308310032	-1368
13.1308629513	-1368
13.130890131	-1368
13.1309249401	-1368
13.1309421062	-1368
13.1313331127	-1368
13.1313560009	-1368
13.1313829422	-1368
13.132609129	-1368
13.1326439381	-1368
13.1326699257	-1368
13.1416890621	-1368
13.1595540047	-1368
13.1602640152	-1368
13.16031003	-1368
13.1603279114	-1368
13.160656929	1368
13.1607069969	-1368
13.1607611179	-1368
13.160779953	-1368
13.1608059406	-1368
13.1608529091	-1368
13.1613481045	-1368
13.1619250774	-1368
13.1619501114	-1368
13.1627979279	-1368
13.1628620625	-1368
13.1628811359	-1368
13.1700570583	-1368
13.1701319218	-1368
13.1701569557	-1368
13.1701819897	-1368
13.1702179909	-1368
13.1702370644	-1368
13.1811549664	-1368
13.1812279224	-1368
13.181237936	-1368
13.1812520027	-1368
13.1812589169	-1368
13.1812720299	-1368
13.181278944	-1368
13.1812939644	-1368
13.1813030243	-1368
13.1813440323	-1368
13.1813659668	-1368
13.1813979149	-1368
13.1823990345	-1368
13.1824901104	-1368
13.1825149059	-1368
13.182641983	-1368
13.1828250885	-1368
13.1828401089	-1368
13.1831560135	-1368
13.1831741333	-1368
13.1832010746	-1368
13.1832499504	-1368
13.1832790375	-1368
13.1835319996	1368
13.1898090839	-1368
13.1898639202	-1368
13.1898961067	-1368
13.1898999214	-1368
13.1899061203	-1368
13.1899089813	-1368
13.1899421215	-1368
13.1905300617	-1368
13.1905539036	-1368
13.1905839443	-1368
13.1906139851	-1368
13.1906430721	-1368
13.1906809807	-1368
13.190705061	-1368
13.1907229424	-1368
13.1985690594	-1368
13.1986579895	-1368
13.19866395	-1368
13.1986711025	-425
13.1989519596	1368
13.2012219429	-1368
13.2012820244	-1368
13.2013790607	-1368
13.2014460564	-1368
13.2014710903	-1368
13.2014920712	-1368
13.2015171051	-1368
13.2017130852	-1368
13.2017300129	-1368
13.2018070221	-1368
13.2018940449	-1368
13.2019281387	-1368
13.2024450302	-1368
13.2029879093	-1368
13.2042770386	-1368
13.2056660652	-1368
13.2062020302	-1368
13.2072250843	-1368
13.2072529793	-1368
13.211673975	-1368
13.2117581367	-1368
13.2118611336	-1368
13.2125611305	-1368
13.2134270668	-1368
13.2147541046	-1368
13.214785099	-1368
13.2158000469	-1368
13.2164099216	-1368
13.2168869972	-1368
13.2175891399	-1368
13.2179961205	-1368
13.218640089	-1368
13.2198030949	-1368
13.220705986	-1368
13.2207279205	-1368
13.220911026	1368
13.2220931053	-1368
13.2222590446	-1368
13.2230889797	-1368
13.2233150005	-1368
13.223334074	-1368
13.2235701084	-1368
13.2237329483	-1368
13.2240841389	-1368
13.2242410183	-1368
13.2244069576	-1368
13.224460125	-1368
13.2245080471	-1368
13.2247030735	-1368
13.2265980244	-1368
13.2267420292	-1368
13.2273490429	-1368
13.2285130024	-1368
13.2285690308	-1368
13.2285890579	-1368
13.2319660187	-1368
13.2320151329	-1368
13.2320189476	-1368
13.2321019173	-1368
13.2321369648	-1368
13.2321550846	-1368
13.2324280739	-1368
13.2324531078	-1368
13.2324819565	-1368
13.2325351238	-1368
13.232681036	1368
13.232763052	-1368
13.2327780724	-1368
13.2331020832	-1368
13.2331399918	-1368
13.2331581116	-1368
13.2397909164	-1368
13.2398331165	-1368
13.239839077	-1368
13.2402510643	-1368
13.2402760983	-1368
13.241549015	-1368
13.2415630817	762
13.2415781021	-1368
13.2417550087	-1368
13.2422480583	-1368
13.2422959805	-1368
13.2442429066	-1368
13.2442860603	-1368
13.2447099686	-1368
13.245059967	-1368
13.2451820374	-1368
13.2454559803	-1368
13.2455329895	-1368
13.2462930679	-1368
13.2463459969	-1368
13.2469739914	-1368
13.2471289635	-1368
13.2479789257	-1368
13.2484691143	-1368
13.2486360073	-1368
13.2488870621	-1368
13.2490839958	-1368
13.2496500015	-1368
13.2562789917	-1368
13.2583150864	-1368
13.2583420277	-1368
13.2605280876	-1368
13.2643959522	-1368
13.2645940781	-1368
13.2681920528	-1368
13.2686181068	-1368
13.2696239948	-1368
13.2696731091	-1368
13.2714750767	-1368
13.2740011215	-1368
13.2752509117	-1368
13.2765519619	-1368
13.2769939899	1368
13.2785480022	-1368
13.2786509991	-1368
13.2796909809	-1368
13.2804429531	-1368
13.2805070877	-1368
13.2815639973	-1368
13.282818079	-1368
13.2837700844	-1368
13.2839610577	-1368
13.2839889526	-1368
13.284719944	-1368
13.2847509384	-1368
13.2862141132	-1368
13.2862870693	-1368
13.287539959	-1368
13.2886431217	-1368
13.2887430191	-1368
13.2912840843	-1368
13.2913579941	-1368
13.2918829918	-1368
13.2919740677	-1368
13.2921040058	-1368
13.2922689915	-1368
13.2924289703	-1368
13.2931079865	-1368
13.2935011387	-1368
13.2937910557	-1368
13.2939009666	-1368
13.2941629887	-1368
13.2942149639	-1368
13.2963469028	-1368
13.2964279652	-1368
13.2967939377	-1368
13.2968430519	-1368
13.2971460819	-1368
13.297399044	-1368
13.2974169254	-1368
13.2982699871	-1368
13.2994599342	-1368
13.3021731377	-1368
13.3029739857	-1368
13.3061130047	-1368
13.3061990738	-1368
13.3063099384	1368
13.3064370155	-1368
13.3067600727	-1368
13.3070180416	-1368
13.3072271347	-1368
13.3076179028	-1368
13.3078019619	-1368
13.3081519604	-1368
13.3095450401	-1368
13.3101971149	-1368
13.3102300167	-1368
13.310240984	-67
13.3120729923	-1368
13.3165481091	-1368
13.3177931309	-1368
13.319494009	-1368
13.3195340633	-1368
13.3213779926	-1368
13.3240430355	-1368
13.3265371323	-1368
13.326595068	-1368
13.3268799782	1368
13.3292589188	-1368
13.330092907	-1368
13.3301389217	-1368
13.3307659626	-1368
13.3313760757	-1368
13.3319070339	-1368
13.3321709633	-1368
13.3330481052	-1368
13.3332710266	-1368
13.3333649635	-1368
13.3335490227	-1368
13.3337590694	-1368
13.3338301182	-1368
13.3340981007	-1368
13.3342959881	-1368
13.3344221115	-1368
13.3344569206	-1368
13.3349809647	-1368
13.3353660107	-1368
13.3364489079	-1368
13.3367230892	-1368
13.3371379375	-1368
13.3374400139	-1368
13.3375980854	-1368
13.3377890587	-1368
13.3379449844	-1368
13.3380169868	-1368
13.3381171227	-1368
13.3386149406	-1368
13.3387451172	-1368
13.3389821053	-1368
13.3393340111	-1368
13.3394241333	-1368
13.3400440216	-1368
13.3406589031	-1368
13.3667690754	1326
13.3668189049	-1368
13.3675191402	-1368
13.3691179752	-1368
13.3706879616	-1368
13.3708400726	-1368
13.3716011047	-1368
13.3717310429	-1368
13.3718519211	-1368
13.3719270229	-1368
13.3720400333	-1368
13.3721399307	-1368
13.3723039627	-1368
13.3725059032	-1368
13.3725991249	-1368
13.3727381229	-1368
13.3728079796	-1368
13.3729100227	-1368
13.373032093	-1368
13.3732180595	-1368
13.3732581139	-1368
13.3733570576	-1368
13.3734610081	-1368
13.373593092	-1368
13.3738100529	-1368
13.373857975	-1368
13.3739190102	-1368
13.3740141392	-1368
13.3741400242	-1368
13.3742389679	-1368
13.3743360043	1368
13.3743610382	-1368
13.3745059967	-1368
13.3745849133	-1368
13.3747060299	-1368
13.3748791218	-1368
13.3749220371	-1368
13.3750190735	-1368
13.3751370907	-1368
13.3752880096	-1368
13.3753569126	-1368
13.375453949	-1368
13.3755600452	-1368
13.3756659031	-1368
13.3772790432	-1368
13.3773751259	-1368
13.3796360493	-1368
13.3797180653	-1368
13.3801789284	-1368
13.380302906	-1368
13.3805561066	-1368
13.3806800842	-1368
13.3807830811	-1368
13.381483078	-1368
13.3859000206	-1368
13.3859810829	-1368
13.3860089779	-1368
13.3862059116	-1368
13.3862230778	-1368
13.3863179684	-1368
13.3870229721	-1368
13.3870780468	-1368
13.3974001408	-1368
13.3974559307	-1368
13.3983709812	-1368
13.4012620449	-1368
13.4019739628	-1368
13.402023077	-1368
13.4025509357	-1368
13.4031569958	-1368
13.4035151005	-1368
13.4037799835	-1368
13.40417099	-1368
13.4057240486	-1368
13.4098899364	-1368
13.4099149704	-1368
13.4099280834	-1368
13.4100210667	-1368
13.410048008	-1368
13.4111890793	-1368
13.4232709408	-1191
13.4274311066	-1368
13.4292500019	-1368
13.4293079376	-1368
13.4320259094	-1368
13.4322800636	1368
13.4343140125	-1368
13.4366519451	-1368
13.4367120266	-1368
13.4383850098	-1368
13.4397621155	-1368
13.4419960976	-1368
13.4438381195	-1368
13.4463989735	-1368
13.4592580795	-1368
13.459307909	-1368
13.480618	-1368
13.4806790352	1065
13.4996840954	-1368
13.5207381248	-1368
13.5214269161	-1368
13.5344040394	-1092
13.5367329121	1368
13.5367529392	1368
13.5415520668	-1368
13.5919229984	920
13.6455469131	-232
13.6619560719	1368
13.6619780064	1368
13.7732601166	920
13.8578929901	-543
13.990447998	-1368
13.9905090332	-1368
13.990696907	-1368
13.9907779694	-1368
13.9947199821	-1368
13.9948439598	-1368
13.9955151081	-1368
13.9960489273	-1368
13.9967300892	-1368
14.0072181225	-517
14.0112631321	-1368
14.1183540821	-1347
14.1234269142	-1368
14.1235160828	-1368
14.1236710548	-1368
14.1238780022	-1368
14.1239109039	-1368
14.12413311	-1368
14.1241569519	-1368
14.1242749691	-1368
14.1248600483	543
14.1274290085	-1368
14.1275019646	-1368
14.1276590824	-1368
14.127726078	-1368
14.127918005	-1368
14.1279489994	-1368
14.1281220913	-1368
14.1428220272	-1368
14.1428980827	-1368
14.2299339771	-802
14.23605299	-1368
14.2361369133	543
14.2367169857	-1368
14.2367720604	-1368
14.2368319035	-1368
14.2368741035	-1368
14.2369420528	-1368
14.2369670868	-1368
14.2370181084	-1368
14.2370741367	-1368
14.2547631264	-1368
14.2548360825	-1368
14.2553429604	-1368
14.2555069923	-1368
14.2556381226	-1368
14.2557339668	-1368
14.2559320927	-1368
14.2561099529	-1368
14.256289959	-1368
14.256319046	-1368
14.2563419342	-1368
14.2564079762	-1368
14.2565469742	-1368
14.2566559315	-1368
14.258836031	-1368
14.2590339184	-1368
14.25912714	-1368
14.2592039108	-1368
14.2592430115	-1368
14.25928092	-1368
14.2593319416	-1368
14.2596440315	-1368
14.2597780228	-1368
14.2598071098	-1368
14.2599749565	-1368
14.2600049973	-1368
14.2964599133	-1368
14.2969219685	-1368
14.3167390823	-1368
14.3413901329	-845
14.3418059349	1368
14.3663339615	-1368
14.3664150238	261
14.3664281368	-1368
14.3664429188	-1368
14.3665249348	-1368
14.3666059971	-1368
14.3667221069	-1368
14.366877079	-1368
14.3669309616	-1368
14.3670649529	-1368
14.3672940731	-1368
14.367415905	-1368
14.3675639629	-1368
14.3676440716	-1368
14.3677470684	-1368
14.3678600788	-1368
14.3856480122	-1368
14.3867270947	-1368
14.3876399994	-1368
14.3877189159	-1368
14.3877470493	-1368
14.3877630234	-1368
14.387969017	-1368
14.3880860806	-1368
14.3882570267	-1368
14.3883259296	-1368
14.3887989521	-1368
14.3888339996	-1368
14.3888850212	-1368
14.3890781403	-1368
14.389111042	-1368
14.3891990185	-1368
14.3892591	-1368
14.3894469738	-1368
14.3898649216	-1368
14.3900821209	-1368
14.3901870251	-1368
14.3904781342	-1368
14.3911209106	-1368
14.391160965	-1368
14.3914020061	1368
14.3925349712	-1368
14.3931529522	-1368
14.3932180405	-1368
14.3979561329	-1368
14.3980350494	-1368
14.3980550766	-1368
14.398088932	-1368
14.3982019424	-1368
14.3982241154	-1368
14.3982789516	-1368
14.398293972	-1368
14.3983519077	-1368
14.3983831406	-1368
14.3984389305	-1368
14.3985021114	-1368
14.3986561298	-1368
14.4092321396	-1368
14.4092800617	-1368
14.4093809128	-1368
14.4094901085	-1368
14.40959692	-1368
14.4097309113	-1368
14.4098351002	-1368
14.4099500179	-1368
14.4100520611	-1368
14.4101700783	-1368
14.411894083	-1368
14.4289269447	-1368
14.4295709133	-1368
14.4307420254	-1368
14.4481649399	-1368
14.4488890171	-1368
14.4524710178	-646
14.4774830341	1347
14.4966471195	-1368
14.4967050552	-1368
14.49685812	-1368
14.4974319935	-1368
14.4974629879	-1368
14.4978370667	-1368
14.4987471104	-1368
14.4987969398	-1368
14.49883008	-1368
14.4990320206	-1368
14.4990849495	-1368
14.4992170334	-1368
14.4992740154	-1368
14.4993591309	-1368
14.4995129108	-1368
14.499669075	-1368
14.4998230934	-1368
14.5000109673	-1368
14.5000591278	-1368
14.5009119511	-1368
14.5017430782	-1368
14.5027639866	-1368
14.5166170597	-1368
14.5189890862	-1368
14.5190730095	-1368
14.5191400051	-1368
14.5191819668	-1368
14.5193469524	-1368
14.5198640823	-1368
14.519892931	-1368
14.5199520588	-1368
14.5367980003	-1368
14.5391619205	-1368
14.5407271385	-1368
14.5414509773	-1368
14.5591781139	-1368
14.559691906	1368
14.5887050629	-439
14.5887629986	261
14.6283400059	-1368
14.6285870075	-1368
14.6287209988	-1368
14.6291050911	-1368
14.6291649342	-1368
14.6292450428	-1368
14.6292829514	-1368
14.6293840408	-1368
14.6296761036	-1368
14.6305510998	-1368
14.631002903	-1368
14.6311421394	-1368
14.6314511299	-1368
14.6316211224	-1368
14.6321499348	-1368
14.6326060295	-1368
14.6326639652	-1368
14.6327581406	-1368
14.632776022	-1368
14.6329090595	-1368
14.6329550743	-1368
14.6330370903	-1368
14.6330869198	-1368
14.6334021091	-1368
14.6334569454	-1368
14.6334729195	-1368
14.6335470676	-1368
14.6335639954	-1368
14.6338219643	-1368
14.6358649731	-1368
14.6373910904	-1368
14.6376950741	-1368
14.6377530098	-1368
14.6481480598	-1368
14.6481781006	-1368
14.6481919289	-1368
14.6482551098	-1368
14.6483249664	-1368
14.6483519077	-1368
14.6483910084	-1368
14.648414135	-1368
14.6484339237	-1368
14.6484680176	-1368
14.6484861374	-1368
14.6485741138	-1368
14.6486799717	-1368
14.6487410069	1368
14.6488399506	-1368
14.6489589214	-1368
14.6723179817	-1368
14.6723549366	-1368
14.6725280285	-1368
14.6924059391	-1368
14.69252491	-1368
14.7001321316	-68
14.7001609802	804
14.7593951225	-1368
14.7597110271	-1368
14.759759903	-1368
14.7602710724	-1368
14.7603321075	-1368
14.760381937	-1368
14.7603991032	-1368
14.7606260777	-1368
14.7612910271	-1368
14.7620029449	-1368
14.7624559402	-1368
14.7624669075	-1368
14.7627780437	-1368
14.7637050152	-1368
14.7652471066	-1368
14.7652649879	-1368
14.7653319836	-1368
14.7653639317	-1368
14.7654480934	-1368
14.7655160427	-1368
14.7655720711	-1368
14.7656550407	-1368
14.7657179832	-1368
14.7657880783	-1368
14.7658059597	-1368
14.7658610344	-1368
14.7659459114	-1368
14.7659730911	-1368
14.7660279274	-1368
14.7661790848	1368
14.7662539482	-1368
14.7663149834	-1368
14.7663769722	-1368
14.7664339542	-1368
14.7667350769	-1368
14.7667760849	-1368
14.7668750286	-1368
14.7669210434	-1368
14.7670481205	-1368
14.7798449993	-1368
14.7799201012	-1368
14.7800409794	-1368
14.7800679207	-1368
14.7998430729	-1368
14.8112680912	-434
14.8113069534	261
14.9223411083	543
15.21372509	-543
15.2154591084	-1368
15.2162060738	-1368
15.216242075	-1368
15.2542440891	-1368
15.3266599178	-957
15.3281641006	543
15.615265131	-543
15.6156640053	543
15.6159229279	-1368
15.6366770267	-1368
15.6367580891	-1368
15.6708829403	543
15.7172031403	-543
15.7270989418	-1268
15.749735117	543
15.7510769367	1368
15.7510991096	1368
15.8076291084	1368
15.8623440266	66
15.9398131371	1368
15.9586210251	-543
16.0127680302	203
16.1019449234	-1368
16.1020081043	-1368
16.102050066	-1368
16.1021471024	-1368
16.1025400162	-1368
16.1026289463	-1368
16.1028239727	-1368
16.107213974	-567
16.1193110943	-1368
16.1263799667	-1368
16.1394679546	-1368
16.1549730301	-1368
16.1550419331	-1368
16.1550579071	-1368
16.1550691128	-1368
16.1551060677	-1368
16.1551880836	-1368
16.1552579403	-1368
16.1553020477	-1368
16.155328989	-1368
16.1554379463	-1368
16.1554551125	-1368
16.1558899879	543
16.1587719917	-1368
16.1588299274	-1368
16.1744580269	-1368
16.1745169163	-1368
16.1745541096	-1368
16.1745610237	-1368
16.1747689247	-1368
16.2064349651	-1368
16.2065091133	-1368
16.2065219879	-1368
16.2065360546	-1368
16.2065660954	-1368
16.2066130638	-1368
16.2066659927	-1368
16.2067129612	-1368
16.20677495	-1368
16.2069120407	-1368
16.2070109844	-1368
16.2071421146	-1368
16.2072899342	-1368
16.2075409889	-1368
16.2077920437	-1368
16.2078909874	-1368
16.2083499432	1368
16.2183339596	-128
16.2236499786	-1368
16.2237379551	-1368
16.2238099575	-1368
16.2238531113	-1368
16.2239561081	-1368
16.2240180969	-1368
16.2240869999	-1368
16.2241330147	-1368
16.2437419891	-1368
16.2438099384	-1368
16.2544960976	-1368
16.2566409111	-1368
16.2567949295	-1368
16.2569060326	-1368
16.2570250034	-1368
16.2584121227	-1368
16.2584729195	-1368
16.2585411072	-1368
16.2591431141	-1368
16.2592840195	-1368
16.2595229149	-1368
16.2595820427	-1368
16.2596940994	-1368
16.260076046	-1368
16.2613010406	-1368
16.2634310722	-1368
16.2645311356	-1368
16.2645950317	-1368
16.266299963	-1368
16.2737009525	-1368
16.2737550735	1347
16.2737801075	-1368
16.2737901211	-1368
16.2738099098	-1368
16.2738161087	-1368
16.2738490105	-1368
16.2740700245	-1368
16.274171114	-1368
16.2743530273	-1368
16.2785170078	-1368
16.2789211273	-1368
16.2789969444	-1368
16.2790110111	-1368
16.2790830135	-1368
16.2791230679	-1368
16.2791690826	-1368
16.2792050838	-1368
16.2792320251	-1368
16.2793829441	-1368
16.279489994	-1368
16.2795689106	-1368
16.2830080986	-1368
16.2830660343	-1368
16.2833790779	-1368
16.2835280895	1368
16.2835540771	-1368
16.2837619781	-1368
16.2838079929	-1368
16.2838571072	-1368
16.2838969231	-1368
16.3072440624	-1368
16.3073251247	-1368
16.3110339642	-543
16.3270390034	-1368
16.3346810341	-295
16.3948769569	261
16.4832439423	-543
16.5448141098	543
16.5612800121	-1368
16.580780983	-1368
16.5945501328	-1036
16.6090579033	1368
16.656069994	746
16.6707210541	543
16.8293321133	-543
16.8305709362	-1368
16.8306379318	-1368
16.8306500912	-1368
16.8308479786	-1368
16.8311569691	-1368
16.8501479626	-1368
16.8501811028	-1368
16.9418671131	-1139
17.0382499695	-1368
17.0397820473	-1368
17.0407910347	-1368
17.0414779186	-1368
17.041533947	-1368
17.0422561169	-1368
17.0423791409	-1368
17.0424869061	-1368
17.058079958	-1368
17.0596129894	-1368
17.0929310322	-1292
17.1736431122	-1368
17.1739850044	-1368
17.1745300293	-1368
17.1749470234	543
17.1931009293	-1368
17.1931600571	-1368
17.204447031	-1218
