0	-543
2.30848288536	543
2.51976799965	-543
3.05795288086	543
3.07652902603	543
3.52061390877	-543
3.74795198441	-543
3.74801898003	-1420
3.74805784225	-1316
3.74813890457	-1368
3.74841880798	-1420
3.74844098091	-1420
3.74845600128	-1264
3.79829096794	543
3.80086898804	-1420
3.80092096329	-1316
3.80095887184	-1368
3.82351088524	543
3.82401394844	543
3.82425999641	543
3.82450985909	543
3.82468986511	543
3.84376692772	543
3.84406280518	543
3.84432196617	543
3.84452080727	543
3.8772919178	-1420
3.87731194496	-1377
3.99401092529	-1420
3.99403786659	-1420
3.99409198761	-1264
3.99409484863	-1368
3.99412894249	-1420
3.99413084984	-1420
3.99415397644	-1264
3.99468183517	-1420
3.99475097656	-1316
3.99475383759	-1368
3.99493002892	-1420
3.99493384361	-1316
3.99541282654	543
4.0063958168	-778
4.04613399506	-1420
4.04614686966	-1316
4.04948496819	543
4.17549586296	-406
4.18819999695	543
4.23949384689	-1420
4.23951601982	-1316
4.24036598206	-1368
4.24081802368	-1420
4.24087190628	-1420
4.24087500572	-1264
4.2409119606	-1368
4.24130582809	-1420
4.24133181572	-1316
4.24133491516	-1368
4.24162483215	-1420
4.24162888527	-1316
4.24195289612	-1420
4.24195694923	-1420
4.24199700356	-1264
4.24244785309	-1420
4.24250197411	-1316
4.24252486229	-1420
4.24256300926	-1316
4.24266195297	-1368
4.25360894203	543
4.25645899773	543
4.27880096436	543
4.29173588753	-1420
4.29174494743	-1420
4.29180192947	-1264
4.29269886017	-1420
4.29274988174	-1316
4.29275393486	-1368
4.29290795326	-1368
4.29325890541	-1368
4.29791283607	543
4.35471200943	-1398
4.35507202148	1057
4.36661100388	543
4.37346696854	543
4.48416781425	-543
4.4859828949	-1368
4.4862279892	-1420
4.48623180389	-1420
4.48626995087	-1420
4.48627281189	-1212
4.48646783829	-1368
4.4868748188	-1420
4.48691391945	-1420
4.48691701889	-1264
4.48777985573	-1420
4.48778390884	-1420
4.48780083656	-1264
4.48786401749	-1368
4.48804283142	-1368
4.4882838726	-1420
4.4883389473	-1316
4.48858594894	543
4.49242591858	543
4.50361895561	1057
4.50979590416	-1420
4.50980091095	-1316
4.52385902405	543
4.52419686317	543
4.52446103096	543
4.52469491959	543
4.52497601509	543
4.53579092026	-1420
4.5358068943	-1316
4.53729200363	-1368
4.54853487015	543
4.5489449501	543
4.54914283752	543
4.56314086914	-1420
4.56315302849	-1316
4.58960199356	-1420
4.58962392807	-1316
4.59292984009	543
4.59337496758	543
4.61415696144	-333
4.62351298332	543
4.65777397156	-1368
4.74364280701	-1289
4.85623002052	-1368
4.85640597343	-1368
4.85680198669	-1420
4.85680794716	-1316
4.85696387291	-1420
4.85696792603	-1420
4.85700583458	-1264
4.85713601112	-1368
4.85730195045	-1368
4.87302303314	-1284
4.90077495575	-1420
4.90078997612	-1316
4.96152186394	-1420
4.96153903008	-1420
4.96159386635	-1264
4.96159696579	-1420
4.96163201332	-1316
4.98287296295	-1368
5.02098202705	-1368
5.03003287315	-828
5.08306384087	-1368
5.08308982849	-1368
5.08314800262	-1368
5.09728097916	-1420
5.0973379612	-1420
5.09734201431	-1264
5.14899587631	-1368
5.15352201462	543
5.16093397141	-1368
5.16119885445	-1420
5.1612508297	-1420
5.16125392914	-1264
5.16128897667	-1368
5.16129088402	-1368
5.16186094284	-1420
5.16186594963	-1316
5.16846585274	543
5.1687309742	543
5.16890501976	543
5.16906785965	543
5.16922783852	543
5.16939902306	543
5.16957592964	543
5.16973781586	543
5.1699090004	543
5.17008185387	1460
5.17013502121	1139
5.17027282715	1460
5.17034196854	1460
5.17040681839	707
5.17053985596	1460
5.17061400414	625
5.17073202133	1460
5.1707868576	111
5.1709318161	1460
5.17097592354	1139
5.17109680176	543
5.17146897316	543
5.18352890015	-1420
5.18353581429	-1420
5.18358182907	-1264
5.20378994942	-1420
5.20388484001	-1316
5.20788693428	-889
5.21669983864	-1420
5.2167057991	-1316
5.21684479713	-1368
5.24922180176	543
5.25621891022	-1420
5.25622487068	-1316
5.27366185188	-1420
5.27367997169	-1420
5.27373695374	-1420
5.27374100685	-1212
5.27878379822	1460
5.27886986732	111
5.30883097649	-1420
5.30884695053	-1420
5.30890202522	-1264
5.34605097771	-865
5.36434197426	-1420
5.36435699463	-1420
5.36440992355	-1420
5.36441397667	-1212
5.3644490242	-1368
5.36496782303	-1420
5.36501193047	-1316
5.3652408123	-1368
5.37984585762	1057
5.40505194664	-1368
5.40529179573	-1368
5.44379091263	543
5.46349787712	543
5.49348497391	-944
5.4936299324	543
5.54574394226	1460
5.54582691193	111
5.56351399422	543
5.56388092041	1057
5.56412196159	543
5.59500193596	-1420
5.59501099586	-1420
5.59506487846	-1264
5.60131382942	-1420
5.60135889053	-1420
5.60136294365	-1264
5.6015059948	-1420
5.6015188694	-1316
5.60158491135	-1368
5.60353684425	-1420
5.60358285904	-1420
5.60358595848	-1264
5.60369181633	543
5.60435390472	-1420
5.60437703133	-1316
5.60442781448	-1368
5.60452699661	-1368
5.60533499718	-1420
5.60534095764	-1420
5.60537981987	-1264
5.60572385788	-1420
5.60576581955	-1420
5.60576891899	-1264
5.60795783997	-1368
5.60811781883	-1368
5.60834693909	-1420
5.60835289955	-1316
5.6099729538	-1420
5.60997796059	-1316
5.62326788902	-370
5.64805793762	-1368
5.64836192131	-1420
5.6483669281	-1420
5.64840984344	-1264
5.6544418335	-1420
5.6544778347	-1420
5.65448093414	-1420
5.65449881554	-1212
5.65468502045	-1420
5.65471696854	-1316
5.65502691269	-1420
5.65506982803	-1420
5.65507292747	-1264
5.65518283844	543
5.65523099899	-1420
5.65523386002	-1316
5.65567684174	-1420
5.65568184853	-1316
5.6558778286	-1420
5.65588402748	-1420
5.65592384338	-1264
5.65604782104	-1368
5.66785597801	-1368
5.66804289818	-1420
5.66807794571	-1316
5.66814780235	-1420
5.66817998886	-1316
5.66835379601	-1368
5.66936588287	-1420
5.66937088966	-1420
5.66941285133	-1264
5.6707508564	-1420
5.67077994347	-1316
5.67085695267	543
5.69852781296	543
5.69900393486	543
5.69921398163	543
5.70892381668	543
5.70913696289	543
5.72450399399	-1368
5.72476887703	-1420
5.72481894493	-1420
5.72482299805	-1420
5.72485780716	-1420
5.7248609066	-1160
5.73063588142	-1420
5.73064088821	-1420
5.73075485229	-1420
5.73075795174	-1212
5.73079180717	-1420
5.73079395294	-1316
5.73133802414	-1368
5.73143601418	-1368
5.73153495789	-1368
5.74213600159	-1368
5.74226093292	543
5.7423658371	-1368
5.74257183075	-1368
5.74260902405	-1368
5.74854183197	543
5.74899888039	543
5.74920082092	543
5.75029802322	-1368
5.75053286552	-1420
5.75057888031	-1316
5.75975799561	-1420
5.75981998444	-1316
5.75982379913	-1368
5.77731895447	-313
5.77754092216	1460
5.77759099007	1460
5.77764487267	707
5.77782893181	1460
5.77787280083	625
5.78842902184	1460
5.78847885132	111
5.79842996597	1057
5.845058918	-1368
5.84760499001	-1420
5.84765291214	-1420
5.84765696526	-1264
5.84775781631	543
5.84788990021	-1420
5.84789586067	-1420
5.84792780876	-1264
5.84833097458	-1368
5.84857201576	-1368
5.84857702255	-1368
5.84876394272	-1368
5.85224080086	-1368
5.85320496559	-1420
5.85320997238	-1420
5.85325598717	-1264
5.86368489265	-1420
5.86373996735	-1420
5.86374282837	-1264
5.86519193649	-1420
5.86519694328	-1420
5.86523985863	-1264
5.86631298065	-1420
5.8663649559	-1316
5.86636781693	-1368
5.8681178093	-1368
5.86971998215	-1420
5.86976385117	-1316
5.89730095863	-1420
5.89735484123	-1316
5.89747190475	543
5.89801096916	-1368
5.89808797836	543
5.89828491211	-1368
5.89828801155	-1368
5.89910793304	-1368
5.89943885803	-1420
5.89948487282	-1316
5.89948797226	-1420
5.89952492714	-1316
5.8997759819	-1420
5.89981889725	-1420
5.8998208046	-1264
5.8999979496	-1420
5.89999985695	-1316
5.90013980865	-1368
5.90033388138	-1420
5.90035700798	-1316
5.90067195892	-1368
5.90076184273	543
5.90105485916	-1420
5.90105891228	-1316
5.90135502815	-1368
5.90151381493	-1420
5.90153884888	-1316
5.90638685226	-123
5.91526293755	-1420
5.91527080536	-1316
5.91549682617	-1420
5.91551089287	-1316
5.91573596001	-1420
5.9157500267	-1316
5.91626691818	-1420
5.91627192497	-1420
5.91633582115	-1264
5.91662096977	-1420
5.91666698456	-1316
5.91683983803	-1368
5.93389987946	-1368
5.93461179733	-1420
5.93467783928	-1316
5.93468093872	-1368
5.94093990326	1460
5.9410238266	625
5.95027780533	-1420
5.95028996468	-1316
5.95032596588	-1368
5.95044779778	543
5.95070791245	543
5.95072698593	-1420
5.95073080063	-1316
5.95110082626	-1368
5.95155096054	-1368
5.95190382004	-1420
5.95190882683	-1420
5.95193195343	-1264
5.9520149231	-1420
5.95203495026	-1316
5.95212483406	-1368
5.96988201141	-1368
5.97978281975	-1420
5.97985887527	-1420
5.97986292839	-1264
5.97990202904	-1368
5.98013687134	-1368
5.9815018177	-1420
5.98150682449	-1420
5.98154997826	-1264
5.98175382614	-1420
5.98177886009	-1420
5.98178195953	-1264
6.00437092781	-1420
6.00438499451	-1420
6.00445890427	-1264
6.00446200371	-1420
6.00451683998	-1316
6.00470280647	543
6.00496983528	-1420
6.00497579575	-1316
6.00563597679	-1420
6.00564193726	-1420
6.00569295883	-1264
6.00626087189	-1420
6.00628781319	-1316
6.00652289391	-1368
6.01758003235	-1420
6.01760101318	-1316
6.01820993423	-1368
6.01831388474	543
6.01843500137	-1368
6.01847100258	-1368
6.023914814	-1420
6.02392101288	-1316
6.02403903008	543
6.04451394081	-10
6.11698794365	-1368
6.11716890335	-1420
6.11720299721	-1316
6.11734580994	-1420
6.11739397049	-1316
6.11751699448	-1368
6.11796498299	-1420
6.11796784401	-1316
6.11805200577	-1368
6.11905384064	-1420
6.11909294128	-1420
6.11909580231	-1264
6.11923098564	-1368
6.11996603012	543
6.12808179855	-1368
6.13870501518	543
6.13918280602	543
6.14332580566	-1368
6.14367890358	-1420
6.14376187325	-1420
6.14376497269	-1264
6.14381790161	-1368
6.14417481422	-1420
6.14420080185	-1316
6.14420390129	-1368
6.14459395409	-1420
6.14459681511	-1420
6.14464187622	-1264
6.1535589695	543
6.15758490562	543
6.15802001953	543
6.1997590065	-1368
6.20070290565	-1368
6.20445299149	-1420
6.20445799828	-1420
6.2044968605	-1264
6.20449995995	-1368
6.20472097397	-1420
6.20472598076	-1316
6.20502901077	-1420
6.20503401756	-1420
6.20508384705	-1264
6.20544290543	-1420
6.20547485352	-1316
6.20555996895	-1368
6.20595598221	-1420
6.205960989	-1316
6.20612001419	-1420
6.20612502098	-1316
6.20616602898	-1368
6.20636200905	-1368
6.20665097237	-1368
6.20676088333	543
6.2069478035	543
6.20710396767	-1420
6.20710802078	-1420
6.20714688301	-1264
6.20714998245	-1420
6.20724701881	-1420
6.20724987984	-1264
6.20743584633	-1368
6.20769095421	-1420
6.20771598816	-1316
6.20807099342	-1420
6.20809197426	-1316
6.20809483528	-1420
6.20810985565	-1316
6.21461296082	-748
6.214812994	543
6.21525287628	543
6.21670484543	-1368
6.21678900719	543
6.21755981445	-1420
6.21756601334	-1316
6.22554802895	-1368
6.22603988647	-1420
6.22613692284	-1316
6.22614002228	-1420
6.22617697716	-1316
6.22718000412	-1368
6.22720098495	-1420
6.2272028923	-1420
6.22722792625	-1264
6.22772979736	-1368
6.22811794281	-1368
6.2334690094	543
6.23378300667	1057
6.24120593071	-1420
6.24122095108	-1316
6.24852800369	-1420
6.24853301048	-1420
6.24857497215	-1264
6.24883198738	-1368
6.24918293953	-1420
6.24918699265	-1316
6.24974679947	-1420
6.24975085258	-1316
6.24984502792	-1368
6.25011897087	-1420
6.2501578331	-1316
6.2503118515	-1368
6.25125384331	-1420
6.25125789642	-1420
6.25130081177	-1264
6.25174999237	-1368
6.25197196007	-1368
6.2520878315	-1368
6.25232291222	-1420
6.25232696533	-1316
6.25255393982	-1368
6.25293493271	-1368
6.25309300423	-1420
6.25309681892	-1316
6.25321102142	-1368
6.25341892242	-1420
6.25342297554	-1316
6.25394582748	-1420
6.25395083427	-1420
6.25395202637	-1264
6.25402879715	-1420
6.25403189659	-1316
6.25428795815	-1368
6.25446391106	-1420
6.25446796417	-1316
6.25946784019	543
6.2686829567	-1420
6.26870298386	-1316
6.26941895485	-1368
6.27347993851	543
6.28046393394	-1368
6.2805249691	-1368
6.28056287766	-1368
6.28089284897	-1368
6.28112602234	-1368
6.28173780441	-1420
6.28176689148	-1316
6.28217601776	-1420
6.28221487999	-1316
6.28221797943	-1368
6.30545401573	1460
6.30555081367	625
6.34093284607	-1368
6.34160780907	-1420
6.34173488617	-1420
6.34173893929	-1264
6.34177303314	-1420
6.34177589417	-1316
6.34301781654	-1420
6.34302091599	-1420
6.34305787086	-1264
6.34494781494	-962
6.37203502655	-1420
6.3720510006	-1316
6.40669798851	-1420
6.40671396255	-1316
6.40677785873	-1420
6.40678095818	-1420
6.40687584877	-1264
6.40687894821	-1368
6.42460298538	-1420
6.42461299896	-1420
6.42466282845	-1264
6.43225502968	-1420
6.43229794502	-1316
6.45780897141	-1368
6.45794796944	-1420
6.45795297623	-1316
6.45814085007	-1420
6.45814490318	-1316
6.45819282532	-1368
6.45894694328	-1368
6.45935893059	-1420
6.4593629837	-1420
6.45940184593	-1264
6.45961594582	-1420
6.45965886116	-1420
6.4596619606	-1264
6.45995402336	-1420
6.45995688438	-1316
6.4600508213	-1368
6.46025180817	543
6.46044683456	-1420
6.46044993401	-1420
6.46048998833	-1264
6.46070694923	-1368
6.46101999283	543
6.46204400063	543
6.46221780777	543
6.46234202385	-1420
6.46234703064	-1316
6.47468996048	-1420
6.47477793694	-1420
6.47483181953	-1264
6.47483491898	-1420
6.47487092018	-1316
6.47487282753	-1420
6.47490692139	-1316
6.47558999062	-1420
6.47563385963	-1420
6.47563695908	-1264
6.47623991966	-1420
6.47624492645	-1316
6.47656989098	-1420
6.47657585144	-1316
6.47674584389	-1420
6.47674894333	-1316
6.477465868	543
6.47813391685	543
6.50108790398	-181
6.501308918	543
6.51213097572	-1368
6.51230597496	-1420
6.51236081123	-1316
6.51848292351	543
6.51891183853	543
6.5276389122	-1368
6.52772188187	543
6.54756689072	-1368
6.54803800583	543
6.54826498032	1057
6.5575838089	543
6.5578289032	543
6.57967996597	-1420
6.57968902588	-1316
6.63034200668	-1420
6.6303589344	-1420
6.63041496277	-1420
6.63041782379	-1212
6.63046002388	-1368
6.63063502312	-1368
6.64133191109	-98
6.64142584801	543
6.65838003159	-1420
6.6583878994	-1316
6.65843296051	-1368
6.66048884392	-1420
6.66051697731	-1316
6.67851400375	543
6.70877194405	543
6.70902490616	543
6.70988082886	-1368
6.77064681053	-1305
6.79341602325	543
6.86378693581	-1368
6.94009399414	-261
6.97457194328	-1368
6.97516894341	-1420
6.9751739502	-1316
6.98305487633	-1420
6.9830698967	-1316
6.98342490196	543
6.99748492241	-1368
7.00132203102	1057
7.01012086868	-1368
7.01577091217	543
7.01625084877	543
7.06947493553	-1052
7.07654285431	543
7.07693195343	543
7.11105394363	-1420
7.11106991768	-1420
7.11113190651	-1264
7.11113500595	-1420
7.11117100716	-1316
7.11166191101	-1368
7.11222887039	-1420
7.11223292351	-1316
7.11242389679	-1420
7.11242890358	-1420
7.11246681213	-1264
7.14172697067	-1368
7.14236092567	-1368
7.14263296127	-1368
7.17851281166	1460
7.17860198021	111
7.20687484741	-1358
7.20705795288	543
7.21460485458	1057
7.26583886147	-543
7.30826091766	543
7.34450387955	-1086
7.3485147953	543
7.34898900986	543
7.34918284416	543
7.37451386452	-1368
7.37493896484	-1420
7.37501883507	-1420
7.37502193451	-1264
7.37508702278	-1420
7.37508893013	-1316
7.37512493134	-1368
7.37551188469	-1420
7.37555789948	-1420
7.37556099892	-1264
7.3796889782	-1368
7.37989997864	-1368
7.4319999218	-1420
7.4320268631	-1316
7.47713088989	-1420
7.47714686394	-1420
7.47720885277	-1264
7.47721195221	-1420
7.47725486755	-1316
7.47738790512	543
7.47861480713	-114
7.48435282707	-1420
7.48439788818	-1316
7.4844019413	-1368
7.50599598885	-1368
7.50690102577	-1420
7.50694394112	-1316
7.50699901581	-1368
7.52846598625	543
7.52917098999	543
7.52942585945	543
7.52967190742	543
7.52987885475	543
7.5463848114	-1368
7.58384585381	543
7.58409786224	543
7.61357879639	-1197
7.6330280304	543
7.63326692581	543
7.64085388184	-1420
7.64085888863	-1420
7.6409008503	-1420
7.64090394974	-1212
7.64093780518	-1368
7.64851284027	543
7.65205383301	543
7.65231490135	1057
7.65985393524	-1368
7.65993094444	-1368
7.67843079567	-1420
7.67844581604	-1420
7.6785068512	-1264
7.67850995064	-1368
7.67855095863	-1368
7.67868685722	-1368
7.67886590958	-1420
7.67887091637	-1316
7.67891001701	-1368
7.6790368557	543
7.69711279869	543
7.69736981392	543
7.71237897873	-1420
7.71239686012	-1420
7.712433815	-1264
7.71759295464	543
7.74282288551	-114
7.76337099075	-1368
7.85676383972	-1368
7.86845684052	543
7.87217283249	-493
7.94825196266	-1368
7.95193982124	1460
7.9520277977	1460
7.95207285881	1161
7.95220780373	89
7.95239782333	543
7.9527900219	543
7.97620892525	-1420
7.97622084618	-1420
7.97631192207	-1264
7.97631502151	-1420
7.97635388374	-1316
7.97643685341	-1368
7.9775249958	-1420
7.97753000259	-1420
7.97757196426	-1264
7.97775483131	1460
7.9778008461	1460
7.97784590721	1161
7.97803401947	1460
7.978099823	200
7.9810500145	-1368
7.98109984398	-1368
8.00154089928	-380
8.00588202477	-1420
8.00592684746	-1420
8.0059299469	-1264
8.01458001137	-1368
8.01756381989	-1368
8.02769780159	-1368
8.08229494095	-1368
8.0825009346	-1420
8.08255386353	-1316
8.08840894699	543
8.09769701958	-1368
8.09814786911	-1420
8.09820199013	-1316
8.09840989113	-1420
8.09844183922	-1316
8.09844493866	-1368
8.13069391251	-417
8.13402891159	-1420
8.13407683372	-1420
8.13407993317	-1264
8.26015591621	-1152
8.26031684875	543
8.26064300537	543
8.29698181152	-1368
8.29699897766	-1420
8.29704284668	-1316
8.29725384712	-1368
8.29796886444	-1368
8.29856991768	-1420
8.29861283302	-1420
8.29861593246	-1264
8.29865193367	-1368
8.2990219593	-1420
8.29905796051	-1316
8.29935097694	-1420
8.29939293861	-1316
8.29939579964	-1368
8.30725693703	-1368
8.3134829998	543
8.31357097626	543
8.32268095016	-1420
8.3226878643	-1316
8.33205795288	-1420
8.3320748806	-1316
8.33334589005	-1368
8.3591299057	-1368
8.35954999924	543
8.38980388641	-64
8.42898488045	-1420
8.42899394035	-1420
8.4291138649	-1264
8.42911696434	-1420
8.42915391922	-1316
8.47978401184	-1368
8.47980093956	-1368
8.49757885933	-1420
8.49758601189	-1316
8.49773287773	-1368
8.49793291092	-1420
8.49793791771	-1316
8.4982419014	-1368
8.49891090393	-1420
8.49891591072	-1316
8.49895596504	-1368
8.49913597107	-1368
8.4992249012	543
8.51918101311	-1308
8.51925587654	543
8.54295301437	-1420
8.54295992851	-1316
8.57993888855	-1368
8.58025884628	-1420
8.58035683632	-1420
8.58035993576	-1264
8.58039593697	-1368
8.58045387268	-1420
8.58048582077	-1316
8.58048796654	-1368
8.58077692986	-1368
8.58085393906	543
8.58097481728	-1420
8.58097887039	-1316
8.58121681213	-1368
8.58321499825	-1420
8.5832529068	-1316
8.59371781349	-1368
8.59382796288	-1368
8.64865398407	-425
8.71628785133	-1420
8.7163028717	-1316
8.71662592888	-1368
8.71698093414	-1420
8.71698594093	-1316
8.76745295525	-1420
8.76746582985	-1316
8.77801394463	-364
8.84289503098	-1420
8.84291195869	-1420
8.84297299385	-1420
8.84297585487	-1212
8.84737801552	-1420
8.84738397598	-1420
8.84749293327	-1264
8.84749603271	-1420
8.8475317955	-1316
8.84753584862	-1368
8.84765100479	-1368
8.84780693054	-1420
8.84786581993	-1316
8.84787797928	-1420
8.84791398048	-1316
8.84801602364	543
8.84832596779	-1420
8.84833097458	-1420
8.84836101532	-1264
8.84842896461	543
8.8486289978	-1368
8.85545086861	-1420
8.85549592972	-1420
8.85549902916	-1264
8.85553383827	-1420
8.85553598404	-1316
8.89443492889	-1420
8.89444589615	-1420
8.89450097084	-1264
8.94670701027	-1166
8.96022582054	-1420
8.96023583412	-1316
8.96045088768	-1420
8.9604549408	-1316
8.9605038166	-1368
8.96089100838	-1420
8.96089601517	-1316
8.96098089218	-1368
8.96135187149	-1420
8.96135687828	-1316
8.96138000488	-1368
8.96150588989	543
8.96162199974	-1420
8.96162390709	-1316
8.96182489395	-1368
8.96195983887	-1420
8.96200299263	-1316
8.96209383011	-1368
8.96233487129	-1420
8.96233987808	-1316
8.96240496635	-1368
8.96307992935	-1420
8.96310281754	-1316
8.96333694458	-1368
8.96335887909	-1420
8.96336197853	-1316
8.96337795258	-1368
8.96346092224	543
9.01084494591	-1420
9.01085686684	-1316
9.01101493835	543
9.06621694565	-1420
9.06623291969	-1420
9.06628680229	-1264
9.07591080666	-320
9.09172487259	-1420
9.09173297882	-1420
9.09178686142	-1264
9.09200596809	-1420
9.09205293655	-1420
9.09205698967	-1264
9.09280800819	-1420
9.09281182289	-1420
9.09284996986	-1264
9.09644889832	-1420
9.09649085999	-1420
9.0964949131	-1264
9.1018538475	-1368
9.10213685036	-1420
9.1021900177	-1316
9.10745501518	-1420
9.1075129509	-1420
9.10751700401	-1420
9.10755491257	-1212
9.10755681992	-1368
9.10775184631	-1368
9.10840892792	-1420
9.10847187042	-1316
9.10847592354	-1368
9.10882592201	-1420
9.10882997513	-1316
9.1089618206	-1368
9.10969781876	-1420
9.10973787308	-1316
9.10979390144	-1420
9.10981297493	-1316
9.10993099213	-1368
9.1104118824	-1420
9.11041498184	-1316
9.11075687408	-1420
9.1107609272	-1316
9.11086583138	-1368
9.11095881462	-1420
9.11097788811	-1316
9.11102485657	-1368
9.11151981354	-1420
9.11152291298	-1316
9.11179280281	-1420
9.11179590225	-1420
9.11183381081	-1264
9.1121108532	-1420
9.11211395264	-1316
9.11222481728	-1368
9.11247992516	-1420
9.11248397827	-1316
9.11260890961	-1368
9.11273384094	543
9.11286401749	543
9.11312484741	543
9.15790081024	-1420
9.15791797638	-1420
9.15797281265	-1264
9.22110700607	-703
9.22152495384	1057
9.41427588463	-543
9.41468882561	-1420
9.41474199295	-1316
9.41488981247	-1420
9.41493082047	-1316
9.41501498222	543
9.41510486603	-1368
9.41537690163	-1368
9.41541194916	-1368
9.41564893723	-1368
9.41605186462	-1368
9.41636586189	-1420
9.41640901566	-1420
9.41641283035	-1264
9.46608686447	-1420
9.46612691879	-1316
9.46619081497	-1368
9.46634793282	543
9.46640181541	-1368
9.54370689392	-591
9.54971599579	1057
9.59532880783	543
9.59689092636	543
9.60105085373	1460
9.60111379623	111
9.60678601265	1460
9.60686302185	111
9.61215281487	1460
9.6122148037	111
9.61784291267	543
9.62842583656	1057
9.62863898277	543
9.63864898682	543
9.63885903358	1057
9.67347788811	543
9.71354293823	543
9.71380281448	543
9.7633600235	-1420
9.76337599754	-491
9.7737429142	543
9.77397680283	543
9.78348588943	543
9.78392982483	543
9.78414297104	543
9.80375289917	543
9.80398797989	543
9.81605482101	-543
9.8323328495	1057
9.83289289474	543
9.83314585686	543
9.83340001106	543
9.83359479904	543
9.89271402359	-1260
9.89345693588	543
9.89371585846	543
9.89395689964	543
9.89416098595	543
9.89737486839	-1420
9.89737987518	-1420
9.89742302895	-1264
9.91106295586	-1420
9.91111087799	-1316
9.91122698784	543
9.93114089966	-1420
9.93115186691	-1420
9.93120193481	-1420
9.93120479584	-1212
9.93124079704	-1368
9.96669387817	-1368
9.96675992012	-1368
9.96691203117	543
10.0187408924	-1368
10.0237588882	-40
10.0604588985	-1368
10.060931921	-1420
10.0609898567	-1420
10.0609929562	-1264
10.0617308617	-1420
10.0617349148	-1420
10.0617978573	-1264
10.0618009567	-1368
10.0728738308	-1368
10.1106388569	-1368
10.1106889248	-1420
10.1106929779	-1316
10.1108319759	-1420
10.110834837	-1316
10.1109509468	-1368
10.1110339165	-1368
10.1110517979	-1368
10.1224029064	-1420
10.1224617958	-1316
10.1224658489	-1368
10.1229579449	1460
10.1230149269	1460
10.123059988	1161
10.1232349873	1117
10.1236917973	-1368
10.1237800121	543
10.1238930225	-1368
10.1238999367	-1368
10.1239788532	543
10.12409091	-1368
10.1501288414	-1368
10.1504528522	-1420
10.150457859	-1420
10.1505248547	-1264
10.1505270004	-1368
10.1517119408	-1420
10.1517159939	-1420
10.1517720222	-1264
10.1517739296	-1420
10.1518189907	-1316
10.1518490314	-1368
10.1561069489	543
10.156388998	543
10.1740169525	-1368
10.1741888523	-1368
10.1894350052	-170
10.2284958363	-1368
10.2565569878	-1368
10.2599389553	-1368
10.2602899075	-1420
10.2603418827	-1420
10.2603449821	-1264
10.2604429722	-1420
10.2604458332	-1316
10.2605428696	-1368
10.2628719807	1057
10.2743430138	-1420
10.2743499279	-1316
10.277684927	-1368
10.2835769653	1057
10.2840149403	543
10.3077709675	-1368
10.3136298656	543
10.3186588287	-98
10.32908988	543
10.3293268681	1057
10.3296849728	543
10.3298788071	1057
10.3302369118	543
10.3304078579	1057
10.3307359219	543
10.3309078217	1057
10.3312358856	543
10.3314089775	1057
10.3317518234	543
10.3319189548	1057
10.3542180061	543
10.3544800282	1057
10.3904030323	-1368
10.3906378746	-1420
10.3907008171	-1316
10.3910958767	-1420
10.3911368847	-1316
10.3914170265	-1420
10.3914558887	-1420
10.3914589882	-1264
10.4231598377	-1368
10.4232368469	-1368
10.4278278351	543
10.453856945	543
10.4541189671	543
10.4588370323	-430
10.4986169338	1057
10.5129299164	-1368
10.5143179893	-1368
10.5145378113	-1368
10.5145769119	-1368
10.514605999	-1368
10.5147619247	-1368
10.5148489475	-1368
10.5164179802	543
10.5169949532	543
10.5171909332	543
10.5645580292	-1368
10.5645759106	-1420
10.5646348	-1316
10.5687799454	543
10.5689928532	543
10.5882430077	-488
10.6010808945	-1368
10.6187968254	543
10.6190400124	543
10.6386959553	543
10.6389248371	543
10.6394608021	-1368
10.6451618671	1460
10.6452419758	111
10.6533839703	-1368
10.6635358334	1460
10.663599968	625
10.6891129017	-1368
10.6980569363	1057
10.6983549595	1057
10.7020509243	-1368
10.7177410126	-1218
10.7216370106	-1368
10.7260708809	-1368
10.7312269211	-1368
10.7387888432	543
10.7390298843	1460
10.7390749454	111
10.7413928509	-1368
10.7415869236	-1420
10.7416319847	-1316
10.764330864	543
10.7647628784	1057
10.7650098801	543
10.7652239799	1057
10.7834188938	543
10.7837049961	543
10.7839488983	543
10.7883348465	543
10.8472568989	-849
10.8560500145	-1368
10.8568098545	-1368
10.8570008278	-1420
10.8570458889	-1316
10.8606889248	-1368
10.8608298302	-1420
10.8608338833	-1316
10.9343898296	-1368
10.9347150326	543
10.9350199699	1460
10.9350659847	1460
10.9350998402	1161
10.9351739883	1117
10.9370298386	-1368
10.9375150204	543
10.9450039864	-1368
10.9450178146	-1368
10.9553289413	543
10.955591917	1057
10.9767258167	-807
11.0450599194	-1368
11.0752749443	-1368
11.0756738186	-1368
11.083496809	1460
11.0835559368	1460
11.0836019516	1161
11.0837678909	1460
11.0838298798	1460
11.0838868618	1460
11.0839488506	818
11.0840578079	89
11.0842769146	1460
11.0843288898	1460
11.0843749046	1161
11.0863368511	1117
11.0863528252	-1368
11.1061308384	-443
11.1275808811	-1420
11.1275889874	-1316
11.1302528381	1460
11.1303188801	111
11.1322929859	-1368
11.132390976	-1368
11.1324570179	-1420
11.1324598789	-1316
11.1325438023	-1368
11.132819891	-1368
11.1331689358	-1420
11.1331739426	-1420
11.1332139969	-1264
11.1362118721	-1420
11.1362538338	-1420
11.1362569332	-1264
11.1363840103	543
11.1538748741	543
11.1541519165	543
11.1543998718	543
11.154599905	543
11.1627190113	-1368
11.1630618572	-1420
11.1631100178	-1316
11.163299799	-1420
11.1634049416	-1316
11.1634078026	-1420
11.1634459496	-1316
11.1637728214	-1368
11.1637969017	-1368
11.1638658047	-1368
11.1737859249	543
11.1740179062	543
11.1856110096	-1368
11.1859738827	-1420
11.1860198975	-1316
11.1864738464	-1420
11.1865170002	-1316
11.1866328716	543
11.1874217987	-1420
11.1874258518	-1420
11.1874668598	-1264
11.1890189648	-1420
11.1890609264	-1420
11.1890640259	-1264
11.1898989677	-1368
11.1899847984	543
11.1904418468	-1368
11.198652029	543
11.2035338879	-1368
11.2041738033	-1420
11.204226017	-1316
11.2356829643	-1119
11.2471318245	-1420
11.2471439838	-1420
11.2472019196	-1264
11.2472789288	-1368
11.2476198673	543
11.2691259384	543
11.2694218159	543
11.2696728706	543
11.2698769569	1057
11.2764220238	-1420
11.2764279842	-1316
11.3083908558	543
11.3137488365	543
11.3139898777	1057
11.3236708641	-1368
11.3419349194	543
11.3421959877	1057
11.3588349819	-1368
11.3648138046	-770
11.402132988	1460
11.402215004	625
11.4188828468	-1368
11.4195489883	-1420
11.4196109772	-1420
11.4196138382	-1264
11.4196999073	-1420
11.4197030067	-1316
11.4201569557	-1368
11.4205667973	-1420
11.4205989838	-1316
11.4206340313	-1368
11.4208638668	543
11.4237458706	-1420
11.4237539768	-1420
11.4237790108	-1420
11.4237809181	-1212
11.4238989353	-1420
11.4239029884	-1316
11.4241068363	-1368
11.4242508411	-1368
11.4286658764	543
11.4297668934	-1368
11.4301898479	-1368
11.4303808212	-1368
11.4310059547	-1420
11.4310808182	-1316
11.4310839176	-1368
11.4314448833	-1420
11.4314498901	-1420
11.4314918518	-1264
11.431896925	-1420
11.4319360256	-1420
11.4319388866	-1264
11.4322378635	-1420
11.432240963	-1316
11.4324939251	-1420
11.4324970245	-1420
11.4325349331	-1264
11.4419078827	1057
11.4805278778	-1420
11.4805428982	-1420
11.4805979729	-1420
11.480602026	-1420
11.4806380272	-1160
11.4808278084	-1420
11.4808700085	-1420
11.4808728695	-1264
11.4813079834	-1368
11.4814589024	-1420
11.4815030098	-1316
11.486112833	543
11.4869430065	543
11.4874429703	543
11.4943099022	-1193
11.5070898533	-1420
11.5071558952	-1420
11.507160902	-1264
11.5138258934	543
11.5140600204	1057
11.5259919167	-1420
11.5260019302	-1316
11.5298199654	-1368
11.5305387974	-1420
11.5305969715	-1316
11.5307488441	-1420
11.5307919979	-1316
11.5307948589	-1368
11.5312228203	-1420
11.5312278271	-1420
11.5312809944	-1264
11.5317738056	-1420
11.5318260193	-1316
11.5319859982	-1368
11.5320158005	-1368
11.5320928097	-1420
11.5321288109	-1316
11.5321907997	-1368
11.5383808613	543
11.5701730251	-1368
11.5706179142	-1420
11.5706849098	-1316
11.5706889629	-1368
11.5824270248	-1420
11.5824418068	-1420
11.5824978352	-1264
11.5826058388	-1368
11.602301836	-1420
11.60232687	-1316
11.602463007	-1420
11.602465868	-1316
11.6064360142	-1420
11.6064488888	-1316
11.6065018177	-1368
11.6235949993	-995
11.6238589287	543
11.6291949749	-1420
11.6292009354	-1316
11.6296679974	-1420
11.6296739578	-1316
11.6299948692	-1368
11.6300089359	-1420
11.6300318241	-1316
11.6304709911	-1368
11.6306419373	543
11.630977869	-1420
11.6309838295	-1316
11.6310329437	-1368
11.6319448948	-1420
11.6319909096	-1316
11.660599947	-1368
11.6607968807	-1420
11.6608028412	-1420
11.6608419418	-1264
11.6610989571	-1420
11.661151886	-1316
11.6611549854	-1368
11.6616718769	-1420
11.6616749763	-1316
11.6617238522	-1368
11.6770479679	-1368
11.6772618294	-1420
11.6772708893	-1316
11.6773579121	-1368
11.6834928989	543
11.7242538929	-1368
11.7273299694	1460
11.7273988724	625
11.7362809181	-1368
11.7389349937	-1420
11.7389860153	-1420
11.73898983	-1264
11.7392878532	-1420
11.7392919064	-1316
11.7397279739	-1368
11.7400708199	-1368
11.7402508259	-1420
11.7402539253	-1316
11.7404630184	-1368
11.74061203	-1368
11.7407469749	-1368
11.7407588959	-1368
11.7409160137	-1420
11.7409188747	-1316
11.7410228252	-1368
11.7446558475	543
11.7448289394	543
11.7528548241	-1135
11.7607078552	1460
11.7607898712	111
11.765157938	-1368
11.7817950249	-1368
11.7818598747	-1420
11.7818639278	-1420
11.7819039822	-1264
11.7820320129	-1420
11.7820549011	-1316
11.7823820114	-1368
11.7825098038	543
11.7826929092	-1420
11.782697916	-1316
11.7832858562	-1368
11.7835428715	-1420
11.7835698128	-1316
11.7837510109	-1368
11.7840518951	543
11.7843008041	543
11.7843739986	-1420
11.7843768597	-1420
11.7844538689	-1264
11.7844588757	-1368
11.7845368385	-1368
11.7847468853	-1368
11.7848470211	543
11.7850677967	-1420
11.7850728035	-1316
11.7852759361	-1368
11.7852809429	-1420
11.7853028774	-1316
11.7853059769	-1368
11.7857758999	-1420
11.7857809067	-1316
11.7858660221	-1368
11.7892789841	-1420
11.7893159389	-1316
11.7894070148	543
11.7912688255	-1368
11.8028559685	-1420
11.8028888702	-1316
11.8183948994	-1368
11.8191738129	543
11.8193659782	-1420
11.8193688393	-1316
11.8195369244	543
11.8261899948	-1368
11.8265898228	-1420
11.8266270161	-1316
11.8268578053	-1420
11.8268918991	-1316
11.8268949986	-1368
11.8272688389	-1420
11.8272738457	-1420
11.8273229599	-1264
11.8276588917	-1420
11.8277049065	-1420
11.8277080059	-1264
11.8278179169	543
11.8279948235	-1368
11.8283519745	-1420
11.8283958435	-1316
11.8285999298	-1420
11.8286538124	-1316
11.8286569118	-1368
11.8291528225	-1420
11.8291578293	-1420
11.8291819096	-1264
11.8296890259	-1420
11.8297128677	-1316
11.8297770023	-1368
11.8301110268	-1420
11.8301160336	-1420
11.8301589489	-1264
11.8304579258	-1420
11.830480814	-1316
11.8304839134	-1368
11.8305718899	543
11.8306570053	-1368
11.8428850174	-1420
11.8429470062	-1420
11.8429508209	-1264
11.8430879116	543
11.8462970257	543
11.8465368748	543
11.8823778629	-1215
11.8860008717	-543
11.8937129974	-1368
11.8942790031	-1420
11.8942859173	-1316
11.8946688175	-1420
11.8946728706	-1420
11.8947119713	-1264
11.8978018761	-1420
11.8978459835	-1420
11.8978488445	-1264
11.8982329369	-1368
11.9084579945	543
11.936978817	-1368
11.9374718666	1057
11.9379909039	543
11.9471800327	-1420
11.9471979141	-1316
11.9666099548	-1368
11.9884819984	1460
11.9885599613	111
11.9900689125	-1368
11.9987180233	543
11.9989328384	543
12.0117719173	-591
12.0143728256	-1368
12.0418999195	-1420
12.0419139862	-1316
12.0539460182	543
12.0541918278	1057
12.1414129734	-1268
12.1426517963	-1368
12.1600279808	-1368
12.1600358486	-1368
12.1655600071	1460
12.165640831	1460
12.1656858921	193
12.1732518673	543
12.1735548973	1057
12.1738238335	543
12.1742019653	543
12.1743869781	543
12.1747379303	543
12.1751430035	1460
12.175208807	140
12.175347805	1057
12.203332901	-1368
12.2038238049	543
12.2164878845	-1368
12.2169668674	-1368
12.2173838615	-1420
12.217389822	-1420
12.2174320221	-1264
12.2174339294	-1368
12.2186348438	543
12.2191169262	543
12.2193109989	543
12.2244808674	1460
12.2245399952	111
12.2417418957	-1368
12.2433269024	-1368
12.243544817	1460
12.2436008453	1460
12.2436490059	193
12.2535250187	1460
12.2535848618	111
12.2540400028	543
12.2542719841	1460
12.2543168068	111
12.2624998093	543
12.2704908848	-40
12.2753918171	543
12.3267879486	-1368
12.3271358013	1460
12.3271999359	1460
12.327244997	193
12.3406980038	543
12.3412549496	543
12.3414587975	543
12.3737969398	543
12.3740599155	1460
12.3741059303	111
12.3998999596	-1347
12.4037759304	1460
12.4038419724	1460
12.4038870335	193
12.4279789925	543
12.4286119938	543
12.4288089275	543
12.4487938881	543
12.449048996	1057
12.4583837986	543
12.4589049816	543
12.4591059685	543
12.4700169563	543
12.4818499088	-1368
12.4860708714	-1420
12.4861168861	-1316
12.4861209393	-1368
12.4865889549	543
12.4985690117	1057
12.5144159794	-1368
12.5189239979	543
12.5191509724	543
12.5291199684	-74
12.537252903	-1368
12.5375030041	543
12.5735428333	543
12.6178548336	-1368
12.6361308098	-1368
12.6395659447	-1420
12.6395819187	-1420
12.6396379471	-1264
12.6396408081	-1420
12.6396758556	-1316
12.6397998333	-1368
12.6399898529	-1420
12.639993906	-1316
12.6400299072	-1368
12.640748024	543
12.6584630013	-467
12.6774399281	-1420
12.677489996	-1316
12.7167298794	-1368
12.7352538109	-1368
12.7383158207	-1420
12.7383508682	-1316
12.7389969826	-1368
12.7390840054	-1368
12.7393708229	-1368
12.7879798412	-1342
12.7983109951	-1368
12.8367869854	-1368
12.8460338116	-1368
12.8473699093	-1420
12.8473780155	-1420
12.8474178314	-1264
12.8478419781	-1420
12.8478868008	-1316
12.8483598232	-1368
12.8487269878	-1420
12.8487308025	-1316
12.8489158154	-1368
12.8536908627	543
12.8544368744	-1420
12.8544440269	-1316
12.8605890274	-1420
12.8606038094	-1420
12.8606479168	-1420
12.8606498241	-1212
12.8606848717	-1368
12.8609538078	-1420
12.8609979153	-1316
12.8610649109	543
12.8614239693	1460
12.8614690304	1139
12.8731989861	-1420
12.8732049465	-1420
12.8732488155	-1420
12.873251915	-1420
12.8732898235	-1160
12.8734419346	-1420
12.8734807968	-1420
12.8734838963	-1264
12.8740589619	-1420
12.874063015	-1420
12.8740899563	-1264
12.8744199276	-1420
12.8744578362	-1420
12.8744609356	-1264
12.8931868076	-1368
12.9071679115	-1368
12.9096868038	-1420
12.9096930027	-1420
12.9097318649	-1264
12.9097828865	-1420
12.9098098278	-1316
12.909981966	-1368
12.9102799892	-1420
12.9102828503	-1316
12.9103288651	-1368
12.9171328545	-426
12.9270730019	-1420
12.9270858765	-1316
12.927508831	-1420
12.9275138378	-1420
12.9275557995	-1264
12.9277169704	-1368
12.9278018475	-1368
12.9280848503	-1368
12.9286999702	-1420
12.928704977	-1420
12.9287450314	-1264
12.9299018383	-1368
12.9299898148	-1368
12.9333980083	543
12.9335570335	543
12.9442279339	-1368
12.9530658722	-1420
12.9531328678	-1420
12.9531378746	-1264
13.0129539967	-1368
13.0352039337	1057
13.0462219715	-512
13.0706729889	-1368
13.0710949898	-1420
13.0711009502	-1420
13.0711398125	-1264
13.0715098381	-1420
13.0715579987	-1316
13.0715868473	-1420
13.0716149807	-1420
13.071616888	-1264
13.1043758392	-1420
13.1043968201	-1420
13.1044440269	-1264
13.1045978069	-1420
13.1046488285	-1316
13.1046519279	-1420
13.104777813	-1316
13.1048278809	-1368
13.1260290146	-1420
13.1260437965	-1316
13.1262378693	543
13.1326758862	-1420
13.1326858997	-1420
13.1327309608	-1264
13.1330728531	1460
13.1331219673	111
13.1333019733	-1420
13.1333069801	-1316
13.1340978146	-1368
13.1355369091	-1420
13.135589838	-1316
13.135933876	-1420
13.1359848976	-1420
13.1359879971	-1264
13.1361918449	-1420
13.1361949444	-1316
13.136302948	-1368
13.1363630295	-1368
13.1365787983	-1368
13.1365838051	-1368
13.1369550228	1057
13.1434538364	1460
13.1435120106	111
13.1554508209	-1368
13.1555190086	-1368
13.1685428619	-1368
13.1692619324	-1420
13.1693079472	-1316
13.1699779034	-1420
13.1700158119	-1420
13.1700179577	-1264
13.1707508564	-1420
13.1707539558	-1420
13.1708288193	-1264
13.1708319187	-1368
13.1740570068	543
13.174287796	543
13.1754658222	-57
13.1843779087	-1368
13.2041108608	543
13.21960783	-1368
13.2201488018	-1420
13.2201988697	-1316
13.298511982	-1368
13.3010549545	543
13.3013129234	1057
13.3015549183	543
13.3017528057	1057
13.31376791	-1073
13.3265378475	-1420
13.3265869617	-1316
13.3386249542	1057
13.3389499187	543
13.3393969536	543
13.3510529995	-1420
13.3510708809	-1316
13.3512148857	-1368
13.359762907	-1368
13.3603739738	-1420
13.3603789806	-1316
13.3604199886	-1420
13.3604228497	-1420
13.3604569435	-1264
13.3618237972	-1420
13.3618729115	-1420
13.3618760109	-1264
13.3632459641	-1420
13.3632509708	-1316
13.3743748665	-1420
13.3743958473	-1420
13.3744318485	-1264
13.3745629787	-1368
13.374683857	543
13.3751409054	-1420
13.3751459122	-1420
13.3751959801	-1264
13.3754048347	-1368
13.3754889965	543
13.3756070137	-1368
13.3757088184	-1420
13.3757498264	-1316
13.3757529259	-1368
13.3759360313	-1368
13.3775298595	-1368
13.3776988983	-1368
13.3778138161	-1368
13.4084489346	-1420
13.4084639549	-1316
13.4088249207	-1420
13.4088289738	-1420
13.4088690281	-1264
13.4091420174	-1420
13.409183979	-1316
13.4093990326	-1420
13.4094419479	-1316
13.4095859528	-1420
13.4096238613	-1420
13.4096279144	-1264
13.409968853	-1368
13.410312891	-1420
13.4103338718	-1316
13.4107289314	-1368
13.4109978676	-1420
13.4110019207	-1316
13.4127368927	543
13.4432628155	-1420
13.4432790279	-1420
13.4433429241	-1264
13.4441459179	-1420
13.4441850185	-1316
13.4447898865	-1368
13.4451129436	-1420
13.4451179504	-1316
13.4453790188	-1368
13.4454679489	543
13.4557127953	-205
13.4846129417	-1368
13.5184788704	543
13.5188088417	543
13.5365419388	-1368
13.5775198936	-1368
13.5775828362	-1420
13.5775878429	-1420
13.5776238441	-1264
13.5776269436	-1368
13.5782959461	-1368
13.5804378986	-1420
13.5804758072	-1316
13.5804798603	-1368
13.5810029507	-1420
13.5810070038	-1316
13.5810890198	-1420
13.5810918808	-1420
13.5811388493	-1264
13.5819888115	-1420
13.5820298195	-1420
13.5820329189	-1264
13.5832118988	-1420
13.5832149982	-1420
13.5832538605	-1264
13.5836639404	-1420
13.5837028027	-1316
13.5840928555	-1420
13.5841379166	-1420
13.584141016	-1264
13.5849158764	-565
13.5900259018	-1368
13.5903089046	-1368
13.6300449371	-1368
13.6302149296	-1420
13.6302928925	-1420
13.6302959919	-1264
13.6303329468	-1420
13.6303358078	-1316
13.6308019161	-1420
13.6308059692	-1316
13.6308538914	-1368
13.6313738823	-1420
13.6314148903	-1420
13.6314179897	-1264
13.6316590309	-1420
13.6316628456	-1316
13.6318969727	-1420
13.6319010258	-1420
13.6319389343	-1264
13.6325600147	-1368
13.6326630116	-1368
13.633286953	-1420
13.6333298683	-1316
13.6334238052	-1420
13.6334450245	-1316
13.6335258484	-1368
13.6348009109	543
13.6349649429	543
13.6352038383	543
13.6405248642	-1368
13.6482818127	-1368
13.6747088432	-1420
13.6747198105	-1420
13.6747729778	-1264
13.6997640133	-1368
13.6999659538	-1368
13.7194678783	-929
13.7428359985	-1368
13.780299902	-1368
13.8060669899	-1420
13.8060820103	-1420
13.8061408997	-1420
13.8061439991	-1212
13.8061900139	-1368
13.8070719242	-1368
13.8161199093	543
13.8317317963	-1368
13.8322808743	-1420
13.8323450089	-1420
13.8323488235	-1264
13.8378789425	-1368
13.8382298946	-1420
13.8382909298	-1316
13.8382940292	-1368
13.8387320042	-1420
13.8387448788	-1316
13.8387658596	-1368
13.83898592	-1420
13.8390250206	-1316
13.8390920162	-1420
13.8391208649	-1316
13.8391838074	-1368
13.8393039703	-1368
13.8398628235	543
13.8401088715	543
13.8487010002	-876
13.8541100025	543
13.8543379307	1057
13.8834199905	-1368
13.8838839531	-1420
13.883936882	-1316
13.8849878311	-1420
13.8850328922	-1316
13.8851168156	-1420
13.885160923	-1316
13.8852748871	-1420
13.8852958679	-1316
13.9136888981	-1420
13.9137558937	-1316
13.9375309944	1057
13.9447419643	1057
13.9779598713	-1205
13.9836368561	1057
14.0777950287	543
14.0780858994	543
14.1074669361	-543
14.1836509705	-1420
14.1836678982	-1316
14.2087910175	543
14.2090518475	1057
14.2165238857	-1368
14.2169618607	-1420
14.2169978619	-1420
14.2170009613	-1264
14.2170197964	-1420
14.2170219421	-1316
14.2172060013	-1368
14.2256548405	543
14.2259190083	1460
14.2259728909	111
14.2352278233	-1368
14.2364428043	543
14.2367558479	-459
14.261731863	-1368
14.292539835	-1368
14.3587868214	-1368
14.3647549152	543
14.3653998375	543
14.365913868	-153
14.3716738224	543
14.3987150192	-1420
14.3987269402	-1420
14.3987779617	-1264
14.4952440262	-95
14.5021839142	543
14.5087819099	543
14.5090148449	543
14.5508849621	-1368
14.5636749268	543
14.6037769318	-1368
14.6040828228	-1368
14.6042439938	-1368
14.6134309769	543
14.6245999336	-870
14.7183618546	1057
14.7205688953	543
14.720790863	1057
14.7542128563	-1086
14.7561268806	1057
14.8264739513	-1368
14.851140976	-1368
14.8586139679	-1368
14.8587338924	543
14.8837819099	-1268
14.912364006	1460
14.9182898998	1460
14.9183318615	193
14.9395148754	-1368
14.9395329952	-1368
14.9588358402	-1368
14.9588518143	-1420
14.9588978291	-1420
14.9589009285	-1420
14.9589188099	-1212
14.9593689442	-1420
14.9594128132	-1316
14.9597709179	-1368
14.9598679543	543
14.9738788605	543
14.9741268158	543
14.9903860092	-1420
14.9904010296	-1420
14.9904549122	-1264
15.0132088661	-467
15.0156269073	1057
15.0235638618	543
15.0377659798	-1368
15.0379009247	-1368
15.0381369591	-1368
15.0383470058	-1420
15.0383899212	-1316
15.0423769951	-1420
15.0424208641	-1316
15.0633289814	543
15.0638139248	543
15.0640189648	543
15.0644090176	543
15.0645918846	1057
15.1234629154	-1368
15.1425898075	-1110
15.1849958897	-1368
15.2157130241	543
15.2159819603	1460
15.2160279751	111
15.221143961	-1368
15.2213859558	-1420
15.2214319706	-1420
15.2214348316	-1420
15.2214708328	-1212
15.2422399521	1057
15.2579448223	-1368
15.2719538212	-907
15.2848498821	-1420
15.2848639488	-1420
15.2849090099	-1264
15.2849109173	-1420
15.2849268913	-1316
15.2860488892	-1420
15.2860820293	-1316
15.288161993	-1368
15.2934038639	543
15.3081200123	-1368
15.3083188534	-1420
15.3083770275	-1316
15.3816509247	-1420
15.3816688061	-1316
15.3914978504	1460
15.3915629387	625
15.4012038708	-1039
15.5235719681	1057
15.5307238102	-543
15.6600630283	-543
15.6830968857	-1420
15.683161974	-1420
15.6831679344	-1264
15.7322118282	-1368
15.8121550083	-327
15.9837379456	-1420
15.9837620258	-491
15.9838078022	-1368
16.0352039337	-1368
16.0415029526	-1368
16.0866298676	-1420
16.0866498947	-1420
16.0867068768	-1264
16.1129229069	-393
16.1136829853	1057
16.1146748066	543
16.1148898602	1460
16.1149349213	111
16.2186868191	543
16.2355239391	-1420
16.2355489731	-1316
16.242210865	-435
16.2537648678	-1368
16.2561488152	-1420
16.256155014	-1316
16.2565538883	-1420
16.2565579414	-1316
16.2570989132	-1368
16.257242918	-1368
16.2876238823	-1368
16.2876398563	-1368
16.3083879948	543
16.3739669323	-857
16.3784039021	543
16.4286179543	-1368
16.4291038513	-1420
16.4291858673	-1420
16.4291899204	-1420
16.429224968	-1212
16.429227829	-1368
16.4294970036	-1420
16.4295008183	-1316
16.4299869537	-1368
16.4304919243	-1420
16.4305319786	-1316
16.43095994	-1368
16.4312839508	-1420
16.4312880039	-1420
16.4313259125	-1264
16.4360749722	1057
16.4796979427	-1368
16.4801669121	-1420
16.4802248478	-1420
16.4802289009	-1420
16.480273962	-1212
16.480576992	-1420
16.4806168079	-1316
16.4810218811	-1420
16.4810609818	-1420
16.4810638428	-1264
16.4812710285	-1420
16.4812748432	-1316
16.4812948704	-1368
16.4823298454	-1420
16.4823689461	-1420
16.4823718071	-1264
16.4833438396	543
16.4975697994	543
16.5081069469	-863
16.5085589886	1057
16.5099868774	-543
16.5137159824	543
16.5139319897	1057
16.5262649059	543
16.5265069008	1057
16.5271339417	543
16.5273449421	1057
16.6374030113	-543
16.766767025	-543
16.7714529037	-1420
16.7715120316	-1316
16.9006719589	-920
16.9301328659	-1368
16.9884979725	543
16.9890899658	543
16.9893109798	543
16.9902029037	-1420
16.9902088642	-1316
17.0594940186	-1268
17.0667757988	543
17.0734498501	1057
17.0745799541	-543
17.1023869514	1057
17.128264904	-1420
17.1282799244	-1316
17.1288678646	-1368
17.1671149731	-1368
17.1694178581	543
17.1795918941	-1368
17.1936688423	543
17.1963558197	-646
17.3101038933	-1368
17.3103699684	543
17.3105728626	543
17.3256540298	-804
17.3359060287	543
17.336179018	1057
17.4293749332	-1420
17.4294629097	-1420
17.4295170307	-1264
17.4295208454	-1420
17.4295568466	-1316
17.4307157993	-1420
17.4307699203	-1420
17.430783987	-1264
17.4308209419	-1420
17.4308238029	-1316
17.4308769703	-1368
17.4336118698	543
17.4337630272	543
17.4435009956	-1368
17.4438288212	-1368
17.4440009594	-1368
17.4529469013	-1420
17.453004837	-1420
17.4530079365	-1264
17.4548659325	-1308
17.5841670036	-543
17.7367799282	-1368
17.7372539043	1057
17.7525320053	-261
17.7727718353	1460
17.7728538513	111
17.8829658031	-1368
17.9026389122	-804
17.9722859859	-1368
18.0049598217	-1368
18.0056807995	543
18.0234780312	1460
18.0235409737	111
18.0319077969	-464
18.0521500111	-1420
18.0522170067	-1420
18.0522208214	-1420
18.0522668362	-1420
18.0522699356	-1420
18.052312851	-1108
18.0558729172	-1368
18.1813240051	-907
18.1963038445	1057
18.3106958866	-543
18.4401679039	-543
18.608853817	-543
18.6184859276	-1420
18.6185469627	-1420
18.6185529232	-1264
18.6185898781	-1420
18.6185929775	-1316
18.6188750267	-1420
18.6188788414	-1316
18.6189389229	-1368
18.6699519157	-1368
18.7478239536	-1255
18.7788460255	543
18.7914028168	1460
18.7914919853	1460
18.7915828228	707
18.8595118523	-1368
18.8617589474	543
18.8620948792	1057
18.8769848347	-261
18.9051249027	1057
19.0181059837	-543
19.0349099636	-1086
19.200606823	-1420
19.2006340027	-1420
19.2006700039	-1264
19.2009449005	-1420
19.2009658813	-1316
19.2010660172	-1368
19.2026460171	543
19.2306799889	543
19.2698249817	-1276
19.3134908676	543
19.3860800266	-1420
19.3860960007	-1316
19.4387249947	-949
19.4389209747	543
19.5353248119	1057
19.556073904	-543
19.5680778027	-1086
19.7856178284	-543
19.9490439892	-543
19.9493408203	-1420
19.9493927956	-1316
19.9494419098	-1368
19.9494788647	-1420
19.9495148659	-1316
20.0004878044	-1420
20.0005538464	-1420
20.0005908012	-1264
20.0786318779	-1052
20.2136390209	543
20.2270789146	1057
20.2505989075	543
20.4721758366	-543
20.5371069908	1057
20.6012818813	-543
20.7304048538	-543
20.7417938709	1057
20.7433879375	1057
20.8597638607	-1086
21.0286488533	-1086
21.0634498596	-1420
21.0635168552	-1316
21.0746619701	-1368
21.0749218464	-1368
21.1581640244	-298
21.1614229679	1057
21.2713370323	-1420
21.2713530064	-1316
21.2875828743	-435
21.2881028652	1057
21.3034918308	543
21.3412439823	-1420
21.3412559032	-1316
21.3921508789	-1420
21.3921689987	-1316
21.3972039223	543
21.4333508015	-298
21.5087468624	-1368
21.5087628365	-1420
21.5088248253	-1420
21.5088279247	-1264
21.508854866	-1368
21.5092468262	-1420
21.5092608929	-1316
21.5093109608	-1368
21.5095868111	-1420
21.5096299648	-1316
21.5097258091	-1368
21.5109930038	-1368
21.5110778809	543
21.5599458218	-1420
21.5599617958	-1420
21.5600218773	-1264
21.5668349266	-1368
21.6027948856	-649
21.6084928513	543
21.6140799522	-1368
21.6172280312	-1368
21.7109069824	1057
21.7320837975	-464
21.88864398	-543
22.049325943	-1420
22.0493438244	-1420
22.0493998528	-1264
22.0494039059	-1420
22.0494558811	-1316
22.0494589806	-1368
22.0496428013	-1420
22.0496468544	-1316
22.0499010086	-1368
22.0499308109	543
22.0501158237	-1420
22.0501289368	-1316
22.050180912	-1368
22.0617058277	-836
22.1001608372	-1368
22.1908588409	-232
22.3357899189	1057
22.4263498783	-543
22.5234668255	-1420
22.52354002	-1420
22.5235788822	-1264
22.5555398464	-95
22.555713892	543
22.5715708733	-1368
22.6509408951	-1420
22.651009798	-1420
22.6510469913	-1264
22.684746027	-356
22.7023668289	-1368
22.8139519691	-746
22.85618186	-1420
22.8562529087	-1316
22.9432199001	-406
23.0206069946	-1368
23.0724759102	-261
23.1915559769	543
23.2017970085	-543
23.2042758465	1057
23.4536998272	-1086
23.5231189728	-1420
23.5231769085	-1316
23.5737819672	-1368
23.582901001	-638
23.6740858555	-1368
23.7120678425	-261
23.721228838	1057
23.7285718918	1057
23.8562738895	-543
23.8564829826	-1420
23.8565227985	-1316
23.8566520214	-1420
23.8566918373	-1420
23.8566949368	-1264
23.8568589687	-1368
23.9075880051	-1420
23.9076588154	-1316
23.9076960087	-1368
23.9858958721	-741
23.9861469269	543
23.9862699509	543
24.0356428623	-1368
24.0358548164	-1420
24.0358970165	-1316
24.0360360146	-1420
24.0360758305	-1316
24.0360789299	-1368
24.0368788242	-1420
24.0368850231	-1420
24.0369329453	-1264
24.0370109081	543
24.0381598473	-1420
24.0381658077	-1420
24.0382218361	-1264
24.039457798	-1368
24.0824139118	-1420
24.0824398994	-1316
24.1151018143	-417
24.1154458523	1057
24.1811089516	-1368
24.2315778732	-1420
24.2315938473	-1316
24.2446479797	-638
24.3061368465	543
24.3281559944	543
24.353402853	543
24.4315309525	-1086
24.5051820278	-1420
24.5051980019	-1420
24.505261898	-1420
24.5052659512	-1420
24.5052998066	-1160
24.5572938919	-1420
24.5573120117	-1316
24.5607209206	-878
24.5648078918	1057
24.8905208111	-543
24.9541919231	-1420
24.9543218613	-1420
24.9543659687	-1420
24.9544019699	-1420
24.9544389248	-1160
24.957064867	-1368
24.9573647976	-1420
24.957463026	-1420
24.9575469494	-1264
24.9591608047	-1420
24.9592688084	-1316
25.0050778389	-1420
25.0051128864	-1420
25.0051388741	-1264
25.0051538944	-1420
25.0051689148	-1420
25.0051720142	-1264
25.0051867962	-1368
25.0052909851	543
25.0197508335	-425
25.1888079643	-1086
25.2009439468	543
25.2133748531	543
25.2789928913	-1368
25.2797060013	543
25.3178210258	-261
25.447218895	-1086
25.8318099976	-543
25.8324379921	-1420
25.8324809074	-1420
25.8325169086	-1264
25.8325519562	-1368
25.8328278065	-1368
25.833122015	-1420
25.8332028389	-1316
25.8332400322	-1368
25.880961895	-1420
25.8810288906	-1316
25.8810658455	-1368
25.9609529972	-61
26.0917029381	-543
26.1887049675	543
26.1889908314	1057
26.2211449146	-543
26.2935388088	543
26.3557808399	-543
26.5800168514	-543
26.6761269569	-1420
26.6762259007	-1420
26.6762719154	-1264
26.6763088703	-1420
26.6763429642	-1316
26.6772108078	-1420
26.6773138046	-1420
26.6774020195	-1264
26.7095298767	-1052
26.7225868702	1057
26.7253739834	-1420
26.7253878117	-1316
26.7261710167	1057
26.7887158394	-1368
26.8388438225	-638
26.8403398991	1057
26.9853899479	-543
26.9856770039	-1420
26.9857268333	-1316
26.9859349728	-1368
26.9860179424	-1368
26.9861238003	-1368
26.9865598679	-1420
26.9865648746	-1316
26.9870948792	-1368
26.9933269024	543
26.9934530258	543
27.0361528397	-1368
27.0363099575	-1420
27.0363738537	-1316
27.0368030071	-1368
27.0373008251	-1368
27.0375869274	-1420
27.0376269817	-1316
27.0378918648	-1420
27.0379300117	-1316
27.0380499363	-1368
27.0381858349	-1368
27.0382490158	-1368
27.0383930206	-1368
27.0385599136	-1420
27.0386009216	-1316
27.0386629105	-1368
27.0388510227	543
27.0392348766	-1420
27.0392398834	-1420
27.0392827988	-1264
27.0808229446	-1420
27.0808398724	-1420
27.0808718204	-1264
27.0829370022	543
27.0831508636	543
27.0880010128	-1420
27.0880160332	-1420
27.0880689621	-1264
27.1148958206	-270
27.1150279045	543
27.1157557964	1057
27.1547620296	-1420
27.1547689438	-1316
27.2454218864	-920
27.2465209961	1057
27.2471349239	543
27.3768119812	-543
27.4704608917	-1420
27.4704728127	-1420
27.4705319405	-1264
27.4705348015	-1420
27.470569849	-1316
27.4707038403	-1368
27.4712779522	-1420
27.4712820053	-1316
27.4717459679	-1368
27.4722948074	-1420
27.4723529816	-1316
27.4723649025	-1368
27.4784419537	543
27.4786159992	543
27.5109708309	-1368
27.5109968185	-1368
27.5659408569	-1368
27.5686240196	-960
27.573982954	1057
27.617470026	-1420
27.617484808	-1316
27.6949088573	-1420
27.6949260235	-1316
27.6979358196	-1355
27.7026178837	543
27.7028269768	543
27.8411929607	-543
28.0006289482	-543
28.0013718605	-1420
28.0014219284	-1420
28.0014259815	-1420
28.0014429092	-1212
28.0019989014	-1368
28.0027649403	-1420
28.0027699471	-1316
28.0030798912	-1368
28.0036098957	-1368
28.0046319962	-1420
28.0046758652	-1316
28.0046789646	-1368
28.006814003	-1420
28.0068199635	-1420
28.0068600178	-1264
28.0500438213	-1368
28.1306948662	-1047
28.3167610168	-543
28.4459908009	-543
28.6545820236	-1086
28.715269804	-1368
28.8445839882	-775
28.9739029408	-543
29.1257739067	-543
