0	543
0.713726043701	543
0.74121594429	543
1.63438296318	-543
1.86119699478	-1420
1.86125302315	-665
1.90436291695	543
1.92629885674	-1368
1.9421069622	543
1.9426240921	543
1.94285988808	543
1.94310092926	543
1.94327497482	543
1.94688987732	-1368
1.96506690979	543
1.96533799171	543
1.98591208458	543
1.98618388176	543
1.98795008659	-1420
1.98795485497	-1420
1.98799586296	-1264
2.0528459549	-1420
2.05290794373	-1316
2.09245085716	-1420
2.09246897697	-1316
2.11448097229	-1420
2.11449193954	-1420
2.11454391479	-1264
2.12624287605	-1420
2.12624907494	-1316
2.12636899948	543
2.17949295044	-1420
2.17950892448	-1316
2.21886205673	-1420
2.21887588501	-1316
2.21903395653	-1420
2.21903800964	-1420
2.21906685829	-1420
2.21906900406	-1212
2.21918606758	543
2.24107408524	-1420
2.24108195305	-1420
2.24113488197	-1420
2.24113798141	-1420
2.24117898941	-1160
2.25231289864	543
2.25265192986	543
2.25846791267	-1420
2.25847291946	-1420
2.25851488113	-1264
2.25910687447	-1420
2.25914597511	-1316
2.27746105194	543
2.27783298492	543
2.32004308701	-1420
2.32005596161	-1316
2.34539604187	-1420
2.34541201591	-1420
2.34547305107	-1420
2.34547686577	-1212
2.34557294846	-1420
2.34557795525	-1420
2.34560489655	-1264
2.34578895569	543
2.3708460331	-1420
2.3708589077	-1420
2.37091803551	-1264
2.42523503304	-1420
2.42524790764	-1316
2.42529892921	-1368
2.4320628643	-1420
2.43206906319	-1420
2.43211603165	-1264
2.43384003639	543
2.4405798912	-1420
2.44059205055	-1420
2.44064307213	-1264
2.44316792488	543
2.44341087341	543
2.44892287254	-1420
2.44893789291	-1316
2.45495200157	-1368
2.46226501465	543
2.46779799461	-1420
2.46780490875	-1316
2.48279285431	-1420
2.48280405998	-1420
2.48285603523	-1264
2.49024891853	-1368
2.52750706673	543
2.5277929306	543
2.52804803848	543
2.53048396111	-1420
2.5304889679	-1420
2.53052997589	-1264
2.536454916	-1420
2.53650689125	-1420
2.53650999069	-1264
2.54071688652	543
2.54104304314	543
2.57579708099	-830
2.59218096733	543
2.59244894981	543
2.6681189537	-1086
2.78882694244	-1420
2.78884291649	-1420
2.78890991211	-1264
2.79377508163	1057
2.79414987564	1057
2.79554986954	-1368
2.80367994308	-1368
2.80701208115	-1368
2.84797501564	-1368
2.91278791428	-1368
2.92089700699	-82
3.04756999016	-543
3.24543595314	-543
3.41152906418	-543
3.51023387909	-1420
3.51025009155	-1420
3.5103058815	-1264
3.5154030323	-1420
3.51540899277	-1420
3.51545095444	-1264
3.51671791077	-1420
3.51676702499	-1420
3.51677107811	-1264
3.5469789505	-1420
3.54699587822	-1316
3.58033704758	-1368
3.58647608757	-1368
3.60996198654	-1368
3.61009192467	543
3.61096596718	-1420
3.61097192764	-1316
3.63730502129	-1368
3.63965892792	-1368
3.66970992088	-1368
3.6730890274	-1420
3.67314696312	-1316
3.71492004395	-1420
3.71493506432	-1420
3.71497488022	-1264
3.71617102623	-1420
3.71620893478	-1420
3.71621203423	-1264
3.71948099136	-1420
3.71948599815	-1316
3.7349588871	-1420
3.73496890068	-1316
3.74199390411	-1420
3.7419989109	-1420
3.74204897881	-1264
3.74946808815	-1420
3.74954795837	-1420
3.74955296516	-1264
3.77746295929	-1420
3.77748894691	-1316
3.77785301208	-1420
3.77786707878	-1316
3.77800798416	-1368
3.77977585793	-1368
3.78022193909	-1368
3.78281593323	-1420
3.78282094002	-1316
3.84579896927	-1420
3.84581589699	-1316
3.90942001343	-1420
3.90944600105	-1420
3.90950298309	-1264
3.94380903244	-1420
3.94382286072	-1420
3.94388103485	-1264
3.94406485558	543
3.97201108932	-1420
3.97202301025	-1420
3.97207593918	-1264
3.9742000103	-1420
3.97424507141	-1420
3.97424793243	-1264
3.97436189651	543
3.99501490593	-1368
3.99543309212	-1368
4.16164803505	-1357
4.40915703773	-543
4.57616186142	-543
4.67841792107	-1420
4.67848396301	-1420
4.67852497101	-1264
4.74676394463	-1420
4.74683904648	-1316
4.75536990166	543
4.75657606125	543
4.87323498726	-443
4.8773059845	543
4.87776708603	543
4.98489093781	-543
5.10520386696	-543
5.25560688972	-1368
5.32056498528	-1368
5.55157709122	-949
5.56193208694	-1368
5.57111787796	-1420
5.57116889954	-1316
5.62207102776	-1420
5.62213206291	-1316
5.80849504471	-1044
5.82372307777	543
5.8311290741	543
5.83140587807	543
5.83159804344	543
5.83177685738	543
5.83197903633	543
5.83217287064	543
5.83234786987	543
5.83250808716	543
5.8326690197	1057
5.83283090591	1460
5.83287906647	1460
5.8329269886	707
5.83306002617	1460
5.83310389519	111
5.83321905136	1460
5.83328986168	625
5.83341193199	1460
5.83346199989	111
5.83357787132	1460
5.83363294601	625
5.86730504036	543
5.87843489647	1460
5.87852597237	111
5.98432207108	543
6.02725696564	543
6.09744095802	543
6.09768295288	543
6.11747288704	543
6.11772894859	543
6.12908387184	-543
6.20636987686	543
6.20664191246	543
6.23950600624	1057
6.26236987114	543
6.26261591911	543
6.27621388435	543
6.30199694633	1460
6.30205392838	111
6.30226492882	543
6.31741905212	543
6.31764698029	1057
6.34170889854	-1420
6.34176707268	-1420
6.34181308746	-273
6.34229707718	543
6.34251093864	1057
6.35277891159	-1368
6.35728001595	543
6.35749387741	543
6.36728596687	543
6.36751508713	1057
6.38944101334	-746
6.40675091743	-1368
6.40782499313	-1420
6.4078309536	-1316
6.40838289261	-1368
6.4192969799	-1420
6.41932296753	-1316
6.42003202438	-1420
6.42006587982	-1316
6.42884302139	-53
6.47284197807	-1420
6.47285890579	-1420
6.47291588783	-1420
6.47291898727	-1212
6.47296190262	-1420
6.47296500206	-1316
6.4730489254	-1368
6.47315788269	543
6.48192191124	-1420
6.48192691803	-1316
6.48266887665	-1420
6.48267507553	-1316
6.49444794655	-1089
6.53503894806	-1368
6.53725194931	-1420
6.53725790977	-1420
6.53730988503	-1264
6.53767585754	-1420
6.53771805763	-1316
6.54756402969	-1420
6.54760599136	-1316
6.54790091515	-1368
6.54858589172	-1368
6.54908108711	-1420
6.54912495613	-1316
6.55930304527	-1420
6.55934906006	-1420
6.55935192108	-1264
6.55946588516	543
6.60096406937	-1420
6.60098099709	-1420
6.60103607178	-1420
6.6010389328	-1212
6.60122489929	-1368
6.61292695999	-1420
6.61298108101	-1316
6.61298394203	-1368
6.6139729023	-1420
6.61397886276	-1316
6.61403107643	-1368
6.61437797546	-1368
6.61448907852	543
6.62197399139	-1420
6.62197995186	-1316
6.6310210228	-1420
6.63102698326	-1420
6.6310710907	-1264
6.6311340332	543
6.66703295708	-1420
6.66704797745	-1420
6.66711187363	-1264
6.66729688644	-1368
6.6684820652	-1420
6.66848707199	-1316
6.66858291626	-1368
6.67323803902	-1420
6.67328596115	-1316
6.68193697929	-1368
6.68250203133	-1420
6.68250799179	-1316
6.68315386772	-1368
6.71193885803	-1420
6.71201491356	-1420
6.71201896667	-1264
6.71982598305	-1420
6.71983408928	-1420
6.71988892555	-1264
6.72335505486	-1420
6.72339487076	-1420
6.7233979702	-1264
6.73508191109	-1368
6.74207305908	-1420
6.7421400547	-1420
6.7421438694	-1264
6.74746704102	-1420
6.7474770546	-1316
6.7559299469	-1420
6.75593686104	-1316
6.76207494736	-1368
6.76899003983	-1420
6.76904201508	-1316
6.76911306381	543
6.81004405022	-1368
6.81006097794	-1420
6.81011486053	-1420
6.81011795998	-1264
6.81113696098	-1368
6.81122589111	543
6.81135392189	-1420
6.81135702133	-1316
6.81863808632	-1420
6.8186609745	-1316
6.81871008873	-1368
6.82575893402	-1420
6.82579708099	-1316
6.83419489861	-1420
6.83423995972	-1316
6.83433198929	-1368
6.84035205841	-1368
6.84196090698	543
6.84336400032	-1420
6.84336996078	-1420
6.84341096878	-1264
6.85504102707	-1368
6.86156201363	-1420
6.86157298088	-1316
6.86666989326	-1368
6.87341499329	-1420
6.87346196175	-1316
6.87592792511	-1368
6.91553902626	-1420
6.91556501389	-1316
6.91648507118	-1420
6.91649007797	-1420
6.91653108597	-1264
6.92303109169	-1420
6.92305994034	-1316
6.92376089096	-1368
6.9377849102	-1420
6.93780708313	-1316
6.94078493118	-1420
6.94078993797	-1420
6.94083404541	-1264
6.95573186874	-1420
6.95577502251	-1316
6.98001503944	-1368
6.98051285744	-1420
6.98051786423	-1316
6.98313307762	-1368
6.98707294464	543
7.00414085388	-1368
7.0109899044	-1420
7.01103997231	-1420
7.01104402542	-1264
7.01765608788	-1420
7.01766490936	-1316
7.01875400543	-1368
7.0187599659	-1420
7.01879096031	-1420
7.01879405975	-1264
7.0282728672	-1420
7.02829098701	-1316
7.02851390839	543
7.03686189651	-1368
7.03735995293	-1368
7.04355096817	-1420
7.04355788231	-1420
7.04360198975	-1264
7.05124497414	-1368
7.05853796005	-1420
7.05854392052	-1316
7.07592606544	-1368
7.07619285583	-1420
7.0762360096	-1316
7.07688999176	-1368
7.08205389977	543
7.10601496696	-1420
7.10602807999	-1316
7.10607099533	-1420
7.10607290268	-1420
7.10610604286	-1264
7.11266207695	-1368
7.11502695084	-1420
7.1150329113	-1316
7.11526489258	543
7.12612104416	-1420
7.12612605095	-1420
7.12616991997	-1264
7.13365292549	-1420
7.13370203972	-1316
7.13370490074	-1368
7.13383889198	543
7.13811898232	-1368
7.1382830143	-1420
7.13830590248	-1316
7.14137387276	-1420
7.1414039135	-1316
7.14204096794	543
7.14721298218	-1368
7.15355205536	-1420
7.15360093117	-1316
7.17107486725	-1368
7.1712179184	-1420
7.17123198509	-1316
7.21357703209	-1368
7.21595096588	-1420
7.21600294113	-1420
7.21600604057	-1264
7.22261404991	-1368
7.22271203995	-1368
7.23439502716	-1368
7.23582386971	-1420
7.23586797714	-1420
7.23586988449	-1420
7.23588705063	-1212
7.26021289825	-649
7.26038789749	543
7.27625799179	-1420
7.27627801895	-1316
7.27878594398	-1368
7.27939987183	-1368
7.27983808517	-1420
7.27984404564	-1316
7.28180789948	-1368
7.28208088875	-1368
7.28605794907	1460
7.28610706329	1460
7.28615188599	707
7.28698396683	1086
7.29984903336	-1368
7.30023097992	-1420
7.30028986931	-1316
7.309237957	-1420
7.30929493904	-1420
7.30929803848	-1264
7.30941987038	543
7.30957007408	543
7.3410449028	-1420
7.34105992317	-1420
7.34112691879	-1264
7.3468708992	-1420
7.34694504738	-1420
7.34694886208	-1264
7.34782099724	-1368
7.34792399406	-1368
7.34824991226	-1368
7.36193799973	-1420
7.36198401451	-1316
7.36210608482	543
7.36492800713	-1420
7.36493301392	-1316
7.36539006233	-1368
7.37087392807	-1420
7.37093997002	-1316
7.37381196022	-1368
7.37384796143	-1368
7.37435007095	-1368
7.37472200394	-1368
7.40513801575	-1368
7.40520596504	-1368
7.41000986099	-1368
7.41052794456	-1420
7.41053390503	-1420
7.41057491302	-1264
7.41296505928	-663
7.41650485992	-1420
7.4165160656	-1316
7.41670489311	543
7.41681003571	-1368
7.42847704887	-1420
7.42853689194	-1420
7.42854094505	-1264
7.43076992035	-1420
7.43077397346	-1420
7.43081498146	-1264
7.44032692909	-1420
7.44037008286	-1420
7.44037294388	-1264
7.44691205025	-1420
7.44691705704	-1316
7.44708490372	543
7.45274806023	-1420
7.45275688171	-1316
7.45785498619	-1368
7.46217608452	1460
7.46223497391	1460
7.46227908134	707
7.47344708443	-1420
7.47346305847	-1316
7.47904586792	-1368
7.48703098297	543
7.50725388527	543
7.50891900063	-1368
7.51003098488	-1420
7.51007390022	-1420
7.51007795334	-1264
7.51989197731	-1420
7.51989889145	-1420
7.51994109154	-1264
7.52103304863	-1420
7.5210750103	-1420
7.52107787132	-1264
7.52876400948	-1368
7.52909708023	-1368
7.52926087379	-1368
7.53772687912	-1368
7.54120087624	-1420
7.54120707512	-1420
7.54126501083	-1264
7.54416799545	-1368
7.55666589737	-1420
7.55667304993	-1316
7.55863690376	-1368
7.55876398087	543
7.57403492928	-1420
7.57405304909	-1316
7.58921599388	-244
7.60586595535	-1368
7.60673093796	-1368
7.60983800888	-1420
7.60988807678	-1420
7.60989189148	-1264
7.61051797867	-1368
7.61061692238	-1368
7.6175339222	543
7.6178290844	1460
7.61797690392	1139
7.61875391006	-1368
7.61988401413	-1420
7.61990690231	-1420
7.61991000175	-1264
7.62483906746	-1368
7.625882864	-1420
7.62593698502	-1316
7.63203692436	-1368
7.63291788101	-1420
7.6329228878	-1316
7.63416004181	-1368
7.63991594315	-1420
7.63995885849	-1316
7.6468398571	-1368
7.64702892303	543
7.6492099762	-1420
7.64921593666	-1316
7.67101597786	-1368
7.67170906067	-1420
7.67175793648	-1316
7.67228293419	-1368
7.70950508118	-1420
7.70952606201	-1316
7.72041988373	-1420
7.72042608261	-1420
7.72046804428	-1420
7.72046995163	-1212
7.72158503532	-1420
7.72158908844	-1316
7.72809886932	-1420
7.72810506821	-1316
7.72868990898	-1368
7.73487687111	-1368
7.73576402664	-1420
7.73576903343	-1316
7.73579287529	-1420
7.73579502106	-1316
7.74233007431	543
7.74254798889	1057
7.7448079586	-1214
7.74488902092	1057
7.74977302551	-1368
7.75621604919	-1420
7.75626897812	-1316
7.76267290115	-1368
7.76474785805	543
7.76496195793	543
7.79758691788	-841
7.80039787292	-1368
7.80799198151	-1368
7.80973887444	-1420
7.8097910881	-1420
7.8097949028	-1264
7.81763696671	-1420
7.81765198708	-1316
7.81769490242	-1368
7.81940698624	-1420
7.81945800781	-1420
7.81946086884	-1264
7.83450698853	-1420
7.83452105522	-1420
7.83457708359	-1264
7.83696103096	-1368
7.84087300301	543
7.84323191643	-1420
7.84323787689	-1316
7.84944105148	-1420
7.84944796562	-1316
7.84952807426	-1368
7.85539793968	-1368
7.86213207245	-1368
7.86973500252	-1420
7.86978387833	-1316
7.87371492386	-1368
7.90953207016	-1368
7.91261792183	-1420
7.91267204285	-1420
7.91267585754	-1264
7.92057704926	-1420
7.92058205605	-1420
7.92063188553	-1264
7.92224788666	-1420
7.92228794098	-1316
7.92233586311	-1368
7.92588305473	-1368
7.92606687546	543
7.92688107491	-1420
7.9268860817	-1316
7.93190789223	-1420
7.93191504478	-1316
7.93235707283	-1368
7.93296504021	543
7.93338704109	543
7.93593001366	-1368
7.93744492531	-1420
7.93748807907	-1316
7.94350099564	543
7.94727301598	-1420
7.94727802277	-1316
7.9542798996	-1368
7.97731995583	-1420
7.97738695145	-1316
8.00062608719	-1368
8.01194691658	-1420
8.01195907593	-1420
8.01200199127	-1264
8.01870203018	-1420
8.01875185966	-1420
8.01875495911	-1264
8.01916599274	-1420
8.01917099953	-1420
8.01921391487	-1264
8.02533507347	-1368
8.02587890625	-1420
8.02588391304	-1316
8.03314805031	543
8.03676486015	-1368
8.03794789314	-1420
8.03799390793	-1420
8.03799796104	-1264
8.04355096817	-1368
8.04361796379	-1420
8.04366588593	-1316
8.04723405838	543
8.05212807655	-1368
8.05827307701	-1420
8.05833792686	-1316
8.05869007111	543
8.05890989304	543
8.05908799171	543
8.05941700935	543
8.06381797791	-1420
8.0638229847	-1316
8.08210587502	543
8.10875797272	-1368
8.11056208611	-1420
8.11061286926	-1316
8.11074399948	543
8.11619591713	-1420
8.11620187759	-1420
8.11624908447	-1264
8.11715507507	-1420
8.11719608307	-1420
8.11719894409	-1264
8.12261486053	-1368
8.12314987183	-1420
8.1231970787	-1420
8.12319993973	-1264
8.1285378933	-1368
8.18507289886	-1263
8.19226503372	1460
8.19233894348	625
8.23764395714	-543
8.30715894699	-1368
8.31937003136	-1231
8.34420585632	-1368
8.34607005119	-1420
8.34611392021	-1316
8.35279107094	-1420
8.35279607773	-1316
8.35727286339	-1420
8.35727906227	-1316
8.38015198708	-1368
8.42776608467	1460
8.4278459549	625
8.46179103851	-1368
8.50874185562	-1368
8.50884199142	-1368
8.50942397118	-1368
8.50967597961	-1420
8.50971508026	-1316
8.51147508621	-1420
8.51151204109	-1316
8.51493096352	-1368
8.52053308487	-1420
8.52053904533	-1420
8.52058887482	-1264
8.57327389717	-1420
8.57328987122	-1316
8.60522794724	-1420
8.60524201393	-1316
8.60541296005	543
8.63103985786	-1420
8.63106489182	-1316
8.63668107986	-1420
8.63669204712	-1316
8.63927102089	543
8.63950705528	543
8.7001709938	-1368
8.70916986465	-1420
8.70924186707	-1420
8.70924806595	-1264
8.71369504929	-1420
8.71370887756	-1420
8.71374297142	-1264
8.7153608799	-1420
8.71541500092	-1316
8.71541786194	-1368
8.71552991867	543
8.71972107887	-1420
8.71972703934	-1420
8.71976900101	-1264
8.73211789131	543
8.76456689835	-1420
8.76458501816	-1316
8.76495695114	543
8.78208303452	543
8.78256392479	543
8.78276085854	543
8.81309103966	543
8.81334495544	543
8.82655096054	-1420
8.82656407356	-1316
8.83401989937	-1420
8.83403086662	-1420
8.8340818882	-1420
8.83408498764	-1212
8.84289693832	-1420
8.84290790558	-1316
8.84971785545	-1420
8.84972691536	-1316
8.84992408752	-1368
8.85017299652	543
8.8505320549	1057
8.85101985931	543
8.8512070179	543
8.86393499374	-1420
8.86395096779	-1420
8.86401200294	-1264
8.86989092827	-1420
8.86994600296	-1316
8.87587308884	-1420
8.87591505051	-1316
8.88845205307	-1420
8.88850998878	-1420
8.8885140419	-1264
8.88866400719	543
8.88880991936	543
8.90946006775	-1162
8.92746090889	543
8.92770195007	543
8.95477604866	-1368
8.97793793678	-203
9.04224991798	-1368
9.12412500381	543
9.17673397064	543
9.17701005936	1057
9.20981788635	-1368
9.22256398201	1057
9.22309803963	543
9.24107789993	-1420
9.2410929203	-1420
9.24115586281	-1264
9.28863406181	-1420
9.28864693642	-1420
9.28869605064	-1264
9.30663299561	-1420
9.30664300919	-1420
9.30670189857	-1264
9.30819487572	-1420
9.30819988251	-1420
9.30823993683	-1264
9.30832195282	543
9.34987998009	-1420
9.34989786148	-1316
9.35529398918	-1368
9.35535502434	-1420
9.35539007187	-1316
9.35656499863	543
9.3678290844	-1368
9.37088799477	-1420
9.37094092369	-1316
9.43432998657	-1420
9.43434691429	-1316
9.44718003273	543
9.44741296768	1057
9.47891402245	-1420
9.47892904282	-1316
9.4816160202	-1368
9.49756002426	-1420
9.49761605263	-1420
9.49761986732	-1264
9.5380589962	-1420
9.53807497025	-1420
9.53812909126	-1264
9.54475808144	-1420
9.54480290413	-1420
9.54480600357	-1264
9.54493904114	543
9.56167602539	-1420
9.56168103218	-1420
9.56172299385	-1264
9.60129404068	-1420
9.60134792328	-1420
9.60135102272	-1264
9.60257387161	-1420
9.6025788784	-1420
9.60261797905	-1264
9.60268902779	543
9.60782694817	-1368
9.608066082	-1420
9.60810995102	-1316
9.62464499474	-1368
9.68753886223	-1368
9.70273590088	-1368
9.70282697678	-1368
9.70886993408	-1420
9.70891499519	-1420
9.70891785622	-1264
9.70903587341	543
9.71179103851	-1420
9.7117960453	-1316
9.71978807449	-1420
9.71979308128	-1420
9.71983504295	-1264
9.76044988632	-1368
9.76059603691	-1420
9.76060009003	-1316
9.76230287552	543
9.76250505447	543
9.765666008	-1420
9.76567101479	-1420
9.76571106911	-1264
9.77404093742	-1420
9.77408599854	-1420
9.77408885956	-1264
9.77691602707	-1420
9.77692103386	-1420
9.77697992325	-1264
9.7834880352	-1420
9.78353095055	-1316
9.78353404999	-1368
9.78363704681	543
9.82494902611	-1420
9.8249540329	-1420
9.82500386238	-1264
9.82509303093	543
9.83135795593	-1420
9.8313639164	-1420
9.83140587807	-1264
9.83156704903	-1368
9.83808588982	-1420
9.8380920887	-1316
9.8409640789	-1420
9.84097695351	-1316
9.84101891518	-1368
9.84219789505	-1368
9.84253787994	-1420
9.84254407883	-1316
9.84430909157	-1420
9.84431385994	-1420
9.84435606003	-1264
9.84442400932	543
9.84851694107	-1368
9.84919691086	-1420
9.8492410183	-1316
9.89133906364	-1420
9.89134502411	-1420
9.89138793945	-1264
9.89390707016	-1420
9.89391207695	-1316
10.0047678947	-1420
10.0047850609	-1316
10.0081019402	-1368
10.0097589493	-1368
10.0098979473	-1368
10.0487508774	-1368
10.1751968861	-805
10.2921130657	543
10.3594660759	-543
10.379472971	-1420
10.3794810772	-1316
10.505892992	-377
10.7403280735	-543
11.1413800716	-1057
11.1419050694	543
11.1423089504	543
11.1425099373	543
11.1858589649	-1368
11.1860289574	-1420
11.1860890388	-1316
11.2422800064	-1420
11.2423379421	-1316
11.2431240082	543
11.3687319756	-472
11.5064270496	-1420
11.5064709187	-151
11.6329140663	-543
11.7983748913	-543
11.9374780655	-543
12.0639550686	-543
12.079417944	1057
12.1351370811	543
12.1354150772	1057
12.1902830601	-1057
12.2218840122	-1368
12.3483068943	-203
12.3745908737	-1420
12.374655962	-1316
12.3798649311	-1420
12.3799099922	-1420
12.3799130917	-1264
12.3815329075	-1420
12.3815360069	-1420
12.3815748692	-1264
12.4396948814	-1420
12.4397120476	-1316
12.5661659241	-372
12.5845060349	1057
12.6006219387	543
12.6009020805	543
12.6012659073	543
12.6014699936	543
12.6166138649	-1420
12.6166210175	-1316
12.621835947	-1420
12.6218559742	-1316
12.6226599216	543
12.6471610069	543
12.6813719273	-1420
12.6813900471	-1420
12.6814529896	-1264
12.7280910015	-277
12.7410190105	-543
12.7823250294	543
12.7825930119	543
12.8224549294	543
12.8227639198	543
12.8230340481	543
12.8232419491	1057
12.8374419212	543
12.8376960754	1057
12.8546440601	-1057
12.8605320454	1460
12.8605930805	111
12.9224140644	543
12.9226629734	1460
12.9227089882	111
12.949092865	543
12.9493920803	1057
12.949657917	543
12.9499030113	1057
12.9501340389	-543
12.950248003	543
12.9504699707	1057
12.9773929119	543
12.9776570797	1057
13.0105650425	543
13.0108420849	543
13.0397820473	-1368
13.0523869991	543
13.0526900291	543
13.0714919567	-1420
13.0715060234	-1316
13.0715420246	-1368
13.0764238834	-240
13.0772750378	-1368
13.0850598812	-1420
13.0851299763	-1420
13.0851340294	-1264
13.0875380039	543
13.0877630711	1057
13.1064538956	-1420
13.1064689159	-1420
13.1065058708	-1264
13.1294140816	-1420
13.1294898987	-1420
13.1294949055	-1264
13.1356229782	-1368
13.1358690262	-1420
13.1359140873	-1420
13.1359169483	-1264
13.1420269012	543
13.1421499252	543
13.1426889896	543
13.1429069042	1057
13.1708879471	-1420
13.1709029675	-1316
13.1712059975	-1420
13.1712110043	-1316
13.1712889671	-1368
13.1985590458	-1420
13.1986289024	-1420
13.1986339092	-1264
13.1990158558	543
13.1994709969	543
13.2076370716	-1368
13.2339379787	-1420
13.2340080738	-1420
13.2340130806	-1264
13.2345330715	-1420
13.234539032	-1316
13.2490460873	-1420
13.2490599155	-1316
13.2491889	-1420
13.2491910458	-1316
13.2696828842	-1095
13.3072199821	543
13.3542308807	-1420
13.3542490005	-1316
13.3597948551	-1420
13.359803915	-1316
13.4268929958	543
13.4271609783	543
13.4305000305	-1368
13.4420099258	543
13.4426660538	543
13.4428808689	543
13.4789350033	-1420
13.4789609909	-1316
13.4848220348	-1420
13.484842062	-1420
13.4848968983	-1264
13.4849009514	-1368
13.4875478745	1057
13.4877750874	543
13.4907948971	-1420
13.4907999039	-1420
13.4908440113	-1264
13.534829855	-1420
13.5348479748	-1420
13.5348930359	-1264
13.534897089	-1368
13.5420839787	543
13.5465519428	-1420
13.5465569496	-1316
13.5571470261	-1316
13.5999500751	543
13.6020178795	543
13.6022460461	543
13.6574978828	543
13.6577470303	543
13.6772949696	-1368
13.72940588	-261
13.7349228859	-1368
13.7446210384	543
13.7448918819	543
13.785337925	543
13.7856218815	543
13.7973589897	543
13.7976150513	543
13.8573598862	-1368
13.894012928	543
13.8942980766	543
13.9001278877	-1420
13.9001340866	-1420
13.9001760483	-1264
13.9028010368	-1368
13.9243879318	-248
13.9293489456	-1420
13.9294099808	-1316
13.9343249798	-1420
13.9343678951	-1420
13.9343700409	-1264
13.9434459209	-1368
14.0158998966	-1420
14.0159170628	-1420
14.015971899	-1264
14.0286889076	-1420
14.0287098885	-1420
14.0287630558	-1264
14.0429310799	-1368
14.0474119186	1460
14.0474619865	1460
14.0475058556	1161
14.0476229191	1117
14.0636789799	-1368
14.0679008961	-1368
14.07239604	543
14.0729870796	543
14.0731799603	543
14.0818550587	-1368
14.0843958855	-1420
14.0844490528	-1420
14.0844528675	-1264
14.0968608856	-1420
14.0968720913	-1316
14.096932888	-1368
14.0973379612	543
14.0975739956	1057
14.102645874	-1368
14.1028618813	-1420
14.1029040813	-1316
14.1089398861	543
14.1091618538	1057
14.1558930874	-1420
14.1559100151	-1316
14.1585938931	-1368
14.1725978851	-1368
14.1740570068	-30
14.1840150356	543
14.1897380352	1057
14.1903300285	543
14.1906509399	543
14.2070569992	1057
14.2247760296	-1368
14.2727179527	-1368
14.2739470005	1460
14.2740108967	1460
14.2740569115	1161
14.2752690315	1117
14.2788550854	-1420
14.2788610458	-1316
14.2848079205	-1420
14.2848160267	-1420
14.2848610878	-1420
14.2848639488	-1212
14.2851529121	543
14.2908968925	-1368
14.2914819717	-1420
14.2915270329	-1316
14.3340258598	-1118
14.3408079147	-1368
14.3473780155	-1368
14.3520820141	543
14.3559579849	-1420
14.3559670448	-1316
14.3562169075	-1420
14.356222868	-1316
14.3568370342	1460
14.3568918705	1460
14.3569400311	1161
14.3571190834	603
14.3678920269	-1420
14.3679070473	-1316
14.3679630756	-1368
14.3740980625	-1420
14.3741459846	-1420
14.3741490841	-1264
14.3827860355	-1420
14.3827929497	-1420
14.3828430176	-1264
14.3829290867	543
14.4009459019	-815
14.4098770618	-1420
14.4099290371	-1420
14.4099330902	-1420
14.4099678993	-1212
14.4100239277	-1368
14.4188859463	-1420
14.4188909531	-1420
14.4189388752	-1264
14.4326629639	543
14.4329180717	543
14.4839859009	-1110
14.4965529442	543
14.4971280098	543
14.5473608971	-1420
14.5473759174	-1420
14.5474419594	-1264
14.5831038952	-1420
14.5831689835	-1316
14.585821867	-1420
14.5858528614	-1316
14.6107010841	1460
14.6107800007	625
14.6433539391	-1420
14.6433730125	-1316
14.6457710266	-1420
14.6457779408	-1420
14.6458230019	-1264
14.6459150314	543
14.6489419937	-1420
14.6489470005	-1420
14.6489899158	-1264
14.6518249512	-1420
14.6518659592	-1316
14.6519560814	543
14.652504921	543
14.6527118683	543
14.6623029709	543
14.6625020504	543
14.6923179626	543
14.6925599575	1057
14.7022180557	543
14.7024278641	1057
14.7061700821	-1420
14.7061750889	-1316
14.719769001	-1368
14.7225849628	-1368
14.7251479626	543
14.7264459133	543
14.7267050743	543
14.7572770119	1460
14.757363081	111
14.7680590153	1460
14.7681288719	111
14.7791740894	-976
14.7831010818	1460
14.7831699848	111
14.7857098579	-1368
14.7970678806	1460
14.7971339226	111
14.8070650101	543
14.8073189259	543
14.819601059	-1347
14.8281838894	-1420
14.8282370567	-1420
14.8282420635	-1264
14.8324189186	-66
14.8617770672	543
14.8638660908	-1368
14.8644559383	543
14.8646478653	543
14.8649070263	543
14.8651540279	543
14.8653829098	1460
14.8654289246	1460
14.8654639721	1161
14.8655679226	1117
14.8952109814	-261
14.9115800858	1460
14.9116718769	111
14.9271309376	1460
14.9272019863	625
14.9467949867	543
14.9470970631	543
14.9852199554	1460
14.9853179455	625
14.9928820133	-1086
15.0137050152	-1368
15.0253388882	-1420
15.0253479481	-1316
15.0413820744	-1420
15.0413980484	-1316
15.0424339771	543
15.0426840782	543
15.0429279804	543
15.0431518555	543
15.0543439388	-1189
15.0607099533	-1368
15.0701088905	-1368
15.0821728706	543
15.0854270458	-406
15.1148629189	-1420
15.1149048805	-1420
15.1149089336	-1264
15.1207480431	-1368
15.1346590519	-1368
15.1430680752	1460
15.1431529522	1460
15.1431889534	1161
15.1432890892	1117
15.1609928608	543
15.1702010632	-501
15.2098600864	-1368
15.213559866	543
15.2160248756	-1368
15.2189309597	-1368
15.2215709686	-1420
15.2215778828	-1316
15.2265479565	1057
15.2268350124	1057
15.2273988724	543
15.2275929451	1057
15.2279849052	543
15.2281758785	1057
15.2285599709	543
15.228746891	1057
15.2325520515	543
15.2327449322	1057
15.2337789536	-1420
15.233784914	-1316
15.2339820862	-1368
15.2342600822	543
15.2346460819	543
15.2348308563	543
15.2459490299	-1368
15.2498700619	1057
15.2702100277	-828
15.297180891	1057
15.2973730564	-1368
15.297577858	-1368
15.297672987	543
15.3258419037	-1420
15.325854063	-1316
15.3293168545	-1420
15.3293230534	-1420
15.3293750286	-1420
15.3293778896	-1212
15.3521559238	543
15.3527350426	543
15.3529539108	543
15.3534388542	-53
15.3617758751	543
15.3619680405	-1420
15.3619730473	-1316
15.3622288704	-1368
15.3625240326	543
15.3627169132	543
15.3631029129	543
15.3633069992	1057
15.3736970425	-1368
15.3888530731	-1420
15.3889088631	-1316
15.3989858627	-1420
15.3990218639	-1316
15.4038219452	-1368
15.4040720463	543
15.4224820137	543
15.4227268696	1057
15.4259679317	-1420
15.4259729385	-1316
15.4490199089	543
15.4520039558	1057
15.4802250862	-1176
15.4908909798	-1420
15.4909310341	-1316
15.5118989944	-1420
15.5119559765	-1420
15.5119609833	-1264
15.5162239075	-1420
15.51623106	-1316
15.5201299191	-1368
15.5375518799	543
15.5566420555	1057
15.5630819798	-1368
15.5654139519	543
15.5656380653	1460
15.5656938553	111
15.565871954	543
15.5709850788	-1420
15.5709910393	-1316
15.5767719746	-1420
15.5767819881	-1316
15.5769450665	-1368
15.5819079876	1057
15.5864179134	-1420
15.5864229202	-1420
15.5864629745	-1264
15.5937218666	-1420
15.5937879086	-1420
15.593793869	-1264
15.6006820202	-1420
15.6006910801	-1420
15.6007349491	-1264
15.6097688675	-1420
15.6098179817	-1420
15.6098210812	-1264
15.6099698544	543
15.6338610649	-1420
15.6338779926	-1316
15.6356670856	1057
15.6361370087	543
15.6405599117	-1420
15.640570879	-1420
15.6406209469	-1420
15.6406240463	-1212
15.640914917	-1420
15.6409189701	-1420
15.6409580708	-1264
15.6411008835	543
15.6523029804	-1420
15.6523170471	-1316
15.6528499126	-1368
15.6549530029	-1420
15.6549949646	-1316
15.6608459949	-1368
15.6706199646	-1420
15.6706309319	-1420
15.6706800461	-1264
15.6762008667	-1368
15.6763908863	-1420
15.6763949394	-1316
15.6924669743	-310
15.6945829391	-1420
15.6946370602	-1420
15.6946399212	-1264
15.7059750557	-1420
15.7059879303	-1316
15.7061669827	-1368
15.7065389156	1460
15.7065880299	1460
15.7066230774	1161
15.7067949772	-1420
15.7067990303	-1316
15.7068459988	89
15.7625999451	-567
15.7921540737	543
15.8011450768	-1368
15.8013288975	543
15.8019709587	-1368
15.8022499084	-1420
15.8023040295	-1316
15.8217749596	-1420
15.8218479156	-1316
15.8286659718	-1368
15.828813076	543
15.8334460258	-936
15.8524720669	543
15.8527479172	543
15.8672859669	-1368
15.8724200726	543
15.872658968	543
15.9150850773	-1420
15.915102005	-1420
15.915158987	-1264
15.9208440781	-1420
15.9208939075	-1420
15.9208979607	-1264
15.9243240356	1460
15.9243810177	625
15.9557800293	-1420
15.9558050632	-1420
15.9558439255	-1264
15.9599149227	-1420
15.9599599838	-1420
15.9599640369	-1264
15.9770009518	-1420
15.9770178795	-1420
15.977077961	-1264
15.977643013	-1368
15.977766037	-1420
15.9777700901	-1316
15.9844548702	543
15.9846880436	1057
15.99467206	-1368
16.0038678646	-1420
16.003923893	-1316
16.0252139568	-1368
16.0429120064	-1420
16.042937994	-1316
16.0518949032	-1420
16.0519120693	-1420
16.0519490242	-1264
16.0580248833	-1420
16.058052063	-1316
16.0643999577	-1368
16.0885150433	-1420
16.0885419846	-1316
16.0968449116	-1420
16.096850872	-1316
16.0969910622	543
16.1071670055	1057
16.1097500324	-1420
16.1097550392	-1316
16.1331100464	-1420
16.1331219673	-1316
16.1408569813	-1420
16.1408638954	-1420
16.140912056	-1264
16.1410210133	543
16.1479640007	-1420
16.1479730606	-1420
16.1480228901	-1264
16.1550040245	-1420
16.1550629139	-1316
16.155066967	-1368
16.1576609612	543
16.1579189301	1057
16.1653599739	-1420
16.1653809547	-1420
16.1654138565	-1264
16.1919128895	-1420
16.1919810772	-1420
16.1919848919	-1264
16.1927390099	-1420
16.1927540302	-1316
16.1982159615	-1368
16.1982700825	-1368
16.1984419823	-1368
16.2049019337	-1368
16.2109310627	-1420
16.2109379768	-1316
16.2217259407	-1420
16.2217359543	-1316
16.2223730087	-1420
16.2223780155	-1420
16.2224199772	-1264
16.2286090851	-1420
16.2286560535	-1420
16.2286589146	-1420
16.2287020683	-1212
16.2288649082	543
16.2398459911	-1368
16.2578969002	-1420
16.2579579353	-1420
16.2579619884	-1264
16.2607460022	-1420
16.2607519627	-1420
16.2607839108	-1264
16.2700068951	-1420
16.2700600624	-1420
16.2700638771	-1264
16.2702279091	543
16.270663023	-1368
16.2925720215	-1368
16.3257908821	-1368
16.3409118652	-1420
16.3409800529	-1420
16.3409860134	-1264
16.3537359238	-1420
16.3537509441	-1420
16.3538060188	-1264
16.358798027	-1368
16.3650550842	-1368
16.3720700741	543
16.3723158836	1057
16.3767578602	-1420
16.376762867	-1420
16.3768119812	-1264
16.3814890385	-1368
16.3825850487	-1420
16.3825910091	-1316
16.4105629921	-1368
16.4471590519	1057
16.4686689377	-1368
16.4720640182	1460
16.4735739231	-1368
16.4735958576	625
16.4738259315	1057
16.5379440784	-1420
16.5379610062	-1420
16.5380170345	-1264
16.5445439816	-1368
16.544713974	-1420
16.5447189808	-1316
16.5498628616	-1420
16.5498690605	-1420
16.5499088764	-1264
16.5499958992	543
16.55677104	-1420
16.5567770004	-1420
16.5568239689	-1264
16.5622410774	-1368
16.5688009262	-1420
16.5688250065	-1316
16.5740559101	-1420
16.5740699768	-1316
16.5742249489	543
16.5991048813	-439
16.6011719704	-1420
16.6012279987	-1316
16.6015379429	1057
16.6098680496	-1420
16.6098740101	-1316
16.6106069088	-1420
16.6106109619	-1316
16.6109399796	-1420
16.6109440327	-1420
16.6109800339	-1264
16.6170818806	543
16.6420650482	543
16.6579039097	-1420
16.6579210758	-1420
16.6579749584	-1264
16.6620359421	1057
16.6622400284	543
16.6650850773	-1420
16.6650900841	-1420
16.6651320457	-1420
16.6651339531	-1420
16.665168047	-1420
16.665170908	-1108
16.7130520344	-1420
16.7130699158	-1420
16.7131309509	-1264
16.7287199497	-1420
16.7287778854	-1420
16.7287819386	-1264
16.744052887	-1420
16.7440669537	-1420
16.7441189289	-1264
16.7497470379	-1368
16.7551059723	-543
16.7556579113	-1368
16.75572896	-1368
16.7623159885	-1420
16.7623250484	-1420
16.7623710632	-1264
16.762996912	1057
16.7917349339	-1420
16.7917599678	-1420
16.791795969	-1264
16.8079168797	-1420
16.807997942	-1420
16.8080029488	-1264
16.8157560825	-1420
16.8157629967	-1420
16.815805912	-1264
16.8219659328	543
16.8247098923	-1420
16.8247160912	-1420
16.8247580528	-1264
16.857763052	-1420
16.8578269482	-1420
16.857831955	-1264
16.9198698997	-1420
16.9198870659	-1316
16.9215369225	1057
16.9222419262	543
16.9226698875	-1420
16.9226760864	-1420
16.9227190018	-1264
16.9258480072	-1420
16.925894022	-1420
16.925896883	-1264
16.95657897	-1420
16.9565939903	-1316
17.001999855	543
17.0315759182	-1368
17.0398869514	-1420
17.0399448872	-1420
17.039949894	-1264
17.0462069511	-1420
17.0462129116	-1316
17.046364069	-1368
17.0522279739	-543
17.0556108952	-1420
17.0556509495	-1420
17.0556540489	-1264
17.0612690449	-1420
17.0612909794	-1316
17.061344862	-1368
17.0615100861	543
17.0674960613	543
17.0677249432	1057
17.0729138851	-1420
17.0729188919	-1420
17.072961092	-1264
17.0787060261	-1420
17.0787520409	-1420
17.0787549019	-1264
17.1154530048	-1420
17.1154680252	-1420
17.1155228615	-1264
17.1155250072	-1368
17.1164469719	543
17.1767809391	-1368
17.1806049347	1057
17.2585110664	-1368
17.2585289478	-1368
17.2877829075	-1420
17.287801981	-1420
17.2878580093	-1264
17.3200929165	-1420
17.3201649189	-1420
17.3201708794	-1264
17.3239278793	-1420
17.3239319324	-1420
17.3239729404	-1264
17.3259139061	543
17.3505299091	-1368
17.3505458832	-1368
17.3831589222	-1368
17.383177042	-1420
17.3832218647	-1316
17.3833708763	543
17.3888349533	-1420
17.3888409138	-1316
17.3889648914	-1420
17.3889679909	-1316
17.3890089989	-1420
17.3890118599	-1316
17.3893098831	-1368
17.3893830776	-1368
17.416643858	-1420
17.4166588783	-1316
17.5464780331	-689
17.5508248806	-1420
17.5508780479	-1316
17.5620598793	1057
17.5820529461	1057
17.6159000397	-1420
17.615926981	-1316
17.7091538906	-783
17.7671809196	1057
17.7828240395	1057
17.80209589	1057
17.8162720203	-1420
17.8162848949	-1420
17.8163349628	-1264
17.8259088993	1057
17.9099049568	-1123
17.910148859	543
17.9131040573	543
17.9133150578	1057
18.1595818996	-1420
18.1595978737	-1420
18.1596338749	-787
18.1715428829	-1420
18.1715970039	-1420
18.1716010571	-1264
18.2225539684	-1420
18.2225720882	-1316
18.2226979733	-1420
18.2227010727	-1316
18.2227408886	-1420
18.222743988	-1316
18.2255280018	543
18.2302970886	-1420
18.2303049564	-1420
18.2303519249	-1264
18.2339119911	-1368
18.2878980637	-1420
18.2879219055	-1316
18.2887060642	-1368
18.2887918949	-1420
18.2888588905	-1420
18.28886199	-1264
18.290045023	-1368
18.2901899815	-1368
18.2941129208	-1368
18.2942099571	-1368
18.2961080074	1057
18.3176338673	543
18.325979948	-1420
18.3259890079	-1420
18.3260390759	-1264
18.3324079514	-1420
18.3324649334	-1420
18.3324689865	-1264
18.3541910648	-1420
18.3542060852	-1420
18.3542609215	-1264
18.3543949127	543
18.3856620789	-1420
18.3856768608	-1420
18.3857429028	-1264
18.4805650711	-531
18.4807748795	543
18.5225610733	-1368
18.5530030727	-1368
18.5617969036	-1368
18.5855910778	-1420
18.5856540203	-1316
18.5856590271	-1368
18.5990960598	-1420
18.5991179943	-1420
18.5991508961	-1264
18.6461410522	-1420
18.6461548805	-1420
18.6461999416	-1264
18.6520080566	-1420
18.6520140171	-1316
18.6548318863	-1420
18.6548440456	-1420
18.6548900604	-1264
18.6848990917	-1420
18.6849119663	-1420
18.6849720478	-1264
18.6938860416	-1368
18.7200698853	-1368
18.8739719391	-1295
18.9294018745	-1368
19.0955379009	-1289
19.1116230488	543
19.1119520664	1057
19.1123430729	543
19.1125428677	1057
19.1129329205	543
19.1131160259	1057
19.1134800911	543
19.1136710644	1057
19.1140289307	543
19.1142039299	1057
19.2891869545	-543
19.3373310566	543
19.5220520496	1057
19.5227499008	543
19.5229659081	1057
19.5866129398	-1420
19.5866808891	-1420
19.5867199898	-787
19.713103056	-1057
19.7394418716	1057
19.8133080006	-1368
19.8424749374	-1368
19.8643109798	-1368
19.905559063	-1368
19.9292838573	-1420
19.9293549061	-1316
19.9703919888	-1420
19.9704489708	-1316
20.0019600391	543
20.135643959	-1368
20.1477220058	1057
20.2747070789	-343
20.3678510189	-1368
20.4339148998	-1420
20.4339299202	-1316
20.4581758976	-1368
20.4652349949	-1420
20.4652490616	-1420
20.4652988911	-1264
20.47961092	1057
20.4803068638	543
20.4970059395	-1368
20.5627419949	-1368
20.5628960133	543
20.5920710564	1057
20.7094860077	-770
20.7213869095	543
20.7977609634	-1420
20.7977778912	-1316
20.8317298889	-543
20.9242510796	-920
20.9624869823	543
20.9627358913	1057
20.9664640427	543
20.9666879177	1057
20.9671669006	543
20.9673700333	1057
20.9787499905	543
20.984320879	1057
21.0020909309	543
21.0022199154	543
21.0508790016	-1086
21.0521650314	543
21.0549340248	543
21.062016964	543
21.0622820854	543
21.0625078678	543
21.0627410412	543
21.0629749298	543
21.0632109642	543
21.0633819103	543
21.0878529549	-1420
21.0878689289	-1420
21.0879330635	-1264
21.093421936	-66
21.0937879086	1057
21.0943789482	543
21.0945708752	543
21.1408109665	-1420
21.1408278942	-1316
21.1415419579	-1420
21.1415469646	-1420
21.1415879726	-1264
21.1416909695	543
21.1540119648	-1420
21.1540250778	-1316
21.1889560223	-1334
21.1972088814	1057
21.3155269623	-543
21.3485450745	543
21.4422318935	-1086
21.4476919174	543
21.5503330231	-1368
21.5723218918	-1368
21.615213871	-1368
21.6524820328	-1420
21.6525509357	-1420
21.6525568962	-1264
21.6788129807	-1368
21.6791908741	-1420
21.6792418957	-1420
21.6792459488	-1264
21.7123999596	-1420
21.7124140263	-1420
21.7124750614	-1264
21.7763059139	-1368
21.7765319347	543
21.7922379971	-1368
21.9058599472	-1368
21.9827899933	-1368
21.9882929325	543
21.9929459095	543
22.0050559044	543
22.0051338673	1057
22.105784893	-1368
22.1126389503	543
22.121876955	234
22.1286239624	543
22.1321539879	-657
22.2390050888	-757
22.2395749092	126
22.2590658665	-543
22.3585970402	-51
22.3670840263	38
22.3835010529	-543
22.4682450294	1057
22.4685230255	1057
22.4703629017	-1086
22.4802219868	1460
22.4820270538	1460
22.4820759296	1161
22.4821648598	1117
22.4824380875	543
22.4906249046	-1420
22.4906320572	-105
22.4972510338	1057
22.5932500362	-1368
22.6063609123	543
22.607227087	-261
22.6120560169	543
22.6162419319	-543
22.616549015	543
22.709002018	-1086
22.748513937	-543
22.7510259151	543
22.7629098892	-1420
22.7629749775	-1420
22.763012886	-1264
22.8247718811	-1420
22.824846983	-1316
22.8248910904	-1368
22.8458039761	-1420
22.8458490372	-1316
22.8473610878	1057
22.854872942	-1420
22.8548779488	-1420
22.8549199104	-1264
22.8908689022	-1368
22.8909330368	-1420
22.8909370899	-1316
22.8911259174	543
22.8912320137	-1420
22.8912339211	-1316
22.8912348747	-1368
22.9087660313	-1420
22.9088320732	-1316
23.0399019718	-1368
23.0478248596	1057
23.0725719929	-1420
23.0725860596	-1316
23.0992388725	-543
23.0997409821	1460
23.0998089314	1460
23.0998570919	707
23.1852209568	-1368
23.1853830814	543
23.230825901	-1420
23.2308418751	-1420
23.2308950424	-1264
23.2488369942	-1368
23.24888587	-1420
23.2488899231	-1316
23.2917208672	-1420
23.2917399406	-1316
23.3720319271	1057
23.4127509594	-863
23.5391449928	-543
23.6036739349	-1368
23.7693369389	-717
23.8958120346	-543
23.9378550053	-1420
23.937871933	-1316
23.9786958694	-1420
23.9787108898	-1316
23.9787628651	-1368
24.007035017	543
24.1459410191	-1368
24.366410017	-1218
24.3665950298	543
24.3677589893	1057
24.4928789139	-1057
24.4946169853	543
24.5020699501	1057
24.5965280533	-543
24.7232949734	-1086
24.7885100842	-1368
24.9150960445	-746
24.9320919514	543
24.9384880066	-1420
24.9384949207	-1316
25.0650389194	-891
25.0726940632	-1368
25.1990549564	-203
25.3873698711	-543
25.4658579826	1057
25.4769339561	-1420
25.4769890308	-1420
25.4770328999	-1264
25.4830169678	-1420
25.4830229282	-1420
25.4830648899	-1264
25.4886980057	-1420
25.4887039661	-1420
25.4887468815	-1264
25.4888348579	543
25.5434830189	-1420
25.5434999466	-1420
25.5435550213	-1264
25.6699168682	-264
25.6854789257	-1420
25.6854960918	-1316
25.6906859875	-1420
25.6907119751	-1316
25.6911928654	-1420
25.6911969185	-1316
25.6912260056	-1368
25.696395874	-1420
25.6964058876	-1420
25.6964430809	-1264
25.6965539455	543
25.7528328896	-1420
25.7528500557	-1316
25.7834029198	-1368
25.7835888863	-1420
25.7836489677	-1316
25.815844059	-1420
25.8159070015	-1420
25.8159120083	-1264
25.9422340393	-338
25.9620530605	1057
26.3319308758	-1420
26.3319480419	-1420
26.3320028782	-787
26.3976929188	-1420
26.3977429867	-1316
26.5240108967	-377
26.5319769382	1057
26.7917199135	-543
26.8315010071	-1420
26.8315150738	-1420
26.8315598965	-787
26.8429269791	-1420
26.8429720402	-1420
26.8429758549	-1264
26.8939859867	-1420
26.8940019608	-1420
26.8940560818	-1264
26.9019329548	543
26.9041240215	-1420
26.9041290283	-1316
26.9060380459	-1368
26.9062469006	-1420
26.9062929153	-1420
26.9062960148	-1264
26.9126069546	-1420
26.9126119614	-1420
26.912653923	-1264
26.9169490337	543
27.0391099453	-873
27.165596962	-543
27.2170639038	-543
27.2300839424	-1420
27.2301390171	-1316
27.2975950241	-1420
27.2976610661	-1316
27.2976980209	-1368
27.3336730003	-443
27.3620169163	1460
27.362101078	111
27.5556218624	-543
27.6032590866	-1368
27.6721510887	-1260
27.7323789597	543
27.7327029705	1460
27.7327580452	111
27.7330648899	1460
27.7331309319	654
27.7704920769	543
27.7770619392	1460
27.7771270275	111
27.9063529968	-543
27.9144449234	-543
28.1479270458	-543
28.2528579235	-543
28.2572190762	543
28.2576539516	543
28.257874012	1057
28.3125479221	-543
28.3739819527	-543
28.476033926	1057
28.478192091	-543
28.809513092	-1420
28.809581995	-1420
28.8096189499	-787
28.8488209248	-1420
28.8488888741	-1316
28.8489089012	-1368
28.8775238991	-543
28.8816080093	-1420
28.8816509247	-1420
28.8816869259	-1264
29.008245945	-132
29.0482258797	-1368
29.0493500233	1057
29.100538969	-1086
29.1746559143	-232
29.2639770508	-543
29.2713859081	543
29.3473069668	-1420
29.3473749161	-1420
29.3474109173	-787
29.3528249264	-1420
29.3528320789	-1420
29.3528749943	-1264
29.3530049324	543
29.3802709579	-543
29.4127240181	-1420
29.4127409458	-1316
29.5391049385	-443
29.5477459431	1057
29.749530077	-543
29.8787300587	-1368
29.8787820339	-1368
29.8831660748	-1420
29.8832080364	-1420
29.8832418919	-1264
29.8854110241	-1420
29.8854510784	-1420
29.8854990005	-1264
29.885710001	543
29.9224939346	-1420
29.9225080013	-1420
29.9225618839	-1264
29.9350309372	-543
29.9412639141	-1420
29.9413180351	-1420
29.9413220882	-1264
29.9415810108	543
30.0677399635	-69
30.1420609951	-543
30.2584300041	-543
30.2649250031	-1368
30.264966011	-1368
30.2864899635	-1368
30.2980868816	-1420
30.2981519699	-1316
30.3234529495	-1368
30.3360669613	-1420
30.3361210823	-1316
30.3719699383	-1368
30.3747770786	-1420
30.3748209476	-1316
30.3810610771	-119
30.460146904	-543
30.4978990555	-543
30.4986610413	-1368
30.4989199638	-1368
30.5107750893	-1420
30.5108270645	-1316
30.5451669693	-1420
30.545181036	-1420
30.5452408791	-1264
30.5674269199	-1368
30.5675709248	-1420
30.5676190853	-1316
30.5801169872	-1368
30.6141939163	-90
30.6262860298	-1086
30.6297810078	-1420
30.6297960281	-1316
30.7090349197	-1368
30.7306110859	-920
30.8556530476	-543
30.8575129509	-1420
30.8575189114	-1316
30.8682608604	-1420
30.8682670593	-1316
30.8754298687	-1231
30.887130022	543
30.9080660343	-1420
30.9080910683	-1316
30.9082989693	543
30.92365098	1460
30.9237320423	111
30.972176075	-646
31.2166209221	-543
31.2169549465	-1420
31.2169950008	-1316
31.2292199135	-1420
31.2292740345	-1420
31.229309082	-1264
31.2342538834	543
31.2629818916	-1368
31.2746489048	-1420
31.2746579647	-1420
31.2747058868	-787
31.3333768845	-675
31.3379240036	1460
31.3379900455	111
31.3385288715	543
31.4011249542	-543
31.4578120708	-1368
31.4607610703	-1420
31.4607949257	-1316
31.4970839024	543
31.4977178574	543
31.4979310036	543
31.5074899197	-1420
31.5075109005	-1316
31.5219800472	1460
31.5220789909	111
31.522331953	1460
31.5223760605	111
31.5498650074	1460
31.5499448776	111
31.550194025	1057
31.5600829124	543
31.5603339672	543
31.5737469196	-1368
31.6048069	543
31.6068818569	1057
31.6319999695	543
31.6488900185	-675
31.6499989033	-543
31.6509380341	543
31.6511850357	543
31.6570179462	543
31.6572160721	543
31.657583952	543
31.6577920914	543
31.6581499577	543
31.6583280563	543
31.6586709023	543
31.6588690281	543
31.6592319012	543
31.6594030857	543
31.6629810333	-1368
31.7668089867	1057
31.773802042	-717
31.7756249905	-543
31.7971549034	543
31.7974669933	543
31.7977099419	543
31.7979450226	543
31.7981729507	543
31.7983989716	543
31.7986328602	543
31.7988839149	543
31.7991199493	543
31.7993299961	543
31.7995090485	543
31.7996480465	543
31.9038760662	-543
32.0047180653	-543
32.1594429016	-1420
32.1595199108	-1420
32.1595580578	-1264
32.1761488914	-1420
32.1761989594	-1420
32.1762340069	-1264
32.1808950901	543
32.1923389435	543
32.1926059723	1057
32.222826004	-1420
32.2228419781	-1316
32.2257778645	-1420
32.2257819176	-1420
32.2258200645	-1264
32.2385909557	543
32.2391040325	543
32.2420289516	-1420
32.2420349121	-1316
32.2421269417	-1368
32.3070368767	-1368
32.4105820656	-330
32.537101984	-543
32.5532910824	543
32.5555319786	-543
32.6720230579	-543
32.7127809525	-543
32.7883520126	-1086
32.8606040478	-1420
32.8606300354	-1316
32.9871449471	-891
32.9898149967	-543
33.0663518906	-1368
33.0709428787	-1420
33.070950985	-1316
33.0770828724	543
33.0775609016	543
33.0785548687	-1420
33.0785610676	-1420
33.0786030293	-1264
33.1063420773	-1318
33.1384708881	-1420
33.1384868622	-1420
33.1385409832	-1264
33.1386740208	543
33.1437649727	-1420
33.1437699795	-1420
33.1438119411	-1264
33.2113618851	-1420
33.2114419937	-1316
33.211468935	-1368
33.2114920616	-1420
33.2115168571	-1316
33.2284319401	-1420
33.2285180092	-1316
33.2285530567	-1368
33.2302849293	-1368
33.2304110527	-1420
33.2304489613	-1316
33.2626140118	-1420
33.2626619339	-784
33.2701590061	-546
33.2907569408	-1420
33.2907660007	-1316
33.3146998882	-1420
33.3147130013	-1316
33.314868927	543
33.3277509212	-1368
33.3789310455	-775
33.441619873	-754
33.4953010082	-543
33.6018140316	-1368
33.6094229221	-543
33.6115629673	-232
33.6406180859	543
33.6408979893	1460
33.6409499645	111
33.6666240692	-1368
33.6762700081	543
33.6764850616	543
33.7280440331	-261
33.7290918827	543
33.8445980549	-1086
33.8595700264	543
33.8598539829	543
33.9906609058	-1086
34.2112338543	-543
34.3195810318	-543
34.344907999	-543
34.3467669487	543
34.3791940212	-1420
34.3792080879	-1316
34.3828818798	-1368
34.3839590549	-1420
34.3839938641	-1420
34.3839960098	-1264
34.3917870522	-1368
34.3953869343	543
34.4167768955	-1368
34.4523229599	543
34.4525969028	1460
34.4526488781	111
34.4634959698	-538
34.4871220589	-543
34.5800778866	-1086
34.597110033	1057
34.7412700653	-543
34.783246994	-543
34.9073219299	-1420
34.907392025	-1420
34.907435894	-787
34.9083189964	543
34.931237936	-543
35.0007710457	-1368
35.0009388924	543
35.0010080338	543
35.0011119843	543
35.0011649132	543
35.0338790417	-1420
35.0339450836	-1420
35.0339500904	-1264
35.0339939594	-1420
35.0339970589	-1316
35.0873739719	-1086
35.0876100063	543
35.1346819401	-885
35.1603589058	-1420
35.1604149342	-1420
35.1604208946	-1420
35.1604380608	-1212
35.2044229507	-543
35.2051150799	543
35.2053189278	1057
35.2562959194	-1420
35.2563130856	-1316
35.277657032	-1368
35.2810490131	543
35.2815959454	543
35.2867619991	-1087
35.2874670029	1460
35.2875349522	111
35.3218090534	-95
35.5005419254	-543
35.6430540085	-543
35.8361508846	-543
35.8727378845	-543
35.9927718639	-1086
36.0197510719	-543
36.0863370895	-1368
36.1884028912	-1289
36.7515320778	543
37.2231640816	-543
37.3699319363	1057
37.4561300278	-543
37.6427519321	-543
37.7533400059	-1420
37.7534048557	-1316
37.7598478794	543
37.7902140617	-1420
37.7902889252	-1316
37.7903559208	-1368
37.8192849159	-1420
37.8193490505	-1420
37.8193860054	-1264
37.826967001	543
37.9458088875	-480
38.2152309418	543
38.2217988968	1057
38.657006979	-543
38.7678098679	543
38.9828250408	-543
38.9882929325	543
39.1050639153	-543
39.3849048615	-543
39.5183529854	-543
39.6348490715	-543
39.933273077	-543
40.049808979	-543
40.1662559509	-543
40.1839060783	1057
40.4761278629	-1420
40.4761869907	-1316
40.4762060642	-891
40.478607893	-1420
40.4786670208	-1316
40.4787039757	-1368
40.5401639938	-1420
40.5402309895	-1420
40.5402760506	-1264
40.5412459373	543
40.5467250347	-1420
40.5467300415	-1420
40.5467710495	-1264
40.5496060848	-1420
40.5496530533	-1420
40.5496559143	-1264
40.6037938595	-1420
40.6038100719	-1420
40.603869915	-1264
40.6038739681	-1368
40.6040949821	543
40.7688958645	-19
41.013256073	1460
41.0133419037	1460
41.0133860111	193
41.1455490589	238
41.2885079384	-740
41.2910909653	126
41.4334349632	-51
41.433660984	38
41.5754289627	-1420
41.5754470825	-67
41.5758838654	1057
41.7224318981	-543
41.7246179581	543
41.8928189278	-543
41.8931879997	543
42.1019830704	-543
42.1083068848	1460
42.1084198952	1460
42.1084580421	1161
42.1085600853	1460
42.1086239815	1460
42.1086709499	767
42.7082278728	-1380
42.7084379196	-1420
42.7084920406	-313
42.710916996	1460
42.7109689713	1460
42.7110130787	1161
42.7111139297	1117
42.7460339069	-1380
42.791779995	-1380
42.793243885	543
42.8338170052	-1420
42.8338279724	-1340
42.838383913	-1380
42.838463068	-1380
42.8489658833	-1380
42.8491978645	-1380
42.849255085	-1380
42.8493959904	-1420
42.8494439125	-726
42.8496530056	543
42.8669130802	-1420
42.8669269085	-1340
42.9327600002	-1380
42.9327960014	-1380
42.9328489304	-1380
42.9330229759	-1380
42.9332990646	543
42.9638009071	1057
42.9748709202	-1420
42.9748818874	-1340
42.9749360085	-1380
42.990375042	-1060
42.9908230305	543
43.0643789768	-1380
43.0643959045	-1380
43.0914809704	-1380
43.1098029613	-1420
43.1098549366	-1340
43.1098589897	-1380
43.1137568951	-1380
43.1137719154	-1380
43.1141328812	-1380
43.1142289639	-1380
43.1143710613	-1380
43.1144490242	543
43.1285309792	-1420
43.1285729408	-1340
43.1286280155	-1380
43.1313529015	-415
43.1528379917	-1420
43.1528530121	-1340
43.1552460194	-1380
43.1553518772	-1380
43.1554369926	-1380
43.1563410759	-1380
43.1564469337	-1380
43.1565170288	543
43.1657180786	543
43.2057380676	-1420
43.2057540417	-1340
43.2057979107	-1380
43.2060439587	-1380
43.2061829567	-1420
43.2061870098	-1340
43.2064890862	-1420
43.2064938545	-1340
43.2065439224	-1420
43.2065460682	-1340
43.206717968	-1380
43.2068488598	-1380
43.2068710327	-1380
43.2069220543	543
43.2494308949	-1380
43.2506830692	-1380
43.2558200359	-1380
43.2559170723	-1380
43.2577459812	-1380
43.2578730583	-1380
43.2594399452	-1380
43.259552002	-1380
43.2603280544	-1380
43.2617778778	-1380
43.2618699074	543
43.2619109154	-1380
43.2640149593	-1380
43.2641298771	-1380
43.2711730003	-1380
43.2712759972	-1380
43.2720708847	-1023
43.2724890709	-1380
43.2726418972	-1380
43.2925209999	-1420
43.2925879955	-1420
43.2926268578	-787
43.3533909321	-1420
43.3534090519	-1340
43.3554859161	-1420
43.3555378914	-1316
43.3555810452	-1368
43.3602449894	-1380
43.3605690002	-1420
43.3606059551	-1340
43.3633248806	-1420
43.3633699417	-1420
43.3634059429	-1264
43.3635399342	-1380
43.3636229038	-1380
43.3637170792	543
43.3637619019	-1380
43.3684089184	-1380
43.3684430122	-1380
43.3685669899	-1380
43.3686800003	-1380
43.3732590675	-1380
43.3763029575	-1380
43.3764028549	-1380
43.3765060902	-1380
43.3787710667	-1380
43.378841877	-1380
43.3789310455	543
43.3790569305	-1380
43.3826470375	-1420
43.3826889992	-1420
43.3826918602	-1300
43.3832719326	-1380
43.3833699226	-1380
43.3834660053	-1380
43.3835880756	-1380
43.3895380497	-1420
43.3895549774	-1340
43.3896000385	-1380
43.4004840851	-1420
43.4005420208	-1340
43.4005470276	-1380
43.4128370285	-463
43.4217679501	-1420
43.4218230247	-1420
43.4218418598	-1264
43.4228620529	-1420
43.4229068756	-1420
43.4229428768	-1264
43.4278450012	-1420
43.4279129505	-1420
43.4279170036	-1264
43.4281299114	543
43.4847090244	-1420
43.4847300053	-1316
43.4847919941	-1368
43.4862718582	-1368
43.4864299297	-1420
43.4864339828	-1420
43.4864740372	-1264
43.4864768982	-1368
43.4866108894	543
43.5535449982	-1057
43.6522889137	-354
43.6917588711	-1420
43.6918070316	-1340
43.7104570866	-1420
43.710504055	-1340
43.7298688889	-1380
43.735656023	-897
43.7358119488	543
43.788465023	-1380
43.8804140091	-1219
43.9014320374	-1380
43.901499033	-1380
43.9456000328	-1420
43.9456689358	-1340
43.9458360672	543
44.0212540627	-192
44.2035179138	-1057
44.2059459686	1460
44.2059979439	111
44.3582420349	-1420
44.3582570553	-665
44.8348648548	-543
45.0688860416	-1057
45.7093570232	-543
45.7635779381	1057
46.0947680473	-1368
46.0948438644	-1420
46.0948820114	-839
46.1199090481	-1420
46.11997509	-1420
46.1200120449	-1264
46.1267249584	-1420
46.1268088818	-1420
46.126857996	-1264
46.1588010788	-1420
46.1588699818	-1420
46.1589078903	-1264
46.1591029167	543
46.159760952	-1368
46.1598749161	-1368
46.1599829197	-1368
46.1723868847	-1368
46.1724510193	-1420
46.1724550724	-1316
46.1855790615	-1420
46.1855909824	-1420
46.1856410503	-1264
46.1924359798	-1420
46.1924860477	-1420
46.1924898624	-1264
46.2243220806	-1368
46.3878910542	-1208
47.1945459843	543
47.2150030136	1057
47.6429820061	-543
47.8832390308	-1057
48.3554069996	-543
48.4464800358	-543
48.4717140198	-543
48.5636930466	1057
48.6123840809	-1057
48.6609270573	543
48.6801519394	543
48.7145800591	543
48.7148599625	543
49.0554389954	-1420
49.055505991	-1420
49.0555429459	-787
49.1294429302	-1368
49.1819849014	-1420
49.1820340157	-1420
49.1820709705	-1264
49.1822049618	543
49.1916940212	-1420
49.191699028	-1316
49.1919419765	-1368
49.2563490868	-1420
49.2563998699	-1316
49.2565050125	543
49.3047740459	-543
49.3089599609	-1420
49.3089659214	-1420
49.309014082	-1420
49.309016943	-1420
49.309057951	-1160
49.3090598583	-1368
49.3181619644	-1420
49.3181669712	-1316
49.4844338894	-1250
49.5848739147	-543
49.6252789497	-1420
49.6253509521	-1420
49.6253950596	-787
49.6322240829	-1420
49.6322669983	-1340
49.6323530674	-1380
49.6413509846	-1420
49.6414010525	-1340
49.641728878	-1380
49.6608119011	-1380
49.7661480904	-1420
49.7661819458	-887
49.9079949856	-1057
49.9089560509	543
49.9094619751	543
50.0018560886	543
50.2014009953	543
50.2016940117	1057
50.4197540283	-1380
50.4198799133	-1420
50.4198820591	-827
50.4207010269	-1380
50.4208509922	-1380
50.4209320545	-1380
50.4382550716	-1420
50.4382600784	-1340
50.4385368824	-1380
50.4386270046	543
50.4725768566	-1380
50.5607659817	-1380
50.561704874	-1420
50.561727047	-593
50.7015659809	-1086
50.9433910847	-1057
51.0018160343	543
51.0019118786	543
51.3665308952	1057
51.7476270199	-1420
51.7476980686	-1420
51.7477350235	-787
51.7478849888	543
51.7617280483	-1420
51.7617380619	-1420
51.7617850304	-1264
51.7707090378	-1420
51.7707588673	-1420
51.7707619667	-1264
51.8127028942	-1420
51.8127300739	-1316
51.818379879	-1368
51.8194749355	-1420
51.8195140362	-1420
51.8195168972	-1264
51.8331868649	-1420
51.8332018852	-1316
51.8337469101	-1368
51.8815479279	-1420
51.8816039562	-1316
51.9625279903	-543
52.0069489479	543
52.007930994	-1221
53.0014388561	-543
53.2019569874	543
53.2081179619	1057
53.6763708591	-543
