0	1057
0.408195018768	-543
0.625170946121	-1368
0.625242948532	-1368
0.625262975693	-891
0.627892017365	-1368
0.627945899963	-1368
0.628592967987	-1368
0.654576063156	-1368
0.654624938965	-1368
0.654726028442	-1368
0.681258916855	1057
0.68424487114	-1368
0.69516992569	1368
0.700263977051	1368
0.711937904358	1368
0.74196100235	-1368
0.741992950439	-1023
0.798151016235	124
0.831181049347	-1368
0.831248044968	-1368
0.832615852356	-1368
0.834868907928	-1368
0.8373670578	-1368
0.837390899658	-1368
0.837408065796	-1368
0.858563899994	-306
0.862161874771	-1368
0.862185955048	-1368
0.862330913544	-1368
0.863847017288	-1368
0.863873004913	-1368
0.86395406723	-1368
0.867008924484	-1368
0.867028951645	-1368
0.867058992386	-1368
0.867280960083	-1368
0.86732506752	-1368
0.867406845093	-1368
0.875566959381	1368
0.94810295105	-1368
0.94818687439	1347
0.948200941086	-1368
0.948215007782	-1368
0.948234081268	-1368
0.975143909454	-19
1.04602098465	-1368
1.04605507851	-1368
1.05091285706	-1368
1.05099892616	-1368
1.05107808113	-1368
1.05171489716	-1368
1.05176997185	-1368
1.05178189278	-1368
1.05449700356	-1368
1.05452084541	-1368
1.05454301834	-1368
1.05565285683	-1368
1.05643486977	-1368
1.05645799637	-1368
1.06534194946	1086
1.07770800591	-1368
1.07773590088	-1368
1.07775402069	-1368
1.08422398567	-1368
1.08434605598	-1368
1.0843629837	-1368
1.08581900597	-1368
1.08586001396	-1368
1.08589601517	-1368
1.08756995201	-1368
1.08846497536	-1368
1.08851599693	-1368
1.08855295181	-1368
1.08914685249	-1368
1.08917689323	-1368
1.09191894531	-942
1.09259700775	-1368
1.09264206886	-1368
1.0926759243	-1368
1.09352207184	-1368
1.09357190132	-1368
1.09358406067	-1368
1.10265803337	1368
1.10999894142	-1368
1.11410093307	1368
1.11556196213	1368
1.14152908325	1368
1.1765730381	-1368
1.20879507065	-538
1.20882296562	957
1.32570195198	-1086
1.32579493523	1057
1.37083792686	-1368
1.44269895554	-746
1.44324588776	1057
1.49284100533	-543
1.55962491035	-1086
1.5694000721	-1368
1.56944298744	-1368
1.56945991516	-1368
1.57597899437	-1368
1.59824705124	-1368
1.59839606285	-1368
1.63455295563	-1368
1.63571500778	543
1.68607807159	-393
1.70200800896	-1368
1.73217701912	-1368
1.73219799995	-1368
1.73225307465	-1368
1.73316788673	1368
1.7353579998	-1368
1.73538684845	-1368
1.73542499542	-1368
1.76231694221	-1368
1.76234698296	261
1.76235795021	-1368
1.7623770237	-1368
1.77667784691	-1368
1.77670097351	-1368
1.7777929306	-1368
1.77781701088	-1368
1.79264688492	-1368
1.79266786575	-1368
1.79551291466	-1368
1.81877994537	-1192
1.8270380497	-1368
1.87924098969	543
1.93555402756	-746
1.97926592827	-1368
1.97928786278	-1368
2.0523879528	-377
2.17059087753	-1368
2.17066192627	-1368
2.17072200775	-377
2.28754806519	-543
2.40452599525	-543
2.44952201843	-1368
2.449614048	-1368
2.45656585693	-1368
2.48714494705	-1368
2.48724603653	-1368
2.48725891113	-1368
2.49503803253	-1368
2.49506092072	-1368
2.49507784843	-1368
2.5602619648	-1255
2.60928606987	-1368
2.60932397842	-1368
2.60935306549	-1368
2.62001204491	-1368
2.62012505531	-1368
2.630204916	-1368
2.63669705391	-1368
2.63679099083	-1368
2.64052605629	-1368
2.64549803734	-1368
2.64553189278	-1368
2.64915204048	-1368
2.64926791191	-1368
2.65259695053	-1368
2.65620493889	-1368
2.65975093842	-1368
2.65989899635	-1368
2.65992188454	-1368
2.6631860733	-1368
2.66325998306	-1368
2.66374993324	543
2.67171001434	-1368
2.67176294327	-1368
2.67733597755	-122
2.85756087303	-1368
2.85758304596	-1368
2.85760307312	-891
2.86913585663	-1368
2.89094400406	-1368
2.89106106758	-1368
2.89107584953	-1368
2.89458584785	-1368
2.8946120739	-1368
2.89462900162	-1368
2.91457700729	-1368
2.91493487358	543
2.97434997559	-1052
3.0229549408	-1368
3.06882500648	-1368
3.0688419342	-1368
3.06930685043	543
3.06953597069	1368
3.06966805458	1368
3.06980085373	1368
3.07002091408	1368
3.07002496719	1368
3.07014393806	1368
3.0701508522	1368
3.07027006149	1368
3.07027506828	1368
3.10544896126	-1368
3.12799406052	-269
3.19655299187	1368
3.19655990601	1368
3.19667696953	1368
3.19668102264	1368
3.19679903984	641
3.23740792274	1368
3.24585604668	1368
3.263256073	1368
3.28486585617	1368
3.31494092941	1368
3.31637692451	1073
3.31663393974	-543
3.3235809803	1368
3.32747387886	1368
3.3383409977	1368
3.33835196495	1368
3.34784293175	1368
3.35638999939	1368
3.35640192032	1368
3.36751389503	1368
3.37008786201	1368
3.43467187881	256
3.48689007759	-543
3.48733186722	1368
3.52236104012	-1368
3.52239894867	-1368
3.52499389648	-1368
3.52501296997	-1368
3.52756285667	-1368
3.52759099007	-1368
3.52997207642	-1368
3.5299949646	-1368
3.53234291077	-1368
3.53421092033	-1368
3.53427290916	-1368
3.53639602661	-1368
3.53642487526	-1368
3.53645801544	-1368
3.53856897354	-1368
3.54079604149	-1368
3.54083395004	-1368
3.54263186455	-1368
3.54265785217	-1368
3.54304695129	1368
3.5449450016	-1368
3.54496693611	-1368
3.54499292374	-1368
3.54745006561	-1368
3.54747796059	-1368
3.54934191704	-1368
3.54936504364	-1368
3.55139493942	-1368
3.55142402649	-1368
3.55330395699	-1368
3.55333805084	435
3.55336284637	-1368
3.55342888832	-1368
3.6043639183	-1232
3.60616803169	1368
3.6446120739	-1368
3.64463686943	-1368
3.64465999603	-1368
3.64829206467	-1368
3.66877388954	-1368
3.66880702972	-1368
3.67624902725	-1368
3.67629003525	203
3.67629694939	-1368
3.67630290985	-1368
3.69954299927	-1368
3.69958686829	-1368
3.7061920166	-1368
3.70872402191	-1368
3.70874786377	-1368
3.7088098526	-1368
3.71613287926	-1368
3.72306394577	-475
3.72983694077	-1368
3.72986292839	-1368
3.74018406868	-1368
3.74753904343	-1368
3.74769091606	-1368
3.75504207611	-1368
3.75508093834	-1368
3.76229405403	-1368
3.76241087914	-1368
3.76243185997	-1368
3.7703640461	-1368
3.77846693993	-1368
3.78717207909	-1368
3.78718805313	-1368
3.79494786263	-1368
3.79497694969	543
3.80322599411	-1368
3.80326294899	-1368
3.80328202248	-1368
3.81145787239	-1368
3.81149196625	-1368
3.82864093781	-1368
3.83651590347	-1368
3.83654093742	-1368
3.83974504471	-781
3.84430193901	-1368
3.84433889389	-1368
3.85876893997	-1368
3.86594605446	-1368
3.86596107483	-1368
3.86598706245	-1368
3.87406992912	-1368
3.87723207474	-1368
3.8772559166	-1368
3.88954591751	-1368
3.89539790154	-1368
3.89545106888	-1368
3.90436291695	-1368
3.9043970108	-1368
3.90441703796	-1368
3.92799687386	-1368
3.92809486389	1086
3.92812395096	-1368
3.92813587189	-1368
3.93705487251	-1368
3.9496588707	-1368
3.94969105721	-1368
3.95848202705	-1368
3.95851302147	-1368
3.96116495132	-1324
3.9929459095	-1368
4.0102519989	-1368
4.01636791229	-1368
4.01642203331	-1368
4.01644396782	-1368
4.02917504311	-1368
4.02921104431	-1368
4.02923607826	-1368
4.03308296204	-1368
4.03315997124	-1368
4.03689694405	-1368
4.04239606857	-1368
4.04493999481	-1368
4.04505801201	-1368
4.04656291008	1368
4.04660201073	1368
4.04779291153	-1368
4.04785990715	435
4.04788398743	-1368
4.05102300644	-1368
4.05424594879	-1368
4.05427289009	-1368
4.06201386452	-1368
4.06206798553	-1368
4.06455492973	-1368
4.06462287903	-1368
4.06467700005	-1368
4.07790088654	-557
4.10895800591	-1368
4.10899496078	-1368
4.10901498795	-1368
4.12376093864	-1368
4.1238758564	-1368
4.13198590279	-543
4.13264799118	-1368
4.13267207146	-1368
4.13274788857	-1368
4.14919400215	-1368
4.14921498299	-1368
4.14923095703	-1368
4.1646490097	1086
4.16495490074	-1368
4.16498303413	-1368
4.16500592232	-1368
4.1858689785	-1368
4.19431400299	-1368
4.19441986084	-1368
4.194658041	-1250
4.21563506126	-1368
4.21577191353	-1368
4.21579694748	-1368
4.23019099236	-1368
4.23963093758	-1368
4.25409197807	-1368
4.2541270256	-1368
4.26300191879	-1368
4.27165699005	-1368
4.27244496346	1368
4.28088593483	-1368
4.29549503326	-1368
4.2956199646	261
4.31010293961	-1368
4.31989002228	-1368
4.31993198395	-1368
4.3325688839	-185
4.3341178894	-1368
4.34348797798	-1368
4.35286593437	-1368
4.36470389366	-1368
4.36474394798	-1368
4.37262296677	-1368
4.38782787323	-1368
4.38791704178	-1368
4.39480686188	-1368
4.39999985695	-1368
4.40003800392	-1368
4.40528488159	-1368
4.41030287743	-1368
4.41689991951	-1368
4.4169318676	1086
4.42345190048	-1368
4.42931890488	-1368
4.42935800552	-1368
4.43512392044	-1368
4.43516397476	-1368
4.44195890427	-1368
4.44861006737	-1368
4.4492020607	-6
4.45286393166	-1368
4.45292687416	-1368
4.45672893524	-1368
4.45974898338	-1368
4.46257686615	-1368
4.46263289452	-1368
4.46527099609	-1368
4.46532893181	-1368
4.46536302567	-1368
4.46759700775	-1368
4.46761703491	-1368
4.47618198395	-1368
4.47621703148	-1368
4.48679685593	-1368
4.49750900269	-1368
4.49753785133	-1368
4.50063896179	-1368
4.50066304207	-1368
4.50828504562	-1368
4.5217769146	-1368
4.53000402451	-1368
4.53002691269	-1368
4.53930807114	-1368
4.53933000565	1086
4.54755401611	-1368
4.54758191109	-1368
4.5565700531	-1368
4.56508803368	-1368
4.56607604027	-1079
4.57817006111	-1368
4.58746099472	-1368
4.5971698761	-1368
4.6111638546	-1368
4.62625002861	-1368
4.64782905579	-1368
4.66318106651	-1368
4.6632039547	543
4.66321587563	-1368
4.66327095032	-1368
4.67803287506	-1368
4.68441796303	-1368
4.68445897102	-1368
4.6934440136	-1368
4.69348597527	-1368
4.6934928894	-1368
4.6952650547	-844
4.71732592583	-1368
4.73499703407	-1368
4.73502993584	-1368
4.73507404327	-1368
4.75005292892	-1368
4.7500679493	-1368
4.75981998444	-1368
4.77223086357	-1368
4.77233195305	-1368
4.77239990234	-1368
4.78024196625	1368
4.78454685211	-1368
4.78456902504	746
4.78457903862	-1368
4.79598093033	-1368
4.79602098465	-1368
4.8024559021	-1368
4.80256104469	-1368
4.8025739193	-1368
4.81307387352	-1368
4.81313896179	-1368
4.81905794144	-1368
4.81907987595	-1368
4.81910085678	-1368
4.82477498055	-1368
4.82482790947	-1368
4.82573199272	1368
4.82872200012	-1368
4.82874107361	-1368
4.83334803581	-1368
4.83337903023	-1368
4.8334069252	-1368
4.83395195007	-341
4.83662700653	-1368
4.83664989471	-1368
4.83942008018	-1368
4.8424539566	-1368
4.8426258564	1368
4.84583806992	-1368
4.84586691856	-1368
4.85042905807	-1368
4.85052585602	-1368
4.8535399437	-1368
4.85357785225	-1368
4.85676002502	-1368
4.85682606697	-1368
4.85979294777	-1368
4.85987186432	-1368
4.85992789268	-1368
4.86268901825	-1368
4.86275196075	-1368
4.86559486389	-1368
4.86562800407	-1368
4.86797785759	-1368
4.87081503868	-1368
4.87086200714	-1368
4.87091398239	-1368
4.87312889099	-1368
4.87616300583	-1368
4.87620902061	-1368
4.87974190712	-1368
4.87983202934	-1368
4.88194990158	-1368
4.88198184967	-1368
4.88202190399	-1368
4.88390898705	-1368
4.88393497467	-1368
4.88396596909	-1368
4.9028339386	-1368
4.90297007561	1007
4.90298700333	-1368
4.90300488472	-1368
4.92241001129	-1368
4.93719291687	-1368
4.93730092049	-1368
4.94369792938	-1368
4.94470000267	1368
4.94891786575	-1368
4.94979190826	1368
4.95053696632	-294
4.9552628994	-1368
4.95530104637	-1368
4.99043297768	-1368
4.99058198929	-1368
5.00323486328	-1368
5.00336003304	-1368
5.00338292122	-1368
5.02124786377	-1368
5.02127599716	522
5.02128601074	-1368
5.02129101753	-1368
5.03110194206	-1368
5.03114891052	-1368
5.03731894493	-1368
5.04524207115	-1368
5.04527592659	-1368
5.04529285431	-1368
5.05015397072	-1368
5.05017900467	-1368
5.05400395393	-1368
5.054033041	-1368
5.05835390091	-1368
5.0627989769	-1368
5.06622695923	-1368
5.06941699982	-1368
5.07293605804	-1368
5.07324504852	-1187
5.07521986961	-1368
5.07825493813	-1368
5.08100700378	-1368
5.08411192894	-1368
5.08759188652	-1368
5.08767199516	-1368
5.09100604057	-1368
5.09103298187	-1368
5.09105086327	-1368
5.09402298927	-1368
5.09415102005	-1368
5.09417104721	-1368
5.10016798973	-1368
5.10226392746	-1368
5.10229587555	-1368
5.10232305527	-1368
5.10470485687	-1368
5.10723090172	-1368
5.10727190971	-1368
5.11376094818	-1368
5.11388802528	-1368
5.11390686035	-1368
5.1145260334	1368
5.11736798286	-1368
5.11739397049	-1368
5.11935806274	-1368
5.11947393417	-1368
5.12142705917	-1368
5.12200903893	1368
5.12289190292	-1368
5.12492585182	-1368
5.13279986382	-1368
5.14353394508	-1368
5.14356207848	522
5.15511798859	-1368
5.1551399231	-1368
5.15518093109	-1368
5.15963101387	-1368
5.17144393921	-1368
5.18320298195	-1368
5.19093585014	-481
5.1917488575	-1368
5.19177699089	-1368
5.20574402809	-1368
5.22890901566	-1368
5.22893691063	-1368
5.29123806953	-1368
5.29126405716	543
5.32044100761	-161
5.42570590973	-1368
5.42573404312	543
5.46857786179	-1368
5.46866297722	-1368
5.46871900558	-1368
5.47534108162	-1368
5.48834991455	-501
5.50089693069	-1368
5.50092887878	-1368
5.50294589996	-1368
5.50296592712	-1368
5.50299191475	-1368
5.51528191566	-1368
5.51530885696	-1368
5.51532888412	-1368
5.51919698715	-1368
5.51922392845	-1368
5.51926207542	-1368
5.52297902107	-1368
5.52863788605	-1368
5.52867388725	-1368
5.5287129879	-1368
5.53035187721	-1368
5.53044390678	-1368
5.53257703781	-1368
5.53498601913	-1368
5.53502488136	-1368
5.53504896164	-1368
5.53734588623	-1368
5.53737688065	-1368
5.5393550396	-1368
5.53938388824	-1368
5.54086089134	-1368
5.54094600677	-1368
5.54099297523	-1368
5.5444419384	-1368
5.54452490807	543
5.54455399513	-1368
5.54456591606	-1368
5.5622010231	-1368
5.56230902672	-1368
5.56376194954	-1368
5.56381607056	-1368
5.61757302284	-17
5.61992406845	-1368
5.67897796631	-1368
5.67900586128	543
5.67901706696	-1368
5.67902302742	-1368
5.7032289505	1368
5.73671197891	-783
5.78084397316	-1368
5.78094601631	-1368
5.8200609684	203
5.82670092583	-1368
5.83242702484	-1368
5.83254384995	-1368
5.83324599266	1368
5.83325791359	1368
5.83530497551	-1368
5.85417103767	-1368
5.85420584679	-1368
5.89242196083	-567
5.89264392853	1368
5.89480185509	-1368
5.97746396065	124
6.0092279911	-1231
6.03322887421	-1368
6.1259469986	-203
6.12597489357	543
6.20182704926	-1368
6.20187687874	-1368
6.2102329731	-1368
6.21854805946	-1368
6.21858501434	-1368
6.2249879837	-1368
6.22501993179	-1368
6.22886490822	-1368
6.2427918911	-509
6.24282503128	543
6.25491189957	-1368
6.26581907272	1368
6.3138859272	1368
6.33154892921	1368
6.35894203186	1368
6.35971593857	-717
6.35973191261	841
6.36337304115	1368
6.48653197289	775
6.48672699928	-543
6.53598189354	1368
6.54465603828	-1368
6.54468297958	-1368
6.55156302452	1368
6.55558586121	-1368
6.55560588837	-1368
6.56439304352	-1368
6.56441497803	-1368
6.56443190575	-1368
6.57444787025	1368
6.57793593407	-1368
6.5779569149	-1368
6.58583593369	-1368
6.62841701508	-1368
6.62845301628	124
6.6285469532	-543
6.63683390617	-1368
6.63691806793	-1368
6.63697195053	-1368
6.6401219368	-612
6.69403100014	-1368
6.69412899017	-1368
6.74933791161	-1368
6.7493698597	-1368
6.74987006187	543
6.75673890114	-812
6.87616705894	1368
6.88659095764	-1368
6.88673996925	232
6.91206908226	-232
6.9503569603	1368
6.95584702492	-1368
7.00270390511	-1368
7.00283098221	-1368
7.00283885002	-1368
7.00695490837	-1368
7.0069770813	804
7.00699305534	-1368
7.00703501701	-1368
7.05413794518	1368
7.06728887558	-820
7.12427091599	1368
7.16126990318	949
7.20676398277	-1368
7.20749306679	1368
7.2075009346	1368
7.20762205124	1368
7.22017502785	-1347
7.22088289261	1368
7.22089099884	1368
7.22100806236	1368
7.22101187706	1368
7.22113084793	1368
7.22118902206	1368
7.22129607201	1368
7.2212998867	1368
7.22426795959	-1368
7.22429895401	-1368
7.2247979641	1368
7.22480607033	1368
7.22492694855	1368
7.23479890823	-1368
7.23483085632	-1368
7.23484802246	-1368
7.25917887688	-1368
7.29218888283	-1368
7.29222989082	1155
7.29223704338	-1368
7.30567908287	-1368
7.33794689178	-1284
7.36758303642	-1368
7.37115597725	1368
7.37206506729	1368
7.37209701538	1368
7.37303304672	1368
7.37345099449	1368
7.37387490273	1368
7.37429189682	1368
7.39238786697	-1368
7.39361596107	1368
7.39575886726	-1368
7.40430092812	1368
7.41927886009	-1368
7.41930699348	314
7.42159485817	-1368
7.48423504829	-16
7.57357907295	1057
7.59539985657	-1368
7.60099887848	-1289
7.62858104706	-1368
7.71779584885	-775
7.71836805344	543
7.76494908333	-1368
7.76501488686	-1368
7.76504898071	-1368
7.77137994766	-1368
7.77155303955	-1368
7.77157306671	-1368
7.77917385101	-1368
7.77921795845	-1368
7.7792429924	-1368
7.78778100014	-1368
7.79834008217	-1368
7.79836297035	-1368
7.80108594894	-1368
7.80111694336	-1368
7.80113196373	-1368
7.80340790749	-1368
7.80350494385	-1368
7.80418395996	1368
7.82018399239	-1368
7.82021594048	-1368
7.8223528862	-1368
7.82240200043	-1368
7.82245492935	-1368
7.82787585258	-1368
7.82790994644	-1368
7.82792186737	-1368
7.83480787277	-1187
7.83497595787	-1368
7.83781504631	-1368
7.83784484863	232
7.84171104431	543
7.84183692932	543
7.87246489525	-1368
7.90232300758	-1368
7.91582393646	-1368
7.95151996613	-74
8.03725290298	-1368
8.04804587364	-1368
8.04807806015	-1368
8.04810905457	-1368
8.04845499992	543
8.06280708313	-1368
8.06829500198	-986
8.0732960701	-1368
8.08897399902	-1368
8.0890109539	-1368
8.10227894783	-1368
8.11066389084	-1368
8.11908888817	-1368
8.11911988258	-1368
8.12833285332	-1368
8.12844395638	-1368
8.12846708298	-1368
8.13622999191	-1368
8.14419984818	-1368
8.14423489571	-1368
8.15231394768	-1368
8.16062092781	-1368
8.16064405441	-1368
8.17357301712	543
8.17386698723	-1368
8.17391300201	-1368
8.1824669838	-1368
8.18506884575	-56
8.18955993652	-1368
8.19789004326	-1368
8.19793200493	-1368
8.19797205925	-1368
8.20041394234	-1368
8.20044898987	-1368
8.2004878521	-1368
8.21224308014	-1368
8.21232795715	-1368
8.21501708031	-1368
8.21787905693	-1368
8.2179479599	-1368
8.21992397308	-1368
8.21998691559	-1368
8.22145295143	-1368
8.22148489952	-1368
8.22152590752	-1368
8.22282886505	-1368
8.22286200523	-1368
8.22398495674	-1368
8.22401404381	-1368
8.22548604012	-1368
8.22552084923	-1368
8.22683501244	-1368
8.22692489624	-1368
8.22694993019	-1368
8.22926402092	-1368
8.22930192947	-1368
8.23461794853	-1368
8.2346329689	-1368
8.2346470356	-1368
8.25317502022	-1368
8.25477004051	-1368
8.25480794907	-1368
8.25590991974	-1368
8.25593996048	-1368
8.25599503517	-1368
8.26342892647	-1368
8.26349306107	-1368
8.26353406906	-1368
8.2643840313	-1368
8.26462292671	1368
8.26716089249	-1368
8.2671918869	-1368
8.26721787453	-1368
8.27956485748	-1368
8.30178284645	-331
8.3018078804	775
8.33002495766	-1368
8.33004903793	-1368
8.33334803581	-1368
8.33337497711	-1368
8.34094691277	-1368
8.34096002579	-1368
8.34098792076	-1368
8.35552191734	-1368
8.36484289169	-1368
8.36486792564	-1368
8.36490607262	-1368
8.37164306641	-1368
8.37166404724	-1368
8.37167000771	-1368
8.38512802124	-1368
8.41498303413	-1368
8.41501092911	-1368
8.41501903534	-1368
8.41863894463	-881
8.42352390289	-1368
8.4311580658	-1368
8.43117189407	-1368
8.43123102188	-1368
8.44214892387	-1368
8.44217205048	-1368
8.44223690033	-1368
8.44242691994	543
8.4535908699	-1368
8.45361495018	-1368
8.45363306999	-1368
8.46304702759	-1368
8.4630689621	-1368
8.46307492256	-1368
8.47157287598	-1368
8.47323799133	-1368
8.47325801849	-1368
8.47915792465	-1368
8.47917795181	-1368
8.47922897339	-1368
8.48742103577	-1368
8.48749399185	-1368
8.48757195473	-1368
8.49571299553	-1368
8.49573397636	-1368
8.49575901031	-1368
8.50770902634	-1368
8.51413106918	-1368
8.51415085793	-1368
8.52197003365	-1368
8.52199006081	-1368
8.52202892303	-1368
8.52497792244	-1368
8.5251698494	1368
8.53239989281	-1368
8.5324139595	-1368
8.53242588043	-1368
8.54051184654	-560
8.54612994194	-1368
8.54614400864	-1368
8.54825592041	-1368
8.55462694168	-1368
8.55464601517	-1368
8.55659198761	-1368
8.556609869	-1368
8.55661487579	-1368
8.56538486481	-1368
8.56540107727	261
8.56540894508	-1368
8.56543707848	-1368
8.57162094116	-1368
8.57163405418	-1368
8.57164597511	-1368
8.58130002022	-1368
8.58131885529	-1368
8.58857607841	-1368
8.58859395981	-1368
8.59510993958	-1368
8.59512996674	-1368
8.5951499939	-1368
8.59737706184	-1368
8.59740591049	-1368
8.60423994064	-1368
8.61033892632	-1368
8.61035704613	-1368
8.61406302452	-1368
8.61424803734	1368
8.61712098122	-1368
8.61941504478	-1368
8.61943292618	-1368
8.6194729805	-1368
8.62072992325	-1368
8.6207420826	-1368
8.62197399139	-1368
8.623306036	-1368
8.65142989159	-1368
8.65737986565	-763
8.713367939	-1368
8.71341204643	261
8.71345591545	-1368
8.72574591637	-1368
8.72576785088	-1368
8.72577786446	-1368
8.73706793785	-1368
8.73708891869	-1368
8.73711585999	-1368
8.75165295601	-1368
8.75932002068	-1368
8.75933504105	-1368
8.76704406738	-1368
8.76707291603	-1368
8.76709485054	-1368
8.77485799789	-1155
8.77701187134	-1368
8.77702593803	-1368
8.78471493721	-1368
8.7923078537	-1368
8.79233193398	-1368
8.80026006699	-1368
8.81426501274	-1368
8.89163398743	-878
8.89166903496	1086
8.90807890892	-1368
8.90809702873	-1368
8.93141508102	-1368
8.93143486977	-1368
8.93789696693	-1368
8.93798303604	-1368
8.94111299515	-1368
8.94112706184	-1368
8.94114089012	-1368
8.94837903976	-1368
8.94840788841	-1368
8.94856286049	-1368
8.98356986046	-1368
8.98360085487	-1368
8.98362898827	-1368
8.99282193184	-1368
8.99286198616	-1368
8.99286699295	-1368
8.99747300148	-1368
8.99927997589	-1368
8.99931788445	-1368
9.00059103966	-1368
9.00061488152	-1368
9.00061988831	-1368
9.00324487686	-1368
9.00327086449	-1368
9.0032889843	-1368
9.00530791283	-1368
9.00534486771	-1368
9.00535106659	-1368
9.00747799873	-1368
9.00857305527	-291
9.00859689713	543
9.00920891762	-1368
9.00923705101	-1368
9.01244688034	-1368
9.01247596741	-1368
9.01586103439	-1368
9.01774191856	-1368
9.01778197289	-1368
9.01982498169	-1368
9.02131199837	-1368
9.02134990692	-1368
9.02136993408	-1368
9.02325105667	-1368
9.02430701256	-1368
9.02432107925	-1368
9.02557396889	-1368
9.02558994293	-1368
9.02560806274	-1368
9.02822899818	-1368
9.02825689316	-1368
9.02826285362	-1368
9.03053593636	-1368
9.03055286407	-1368
9.03056788445	-1368
9.03242588043	-1368
9.03391003609	-1368
9.03392696381	-1368
9.03515505791	-1368
9.03516697884	-1368
9.03613185883	-1368
9.03614592552	-1368
9.03728485107	-1368
9.037307024	-1368
9.03733801842	-1368
9.03870487213	-1368
9.03872489929	-1368
9.03880906105	-1368
9.03971195221	-1368
9.03972601891	-1368
9.04025697708	-1368
9.04112100601	-1368
9.04222297668	-1368
9.04316401482	-1368
9.04319500923	-1368
9.04906988144	-1368
9.04910707474	-1368
9.0491130352	-1368
9.04933905602	1368
9.06381201744	1368
9.09029388428	-1368
9.09211397171	-1368
9.09218597412	-1368
9.09595489502	-1368
9.1254389286	-1346
9.12547206879	1007
9.55368185043	-1368
9.55371499062	-203
9.67088389397	-1057
10.2898690701	1057
10.3561639786	1368
10.4047238827	1368
10.4065420628	1368
10.4066140652	153
10.4348349571	-543
10.4862978458	1368
10.4863119125	1368
10.4919509888	1368
10.5232648849	95
10.5468709469	1368
10.5487978458	1368
10.5515580177	-543
10.5679619312	1368
10.581925869	1368
10.5838210583	1368
10.5982949734	1368
10.6161599159	-1368
10.616189003	-1368
10.62104702	-1368
10.6210680008	-1368
10.6210870743	-1368
10.6470119953	-1368
10.6470410824	248
10.6470508575	-1368
10.6470570564	-1368
10.6485228539	-1368
10.6485538483	-1368
10.6485829353	-1368
10.6506018639	-1368
10.65279603	-1368
10.652848959	-1368
10.6537070274	-1368
10.6537208557	-1368
10.6657578945	-1368
10.6684639454	-1368
10.6685049534	-1368
10.687527895	1368
10.7330200672	-1368
10.7330448627	-1368
10.7330679893	-1368
10.7330830097	-1368
10.7341430187	1368
10.7341508865	1368
10.7342729568	1368
10.73427701	1368
10.7343950272	1368
10.7343990803	1368
10.7345149517	1368
10.7345180511	1368
10.7378690243	-1368
10.7379128933	-1368
10.7379589081	-1368
10.737995863	-1368
10.7640280724	-1368
10.7640550137	227
10.7640628815	-1368
10.7640960217	-1368
10.7641320229	-1368
10.7641789913	-1368
10.7642278671	-1368
10.7642328739	-726
10.7649478912	1368
10.7652099133	1368
10.7652170658	1368
10.765335083	1368
10.765474081	1368
10.7654809952	1368
10.7655949593	1368
10.765599966	1368
10.7729618549	-1368
10.7730128765	-1368
10.7927100658	1368
10.8044919968	-1368
10.8124580383	1368
10.8415470123	1368
10.8415520191	1368
10.8557090759	1368
10.8557150364	1368
10.8765180111	1368
10.8810420036	-1094
10.8811788559	446
10.9980800152	-1086
11.0090129375	-1368
11.0852210522	-1368
11.0885808468	-1368
11.1256599426	-124
11.1618170738	-1368
11.1634829044	1057
11.1645889282	1368
11.1757049561	1368
11.1821289062	-1368
11.202794075	1368
11.2067840099	-1368
11.2068128586	-1368
11.2417988777	-1368
11.2578430176	-1368
11.2590770721	-1368
11.2592539787	1368
11.2601270676	-1368
11.260133028	1368
11.2613248825	-1368
11.2613639832	-1368
11.2614190578	-1368
11.2620890141	-1368
11.2725319862	-1368
11.2786839008	-699
11.2836079597	45
11.322232008	-1368
11.3537909985	-1368
11.4004058838	-1007
11.4221940041	1368
11.4223129749	203
11.4268300533	-1368
11.4605438709	-1368
11.4658329487	1368
11.4856929779	1368
11.4961919785	-1368
11.496712923	1368
11.5261518955	-1368
11.5266449451	1368
11.5266540051	1368
11.5267720222	1368
11.5391690731	-957
11.5392069817	190
11.5639050007	1368
11.5767848492	-1368
11.6079220772	-1368
11.6079590321	-1368
11.6107139587	-1368
11.6135509014	1368
11.6135630608	1368
11.6419579983	-1368
11.6419909	-1368
11.6446790695	-1368
11.6447310448	-1368
11.6447579861	-1368
11.6479208469	-1368
11.656072855	-401
11.6561069489	95
11.6586749554	-1368
11.6586949825	-1368
11.6782338619	1368
11.6893708706	-1368
11.6925230026	1368
11.7280609608	-1368
11.7714319229	-1368
11.7727138996	-501
11.7727298737	978
11.7816019058	1368
11.7816169262	1368
11.7834990025	1368
11.7838559151	1368
11.7871890068	-1368
11.787966013	1368
11.7879769802	1368
11.8018488884	-1368
11.8025989532	1368
11.8026099205	1368
11.8027310371	1368
11.8027360439	1368
11.8082630634	-1368
11.8093850613	1368
11.8093969822	1368
11.8667919636	-1368
11.866891861	-1368
11.8669519424	-1368
11.8898859024	-1363
11.8899209499	293
11.8926038742	-1368
11.8927218914	-1368
11.902987957	-1368
11.9030718803	-1368
11.9053020477	-1368
11.9117369652	1368
11.9145998955	-1368
11.9233579636	-1368
11.9291639328	-1368
11.9395198822	1368
11.9395298958	-1368
11.9616708755	1368
11.9616820812	1368
11.9801499844	-1368
11.9801778793	-1368
11.9837219715	-1368
11.9837560654	-1368
11.983782053	-1368
11.9900710583	-1368
11.9900999069	-1368
11.9901280403	-1368
11.9951138496	-1368
11.9951329231	-1368
11.9974448681	-1368
11.9996678829	-1368
12.0019929409	-1368
12.003898859	-1368
12.0039229393	-1368
12.0067398548	-1100
12.0067529678	269
12.017580986	-1368
12.0564558506	-1368
12.068089962	-1368
12.108025074	-543
12.1235918999	-725
12.1236178875	1086
12.1398310661	-1368
12.1409609318	-1368
12.1523859501	-1368
12.1524040699	-1368
12.1573150158	-1368
12.1573328972	-1368
12.2076010704	-1368
12.2082228661	1368
12.2086648941	1368
12.2178778648	-1368
12.2214610577	-1368
12.2278840542	-1368
12.236068964	-1368
12.2360858917	-1368
12.2404949665	-1350
12.2405030727	464
12.2492768764	-543
12.2692508698	-1368
12.2754900455	-1368
12.3144440651	-1368
12.341999054	-1368
12.3420279026	-1368
12.3420670033	-1368
12.3575868607	-1276
12.3575959206	543
12.3775708675	-1368
12.3775880337	-1368
12.380507946	-1368
12.3805658817	-1368
12.3885400295	-1368
12.4000430107	-1368
12.4037289619	-1368
12.4037590027	-1368
12.4037959576	-1368
12.4078290462	-1368
12.4078638554	-1368
12.4078838825	-1368
12.4138178825	-1368
12.41624403	-1368
12.426751852	-1368
12.4287650585	-1368
12.4744598866	-1192
12.4744858742	543
12.5613589287	-1368
12.5768818855	-1368
12.576914072	-1368
12.5912470818	-638
12.5912730694	543
12.6108779907	-1368
12.6110088825	-1368
12.6317789555	-1368
12.6318039894	-1368
12.6331050396	-1368
12.6331310272	-1368
12.6331670284	-1368
12.6586740017	1368
12.6586859226	1368
12.6636719704	-1368
12.6636948586	-1368
12.6637160778	-1368
12.6938128471	-1368
12.7080090046	-604
12.7080349922	978
12.7189888954	1368
12.7190029621	1368
12.7245569229	-1368
12.7364909649	-1368
12.7514250278	-1368
12.7514460087	-1368
12.7514669895	-1368
12.7515950203	-1368
12.7516229153	-1368
12.7526540756	1368
12.7553269863	-1368
12.7553648949	-1368
12.7553949356	-1368
12.75699687	-1368
12.7570440769	-1368
12.7570919991	-1368
12.7668750286	-1368
12.7668950558	-1368
12.7670140266	-1368
12.7674589157	-1368
12.7674748898	-1368
12.7675030231	-1368
12.7978599072	1368
12.7978739738	1368
12.7981300354	-1368
12.8021090031	1368
12.8248269558	-259
12.8248538971	1189
12.85688591	-1368
12.9016039371	-1368
12.9417309761	-464
12.9418370724	1086
13.0159580708	-1368
13.0587980747	-804
13.1313560009	-1368
13.1361820698	-1368
13.1363279819	-1368
13.1498119831	1368
13.149946928	203
13.1594309807	-1368
13.1756598949	-356
13.1889829636	-1368
13.1890039444	-1368
13.2708928585	-1368
13.271023035	-1368
13.2711000443	-1368
13.2711179256	-1368
13.2711410522	-1368
13.2711839676	543
13.2733099461	1368
13.2738349438	1368
13.2748720646	1368
13.2752919197	1368
13.29260993	-820
13.2970468998	-1368
13.297096014	-1368
13.2971038818	-1368
13.3618888855	-1368
13.3619809151	-1368
13.3840138912	-1368
13.3840329647	-1368
13.3840608597	-1368
13.3902668953	1355
13.3918550014	-1368
13.3918828964	-1368
13.4141290188	-944
13.4147589207	1368
13.4511349201	1368
13.4545259476	-1368
13.4852540493	-1368
13.496792078	1368
13.4968059063	1368
13.531842947	-1368
13.5318720341	812
13.532269001	-124
13.590790987	-1368
13.5917658806	-1368
13.6186048985	-1368
13.6989040375	-1368
13.7041549683	-385
13.7051520348	1057
13.7147848606	1368
13.7164289951	1368
13.7164759636	1368
13.717056036	1368
13.7174310684	1368
13.7177639008	1368
13.7286679745	-1368
13.7604799271	-1368
13.7878170013	1368
13.8209359646	-435
13.8316509724	422
13.8787939548	-1368
13.9269490242	-1368
13.9293580055	-1368
13.9294359684	-1368
13.9294910431	-1368
13.9354979992	-1368
13.9356160164	-1368
13.9372580051	-1368
13.9450368881	-1368
13.9484379292	-343
13.94845891	543
14.0400099754	-1368
14.0652148724	-261
14.0652399063	543
14.0881409645	-1368
14.1185019016	-1368
14.1185400486	-1368
14.1715970039	1368
14.1739990711	-1368
14.1822600365	-1297
14.1822888851	746
14.1949188709	-1368
14.2107498646	-1368
14.2127449512	1368
14.2575428486	-1368
14.2991240025	-1181
14.2991650105	1260
14.3080148697	-1368
14.3080530167	-1368
14.3158159256	-1368
14.3158409595	-1368
14.3158609867	-1368
14.3222968578	-1368
14.322332859	-1368
14.3238759041	-1368
14.3255040646	-1368
14.325535059	-1368
14.3255519867	-1368
14.3272650242	1368
14.3381369114	-1368
14.3405308723	-1368
14.3525929451	1368
14.3945729733	-1368
14.4164140224	-1358
14.4165079594	435
14.4381699562	-1368
14.4382660389	-1368
14.4402730465	-1368
14.4403300285	-1368
14.4403729439	-1368
14.4461109638	-1368
14.4564340115	1368
14.4993078709	-543
14.5300009251	-1368
14.5300989151	-1368
14.5301618576	-1368
14.532583952	-1368
14.5326859951	-1368
14.5335569382	-1368
14.5336260796	-264
14.5336558819	1318
14.5344829559	-1368
14.5345258713	-1368
14.535738945	-1368
14.5522890091	-1368
14.5534670353	-1368
14.5560538769	-1368
14.5560770035	-1368
14.556096077	-1368
14.5576529503	-1368
14.5576739311	-1368
14.557710886	-1368
14.5679719448	1368
14.569275856	-1368
14.5692999363	-1368
14.5693218708	-1368
14.5885059834	-1368
14.5885448456	-1368
14.5885519981	-1368
14.6072669029	-1368
14.6073279381	-1368
14.6213619709	1368
14.6213729382	1368
14.6505298615	-657
14.6506738663	153
14.673238039	-1368
14.6732609272	-1368
14.6732800007	-1368
14.6872448921	-1368
14.7049679756	-1368
14.7064418793	1368
14.7186839581	1368
14.7196679115	-1368
14.7196948528	-1368
14.7197210789	-1368
14.7266509533	1368
14.7282240391	-1368
14.7282459736	-1368
14.729995966	1368
14.7300059795	1368
14.7334270477	1368
14.7354269028	-1368
14.744412899	-1368
14.7444400787	-1368
14.752753973	-1368
14.7664458752	-1368
14.7664618492	-1368
14.7675490379	-1134
14.7675659657	248
14.7741889954	-1368
14.7742090225	-1368
14.7774100304	-1368
14.7774469852	-1368
14.7774829865	-1368
14.7915148735	-1368
14.7915520668	-1368
14.7965688705	-1368
14.7966010571	-1368
14.7966070175	-1368
14.8034698963	-1368
14.8034949303	-1368
14.8104338646	-1368
14.810477972	-1368
14.8179249763	-1368
14.8267118931	-1368
14.8349940777	-1368
14.8350188732	-1368
14.8350379467	-1368
14.842222929	-1368
14.8424580097	1368
14.8498208523	-1368
14.8575220108	-1368
14.8575930595	-1368
14.8689820766	-1368
14.8766188622	-1368
14.8766438961	-1368
14.8766789436	-1368
14.8842580318	-22
14.8842990398	775
14.8986840248	-1368
14.898720026	-1368
14.8987720013	-1368
14.9067120552	-1368
14.906744957	-1368
14.906785965	-1368
14.9237508774	-1368
14.923815012	-1368
14.9360249043	-1368
14.9446659088	-1368
14.9447240829	-1368
14.9577929974	-1368
14.9578180313	-1368
14.9578318596	-1368
14.9961049557	-1368
14.9961280823	-1368
14.9961440563	-1368
15.001240015	-678
15.0015368462	543
15.0054340363	-1368
15.0054769516	-1368
15.0132250786	-1368
15.021887064	-1368
15.0220580101	-1368
15.0336668491	-1368
15.0338199139	-1368
15.0338468552	-1368
15.0553839207	-1368
15.0554299355	-1368
15.0554599762	-1368
15.0746750832	-1368
15.083840847	-1368
15.0933160782	-1368
15.0933520794	-1368
15.093556881	1368
15.1066110134	-1368
15.1181030273	-620
15.1550600529	-1368
15.1550879478	232
15.155092001	-1368
15.1551129818	-1368
15.1644630432	-1368
15.1644918919	-1368
15.1645309925	-1368
15.1935939789	-1368
15.1936268806	-1368
15.1936309338	-1368
15.2209069729	-1368
15.2317769527	-1368
15.2348370552	-633
15.2583038807	-1368
15.2686600685	-1368
15.2686879635	-1368
15.2687249184	-1368
15.2778248787	-1368
15.2778470516	1086
15.2778549194	-1368
15.28657794	-1368
15.2866208553	-1368
15.2866449356	-1368
15.2976880074	1368
15.3052799702	-1368
15.3053150177	-1368
15.3354399204	-1368
15.3521249294	-1368
15.3521649837	-1368
15.3521900177	-1368
15.3611168861	-1368
15.3682990074	-1368
15.368336916	-1368
15.3683600426	-1368
15.3689119816	1368
15.3749909401	-114
15.3841199875	-1368
15.3841860294	-1368
15.3842189312	-1368
15.3922338486	-1368
15.4069590569	-1368
15.4069879055	435
15.416588068	1368
15.4227879047	-1368
15.4228129387	-1368
15.4228289127	-1368
15.4233460426	1368
15.4284780025	-1368
15.4284958839	-1368
15.4285199642	-1368
15.4370059967	-1368
15.4370410442	-1368
15.4370660782	-1368
15.4452819824	-1368
15.4453110695	-1368
15.448513031	-1368
15.4541368484	-1368
15.4557888508	1368
15.4558019638	1368
15.4766080379	-1368
15.500882864	-1229
15.5020039082	1368
15.5347859859	588
15.6175980568	-543
15.6308779716	-1368
15.6489889622	-1368
15.6490130424	-1368
15.6555569172	-1368
15.7007648945	-1368
15.700797081	-1368
15.747647047	-646
15.8420450687	-1368
15.8644840717	-1260
15.8656029701	1057
15.8890500069	1368
15.9072740078	-1368
15.981415987	-1318
15.983522892	1368
15.9920129776	1368
16.0058660507	211
16.0184080601	-1368
16.0185160637	-1368
16.0297489166	-1368
16.0327949524	-1368
16.0329358578	-1368
16.0329608917	-1368
16.041353941	-1368
16.0414550304	-1368
16.0539450645	-1368
16.0621180534	-1368
16.0659749508	-1368
16.0660939217	-1368
16.071133852	-1368
16.071158886	-1368
16.0711789131	-1368
16.0766680241	-1368
16.0767030716	-1368
16.0986740589	-1221
16.1420559883	-1368
16.1420829296	1086
16.215512991	-775
16.2166378498	1368
16.2183170319	-1368
16.2183408737	-1368
16.2183890343	-1368
16.2974689007	746
16.3335900307	-1123
16.4506099224	-1086
16.4520318508	543
16.5285890102	-543
16.5596749783	-1368
16.5603070259	1368
16.5606060028	-1368
16.5606958866	-1368
16.5659039021	-1368
16.5670909882	-1368
16.5671410561	-1368
16.5671498775	-1368
16.5678830147	-364
16.5682089329	-1368
16.5682470798	-1368
16.5694799423	-1368
16.5695068836	232
16.5901460648	-1368
16.5901758671	-1368
16.5911839008	-1368
16.5922520161	-1368
16.5922780037	-1368
16.5933940411	-1368
16.684871912	-198
16.7874519825	-1368
16.840307951	-1318
16.8448870182	543
16.8877010345	-1368
16.95728302	-1289
17.0014588833	543
17.0611028671	-1368
17.0622980595	1368
17.0740120411	-232
17.1792399883	203
17.288271904	-1086
17.3333199024	-1368
17.4051718712	-804
17.4706380367	-1368
17.5233030319	-746
17.5865168571	1057
17.592936039	-1368
17.5929598808	-1368
17.5959289074	-1368
17.5959579945	-1368
17.5961709023	-1368
17.5961899757	-1368
17.5962250233	-1368
17.5971050262	-1368
17.5971329212	-1368
17.6254038811	-1368
17.6255319118	-1368
17.6262998581	-1368
17.6263570786	-1368
17.6407408714	-923
17.6419029236	1368
17.7576770782	-1057
17.7577080727	261
17.8426959515	543
17.8428580761	543
17.8429200649	543
17.8777709007	543
18.1652350426	-543
18.2425060272	1057
18.2979490757	-1368
18.3200399876	-203
18.3711290359	-1368
18.3711569309	-1368
18.3737750053	-1368
18.3738269806	-1368
18.3738539219	-1368
18.3740599155	543
18.3755319118	-1368
18.3755588531	-1368
18.3755800724	-1368
18.4039878845	-1368
18.4040210247	-1368
18.4040260315	-1368
18.4368510246	-1089
18.6394078732	-1368
18.6394619942	-1368
18.6394748688	-891
18.6764600277	-1368
18.7049400806	-1368
18.7049789429	-1368
18.7050938606	-1368
18.756182909	-269
18.8421609402	543
18.8731210232	-543
18.8734688759	543
19.0379369259	1368
19.0380568504	203
19.1696178913	1057
19.1722979546	1368
19.2864370346	746
19.3468940258	-1057
19.4841730595	-1368
19.4842069149	-1368
19.4842159748	-1368
19.4898920059	-1368
19.4899208546	-1368
19.4899408817	-1368
19.5040810108	-646
19.5149629116	-1368
19.5149948597	-1368
19.5150010586	-1368
19.5152978897	543
19.5235409737	-1368
19.5235650539	-1368
19.5238609314	-1368
19.5483288765	-1368
19.548361063	-1368
19.6010420322	-1368
19.6208379269	-741
19.632794857	543
19.6562569141	-1368
19.7381639481	-1318
19.7557730675	1368
19.7895560265	746
19.8205718994	-1368
19.820595026	-1368
19.8206169605	-1368
19.8382098675	-1368
19.8420479298	543
19.8551359177	-269
19.9064588547	543
20.0080590248	-543
20.2350070477	-543
20.3881499767	-1086
20.5844609737	-1086
20.7406110764	-1368
20.8320150375	-203
20.9785749912	-1368
20.9786479473	-1368
20.9786710739	-377
21.7075369358	-543
21.8242459297	-543
21.8800339699	543
21.9417779446	-1086
22.0467090607	1368
22.0468289852	203
22.1521430016	-543
22.1526448727	1368
22.1526539326	1368
22.1634740829	891
22.2325539589	-1368
22.256677866	-1368
22.2688338757	-406
22.4044680595	-1368
22.4241240025	-261
22.4341828823	-1368
22.4352099895	-1368
22.4686870575	-1368
22.5046448708	-1368
22.5408849716	-899
22.5419750214	1368
22.5420889854	203
22.5428118706	1368
22.5435888767	1368
22.5591959953	1368
22.5765008926	1368
22.658094883	-1057
22.6590080261	298
22.7757949829	-543
22.8081810474	-1368
22.8415188789	543
22.8862030506	-1368
22.8862290382	-1368
22.886259079	-1368
22.9249708652	-754
23.0417919159	-1086
23.1655189991	-1368
23.1655468941	-1368
23.1811170578	-1368
23.1812069416	-1368
23.1835689545	-1368
23.1963698864	-1368
23.1964049339	-1368
23.196418047	-1368
23.1970489025	-1368
23.1970748901	-1368
23.1977119446	-1368
23.2064950466	1368
23.2066140175	203
23.2160689831	1368
23.2162978649	-1368
23.2163319588	-1368
23.2824208736	-1368
23.2826719284	-1368
23.2826919556	-815
23.3251860142	746
23.4211089611	-1368
23.4261858463	-1368
23.4263000488	-1368
23.4263250828	-1368
23.4267458916	-1368
23.4267809391	-1368
23.4268329144	-1368
23.4287550449	-1368
23.4288039207	-1368
23.428814888	-1368
23.4361510277	-1002
23.4377660751	-1368
23.4419820309	543
23.4545259476	-1368
23.4545850754	-1368
23.4940049648	-1368
23.4940700531	-1368
23.5537209511	-957
23.8495969772	543
23.8839869499	240
23.9171979427	-1057
23.9194898605	-753
23.9215550423	126
23.9596068859	-51
23.9599108696	38
23.9943990707	-1368
23.9944269657	-154
23.9960560799	1057
24.031733036	-543
24.0327739716	543
24.0479578972	-543
24.201196909	-543
24.2020030022	543
24.3734250069	-543
24.4271190166	-543
24.4279880524	1057
24.4705359936	-1368
24.4901878834	-261
25.0262410641	1368
25.0263650417	203
25.4935898781	-543
25.566587925	-543
25.5679249763	1368
25.5680749416	717
25.7773349285	-1057
25.7786049843	1368
25.7787289619	203
25.7794868946	1368
25.8132719994	746
25.8425240517	543
25.8426668644	1368
25.8473889828	717
26.0133738518	1057
26.0940439701	-543
26.2091579437	-543
26.2264840603	-1368
26.2265160084	-1368
26.2294290066	-1368
26.2344920635	-1368
26.2382080555	-1368
26.2382450104	-1368
26.2415909767	-1368
26.2417750359	-1368
26.2523949146	-1368
26.2526910305	543
26.2644598484	-543
26.3023040295	-543
26.3261389732	-1368
26.3262109756	-1368
26.3433120251	-1368
26.34333992	-1368
26.3433959484	-1368
26.3434269428	-1368
26.3462529182	-1368
26.3462638855	-1047
26.3470180035	-543
26.3869550228	-1057
26.4629869461	-543
26.4985859394	-543
26.4990959167	543
26.5328609943	-1057
26.8220710754	-543
27.7968850136	-543
28.0319218636	-1057
28.0336179733	543
28.0359539986	1368
28.0678708553	203
28.1847810745	1057
28.1907689571	1368
28.1907799244	1368
28.2069919109	1368
28.2071158886	1231
28.255521059	1057
28.2898020744	1057
28.3015110493	377
28.3810708523	-1368
28.3811099529	-1368
28.3811180592	-891
28.4126520157	-1368
28.4979770184	-717
28.5079760551	-1368
28.5080120564	-1368
28.5154569149	-1368
28.5180079937	-1368
28.5180408955	-1368
28.5180718899	-1368
28.5374920368	-1368
28.537733078	543
28.5383348465	-1368
28.5384149551	-1368
28.5384440422	-1368
28.6147649288	-543
28.6148049831	-1368
28.6148428917	-1368
28.6250050068	-1368
28.6250379086	-1368
28.625043869	-1368
28.6250510216	-1368
28.6325159073	-1368
28.6325490475	-1368
28.6349508762	-1368
28.6350009441	-1368
28.6350388527	-1368
28.6351029873	-1368
28.6351099014	-35
28.6356759071	1368
28.6361689568	543
28.6547899246	232
28.8666908741	-1057
28.9003808498	-1368
28.9004039764	-1368
28.9004199505	-891
28.9006268978	543
28.9325048923	-1368
28.9935400486	-543
29.0178399086	-717
29.0183150768	1057
29.0310940742	-543
29.0311439037	-1368
29.0311870575	-1368
29.0312259197	-1368
29.0652799606	-66
29.0668618679	-1368
29.066920042	-1368
29.0670280457	-1368
29.0725250244	543
29.1009540558	-66
29.1055459976	1368
29.1398398876	-1086
29.1398749352	1289
29.2491719723	-1368
29.2492358685	-203
29.2921619415	-1368
29.2922508717	-1368
29.2923369408	-891
29.360090971	-1368
29.3604850769	1057
29.3714339733	-1260
29.406015873	-1086
29.4539978504	-1368
29.4540338516	-1231
29.4574580193	1057
29.4915390015	-1086
29.501652956	-1368
29.5359640121	-1231
29.5426959991	1057
29.553262949	-1368
29.5534219742	-203
29.5590798855	-1368
29.5601129532	-1368
29.560131073	-1368
29.5614490509	-1368
29.5614769459	-1368
29.5614850521	-1368
29.5847170353	-1368
29.6154680252	-1368
29.6155488491	-1368
29.6155769825	-1368
29.615582943	-1368
29.6702079773	-32
29.6894228458	-1368
29.689538002	-1231
29.8748779297	-1368
29.8749160767	-1368
29.874943018	-891
29.9013879299	-543
30.0032560825	-543
30.0040860176	1057
30.0107748508	1368
30.0107879639	1368
30.1209859848	377
30.2067189217	-1368
30.2068359852	-1368
30.2069189548	-377
30.2361960411	-1368
30.2362978458	-1368
30.2686028481	-1368
30.2686378956	-1368
30.2689299583	543
30.3241729736	-1297
30.3246939182	-1368
30.3247790337	-1368
30.325950861	-1368
30.3281350136	-1368
30.3281719685	-1368
30.3282170296	-1368
30.3298170567	-1368
30.3298819065	-1368
30.3298959732	-1368
30.3449139595	-1368
30.3580379486	-1368
30.3580830097	-1368
30.3604040146	-1368
30.3604450226	-1368
30.3604528904	-1368
30.3620250225	-1368
30.3620898724	-1368
30.3629419804	-1368
30.3637800217	-1368
30.3638050556	-1368
30.3767168522	-1368
30.3768339157	-1368
30.3768479824	-1368
30.4255330563	1086
30.4413058758	-238
30.4423570633	1057
30.6871609688	-1368
30.6872010231	-1368
30.687212944	-891
30.7326450348	-1368
30.7327098846	-1368
30.732722044	-891
30.7668728828	-543
30.8006699085	-543
30.8140149117	-1368
30.8140649796	-1368
30.8140759468	-891
30.8140828609	-1368
30.8481738567	-232
30.8489630222	1057
31.0429558754	1368
31.0430819988	203
31.0620398521	-1368
31.062073946	-1368
31.0620858669	-891
31.0649540424	-1368
31.0649900436	-1368
31.0652880669	-1368
31.0948009491	-1368
31.1238660812	-1368
31.1239058971	-1368
31.1788320541	-132
31.5337679386	-543
31.6141839027	1057
31.7985858917	-1057
31.81082201	-1368
31.8109998703	-1368
31.811029911	-377
31.8194620609	-1368
31.820554018	-1368
31.8207609653	543
31.8222088814	-1368
31.8222289085	-1368
31.8233349323	-1368
31.8276810646	1368
31.8276929855	1368
31.8333730698	1368
31.833384037	1368
31.8395268917	-1368
31.8418278694	-1368
31.8418638706	-1368
31.8418979645	-1368
31.8446989059	-1368
31.9278280735	-1368
31.9278800488	-1368
31.927893877	-1368
31.9278988838	-1368
31.9279148579	-1368
31.9279489517	-1368
31.9363150597	-1368
31.9363648891	-1368
31.937484026	-1368
31.9375078678	-1368
31.9388730526	1297
31.9389669895	-1368
31.9389929771	-1368
31.9390258789	-1368
31.9390449524	-1368
31.9446508884	-1013
32.093613863	543
32.1000509262	-1368
32.1001079082	-1368
32.1001429558	-377
32.1031498909	-1368
32.1054170132	-1368
32.1054759026	-1368
32.1310799122	-1368
32.1312000751	-1368
32.1312170029	-1368
32.1354289055	-1368
32.1355018616	-1368
32.1379659176	-1368
32.1379928589	-1368
32.138051033	-1368
32.1398818493	-1368
32.1399970055	-1368
32.1400179863	-1368
32.1405730247	-1368
32.140625	-1368
32.1423950195	-1368
32.1424479485	-1368
32.1424798965	-1368
32.1458039284	-1368
32.1458380222	-1368
32.1458799839	-1368
32.162332058	-1368
32.1623840332	-1368
32.1624219418	-1368
32.170445919	-1368
32.1705889702	-1368
32.1706240177	-1368
32.1713788509	-1368
32.1714360714	-1368
32.1714749336	-1368
32.1732950211	-1368
32.1733710766	-1368
32.1733839512	-1368
32.1734490395	-1368
32.1734719276	-1368
32.1736569405	-1368
32.1738688946	1368
32.2116138935	261
32.2168610096	-1368
32.2170000076	-1111
33.6403300762	1057
33.6510488987	1368
33.6510589123	1368
33.7681748867	377
33.8358440399	-1368
33.8358929157	-1368
33.8359279633	-891
33.8687808514	-1368
33.9007508755	-1368
33.9008228779	-1368
33.9733419418	-1368
33.9755969048	-1368
33.975632906	-1368
33.9771959782	-1368
33.9772250652	-1368
33.9772560596	-1368
33.9843308926	-1368
33.9843549728	-1368
33.9846248627	543
33.9855289459	-32
33.9996118546	-1368
33.9997580051	-1368
34.0120708942	-1368
34.0178248882	-1368
34.0178489685	-1368
34.0178630352	-1368
34.0362200737	1368
34.0363419056	203
34.1164469719	-132
34.1165030003	543
34.1174929142	1057
34.3838169575	-543
34.3894579411	-1368
34.3894948959	-1368
34.3895008564	-891
34.4358789921	-1368
34.4359109402	-1368
34.4359169006	-891
34.4362158775	1057
34.4701089859	-543
34.5196900368	-1368
34.519808054	-1368
34.5198290348	-1368
34.5416898727	-1152
34.5420680046	1057
34.6499090195	-543
34.7460310459	-1368
34.7460699081	-1368
34.7460939884	-1368
34.7666149139	-66
34.7789309025	-1368
34.7789740562	-1368
34.7790160179	-1368
34.7821228504	-1368
34.7889609337	-1057
34.8836090565	-269
34.8842570782	1057
35.1143929958	-1368
35.1144599915	-1368
35.1144759655	-891
35.2407100201	-1368
35.2407610416	-203
35.3938598633	-543
35.394785881	543
35.4610350132	1057
35.4681489468	1368
35.4681608677	1368
35.577986002	377
35.5887410641	-543
35.658949852	-1368
35.6590340137	-1368
35.6590430737	-891
35.6889719963	-1368
35.6890368462	-1368
35.7756390572	-1368
35.7756860256	-1368
35.7756960392	-1368
35.7757019997	-414
35.7761740685	543
35.779198885	-1368
35.7792909145	-1368
35.7793550491	-1368
35.8092238903	-1368
35.8092699051	-1368
35.8094110489	-1368
35.8166298866	-1368
35.8166918755	-1368
35.8168668747	-1368
35.8404428959	-1368
35.8405430317	-1368
35.8924539089	-1368
35.8924899101	-293
35.8932929039	1057
36.00928092	-1086
36.1249520779	-1368
36.1250078678	-1368
36.1250228882	-891
36.169367075	-1368
36.1694450378	-1368
36.1694660187	-891
36.2035300732	-543
36.2520270348	-1368
36.2521140575	-1368
36.252122879	-891
36.2521290779	-1368
36.2861690521	-232
36.2876310349	1057
36.4837219715	-1368
36.4838569164	-1368
36.483880043	-891
36.6005780697	-543
36.6009700298	543
37.0290799141	1368
37.0292038918	203
37.2110478878	1057
37.288203001	1368
37.288214922	1368
37.2987449169	1368
37.2987570763	1368
37.3279719353	754
37.4094340801	-1368
37.4095270634	-1368
37.4095790386	-377
37.4135198593	-1368
37.4165389538	-1368
37.4166359901	-1368
37.4398870468	-1368
37.440005064	-1368
37.4400629997	-1368
37.4432780743	-1368
37.4815359116	543
37.4982879162	-543
37.5265619755	-1368
37.5265948772	-1368
37.5266389847	-1368
37.5266699791	-1368
37.5304679871	-1368
37.5305240154	-1368
37.5305609703	-1368
37.5305690765	-1368
37.5337920189	-1368
37.5338490009	-1368
37.5338909626	-1368
37.5339069366	-1368
37.5569748878	-1368
37.5569980145	-1368
37.5570218563	-1368
37.5570409298	-1368
37.5602469444	-1368
37.560284853	-1368
37.5603220463	-1368
37.5603489876	-1368
37.5999970436	543
37.6435699463	-1368
37.6436619759	-1368
37.6436989307	-1368
37.643707037	-1368
37.6437149048	-1368
37.6437180042	-1368
37.6437220573	-1368
37.6437249184	-1368
37.6473670006	-1368
37.6474149227	-1368
37.6474490166	-1368
37.6474580765	-1368
37.6474690437	-1368
37.6474740505	-1368
37.6474909782	-1368
37.6475100517	-1368
37.6509690285	-1368
37.6510028839	-1368
37.6510310173	-1368
37.6510379314	-1368
37.6510529518	-1368
37.6510579586	-368
37.7535839081	1086
37.766782999	-1057
39.1040730476	1057
39.1133220196	1368
39.1133370399	1368
39.2209329605	377
39.2990999222	-1368
39.2991919518	-1368
39.299268961	-891
39.4202668667	-1368
39.4203019142	-1368
39.4209179878	-1368
39.4226448536	-1368
39.4506120682	-1368
39.4506909847	-1368
39.4507069588	-1368
39.4511270523	543
39.452080965	-306
39.4526028633	-1368
39.4526410103	-1368
39.4529879093	-1368
39.537060976	-1368
39.5370910168	-1368
39.5371239185	-1368
39.5371508598	-1368
39.5376369953	-1368
39.5376970768	-1368
39.5395259857	-1368
39.5395970345	-1368
39.5674920082	-1368
39.5675258636	-1368
39.5675530434	-1368
39.5675828457	-1368
39.5694708824	-815
39.5699899197	543
39.5707008839	1057
39.8145959377	-1368
39.8146338463	-1368
39.8146600723	-891
39.8149039745	543
39.8557519913	-1368
39.8558218479	-1368
39.8558330536	-891
39.8900780678	-543
39.936259985	-543
39.9616148472	-1057
39.9620969296	1057
40.0433850288	1368
40.0435769558	203
40.1608719826	-1368
40.1609039307	-1368
40.1609258652	-891
40.1611878872	543
40.1912689209	-1368
40.191300869	-1368
40.1915199757	-1368
40.2222869396	-1368
40.2223269939	-1368
40.2224419117	-1368
40.2779128551	-132
40.2789008617	1057
40.5099499226	-543
40.5147330761	-1368
40.5148868561	-1368
40.5149378777	-1368
40.5149579048	-1368
40.5149970055	-1368
40.544342041	-414
40.5784170628	-543
40.6349220276	-1368
40.6349740028	-1368
40.6349830627	-891
40.641605854	-1368
40.6417460442	-1368
40.6417648792	-1368
40.6420228481	-1368
40.6420760155	-1368
40.6421730518	-1368
40.6422009468	-1368
40.6422400475	-1368
40.6422929764	-1368
40.6431419849	543
40.6691479683	-1368
40.6692008972	-1368
40.6692368984	-1368
40.6692509651	-807
40.6772689819	543
40.7691469193	-1057
40.93085289	1057
40.9372508526	1368
40.9372620583	1368
41.0542318821	377
41.1273028851	-1368
41.1273448467	-1368
41.1273548603	-891
41.1920030117	-1368
41.192045927	-1368
41.192054987	-1368
41.2440569401	-580
41.2604460716	-1368
41.2605249882	-1368
41.2620718479	-1368
41.2632539272	-1368
41.2633030415	-1368
41.2633240223	-1368
41.2767648697	-1368
41.276829958	-1368
41.2771658897	543
41.3089580536	-1368
41.3090589046	-1368
41.3090999126	-1368
41.3173120022	-1368
41.3200190067	-1368
41.3200569153	-1368
41.3612580299	-1368
41.3612849712	-1368
41.3772978783	-1368
41.3773808479	-1368
41.3774290085	-1368
41.3774628639	-1368
41.3788480759	-1368
41.3789129257	-1368
41.3806169033	-1368
41.3806660175	-1324
41.381772995	1057
41.4336459637	543
41.6190099716	-1368
41.6191570759	-1368
41.619191885	-891
41.6223740578	-1368
41.6224298477	-1368
41.6225018501	-1368
41.6533238888	-66
41.7458648682	-1368
41.7459449768	-1368
41.7459619045	-891
41.7488348484	-1368
41.7804999352	-746
41.7825698853	1057
41.9781770706	-1368
41.9782378674	-203
41.9785039425	543
41.9798650742	-1368
41.9802360535	-1368
41.9810249805	-1368
41.9820439816	-1368
42.0076639652	-1368
42.0077550411	-1368
42.0078189373	-1368
42.03814888	-1368
42.0950460434	-538
42.3349468708	-543
42.7521619797	1057
42.7640590668	1368
42.7640810013	1368
42.813190937	1368
42.813231945	1368
42.8691039085	754
42.9492750168	-1368
42.9493329525	-1368
42.9493439198	-891
42.9818639755	-1368
42.9819400311	-1368
43.0141148567	-1368
43.0162918568	-1368
43.0163290501	-1368
43.0181760788	-1368
43.0182349682	-1368
43.0662770271	-1368
43.0663509369	-1368
43.0663678646	-1368
43.0663888454	-1368
43.0663950443	-1368
43.0664000511	-1368
43.0666508675	543
43.0988559723	-1368
43.098897934	-1368
43.0989229679	-1368
43.0989348888	-1368
43.1314768791	-1368
43.1315798759	-1368
43.1334328651	-1368
43.1334788799	-1368
43.1335170269	-1368
43.1335370541	-1368
43.1350579262	-1368
43.1350798607	-1368
43.1351029873	-1368
43.1351339817	-1368
43.1831290722	-1368
43.1831579208	-1368
43.1831920147	-1368
43.1832129955	-1368
43.1832449436	-1368
43.1832799911	-1368
43.1833059788	-1368
43.1833369732	-1368
43.1836550236	-1368
43.183688879	-1368
43.1836960316	-1368
43.183713913	-1368
43.2157628536	-1368
43.215790987	1086
43.2158038616	-1368
43.2158088684	-1368
43.2158548832	-1368
43.2158589363	-1098
45.6158330441	1057
45.8235740662	-1368
45.8235988617	-1368
45.8236179352	-891
45.8238320351	543
45.8241870403	-1368
45.8241980076	-1368
45.8259859085	-1368
45.8548789024	-1368
45.8549180031	-1368
45.8569419384	-1368
45.8592970371	-1368
45.9405460358	-1368
45.9406349659	-1368
45.9406578541	-1368
45.9406659603	-1368
45.9407169819	-1368
45.9407398701	-1368
45.9409649372	-1368
45.9410290718	-1368
45.9410459995	-1368
45.9411199093	-1368
45.9719920158	-1368
45.9721028805	-939
45.9726860523	543
46.8416628838	543
47.6580820084	-543
48.3511478901	-543
48.4124350548	1057
48.6628680229	-1368
48.6629738808	-203
48.6636500359	543
48.6661429405	-1368
48.6692008972	-1368
48.6724760532	-1368
48.6892330647	-1368
48.6893029213	-1368
48.7197139263	-1368
48.7198419571	-1368
48.7198610306	-1368
48.7797589302	-509
48.8313188553	-543
51.2156300545	1057
51.4175980091	-1368
51.4177310467	-1368
51.4177548885	-891
51.4209549427	-1368
51.4209918976	-1368
51.4211418629	-1368
51.4505178928	-1368
51.4506750107	-1368
51.4510700703	-1368
51.4517588615	543
51.4790589809	-1368
51.5345828533	-849
53.8422038555	543
53.8423199654	543
54.0115599632	1057
54.2148518562	-1368
54.2149078846	-1368
54.214922905	-891
54.2162840366	-1368
54.2402908802	-1368
54.2403440475	-1368
54.2403569221	-1368
54.240680933	-1368
54.2407200336	-1368
54.2407479286	-1368
54.3317620754	-1368
54.3318209648	-1368
54.3318309784	-1368
54.3318400383	-1368
54.3318519592	-32
56.8129029274	1057
57.0397839546	-1368
57.0398249626	-203
57.0508549213	-1368
57.0509290695	-1368
57.0687708855	-1368
57.0688350201	-1368
57.06884408	-1368
57.0694448948	543
57.0817980766	-1368
57.0818579197	-1368
57.0818929672	-1368
57.1566119194	-1368
57.1566500664	-1368
57.1566648483	-1368
57.1566729546	-1368
57.1677908897	-1321
57.1877729893	543
60.9505419731	-543
61.8418309689	543
62.4322209358	-543
74.6595258713	-543
75.3626849651	-543
75.4895720482	-543
80.8415739536	543
91.6453299522	-543
91.8413379192	543
