0	543
0.000113010406494	543
0.000177145004272	543
0.00765514373779	-543
0.177072048187	-543
0.518010139465	241
0.656331062317	-752
0.656970024109	126
0.794183015823	-51
0.794389009476	38
0.931787014008	-1420
0.931804180145	-83
0.936541080475	1057
1.0566880703	245
1.0744600296	-543
1.07482910156	543
1.08228707314	-750
1.09186816216	126
1.11658120155	-51
1.12156605721	38
1.14334416389	-543
1.1469039917	-1420
1.14691209793	-76
1.14843702316	1057
1.17827820778	-543
1.17868614197	543
1.23358917236	-543
1.24176001549	543
1.31618499756	-543
1.32173705101	543
1.4480471611	-543
1.47052621841	-543
1.47683119774	543
4.79089808464	-543
4.79111003876	543
5.00148820877	543
5.41637301445	-543
5.54551100731	228
5.66294503212	-744
5.66349101067	126
5.78057408333	-51
5.78656411171	38
5.90418815613	-1420
5.9042069912	-70
5.90462613106	1057
6.02250218391	-543
6.02677202225	543
6.17601203918	-543
6.1807911396	543
6.37431812286	-543
6.37476420403	543
7.22349405289	-543
7.23324108124	-543
8.7489900589	-543
8.74917912483	543
10.5101540089	-1420
10.5523841381	-1420
10.5524291992	-1420
10.5525610447	-1420
10.5526001453	-707
10.5818071365	-1380
10.6296050549	-30
11.6212460995	-543
11.9976861477	543
12.2550342083	-1420
12.2550821304	-151
15.0260050297	-1420
15.0261499882	-1420
15.0261821747	-787
15.0575840473	-1420
15.0576701164	-1340
15.0576901436	-1380
15.0606861115	543
15.0658550262	-1420
15.0658590794	-1420
15.0659000874	-1300
15.0823252201	543
15.0826721191	543
15.0829720497	543
15.0832560062	543
15.1017501354	543
15.1218090057	543
15.1417920589	543
15.1423251629	-603
15.1710691452	543
15.1714260578	543
15.1819050312	543
15.1822631359	543
15.2015051842	543
15.2117230892	543
15.212031126	543
15.2316670418	543
15.3413920403	-1420
15.3414080143	-1420
15.3414700031	-273
15.4150111675	-543
15.5282871723	-543
15.5285332203	543
15.6314032078	-1380
15.6451420784	-249
15.7345690727	-1380
15.7614719868	-249
15.7946741581	-1380
15.8778460026	-220
15.8901100159	543
15.8903291225	543
15.890789032	543
15.8909621239	543
15.8911881447	543
15.8913741112	543
15.8916101456	543
15.8917729855	1460
15.8918161392	625
15.8919861317	1460
15.892029047	111
15.8921730518	1460
15.8922162056	111
15.8923699856	1460
15.8924131393	625
15.8925180435	1460
15.8925690651	625
15.8927311897	1460
15.8927741051	1139
15.8929131031	1460
15.8929560184	1139
16.0295600891	-543
16.0297551155	543
16.0861911774	1057
16.1023190022	-1380
16.102517128	543
16.1027061939	-1380
16.1028251648	-1380
16.1029450893	1460
16.1029980183	111
16.1031219959	-1380
16.1127150059	-1420
16.1127421856	-1340
16.1280150414	-1420
16.1280651093	-1420
16.1280691624	-1300
16.1368410587	-1420
16.1368551254	-1420
16.1369080544	-1300
16.1401541233	-1420
16.140196085	-1340
16.140348196	-1420
16.1404080391	-1340
16.1404111385	-1420
16.1404571533	-1340
16.1860740185	-1420
16.1860871315	-1340
16.2192051411	-1420
16.2192201614	-1420
16.2192761898	-967
16.2192790508	-1380
16.2194001675	-1420
16.2194051743	-1340
16.2194340229	-1380
16.2195391655	-1380
16.2196440697	543
16.2291960716	-1420
16.2292120457	-1420
16.2292621136	-1300
16.229265213	-1380
16.2446451187	-1420
16.2446620464	-1420
16.2447340488	-1300
16.2447371483	-1420
16.24477911	-1340
16.2447810173	-1380
16.2535681725	-1420
16.2535820007	-1420
16.2536439896	-1420
16.2536461353	-1260
16.253688097	-1420
16.2536911964	-1340
16.255354166	543
16.2565300465	-1420
16.2565360069	-1420
16.2565751076	-1300
16.256578207	-1380
16.2567620277	-1380
16.2567651272	-1420
16.2568030357	-1340
16.2569541931	-1420
16.2570011616	-1420
16.2570040226	-1300
16.2571020126	-1380
16.2571051121	-1380
16.2640850544	543
16.2645981312	543
16.3025951385	-1420
16.3026120663	-1420
16.302667141	-1420
16.302670002	-1260
16.3028821945	543
16.3356451988	-1420
16.3357322216	-1420
16.3357880116	-1300
16.335791111	-1420
16.3358361721	-1420
16.3358390331	-1300
16.3358750343	-1420
16.3358871937	-1420
16.335930109	-1300
16.3359341621	-1420
16.335971117	-1420
16.3359742165	-1300
16.3360171318	-1420
16.3360199928	-1420
16.336055994	-1300
16.3360590935	-1380
16.3409221172	543
16.3457431793	-1420
16.3457531929	-1420
16.3458890915	-1420
16.3458921909	-1260
16.3459260464	-1420
16.3459291458	-1340
16.3486320972	543
16.3490741253	543
16.3612020016	-1420
16.3612170219	-1420
16.3612811565	-1300
16.3613371849	-1420
16.3613741398	-1420
16.3613770008	-1420
16.3614180088	-1260
16.3614201546	-1380
16.3701100349	-1420
16.3701291084	-1420
16.3701732159	-1300
16.3701760769	-1420
16.3702189922	-1420
16.3702220917	-1300
16.3702850342	-1380
16.3702881336	-1380
16.3704891205	1057
16.3731911182	-1420
16.3732051849	-1420
16.3732581139	-1300
16.3732612133	-1420
16.3733091354	-1420
16.3733119965	-1300
16.3733479977	-1420
16.3733501434	-1340
16.3734381199	-1420
16.3735589981	-1420
16.3735911846	-1300
16.373593092	-1380
16.3866581917	543
16.387168169	543
16.4190990925	-1420
16.4191160202	-1420
16.4191679955	-1420
16.4191720486	-1260
16.45236516	-1420
16.4523830414	-1420
16.452434063	-1300
16.4524371624	-1420
16.45246315	-1340
16.4524672031	-1420
16.4524841309	-1340
16.4524869919	-1420
16.4525101185	-1340
16.4525132179	-1420
16.4525301456	-1340
16.452532053	-1380
16.452655077	-1420
16.4526591301	-1340
16.4528369904	-1420
16.4528410435	-1420
16.4528810978	-1300
16.4528841972	-1420
16.4529900551	-1340
16.4529931545	-1420
16.4530301094	-1420
16.4530332088	-1300
16.4530701637	-1380
16.4531600475	543
16.4534840584	543
16.4536211491	543
16.4622612	-1420
16.4622781277	-1420
16.4623830318	-1300
16.4623861313	-1420
16.4624240398	-1420
16.4624271393	-1300
16.4625060558	-1380
16.4625082016	-1420
16.4625451565	-1340
16.4625470638	-1420
16.462583065	-1420
16.4625852108	-1300
16.4744942188	-1420
16.4745020866	-1096
16.477586031	-1380
16.4777371883	-1420
16.4777970314	-1420
16.4778001308	-1300
16.4778370857	-1380
16.4778389931	-985
16.4779160023	-1420
16.477918148	-1340
16.4780011177	-1380
16.4803190231	-1380
16.4811470509	543
16.4839320183	543
16.4845280647	543
16.4864590168	-1420
16.4864661694	-1420
16.4865710735	-1420
16.486574173	-1260
16.4866111279	-1420
16.4866130352	-1420
16.4867091179	-1300
16.4867122173	-1420
16.48675704	-1340
16.4868969917	-1380
16.4896399975	-1420
16.4896481037	-1420
16.4896910191	-1300
16.491268158	543
16.5110621452	-1420
16.5110781193	-1420
16.511149168	-1420
16.511152029	-1260
16.5112080574	-1420
16.5112102032	-1340
16.5112600327	-1380
16.5114381313	543
16.5114810467	-1420
16.5114831924	-1340
16.5152721405	-1420
16.515278101	-1420
16.5153260231	-1300
16.5154411793	-1420
16.5155100822	-1340
16.5155119896	-1380
16.5156571865	543
16.535626173	-1420
16.5356400013	-1420
16.5356941223	-1300
16.5356969833	-1380
16.5509631634	-1420
16.5509741306	-1340
16.5514700413	-1420
16.5514760017	-1420
16.5515170097	-1300
16.5591971874	-1420
16.5592491627	-1420
16.5592520237	-1300
16.5637021065	-1420
16.5637080669	-1420
16.5637521744	-1300
16.5647211075	-1380
16.5672750473	-1420
16.5672791004	-1340
16.5910851955	-1420
16.5910990238	-1420
16.5911521912	-1420
16.5911550522	-1260
16.591189146	-1420
16.5911920071	-1340
16.5912330151	-1380
16.5923531055	-1420
16.592454195	-1420
16.592457056	-1300
16.5924592018	-1420
16.5924601555	-1420
16.5924611092	-1300
16.5942151546	-87
16.5944390297	1057
16.5951910019	-1420
16.5951972008	-1340
16.5952851772	-1380
16.5954861641	-1420
16.5955290794	-1340
16.5955891609	-1380
16.5958151817	-1420
16.5958201885	-1340
16.5958490372	-1380
16.6096630096	543
16.6185970306	543
16.631054163	-1420
16.6310629845	-1340
16.6311101913	-1380
16.6316730976	-1420
16.6317131519	-1420
16.631716013	-1300
16.6331140995	-1420
16.6331181526	-1420
16.6331551075	-1300
16.6356670856	-1380
16.6358850002	-1420
16.6358921528	-1340
16.6360070705	543
16.637471199	543
16.6380519867	543
16.6590440273	-1420
16.6590640545	-1340
16.6591231823	-1420
16.6591260433	-1340
16.6592690945	-1420
16.6592721939	-1340
16.6594781876	543
16.6672670841	-1420
16.6672770977	-1420
16.6673300266	-1300
16.6713330746	-1420
16.6713850498	-1420
16.6713881493	-1300
16.6715312004	543
16.6759831905	-1420
16.6759881973	-1420
16.6760361195	-1300
16.6764450073	-1420
16.676484108	-1340
16.6764872074	-1420
16.676582098	-1420
16.6765840054	-1300
16.6766190529	-1380
16.6991460323	-1420
16.6992061138	-1420
16.6992101669	-1300
16.7029461861	-1420
16.7029521465	-1420
16.7029960155	-1300
16.7106530666	-480
16.7126121521	-1420
16.7126181126	-1340
16.7138299942	-1380
16.7156221867	-1420
16.7156660557	-1420
16.7156691551	-1300
16.7160880566	-1420
16.716091156	-1420
16.7161920071	-1300
16.7161941528	-1420
16.7161960602	-1340
16.716394186	-1380
16.7343611717	-1420
16.7343771458	-1420
16.7344331741	-1300
16.7510352135	-1420
16.7511022091	-1420
16.7511072159	-1300
16.751240015	-1420
16.7512431145	-1420
16.751281023	-1300
16.7514522076	1057
16.7558910847	-1420
16.755918026	-1420
16.7559630871	-1300
16.755975008	-1420
16.7560110092	-1340
16.7560141087	-1380
16.7564711571	-1420
16.7564761639	-1340
16.7565391064	-1380
16.7711570263	-1420
16.7712161541	-1420
16.7712202072	-1300
16.7818431854	543
16.7824881077	543
16.7910151482	-1420
16.7910211086	-1420
16.791064024	-1300
16.7913281918	-1420
16.7913620472	-1340
16.7914190292	-1380
16.7915251255	543
16.7929210663	-1420
16.7929260731	-1340
16.7930390835	-1420
16.7930421829	-1420
16.7930760384	-1300
16.7960340977	-1420
16.7960810661	-1420
16.7960841656	-1420
16.7961192131	-1260
16.8027770519	-1380
16.8029401302	-1420
16.8029530048	-1340
16.8201901913	-1420
16.8202030659	-1420
16.8203470707	-1300
16.8203492165	-1420
16.8203949928	-1340
16.8203971386	-1380
16.8220691681	543
16.8270390034	-570
16.8335711956	-1420
16.8336160183	-1420
16.8336200714	-1300
16.8345370293	-1420
16.8345410824	-1340
16.8346791267	-1380
16.8361811638	-1420
16.8362250328	-1420
16.8362281322	-1300
16.8364450932	-1420
16.8364491463	-1340
16.8365361691	-1380
16.836643219	543
16.8598451614	-1420
16.8598630428	-1420
16.8599221706	-1300
16.8661601543	-1420
16.8662040234	-1420
16.8662061691	-1300
16.8701531887	543
16.8733160496	-1420
16.8733332157	-1340
16.8736741543	1460
16.8737421036	111
16.8764500618	-1420
16.8764550686	-1420
16.8765041828	-1300
16.8768870831	-1420
16.876937151	-1420
16.8769390583	-1300
16.8769831657	-1420
16.8769860268	-1340
16.8770201206	-1420
16.8770310879	-1340
16.877117157	-1380
16.882114172	543
16.884373188	543
16.9029350281	-1420
16.9029510021	-1340
16.9435989857	-844
16.946447134	543
17.0547831059	-1420
17.0548009872	-1340
17.0548551083	-1380
17.0552461147	-1420
17.0552911758	-1340
17.0554201603	-1420
17.0554790497	-1420
17.055491209	-1300
17.0555272102	-1380
17.0555992126	543
17.0557420254	543
17.0559191704	-1420
17.0559241772	-1420
17.0559630394	-1300
17.0560472012	-1380
17.0562930107	-1420
17.0562980175	-1340
17.060021162	-150
17.0862782001	-1420
17.0863540173	-1420
17.086359024	-1300
17.1034941673	-1420
17.1035051346	-1340
17.1038200855	-1380
17.1043741703	-1420
17.1044270992	-1340
17.1045820713	-1380
17.1046850681	543
17.1050641537	-1420
17.1050682068	-1420
17.1051061153	-1300
17.1051790714	-1380
17.1053051949	-1420
17.1053080559	-1340
17.1053349972	-1380
17.1056220531	-1420
17.1056711674	-1340
17.1056740284	-1420
17.1057391167	-1340
17.105741024	-1380
17.1059880257	-1380
17.1060841084	-1380
17.1178500652	-1380
17.1348910332	-1380
17.1353981495	-1420
17.1354031563	-1420
17.1354460716	-1300
17.1355371475	543
17.1365690231	-1420
17.1365740299	-1340
17.1366450787	-1380
17.1368780136	-1420
17.136922121	-1340
17.1372001171	-1420
17.1372420788	-1420
17.1372451782	-1300
17.1375660896	-1420
17.1375710964	-1340
17.1376202106	-1380
17.1379032135	-1420
17.1380050182	-1340
17.1380081177	-1380
17.141903162	543
17.1664841175	-1420
17.1664960384	-1420
17.1665530205	-1300
17.1752061844	-1420
17.1752641201	-1340
17.1757650375	-1420
17.1758151054	-1340
17.1758182049	-1380
17.1763961315	-775
17.1766190529	-1420
17.1767201424	-1340
17.1767220497	-1420
17.1767570972	-1340
17.1772520542	-1420
17.1772651672	-1420
17.1772670746	-1300
17.1772680283	-1380
17.1774871349	-1380
17.1776590347	-1420
17.1776621342	-1340
17.1776630878	-1380
17.1809470654	543
17.2043201923	-1420
17.2043371201	-1420
17.2043941021	-1300
17.2059412003	543
17.2359662056	-1420
17.2359809875	-1420
17.2360360622	-1300
17.2906451225	-1380
17.2927269936	-827
20.120164156	-543
20.1203889847	543
20.121805191	1460
20.1218881607	625
20.2370610237	-543
20.2410931587	543
20.4345941544	-543
20.4347681999	543
20.7690989971	-1420
20.7691161633	-1420
20.7691690922	-787
20.7692952156	543
20.7815229893	543
20.7818491459	543
20.7992091179	543
20.7994801998	543
20.7996680737	543
20.7998712063	543
20.8315420151	543
20.8389592171	-1380
20.847933054	1057
20.8665430546	543
20.8855850697	-1248
20.9515140057	1057
21.0137071609	-1420
21.0137832165	-1420
21.013833046	-787
21.0138790607	-1380
21.0139482021	-1380
21.014770031	-1380
21.0452711582	-1420
21.0453321934	-1420
21.0453372002	-1300
21.0539062023	-1380
21.1301321983	-1420
21.1301481724	-1340
21.1302649975	-1420
21.1302680969	-1340
21.1303081512	-1420
21.1303110123	-1340
21.1303582191	-1380
21.1306581497	-1420
21.1307041645	-1420
21.1307070255	-1300
21.1365890503	543
21.1617832184	-1420
21.1617980003	-1420
21.1619231701	-1420
21.1619260311	-1260
21.161962986	-1420
21.1619660854	-1340
21.1619989872	-1380
21.162001133	-1380
21.1622741222	543
21.2149510384	-1420
21.2149660587	-1340
21.246514082	-1420
21.2465281487	-1420
21.2465820312	-1057
21.246710062	-1420
21.2467670441	-1420
21.2467710972	-1300
21.246817112	-1420
21.2468190193	-1340
21.2470350266	-1420
21.2470471859	-1340
21.247081995	-1420
21.2470841408	-1420
21.2470850945	-1300
21.2472450733	-1420
21.2472481728	-1340
21.2472980022	-1420
21.2473011017	-1340
21.2474591732	-1420
21.2474629879	-1340
21.2500221729	543
21.2502691746	543
21.2554991245	-1380
21.2709519863	543
21.2782621384	-1420
21.2782711983	-1420
21.2783200741	-1300
21.2784440517	-1420
21.2784841061	-1420
21.2784860134	-1420
21.2785210609	-90
21.2786221504	-1420
21.2787401676	-1420
21.278742075	-1420
21.2787430286	-1260
21.2787442207	-1420
21.2787451744	-1340
21.2787461281	-1420
21.2787470818	-1340
21.2851271629	-1380
21.3313941956	-1420
21.3314061165	-1420
21.3314471245	-1300
21.3314499855	-1380
21.3316321373	1057
21.3631620407	-1420
21.3631770611	-1420
21.36322999	-1300
21.3632321358	-1380
21.3633542061	-1420
21.3633570671	-1340
21.3633871078	-1420
21.3633890152	-1340
21.3635470867	-1420
21.3635511398	-1340
21.3636100292	-1380
21.3636929989	-1420
21.3636951447	-230
21.3638451099	-1420
21.3638470173	-1420
21.3638470173	-1300
21.3638482094	-1420
21.3638491631	-1340
21.3639750481	-1380
21.3640260696	-1380
21.3640830517	-1380
21.3642711639	-1420
21.364274025	-1420
21.3642752171	-1420
21.3642771244	-1420
21.3642780781	-1220
21.3643860817	543
21.3645291328	-1420
21.3645310402	-1340
21.364533186	-1420
21.364533186	-1420
21.3645341396	-1300
21.364659071	-1420
21.3646612167	-1420
21.3647081852	-1300
21.3648400307	-1420
21.3648431301	-1420
21.3648440838	-1420
21.3648450375	-120
21.3650569916	543
21.3651800156	543
21.3720741272	-1420
21.372081995	-1340
21.3948771954	-1420
21.3949182034	-1420
21.3949761391	-1420
21.3949790001	-1260
21.3950221539	-1380
21.3950250149	-1380
21.3950591087	-1380
21.3950622082	-1380
21.3953111172	-1420
21.3953151703	-1420
21.395316124	-1300
21.3954241276	-1380
21.3955972195	-1380
21.3961601257	-1380
21.3968510628	-1380
21.397660017	-1380
21.3979811668	-1380
21.3980240822	-1420
21.3980271816	-1420
21.3980619907	-130
21.3982670307	-1420
21.3983089924	-1340
21.3983120918	-1420
21.3983130455	-1420
21.3983139992	-1300
21.3984160423	-1420
21.3984191418	-1340
21.3984200954	-1380
21.3985180855	-1420
21.3985211849	-1340
21.4020731449	543
21.4071772099	543
21.4152610302	543
21.4408910275	-1420
21.4409182072	-1340
21.4479191303	-1420
21.4480011463	-1420
21.4480531216	-1420
21.448056221	-1260
21.4480910301	-1420
21.4480950832	-1340
21.4484879971	-1420
21.4484910965	-1340
21.4500110149	543
21.4502120018	543
21.4801621437	-1420
21.4801771641	-1420
21.4802331924	-602
21.4802360535	-1420
21.4802720547	-1340
21.4806051254	-1380
21.480754137	-1380
21.4809110165	-1380
21.4811360836	-1420
21.481139183	-1340
21.4811770916	-1420
21.4811789989	-1340
21.48123312	-1420
21.4812362194	-1340
21.4812941551	-1420
21.4812960625	-1340
21.4813411236	-1380
21.4813752174	-1420
21.4813771248	-1340
21.481415987	-1420
21.4816451073	-1340
21.4816482067	-1420
21.4816501141	-1340
21.4816510677	-1380
21.4817621708	-1420
21.4817650318	-1340
21.4818940163	-1420
21.4818971157	-1420
21.4818980694	-1300
21.4820041656	-1420
21.482006073	-1420
21.4820082188	-1128
21.4821400642	-1380
21.4823391438	-1380
21.48250103	-1420
21.4825041294	-1420
21.4825050831	-1300
21.4825069904	-1420
21.4825081825	-1420
21.4825091362	-1300
21.4842309952	-1420
21.484236002	-1420
21.4842371941	-1420
21.4842391014	-1420
21.4842422009	-1420
21.4842441082	-1420
21.4842450619	-1420
21.4842460155	-1420
21.4842472076	-1420
21.4842481613	-1420
21.484249115	-1420
21.4843790531	-1420
21.4843821526	-1420
21.4843831062	-1420
21.4843850136	-1420
21.4843850136	-1420
21.4843871593	-1420
21.484388113	-1420
21.4843890667	-1420
21.4843900204	-1420
21.4843912125	-1420
21.4843921661	-1420
21.4843931198	-1420
21.4843940735	-1420
21.4843962193	-1420
21.4843971729	-1420
21.4843981266	-1420
21.4844090939	-1420
21.4844110012	-1420
21.484413147	-1420
21.4844141006	-1420
21.4844150543	-1420
21.484416008	-1420
21.4844172001	-1063
21.4848730564	543
21.4853620529	1460
21.4854230881	169
21.4885640144	-1420
21.488571167	-1420
21.4886159897	-1300
21.4886190891	-1380
21.4908640385	543
21.4996500015	543
21.5018610954	543
21.5023140907	543
21.5141320229	-1420
21.5141470432	-1420
21.5142011642	-1420
21.5142040253	-1260
21.5142412186	-1380
21.5142431259	-1380
21.5144062042	-1420
21.5144090652	-1340
21.5144581795	-1420
21.514480114	-1340
21.5145661831	-1420
21.5145680904	-1340
21.5146551132	-1420
21.5146582127	-1340
21.5147640705	-1420
21.51476717	-1420
21.5148031712	-1300
21.514922142	-1420
21.5149600506	-1420
21.51496315	-1300
21.5149981976	-1380
21.5150191784	-1380
21.5151920319	543
21.5317511559	543
21.5320160389	543
21.5363500118	1086
21.5516011715	543
21.5518732071	543
21.5765302181	543
21.5768060684	1057
21.6007781029	-1146
21.6524641514	1057
21.6665081978	1057
21.6668469906	1057
21.667329073	543
21.6865479946	1057
21.6868171692	543
21.6872880459	543
21.7215499878	-543
21.7393541336	-1420
21.7394011021	-1420
21.7394471169	-1300
21.7394831181	-1380
21.7396020889	543
21.740457058	-1420
21.7404620647	-1420
21.7405021191	-1300
21.7406010628	-1380
21.7406949997	543
21.7411310673	-1420
21.7411360741	-1340
21.7581460476	-1420
21.7581541538	-1420
21.7582011223	-1300
21.7728321552	-1380
21.7791521549	-1420
21.7791771889	-1420
21.7792441845	-1300
21.7792470455	-1380
21.7795760632	-1420
21.7795810699	-1340
21.7798202038	-1420
21.7798240185	-1420
21.7798540592	-1300
21.7800190449	-1420
21.7800571918	-1340
21.7800600529	-1380
21.7805202007	-1420
21.7805261612	-1420
21.7805271149	-1300
21.7807791233	-1420
21.7807819843	-1340
21.7807841301	-1380
21.786809206	543
21.8044621944	-1380
21.8050022125	-1420
21.8050341606	-1340
21.8197422028	-1420
21.8198361397	-1340
21.8198401928	-1380
21.8201081753	-1420
21.82011199	-1420
21.8201570511	-1300
21.8209290504	-1420
21.8209691048	-1420
21.8209710121	-1300
21.8210771084	-1420
21.8210802078	-1420
21.821116209	-1300
21.8212661743	-1420
21.8212690353	-1340
21.8214561939	-1380
21.8217999935	-1420
21.821803093	-1340
21.821844101	-1380
21.8219411373	-1420
21.8219451904	-1340
21.82203722	-1380
21.8222191334	-1420
21.8222219944	-1340
21.8223481178	543
21.8225719929	543
21.827630043	543
21.8285632133	543
21.829927206	-1420
21.8299322128	-1340
21.829982996	-1380
21.8339262009	543
21.8379170895	-762
21.8385841846	-1420
21.8386521339	-1340
21.838654995	-1380
21.8509831429	-1380
21.8597052097	-1420
21.8597550392	-1420
21.8597590923	-1300
21.8600230217	-1420
21.8600261211	-1420
21.8600640297	-1300
21.8605921268	-1380
21.8607001305	-1420
21.8607029915	-1340
21.8611881733	-1420
21.8611910343	-1420
21.8612351418	-1300
21.8614041805	-1420
21.861410141	-1340
21.861634016	-1420
21.8616371155	-1340
21.8617041111	-1380
21.8618910313	-1420
21.8618941307	-1340
21.8620960712	-1380
21.8622829914	-1420
21.8622860909	-1340
21.8622879982	-1380
21.8659930229	543
21.8662750721	543
21.8789730072	543
21.8792591095	543
21.8796679974	543
21.8822431564	-1380
21.8825051785	-1420
21.8825480938	-1340
21.8825511932	-1380
21.8828001022	-1420
21.8828041553	-1340
21.8829100132	-1420
21.8829131126	-1340
21.885931015	543
21.8877360821	543
21.8992362022	-1380
21.8998250961	-1420
21.8998680115	-1340
21.9003901482	-1420
21.9004430771	-1340
21.9004461765	-1380
21.9006271362	-1420
21.9006311893	-1340
21.9006500244	-1380
21.9007771015	-1420
21.9007971287	-1340
21.900799036	-1380
21.9010372162	-1380
21.9011511803	543
21.9015371799	-1420
21.9015409946	-1340
21.9018101692	-1420
21.9018139839	-1340
21.9019851685	-1420
21.9019880295	-1420
21.9020261765	-1300
21.9121460915	543
21.9141972065	-1420
21.914203167	-1420
21.9142491817	-1300
21.9215860367	543
21.922039032	543
21.92278409	-1420
21.9227890968	-1340
21.9229052067	543
21.9230020046	-1420
21.9230041504	-1340
21.9230051041	-1380
21.9231510162	-1420
21.9231832027	-1340
21.9231860638	-1380
21.9232330322	543
21.939740181	-1420
21.9397540092	-1340
21.9398491383	-1380
21.940112114	-1380
21.9403541088	-1420
21.9403591156	-1420
21.9404020309	-1420
21.9404051304	-1260
21.9405632019	-1420
21.9405682087	-1340
21.9408631325	-1380
21.9408681393	-1420
21.9408891201	-1420
21.9408910275	-1300
21.9422430992	-1420
21.9422490597	-1420
21.9422950745	-1300
21.9424381256	-1420
21.9424581528	-1340
21.9425890446	-1420
21.9426271915	-1340
21.9426910877	-1380
21.9429562092	-1420
21.9429590702	-1340
21.9542682171	-1420
21.9542870522	-1420
21.9543440342	-1300
21.9543480873	-184
21.9643211365	-1420
21.9643301964	-1420
21.9643790722	-1300
21.9643821716	-1420
21.9644181728	-1340
21.9645171165	1057
21.9645659924	-1420
21.9645690918	-1340
21.9645700455	-1380
21.9666349888	543
21.9796831608	-1420
21.979694128	-1420
21.9797501564	-1300
21.9801421165	-1420
21.9801871777	-1420
21.9801900387	-1300
21.9807200432	-1420
21.9807240963	-1340
21.9807801247	-1380
21.9810039997	-1420
21.981044054	-1420
21.9810471535	-1300
21.98163414	-1380
21.9822461605	-1420
21.982268095	-1420
21.9822700024	-1300
21.9828631878	-1420
21.9828670025	-1340
21.983066082	-1420
21.9830701351	-1340
21.9832260609	-1420
21.983230114	-1340
21.9863631725	-1420
21.9863681793	-1420
21.986369133	-1300
21.9865419865	543
22.0014140606	543
22.0036261082	-1420
22.0036342144	-1420
22.0036780834	-1300
22.0041861534	-1420
22.0042271614	-1420
22.0042300224	-1300
22.0044090748	-1420
22.0044221878	-1340
22.0045261383	-1420
22.0045289993	-1420
22.0045661926	-1300
22.006565094	543
22.0067360401	543
22.0197901726	-1380
22.0202801228	-1420
22.0203330517	-1420
22.0203361511	-1300
22.0205111504	-1420
22.0205152035	-1340
22.0205450058	-1380
22.0208911896	-1420
22.0209240913	-1340
22.0209951401	-1380
22.0222120285	-1420
22.0222210884	-1420
22.0222229958	-1300
22.0226891041	-1420
22.0226931572	-1340
22.022755146	-1380
22.0232980251	-1420
22.0233020782	-1340
22.0233430862	-1380
22.0234801769	-1420
22.0234830379	-1340
22.0236001015	-1420
22.0236032009	-1340
22.023704052	-1420
22.0237081051	-1340
22.0263640881	543
22.0440402031	-1380
22.044054985	-1420
22.0440900326	-1340
22.0442450047	-1380
22.0444021225	-1420
22.0444049835	-1340
22.0446550846	-1420
22.0446600914	-1420
22.0447101593	-1300
22.0448770523	-1420
22.044916153	-1340
22.0449671745	-1380
22.0517251492	543
22.0533452034	543
22.0607340336	-1420
22.060739994	-1420
22.0607831478	-1300
22.0607860088	-1420
22.060819149	-1420
22.06082201	-1300
22.0610790253	-1420
22.0610840321	-1340
22.0612130165	-1380
22.0622861385	-1420
22.0623121262	-1340
22.0624492168	-1420
22.0624880791	-1340
22.0624911785	-1380
22.0625660419	-1380
22.0635950565	-1420
22.0636441708	-1420
22.0636470318	-1300
22.0638480186	-1420
22.0638530254	-1420
22.0638949871	-1300
22.0706641674	-419
22.0709002018	-1420
22.0709140301	-1340
22.0709841251	-1380
22.0710639954	543
22.0843200684	-1380
22.0848190784	-1420
22.0849170685	-1340
22.0849201679	-1380
22.0849680901	-1420
22.0849790573	-1340
22.0851562023	-1420
22.0851590633	-1340
22.091490984	1460
22.0915420055	625
22.0933070183	543
22.1059811115	-1420
22.1059951782	-1340
22.1060271263	-1380
22.1098890305	-1420
22.1099331379	-1340
22.1099359989	-1380
22.1101570129	543
22.1104550362	543
22.1108372211	-1420
22.1108419895	-1340
22.1108920574	-1380
22.1111800671	-1420
22.1112210751	-1340
22.1112241745	-1380
22.115306139	-1380
22.1179451942	-1420
22.1179871559	-1340
22.1180720329	543
22.1183190346	-1420
22.1183240414	-1340
22.1183919907	-1380
22.1187710762	-1420
22.1188130379	-1420
22.1188161373	-1300
22.1188690662	-1420
22.1188721657	-1340
22.118915081	-1380
22.1193192005	-1420
22.1193630695	-1420
22.119366169	-1300
22.1249811649	-1420
22.1249861717	-1420
22.1250281334	-1300
22.1494231224	-1420
22.1494882107	-1340
22.1508791447	543
22.1579391956	-1380
22.1582159996	-1420
22.1582591534	-1340
22.1651630402	-1420
22.1652150154	-1340
22.1652181149	-1380
22.181330204	543
22.1871740818	-1127
22.1895651817	-1420
22.1896181107	-1340
22.2424740791	-1420
22.2425000668	-1340
22.2471292019	543
22.3036270142	-735
22.3110730648	-1420
22.3111281395	-1420
22.3111310005	-1300
22.3113250732	-1420
22.31133008	-1340
22.3114521503	543
22.3190221786	-1420
22.3190290928	-1420
22.3190741539	-1300
22.330463171	-1420
22.3305220604	-1420
22.3305261135	-1300
22.3831851482	-1420
22.3832030296	-1340
22.3881599903	-1420
22.3881690502	-1340
22.3883211613	-1380
22.38945508	-1420
22.3895020485	-1340
22.3896720409	-1380
22.3898000717	-1380
22.3899290562	-1380
22.3900539875	543
22.4119870663	-1420
22.4120111465	-1340
22.4120490551	-1380
22.4194631577	-1380
22.419604063	543
22.419907093	-315
22.4314301014	-1420
22.4314851761	-1420
22.4314889908	-1420
22.431524992	-1260
22.4318780899	-1420
22.4319171906	-1340
22.4320909977	-1420
22.4321300983	-1340
22.4321320057	-1380
22.4344871044	-1420
22.4344911575	-1420
22.4345290661	-1300
22.4349541664	-1420
22.4349870682	-1340
22.4350821972	543
22.4351291656	-1380
22.4352350235	-1420
22.4352581501	-1340
22.4354460239	-1380
22.4522881508	-1420
22.4523069859	-1420
22.45236516	-1300
22.4525640011	543
22.4831511974	-1380
22.5119431019	-1420
22.5120100975	-1420
22.5120141506	-1300
22.5122079849	-1420
22.512212038	-1420
22.5122520924	-1300
22.5128321648	-1420
22.5128860474	-1420
22.5128891468	-1420
22.5129342079	-1260
22.5129370689	-1420
22.5129711628	-1340
22.5135450363	-1380
22.5139122009	-1420
22.5139160156	-1340
22.5146961212	-1420
22.514701128	-1340
22.5147030354	-1380
22.5363759995	-1008
22.5683970451	-1380
22.6528391838	-191
22.6530652046	543
22.7693099976	-543
22.8938951492	-1420
22.893912077	-1340
22.9019701481	-543
22.9259040356	-867
23.0424389839	-1057
23.1588749886	-1057
23.16883111	543
23.1693861485	543
23.5482821465	-543
23.8943591118	-543
23.9014601707	543
24.1086061001	-1420
24.1086230278	-151
24.4669561386	-1420
24.4669811726	-1179
24.4671430588	543
24.4684641361	543
25.0013041496	1057
25.0361430645	-1420
25.0361590385	-1420
25.0362241268	-787
25.0735840797	-1420
25.0736579895	-1340
25.0736620426	-1380
25.0742511749	-1380
25.0768539906	-1420
25.0768971443	-1340
25.0771651268	-1420
25.077203989	-1420
25.0772070885	-1300
25.105066061	-1420
25.1050829887	-1340
25.1314191818	237
25.1526370049	-1380
25.1529660225	-1420
25.153012991	-756
25.2564601898	-748
25.2617630959	126
25.3614141941	-1420
25.3614900112	-151
25.3623821735	-1420
25.3624331951	-1420
25.36247015	-1300
25.3625040054	-1380
25.3864681721	-51
25.3914530277	38
25.3927061558	-1420
25.3927500248	-1340
25.3928871155	543
25.4016211033	-1420
25.4016270638	-1340
25.4018750191	-1420
25.4018800259	-1340
25.4020240307	-1420
25.4020280838	-1340
25.433131218	-1420
25.433147192	-1340
25.4779441357	-502
25.4875380993	543
25.4881930351	543
25.5156822205	-1420
25.5156960487	-75
25.5216481686	1057
25.6518580914	-543
25.6522521973	543
25.6634521484	-1057
25.6766450405	543
25.7937231064	-543
25.8016531467	543
25.8833971024	-1420
25.8834240437	-151
25.9713721275	-543
25.9719641209	1460
25.9720180035	1460
25.9720761776	193
26.0353050232	-1420
26.0353221893	-151
26.0363531113	-1420
26.0363590717	-1340
26.037017107	-1420
26.0370211601	-1340
26.0371110439	-1380
26.0372099876	543
26.0671160221	-1420
26.0671420097	-1340
26.1170210838	-1420
26.1170551777	-1420
26.1171221733	-1300
26.1185560226	543
26.1516571045	-223
26.202327013	-543
26.2059969902	543
26.3272500038	-1420
26.327324152	-1420
26.3273611069	-273
26.4435331821	-543
26.5971381664	-1420
26.5971560478	-1420
26.5972189903	-787
26.6541011333	-543
26.6543121338	543
26.739631176	-1057
26.7437021732	-543
26.9220941067	-1057
26.9369699955	543
27.1602711678	-543
27.1602890491	-1420
27.1603460312	-1316
27.196310997	-1420
27.1963641644	-1316
27.2845051289	-269
27.3302960396	-543
27.6273450851	-543
27.6275629997	543
27.6721332073	-1368
27.6764681339	543
27.676595211	543
27.6790339947	1057
27.7506899834	-261
27.7508871555	543
27.7515220642	1057
27.8209462166	-1368
27.875161171	-775
27.8814601898	543
27.884168148	1460
27.8842191696	111
27.9091761112	-1368
27.9621610641	-1368
27.9995741844	-464
28.0001881123	543
28.0013930798	543
28.0193200111	-1420
28.019329071	-1420
28.0193741322	-1264
28.0282452106	-1368
28.0427820683	-1420
28.0427880287	-1420
28.0428311825	-1264
28.1086421013	-1420
28.1086621284	-1420
28.108716011	-1264
28.1451790333	-1420
28.1451940536	-1420
28.1452591419	-1420
28.1678349972	-1368
28.2733521461	-746
28.3612949848	-1420
28.3613111973	-1316
28.3968281746	-920
28.4618110657	543
28.4968140125	543
28.4972400665	543
28.5197360516	-543
28.5967512131	543
28.6367230415	543
28.9997332096	543
29.3567659855	-543
29.3569941521	543
29.4877111912	-1420
29.4879109859	-1420
29.4879519939	-787
29.5196211338	-1420
29.5196881294	-1420
29.5197250843	-1300
29.5512211323	-1380
29.603921175	-221
29.6780061722	-543
29.6864840984	543
29.8800721169	-543
30.0468711853	-1057
30.0506460667	543
30.2291390896	-543
30.2365231514	543
30.3599882126	-543
30.8161840439	-543
30.866571188	-543
30.8710520267	543
31.1984100342	543
31.1986720562	543
31.5554411411	-543
31.5608861446	543
31.5630671978	543
31.6855649948	-543
33.2093091011	543
34.0013830662	543
36.6197690964	-543
37.226113081	-543
38.0011940002	1057
38.1363661289	243
38.265583992	-744
38.2661499977	126
38.3947560787	-51
38.4014470577	38
38.5304450989	-1420
38.5304632187	-78
38.5383241177	1057
38.6673901081	-543
38.6715681553	543
38.8438050747	-543
38.8515861034	543
39.2690901756	-543
39.276692152	1057
40.0671751499	-543
40.0673601627	543
40.8795890808	-1420
40.8796072006	-151
41.0014550686	543
41.0015571117	543
41.5569159985	-543
41.557103157	543
42.0728900433	-1057
42.0871710777	543
42.2360839844	-543
42.6434230804	-543
42.6436231136	543
43.1709470749	-1057
43.2120451927	543
43.2127411366	543
43.2167041302	543
43.2173810005	543
43.7768461704	-543
44.610407114	-543
44.6163752079	543
44.7388842106	-1086
44.7464220524	543
44.7465641499	543
44.8749802113	-543
44.8751821518	543
44.9977850914	543
44.9978890419	543
45.0338389874	-543
45.145827055	-1420
45.1458442211	-1420
45.1458990574	-273
45.2218401432	543
45.2225811481	543
45.2232620716	543
45.2239220142	543
45.2896401882	-1420
45.289714098	-1179
45.4326541424	-1420
45.4327111244	-151
45.4552090168	-1420
45.4552731514	-1316
45.4821031094	-1368
45.5609490871	-1094
45.5745470524	-1368
45.5916490555	-1420
45.5916991234	-1316
45.5967540741	-1368
45.689478159	-1297
45.9891250134	-1420
45.9891932011	-151
46.0117161274	-1420
46.0117621422	-1316
46.1172580719	-891
46.1215951443	-1420
46.1216270924	-1316
46.2457900047	-377
47.0459980965	-543
47.0513460636	543
47.1742191315	-1086
47.1748549938	543
47.1750071049	543
47.3436231613	-543
47.351359129	543
47.6109631062	-1420
47.6109800339	-151
47.6158092022	-1420
47.6158151627	-1316
47.6339330673	-1420
47.6339480877	-1316
47.7395391464	-1268
47.9077041149	-1420
47.9077720642	-1420
47.9078121185	-816
47.9547660351	-1368
48.0360569954	-1260
48.0725080967	-1420
48.072573185	-1316
48.0882251263	-1420
48.0882940292	-1420
48.0883309841	-1264
48.0914201736	-1368
48.0947360992	-1420
48.0947771072	-1316
48.0948941708	543
48.1648302078	-994
48.2194859982	-1368
48.3327741623	-1231
49.000688076	543
50.191024065	-543
50.8541781902	-543
50.9155600071	-543
51.0382812023	-1057
54.0012631416	543
54.2809522152	-543
55.2109050751	-543
55.5266671181	-543
55.6675310135	-543
56.0718410015	-543
57.0001621246	543
57.6455922127	-543
57.8134930134	-543
57.9685280323	-543
58.1223731041	-543
64.9999790192	543
65.0264201164	-543
67.2336881161	-543
69.998347044	543
70.8467340469	-543
70.9972980022	-543
70.9975299835	543
70.9976010323	543
70.9977459908	543
70.9978032112	543
70.9978849888	543
71.5101821423	-543
71.574611187	-543
71.7112050056	-543
72.0033969879	-543
76.1493999958	-543
81.3607821465	-543
85.2047111988	-543
90.9972121716	-1057
92.0010931492	543
92.0011951923	543
92.001303196	543
92.4133820534	-1420
92.4134590626	-1420
92.4134910107	-1420
92.4135081768	-1420
92.4135320187	-707
92.4136221409	-1380
92.4140641689	543
92.4448721409	-1380
92.4448900223	-1420
92.4449431896	-1340
92.4532949924	-1380
92.5299210548	-1420
92.5299420357	-1420
92.5300211906	-1420
92.5300250053	-704
97.6721651554	-1420
97.7111430168	-151
102.86307621	-543
104.845726013	-1420
104.845933199	-1420
104.845975161	-787
104.885961056	-1420
104.88601017	-1340
104.917581081	-1380
104.96185112	-30
104.962016106	543
106.907932043	-1420
106.946154118	-1420
106.946188211	-787
106.956078053	543
107.024358988	-1057
108.420935154	-543
108.421511173	543
108.725227118	-543
108.957719088	-1420
108.957746029	-1420
108.957890034	-787
109.095610142	-1420
109.095682144	-1420
109.095760107	-787
109.096598148	543
109.098035097	543
109.628157139	-1420
109.62817502	-151
109.629808187	-1368
109.652193069	-1420
109.652251005	-1316
109.666884184	-543
109.667056084	-1420
109.667100191	-1316
109.676309109	-1420
109.676362038	-1420
109.676398039	-1264
109.682687044	543
109.702999115	-1368
109.756844044	-1094
109.776667118	-1368
109.789862156	-161
109.799228191	-1420
109.79928422	-1316
109.816295147	-1420
109.816449165	-151
109.817467213	543
109.905121088	-1123
112.027002096	-543
112.030739069	543
112.568919182	-1420
112.56893611	-1420
112.569067001	-273
112.592578173	-1420
112.592634201	-1316
112.695517063	-1368
112.697694063	-1094
112.698127985	543
112.716077089	543
113.252598047	-1420
113.252616167	-1420
113.252677202	-787
113.393081188	-1420
113.393137217	-665
113.431820154	543
113.521624088	-543
114.098555088	543
115.500663996	-543
115.500953197	543
116.036853075	-543
