0	543
0.0238840579987	543
1.50554203987	-543
1.84566187859	-1057
1.85996699333	543
1.87709307671	543
2.60414290428	-543
2.87001395226	-543
2.87029790878	-1420
2.87032294273	-1316
2.87957406044	-1420
2.87961792946	-1420
2.87964606285	-1264
2.88088393211	-1420
2.88092708588	-1420
2.88096308708	-1264
2.88932490349	-1368
2.90155100822	543
2.94970393181	543
2.95032596588	543
2.95061397552	543
2.95088291168	543
2.95115995407	543
2.9514439106	543
2.9827709198	543
2.99946594238	-1255
3.07554888725	543
3.07588100433	543
3.1099729538	-1368
3.13027095795	543
3.13061690331	543
3.13090205193	543
3.13774895668	543
3.14595293999	-1368
3.14795708656	-1420
3.14800906181	-1420
3.14801192284	-1264
3.14940094948	-1420
3.14940595627	-1420
3.14944386482	-1264
3.1515390873	-1420
3.15156698227	-1316
3.15174293518	-1368
3.15314292908	-1420
3.15314698219	-1420
3.15318393707	-1264
3.15467596054	-1420
3.15470004082	-1316
3.15498590469	543
3.15720486641	543
3.15742397308	543
3.15760588646	543
3.16101002693	-106
3.1611468792	543
3.179708004	543
3.17993688583	543
3.18011307716	543
3.18029093742	543
3.1804459095	543
3.18061709404	543
3.1807808876	543
3.18094396591	543
3.18126296997	1057
3.18186688423	543
3.18212008476	543
3.18236303329	543
3.18253397942	543
3.24983501434	1057
3.2504529953	543
3.25064992905	543
3.28274989128	-1368
3.29373908043	-261
3.30971503258	1460
3.30979990959	625
3.30995702744	1460
3.30999994278	111
3.31023001671	1057
3.31042695045	1057
3.32965993881	1057
3.32987689972	1057
3.36805391312	-1420
3.36806201935	-1420
3.36810708046	-1264
3.37853288651	-1420
3.37855696678	-1316
3.38913607597	-1368
3.38928604126	-1420
3.38928985596	-1420
3.38934087753	-1264
3.38940787315	-1420
3.38942790031	-1316
3.38953900337	-1368
3.39159488678	-1420
3.3915989399	-1420
3.39163708687	-1264
3.39401602745	543
3.39444303513	1460
3.39449596405	1139
3.3946890831	1057
3.3970849514	1057
3.39852905273	-1420
3.39853405952	-1420
3.39857602119	-1264
3.39881300926	-1368
3.40030908585	-1420
3.40031409264	-1316
3.40048694611	-1420
3.40049099922	-1420
3.40052986145	-1264
3.40174007416	-1368
3.41265702248	-1420
3.41266298294	-1420
3.41270589828	-1264
3.41281509399	-1420
3.41285586357	-1420
3.41285800934	-1264
3.41293287277	-1368
3.41984391212	-1368
3.42373299599	-1420
3.42373800278	-1316
3.4238049984	-1420
3.42380905151	-1316
3.42976903915	543
3.42995285988	1057
3.43013596535	1057
3.47638297081	1057
3.47662591934	543
3.4768679142	1057
3.47709298134	1057
3.47753405571	543
3.4777109623	543
3.49754405022	-1420
3.49754905701	-1420
3.49760198593	-1420
3.49760508537	-1212
3.49791407585	-1368
3.49812793732	-1368
3.50282096863	543
3.50302100182	543
3.50814986229	-1420
3.50815486908	-1420
3.50819396973	-1420
3.50819706917	-1212
3.51957297325	543
3.51974487305	543
3.52374696732	-1368
3.52390408516	1460
3.52395200729	625
3.52403688431	-1368
3.5241560936	1057
3.5242099762	-1368
3.52485704422	-1368
3.52506899834	-1420
3.5250749588	-1420
3.52511501312	-1264
3.52511692047	-1368
3.52522802353	-1420
3.52523088455	-1316
3.52535009384	-1420
3.52535390854	-1316
3.52776098251	-1420
3.52776694298	-1420
3.52780985832	-1420
3.52781200409	-1212
3.52796292305	-1420
3.52796602249	-1316
3.52798604965	-1420
3.527987957	-1147
3.528621912	-1420
3.52862596512	-1420
3.52866387367	-1420
3.52866601944	-1420
3.5286989212	-1420
3.52870106697	-1108
3.53002405167	-1420
3.53003096581	-1420
3.53007006645	-1264
3.5300719738	-1368
3.53016400337	-1420
3.5301668644	-1316
3.5302798748	-1420
3.53028392792	-1316
3.53060388565	-1420
3.53060698509	-1420
3.53064393997	-1420
3.53064703941	-1212
3.53406190872	543
3.5341989994	543
3.53486704826	1460
3.53491306305	1139
3.54235386848	-1420
3.54236102104	-1420
3.54240608215	-1420
3.54240894318	-1212
3.54244399071	-1420
3.54244709015	-1420
3.54247999191	-1264
3.54248189926	-1368
3.54258704185	-1420
3.54259085655	-1316
3.54262804985	-1368
3.5427069664	-1368
3.54281806946	-1420
3.54282188416	-1316
3.5429110527	543
3.54937791824	-1420
3.54938292503	-1420
3.5494248867	-1420
3.54942798615	-607
3.55540108681	-1368
3.55559802055	-1420
3.55560088158	-1420
3.55560207367	-1420
3.55560302734	-1420
3.55560398102	-1160
3.55560493469	-1420
3.55560493469	-1316
3.56966304779	1057
3.56986689568	1057
3.60733008385	1057
3.60760307312	543
3.6081609726	543
3.60976290703	543
3.61024689674	543
3.61049985886	543
3.61072707176	543
3.61225605011	543
3.62744402885	-1420
3.62746095657	-1420
3.62755799294	-1420
3.62755990028	-1212
3.62759399414	-1420
3.62759804726	-1316
3.62779402733	-1420
3.62779808044	-1316
3.62785100937	-1420
3.62785506248	-1420
3.6278719902	-1264
3.62953090668	-1368
3.63809800148	-1420
3.63812208176	-1420
3.63817405701	-1420
3.63817691803	-1212
3.63821005821	-1420
3.63821291924	-1420
3.63824796677	-1264
3.63825106621	-1368
3.63859295845	543
3.65719008446	-1420
3.65720391273	-1316
3.65741586685	-1420
3.65741991997	-1316
3.65745592117	-1420
3.65745806694	-1316
3.6574819088	-1368
3.65754103661	-1420
3.65757608414	-1420
3.65757894516	-1264
3.65785503387	-1420
3.65786004066	-1420
3.65793800354	-1420
3.65794086456	-1212
3.65799188614	-1420
3.65799689293	-1316
3.65804290771	-1368
3.65804505348	-1368
3.65825295448	-1420
3.65825605392	-1420
3.6582930088	-1420
3.65829896927	-1212
3.65842700005	-1420
3.65843892097	-1331
3.65849494934	543
3.65890693665	-1420
3.65891098976	-1420
3.65895009041	-1264
3.65895199776	-1368
3.65903306007	-1420
3.6590359211	-1420
3.65908908844	-1264
3.65909099579	-1368
3.65915989876	-1420
3.65916204453	-1316
3.65919804573	-1420
3.65919995308	-1316
3.65948486328	-1420
3.65948796272	-1420
3.65952801704	-1420
3.65952992439	-1212
3.65958786011	543
3.65970897675	-1420
3.65971302986	-1420
3.65975093842	-1264
3.65975594521	543
3.65980601311	-1368
3.65991592407	-1420
3.65993499756	-1316
3.66002106667	-1420
3.66003990173	-1316
3.66031694412	-1420
3.66035890579	-1420
3.66036200523	-1264
3.66039705276	-1420
3.66039991379	-1420
3.66043400764	-1264
3.66043591499	-1368
3.66055607796	-1368
3.66060996056	543
3.66064500809	-1368
3.66073298454	-1420
3.66075205803	-1316
3.66075396538	-1368
3.66092705727	-1420
3.66093206406	-1316
3.66106295586	-1420
3.66106700897	-1316
3.66120886803	-1420
3.66121292114	-1420
3.66125202179	-1264
3.66131186485	-1420
3.66133189201	-1316
3.66141700745	-1368
3.6614780426	543
3.66166687012	-1420
3.66167187691	-1420
3.66169190407	-1264
3.66169404984	-1420
3.66172003746	-1316
3.67009401321	543
3.67184090614	-1420
3.67185401917	-1420
3.67189598083	-1420
3.67189788818	-1212
3.6720790863	-1420
3.67208194733	-1316
3.67212295532	-1420
3.67212605476	-1316
3.67219495773	-1420
3.67219805717	-1420
3.6722509861	-1264
3.67225408554	-1368
3.6724729538	-1420
3.67247605324	-1316
3.67252206802	-1420
3.67252492905	-1316
3.67267990112	-1420
3.67268300056	-1316
3.67282104492	-1368
3.67282605171	-1420
3.67284393311	-1316
3.67284607887	-1368
3.67296791077	-1420
3.67297196388	-1316
3.67315793037	-1420
3.67316102982	-1316
3.67326903343	-1420
3.67327189445	-1316
3.6734650135	543
3.67362189293	543
3.67391896248	543
3.67432594299	1460
3.6743710041	111
3.67453289032	543
3.67470192909	543
3.67484402657	543
3.67497897148	543
3.67887496948	-1420
3.67887997627	-1420
3.67891907692	-1264
3.67892193794	-1368
3.67901492119	-1420
3.67901802063	-1316
3.67912602425	-1420
3.67912888527	-1316
3.6813750267	543
3.68522405624	-1420
3.68523192406	-1420
3.68527793884	-1264
3.68528103828	-1368
3.68543386459	-1420
3.68543696404	-1316
3.68551301956	-1368
3.68553304672	-1420
3.6855700016	-1316
3.68557286263	-1368
3.68566799164	-1420
3.68567204475	-1420
3.68571805954	-1264
3.68576908112	-1420
3.68578791618	-1316
3.68587398529	-1368
3.69097805023	543
3.69155097008	1460
3.69159603119	625
3.75715994835	-1420
3.75717997551	-1420
3.75725293159	-1420
3.75725698471	-1212
3.75731492043	-1420
3.75731801987	-1316
3.75737094879	-1420
3.75737404823	-1316
3.75760102272	-1420
3.75760388374	-1420
3.75768494606	-1264
3.7576880455	-1368
3.75786805153	-1420
3.75787186623	-1420
3.7579190731	-1264
3.75798392296	543
3.75801706314	-1420
3.75801897049	-1316
3.75812697411	-1420
3.75813794136	-1420
3.75817608833	-1264
3.75835108757	543
3.75846099854	-1420
3.75846505165	-1316
3.76748991013	-1420
3.76749491692	-1420
3.76753497124	-1420
3.76753807068	-1212
3.76765608788	543
3.76776790619	-1420
3.76777100563	-1420
3.76781702042	-1264
3.76782202721	-1420
3.76790189743	-1420
3.76790499687	-1264
3.76803708076	-1420
3.76804089546	-1316
3.76822304726	-1420
3.76822686195	-1420
3.76828193665	-1264
3.76828408241	-1368
3.78669190407	-1420
3.78670287132	-1420
3.78679895401	-1420
3.78680205345	-1212
3.78683590889	-1420
3.78683900833	-1316
3.78703999519	-1420
3.78704285622	-1420
3.787088871	-1264
3.78709197044	-1368
3.7873210907	-1420
3.78732395172	-1316
3.78736901283	-1420
3.78752803802	-1420
3.78757286072	-1264
3.78757500648	-1420
3.78761005402	-1316
3.78761196136	-1368
3.78781199455	-1420
3.78781604767	-1316
3.78786087036	-1368
3.78791093826	-1368
3.78804707527	-1368
3.78834986687	-1420
3.78845286369	-1316
3.78845596313	-1420
3.78849005699	-1420
3.78849291801	-1264
3.7885260582	-1420
3.78852891922	-1316
3.78863596916	-1420
3.7886390686	-1316
3.78865695	-1368
3.78871488571	-1420
3.78875207901	-1316
3.78875494003	-1368
3.78878998756	-1368
3.78885602951	-1420
3.78885889053	-1316
3.78900289536	-1420
3.7890059948	-1420
3.78900694847	-1264
3.78913497925	-1420
3.78913903236	-1316
3.78924798965	-1420
3.789249897	-1420
3.78925204277	-1150
3.78937196732	-1368
3.78937506676	-1420
3.78937602043	-1316
3.78954100609	-1420
3.7895450592	-1420
3.78954696655	-1264
3.78967785835	-1420
3.78968095779	-1420
3.78968286514	-1264
3.78987503052	-1420
3.78987908363	-1420
3.78988003731	-1264
3.78988194466	-1420
3.78988289833	-1316
3.79000091553	-1420
3.79000496864	-1316
3.79008507729	-1420
3.79008793831	-1316
3.79014897346	-1420
3.79015088081	-1316
3.79023599625	-1420
3.79024004936	-1316
3.79035902023	-1420
3.79036307335	-1420
3.7903649807	-1264
3.79047489166	543
3.79061603546	-1420
3.79062008858	-1316
3.79065394402	-1368
3.79083395004	-1420
3.79083704948	-1420
3.79083800316	-1264
3.79088306427	-1420
3.79088592529	-1316
3.79097509384	-1420
3.79097890854	-1420
3.79097986221	-1420
3.79098200798	-1212
3.79101586342	-1368
3.7911438942	-1420
3.79114794731	-1420
3.79118394852	-1264
3.79118609428	-1420
3.79118704796	-1420
3.79118800163	-1420
3.79118990898	-1210
3.79127693176	543
3.79131507874	-1420
3.79131698608	-1420
3.79131793976	-1264
3.7914750576	-1420
3.79147791862	-1420
3.7914788723	-1264
3.79152393341	-1420
3.79152607918	-1420
3.79152703285	-1264
3.79164195061	-1420
3.79164505005	-1420
3.7916469574	-1264
3.79179501534	-1420
3.79179906845	-1420
3.79180002213	-1264
3.79186606407	-1420
3.79186797142	-1420
3.79186987877	-1420
3.79187107086	-1212
3.79201507568	543
3.7920498848	-1420
3.79205203056	-1316
3.79205298424	-1420
3.79205393791	-1316
3.79218196869	-1420
3.79218506813	-1420
3.7921860218	-1264
3.79225707054	-1368
3.79241991043	543
3.79261207581	-1368
3.79276990891	-1420
3.79277300835	-1420
3.79277396202	-1264
3.79280090332	-1420
3.79280185699	-624
3.79290699959	-1420
3.79290986061	-1316
3.79312300682	-1420
3.79312586784	-1420
3.79312801361	-1264
3.79317307472	-1420
3.79317498207	-1420
3.79317593575	-1420
3.79317688942	-1212
3.79322504997	-1420
3.79322695732	-1420
3.793227911	-1264
3.79327106476	-1420
3.79327392578	-1316
3.79337501526	-1420
3.79337787628	-1420
3.79338002205	-1264
3.79340696335	-1420
3.7934088707	-1316
3.80028986931	-1420
3.80029296875	-1420
3.80030798912	-1420
3.80030989647	-1420
3.80031108856	-1420
3.80031204224	-1420
3.80031299591	-1420
3.80031394958	-1004
3.80047988892	543
3.80080199242	543
3.80089306831	543
3.801019907	543
3.80123400688	-1420
3.80123806	-1420
3.80123901367	-1264
3.80133605003	-1420
3.80133891106	-1267
3.80151391029	-1368
3.80151796341	-1420
3.80151891708	-1316
3.80154395103	543
3.80168390274	-1420
3.80168795586	-1316
3.80178809166	-1420
3.80179190636	-1316
3.80200886726	-1368
3.80209302902	-1420
3.80209898949	-1316
3.80225300789	-1420
3.80225586891	-1420
3.80225801468	-1264
3.80231595039	-1420
3.80231904984	-1316
3.80247092247	-1368
3.8060529232	543
3.80624389648	543
3.80652689934	543
3.80689191818	543
3.80718588829	1057
3.82062792778	-1420
3.82064986229	-1316
3.8220140934	-1368
3.82207489014	-1420
3.82210707664	-1420
3.82210898399	-1264
3.82239603996	-1420
3.82240009308	-1420
3.82243800163	-1264
3.82259893417	-1420
3.82263708115	-1316
3.82272291183	-1420
3.82275986671	-1420
3.82276296616	-1264
3.82284808159	-1420
3.82285094261	-1316
3.82288599014	-1420
3.82288789749	-1316
3.82303094864	-1420
3.82303404808	-1316
3.82309794426	-1368
3.82320594788	-1420
3.82324385643	-1420
3.8232460022	-1264
3.82385492325	-1420
3.82385897636	-1420
3.82389998436	-1264
3.82403707504	-1368
3.82427406311	-1420
3.82427787781	-1316
3.82727789879	543
3.82763385773	-1420
3.82764005661	-1420
3.82766294479	-1264
3.82766604424	-1368
3.82809996605	-1420
3.82810497284	-1316
3.82812404633	-1368
3.82831406593	-1368
3.82881188393	-1420
3.82883501053	-1420
3.82887601852	-1264
3.82887792587	-1368
3.82894086838	-1368
3.82920503616	-1420
3.82922506332	-1316
3.8294980526	-1368
3.8295249939	-1368
3.82957386971	-1368
3.82981204987	-1368
3.82998490334	1460
3.83003401756	1139
3.83023905754	543
3.83041405678	543
3.83065891266	-1368
3.8307800293	-1420
3.83080387115	-1316
3.83091807365	543
3.83127093315	-1420
3.83127593994	-1420
3.8313190937	-1264
3.83197188377	-1420
3.83201289177	-1420
3.83201503754	-1264
3.83213806152	-1420
3.83214187622	-1316
3.83216285706	-1368
3.83244490623	-1420
3.83246803284	-1316
3.83247303963	-1368
3.83295798302	-1420
3.83296298981	-1420
3.83300209045	-1264
3.83306288719	-1420
3.83310103416	-1420
3.83310699463	-1264
3.83350801468	-1420
3.83351206779	-1420
3.8335518837	-1264
3.83355402946	-1368
3.83360600471	-1420
3.83360886574	-1316
3.83376002312	543
3.83403587341	-1420
3.8340408802	-1316
3.83434700966	-1368
3.83443188667	-1420
3.83447408676	-1420
3.83447694778	-1264
3.83823990822	-1420
3.83824396133	-1420
3.83828401566	-1264
3.84556388855	543
3.84674286842	543
3.84694290161	543
3.84713792801	543
3.8475060463	543
3.88689303398	-1420
3.88690590858	-1420
3.8869600296	-1420
3.88696193695	-1212
3.88702487946	-1420
3.8870279789	-1420
3.88707399368	-1264
3.88707709312	-1368
3.88711094856	-1420
3.88711309433	-1316
3.88725590706	-1368
3.88744997978	-1420
3.88749194145	-1420
3.88749504089	-1420
3.88755297661	-1420
3.88755607605	-1420
3.88759207726	-1108
3.88759493828	-1420
3.88762807846	-1316
3.88763093948	-1368
3.88772201538	-1420
3.8877260685	-1420
3.88775992393	-1420
3.8877620697	-1420
3.88779997826	-1420
3.8878030777	-1420
3.88783502579	-1056
3.88784599304	-1420
3.88792800903	-1316
3.88793087006	-1420
3.88796806335	-1420
3.8879699707	-997
3.88800597191	-1420
3.88800787926	-1420
3.88804101944	-1264
3.8881380558	-1420
3.88824295998	-1420
3.88824605942	-1264
3.88824796677	-1420
3.88824892044	-1420
3.88824987411	-1264
3.88825106621	-1368
3.8883960247	543
3.88871192932	543
3.88894605637	543
3.88942694664	1057
3.89692902565	-1420
3.89693498611	-1420
3.89698505402	-1264
3.89698791504	-1420
3.89703202248	-1420
3.8970348835	-1264
3.89707899094	-1420
3.89708209038	-1316
3.89736199379	-1420
3.89736604691	-1420
3.89740586281	-1420
3.89740800858	-1212
3.89744901657	-1368
3.89754891396	543
3.89766192436	-1420
3.89766407013	-1316
3.89772486687	-1368
3.89780688286	-1420
3.89784598351	-1420
3.89784908295	-1264
3.8979139328	-1368
3.89791703224	-1420
3.89795804024	-1420
3.89796090126	-1264
3.89799594879	-1420
3.89799904823	-1420
3.89803290367	-1264
3.89850497246	543
3.90173006058	1057
3.90191507339	1057
3.90215396881	1460
3.9022128582	140
3.91959285736	1057
3.92591691017	-543
3.93505096436	-1368
3.93514800072	543
3.93534398079	-1420
3.93534898758	-1420
3.93540096283	-1264
3.93659806252	-1420
3.93664002419	-1316
3.93664288521	-1420
3.93667697906	-1420
3.93667888641	-1264
3.93688607216	-1420
3.93689107895	-1316
3.93730092049	-1420
3.93730592728	-1420
3.93735194206	-1264
3.93760704994	-1368
3.93814706802	-1420
3.93815088272	-1316
3.93864893913	-1368
3.93886899948	543
3.93910503387	-1420
3.93910908699	-1316
3.93958497047	-1368
3.93986296654	543
3.94006991386	-1420
3.94007396698	-1316
3.94009900093	-1368
3.94032406807	-1420
3.94034600258	-1420
3.9403488636	-1264
3.94042491913	-1420
3.94042801857	-1316
3.94073486328	-1420
3.94073987007	-1420
3.94077897072	-1264
3.94089508057	-1368
3.94366192818	-1420
3.94366788864	-1316
3.94375991821	-1368
3.95424008369	-1420
3.95428395271	-1420
3.95428800583	-1264
3.95691990852	-1420
3.95692586899	-1420
3.95696997643	-1420
3.95697307587	-1212
3.95710802078	543
3.95714497566	-1420
3.95714688301	-1316
3.95728588104	-1420
3.95728898048	-1420
3.95733904839	-1264
3.95740890503	543
3.95765805244	-1368
3.9577589035	-1368
3.95778107643	-1420
3.95778393745	-1316
3.95788192749	-1420
3.95788598061	-1420
3.95793485641	-1264
3.95800995827	-1420
3.95804691315	-1316
3.95805001259	-1368
3.95810604095	-1368
3.9582259655	543
3.9582669735	-1368
3.95833301544	-1368
3.95838594437	-1420
3.95838904381	-1316
3.95889496803	-1368
3.95898795128	-1368
3.95900893211	-1368
3.95951795578	-1420
3.9595489502	-1420
3.95955300331	-1264
3.95982098579	-1420
3.95982599258	-1420
3.95986390114	-1264
3.96027708054	-1420
3.96030092239	-1316
3.96034407616	-1368
3.96044707298	543
3.9605948925	-1368
3.96076202393	-1420
3.9608039856	-1316
3.96099495888	-1420
3.96104097366	-1420
3.9610440731	-1264
3.96113991737	543
3.96159696579	-1420
3.96160292625	-1420
3.96162486076	-1264
3.96173596382	543
3.9620950222	543
3.96223306656	-1420
3.96223807335	-1420
3.96227693558	-1264
3.96269702911	-1368
3.96304392815	-1420
3.96304988861	-1316
3.96321606636	-1420
3.96322107315	-1316
3.96331095695	-1368
3.96403503418	-1420
3.96407794952	-1420
3.96408104897	-1264
3.97610998154	-1368
3.9762070179	-1420
3.97624897957	-1420
3.97625207901	-1264
3.97640585899	543
3.97677206993	-1420
3.97677707672	-1420
3.97681808472	-1264
3.97704601288	-1420
3.97708797455	-1316
3.97718906403	-1420
3.97723698616	-1420
3.97723889351	-1264
3.97736096382	-1368
3.97754001617	-1420
3.97756385803	-1316
3.97776889801	-1368
3.97789597511	-1420
3.97789907455	-1420
3.97793793678	-1264
3.97803092003	-1420
3.97807002068	-1420
3.97807192802	-1264
3.97815799713	-1420
3.97816085815	-1420
3.97819685936	-1264
3.97819900513	-1368
3.97829890251	-1368
3.97835588455	-1420
3.9783949852	-1420
3.97839689255	-1264
3.97849988937	-1420
3.97850298882	-1316
3.9785399437	-1368
3.97856688499	543
3.97862887383	-1368
3.97878098488	543
3.98247694969	-1420
3.98248291016	-1420
3.98252701759	-1264
3.98258090019	-1420
3.98262000084	-1420
3.98262190819	-1264
3.98303699493	543
3.98355507851	1086
3.98358201981	-1420
3.98358488083	-1316
3.98361206055	-1368
3.98392701149	543
3.9849588871	-1420
3.98496389389	-1420
3.98500490189	-1264
3.9855120182	-1420
3.98554706573	-1420
3.98554992676	-1264
3.99244594574	543
3.99279808998	543
4.00631904602	-1368
4.00701904297	-1420
4.00706505775	-1316
4.00716400146	-1368
4.00776386261	-1368
4.00786304474	-1368
4.00799298286	-1420
4.00799608231	-1316
4.00810003281	-1420
4.00810194016	-1420
4.00814795494	-1264
4.00814986229	-1368
4.00827288628	-1420
4.00827598572	-1316
4.00832486153	-1368
4.00839185715	543
4.00857496262	-1420
4.00857806206	-1420
4.00861597061	-1264
4.00861787796	-1368
4.008893013	-1420
4.00889801979	-1420
4.00894498825	-1264
4.00894808769	-1420
4.00901889801	-1316
4.00933098793	-1420
4.00935506821	-1316
4.00935792923	-1368
4.00945806503	543
4.00964403152	-1368
4.0099439621	-1420
4.00998687744	-1420
4.00998997688	-1264
4.0100839138	-1420
4.01008796692	-1420
4.0101249218	-1264
4.01018190384	-1420
4.01021885872	-1420
4.01022195816	-1264
4.01040697098	-1420
4.01041197777	-1420
4.01046991348	-1264
4.01047205925	-1420
4.01050806046	-1420
4.0105099678	-1264
4.01069307327	-1420
4.01069808006	-1316
4.0107550621	-1368
4.01081705093	543
4.01105904579	543
4.01755690575	-883
4.01762700081	543
4.01792001724	543
4.01808691025	-1420
4.01809191704	-1316
4.01834201813	-1368
4.02815103531	-1368
4.05203509331	-1368
4.05491495132	-1420
4.05496501923	-1420
4.05496788025	-1264
4.05663299561	-1420
4.05663895607	-1316
4.05675196648	543
4.05749797821	-1368
4.06188106537	-1420
4.06193304062	-1316
4.06455898285	-1420
4.06460690498	-1316
4.0646469593	-1420
4.06467604637	-1316
4.06474804878	-1368
4.06499195099	-1420
4.06499695778	-1420
4.0650370121	-1264
4.06559085846	-1420
4.0656349659	-1420
4.06563806534	-1264
4.06574106216	543
4.06593799591	-1420
4.06594085693	-1420
4.06597805023	-1264
4.06626391411	-1420
4.0663049221	-1420
4.06630706787	-1264
4.06639790535	-1420
4.06640100479	-1420
4.06643605232	-1264
4.0665500164	-1420
4.06658792496	-1420
4.0665910244	-1264
4.0687558651	-1368
4.06896090508	-1420
4.06900000572	-1316
4.06924104691	-1368
4.06941890717	-1420
4.06942200661	-1420
4.06945991516	-1264
4.06950998306	-1420
4.06952905655	-1316
4.06973695755	-1420
4.06975603104	-1316
4.06975889206	-1420
4.06977391243	-1316
4.06989002228	-1420
4.06991004944	-1316
4.07024502754	-1368
4.070333004	-1368
4.07033586502	-1368
4.07039403915	-1420
4.0703959465	-1316
4.07050585747	-1420
4.07050895691	-1316
4.07060408592	-1368
4.07073307037	1057
4.07077097893	-1420
4.07077288628	-1420
4.07077407837	-1264
4.07094788551	543
4.07132387161	-1420
4.0713288784	-1316
4.07134890556	-1368
4.07160687447	-1420
4.07162904739	-1420
4.07163190842	-1264
4.07164788246	-1368
4.07171607018	543
4.07372689247	543
4.07409191132	-1420
4.07409501076	-1316
4.07425403595	-1420
4.07425689697	-1316
4.07427501678	-1368
4.07444500923	-1420
4.07448387146	-1420
4.07448601723	-1264
4.07452106476	-1368
4.07791590691	543
4.07795596123	-1420
4.07795906067	-1316
4.07991695404	-1420
4.07992196083	-1316
4.08002901077	543
4.08009386063	-1368
4.08019995689	-1420
4.0802230835	-1316
4.08034396172	-1420
4.08036398888	-1316
4.08036708832	-1368
4.08056306839	-1420
4.08056807518	-1316
4.08066892624	-1368
4.08084607124	-1420
4.0808699131	-1316
4.08102607727	-1420
4.08104801178	-1316
4.08111691475	-1368
4.08123898506	-1420
4.08124399185	-1316
4.08126306534	-1368
4.08135890961	-1368
4.08139491081	543
4.0816860199	-1368
4.08183288574	-1420
4.08187603951	-1420
4.08188009262	-1264
4.082020998	-1420
4.08202600479	-1316
4.08215308189	-1420
4.08215594292	-1420
4.08219408989	-1264
4.08245587349	-1420
4.08249807358	-1420
4.0825009346	-1264
4.08301997185	-1420
4.08302402496	-1420
4.08306193352	-1264
4.084389925	-1420
4.08442902565	-1420
4.08443188667	-1264
4.08589887619	1057
4.08952593803	1086
4.09393906593	543
4.0941400528	543
4.09741401672	-1368
4.09770488739	-1420
4.09776496887	-1316
4.09788489342	-1368
4.09796690941	-1368
4.0981528759	-1420
4.09819602966	-1420
4.09819889069	-1264
4.09845304489	-1368
4.09894800186	-1420
4.09897208214	-1316
4.09940195084	-1368
4.10239100456	-1420
4.10239505768	-1420
4.10243701935	-1264
4.10306406021	-1420
4.10310387611	-1420
4.10310602188	-1264
4.10340690613	-1368
4.10370707512	-1420
4.10372686386	-1316
4.103992939	-1420
4.10403108597	-1420
4.10403299332	-1264
4.10454201698	-1420
4.10454487801	-1420
4.10456299782	-1264
4.10488390923	-1368
4.10522198677	-1420
4.10522508621	-1316
4.10556793213	-1368
4.10570192337	543
4.11144590378	-1368
4.11181092262	-1420
4.11184501648	-1420
4.1118478775	-1264
4.11202192307	-1420
4.11202597618	-1316
4.11242508888	-1368
4.11972498894	543
4.12158489227	-543
4.1221818924	-524
4.12233901024	-524
4.14431595802	-524
4.14541387558	-524
4.15794491768	-1420
4.15795898438	-1420
4.15800309181	-1264
4.15800499916	-1420
4.15802407265	-1316
4.15824890137	-965
4.15844202042	-1420
4.15845489502	-1420
4.15849304199	-1420
4.15849494934	-1420
4.15855693817	-1160
4.15856003761	-1420
4.15863108635	-1316
4.15863394737	-1420
4.15867090225	-1420
4.15867400169	-1264
4.15874385834	-1368
4.15874695778	-1420
4.15878200531	-1420
4.15878486633	-1264
4.15883898735	-1368
4.15884208679	-1368
4.15899300575	-1420
4.15899705887	-1420
4.15903496742	-1264
4.15903806686	-1420
4.1590719223	-1420
4.15907406807	-1420
4.15910792351	-1212
4.1591129303	-1420
4.15916490555	-1316
4.15916705132	-1368
4.15927886963	-1420
4.15928292274	-1420
4.15932488441	-1264
4.15932798386	-1420
4.15936207771	-1420
4.15936398506	-1420
4.15939807892	-1212
4.15940093994	-1368
4.15945291519	-1420
4.15945601463	-1316
4.1599509716	543
4.16045999527	543
4.16138005257	-1368
4.16144585609	543
4.16301107407	-1048
4.16554498672	-1048
4.17010688782	-1368
4.17157387733	-1368
4.17171692848	-1368
4.19416689873	-1420
4.19421386719	-1316
4.20812702179	-1420
4.20817899704	-1316
4.20870804787	-1420
4.20873308182	-1316
4.20950102806	-1368
4.21920990944	-1420
4.2192158699	-1420
4.21925806999	-1264
4.22825694084	-1368
4.24675107002	-1420
4.24675893784	-1420
4.24680685997	-1264
4.24680995941	-1420
4.24684596062	-1420
4.24685692787	-1264
4.24689292908	-1420
4.24689507484	-1316
4.24703907967	-1420
4.24704194069	-1420
4.24708795547	-1420
4.24709105492	-1212
4.24712395668	-1420
4.24712586403	-1420
4.24716591835	-1264
4.2523598671	-1420
4.25240492821	-1420
4.25240802765	-1420
4.25242495537	-1212
4.25254893303	543
4.26106500626	-1420
4.26107406616	-1420
4.26111793518	-1420
4.26112008095	-1212
4.26113700867	-1368
4.26121807098	-1368
4.26131486893	543
4.26167106628	-1420
4.26167607307	-1316
4.26208496094	-1420
4.26208996773	-1316
4.26211309433	-1368
4.26332902908	-1420
4.26337599754	-1420
4.26337885857	-1420
4.26341605186	-1212
4.26341795921	-1420
4.26349306107	-1420
4.26349496841	-1264
4.26353192329	-1420
4.26353406906	-1316
4.2637898922	-1368
4.26397109032	-1420
4.26403403282	-1420
4.26403689384	-1420
4.26407194138	-1420
4.26407504082	-1160
4.26410794258	-1420
4.26411008835	-1420
4.26417994499	-1264
4.26418209076	-1420
4.2642159462	-1420
4.26422095299	-1264
4.26425600052	-1420
4.26425790787	-1420
4.2642929554	-1264
4.26437687874	-1420
4.26441502571	-1420
4.26441788673	-1264
4.2644879818	-1368
4.26449108124	-1420
4.26451086998	-1420
4.26451396942	-1264
4.26460599899	543
4.2648460865	543
4.26765799522	-524
4.26796102524	-524
4.27531599998	-1420
4.2753238678	-1316
4.28441905975	-1420
4.28442502022	-1316
4.29253292084	-1119
4.30368685722	543
4.30392789841	543
4.33824491501	-1368
4.33849596977	543
4.38931798935	-103
4.39296102524	543
4.43435406685	-1347
4.45455288887	-1368
4.46700501442	-1420
4.46702289581	-1420
4.4670779705	-1264
4.46708106995	-1420
4.46711707115	-1316
4.47503685951	-1368
4.47719907761	-1420
4.47720599174	-1420
4.47725200653	-1420
4.47725391388	-1212
4.47911405563	-1420
4.47911787033	-1316
4.48122286797	-1420
4.48123693466	-1420
4.48125600815	-1264
4.48495101929	-1368
4.48692393303	-1420
4.48692893982	-1420
4.48698687553	-1264
4.48861598969	-1420
4.48865509033	-1316
4.49019503593	543
4.49037098885	-1368
4.49041986465	543
4.49164605141	-1368
4.49639701843	-1420
4.49643802643	-1420
4.49644088745	-1420
4.49647498131	-1212
4.49761986732	-1368
4.50449585915	-1368
4.50458288193	543
4.5062289238	-1368
4.51455688477	-1368
4.51506495476	543
4.51528000832	543
4.52194190025	-1368
4.52204108238	-1368
4.52441501617	-1368
4.54365897179	-1420
4.54372596741	-1316
4.56383705139	-742
4.61885094643	-1368
4.61886906624	-1368
4.61912608147	-1420
4.61913108826	-1420
4.61917185783	-1264
4.61972594261	543
4.61997509003	543
4.62021589279	543
4.62040901184	543
4.6264128685	-1368
4.62662506104	-1420
4.62666893005	-1316
4.63272094727	543
4.63294291496	543
4.63672804832	-1368
4.63673305511	-1368
4.63685703278	-1368
4.6899740696	543
4.69021201134	543
4.71671891212	-543
4.73283290863	-633
4.75040793419	543
4.75066590309	543
4.82523608208	-1420
4.8252530098	-1316
4.83599805832	-1368
4.83617901802	-1368
4.86240506172	-298
4.97685194016	-1368
4.98684692383	-1420
4.98690295219	-1420
4.98690795898	-1264
4.99200296402	-841
5.01956105232	-1368
5.07630491257	-1368
5.14919090271	-978
5.1741669178	1057
5.27882504463	-543
5.3063519001	-1368
5.40526294708	-1368
5.40825200081	-464
5.41464686394	543
5.41488695145	543
5.53780198097	-543
5.56517004967	-543
5.56648206711	-524
5.5667848587	-1420
5.56682395935	-152
5.56684088707	-524
5.56731104851	-524
5.56759905815	-1048
5.56804990768	-1048
5.56842708588	-1048
5.56846308708	-1048
5.56851601601	-1048
5.57016587257	543
5.58600592613	-1420
5.58602190018	-1200
5.58610296249	-524
5.6912279129	-70
5.71065688133	-1420
5.71069407463	-152
5.71161293983	-1048
5.71246194839	-524
5.71363186836	-1048
5.71451187134	-524
5.71529889107	-1420
5.71530604362	-152
5.7162899971	-524
5.71724200249	-1048
5.71731305122	-1048
5.7182328701	-524
5.71881103516	543
5.71911096573	-524
5.72018504143	-1048
5.7203168869	-1048
5.72205400467	-524
5.72256803513	-524
5.72391486168	-1420
5.72396802902	-152
5.72401785851	-524
5.72414398193	-524
5.72529196739	-524
5.72653007507	-1048
5.72657203674	-1420
5.72660493851	-152
5.72755289078	-1048
5.72873687744	-524
5.73039293289	-1048
5.7324719429	-524
5.73413395882	-1420
5.73413991928	-152
5.73425889015	-1048
5.73478889465	-524
5.73634004593	-524
5.73749899864	-1048
5.73754906654	-1420
5.73755192757	-152
5.74006199837	-524
5.74113297462	-1048
5.81363391876	-543
5.82452607155	-1368
5.84231090546	-184
5.86429190636	-524
5.86558198929	-1420
5.86558794975	-676
5.86707687378	-524
5.86975002289	-524
5.87564492226	-1420
5.87565088272	-152
5.87569189072	-524
5.87740802765	-524
5.88040399551	543
5.88682508469	-524
5.88796806335	-1420
5.88801693916	-152
5.8880200386	-1048
5.89146208763	-524
5.89417290688	-524
5.8943529129	-524
5.8944170475	-1420
5.89445590973	-152
5.89630198479	-524
5.89783406258	-1048
5.89790201187	-1048
5.89792609215	-524
5.9023809433	543
5.9033498764	-524
5.90509009361	-1420
5.90513396263	-1200
5.90934085846	-524
5.91261196136	-524
5.91603708267	-524
5.91769790649	-1048
5.91992688179	-524
5.92363786697	-1048
5.92509889603	-524
5.92698001862	-524
5.92871594429	-1420
5.92879700661	-152
5.92879891396	-1048
5.93028306961	-524
5.93120288849	-1048
5.93169498444	-524
5.93238902092	-524
5.93250989914	-1420
5.93253087997	-152
5.93307805061	-524
5.93308091164	-524
5.93384504318	-1048
5.9339659214	-1420
5.93396806717	-152
5.9339928627	543
5.9345510006	-524
5.93548607826	-1420
5.93552088737	-152
5.93557906151	-524
5.93616890907	-524
5.9367120266	-524
5.93833398819	-524
5.9385368824	-1420
5.93853998184	-152
5.93912005424	-524
5.94110202789	-524
5.94265198708	-524
5.94273495674	-1048
5.94525909424	-1048
5.94526290894	-1048
5.94530296326	-1420
5.94585490227	-152
5.94706702232	-524
5.9493329525	-1048
5.94950604439	-1420
5.94950985909	-152
5.95046806335	-524
5.95150995255	-524
5.95356202126	-524
5.95393705368	-232
5.95431208611	-1420
5.95434999466	-676
5.95542502403	-524
6.00205206871	-246
6.00355195999	-1420
6.00360107422	-1200
6.00360393524	-524
6.00441789627	-1420
6.00442385674	-1200
6.00456786156	-1048
6.0045800209	-524
6.0053050518	-1420
6.00532007217	-152
6.00536298752	-1048
6.00542902946	-1048
6.00551986694	-524
6.00607585907	-1048
6.0061750412	543
6.0062110424	-1420
6.00639390945	-676
6.00641989708	543
6.00643396378	-1048
6.00728201866	-524
6.0079460144	-524
6.08351588249	-543
6.12350392342	-455
6.21300506592	-1086
6.34255504608	-1086
6.85952091217	-543
6.86015486717	543
6.8624830246	1057
6.98891997337	-543
7.41818189621	-543
7.67431688309	-543
7.67476296425	543
7.68962597847	543
7.80375409126	-543
8.14223003387	-543
8.14613699913	1057
8.30829405785	-543
8.55107188225	-543
8.80543208122	-543
8.80617403984	543
9.22867703438	543
9.23125600815	-543
9.55165791512	-543
9.61280989647	1460
9.61289906502	1460
9.61294293404	193
