0	-543
0.39742898941	543
1.16245698929	-543
1.39740490913	543
1.39750599861	543
1.70901703835	-543
3.16741514206	1057
4.3369910717	-543
4.71077394485	-543
4.78065609932	1057
6.70336604118	-543
7.85536003113	-1368
7.85547494888	-1368
7.8555419445	-891
7.8566839695	-1368
7.85675811768	-1368
7.85695099831	-1368
7.85712194443	-1368
7.85729908943	-1368
7.85741996765	-1368
7.85803198814	543
7.98413300514	-1368
7.98440313339	-849
7.99468111992	1057
8.14241194725	-1368
8.14247393608	-1368
8.14253497124	-891
8.14290595055	-1368
8.14296412468	-1368
8.14310097694	-1368
8.14324593544	-1368
8.1433699131	-1368
8.1434431076	-1368
8.15075707436	543
8.15629696846	1368
8.16337704659	-1368
8.16350913048	-1368
8.16371297836	-1368
8.1721739769	1368
8.18340301514	1368
8.19871807098	1368
8.21372509003	1368
8.27111506462	-1368
8.27124905586	-1368
8.27126693726	-90
8.28479003906	1305
8.39788293839	543
8.42871904373	-1368
8.4288020134	-1368
8.42885804176	-891
8.45993804932	1057
8.47868895531	-1368
8.47896099091	-1368
8.49757409096	-543
8.50728297234	-1368
8.52144098282	1368
8.52703905106	1368
8.53098106384	1368
8.56759905815	-1368
8.56820201874	1368
8.56837010384	1368
8.56873297691	1368
8.56884407997	1368
8.56917190552	1368
8.56933307648	1368
8.57045292854	1368
8.57123398781	1368
8.5894651413	-870
8.58949995041	1368
8.58950591087	728
8.65568304062	1368
8.65568709373	1368
8.65580391884	1368
8.65580606461	1368
8.69749712944	1368
8.69750094414	1368
8.71901607513	-1086
8.71903991699	675
8.7197239399	1368
8.71973109245	1368
8.71984791756	1368
8.719851017	1368
8.7199640274	1368
8.72792005539	-1368
8.72800707817	-1368
8.72808814049	-1368
8.72826099396	-1368
8.73000192642	-1368
8.73017311096	-1368
8.73025393486	-1368
8.73146390915	-1368
8.73156094551	-1368
8.73177909851	-1368
8.74800395966	-1368
8.7481110096	-1368
8.74836707115	-1368
8.74847602844	-1368
8.77043890953	-1368
8.77050304413	-1368
8.7711930275	1368
8.77120113373	1368
8.78477597237	-1368
8.84850311279	-736
8.84852313995	820
8.86007905006	-1368
8.86017298698	-1368
8.86028194427	-1368
8.86050009727	-1368
8.8606710434	-1368
8.86077594757	1368
8.86078310013	1368
8.86078596115	-1368
8.86089992523	1368
8.86100196838	-1368
8.86111211777	-1368
8.86124491692	-1368
8.86236190796	-1368
8.86246395111	-1368
8.86258792877	-1368
8.86273813248	-1368
8.8629090786	-1368
8.8629629612	-1368
8.86320209503	-1368
8.86334705353	-1368
8.86344099045	-1368
8.86357593536	-1368
8.87674713135	-1368
8.87689995766	-1368
8.87696909904	-1368
8.87707495689	-1368
8.87773394585	-1368
8.87781500816	-1368
8.8780169487	-1368
8.8934841156	-1368
8.90110707283	-1368
8.90120792389	-1368
8.90131306648	-1368
8.90146398544	-1368
8.95090103149	-1368
8.95096993446	-1368
8.97715711594	-1368
8.97720003128	609
8.97724890709	-1368
8.9903049469	-1368
8.99044299126	-1368
8.99056601524	-1368
8.99069094658	-1368
8.99080991745	-1368
8.99090909958	-1368
8.99102807045	-1368
8.99115109444	-1368
8.99128198624	-1368
8.99147796631	-1368
8.99160194397	-1368
8.99169611931	-1368
8.99173903465	-1368
8.99189996719	-1368
8.99196791649	-1368
8.99211502075	-1368
8.99322390556	-1368
8.9933180809	-1368
8.99341797829	-1368
8.99360108376	-1368
8.9937210083	-1368
8.99381899834	-1368
8.99395895004	-1368
8.99405193329	-1368
8.99410796165	-1368
8.99418997765	-1368
8.99425911903	1368
8.99436306953	-1368
8.99447107315	-1368
8.99452900887	-1368
8.99469995499	-1368
8.99479103088	-1368
8.99493503571	-1368
8.99503207207	-1368
8.99519395828	-1368
8.9952480793	-1368
8.99540400505	-1368
9.0076611042	-1368
9.00780892372	-1368
9.00794792175	-1368
9.00813913345	-1368
9.00875091553	-1368
9.00885009766	-1368
9.00894403458	-1368
9.0089700222	-1368
9.00952506065	-1368
9.0096321106	-1368
9.00988698006	-1368
9.01011109352	-1368
9.01044893265	-1368
9.0105650425	-1368
9.01074910164	-1368
9.01082992554	-1368
9.03114295006	-1368
9.03116297722	-1368
9.03125905991	-1368
9.03132605553	-1368
9.03150200844	-1368
9.03160405159	-1368
9.03173208237	-1368
9.03190994263	-1368
9.06723594666	-1368
9.06734800339	-1368
9.07946610451	-1368
9.07953095436	-1368
9.07963204384	-1368
9.07973909378	-1368
9.07975506783	1368
9.10645914078	-1368
9.10648608208	464
9.10649609566	-1368
9.12170004845	-1368
9.12181901932	-1368
9.12190198898	-1368
9.12203598022	-1368
9.12221193314	-1368
9.12229299545	-1368
9.12240004539	-1368
9.12251996994	-1368
9.12259912491	-1368
9.12275910378	-1368
9.12282800674	-1368
9.12296199799	-1368
9.12309408188	-1368
9.12319612503	-1368
9.1233561039	-1368
9.12343502045	-1368
9.1235461235	-1368
9.12364697456	-1368
9.12379312515	-1368
9.1238899231	-1368
9.12402701378	-1368
9.12415790558	-1368
9.12427902222	-1368
9.124366045	-1368
9.12448191643	-1368
9.12462902069	-1368
9.12471413612	-1368
9.12486004829	-1368
9.12496304512	-1368
9.12506699562	-1368
9.12514591217	-1368
9.1253221035	-1368
9.12539100647	-1368
9.12549591064	-1368
9.12563109398	-1368
9.1257519722	-1368
9.12591695786	-1368
9.12601995468	-1368
9.12615799904	-1368
9.12625098228	-1368
9.12634801865	-1368
9.12648391724	-1368
9.12658190727	-1368
9.12675905228	-1368
9.12687301636	-1368
9.1269569397	-1368
9.12706613541	-1368
9.12716603279	-1368
9.12731599808	-1368
9.12746310234	-1368
9.12763214111	-1368
9.12768292427	-1368
9.12782812119	-1368
9.12790894508	-1368
9.12800312042	-1368
9.12814307213	-1368
9.12834095955	-1368
9.12842798233	-1368
9.12852191925	1368
9.12862801552	-1368
9.12875795364	-1368
9.12889790535	-1368
9.12896203995	-1368
9.12911295891	-1368
9.12925696373	-1368
9.12941193581	-1368
9.12954998016	-1368
9.12962913513	-1368
9.12971901894	-1368
9.12988805771	-1368
9.12992501259	-1368
9.13006210327	-1368
9.13019895554	-1368
9.13029813766	-1368
9.13040995598	-1368
9.13946509361	-1368
9.13957500458	-1368
9.13976812363	-1368
9.13993096352	-1368
9.13995695114	-1368
9.13998603821	-1368
9.14001393318	-1368
9.14003896713	-1368
9.14091897011	-1368
9.14110302925	-1368
9.14122700691	-1368
9.14139008522	-1368
9.14152002335	-1368
9.14163398743	-1368
9.14170908928	-1368
9.14184308052	-1368
9.14213109016	1368
9.14213895798	-1368
9.14237499237	-1368
9.14261007309	-1368
9.14272499084	-1368
9.14291405678	-1368
9.14315295219	-1368
9.143419981	-1368
9.14356398582	-1368
9.14358901978	1368
9.14376091957	-1368
9.14396810532	-1368
9.14416098595	-1368
9.14427495003	-1368
9.14430308342	-1368
9.14433908463	-1368
9.14437294006	-1368
9.14455294609	-1368
9.16107702255	-1368
9.16119599342	-1368
9.16130590439	-1368
9.16146397591	-1368
9.16164708138	-1368
9.16176509857	-1368
9.1618180275	-1368
9.1619849205	-1368
9.1621761322	-1368
9.16224098206	-1368
9.16229391098	-1368
9.16232395172	-1368
9.16250896454	-1368
9.16267704964	-1368
9.16276192665	-1368
9.16278791428	-1368
9.19887304306	-1368
9.19896006584	-1368
9.19909501076	-1368
9.1991751194	-1368
9.20810294151	-1368
9.20823597908	-1368
9.2083439827	-1368
9.20838594437	1368
9.20845198631	-1368
9.20855593681	-1368
9.2086520195	-1368
9.2088329792	-1368
9.20896410942	-1368
9.23536801338	-1368
9.23539710045	1044
9.23540711403	-1368
9.25028991699	-1368
9.25037097931	-1368
9.25052309036	-1368
9.25058293343	-1368
9.25079703331	-1368
9.25092291832	-1368
9.25093412399	-1368
9.25106811523	-1368
9.25159502029	-1368
9.25171113014	-1368
9.25190496445	-1368
9.25195002556	-1368
9.25201010704	-1368
9.25214409828	-1368
9.25230193138	-1368
9.25239706039	-1368
9.25253510475	-1368
9.25262904167	-1368
9.25273799896	-1368
9.25290107727	-1368
9.25311112404	-1368
9.25326704979	-1368
9.25349998474	-1368
9.25351810455	-1368
9.25360298157	-1368
9.25369501114	-1368
9.25376391411	-1368
9.25388813019	-1368
9.25414609909	-1368
9.25429201126	-1368
9.2543759346	-1368
9.25453305244	-1368
9.25465703011	-1368
9.25475406647	-1368
9.25482296944	-1368
9.25482296944	1368
9.25492095947	-1368
9.25522112846	-1368
9.25532412529	-1368
9.25540614128	-1368
9.25557398796	-1368
9.2556810379	-1368
9.25576901436	-1368
9.25586605072	-1368
9.25599598885	-1368
9.2561609745	-1368
9.25626707077	-1368
9.25644493103	-1368
9.25659799576	-1368
9.25682806969	-1368
9.25700211525	-1368
9.25705003738	-1368
9.25708413124	-1368
9.25711297989	-1368
9.25720500946	-1368
9.25730395317	-1368
9.25745010376	-1368
9.25761294365	-1368
9.25771713257	-1368
9.25783109665	-1368
9.25791501999	-1368
9.25800991058	-1368
9.25813698769	-1368
9.2582449913	1368
9.25828194618	-1368
9.25834798813	-1368
9.25853013992	-1368
9.25866413116	-1368
9.25872397423	-1368
9.2589161396	-1368
9.259567976	-1368
9.25962495804	-1368
9.25981211662	-1368
9.25997114182	-1368
9.26039910316	-1368
9.2605650425	-1368
9.26073002815	-1368
9.26092791557	-1368
9.2610669136	-1368
9.26141405106	-1368
9.26154398918	-1368
9.26165604591	-1368
9.26176404953	-1368
9.26191210747	-1368
9.26217603683	-1368
9.26239800453	-1368
9.26251411438	1368
9.26264190674	-1368
9.26271009445	-1368
9.26289391518	-1368
9.26308012009	-1368
9.26324295998	-1368
9.2633690834	-1368
9.26350402832	-1368
9.26361608505	-1368
9.26372313499	-1368
9.2639169693	-1368
9.26412010193	-1368
9.26424098015	-1368
9.26427412033	-1368
9.2643020153	-1368
9.26432991028	-1368
9.26443791389	-1368
9.26461410522	1368
9.2648100853	-1368
9.26491999626	-1368
9.26500797272	-1368
9.26505899429	-1368
9.26526403427	-1368
9.26559090614	-1368
9.26572704315	-1368
9.2658200264	-1368
9.26599502563	-1368
9.2662820816	-1368
9.26652908325	-1368
9.26669406891	-1368
9.26679897308	-1368
9.26685500145	-1368
9.26701211929	-1368
9.26710295677	1368
9.26711511612	1368
9.26720094681	-1368
9.26728606224	-1368
9.26754212379	1368
9.2675549984	1368
9.26766896248	-1368
9.2676820755	1368
9.26776504517	1368
9.26801991463	-1368
9.26804804802	-1368
9.26807498932	-1368
9.26817107201	-1368
9.26826310158	-1368
9.26836705208	-1368
9.2684340477	-1368
9.26852893829	-1368
9.26868009567	-1368
9.26871705055	-1368
9.26875901222	-1368
9.26879000664	-1368
9.26885008812	-1368
9.26896905899	-1368
9.2690680027	-1368
9.26914691925	-1368
9.26919198036	-1368
9.26923108101	-1368
9.26924991608	-1368
9.26930308342	-1368
9.26946997643	-1368
9.26961112022	-1368
9.26970601082	-1368
9.26981902122	-1368
9.27011990547	-1368
9.27023291588	-1368
9.27029204369	-1368
9.27031993866	-1368
9.27041196823	-1368
9.2706079483	-1368
9.27070498466	-1368
9.27082896233	-1368
9.27419495583	-1368
9.27421998978	-1368
9.27424812317	-1368
9.27430200577	-1368
9.27442598343	-1368
9.27456498146	-1368
9.27472710609	-1368
9.2749080658	-1368
9.27500200272	-1368
9.27520394325	-1368
9.27533793449	-1368
9.27536296844	-1368
9.27539110184	-1368
9.27541995049	-1368
9.27551698685	-1368
9.27560710907	-1368
9.27567791939	1368
9.27580904961	-1368
9.27593207359	-1368
9.27606511116	-1368
9.27622199059	-1368
9.27638411522	-1368
9.27663993835	-1368
9.27706098557	-1368
9.27736592293	-1368
9.27778196335	-1368
9.27798199654	-1368
9.27837991714	-1368
9.27861094475	-1368
9.278840065	-1368
9.27898812294	-1368
9.27908301353	-1368
9.27935791016	-1368
9.27963399887	-1095
9.27991604805	-1368
9.28027200699	-1368
9.28029108047	-1368
9.28048610687	-1368
9.28057312965	-1368
9.28079605103	-1368
9.28084111214	-1368
9.28088212013	-1368
9.28093791008	-1368
9.28106594086	-1368
9.28108692169	1368
9.28109693527	-1368
9.28117108345	-1368
9.28119707108	-1368
9.28123307228	-1368
9.29115104675	-1368
9.2912709713	-1368
9.29153108597	-1368
9.29161405563	-1368
9.2917599678	-1368
9.29179406166	-1368
9.29183197021	-1368
9.29185605049	-1368
9.29188609123	-1368
9.29194712639	-1368
9.29198408127	-1368
9.2921500206	-1368
9.29224801064	-1368
9.29236292839	-1368
9.29266810417	-1368
9.29292201996	-1368
9.29513192177	1368
9.32769393921	-1368
9.32772898674	-1368
9.3278400898	-1368
9.32798910141	-1368
9.33685398102	-1368
9.33692193031	-1368
9.33765912056	-1368
9.33775305748	-1368
9.33791708946	-1368
9.33801198006	1368
9.33810400963	-1368
9.33816313744	-1368
9.33825707436	-1368
9.36635303497	-1368
9.36638307571	533
9.36643791199	-1368
9.3791821003	-1368
9.37928199768	-1368
9.37947010994	-1368
9.3795440197	-1368
9.37965893745	-1368
9.37980294228	-1368
9.37988710403	-1368
9.37999510765	-1368
9.38016009331	-1368
9.38021993637	-1368
9.3803319931	-1368
9.38048505783	-1368
9.38058805466	-1368
9.38075613976	-1368
9.38095211983	-1368
9.38106513023	-1368
9.38136005402	1368
9.38146901131	-1368
9.38148593903	-1368
9.38174295425	-1368
9.38179898262	-1368
9.38198304176	-1368
9.38215613365	-1368
9.38224291801	-1368
9.38232398033	-1368
9.38245606422	-1368
9.38263106346	-1368
9.3828561306	-1368
9.38288712502	-1368
9.38315391541	-1368
9.38323712349	-1368
9.38334798813	-1368
9.38348007202	-1368
9.38357710838	-1368
9.38368296623	-1368
9.38382291794	-1368
9.38392591476	-1368
9.38406801224	-1368
9.38418793678	-1368
9.38455700874	-1368
9.38462996483	-1368
9.38540196419	-1368
9.38548612595	-1368
9.38558411598	-1368
9.38573908806	-1368
9.38583898544	-1368
9.38598799706	-1368
9.38612103462	-1368
9.38614702225	-1368
9.38668298721	-1368
9.38684201241	-1368
9.38702011108	-1368
9.38717103004	-1368
9.38725805283	-1368
9.38747191429	-1368
9.38756990433	-1368
9.38782405853	-1368
9.38785290718	-1368
9.38789010048	-1368
9.38793897629	1368
9.38813591003	-1368
9.388215065	-1368
9.3883099556	-1368
9.38843512535	-1368
9.38866209984	-1368
9.38875293732	-1368
9.38900613785	-1368
9.38909506798	-1368
9.38921308517	-1368
9.38932013512	-1368
9.3895740509	-1368
9.38966608047	-1368
9.38983011246	-1368
9.3899679184	-1368
9.39002394676	-1368
9.39018392563	-1368
9.39026713371	-1368
9.39035701752	-1368
9.39050292969	-1368
9.39057993889	-1368
9.39073991776	-1368
9.3909099102	-1368
9.40108704567	1368
9.40937209129	-1309
9.42403292656	-1368
9.42430496216	-1368
9.42436599731	-1368
9.42445993423	-1368
9.42459893227	-1368
9.42578005791	-1368
9.42652797699	-1368
9.42663311958	-1368
9.42747092247	-1368
9.42757511139	-1368
9.42777109146	-1368
9.42884206772	-1368
9.43113613129	-1368
9.43185901642	-1368
9.4319050312	-1368
9.43195295334	-1368
9.43271899223	-1368
9.43296813965	-1368
9.43307709694	-1368
9.43319511414	-1368
9.43330192566	-1368
9.43341994286	-1368
9.43403506279	-1368
9.43415904045	-1368
9.43427491188	-1368
9.43504309654	-1368
9.4351811409	-1368
9.43538713455	-1368
9.43552613258	-1368
9.43563508987	-1368
9.43575310707	-1368
9.43587493896	-1368
9.43599295616	-1368
9.43611192703	-1368
9.43626308441	-1368
9.43638706207	-1368
9.43650102615	-1368
9.43663406372	-1368
9.43678498268	-1368
9.436866045	-1368
9.43699407578	-1368
9.43709206581	-1368
9.43721604347	-1368
9.43740606308	-1368
9.43746399879	-1368
9.43758797646	-1368
9.43783998489	-1368
9.43797206879	-1368
9.43799805641	1368
9.43804001808	-1368
9.43823504448	-1368
9.43838095665	-1368
9.43842196465	-1368
9.4385471344	-1368
9.43866991997	-1368
9.43874692917	-1368
9.43892908096	-1368
9.43907094002	-1368
9.43910813332	-1368
9.43938994408	-1368
9.43952202797	-1368
9.43969011307	-1368
9.43980908394	-1368
9.43983697891	-1368
9.43990802765	-1368
9.43994808197	-1368
9.44010591507	-1368
9.44018697739	-1368
9.44032812119	-1368
9.4404630661	1368
9.44068694115	-1368
9.44076991081	-1368
9.44094109535	-1368
9.44105291367	-1368
9.44117498398	-1368
9.44137597084	-1368
9.44149112701	-1368
9.4415409565	-1368
9.44220495224	-1368
9.44226908684	-1368
9.44247603416	-1368
9.44257807732	-1368
9.44270992279	-1368
9.44289302826	-1368
9.44294190407	-1368
9.4430770874	-1368
9.4431989193	-1368
9.44326806068	-1368
9.44404101372	-1368
9.44415712357	-1368
9.44445204735	-1368
9.44455003738	-1368
9.44460701942	-1368
9.44472408295	-1368
9.44481801987	-1368
9.44502496719	-1368
9.4452009201	-1368
9.44562101364	-1368
9.44577908516	-1368
9.44597005844	-1368
9.44600105286	-1368
9.4460670948	-1368
9.44620609283	-1368
9.44639897346	-1368
9.44646000862	-1368
9.44661402702	-1368
9.44674611092	-1368
9.44688510895	-1368
9.44694209099	1368
9.44707107544	-1368
9.4489839077	-1368
9.4491019249	-1368
9.44918704033	-1368
9.44928812981	-1368
9.45055699348	-1368
9.4506149292	-1368
9.45066690445	-1368
9.45072007179	-1368
9.45076012611	-1368
9.45080399513	-1368
9.45097994804	-1368
9.45102000237	-1368
9.45114898682	-1368
9.45134091377	-1368
9.4514439106	-1368
9.4516890049	-1368
9.45170593262	-1368
9.45177006721	-1368
9.45190095901	-1368
9.45199894905	-1368
9.4521279335	-1368
9.45252799988	-1368
9.4526181221	-1368
9.45271897316	-1368
9.45293402672	-1368
9.45296001434	-1368
9.45313501358	-1368
9.45323204994	-1368
9.45333504677	-1368
9.45343208313	-1368
9.4566719532	-1368
9.47624492645	-1368
9.47634792328	-1368
9.47649502754	-1368
9.47724604607	-1368
9.47733712196	-1368
9.47745394707	-1368
9.47771906853	1368
9.49781799316	-1368
9.49784898758	712
9.49791002274	-1368
9.5224840641	-1368
9.52254509926	-1368
9.52271509171	-1368
9.52300000191	-1368
9.52323007584	-1368
9.53086400032	1368
9.53700304031	-1368
9.54413104057	-1368
9.54420995712	-1368
9.54431509972	-1368
9.54471302032	-1368
9.54987192154	-1368
9.55001497269	-1368
9.55005693436	-1368
9.55033493042	-1368
9.55045199394	-1368
9.55061602592	-1368
9.55072903633	-1368
9.55081295967	-1368
9.55092406273	-1368
9.55291700363	-1368
9.55301904678	-1368
9.55313396454	-1368
9.5542049408	-836
9.55458593369	-1368
9.55464410782	-1368
9.55484509468	-1368
9.55492210388	-1368
9.55502796173	-1368
9.55561709404	-1368
9.55828595161	-1368
9.55841398239	-1368
9.55882501602	-1368
9.55890107155	-1368
9.55902695656	-1368
9.5598320961	-1368
9.56111502647	-1368
9.56116700172	-1368
9.56127095222	-1368
9.56131410599	1368
9.56375598907	1368
9.56658697128	-1368
9.56667113304	-1368
9.56676793098	-1368
9.59968590736	-1368
9.59982395172	-1368
9.60012102127	-1368
9.60029506683	-1368
9.60043501854	-1368
9.60321593285	-1368
9.60346198082	-1368
9.60380101204	-1368
9.60534000397	-1368
9.60549807549	-1368
9.60559201241	-1368
9.62097501755	-1368
9.62669205666	1368
9.65943908691	385
9.68288993835	-1058
9.78803896904	1057
9.80010008812	-1368
9.80500793457	1368
9.81819009781	-1368
9.81827998161	-1368
9.81839108467	-1368
9.81894302368	1368
9.83146095276	-1368
9.8315911293	-1368
9.83171010017	-1368
9.83205699921	1368
9.83206391335	1368
9.83271598816	-1368
9.83272790909	-1368
9.83278894424	-1368
9.84883713722	-1368
9.84892392159	-1368
9.84905195236	-1368
9.85091805458	-496
9.9348449707	841
9.93747091293	-1368
9.9376809597	-1368
9.93803191185	1368
9.93882393837	-1368
9.93884301186	-1368
9.93887209892	-1368
9.93968200684	-1368
9.93973207474	-1368
9.93986392021	-1368
9.9402320385	-1368
9.94033408165	-1368
9.94044613838	1368
9.94045996666	-1368
9.9408159256	-1368
9.94142699242	-1368
9.94153094292	-1368
9.9416410923	-1368
9.94181108475	-1368
9.94205904007	-1368
9.94216513634	-1368
9.94232296944	-1368
9.94253492355	-1368
9.94271397591	-1368
9.94280290604	-1368
9.94297003746	-1368
9.94312596321	-1368
9.94326806068	-1368
9.9436340332	-1368
9.94379711151	-1368
9.94391012192	-1368
9.96173596382	-1368
9.96185112	-1368
9.96198296547	-1368
9.96207213402	-1368
10.0113101006	-1368
10.0189571381	-241
10.0228319168	-1368
10.0228841305	-1368
10.0230240822	-1368
10.0244619846	-1368
10.0245029926	-1368
10.0250809193	1368
10.0365350246	-1368
10.0365889072	-1368
10.067428112	667
10.0867891312	-1368
10.0911409855	-1368
10.0938119888	-1368
10.093930006	-1368
10.0940349102	-1368
10.0941641331	-1368
10.0942440033	-1368
10.0944020748	-1368
10.0945060253	-1368
10.0946199894	-1368
10.0947561264	-1368
10.0948951244	-1368
10.0949850082	-1368
10.0950980186	-1368
10.0952720642	-1368
10.0953640938	-1368
10.0954611301	-1368
10.0956199169	-1368
10.0957491398	-1368
10.095842123	-1368
10.0959670544	-1368
10.0960841179	-1368
10.096175909	-1368
10.0963361263	-1368
10.0965080261	-1368
10.0966219902	-1368
10.0966699123	-1368
10.0968599319	-1368
10.0969440937	-1368
10.0970139503	-1368
10.0973129272	-1368
10.097381115	-1368
10.0975000858	-1368
10.0977470875	-1368
10.0978350639	-1368
10.0979130268	1368
10.0979580879	-1368
10.0980789661	-1368
10.0982940197	-1368
10.0983819962	-1368
10.0984830856	-1368
10.0986719131	-1368
10.0987389088	-1368
10.0988240242	-1368
10.098968029	-1368
10.0990071297	-1368
10.1017789841	-1368
10.1018350124	-1368
10.1019699574	-1368
10.1021289825	-1368
10.1022279263	-1368
10.1023321152	-1368
10.102492094	-1368
10.102602005	-1368
10.1027009487	-1368
10.1028981209	-1368
10.1029820442	-1368
10.1030390263	-1368
10.1031930447	-1368
10.1033511162	-1368
10.1034209728	-1368
10.1035881042	-1368
10.1037471294	-1368
10.1042571068	-1368
10.1043119431	-1368
10.1043400764	-1368
10.1043670177	-1368
10.1043989658	-1368
10.1044270992	-1368
10.1045370102	-1368
10.1046249866	-1368
10.1047720909	-1368
10.1048591137	-1368
10.104929924	1368
10.1050269604	-1368
10.1051061153	-1368
10.1052651405	-1368
10.1053290367	-1368
10.1054940224	-1368
10.1056909561	-1368
10.1057620049	-1368
10.1058909893	-1368
10.1060681343	-1368
10.1061809063	-1368
10.111768961	-1368
10.1119270325	-1368
10.1120049953	-1368
10.117358923	-1368
10.1174790859	-1368
10.1176059246	-1368
10.1186480522	-1368
10.1187679768	-1368
10.1189000607	-1368
10.1202731133	-1368
10.1203920841	-1368
10.1205189228	-1368
10.1206269264	-1368
10.120732069	-1368
10.1208701134	-1368
10.1210069656	-1368
10.1211259365	-1368
10.1211791039	1368
10.1212739944	-1368
10.1215701103	-1368
10.1216189861	-1368
10.1217601299	-1368
10.1218709946	-1368
10.1219880581	-1368
10.1220939159	-1368
10.1231019497	-1368
10.123183012	-1368
10.1232359409	-1368
10.1235101223	-1368
10.1245551109	-1368
10.1246039867	-1368
10.1249029636	-1368
10.1250069141	-1368
10.1250939369	-1368
10.1252310276	-1368
10.1252839565	-1368
10.1254780293	-1368
10.1256439686	-1368
10.1256999969	-1368
10.125838995	-1368
10.125962019	-1368
10.1260819435	-1368
10.1262249947	-1368
10.1263840199	-1368
10.1265389919	-1368
10.1266241074	-1368
10.1267220974	-1368
10.1268339157	-1368
10.1269829273	-1368
10.1271119118	-1368
10.1273100376	-1368
10.1273341179	1368
10.1273491383	-1368
10.1279740334	-1368
10.1281170845	-1368
10.1281809807	-1368
10.1283340454	-1368
10.1284430027	-1368
10.1285071373	-1368
10.1286821365	-1368
10.1288650036	-1368
10.1289699078	-1368
10.1290860176	-1368
10.129281044	-1368
10.1293110847	-1368
10.129445076	-1368
10.1295909882	-1368
10.1297039986	-1368
10.1299459934	-1368
10.1379289627	-1368
10.1380479336	-1368
10.1381070614	-1368
10.1472599506	-783
10.1667211056	1368
10.1966199875	762
10.2346110344	-1368
10.2347340584	-1368
10.2348310947	-1368
10.2350759506	-1368
10.2353789806	-1368
10.2354581356	-1368
10.2365400791	-1368
10.2365660667	-1368
10.2366349697	-1368
10.2366769314	-1368
10.2367229462	-1368
10.2367711067	-1368
10.2372190952	-1368
10.2413160801	-1368
10.2414541245	-1368
10.2485790253	-1368
10.2500030994	-1368
10.2557160854	-1368
10.2557771206	-1368
10.2763040066	-1368
10.2958040237	-889
10.3787269592	1086
10.3803091049	-1368
10.3804159164	-1368
10.3805310726	-1368
10.3808150291	-1368
10.3808500767	-1368
10.3809869289	-1368
10.3823299408	-1368
10.3824460506	-1368
10.3977000713	543
10.4018850327	-1368
10.4019720554	-1368
10.4021189213	-1368
10.4322500229	-1368
10.4624791145	-264
10.4636330605	-1368
10.4643781185	-1368
10.4645600319	-1368
10.4646070004	-1368
10.4999909401	-1368
10.5076589584	543
10.5523431301	-1368
10.5831310749	-1368
10.5831859112	-1368
10.591342926	-1052
10.5922501087	-1368
10.6094241142	-1368
10.6148529053	-1368
10.6149930954	-1368
10.6150650978	-1368
10.6153421402	1368
10.6153509617	1368
10.6164150238	-1368
10.6165390015	-1368
10.6167149544	-1368
10.6169390678	1368
10.6355159283	-1368
10.6359050274	95
10.6572959423	-1368
10.6911559105	-1368
10.7239041328	-1147
10.791408062	-1368
10.7925419807	1057
10.7953920364	-1368
10.795470953	-1368
10.7956581116	-1368
10.7957799435	-1368
10.7958729267	-1368
10.7959980965	-1368
10.796145916	-1368
10.796200037	-1368
10.7963249683	-1368
10.7965021133	-1368
10.7965729237	-1368
10.7968039513	-1368
10.7969479561	-1368
10.7971229553	-1368
10.7972221375	-1368
10.797287941	-1368
10.7974979877	-1368
10.7978289127	-1368
10.7979519367	-1368
10.7980179787	-1368
10.7981619835	-1368
10.7982139587	-1368
10.7985191345	-1368
10.7986750603	-1368
10.7987771034	-1368
10.798913002	-1368
10.7989919186	-1368
10.7990911007	-1368
10.7992799282	-1368
10.7994420528	-1368
10.7994670868	-1368
10.7996520996	-1368
10.7997350693	-1368
10.7998521328	-1368
10.8000729084	-1368
10.8002030849	1368
10.8002369404	-1368
10.8003680706	-1368
10.8004920483	-1368
10.8005890846	-1368
10.8006899357	-1368
10.8008000851	-1368
10.80093503	-1368
10.8010649681	-1368
10.8011651039	-1368
10.8012940884	-1368
10.8024659157	-1368
10.8025729656	-1368
10.8026769161	-1368
10.8046979904	-1368
10.8048429489	-1368
10.804970026	-1368
10.8052790165	-1368
10.8053119183	-1368
10.8057510853	-1368
10.8058331013	-1368
10.8059990406	-1368
10.8062040806	-1368
10.8063030243	-1368
10.8066670895	-1368
10.806812048	-1368
10.8069300652	-1368
10.8070321083	-1368
10.8072659969	-1368
10.8073539734	-1368
10.8074960709	-1368
10.8075640202	-1368
10.8077750206	-1368
10.8078370094	-1368
10.8079791069	-1368
10.8081021309	-1368
10.8082339764	-1368
10.8083250523	-1368
10.8083970547	1368
10.8084139824	-1368
10.8085501194	-1368
10.808699131	-1368
10.8088340759	-1368
10.8089339733	-1368
10.8091289997	-1368
10.8092980385	-1368
10.8094689846	-1368
10.8095650673	-1368
10.8096609116	-1368
10.8097810745	-1368
10.8098371029	-1368
10.8100011349	-1368
10.8100891113	-1368
10.8102419376	-1368
10.8103189468	-1368
10.8104770184	-1368
10.8108010292	-1368
10.8109400272	-1368
10.8110420704	-1368
10.8111820221	-1368
10.8113369942	-1368
10.8114099503	-1368
10.8116579056	-1368
10.811686039	-1368
10.8117389679	-1368
10.8118979931	-1368
10.8120031357	-1368
10.8121249676	-1368
10.8125500679	-1368
10.81259799	-1368
10.8127090931	-1368
10.9112029076	-138
10.9321279526	1036
10.9688100815	-1368
10.9688689709	-1368
10.9690759182	-1368
10.9692349434	-1368
10.9694330692	-1368
10.9839129448	-1368
10.9840800762	-1368
10.9841160774	-1368
10.989303112	-1368
11.0660779476	-169
11.0661890507	543
11.1758089066	-1368
11.1761651039	-1368
11.1969239712	-406
11.2028710842	543
11.3010120392	-1368
11.3014919758	1368
11.3313801289	-232
11.3313939571	717
11.4056401253	-1368
11.4057440758	-1368
11.4475090504	-1368
11.4477980137	-1368
11.4480791092	-1368
11.4646420479	-1368
11.4647419453	-1368
11.4649829865	-1368
11.4741020203	-1023
11.5027070045	-543
11.5184819698	-1368
11.6388671398	-1231
11.6393930912	543
11.7166769505	-1368
11.7168600559	-1368
11.7169849873	-1368
11.7170820236	-1368
11.71833992	-1368
11.7185029984	-1368
11.7185759544	-1368
11.7189059258	-1368
11.7189941406	-1368
11.7190589905	-1368
11.7191939354	-1368
11.7210021019	-1368
11.7229950428	-1368
11.7231259346	-1368
11.7241179943	-1368
11.7403190136	-1368
11.7677969933	-562
11.7875211239	-1368
11.7875449657	1086
11.9008131027	-1368
11.9008879662	-1368
11.9010660648	-1368
11.9012129307	-1368
11.9014079571	-1368
11.9014339447	-1368
11.9022870064	-1368
11.9023780823	-1368
11.9024820328	-1368
11.9040989876	-1368
11.9041550159	-1368
11.9043440819	-1368
11.9044830799	-1368
11.9060130119	-1368
11.9163241386	-388
11.9163789749	543
11.9252281189	-1368
11.9945521355	-1368
12.0268809795	-1368
12.0270171165	-1368
12.028042078	-1368
12.0281360149	-1368
12.0282709599	-1368
12.0450530052	-1363
12.1114490032	-1368
12.1118600368	543
12.1739480495	-232
12.2121250629	-1368
12.2944550514	1057
12.3392159939	-746
12.4151089191	-1368
12.4708189964	-203
12.5289671421	-1368
12.5290989876	-1368
12.5515840054	-1368
12.5516879559	-1368
12.5991580486	-240
12.6288099289	-1368
12.7301239967	-746
12.8397319317	-1368
12.859484911	-203
12.9975380898	-1057
13.0474760532	-1368
13.1290791035	-203
13.2645349503	-1368
13.2646689415	-1368
13.2647349834	-377
13.4676311016	-1368
13.4676530361	-203
13.6839001179	-1368
13.6840119362	-1368
13.6840269566	-377
14.4036729336	-543
14.6795799732	-543
15.1452510357	543
15.3504021168	543
16.3973860741	543
16.9340879917	-543
17.3634810448	-543
17.3783810139	543
17.8287780285	-543
17.8299601078	543
17.960958004	543
18.291795969	-543
18.4614100456	-543
20.2293229103	-543
20.474613905	-543
20.6031830311	-543
20.9689249992	-543
21.7133131027	-543
22.0244989395	-543
