0	233
0.118067979813	-751
0.124577999115	126
0.240821838379	-51
0.247006893158	38
0.363839864731	-1420
0.36385679245	-93
0.374475002289	1057
0.494555950165	-543
0.504420995712	543
0.630847930908	-543
0.631256818771	543
0.951342821121	-543
0.956853866577	1057
1.4653198719	-543
1.81996488571	-543
1.98373985291	246
2.11183094978	-744
2.11241388321	126
2.24093985558	-51
2.24114894867	38
2.36963295937	-1420
2.36965298653	-77
2.37008881569	1057
2.49904084206	-543
2.49942994118	543
2.64102196693	-543
2.64139986038	543
2.9129178524	-543
2.91339993477	1057
4.2025167942	-543
4.40266084671	-543
4.41806793213	-1420
4.41812896729	-1420
4.41814994812	-787
4.42031979561	543
4.42217087746	543
4.44617295265	543
4.4465649128	543
4.44693279266	543
4.80705785751	-543
4.88118386269	-1420
4.88123393059	-694
5.007147789	-543
5.13319993019	-543
5.33359193802	-543
5.34426879883	-1420
5.34433484077	-1420
5.34437179565	-787
5.34726500511	543
5.34781193733	543
5.88555788994	-543
6.10417890549	543
6.1976788044	-543
6.20274090767	-1420
6.20279598236	-1420
6.20281600952	-273
6.2142598629	-1420
6.21432685852	-1420
6.21434688568	-816
6.25544595718	543
6.27697896957	543
6.27725291252	543
6.33434295654	1460
6.33443284035	111
6.33488798141	543
6.33511996269	543
6.3353729248	543
6.33555793762	543
6.39570379257	1460
6.3958158493	111
6.54700899124	543
6.94740080833	-543
6.94797086716	-1368
6.9482460022	-1420
6.9482858181	-839
6.94840478897	-1420
6.94844388962	-1420
6.94847679138	-787
6.95781493187	-1420
6.95785689354	-665
7.11417889595	543
7.17544984818	-543
7.17776584625	-1420
7.17782592773	-1420
7.17784380913	-787
7.17965984344	-1420
7.17972588539	-1420
7.17977786064	-787
7.18401789665	-1420
7.18407583237	-1420
7.18411183357	-787
7.18927288055	-1420
7.18933200836	-1316
7.18936681747	-1420
7.1894299984	-14
7.18964600563	543
7.27350783348	-1420
7.27352285385	-209
7.27418994904	-1420
7.27419400215	-1420
7.27422595024	-1330
7.27455496788	-1420
7.27459979057	-1420
7.27460193634	-787
7.27496099472	-1420
7.27496385574	-1420
7.27500081062	-787
7.28426980972	543
7.28439998627	-1368
7.30149197578	-1368
7.30380582809	-1420
7.30381178856	-43
7.33232498169	-543
7.39276981354	-1420
7.39279198647	-1420
7.39284396172	-816
7.40206098557	-1420
7.4021217823	-1420
7.40212583542	-1330
7.46064782143	-1420
7.46066498756	-1420
7.46071887016	-331
7.46284890175	543
7.46332478523	543
7.46354079247	543
7.56451201439	543
7.56481385231	543
7.5865688324	-543
7.75754499435	-543
7.92398381233	-543
8.05229687691	-1420
8.0523109436	-1420
8.05237388611	-816
8.06333684921	-1420
8.063341856	-1420
8.06338191032	-816
8.0712389946	543
8.10417485237	543
8.10803198814	543
8.29388093948	-543
8.30575680733	-1368
8.30606579781	-1420
8.30607199669	-839
8.43215894699	-543
8.48196291924	-543
8.61361789703	-543
8.62765693665	-1420
8.62771487236	-1420
8.62775278091	-787
8.85406184196	-543
8.85473799706	-1420
8.85476183891	-1316
8.85480284691	-891
8.85489392281	543
8.85524296761	-1420
8.8552479744	-1420
8.85529398918	-787
8.86722183228	-1420
8.86725687981	-151
8.88700079918	543
8.88927578926	543
8.90423488617	1057
9.50298881531	-543
9.5124797821	-1420
9.51253199577	-151
9.63798880577	-543
9.80344200134	-543
9.92900586128	-543
10.0545527935	-543
10.3301229477	-543
10.3310339451	-1420
10.3311188221	-1420
10.3311638832	-787
10.3311998844	-1420
10.3312427998	-1420
10.3312768936	-787
10.3314058781	543
10.343077898	-1420
10.3430888653	-1420
10.3431348801	-787
10.3773248196	-1420
10.3773908615	-1420
10.3773958683	-1420
10.3774309158	-453
10.3800308704	-1420
10.3800728321	-1420
10.3800759315	-1330
10.3897228241	-1420
10.3897399902	-151
10.4868907928	-1420
10.4869098663	-1420
10.4869499207	-1330
10.4872379303	-1420
10.487279892	-1420
10.4872829914	-787
10.4882028103	-1420
10.4882090092	-1420
10.4882497787	-787
10.4896597862	-1420
10.4897007942	-1420
10.4897038937	-1330
10.5335249901	-1420
10.5335400105	-209
10.545031786	-1420
10.5450468063	-151
10.7726287842	-543
10.7737669945	-1420
10.773832798	-1420
10.7738378048	-787
10.7739489079	543
10.774917841	-1420
10.7749238014	-1420
10.7749638557	-787
10.7755968571	-1420
10.7756409645	-1420
10.7756438255	-787
10.7842419147	-1420
10.7842488289	-1208
10.8166539669	1057
10.9154849052	-543
10.9156107903	543
10.9169747829	-1420
10.9169809818	-1420
10.9170238972	-787
10.9174509048	-1420
10.917495966	-1420
10.917498827	-787
10.9175958633	543
10.9178187847	-1420
10.9178237915	-1420
10.9178738594	-787
10.9274859428	-1420
10.9275398254	-1420
10.9275438786	-1420
10.9275619984	-453
10.9421269894	-1368
10.9421849251	-1420
10.9421989918	-1420
10.9422168732	-505
10.9542119503	-1420
10.9542939663	-1420
10.954297781	-787
10.9762639999	-1420
10.9762899876	-1208
11.1706688404	-543
11.4659509659	543
11.5315909386	-543
11.7745409012	-543
11.7860088348	-1420
11.7860598564	-1420
11.7860958576	-787
11.78805089	543
11.7886209488	543
12.010340929	-543
12.1027607918	543
12.2965238094	-543
12.4671719074	1057
12.5620019436	-543
12.5628318787	-1420
12.5628738403	-1420
12.5629220009	-787
12.5629580021	-1420
12.5630009174	-1420
12.563035965	-787
12.5751228333	-1420
12.5751848221	-1420
12.5752208233	-787
12.6212499142	-1420
12.6213159561	-1420
12.621352911	-1359
12.7615230083	-543
12.8871209621	-543
12.9187788963	543
12.9291758537	543
12.9397959709	543
13.4372069836	-543
13.6448898315	-543
13.8743879795	-543
13.8969378471	543
14.4393808842	-543
14.4400398731	-1420
14.4400758743	-1420
14.4400799274	-273
14.4401760101	543
14.5657019615	-1420
14.5657198429	-1420
14.5657968521	-302
