0	543
0.507217884064	-543
0.512457847595	543
1.01604795456	-543
1.05167889595	543
1.82876682281	-543
1.82900190353	543
2.29276680946	-543
2.33677387238	-1420
2.33684682846	-1316
2.47715091705	-949
2.47928285599	543
2.4811258316	543
2.50381684303	543
2.89871191978	-543
2.8988969326	543
3.04379177094	-543
3.11379981041	-1368
3.22836184502	-1289
3.2286298275	543
3.69254088402	-543
3.69273495674	-1368
3.73647999763	-1368
3.73662376404	543
3.83728885651	-949
3.83917284012	543
3.83968186378	543
4.34328484535	-543
4.39896392822	543
4.61455988884	-543
4.61462688446	-1368
4.61482381821	-1368
4.65845894814	-1368
4.75908184052	-95
4.87440085411	-1420
4.8744699955	-1316
4.90342187881	-406
4.94160890579	543
4.98271083832	543
4.98326992989	543
4.98359584808	543
5.02253198624	1460
5.0226149559	111
5.05255699158	1057
5.07861280441	-543
5.29254698753	543
5.35656094551	1460
5.35666680336	111
5.39790296555	543
5.45010399818	-543
5.45011878014	-1368
5.59073781967	-543
5.60906386375	-1420
5.60908389091	-897
5.75467085838	-543
5.75483489037	543
5.76563596725	-1420
5.76564097404	-1316
5.81910777092	-1368
5.90003490448	-1152
5.90686297417	-1420
5.90689277649	-1316
5.98293399811	-1368
5.98681998253	-1368
6.03009986877	-1368
6.03039193153	-1368
6.03343176842	543
6.03361296654	543
6.04444599152	-277
6.06151294708	-1368
6.07301092148	-1368
6.0741109848	-1368
6.15805888176	-1420
6.15807390213	-1316
6.20205283165	-1368
6.20573782921	-277
6.21241283417	543
6.22908997536	-1368
6.23036193848	-1368
6.23055887222	-1368
6.27323484421	-1368
6.29313182831	-543
6.29974579811	-1368
6.32115077972	-1368
6.3333029747	-1420
6.33335995674	-1316
6.37365889549	-1284
6.41045188904	-1368
6.45434999466	-1368
6.49763584137	-1368
6.51834487915	-696
6.51854085922	543
6.54093885422	-1368
6.58065891266	-1420
6.58073496819	-1316
6.59200692177	-1420
6.59209084511	-1316
6.63572692871	-1368
6.66611385345	-1276
6.66633582115	543
6.67928099632	-1368
6.81102776527	-746
6.82579493523	-1420
6.82582092285	-1316
6.83205080032	-1420
6.83207678795	-1316
6.83327198029	-1368
6.83328580856	-1368
6.8346529007	-1420
6.83466076851	-1316
6.83474493027	-1368
6.86934399605	-1420
6.86935997009	-1420
6.86941790581	-1264
6.87365293503	-1368
6.8737308979	-1368
6.98355698586	-1420
6.98358488083	-1420
6.98364591599	-1420
6.9836499691	-1420
6.98369598389	-1160
6.98369884491	-1368
6.98486685753	-1420
6.98487186432	-1316
6.98492383957	-1368
6.99085593224	-1368
6.99094676971	-1420
6.99099993706	-1420
6.99100184441	-1264
6.99102282524	-1368
6.99102497101	-1420
6.99105095863	-1420
6.99105381966	-1264
6.99113798141	-1368
6.99347996712	543
7.0137398243	-1420
7.01375699043	-1420
7.01380777359	-1264
7.01380991936	-1420
7.01382899284	-1420
7.01383090019	-1181
7.02278876305	543
7.06663990021	-1368
7.0775809288	-1368
7.11041998863	-1420
7.11043787003	-1420
7.11049795151	-1264
7.15850877762	-530
7.15889978409	543
7.19972681999	-1420
7.19975280762	-1316
7.19980287552	-1420
7.19980478287	-1316
7.19988679886	-1368
7.20007991791	543
7.21042299271	-1420
7.21043086052	-1316
7.21050477028	-1368
7.24340081215	-1420
7.24346089363	-1316
7.30328893661	-944
7.34289979935	543
7.36448979378	-1368
7.36518597603	-1420
7.36519694328	-1316
7.36609077454	-1420
7.36609578133	-1420
7.36613988876	-1264
7.3661429882	-1420
7.36617779732	-1420
7.36618089676	-1264
7.36630487442	543
7.36675286293	-1420
7.36675786972	-1316
7.37506890297	-1420
7.37510085106	-1316
7.37514781952	-1368
7.40835499763	-1420
7.4084239006	-1420
7.40842890739	-1420
7.40847277641	-1212
7.40861797333	543
7.44788694382	-27
7.77102994919	-543
7.77108383179	-1368
7.7714548111	-1420
7.77150583267	-1420
7.77154397964	-1264
7.78420996666	-1368
7.81450581551	-1368
7.91589999199	-1334
7.91614890099	543
8.06324887276	-543
8.06337285042	543
8.20850491524	-543
8.20871591568	543
8.37784481049	-543
8.37803792953	-1368
8.37807393074	-1368
8.5226187706	-920
8.52465796471	543
8.52524280548	543
8.69903588295	-543
8.74274897575	-1420
8.74276089668	-1316
8.84386086464	-949
8.8458738327	543
8.84646582603	1057
8.99303388596	-543
9.25514578819	-543
9.25888586044	-543
9.25907993317	-1420
9.25913691521	-1316
9.25918984413	-1420
9.2592279911	-1420
9.25926399231	-1264
9.25934290886	-1368
9.25953793526	-1368
9.26976084709	-1368
9.30256581306	-1420
9.30263495445	-1420
9.30268192291	-1264
9.40347599983	-836
9.60082483292	-1086
9.62251186371	543
9.63275980949	543
9.74542498589	-543
10.1047887802	-543
10.2891709805	-543
10.2893738747	543
10.776129961	-543
10.7955238819	543
11.2613539696	-543
11.2725307941	-1368
11.3050198555	-1420
11.3050348759	-1316
11.3979549408	543
11.4170529842	-153
11.5243809223	-1368
11.6129858494	-1260
13.3981738091	543
