0	-543
0.291082859039	543
1.43289399147	543
1.76735281944	-543
1.7675948143	543
2.16070699692	-543
2.19474983215	543
2.47668480873	-543
2.47696995735	543
2.8439078331	-1368
2.84394884109	-1368
2.84397292137	-891
2.85518479347	-1368
2.85524487495	-1368
2.86682581902	-1368
2.88306593895	-1368
2.88309502602	-1368
2.88813591003	543
2.89872980118	-1368
2.96936392784	-1368
2.98061800003	-849
3.0137348175	543
3.31210494041	-543
3.31239199638	543
3.3126809597	1368
3.43836188316	-543
3.4385008812	717
3.7143239975	-1368
3.71436190605	-1368
3.71438598633	-891
3.71894097328	-1368
3.7189848423	-1368
3.7238099575	-1368
3.7286798954	-1368
3.72870993614	-1368
3.74149489403	-1368
3.74649882317	-1368
3.74661684036	-1368
3.7520108223	-1368
3.76595902443	-1368
3.76599884033	-1368
3.76607584953	-1368
3.77181601524	-1368
3.77190089226	-1368
3.77228093147	543
3.81365895271	-1368
3.83997988701	-1368
3.84002590179	-1368
3.84003400803	-1368
3.84006786346	-1368
3.84436988831	-1368
3.84441399574	-1368
3.84442186356	-1368
3.84444093704	-1368
3.84936285019	-1368
3.84940290451	-1368
3.8494079113	-1368
3.84942579269	-1368
3.85412502289	-1368
3.85415697098	-1368
3.85416388512	-971
3.85448884964	-1368
3.87201499939	-1368
3.87217783928	-1368
3.872205019	-1368
3.87222290039	-1368
3.87754797935	-1368
3.87757992744	-1368
3.87761282921	-1368
3.87765192986	-1368
3.8914129734	-1368
3.89153695107	-1368
3.89155101776	-1368
3.89163899422	-1368
3.89726090431	-1368
3.8972928524	-1368
3.8973429203	-1368
3.8973839283	-1368
3.89767980576	-1368
3.8976919651	1086
3.8977599144	-1368
3.9654519558	-1368
3.96549081802	-1368
3.96551299095	-1368
3.96555495262	-1368
3.96559500694	-1368
3.96563386917	-1368
3.96566390991	-1368
3.96569395065	-1368
3.96979880333	-1368
3.96989297867	-1368
3.97048091888	-1368
3.97050499916	-1368
3.97052383423	-1368
3.97055792809	-1368
3.97059082985	-1368
3.97063088417	-1368
3.97961783409	-1103
4.00918793678	1368
4.00935697556	1368
4.00936293602	1368
4.00948500633	1368
4.01016998291	1368
4.01138782501	1368
4.06200695038	878
4.14258980751	1368
4.15293478966	1368
4.18345284462	1368
4.19836091995	153
4.39561080933	543
4.55730199814	543
4.5573618412	-1368
4.55738592148	-1368
4.55747795105	-891
4.57207298279	-1368
4.57217001915	-1368
4.58222484589	-1368
4.59070086479	-1368
4.59072399139	-1368
4.60306692123	-1368
4.61854195595	-1368
4.61862683296	-1368
4.63323497772	-1368
4.65673780441	-1368
4.65680098534	-1368
4.65688800812	-1368
4.66786384583	-1368
4.66802000999	-1368
4.68010282516	-1368
4.6906709671	-1368
4.69070982933	-1368
4.69771099091	-1221
4.69809985161	543
4.72554898262	-1368
4.74027180672	-1368
4.7403049469	-1368
4.75264883041	-1368
4.75269699097	-1368
4.75271201134	-1368
4.77728581429	-1368
4.77731990814	-1368
4.77736282349	-1368
4.81439900398	-1368
4.81443285942	-1368
4.81453990936	-1368
4.82366895676	-778
4.82369399071	1086
4.85971784592	-1368
4.85974502563	-1368
4.85982298851	-1368
4.87482881546	-1368
4.87486696243	-1368
4.87494492531	-1368
4.87557697296	1368
4.8755838871	1368
4.89315700531	-1368
4.89322185516	-1368
4.89327502251	-1368
4.91859793663	-1368
4.91863179207	-1368
4.91865181923	-1368
4.94935679436	-1350
4.94938492775	920
4.95835185051	-1368
4.95839691162	-1368
4.97107982635	-1368
4.97117185593	-1368
4.9729309082	1368
4.97296094894	1368
4.98704099655	-1368
5.00096082687	-1368
5.00099492073	-1368
5.01901888847	-1368
5.03335380554	-1368
5.03346180916	-1368
5.03353595734	-1368
5.07385802269	-1368
5.07475686073	-264
5.07477998734	949
5.09399795532	-1368
5.09407687187	-1368
5.1186068058	-1368
5.11863899231	-1368
5.16387987137	-1368
5.19752693176	-1368
5.19756102562	-1368
5.20032191277	-1334
5.20034193993	543
5.24494194984	-1368
5.24497294426	-1368
5.24499082565	-1368
5.31727194786	-1368
5.32619094849	-298
5.35769081116	-1368
5.35777592659	-1368
5.38465094566	-1368
5.38467597961	-1368
5.3846988678	-1368
5.38506698608	543
5.38546991348	1368
5.40899395943	-1368
5.40905880928	-1368
5.40909790993	-1368
5.42616486549	-1368
5.42620587349	-1368
5.42627501488	-1368
5.44160294533	-1368
5.4419298172	1368
5.44944095612	-1368
5.44956994057	-1368
5.45186281204	-1155
5.45691299438	-1368
5.45694184303	-1368
5.46604800224	-1368
5.47190999985	-1368
5.47193980217	-1368
5.47714090347	-1368
5.4836230278	-1368
5.48365688324	-1368
5.48908782005	-1368
5.54554891586	949
5.54565191269	-1368
5.54567694664	-1368
5.54570388794	-1368
5.55776286125	-1368
5.55780696869	-1368
5.55854582787	1368
5.55855488777	1368
5.56690001488	-1368
5.56760692596	1368
5.5742418766	-1368
5.57433700562	-1368
5.58064079285	-1368
5.58247590065	-396
5.58692479134	-1368
5.58694696426	-1368
5.59395599365	-1368
5.60994982719	-1368
5.60999298096	-1368
5.61003994942	-1368
5.61748600006	-1368
5.61751699448	-1368
5.62368988991	-1368
5.63239192963	-1368
5.63242483139	-1368
5.63859391212	-1368
5.63923382759	1368
5.63924193382	1368
5.64492583275	-1368
5.64501881599	-1368
5.65190196037	-1368
5.66618800163	-1368
5.6662209034	-1368
5.66638493538	-1368
5.67589783669	-1368
5.67593288422	1044
5.67619085312	-1368
5.6862180233	-1368
5.69397187233	-1368
5.69403600693	-1368
5.70448493958	-1368
5.7081258297	-528
5.70838999748	1368
5.70865893364	1368
5.7086648941	1368
5.71208691597	-1368
5.71212387085	-1368
5.71946501732	-1368
5.71949195862	-1368
5.71950602531	-1368
5.73612689972	-1368
5.73616194725	-1368
5.74758386612	-1368
5.7598669529	-1368
5.75997686386	-1368
5.7601108551	-1368
5.78279185295	-1368
5.78287601471	-1368
5.78291487694	-1368
5.8106148243	-1368
5.81066679955	1181
5.81067490578	-1368
5.81068086624	-1368
5.81812095642	-1368
5.8181438446	-1368
5.81822085381	-1368
5.84245800972	-1368
5.84257793427	-1368
5.84258699417	-1368
5.84294199944	-1368
5.84300088882	-1368
5.84303379059	-1368
5.84324097633	-333
5.87179398537	-1368
5.87194681168	-1368
5.87199497223	-1368
5.87974882126	-1368
5.87978601456	-1368
5.87986087799	-1368
5.89540791512	-1368
5.89543199539	-1368
5.89544701576	-1368
5.9110789299	-1368
5.9111289978	-1368
5.91114997864	-1368
5.93265891075	-1368
5.93269395828	-1368
5.93274402618	-1368
5.94128084183	-1368
5.94130587578	543
5.9413189888	-1368
5.94143295288	-1368
5.96148395538	-1368
5.96157383919	-1368
5.96161699295	-1368
5.96850800514	-462
5.98068189621	-1368
5.98077583313	-1368
5.98083901405	-1368
6.00796794891	-1368
6.00801086426	-1368
6.00804686546	-1368
6.01223993301	-1368
6.01227283478	-1368
6.01264095306	1368
6.01291799545	1368
6.01292490959	1368
6.01903891563	-1368
6.02615380287	-1368
6.02619695663	-1368
6.03276801109	-1368
6.03736495972	-1368
6.0374019146	-1368
6.04214596748	-1368
6.05064702034	-1368
6.05072498322	-1368
6.05707597733	-1368
6.05712985992	-1368
6.05715990067	-1368
6.06419181824	-1368
6.06422901154	-1368
6.06426382065	-1368
6.06945800781	-1368
6.06947588921	1152
6.07469987869	-1368
6.07472395897	-1368
6.07920479774	-1368
6.08714485168	-1368
6.08718395233	-1368
6.09102988243	-1368
6.0910718441	-1368
6.09107780457	-1368
6.0938668251	-38
6.10023283958	-1368
6.10365700722	-1368
6.10369682312	-1368
6.10373687744	-1368
6.10795783997	-1368
6.10804796219	-1368
6.10806179047	-1368
6.1151368618	-1368
6.11868786812	-1368
6.11872982979	-1368
6.11876893044	-1368
6.11895394325	1368
6.12275695801	-1368
6.12279200554	-1368
6.12284493446	-1368
6.12600183487	-1368
6.12603592873	-1368
6.1304898262	-1368
6.13488292694	-1368
6.13490891457	-1368
6.14039087296	-1368
6.15105986595	-1368
6.1510989666	-1368
6.15110397339	-1368
6.15459489822	-1368
6.15462088585	-1368
6.1586959362	-1368
6.16374897957	-1368
6.16386795044	-1368
6.17582988739	-1368
6.1807808876	-1368
6.1808078289	-1368
6.18634200096	-1368
6.18637180328	-1368
6.19111084938	-1368
6.1912689209	-1368
6.19138479233	-1368
6.20575094223	-1368
6.20578384399	804
6.20579481125	-1368
6.20595693588	-1368
6.21776890755	-1368
6.2177939415	-1368
6.21783590317	-1368
6.2223110199	-1368
6.22580099106	-12
6.23304891586	-1368
6.23308491707	-1368
6.23313379288	-1368
6.23810696602	-1368
6.23813199997	-1368
6.24437379837	-1368
6.24924087524	-1368
6.24928593636	-1368
6.25397896767	-1368
6.25764679909	-1368
6.25768899918	-1368
6.26021194458	-1368
6.26683282852	-1368
6.26687192917	-1368
6.266933918	-1368
6.27002096176	-1368
6.27006101608	-1368
6.2719810009	-1368
6.27745079994	-1368
6.27749800682	-1368
6.27750492096	-1368
6.27953600883	-1368
6.27956581116	-1368
6.28259682655	-1368
6.28466391563	-1368
6.28469085693	-1368
6.28476381302	-1368
6.28964591026	-1368
6.28966999054	-1368
6.28969693184	-1368
6.30052399635	-1368
6.30056095123	-1368
6.30056786537	-1368
6.30299687386	-1368
6.30301690102	-1368
6.30303001404	-1368
6.3089029789	-1368
6.30895090103	-1368
6.30898785591	-1368
6.31482887268	-1368
6.31508994102	1368
6.31810688972	-1368
6.31813693047	-1368
6.31817483902	-1368
6.32071185112	-1368
6.320748806	-1368
6.32078480721	-1368
6.32709693909	-1368
6.32717180252	-1368
6.32723093033	-1368
6.33223795891	-1368
6.33226895332	775
6.33230495453	-1368
6.33238196373	-1368
6.34161400795	-1368
6.34172081947	-1368
6.34179091454	-1368
6.34420895576	-1368
6.34424996376	-1368
6.34428095818	-1368
6.35361599922	-1368
6.35364079475	-1368
6.35365700722	-1368
6.35855793953	-980
6.36223196983	-1368
6.36225795746	-1368
6.36558198929	-1368
6.37081289291	-1368
6.37085080147	-1368
6.37366986275	-1368
6.37369799614	-1368
6.37370300293	-1368
6.38739681244	-1368
6.38743185997	-1368
6.38746595383	-1368
6.3942399025	-1368
6.39439296722	-1368
6.39441800117	-1368
6.40587997437	-1368
6.40925884247	-1368
6.40939593315	-1368
6.41277194023	-1368
6.41281294823	-1368
6.41289496422	-1368
6.42036390305	-1368
6.420388937	-1368
6.42041301727	-1368
6.42072701454	1368
6.42314291	-1368
6.42551183701	-1368
6.42554688454	-1368
6.42841291428	-1368
6.43667197227	-1368
6.43670392036	-1368
6.43674302101	-1368
6.44023489952	-1368
6.44027590752	-1368
6.44339084625	-1368
6.45122885704	-1368
6.45125699043	-1368
6.45128393173	-1368
6.45274281502	-1368
6.4527888298	-1368
6.45745992661	-1368
6.46536779404	-1368
6.46540188789	261
6.46542000771	-1368
6.46542596817	-1368
6.46964883804	-1368
6.46977186203	-1368
6.47397184372	-1368
6.47711491585	-1368
6.47715091705	-1368
6.48172402382	-1368
6.48402285576	-542
6.48524785042	-1368
6.48532891273	-1368
6.49090695381	-1368
6.5261759758	-1368
6.52624082565	-1368
6.53641796112	-1368
6.53644299507	-1368
6.53646492958	-1368
6.55249094963	-1368
6.55268096924	-1368
6.55270791054	-1368
6.56477999687	-1368
6.56490802765	-1368
6.56497788429	-1368
6.57840299606	-1368
6.58507299423	-1368
6.58510184288	-1368
6.59239697456	-1368
6.59243392944	1086
6.59245085716	-1368
6.59246492386	-1368
6.60452985764	-1368
6.60455799103	-1368
6.60476279259	-1368
6.61044383049	-1368
6.61071491241	-14
6.616989851	-1368
6.61717295647	-1368
6.62464880943	-1368
6.63833999634	-1368
6.63838291168	-1368
6.63840389252	-1368
6.64231991768	-1368
6.64236187935	-1368
6.64656996727	-1368
6.64661002159	-1368
6.64665293694	-1368
6.65560293198	-1368
6.65562796593	-1368
6.65564489365	-1368
6.66430902481	-1368
6.6684858799	-1368
6.66852998734	-1368
6.66866087914	-1368
6.67080497742	-1368
6.67085289955	-1368
6.67085886002	-1368
6.67583990097	-1368
6.67596483231	-1368
6.67603182793	-1368
6.67789196968	1368
6.68070983887	-1368
6.68081283569	-1368
6.68086600304	-1368
6.6888859272	-1368
6.69479084015	-1368
6.69482183456	-1368
6.7027490139	-1368
6.70277690887	-1368
6.70279884338	-1368
6.72099494934	-1368
6.72102999687	1347
6.72105884552	-1368
6.7210919857	-1368
6.73553490639	-1368
6.73556399345	-1368
6.74210381508	-1368
6.74237990379	-257
6.76712989807	-1368
6.76715779305	-1368
6.79081583023	-1368
6.82107281685	-1368
6.82125782967	-1368
6.8496158123	-1368
6.86861491203	-675
6.8807349205	-1368
6.88076996803	-1368
6.89195895195	-1368
6.89202594757	-1368
6.89217686653	-1368
6.91255879402	-1368
6.91266584396	-1368
6.91274380684	-1368
6.91344285011	543
6.9368698597	-1368
6.93690395355	-1368
6.93692684174	-1368
6.95925879478	-1368
6.96691179276	-1368
6.96693897247	-1368
6.97402191162	-1368
6.97407197952	-1368
6.97411179543	-1368
6.99019885063	-1368
6.9902908802	-1368
6.99030399323	-1368
7.00710201263	-1368
7.00714802742	-1368
7.00720381737	-1368
7.00759291649	-810
7.06685185432	-1368
7.06690979004	543
7.0669438839	-1368
7.08014202118	-1368
7.08017802238	-1368
7.09435200691	-1368
7.10851287842	-1368
7.10855293274	-1368
7.10857582092	-1368
7.13332295418	-567
7.13633680344	-1368
7.13636183739	-1368
7.15353083611	-1368
7.19593000412	-1368
7.19602894783	-1368
7.19607496262	-1368
7.21678590775	-1368
7.21682286263	-1368
7.23995995522	-1368
7.2588789463	-198
7.25972390175	-1368
7.25974988937	-1368
7.2792069912	-1368
7.27991199493	543
7.32260680199	-1368
7.32266998291	-1368
7.32271385193	-1368
7.34305596352	-1368
7.34320187569	-1368
7.3432238102	-1368
7.38080883026	-1368
7.38083600998	-1368
7.38087701797	-1368
7.38451695442	-235
7.41482186317	-1368
7.41486787796	543
7.41489291191	-1368
7.41492795944	-1368
7.46534991264	-1368
7.46541500092	-1368
7.46546697617	-1368
7.48161387444	-1368
7.48168992996	-1368
7.48169994354	-1368
7.51230287552	-741
7.54158091545	-1368
7.54161787033	-1368
7.56471586227	-1368
7.56474900246	543
7.5868499279	-1368
7.58687996864	-1368
7.60922980309	-1368
7.64766383171	-1368
7.64782595634	-1368
7.64784598351	-1368
7.66726899147	-198
7.66867399216	-1368
7.66869997978	-1368
7.69549393654	-1368
7.70546889305	-1368
7.72744584084	-1368
7.7274928093	-1368
7.72749996185	-1368
7.72813391685	543
7.77635002136	-1368
7.79140090942	-1368
7.79145002365	-1368
7.79152488708	-1368
7.79451990128	-61
7.81359601021	-1368
7.81363582611	-1368
7.84038901329	-1368
7.86975193024	-1368
7.86977887154	1086
7.86979293823	-1368
7.89285778999	-1368
7.9063038826	-1368
7.90639781952	-1368
7.91740489006	-1368
7.93911194801	-712
8.037804842	1086
8.06442689896	-543
8.12923002243	-1368
8.12938094139	-1368
8.13496589661	-1368
8.13503098488	-1368
8.13511681557	-1368
8.14275979996	-1368
8.14280080795	-1368
8.14285993576	-1368
8.15424990654	-1368
8.15435194969	-1368
8.1544919014	-1368
8.17299795151	-543
8.22631692886	-32
8.22676301003	543
8.35179901123	-1086
8.42981886864	543
8.44625902176	-1368
8.44628095627	-1368
8.55520200729	-377
8.55714583397	543
8.61827898026	-1368
8.61833286285	-1368
8.64841389656	-1368
8.64843988419	-1368
8.64846301079	-1368
8.66583299637	-1368
8.66587281227	-1368
8.66600298882	-1368
8.68283295631	-480
8.68286585808	543
8.8084359169	-1057
8.81132102013	543
8.94235181808	-1057
9.08388495445	-1368
9.08770298958	-1368
9.08781194687	-1368
9.08782982826	-1368
9.09637498856	-1368
9.09641981125	-1368
9.09654402733	-1368
9.10161495209	-1368
9.10588884354	-24
9.16380381584	-1368
9.23165893555	-1231
9.28560781479	543
9.29084682465	543
9.29087591171	543
9.65333890915	-1368
9.6534049511	-1368
9.65346479416	-891
9.65759801865	-1368
9.65768098831	-1368
9.65940999985	-1368
9.66006088257	1057
9.67197489738	-1368
9.78322196007	-783
10.0486738682	-543
10.1720728874	-543
10.8841328621	-543
11.1203258038	-543
12.3048508167	-543
