0	543
6.89029693604e-05	543
1.77232098579	-543
2.0003798008	543
2.40182089806	1057
2.60457897186	-543
2.64820194244	-1368
2.64825987816	-1368
2.65117383003	-1368
2.65128588676	-1368
2.65130281448	-1368
2.65131783485	-1368
2.65133595467	-1368
2.65134596825	-1368
2.66028690338	-1368
2.69043183327	1057
2.70817399025	1368
2.71537399292	1368
2.75276184082	-1368
2.75279402733	-1368
2.75936102867	-1368
2.75945281982	-1368
2.75951886177	-1368
2.75952982903	-1368
2.76241898537	-1368
2.76244497299	-1368
2.76246380806	-1368
2.76249599457	-1368
2.76251983643	-1368
2.76255202293	-1368
2.76258587837	-1368
2.76259088516	-578
2.77226185799	1368
2.81931686401	211
2.86714601517	-1368
2.8671708107	-1368
2.8671939373	-1368
2.87384200096	-66
2.88638091087	-1368
2.90181493759	-1368
2.90365600586	-1368
2.90368080139	-1368
2.90510702133	-1368
2.90514993668	-1368
2.905189991	-1368
2.91433691978	-1368
2.94208097458	1368
2.94984483719	-1368
2.94988298416	775
2.96225881577	-1368
2.96229100227	-1368
2.97530388832	-1368
2.9753279686	-1368
2.97534584999	-1368
2.98528790474	-1184
2.98610782623	1368
2.98786401749	-1368
2.98792791367	-1368
2.99171590805	-1368
2.99175095558	-1368
2.99179291725	-1368
3.00739693642	-1368
3.00742983818	-1368
3.03396701813	-1368
3.06092500687	1347
3.09638881683	-509
3.11381292343	-1368
3.11385202408	-1368
3.11429786682	-1368
3.12624382973	-1368
3.12775397301	-1368
3.12777996063	-1368
3.12980890274	-1368
3.13020396233	-1368
3.13022994995	-1368
3.13048481941	-1368
3.13835000992	-1368
3.13838291168	-1368
3.16989088058	-1368
3.16992092133	-1368
3.16993093491	-1368
3.17012095451	-1368
3.17013883591	-1368
3.17019796371	-1368
3.17066502571	1368
3.22683596611	203
3.22691488266	-939
3.24241399765	-1368
3.30894398689	1368
3.31782793999	1368
3.33087491989	-1368
3.33090782166	-1368
3.33093595505	-1368
3.33540487289	-1368
3.33551096916	-1368
3.33558487892	-1368
3.34627199173	-1368
3.34630799294	1007
3.34631991386	-1368
3.34632587433	-1368
3.34637284279	-1368
3.34640789032	-1368
3.34643983841	-1368
3.35348081589	-1039
3.3546898365	-1368
3.35471391678	-1368
3.36618685722	-1368
3.36621284485	-1368
3.36630487442	-1368
3.37159585953	-1368
3.3717019558	-1368
3.37172102928	-1368
3.37199687958	-1368
3.37203097343	-1368
3.37213397026	-1368
3.37222599983	-1368
3.37813997269	-1368
3.37819290161	-1368
3.38355493546	-1368
3.38357901573	-1368
3.38751292229	-1368
3.4420979023	-1368
3.44217586517	-1368
3.44221496582	-1368
3.44222092628	-1368
3.44664382935	-1368
3.44667482376	-1368
3.44671797752	-1368
3.44675588608	-1368
3.4468100071	-1368
3.44685697556	-1368
3.44688892365	-1368
3.44692492485	-1368
3.45758581161	-1368
3.4576189518	1086
3.45763492584	-1368
3.45764088631	-1368
3.45764899254	-1368
3.45766186714	-1368
3.45770287514	-1368
3.45771980286	-1368
3.45774793625	-1368
3.45777702332	-1368
3.45780181885	-1368
3.46458792686	-1368
3.46461701393	-1368
3.46463394165	-1368
3.46466183662	-1368
3.46577787399	-1368
3.46580982208	-1368
3.46584391594	-1368
3.46587395668	-1368
3.47734284401	-1368
3.47738099098	-1368
3.47742581367	-1368
3.47746896744	-1368
3.48385381699	-1368
3.48395800591	-1368
3.48401880264	-1368
3.48403191566	-1368
3.4840388298	-1368
3.48404598236	-1368
3.48405694962	-1368
3.48406481743	-1368
3.48407483101	-1368
3.48407793045	-1368
3.48411893845	-1368
3.48413991928	-1368
3.48416280746	-843
3.48477196693	1368
3.49702382088	-1368
3.49705386162	-1368
3.49995589256	-1368
3.50046491623	-1368
3.50048685074	-1368
3.50067400932	-1368
3.50116181374	-1368
3.50117492676	-1368
3.50118994713	-1368
3.50373601913	-1368
3.50377082825	-1368
3.53717589378	-1368
3.53729581833	-1368
3.55334496498	-1368
3.55347681046	-1368
3.55349397659	-1368
3.55350494385	-1368
3.55351090431	-1368
3.55352187157	-1368
3.55352687836	-1368
3.5535337925	-1368
3.55783081055	-1368
3.55786585808	-1368
3.55788493156	-1368
3.55791401863	-1368
3.55794000626	-1368
3.5579688549	-1368
3.55800390244	-1368
3.55803894997	-1368
3.55807185173	-1368
3.55810189247	-1368
3.55813789368	-1368
3.55815696716	-1368
3.55829191208	-1368
3.5583178997	1368
3.55833482742	-1368
3.55851101875	-1368
3.55853700638	-1368
3.56896591187	-1368
3.56902599335	522
3.56904983521	-1368
3.56906890869	-1368
3.56907582283	-1368
3.56907892227	-1368
3.56908297539	-1368
3.56908488274	-1368
3.56909990311	-1368
3.56912899017	-1368
3.5691587925	-1368
3.56919193268	-1368
3.5692179203	-1368
3.56926202774	-1368
3.56929802895	-1368
3.56954789162	-1368
3.56957483292	-1368
3.5697619915	-1368
3.56978702545	-1368
3.57017183304	-1368
3.57018399239	-1368
3.59525895119	-1254
3.59766793251	-1368
3.59770679474	-1368
3.59799480438	-1368
3.59802293777	-1368
3.59810090065	-1368
3.59853696823	-1368
3.5987598896	1368
3.59913682938	-1368
3.59916090965	-1368
3.60005784035	-1368
3.6000828743	-1368
3.60015082359	-1368
3.60532188416	-1368
3.60543680191	-1368
3.6054558754	-1368
3.64313483238	1368
3.64885997772	1368
3.68028998375	211
3.70869493484	-612
3.71624684334	1368
3.79147982597	232
3.90415596962	-1368
3.90421080589	-1368
3.90424990654	-377
3.90513181686	543
3.94379091263	-1368
3.94382286072	-1368
3.94384288788	-1368
4.00632286072	-1368
4.01353096962	1368
4.01617288589	-298
4.01620197296	261
4.09448695183	-1368
4.09460687637	-1368
4.12724995613	-406
4.13899302483	543
4.15140295029	-1368
4.24134302139	-1368
4.24137187004	-1368
4.24141192436	-1368
4.2501578331	-754
4.25018692017	543
4.30063891411	-1368
4.3006708622	-1368
4.30069088936	-1368
4.30645394325	-1368
4.30648994446	-1368
4.30649590492	-1368
4.31645393372	-1368
4.31647992134	-1368
4.31649589539	-1368
4.36146593094	-1284
4.36157798767	543
4.46038484573	-1368
4.47206401825	1368
4.47453784943	-1260
4.47457695007	804
4.49986696243	1057
4.58560299873	543
4.78344392776	-1368
4.78346800804	-203
4.87639379501	-543
5.52377080917	-543
5.52445483208	-1368
5.524477005	-1368
5.52538585663	-1368
5.52549600601	-1368
5.52556681633	-1368
5.52559280396	-1368
5.57417201996	-1368
5.57420682907	-1368
5.57706880569	1057
5.64313697815	-1110
5.64860796928	1368
5.65067195892	1368
5.66702985764	-1368
5.66705679893	-1368
5.66707897186	-1368
5.66790390015	-1368
5.66792488098	-1368
5.66801095009	-1368
5.66957497597	-1368
5.66960287094	-1368
5.66964793205	-1368
5.66987490654	-1368
5.66993498802	-1368
5.66995096207	-1368
5.6701529026	-1368
5.67022681236	-1368
5.67388081551	1368
5.69576001167	696
5.71022295952	-1368
5.71032786369	-1368
5.76602292061	-1134
5.93503093719	-543
5.93643784523	1057
6.00648379326	-1368
6.01747989655	-1368
6.05323886871	-1007
6.06513786316	-1368
6.06517696381	-1368
6.07676291466	-1368
6.07690095901	-1368
6.07692790031	-1368
6.09046888351	543
6.11820483208	-1368
6.11822986603	-1368
6.12060880661	-1368
6.12096381187	-1368
6.12099599838	-1368
6.1824259758	-3
6.27242994308	-1368
6.30046200752	-775
6.3010468483	543
6.41814494133	-543
6.46268796921	543
6.47904801369	-1368
6.47921180725	-1368
6.4792599678	-1368
6.47937202454	-1368
6.47939682007	-1368
6.47966694832	-1368
6.47969985008	-1368
6.47971892357	-1368
6.48106002808	-1368
6.48108100891	-1368
6.48110580444	-1368
6.48113298416	-1368
6.48114895821	-1368
6.48117780685	-1368
6.52161884308	-1368
6.52164888382	-1368
6.521682024	-1368
6.54677891731	-1368
6.58325481415	-1055
6.58328294754	543
6.58388400078	1368
6.58393788338	1368
6.58404898643	1368
6.69175982475	-1368
6.69178986549	-1368
6.69180798531	-1368
6.69201183319	1368
6.70047092438	-95
6.70057487488	298
6.70292401314	-1368
6.70296287537	-1368
6.70299386978	-1368
6.81842279434	-66
6.84121894836	1057
6.92294597626	-1368
6.94230079651	-261
6.98557591438	-1368
6.98560881615	-1368
6.98660182953	-1368
6.98866891861	-1368
6.98869895935	-1368
6.98870396614	-1368
6.98948192596	-1368
6.99136686325	-1368
6.99139595032	-1368
6.99205493927	-1368
7.0287168026	-1368
7.03039383888	-1368
7.04728794098	-1368
7.04732084274	-1368
7.04754686356	543
7.06261491776	-1300
7.06651186943	-1368
7.07124686241	-1368
7.07306599617	-1368
7.07473993301	-1368
7.07480096817	-1368
7.07695198059	-1368
7.07955789566	-1368
7.07961702347	-1368
7.0821428299	-1368
7.08227682114	-1368
7.08607888222	-1368
7.08637285233	-1368
7.08639383316	-1368
7.08903884888	-1368
7.08909583092	-1368
7.08913493156	-1368
7.11025691032	-1368
7.11916995049	-1368
7.11919689178	-1368
7.11930298805	-1368
7.12996697426	-1368
7.13094592094	-1368
7.13096094131	-1368
7.13324189186	-1368
7.13326001167	-1368
7.13327479362	-1368
7.13590788841	-1368
7.13593697548	-1368
7.13594198227	-1368
7.13827896118	-1368
7.13830184937	-1368
7.13831591606	-1368
7.13909196854	-1368
7.1398088932	-1368
7.14022493362	-1368
7.14252686501	-1368
7.14255189896	-1368
7.14325594902	-1368
7.14349484444	1368
7.14396095276	-1368
7.16088891029	-1368
7.16093301773	-1368
7.16094493866	-1368
7.18358397484	-12
7.18361282349	261
7.20583581924	-1368
7.20588588715	-1368
7.20593380928	-1368
7.20624399185	-1368
7.20628190041	-1368
7.20629191399	-1368
7.20683789253	-1368
7.20688700676	-1368
7.20692586899	-1368
7.20694589615	-1368
7.20697188377	-1368
7.20735692978	-1368
7.23300695419	-1368
7.23303699493	-1368
7.23532891273	-1368
7.23534679413	-1368
7.2353758812	-1368
7.237169981	-1368
7.23719382286	-1368
7.23856401443	-1368
7.2499089241	-1368
7.24993300438	-1368
7.24995493889	-1368
7.26885390282	-1368
7.26893901825	-1368
7.26895499229	-1368
7.26897501945	-1368
7.27063894272	-1368
7.27068901062	-1368
7.27070593834	-1368
7.27165484428	-1368
7.27217388153	-1368
7.27221798897	-1368
7.2728228569	-1368
7.27324390411	1368
7.27324986458	-1368
7.27417993546	-1368
7.27424788475	-1368
7.27426099777	-1368
7.27494883537	-1368
7.27497601509	-1368
7.27500700951	-1368
7.27663302422	-1368
7.27666401863	-1368
7.27669596672	-1368
7.27731585503	-1368
7.27796602249	-1368
7.27799892426	-1368
7.27801084518	-1368
7.29385590553	-1368
7.29388284683	-1368
7.29390597343	-1368
7.30093097687	-152
7.30096387863	232
7.33111596107	-1368
7.33718895912	-1368
7.3373568058	-1368
7.34604287148	-1368
7.34629392624	-1368
7.34633088112	-1368
7.34666800499	-1368
7.34669685364	-1368
7.34680485725	-1368
7.34748888016	-1368
7.34751987457	-1368
7.34753680229	-1368
7.38394784927	-1368
7.38511395454	1368
7.41837191582	-641
7.41839885712	804
7.43000602722	-1368
7.43002986908	-1368
7.5065779686	-1368
7.53576898575	-667
7.54017281532	543
7.71270179749	543
7.79296898842	-543
7.79333090782	-1368
7.79338502884	-1368
7.83757996559	-1368
7.83761286736	-1368
7.91047501564	-298
7.91092395782	543
8.02771282196	-543
8.18293595314	-543
8.27515697479	-1368
8.27519202232	-1368
8.27521586418	-1368
8.31535792351	-1368
8.31866002083	543
8.33907079697	-1326
8.42993998528	543
8.45626997948	-543
8.45964193344	-1368
8.45966482162	-1368
8.57365894318	-406
8.60447597504	543
8.72265195847	1086
8.839854002	1057
8.95703697205	1057
8.96215081215	-543
9.0383579731	-543
9.10313796997	-1368
9.10518479347	-1368
9.10520291328	-1368
9.12285685539	-1181
9.12338685989	543
9.24014091492	-1086
9.24821186066	-1368
9.24822902679	543
9.24824690819	-1368
9.24908590317	-1368
9.24911189079	-1368
9.24916982651	-1368
9.25204586983	-1368
9.25238084793	1368
9.28738594055	-1368
9.28741002083	-1368
9.29253196716	-1368
9.32181596756	543
9.32622385025	1368
9.32952690125	1368
9.33631086349	-1368
9.34178090096	1368
9.34179282188	1368
9.36542582512	-32
9.36546301842	74
9.40997886658	-1368
9.48264598846	-775
9.53287482262	-926
