0	-543
0.952988862991	543
0.953174829483	543
1.1344139576	-543
1.45478487015	-543
3.65830993652	543
3.83670496941	-543
3.845484972	543
4.02687191963	-543
4.02720499039	-1420
4.02725887299	-1316
4.02902388573	-1420
4.02907085419	-1420
4.02907299995	-1264
4.04065680504	-1420
4.04068088531	-1420
4.04071998596	-1264
4.04271888733	-1368
4.07144498825	543
4.10836100578	543
4.10876178741	543
4.10912394524	543
4.15664482117	-1420
4.156665802	-1420
4.1567428112	-1420
4.15674591064	-1420
4.15678286552	-1160
4.15678691864	-1368
4.1582159996	-1420
4.15822982788	-1420
4.15828990936	-1420
4.15829277039	-1212
4.15833187103	-1420
4.15833377838	-1316
4.17013192177	-1420
4.17015099525	-99
4.17042589188	543
4.17200398445	543
4.29920697212	-1086
4.30306982994	543
4.3032989502	543
4.31308293343	1057
4.44282579422	-1086
4.44304680824	543
4.44318294525	543
4.49625492096	-1420
4.49626898766	-1420
4.49632382393	-1264
4.49923300743	-1368
4.51120185852	-1420
4.51120996475	-1316
4.51586389542	543
4.5721848011	-1218
4.57796096802	543
4.57850980759	543
4.61907696724	-1420
4.61908888817	-1316
4.62921595573	-1368
4.65764594078	-1368
4.66011691093	-1420
4.66012692451	-1316
4.66017794609	-1420
4.66018080711	-1420
4.66021800041	-1264
4.66253399849	-1420
4.66258883476	-1316
4.69324278831	-1368
4.69626879692	-1420
4.69627380371	-1316
4.70130085945	-728
4.71051979065	-1368
4.71114778519	-1420
4.71115279198	-1420
4.71119785309	-1264
4.71219086647	-1420
4.71225595474	-1316
4.71233081818	-1368
4.71274185181	-1368
4.71898293495	543
4.72036981583	543
4.74831199646	-1420
4.74833679199	-1420
4.74839496613	-1420
4.74839782715	-1212
4.78688788414	-1420
4.78690385818	-1420
4.78696489334	-1264
4.83068299294	-388
4.84111881256	543
4.84129190445	1057
4.84148192406	543
4.84191584587	543
4.86525797844	-1420
4.86527299881	-1420
4.86533784866	-1264
4.86675286293	-1420
4.86680078506	-1316
4.8773047924	-1368
4.8774638176	543
4.9601688385	-704
5.0470058918	-1368
5.04783296585	-1420
5.04783892632	-1420
5.04789090157	-1264
5.04807591438	-1420
5.04812788963	-1316
5.05004382133	-1420
5.05004882812	-1316
5.05017590523	-1368
5.05093598366	-1368
5.05390286446	-1420
5.05390691757	-1316
5.06101584435	-1420
5.06102180481	-1420
5.06106495857	-1264
5.06112599373	-1420
5.06116580963	-1420
5.0611679554	-1264
5.06210184097	-1420
5.06210589409	-1420
5.06212496758	-1264
5.06303691864	-1420
5.06303977966	-1316
5.06801486015	543
5.07014799118	-1420
5.07015490532	-1420
5.07019996643	-1264
5.07304883003	-1420
5.07309889793	-1420
5.07310295105	-1264
5.07380700111	-1420
5.07380986214	-1316
5.08111381531	543
5.0867087841	543
5.08696484566	543
5.08746385574	543
5.08964800835	-1368
5.08976984024	-1368
5.14877080917	543
5.17713284492	-1420
5.17714190483	-1316
5.17720198631	-1420
5.17721390724	-1420
5.17725491524	-1420
5.17725896835	-1212
5.1773109436	-1420
5.17731380463	-1420
5.17735981941	-1264
5.17736291885	-1368
5.17750191689	-1420
5.17750477791	-1316
5.17930793762	-1420
5.17931079865	-1420
5.17931294441	-1420
5.17931389809	-1212
5.1800839901	-1420
5.18008685112	-1420
5.18008899689	-1420
5.18008995056	-1212
5.18309879303	-1420
5.18310284615	-1316
5.18316698074	-1420
5.18317079544	-1316
5.18800997734	543
5.18828392029	543
5.19018888474	-1420
5.1901948452	-1420
5.19024896622	-1264
5.19025087357	-1420
5.19034290314	-1420
5.19034600258	-1264
5.1903898716	-1368
5.19045186043	-1420
5.19051480293	-1316
5.1905169487	-1368
5.19054985046	-1420
5.19055294991	-1316
5.19079184532	543
5.19138884544	-1420
5.19144296646	-1420
5.19148588181	-1264
5.19148778915	-1420
5.19152283669	-1420
5.19152498245	-1264
5.19232392311	-1420
5.1923289299	-1420
5.19237089157	-1420
5.19237399101	-1212
5.19277000427	543
5.19936299324	-1420
5.1993689537	-1316
5.19941878319	-1420
5.19942092896	-1420
5.19946694374	-1420
5.19946885109	-1212
5.20238184929	-1420
5.20239591599	-1420
5.20244479179	-1420
5.20244789124	-1212
5.20248484612	-1420
5.20249581337	-1316
5.20259380341	543
5.2032058239	-1420
5.20321893692	-1420
5.20326089859	-1420
5.20326399803	-1212
5.21911382675	-1420
5.21913790703	-1316
5.25832080841	-1420
5.25833678246	-1316
5.30659198761	-1420
5.306609869	-1420
5.30669379234	-1420
5.30669784546	-1420
5.30673599243	-1160
5.30673789978	-1420
5.30677485466	-1420
5.30677700043	-1264
5.30681300163	-1368
5.30681490898	-1420
5.30681586266	-1420
5.30681800842	-1264
5.3068189621	-1368
5.30693078041	-1420
5.30693292618	-1420
5.30693387985	-1420
5.30693387985	-1420
5.30693483353	-1420
5.3069357872	-1108
5.30703878403	-1368
5.30726194382	-1420
5.30726599693	-1420
5.30726695061	-1264
5.30726790428	-1368
5.30738687515	543
5.30761599541	543
5.30846881866	-1420
5.30847477913	-1420
5.30851697922	-1420
5.30851984024	-1212
5.30857682228	-1420
5.30857992172	-1420
5.30861592293	-1264
5.30861783028	-1368
5.30874300003	543
5.30930900574	-1420
5.3093149662	-1420
5.30935692787	-1264
5.30955290794	-1420
5.3095908165	-1420
5.30959296227	-1264
5.30962777138	-1420
5.30962991714	-1316
5.31235694885	-1420
5.31236100197	-1420
5.31236195564	-1264
5.31243181229	-1420
5.31243491173	-1168
5.31369495392	543
5.31380677223	543
5.31413984299	543
5.33263492584	543
5.44156479836	-543
5.44174194336	543
5.52709698677	-1420
5.52711677551	-1316
5.53810381889	-1368
5.56212592125	-1368
5.56411480904	543
5.56486678123	543
5.56512880325	-1420
5.56513381004	-1316
5.60818481445	-1368
5.60852479935	543
5.61018586159	-936
5.61049699783	543
5.61796379089	543
5.69663786888	-1420
5.6966547966	-1316
5.70805692673	-1368
5.71790599823	543
5.78042292595	-638
5.79275393486	543
5.79329395294	543
5.85512590408	-1368
5.8804628849	-1420
5.88052582741	-1316
5.90953087807	-153
5.90983581543	543
5.9302418232	-1420
5.93025684357	-1420
5.93032097816	-1264
5.93960881233	543
5.94381999969	543
5.9440639019	543
5.99101090431	543
6.04421186447	-1368
6.05849695206	543
6.05913877487	-356
6.05928993225	543
6.10791397095	-1368
6.22176194191	-543
6.22199583054	543
6.23692893982	-232
6.41704392433	-543
6.4182779789	-1368
6.41898179054	543
6.43283677101	-1420
6.43285393715	-1316
6.43317580223	-1368
6.43328881264	-543
6.43672394753	-1368
6.44629693031	-1420
6.44630479813	-1420
6.44636178017	-1420
6.44636487961	-1212
6.47800397873	-1368
6.48146295547	-1368
6.4836127758	543
6.48619389534	-543
6.52843594551	543
6.52881789207	543
6.52915978432	543
6.53810787201	-1420
6.53812289238	-1420
6.53817486763	-1420
6.53817677498	-1212
6.55282092094	-1420
6.55283784866	-1420
6.55292081833	-1420
6.5529229641	-1212
6.55666279793	-1420
6.55667686462	-1420
6.55673289299	-1420
6.55673480034	-1212
6.56045293808	543
6.56608986855	-1420
6.56609582901	-1420
6.56617879868	-1264
6.56618189812	-1420
6.56622982025	-1420
6.56623196602	-585
6.58002400398	543
6.60715389252	-435
6.72076582909	-543
6.72113585472	543
6.72183799744	1057
6.84198594093	-543
6.8461368084	543
7.00101399422	-1086
7.00793099403	543
7.00808691978	543
7.02682590485	-1368
7.02706098557	-1368
7.05472683907	-1368
7.07289886475	-1420
7.0729367733	-1316
7.07317686081	-1420
7.07321977615	-1316
7.07339882851	-1368
7.08382296562	-1368
7.08410596848	543
7.08747291565	-1420
7.08747792244	-1316
7.08752894402	-1368
7.11138987541	-1420
7.11146593094	-1316
7.11147093773	-1420
7.11152696609	-1316
7.11152887344	-1368
7.11170077324	543
7.11255788803	-1368
7.12391400337	-1420
7.12396383286	-1420
7.1239669323	-1264
7.12408399582	543
7.1242017746	-1368
7.1465280056	-905
7.15279579163	-1368
7.25556588173	-1420
7.25558185577	-1316
7.26631999016	-1152
7.34169077873	-1368
7.3423500061	-1368
7.34242796898	-1368
7.37002396584	-1420
7.37003993988	-1316
7.37032294273	-1368
7.3861489296	-820
7.4010617733	543
7.45875382423	-1368
7.50100684166	-1368
7.5071618557	-493
7.52838397026	-1420
7.52839899063	-1316
7.53000497818	-1368
7.59053182602	-1368
7.59118795395	1460
7.59124398232	1460
7.59128093719	1161
7.59135985374	1460
7.59139990807	685
7.60796284676	543
7.62681388855	-269
7.63714194298	543
7.68076896667	-543
7.7923707962	-543
7.82119178772	-1368
7.82432293892	-1420
7.82432985306	-1316
7.93054485321	-1368
7.94102191925	-443
7.95054984093	-1368
7.95075798035	-1420
7.95081281662	-1316
7.9511039257	-1420
7.9511449337	-1420
7.95114779472	-1264
7.95130491257	-1368
7.95141887665	-1368
7.9576458931	-1420
7.95766091347	-1316
7.95779895782	-1420
7.95780277252	-1316
7.95959281921	-1368
7.95966482162	543
7.96963596344	543
7.97132277489	543
7.98876881599	-1368
8.06069397926	-504
8.12511897087	-1368
8.12513589859	-1368
8.1251938343	-1368
8.12528181076	-1368
8.12567687035	-1368
8.12607479095	-1420
8.12615585327	-1316
8.12615895271	-1368
8.12693095207	543
8.12779593468	-1368
8.12783694267	-1368
8.12804389	-1368
8.12853384018	-1368
8.14218187332	-1368
8.142775774	-1420
8.14282083511	-1316
8.15251898766	-1420
8.15256595612	-1316
8.15265083313	-1368
8.15282988548	-1420
8.15283298492	-1316
8.15296196938	-1368
8.15443587303	-1420
8.15443897247	-1420
8.15444087982	-1264
8.15458989143	-1420
8.15459299088	-1420
8.15459394455	-1264
8.15459489822	-1368
8.15807700157	543
8.18047189713	-639
8.29148197174	-1420
8.29149889946	-1420
8.29159379005	-1264
8.29159784317	-1368
8.292937994	-1368
8.29425597191	-1368
8.29458093643	-1420
8.29458498955	-1316
8.2947499752	-1368
8.29500198364	543
8.29523396492	-1420
8.29523897171	-1316
8.29538393021	-1420
8.29538583755	-1316
8.29538679123	-1420
8.29538679123	-1316
8.30019879341	-1366
8.30807590485	-1368
8.32035398483	-1420
8.32035899162	-1420
8.32040977478	-1420
8.32041192055	-1212
8.3204498291	-1420
8.32045197487	-1420
8.32049679756	-1264
8.32058787346	-1420
8.3205909729	-1316
8.32347893715	-1368
8.32364082336	543
8.35015583038	-1368
8.39022779465	-1368
8.4278588295	-272
8.43795585632	543
8.79477477074	-543
8.82998585701	-1368
8.9497179985	-717
8.9509499073	543
8.95788598061	543
9.14163088799	-543
9.17003083229	-1368
9.170596838	-1368
9.28963088989	-435
9.31367087364	543
9.33009886742	543
9.42812180519	543
9.55755996704	543
9.652810812	-543
9.65312194824	-1368
9.68078184128	-1368
9.68180990219	-1368
9.71069979668	-1368
9.71103787422	543
9.7118999958	543
9.72939181328	-1368
9.7299888134	-1368
9.730260849	543
9.73041200638	-1368
9.73073792458	543
9.73162984848	-1368
9.74800777435	1460
9.74807500839	111
9.75090479851	-1420
9.7509098053	-1316
9.75106287003	543
9.75846385956	-1368
9.75853180885	543
9.77299499512	-923
9.8077378273	1057
9.80827093124	543
9.84794998169	543
9.84851288795	543
9.86308884621	543
9.92810487747	-543
9.92861390114	543
9.96328377724	-1368
9.963534832	-1420
9.96358585358	-1316
9.96360898018	543
9.96383595467	-1368
9.96401596069	-1368
9.98678183556	-1368
9.98701786995	-1420
9.98702383041	-1316
9.99229979515	-1420
9.99231481552	-1316
9.99236893654	-1420
9.99237179756	-1316
9.99245500565	-1368
9.99256396294	-1368
9.99316596985	-1420
9.99317979813	-1420
9.99326181412	-1420
9.99326395988	-1212
9.99330186844	-1368
10.0245788097	-1420
10.0246469975	-1316
10.0249869823	-1368
10.0257458687	-1368
10.0278849602	543
10.083840847	-1420
10.0838589668	-1316
10.0839169025	-1420
10.083920002	-1316
10.0846529007	-1420
10.0846588612	-1316
10.0848429203	-1420
10.0848469734	-1316
10.0850999355	-1420
10.0851049423	-1316
10.0853149891	-1420
10.0853178501	-1316
10.1071119308	-1420
10.1071228981	-1316
10.1071748734	-1420
10.1071767807	-1420
10.1072189808	-1420
10.1072227955	-1212
10.1074249744	543
10.1121838093	-1368
10.1123847961	-1420
10.1124129295	-121
10.1190168858	543
10.1744999886	-1368
10.1779539585	543
10.1950747967	543
10.1953158379	543
10.1955068111	543
10.2132978439	-1368
10.2134988308	1057
10.2322039604	-1036
10.239866972	-1368
10.2508859634	-1420
10.2508919239	-1316
10.2515859604	-1420
10.2515888214	-1316
10.2518649101	-1420
10.2518677711	-1316
10.2520167828	-1368
10.2532458305	-1368
10.2543449402	-1368
10.2544629574	-1368
10.2547008991	-1368
10.2547709942	-1368
10.2549109459	-1368
10.2678318024	-1420
10.2678887844	-1316
10.2681257725	543
10.2865269184	-1368
10.2865419388	-1368
10.2865979671	-1368
10.3154828548	-1368
10.3668568134	-383
10.3670589924	543
10.4190018177	-1420
10.4190149307	-1316
10.4494988918	-1368
10.450221777	-1420
10.4502677917	-1316
10.474064827	-1368
10.474134922	-1368
10.4781630039	543
10.4783389568	-1420
10.4783449173	-1420
10.4783949852	-1420
10.4783978462	-1212
10.4785239697	543
10.5068368912	-1368
10.5069890022	-1368
10.5070989132	-1368
10.5072979927	543
10.5092318058	-1368
10.5095038414	-1420
10.5095407963	-1316
10.5095438957	-1368
10.5101218224	-1368
10.5349228382	-1150
10.5361139774	-1368
10.5362048149	-1368
10.5372037888	-1368
10.5375788212	-1420
10.537612915	-1316
10.538454771	-1420
10.538536787	-1420
10.5385389328	-1264
10.5385398865	-1420
10.5385417938	-1420
10.5385429859	-1264
10.5386538506	-1368
10.5391209126	543
10.5662529469	-1420
10.5662698746	-1316
10.5663218498	-1368
10.5663249493	-1420
10.5663428307	-1316
10.5665040016	-1420
10.5665478706	-1316
10.5675959587	-1420
10.5676448345	-1316
10.5690419674	1057
10.5735778809	543
10.5995628834	543
10.6565539837	-72
10.681483984	543
10.7782628536	543
10.7801349163	-1368
10.7845928669	-1368
10.7854979038	-1368
10.7878189087	543
10.8127999306	-1420
10.8128159046	-1316
10.8157749176	-103
10.8279528618	543
10.8427767754	-1368
10.8679938316	543
10.8754808903	-543
10.9626338482	-1289
10.9681019783	517
