0	543
0.103862047195	-543
0.753823041916	543
1.12712812424	-543
1.13731408119	543
1.43133401871	-543
1.43587803841	-1368
1.43713307381	-1420
1.43714499474	-1316
1.43718695641	-1368
1.44164395332	-1420
1.44167804718	-1316
1.44168114662	-1368
1.4777431488	543
1.50777101517	543
1.50816011429	543
1.51489901543	-1420
1.51490497589	-1316
1.54797792435	-1420
1.54799699783	-1316
1.54804396629	-1420
1.54804801941	-1316
1.54876494408	-1420
1.54876995087	-1316
1.54897713661	-1420
1.54898095131	-1316
1.55273008347	-1420
1.55273604393	-1420
1.55278396606	-1264
1.55278611183	-1420
1.55282306671	-1420
1.55282711983	-648
1.55298495293	543
1.56824803352	543
1.56866598129	543
1.69404792786	-543
1.69424200058	543
1.69536399841	1057
1.81051206589	-543
1.81069803238	543
1.95250105858	-1368
1.95732998848	543
1.95746898651	543
1.95956301689	-1368
1.96074295044	-1036
2.0255651474	-1420
2.02558302879	-1316
2.0367269516	-1368
2.046667099	-1368
2.04727697372	-1368
2.04778313637	-1368
2.04805612564	-1420
2.04805994034	-1316
2.0500690937	-1368
2.05159211159	-1420
2.05162215233	-1316
2.05382514	-1368
2.05392503738	543
2.05403113365	-1368
2.07200908661	-1271
2.11862397194	-1368
2.12722992897	-1368
2.13078403473	-1368
2.18840312958	-1239
2.1987631321	-1368
2.30989193916	-1260
2.31040000916	543
2.31310606003	-1368
2.31729412079	543
2.36352801323	-1368
2.36868309975	-1420
2.36871910095	-1316
2.3721139431	-1420
2.37214303017	-1316
2.37214708328	-1368
2.374958992	543
2.37549614906	543
2.38014793396	-1420
2.38015508652	-1420
2.38019800186	-1264
2.38404798508	-1368
2.38701105118	-1420
2.38701510429	-1316
2.39003205299	-1368
2.42889809608	-1368
2.43369293213	-359
2.4520149231	543
2.45226097107	1057
2.45244812965	543
2.45286393166	543
2.57995200157	-543
2.71815109253	-543
2.74850702286	-1420
2.74858212471	-1316
2.74858808517	-1368
2.79719305038	-1420
2.79720306396	-1316
2.79723596573	-1368
2.81474208832	-1368
2.81653594971	-1420
2.81657314301	-1316
2.81657600403	-1368
2.81701207161	-1368
2.87492394447	-1368
2.87505698204	-1368
2.87531113625	-1368
2.87614393234	-1420
2.87617301941	-1316
2.87718009949	-1368
2.87724399567	-1420
2.87726998329	-1316
2.87733793259	543
2.87746310234	-1368
2.8777320385	-1420
2.87777805328	-1316
2.88251399994	-1353
2.88504195213	-1420
2.88505196571	-1316
2.89355802536	-1420
2.89356994629	-1420
2.89362502098	-1264
2.89641308784	-1420
2.89646792412	-1316
2.89717698097	-1368
2.89832115173	-1368
2.89892292023	-1420
2.89896297455	-1316
2.90036797523	543
2.90746498108	543
2.91194415092	543
2.92379593849	-1420
2.92380809784	-1420
2.92387104034	-1264
2.94070911407	543
2.94761013985	543
2.95499205589	-1420
2.95500397682	-1420
2.95505714417	-1264
2.95518302917	543
2.95626807213	-1420
2.95627307892	-1316
2.95631694794	-1368
2.95726895332	-1368
2.95751595497	-1420
2.95752096176	-1316
2.95756697655	-1368
2.95766115189	-1368
2.95835399628	-1420
2.95835900307	-1316
2.9589650631	-1420
2.95897006989	-1316
2.95926809311	-1420
2.9592730999	-1420
2.95931410789	-1264
2.9602689743	-1420
2.96029400826	-1316
2.96036696434	1057
3.00146198273	-1420
3.00148200989	-1316
3.00151991844	-1420
3.00152301788	-1316
3.00449895859	-1420
3.00450396538	-1316
3.00467514992	-1420
3.00467991829	-1316
3.00492095947	-1420
3.00492596626	-1316
3.00758695602	-1420
3.00759291649	-1316
3.00772714615	-1420
3.00773000717	-1316
3.00796294212	-1420
3.00796794891	-1316
3.00863599777	-1368
3.01135993004	-1420
3.01138496399	-1316
3.01157593727	-1368
3.01167011261	543
3.01694607735	-218
3.04690599442	-1420
3.04697394371	-1420
3.04697799683	-1264
3.04752612114	-1420
3.04753112793	-1316
3.04934310913	-1420
3.04934811592	-1316
3.0498239994	-1420
3.0498290062	-1316
3.050385952	-1368
3.05080008507	-1420
3.05082297325	-1316
3.06496095657	-1420
3.0650241375	-1316
3.08304595947	-1368
3.09526896477	-1368
3.09528398514	-1420
3.0953400135	-1316
3.09550595284	1057
3.0969080925	-1420
3.09691405296	-1316
3.09879899025	-1420
3.09880495071	-1316
3.09998393059	-1420
3.09998893738	-1316
3.10084915161	-1420
3.10085391998	-1316
3.10293006897	-1420
3.10293912888	-1316
3.10376501083	-1420
3.10377311707	-1316
3.10392808914	-1420
3.10393214226	-1316
3.10580611229	-1420
3.10581612587	-1316
3.13413500786	-1368
3.15238714218	-1368
3.152739048	-1420
3.15274596214	-1316
3.15287709236	543
3.15343594551	-1420
3.15344309807	-1316
3.15364003181	-1420
3.1536450386	-1316
3.15394711494	-1420
3.15395092964	-1316
3.15791392326	-1420
3.15792107582	-1316
3.15814399719	-1420
3.15814805031	-1316
3.15843892097	-1420
3.15844392776	-1316
3.15859413147	-1420
3.15859913826	-1316
3.16003704071	-1420
3.1600420475	-1316
3.16015005112	543
3.1611020565	-1420
3.16110706329	-1316
3.16120195389	543
3.19391512871	-1420
3.19393110275	-1316
3.19476413727	-1420
3.19476914406	-1316
3.19499993324	-1420
3.19500494003	-1316
3.19750213623	-1420
3.19750809669	-1316
3.19879508018	-1420
3.19880008698	-1316
3.19896006584	-1420
3.19896411896	-1316
3.21195197105	-772
3.26723909378	-1420
3.26725697517	-1420
3.26730394363	-1264
3.27580094337	-1368
3.2759680748	543
3.27698612213	-1368
3.27710795403	543
3.38001799583	-1073
3.3802421093	543
3.38053011894	543
3.38382911682	543
3.63595700264	-543
3.65356492996	-1368
3.70998501778	-1368
3.71010804176	-1368
3.73176598549	-1368
3.73178792	-1368
3.73410391808	543
3.73694109917	543
3.77292108536	-1044
3.77644610405	543
3.78274202347	-1420
3.78274703026	-1316
3.80082297325	-1368
3.90084409714	-1368
3.90399503708	-1326
3.91726493835	543
3.91831898689	543
3.91878199577	543
3.91925692558	543
4.01727414131	543
4.01737308502	543
4.0439851284	-543
4.19033408165	-1420
4.19038510323	-1316
4.19057106972	543
4.20024013519	-435
4.21183896065	543
4.28848409653	-543
4.29285097122	-1368
4.30228710175	-1420
4.30235314369	-1316
4.31028699875	-543
4.37378406525	-667
4.38141012192	543
4.42105102539	-1368
4.52294492722	-804
4.5271229744	-1368
4.53701305389	543
4.53729510307	543
4.53773593903	543
4.54976892471	543
4.56007409096	543
4.61821103096	543
4.63452506065	-746
4.76795506477	-1057
4.92185711861	-543
4.92809700966	-543
4.92839312553	543
4.95307207108	-1420
4.95308613777	-1316
5.00338792801	543
5.03908014297	-920
5.15029191971	-1057
5.30267810822	-543
5.30283498764	-1420
5.30287003517	-1316
5.30298399925	-1368
5.36124396324	543
5.37968707085	-1420
5.37969708443	-1316
5.37983608246	-1368
5.42226004601	-1420
5.4223151207	-1316
5.42243599892	-1368
5.43770098686	543
5.43807196617	543
5.46271014214	-1420
5.4627199173	-1420
5.46275401115	-1264
5.4627559185	-1368
5.46319007874	-1420
5.46319508553	-1316
5.48747992516	543
5.50236797333	-1420
5.50238394737	-1316
5.53773403168	543
5.53812813759	543
5.54039907455	-1420
5.54040312767	-1420
5.5404510498	-1420
5.54045295715	-1212
5.54056811333	543
5.54067206383	-1420
5.54067611694	-1316
5.58297896385	-1420
5.5829911232	-1420
5.58304214478	-627
5.74273395538	-543
5.74298501015	543
5.74528193474	1057
5.90557694435	-543
5.90578198433	543
6.01096796989	543
6.1056830883	-543
6.10600113869	543
6.28384399414	-1368
6.28731894493	543
6.29842305183	-1420
6.2984380722	-1420
6.29847812653	-1264
6.29848003387	-1368
6.29859304428	-1368
6.29874491692	-1368
6.29897594452	-1368
6.29903507233	-1420
6.29905796051	-1316
6.2995121479	-1420
6.29957413673	-1420
6.29957604408	-1264
6.29995298386	-1420
6.29995799065	-1420
6.29995894432	-1264
6.30015301704	-1368
6.30357003212	-1420
6.30358099937	-1316
6.30500102043	-1200
6.30509495735	543
6.31572699547	543
6.37654304504	-1420
6.37655901909	-1316
6.37882900238	-543
6.4065580368	-1368
6.40670895576	543
6.46503210068	-638
6.52385497093	-1368
6.61747503281	-1368
6.61749315262	-1368
6.67409610748	-124
6.68641209602	-1368
6.69878911972	-1368
6.74094009399	-543
6.77723312378	-1368
6.81899499893	-1420
6.81900906563	-1316
6.84572911263	-588
6.8463280201	1460
6.84637713432	1460
6.84643006325	1161
6.84649991989	1117
6.86732196808	543
6.87367200851	-543
6.93829798698	-1420
6.9383161068	-1316
6.94215011597	-1420
6.94215512276	-1420
6.94219493866	-1264
7.00595808029	-986
7.16585493088	-543
7.17772603035	543
7.24842095375	-1368
7.29328608513	-1420
7.29329895973	-1316
7.29334306717	-1368
7.29455804825	-1368
7.2948410511	-1420
7.29484510422	-1316
7.29488897324	-1420
7.29489207268	-1316
7.2950501442	-1368
7.29526615143	-1368
7.29534101486	-1368
7.29552412033	-1368
7.29563212395	-1420
7.29563593864	-1420
7.29563713074	-1264
7.29592108727	-1368
7.29610300064	-1420
7.29610610008	-1316
7.29641509056	-1420
7.29641795158	-1420
7.29642009735	-1264
7.29650712013	-1420
7.29650998116	-1316
7.29691314697	-1420
7.29691696167	-1316
7.29714012146	-1420
7.29714393616	-1316
7.29761505127	543
7.29774403572	543
7.29820299149	-1368
7.29841995239	-1420
7.29844403267	-1316
7.29850006104	-1420
7.29854106903	-1316
7.29870009422	-1368
7.29882097244	-1368
7.29882597923	-1368
7.29913902283	-1368
7.29929709435	-1368
7.29945802689	-1420
7.29946208	-1316
7.34033298492	-4
7.34361004829	543
7.37320709229	-1368
7.37337708473	-1420
7.3734369278	-1420
7.37344002724	-1264
7.37354803085	-1368
7.40767502785	-1368
7.45301008224	-1368
7.45302295685	-1420
7.45308709145	-1420
7.45309114456	-1264
7.4531879425	-1420
7.45319199562	-1316
7.45439314842	-1420
7.45439696312	-1420
7.45439791679	-1264
7.45444107056	-1420
7.45444393158	-1316
7.45449304581	-1368
7.45475697517	-1420
7.45476102829	-1316
7.45518994331	-1368
7.46753311157	543
7.46767711639	543
7.47183704376	543
7.47230410576	543
7.50034308434	-1092
7.58796310425	543
7.58817315102	543
7.66012907028	-543
7.6603679657	543
7.98403906822	-543
8.03153800964	-543
8.10405492783	-1420
8.10412693024	-1420
8.10416603088	-1264
8.18322205544	-1123
8.18441200256	543
8.25569009781	-1368
8.28098106384	-1368
8.34315013885	-978
8.34553694725	543
8.34944605827	543
8.54734802246	-543
8.54758906364	-1420
8.54764294624	-1316
8.66688013077	-1420
8.66692709923	-1316
8.70744609833	-269
8.86702394485	-543
9.02661299706	-543
9.02768301964	543
