0	543
0.999782085419	543
1.00009894371	543
1.0067949295	-543
1.73536801338	-543
2.23916292191	-543
3.18986296654	543
3.68638205528	-543
3.68663406372	543
3.90471196175	-543
4.00197792053	543
4.14519190788	-543
4.14945411682	-1420
4.14951395988	-1316
4.1592130661	-1420
4.15925312042	-1316
4.26183700562	-1355
4.26412606239	543
4.26489806175	543
4.71399211884	-543
5.13062691689	-543
5.13105201721	-1420
5.13109993935	-1316
5.13339805603	-1368
5.1336479187	-1420
5.1336889267	-1316
5.14056301117	-1368
5.14067912102	-1420
5.14071798325	-1316
5.14102196693	-1368
5.24288010597	-1420
5.24292802811	-1316
5.24336194992	-1420
5.24340105057	-1420
5.24343705177	-1264
5.24347400665	-1368
5.2457549572	-1420
5.24575996399	-1420
5.24576091766	-1420
5.24576210976	-1212
5.24592089653	-1420
5.24592399597	-1316
5.24616098404	543
5.24905395508	543
5.25272703171	-93
5.26049304008	543
5.27833390236	543
5.48396205902	-543
5.48839592934	-1368
5.60046410561	-232
5.75207805634	-1086
5.75231790543	543
5.75244402885	543
5.86404800415	-543
5.86423301697	543
6.16500806808	237
6.2048470974	-543
6.21010303497	-1420
6.21015310287	-1316
6.2210650444	-1420
6.22112894058	-1316
6.22137403488	543
6.31699490547	-1355
6.31897807121	543
6.31972408295	1460
6.31977105141	625
6.32651996613	-740
6.32707691193	150
6.39212989807	-1368
6.39636802673	-1368
6.4326748848	-493
6.48948502541	-75
6.48970389366	53
6.65075492859	-1420
6.6507730484	-89
6.65120410919	1077
6.71476507187	-543
6.72439908981	-1368
6.7260119915	-1368
6.72892808914	-1420
6.72897005081	-1316
6.81277394295	-565
6.81316304207	565
6.82718300819	-957
7.01639389992	-565
7.01681303978	565
7.05092000961	-543
7.06265592575	-1368
7.06645798683	-1420
7.06650209427	-1316
7.06832194328	543
7.16299796104	-667
7.16497612	543
7.16575098038	1460
7.16580891609	625
7.2239921093	-1368
7.22545099258	-565
7.27841901779	-775
7.32212400436	-1420
7.32217311859	-1420
7.32219290733	-1264
7.32290697098	-1420
7.32294988632	-1316
7.32349801064	-1368
7.39061594009	-1218
7.39930891991	-1368
7.48836112022	-1368
7.50269508362	-1036
7.61491990089	-543
7.72711205482	-543
7.96888494492	-543
7.9695289135	-1420
7.96956110001	-1316
7.97324299812	-1420
7.9732670784	-1420
7.97328495979	-1264
7.98402190208	-1368
8.08165001869	-733
8.3202381134	-543
8.32227897644	-1420
8.32230305672	-1316
8.32353305817	-1420
8.32357192039	-1316
8.32524299622	-1420
8.32528495789	-1316
8.3253929615	543
8.32543110847	-1368
8.32569503784	-1420
8.32571792603	-1316
8.32618188858	-1420
8.32622003555	-1316
8.32630610466	543
8.32663106918	-1368
8.43236804008	-235
8.6374130249	-543
8.63853907585	-1420
8.63858389854	-1316
8.64173793793	-1420
8.64174509048	-1420
8.64178490639	-1264
8.64851307869	-1420
8.64852595329	-1420
8.64855790138	-1264
8.65125894547	-1420
8.65126490593	-1420
8.65130496025	-1264
8.65270805359	-1420
8.65271306038	-1420
8.65276002884	-1264
8.65276288986	-1420
8.65279698372	-1420
8.65280103683	-1264
8.65299892426	543
8.6572830677	-1420
8.65728807449	-1420
8.6573278904	-1264
8.65781903267	-1368
8.66164803505	-1368
8.67659211159	-1420
8.67665696144	-1316
8.74972009659	-1216
8.78815698624	543
9.32659292221	-543
9.32862997055	-1420
9.32863497734	-1316
9.33020305634	-1420
9.33020806313	-1316
9.33044600487	-1368
9.33108305931	-1420
9.33112406731	-1316
9.33119988441	543
9.33191299438	-1368
9.33197689056	543
9.33282709122	-1420
9.33283090591	-1316
9.33296298981	-1368
9.337651968	-1368
9.43886590004	-1420
9.43888306618	-1316
9.44082903862	-1420
9.44083404541	-1420
9.44088292122	-1420
9.44088602066	-1212
9.44240498543	-1420
9.44240999222	-1420
9.44243192673	-1420
9.44243597984	-1212
9.44308710098	-1420
9.44309210777	-1316
9.44339990616	-1420
9.44340491295	-1420
9.44344592094	-1420
9.44344806671	-1212
9.44357991219	543
9.44508290291	-1420
9.4450879097	-1420
9.44512796402	-1420
9.44513010979	-1212
9.44980311394	-1420
9.4498090744	-1316
9.44986605644	-1420
9.44986891747	-595
9.62238907814	-543
9.62394094467	-1420
9.62399101257	-1316
9.62643289566	-1368
9.62676000595	-1420
9.62676596642	-1316
9.63896608353	-1420
9.6389799118	-1316
9.63903307915	-1368
9.64296293259	-1420
9.64298892021	-1316
9.6430709362	543
9.64315390587	-1368
9.64319801331	543
9.65357995033	-1420
9.65358710289	-1420
9.65363788605	-1264
9.65840506554	-1368
9.65858888626	-1368
9.73464798927	-620
9.73507809639	543
9.7911760807	1460
9.79127407074	111
10.3213949203	-543
10.3274021149	-1420
10.3274540901	-1316
10.3288760185	-1368
10.3319199085	-1368
10.4395909309	-841
10.6759328842	-543
10.6787340641	-1420
10.6787769794	-1316
10.6811130047	-1420
10.681153059	-1420
10.6811881065	-1264
10.6877429485	-1420
10.6877939701	-1420
10.6878330708	-1264
10.6890881062	-1368
10.689193964	543
10.6895670891	-1368
10.7879500389	-517
10.9777009487	-543
10.9823479652	-1420
10.9823820591	-1316
11.0001790524	-1368
11.0899119377	-1181
11.090307951	543
11.5994310379	-543
11.6101350784	-1420
11.6101911068	-1316
11.614274025	-1368
11.6236319542	-1368
11.7225210667	-1355
11.7228829861	543
12.2304399014	-543
12.2406001091	-1368
12.3529579639	-1260
12.3533539772	543
12.4526109695	543
12.8472390175	-543
12.857765913	-1420
12.8578169346	-1316
12.8595850468	-1368
12.8596949577	-1420
12.8596999645	-1316
12.8598821163	543
12.8627789021	-1420
12.8627851009	-1420
12.8628129959	-1264
12.8629109859	543
12.9303810596	-1368
12.9698131084	-770
12.9700639248	543
12.9703569412	543
12.9923670292	1057
13.4928679466	-543
13.5044660568	-1420
13.5045320988	-1316
13.5084280968	-1420
13.5084710121	-1316
13.5089290142	-1420
13.5089530945	-1316
13.5109050274	543
13.5116961002	1057
13.6166300774	-190
13.7546908855	-543
13.9499759674	-543
14.0620949268	-1086
14.3752291203	-543
14.3906610012	543
14.9269061089	-543
14.9310939312	-1368
15.043118	-232
