0	543
0.407235860825	-543
0.40748000145	543
0.83037686348	-1420
0.830422878265	-1420
0.830493927002	-787
0.843147993088	-1420
0.843195915222	-1316
0.952386856079	-891
0.954716920853	543
0.955472946167	543
1.4004638195	-543
1.71771502495	-1420
1.71778488159	-1420
1.71782493591	-787
1.7255859375	-1368
1.82171082497	-1420
1.82177782059	-1420
1.82182383537	-1264
1.83985996246	-1420
1.83993601799	-1420
1.83998394012	-1420
1.84002184868	-150
1.88402700424	-1420
1.88407588005	-1316
1.89203095436	543
1.91723799706	543
1.94395089149	-1420
1.9439740181	-1420
1.94402194023	-1264
1.94935297966	-1420
1.94940090179	-1420
1.94940686226	-1264
1.94964981079	543
1.95016098022	-1368
1.96129393578	-712
1.97622489929	543
1.99972295761	-1420
1.99973988533	-1316
2.04016780853	-1368
2.08230900764	-1094
2.43161582947	-543
2.43187689781	543
2.55309081078	-543
2.55327796936	543
2.67654681206	-543
2.67676281929	543
2.82371282578	-1420
2.82374000549	-1420
2.82378602028	-787
2.89099383354	-1420
2.89107179642	-1316
2.94475603104	-891
2.94673395157	543
2.94751787186	1460
2.94756603241	625
3.20095181465	-1420
3.20098280907	-151
3.20113992691	543
3.34583282471	-543
3.65760087967	-1420
3.65767383575	-1420
3.65770983696	-787
3.66761088371	-1420
3.66768980026	-1316
3.66774487495	-1368
3.67879390717	-1368
3.74958181381	-1420
3.74964094162	-1316
3.77747583389	-1368
3.77854681015	-1363
3.84443593025	-1368
3.899477005	-717
3.9863448143	-1368
4.02037096024	-232
4.15578699112	-1420
4.15584301949	-1179
4.15782594681	543
4.82245588303	-543
5.14758992195	-1420
5.1476559639	-151
5.63500785828	-1420
5.63508296013	-1420
5.63512897491	-273
6.08399987221	-1420
6.08405780792	-1179
6.08604693413	543
6.08685493469	1460
6.08690285683	625
6.71205401421	-543
7.15987491608	1057
7.18769693375	-1420
7.18776893616	-1420
7.18780779839	-787
7.19853591919	-1368
7.30865287781	-746
7.66716790199	-1420
7.66724085808	-1316
7.66728496552	-891
7.67812800407	-1420
7.67818188667	-1316
7.67843794823	-1368
7.67928981781	-1368
7.72708582878	-1368
7.72714185715	-1368
7.78829503059	-646
7.78846788406	543
8.12956380844	-1420
8.12958097458	-1420
8.12964200974	-787
8.12979483604	543
8.13136386871	-1420
8.1313688755	-1316
8.1315100193	-1368
8.14684891701	-1420
8.14691400528	-1316
8.14966988564	-1420
8.1497168541	-1316
8.25068497658	-1420
8.2507519722	-1420
8.25079584122	-1264
8.25085401535	-1368
8.25090003014	-1420
8.25093483925	-1316
8.2526910305	-1420
8.25273394585	-1420
8.25276994705	-740
8.61566281319	-1420
8.61574101448	-1420
8.61577987671	-787
8.61594581604	543
8.6235678196	-1420
8.62357401848	-1420
8.62362790108	-1264
8.62390089035	-1420
8.62395095825	-1420
8.62395381927	-1264
8.63382697105	-1420
8.63383793831	-1420
8.63388490677	-1264
8.680809021	-1368
8.73661088943	-430
8.78001594543	543
9.45610499382	-1420
9.45615792274	-1420
9.45618200302	-787
9.46408581734	-1420
9.46413087845	-1316
9.46431493759	-1368
9.46480202675	-1420
9.46482491493	-1316
9.46502780914	-1368
9.46512103081	543
9.48083782196	-1368
9.57718682289	-1420
9.5772550106	-1420
9.57729101181	-1264
9.57732701302	-1420
9.57736086845	-1420
9.57739901543	-1264
9.57755303383	543
9.58536982536	-1420
9.58538579941	-1420
9.58544683456	-1420
9.58544898033	-1212
9.58558797836	-1420
9.58559203148	-1316
9.58594679832	-1420
9.58595085144	-1420
9.58600187302	-1264
9.58600401878	-1368
9.58622598648	-1368
9.58634781837	-1368
9.58644485474	543
9.64173293114	-1368
9.64185190201	-1368
9.69905495644	-1420
9.69907093048	-1420
9.69914484024	-1420
9.69914793968	-504
9.69920897484	-1420
9.69921183586	-1420
9.69924902916	-1420
9.69925189018	-1212
9.6992919445	-1420
9.69929480553	-1420
9.69932889938	-1264
9.69953894615	-1368
9.70678281784	-1420
9.706802845	-1316
9.82017683983	-401
9.90644598007	-1420
9.90646290779	-1316
9.91668200493	-1420
9.91669893265	-1420
9.91675496101	-1264
9.91692900658	543
9.91791987419	-1420
9.91792488098	-1420
9.91796779633	-1264
9.91803693771	543
9.96211481094	-1368
9.98066592216	-198
10.0048699379	543
10.0052578449	543
10.0564908981	1460
10.0565838814	111
10.7667179108	-1420
10.7667388916	-1420
10.7667958736	-787
10.789773941	-1420
10.7898650169	-1316
10.8899998665	-920
10.8902459145	543
11.1987190247	-1420
11.1987369061	-1420
11.1987910271	-787
11.2072708607	-1420
11.2073338032	-1420
11.2073369026	-1264
11.2113130093	1460
11.2194948196	111
11.2336969376	-1420
11.2337119579	-1420
11.2337679863	-1264
11.2339208126	543
11.2455608845	-1420
11.2455759048	-1420
11.2456300259	-1264
11.2629568577	-1368
11.3198299408	-1368
11.3198568821	-1118
11.5251920223	-1420
11.5252108574	-151
11.989967823	-1420
11.9899969101	-1420
11.9900870323	-273
12.003923893	-1420
12.0039768219	-1316
12.0045979023	-1420
12.0046420097	-1420
12.0046448708	-1264
12.0151100159	-1420
12.0151238441	-1316
12.024684906	-1420
12.0246968269	-1420
12.0247569084	-1264
12.111538887	-1420
12.1115958691	-1420
12.1116158962	-1264
12.1116309166	-1420
12.1116468906	-1316
12.1116628647	-1368
12.1118350029	1057
12.1252689362	-1420
12.1252949238	-83
12.1336560249	1057
12.4649038315	-1420
12.4649219513	-1179
12.4669480324	543
12.4678139687	543
12.705906868	-1057
12.902848959	543
13.1152319908	-543
13.2282519341	-1368
13.2361779213	-203
13.3574149609	-543
13.3576300144	543
13.5294129848	-543
13.7588319778	-1420
13.7588508129	-1420
13.7589149475	-787
13.8135969639	-1420
13.8136458397	-1316
13.8821530342	-891
13.8842029572	543
13.8850798607	1057
14.2723200321	-543
14.4986538887	543
14.5885019302	-543
14.6095619202	543
15.1076629162	-1420
15.1076898575	-665
15.4627168179	-543
15.4703199863	1057
18.4989368916	543
18.4991009235	543
