0	-543
3.61874985695	1057
3.8065969944	-543
3.81848096848	-1368
3.81854200363	-1368
3.81855487823	-1368
3.92966604233	-66
3.9371099472	543
4.06027889252	543
4.11560201645	-543
4.64406085014	-1057
4.67948889732	1057
4.85384488106	-543
4.87686705589	-1368
4.87698507309	-1368
4.8770210743	-1368
4.97854089737	543
4.97881007195	543
4.97888088226	543
4.99988698959	-66
5.01193594933	543
5.13509607315	543
5.18599390984	-543
5.40660691261	-1368
5.40668988228	-1368
5.40670204163	-891
5.40896201134	-1368
5.40909600258	-1368
5.40912485123	-1368
5.40918588638	-1368
5.40921497345	-1368
5.40930604935	-1368
5.40997886658	543
5.42936706543	-1368
5.45707702637	1368
5.4658370018	1368
5.52983403206	-1368
5.52986097336	-1368
5.52988386154	-1368
5.52988696098	-1368
5.52989196777	-1368
5.52989506721	-1368
5.53216099739	-1368
5.53223085403	-1368
5.5322868824	-1368
5.53229403496	-1368
5.53230190277	-1368
5.53233003616	-1368
5.53235387802	-1368
5.53239107132	-1368
5.53242206573	-1368
5.5324409008	-1368
5.53247785568	-1368
5.53249788284	-1368
5.57251286507	978
5.58109807968	-1368
5.58115887642	-1368
5.65304207802	-1368
5.65309286118	-1368
5.65312695503	-1368
5.65314006805	-1203
5.65790605545	-543
5.67127990723	-1368
5.67133998871	-1368
5.67137694359	-1368
5.70253396034	1057
5.70256495476	-1368
5.70261693001	-1368
5.70265388489	-1368
5.70968484879	543
5.76373791695	-1368
5.76376199722	-1368
5.76378703117	-1368
5.76969099045	1368
5.77621889114	-741
5.78692293167	-1368
5.87235784531	232
5.91001486778	-1260
6.0361828804	543
6.04862904549	-1368
6.04865694046	-1368
6.04867887497	-1368
6.05371785164	-1368
6.05387592316	-1368
6.0539059639	-1368
6.05399394035	-1368
6.0540099144	-1368
6.05407094955	-1368
6.05455589294	-1368
6.05462098122	-1368
6.05553507805	-1368
6.05559206009	-1368
6.05664396286	-1368
6.05670285225	-1368
6.05671095848	-1368
6.05766201019	-1368
6.05770206451	-1368
6.05773806572	-1368
6.0584218502	-1368
6.05846190453	-1368
6.05847096443	-1368
6.05849194527	-1368
6.05904698372	-1368
6.05907702446	-1368
6.06054592133	-1368
6.06058692932	-1368
6.06060290337	-1368
6.06211304665	-1368
6.0621919632	-1368
6.06236100197	-1368
6.06241893768	-1368
6.06246304512	-1368
6.06947207451	-1368
6.06950998306	-1368
6.06970000267	-1045
6.07067704201	-1368
6.07071900368	-1368
6.07076096535	-1368
6.07078099251	-1368
6.07081484795	-1368
6.07085704803	-1368
6.07129907608	1368
6.0716149807	-1368
6.07165694237	-1368
6.07168388367	-1368
6.153028965	-543
6.15966200829	261
6.17182993889	-1368
6.17185497284	-1368
6.17188501358	-1368
6.17190599442	-1368
6.17696905136	-1368
6.17710089684	-1368
6.17717504501	-1368
6.17718291283	-1368
6.17719197273	-1368
6.17720007896	-1368
6.17722702026	-1368
6.17723202705	-1368
6.17724299431	-1368
6.17725086212	-1368
6.17726707458	-1368
6.17730903625	-1368
6.17779588699	-1368
6.17782688141	-1368
6.17787098885	-1368
6.17789196968	-1368
6.17874097824	-1368
6.17877101898	-1368
6.17880702019	-1368
6.17884898186	-1368
6.17983293533	-1368
6.17985892296	-1368
6.17987895012	-1368
6.17989301682	-1368
6.17991995811	-1368
6.17997002602	-1368
6.1800069809	-1368
6.18002486229	-1368
6.18054795265	1368
6.18082284927	-1368
6.18085098267	-1368
6.18088984489	-1368
6.18091607094	-1368
6.18151807785	-1368
6.18154907227	-1368
6.1815829277	-1368
6.1816110611	-1368
6.1816380024	-1368
6.18167495728	-1368
6.18169307709	-1368
6.1817240715	-1368
6.18226194382	-1368
6.18230104446	-1368
6.19323587418	-334
6.28447699547	261
6.3188700676	-543
6.37765693665	-1057
6.4075820446	543
6.58200287819	-1368
6.58220100403	-1368
6.5822520256	-891
6.58239984512	-1368
6.58244085312	-1368
6.58246207237	-1368
6.58247900009	-1368
6.58251190186	-1368
6.58257889748	-1368
6.58765602112	-1368
6.58934807777	-1368
6.5896730423	-1368
6.58971405029	-1368
6.59002184868	-1368
6.59006404877	-1368
6.5900850296	-1368
6.59055995941	-1368
6.59059000015	-1368
6.59107685089	543
6.60491394997	-1368
6.60497307777	-1368
6.60500502586	-1368
6.60501098633	-1368
6.60502195358	-1368
6.60513997078	-1368
6.60517787933	-1368
6.60520887375	-1368
6.60524296761	-1368
6.70538401604	-984
6.72137498856	1368
6.7214858532	1368
6.79254293442	435
6.82877206802	1368
6.83806300163	1368
6.84166288376	1368
6.845236063	1368
6.91464185715	1368
6.91555094719	559
6.9783809185	-543
7.02115797997	-1368
7.02218008041	-1368
7.02219891548	-1368
7.02220606804	-1368
7.02309298515	-1368
7.02371287346	-1368
7.02373099327	-1368
7.02479505539	-1368
7.02481293678	-1368
7.02482295036	-1368
7.02531695366	-1368
7.02532887459	-1368
7.02535295486	-1368
7.02540588379	-1368
7.02544403076	-1368
7.02548193932	-1368
7.02591204643	-1368
7.02961993217	-1368
7.03006601334	-1368
7.03007888794	-1368
7.03065991402	-1368
7.03067207336	-1368
7.03068304062	-1368
7.03576397896	-1368
7.03578305244	-1368
7.03584599495	-1368
7.03587293625	-1368
7.03852891922	1086
7.03952503204	-1368
7.03953790665	-1368
7.03958296776	-1368
7.05641007423	-1368
7.07947993279	-1368
7.07950806618	-1368
7.09727907181	-1368
7.11056900024	-1368
7.11059308052	-1368
7.11916399002	-1368
7.11918187141	-1368
7.11960506439	-1368
7.11962294579	-1368
7.11999607086	-1368
7.12001895905	-1368
7.1200568676	-1368
7.12026000023	-1368
7.12027096748	-1368
7.12028598785	-1368
7.12075996399	-1368
7.12077689171	-1368
7.12078094482	-1368
7.1209590435	-1368
7.12121796608	-1368
7.12126398087	-1368
7.12148284912	-1368
7.12150001526	-1368
7.12150907516	-1368
7.12932896614	-1368
7.12934207916	-1368
7.12938404083	-1368
7.12942290306	-1368
7.13241100311	-1368
7.13242292404	-1368
7.13243985176	-1368
7.13506102562	-1368
7.13507890701	-1368
7.13508892059	-1368
7.13675093651	-1368
7.13783288002	-1368
7.13785099983	-1368
7.14532089233	-1368
7.14534091949	-1368
7.14535593987	-1368
7.14539003372	-1368
7.14540696144	-1368
7.1454398632	-1368
7.14547300339	-1368
7.14549303055	-1368
7.14581489563	1368
7.14690089226	-1368
7.14691400528	-1368
7.14693784714	-1368
7.1469578743	-1368
7.14802289009	-1368
7.14803600311	-1368
7.14804697037	-1368
7.14807605743	-1368
7.14810299873	-1368
7.14813303947	-1368
7.14816999435	-1368
7.14819598198	-1368
7.14855003357	-1368
7.1485619545	-1368
7.14857196808	-1368
7.14862704277	-1368
7.14865088463	-1368
7.14867997169	-1368
7.1487159729	-1368
7.14875197411	-1368
7.1487929821	-1368
7.14883184433	-1368
7.14883804321	-860
7.17264890671	1368
7.18369007111	1368
7.19057488441	1368
7.20012998581	1015
7.20917892456	1057
7.21144294739	1368
7.21688389778	-1368
7.21690797806	-1368
7.23986196518	-1368
7.25133705139	1368
7.29582095146	-66
7.36017489433	543
7.39127492905	-1368
7.39132905006	-1368
7.39136099815	-1368
7.39139986038	-1368
7.39225006104	-1368
7.39226102829	-1368
7.39229798317	-1368
7.3923368454	-1368
7.39235305786	978
7.39236688614	-1368
7.39240193367	-1368
7.39277601242	-1368
7.39278697968	-1368
7.39279699326	-1368
7.39345788956	-1368
7.39347600937	-1368
7.39352989197	-1368
7.39436101913	-1368
7.39437294006	-1368
7.39440488815	-1368
7.3944978714	-1368
7.39452505112	-1368
7.39455199242	-1368
7.39471888542	-1368
7.39474701881	-1368
7.39478302002	-1368
7.41603398323	-1368
7.41606903076	-1368
7.41607499123	-1368
7.41610693932	-1368
7.41913199425	-544
7.45126199722	-1368
7.4512898922	-1368
7.45131993294	-1368
7.46801495552	1368
7.48326802254	775
7.54218888283	-609
7.60647201538	543
7.68189287186	-543
7.70235896111	-543
7.82552886009	-543
7.86494588852	-1057
7.86629891396	543
7.93847107887	-1368
7.94441890717	-1368
7.98573899269	-543
8.02818703651	543
8.04461503029	-1368
8.04766988754	-124
8.05534887314	-1368
8.05537796021	-1368
8.07685995102	-1368
8.07897496223	-1368
8.15153002739	-580
8.15155601501	543
8.20484185219	-1368
8.20662593842	-1368
8.20675897598	-1368
8.21352791786	1368
8.23048996925	-580
8.27471590042	-203
8.27479887009	775
8.32882285118	-1368
8.32888102531	-1368
8.32916998863	-1368
8.32919692993	-1368
8.32922697067	-1368
8.33073687553	-1368
8.33080291748	-1368
8.33081698418	-1368
8.35017204285	-1368
8.3979408741	-712
8.39798688889	543
8.43886399269	-1368
8.43896889687	-1368
8.43906402588	-1368
8.45408391953	1368
8.49800491333	-1368
8.50520086288	1368
8.52108287811	-269
8.52114295959	464
8.58741688728	-1368
8.58745288849	-1368
8.58884501457	-1368
8.58885788918	-1368
8.5888800621	-1368
8.60944485664	-1368
8.61011886597	-1368
8.64429998398	-849
8.76077198982	-1368
8.76733088493	-232
8.82351899147	-1368
8.89121794701	-203
9.97749495506	543
10.4507730007	543
10.5849759579	1368
10.6334269047	-543
10.6335179806	1289
10.8125460148	-543
10.9321570396	-1368
10.9323298931	-1368
10.9323530197	-1368
10.9701168537	-1368
10.9738218784	-1326
10.9890990257	1368
10.9891278744	543
10.989235878	203
10.9942650795	1368
11.1123528481	746
11.2449710369	-543
11.3060069084	-1368
11.3231899738	-1368
11.3232450485	-1368
11.3232629299	-1368
11.3759169579	-1368
11.3759920597	-1368
11.3760409355	-1368
11.3852648735	543
11.3989720345	-1368
11.4138159752	-53
11.4551980495	-1057
11.4574389458	1368
11.5482978821	261
11.5589230061	-543
11.6357319355	-1368
11.7220048904	-1231
11.723626852	543
11.8452959061	-1086
11.8467490673	1057
11.9008729458	-1368
11.9701008797	-717
12.0524499416	-1368
12.0524730682	-1368
12.0524909496	-1368
12.0931968689	-1123
12.0973799229	543
12.1497199535	1368
12.2602779865	232
12.2775099277	-543
12.3597478867	-1368
12.359817028	-1368
12.3829269409	-1368
12.3829860687	-1368
12.3926930428	-543
12.4527459145	1057
12.4698998928	-754
12.5759768486	543
12.5931310654	-543
16.4549939632	1057
