0	237
0.176313877106	-760
0.186771869659	126
0.351209878922	-51
0.356414079666	38
0.518778085709	-1420
0.518799066544	-109
0.519218921661	1057
0.688724040985	-543
0.689132928848	543
0.917429924011	-543
0.917818069458	543
1.15604496002	-543
1.16667199135	543
2.02014088631	-543
11.2573359013	543
11.366492033	238
11.3763329983	247
11.4892048836	-751
11.4897830486	126
11.496352911	-744
11.5067698956	126
11.6024899483	-51
11.6065509319	38
11.6373798847	-51
11.6375799179	38
11.7191550732	-1420
11.7191810608	-78
11.7241060734	1057
11.76679492	-1420
11.7668130398	-78
11.7672460079	1057
11.8376328945	-543
11.8412430286	543
11.8979780674	-543
11.9066479206	543
11.9635288715	-543
11.9697248936	543
12.0680029392	-543
12.0717930794	543
12.1042928696	-543
12.1166949272	543
12.2398018837	-543
12.646697998	-543
12.646889925	543
12.9456179142	-543
12.9792048931	543
13.4151279926	-543
13.4164400101	543
13.7188129425	-543
13.7188329697	-1368
13.7196660042	-1420
13.7196719646	-1316
13.7317130566	-1368
13.7489900589	543
13.8067269325	543
13.8311400414	-327
13.8324460983	543
13.832652092	543
13.9452550411	-543
13.9537010193	543
13.956815958	1460
13.9568789005	1139
14.069423914	-543
14.075756073	543
14.0760760307	543
14.1028010845	-1368
14.1800038815	-1368
14.185888052	-1420
14.1859200001	-1420
14.1859378815	-1264
14.1864979267	-1368
14.1892540455	-1368
14.2149810791	-538
14.2292590141	543
14.2298820019	543
14.2346000671	-1368
14.2353000641	-1368
14.2358379364	-1420
14.2358410358	-1316
14.2363059521	-1368
14.2982079983	-1420
14.298222065	-1420
14.2982718945	-1264
14.2982749939	-1368
14.2983899117	-1420
14.298402071	-1420
14.2984399796	-1264
14.2984418869	-1368
14.3014669418	-1420
14.3014719486	-1420
14.3015110493	-1420
14.3015139103	-1212
14.301789999	543
14.346875906	-1420
14.3468930721	-1420
14.3469479084	-1420
14.3469510078	-1212
14.3480539322	-1420
14.3480579853	-613
14.3593120575	-1368
14.4065740108	1057
14.460162878	-775
14.480907917	1460
14.4809958935	111
14.5936141014	-543
14.6310269833	-1420
14.6310999393	-1316
14.6650910378	-1368
14.6653399467	-1368
14.6763029099	-1420
14.6763420105	-1316
14.6765310764	543
14.6780788898	-1420
14.6780869961	-1420
14.6781408787	-1264
14.7189190388	-1368
14.732790947	-1368
14.7340490818	543
14.7342500687	-1368
14.7348780632	-1420
14.734924078	-1420
14.734926939	-1264
14.7432100773	-48
14.7439661026	-1420
14.7440350056	-1316
14.7440469265	-1368
14.7444820404	-1420
14.7444860935	-1420
14.7445800304	-1264
14.7445828915	-1420
14.7446250916	-1316
14.7447030544	543
14.755259037	-1368
14.7777519226	-1420
14.77780509	-1316
14.7778089046	-1368
14.855230093	-807
14.8698968887	-1420
14.8699638844	-1420
14.8699700832	-1264
14.9261109829	543
14.9676320553	-1368
14.9787070751	543
14.9819619656	-356
14.986358881	543
15.2324340343	-543
15.2333290577	-1420
15.2333710194	-1316
15.2333738804	-1420
15.2333920002	-1316
15.2333939075	-1368
15.2404379845	-1420
15.2404530048	-1420
15.2405099869	-1264
15.2412340641	-1420
15.2412769794	-1420
15.2412800789	-1264
15.2414848804	543
15.2416119576	-1368
15.241724968	-1420
15.2417678833	-1316
15.2418119907	543
15.2501549721	-1420
15.2501609325	-1420
15.2502110004	-1264
15.2502140999	-1420
15.2502570152	-1316
15.2504429817	-1368
15.2512080669	-1420
15.2512118816	-1316
15.2558069229	-1368
15.2577340603	-1420
15.2577879429	-1316
15.2577910423	-1368
15.2580749989	-1420
15.2580780983	-1316
15.2581760883	-1420
15.2581789494	-1316
15.2639069557	-1420
15.2639110088	-1316
15.2641849518	543
15.3448240757	-1124
15.3488590717	543
15.5564670563	1460
15.5565550327	111
15.5844728947	-543
15.5888459682	543
15.6503229141	-1420
15.6503489017	-1316
15.6510338783	-1368
15.6690158844	-1420
15.6690950394	-1316
15.6691000462	-1368
15.6778569221	-1420
15.6778650284	-1316
15.6778950691	-1368
15.6780478954	-1420
15.6780879498	-1316
15.6781198978	543
15.6781599522	-1368
15.6925830841	-1420
15.6926460266	-1420
15.6926500797	-1420
15.6926860809	-1212
15.6929750443	-1420
15.69303298	-1420
15.6930360794	-1264
15.6932189465	-1368
15.6935200691	-1420
15.6935579777	-1316
15.698114872	543
15.7009429932	-1420
15.7009489536	-1420
15.700991869	-1264
15.7018170357	-1420
15.7018609047	-1316
15.7020139694	-1420
15.702051878	-1316
15.7045180798	543
15.722192049	-1420
15.7222070694	-1420
15.7222630978	-1264
15.7224800587	-1420
15.7225129604	-1316
15.7226240635	-1420
15.722661972	-1316
15.7227489948	-1368
15.7312800884	-1420
15.7312960625	-1316
15.7313580513	-1368
15.7319369316	-1420
15.7319779396	-1420
15.731981039	-1264
15.7327899933	-1420
15.7327930927	-1316
15.7361679077	-1135
15.7363710403	543
15.7429499626	-1420
15.7429549694	-1420
15.7429959774	-1264
15.7441959381	-1420
15.7442350388	-1316
15.7625370026	-1420
15.7625880241	-1420
15.7625920773	-1420
15.7626340389	-1212
15.7633450031	-1420
15.7633910179	-1316
15.7663738728	543
15.7811419964	-1420
15.7811501026	-1420
15.7812030315	-1264
15.7813210487	-1420
15.7813410759	-1316
15.7814810276	-1420
15.7815198898	-1420
15.7815220356	-1264
15.781662941	543
15.7901098728	-1420
15.7901148796	-1420
15.7901549339	-1420
15.7901570797	-1212
15.7904379368	-1420
15.7904429436	-1420
15.7905108929	-1264
15.7905139923	-1420
15.790555954	-1420
15.7905590534	-1264
15.7978880405	-1368
15.805052042	-1420
15.805109024	-1420
15.8051118851	-1420
15.8051469326	-1212
15.8051490784	-1368
15.8055570126	-1420
15.8055620193	-1316
15.8055839539	-1420
15.8055870533	-1420
15.8056108952	-1264
15.8057670593	-1368
15.806317091	543
15.8066968918	-1420
15.8067009449	-901
15.8138198853	-1420
15.8138349056	-1316
15.8140089512	-1420
15.8140120506	-1316
15.8145000935	-1420
15.8145029545	-1420
15.8145399094	-1264
15.8189930916	543
15.8344218731	-1420
15.8344490528	-1316
15.8349061012	-1420
15.8349099159	-1420
15.8349599838	-1420
15.8349630833	-1212
15.8425679207	-1368
15.8434619904	-1368
15.8435609341	543
15.8442440033	-1368
15.9189500809	-164
15.9265198708	543
16.0490059853	-543
16.1499528885	-1368
16.2009880543	-804
16.3195950985	-543
16.3196549416	-1420
16.3196849823	-1316
16.4318089485	-891
16.4416620731	543
16.4422690868	543
16.5811040401	-543
16.7249860764	-543
16.7252349854	543
16.9021730423	-543
17.0542459488	-543
17.0593409538	543
17.1969609261	-543
17.1987960339	-1368
17.2046608925	-1368
17.2048969269	-1420
17.2049639225	-1316
17.2056899071	-1420
17.2057368755	-1420
17.205739975	-1420
17.2057800293	-1212
17.2057828903	-1368
17.2071950436	-1420
17.2072110176	-1316
17.212471962	-1420
17.2124769688	-1316
17.3093121052	-11
17.3303179741	543
17.3308310509	543
17.4651169777	-543
17.4651350975	-1420
17.4651889801	-1316
17.4662799835	-1420
17.4663209915	-1316
17.4664189816	-1368
17.4664769173	543
17.474421978	-1420
17.4744260311	-1316
17.475153923	-1420
17.4751579762	-1316
17.482683897	-1368
17.4827640057	-1420
17.4827940464	-1316
17.4863600731	543
17.5775671005	-807
17.6900360584	-543
17.6903669834	543
18.0086390972	-543
18.0086569786	-1420
18.0087110996	-1316
18.1217279434	-920
18.1310200691	543
18.1313068867	1057
18.2646899223	-543
18.4337170124	-543
18.5850310326	-543
18.5868339539	1057
18.783274889	-543
18.9750380516	-543
19.4011609554	-543
19.4027409554	543
19.7022900581	-543
19.7027759552	543
19.7089059353	543
19.9982089996	-543
20.0278630257	543
20.1405730247	-1086
20.1407949924	543
20.140955925	543
20.2796530724	-1420
20.2796800137	-491
20.2797169685	-1368
20.3918259144	-377
20.3949248791	543
20.4021968842	543
20.5349140167	-543
20.6471729279	-543
20.8090240955	-543
20.8140130043	543
20.9601008892	-543
21.112183094	-543
21.1128499508	543
21.2163820267	543
21.2545559406	-543
21.254668951	-1420
21.2547240257	-1316
21.2555029392	-1420
21.2555360794	-1316
21.2558960915	-1368
21.2637860775	-1420
21.2637960911	-1420
21.2639100552	-1264
21.2639129162	-1420
21.2639479637	-1316
21.2653090954	-1420
21.2653338909	-1316
21.2711670399	-1420
21.2712318897	-1420
21.2712359428	-1264
21.2712669373	-1420
21.2712700367	-1420
21.2712960243	-1264
21.2712979317	-1368
21.2714850903	543
21.2716779709	-1368
21.271739006	-1368
21.2718789577	543
21.272906065	-1420
21.2729120255	-1316
21.2732019424	-1368
21.2794530392	-1420
21.2795128822	-1420
21.2795169353	-1264
21.2799921036	-1420
21.2799959183	-1316
21.2800428867	-1368
21.2806880474	-1420
21.2807230949	-1316
21.2811288834	-1368
21.3669769764	-1420
21.3670060635	-1420
21.3670880795	-1420
21.3670918941	-1212
21.3671319485	-1420
21.3671350479	-1316
21.3673598766	543
21.367579937	-1420
21.3675909042	-1420
21.3676300049	-1264
21.3676319122	-1368
21.3758869171	-1420
21.375895977	-1420
21.3759388924	-1264
21.3759419918	-882
21.450042963	543
21.5167629719	543
21.5668010712	543
21.6726050377	-543
21.6764140129	543
21.7847728729	-1086
21.7849938869	543
21.7851200104	543
21.9078230858	-543
21.9249858856	-1420
21.925039053	-1316
22.0203230381	-920
22.0233108997	543
22.0241448879	543
22.0491080284	-1368
22.0495610237	-1420
22.0496039391	-1316
22.0567440987	-1420
22.0568130016	-1420
22.0568170547	-1264
22.0572259426	-1420
22.0572319031	-1420
22.0572710037	-1264
22.0578110218	-1420
22.0578529835	-1316
22.0579400063	543
22.0584969521	-1420
22.0585019588	-1316
22.0647399426	-1368
22.0649380684	-1420
22.0649900436	-1316
22.0655200481	-1420
22.0655450821	-1316
22.0655479431	-1368
22.0672190189	-1420
22.0672330856	-1420
22.0672850609	-1264
22.0672879219	-1368
22.0674059391	543
22.0675199032	-1420
22.067522049	-1316
22.0741949081	-1368
22.0745460987	-1368
22.0894699097	-1420
22.0894858837	-1316
22.1359500885	-689
22.1393480301	543
22.139549017	543
22.2481069565	-543
22.2487399578	-543
22.3059039116	-1368
22.3605139256	-232
22.4158480167	-1420
22.4158649445	-1420
22.415913105	-1420
22.415915966	-1212
22.4207069874	-1420
22.4207119942	-1316
22.4209079742	-1368
22.4230120182	-1420
22.4230248928	-1420
22.4230639935	-1420
22.4230670929	-1212
22.4233109951	-1420
22.4233150482	-1316
22.4235990047	-1420
22.4236040115	-1316
22.4238519669	-1368
22.4412848949	-1420
22.441298008	-1420
22.4413468838	-1420
22.4413499832	-1212
22.4415030479	543
22.4416558743	543
22.4422369003	-1420
22.4422409534	-1316
22.4431340694	-1420
22.4431390762	-1316
22.4441130161	-1368
22.4446179867	-1420
22.4446630478	-1316
22.4729728699	-1108
22.5662419796	1057
22.5826621056	543
22.7448220253	-543
22.8571600914	-1057
22.8626830578	-1420
22.8627119064	-1316
22.8711869717	-1420
22.8712511063	-1420
22.8712930679	-1264
22.8835849762	543
22.8837139606	-1368
22.8868119717	543
22.8990359306	543
22.970056057	-1218
23.1086969376	-543
23.1090641022	543
23.2159540653	543
23.2215180397	-1086
23.2217960358	543
23.2222049236	543
23.2470269203	-1368
23.2562570572	-1368
23.3343439102	-978
23.3402910233	543
23.3597979546	-1420
23.3598139286	-1316
23.4465820789	-920
23.4499099255	543
23.4501390457	1460
23.4501841068	1460
23.4502210617	193
23.4727790356	-1368
23.4821910858	-1368
23.5589389801	-978
23.5671489239	543
23.6714360714	-1086
23.7272789478	-1368
23.7281000614	-1420
23.7281899452	-1316
23.7284269333	-1420
23.7284770012	-1316
23.7290229797	-1420
23.7290349007	-1420
23.7291889191	-1264
23.7374200821	-1420
23.7374269962	-1316
23.7374689579	-1368
23.7376070023	543
23.7384529114	-1368
23.7384579182	-1368
23.7395288944	-1420
23.7395339012	-1316
23.7395539284	-1368
23.7402589321	-1420
23.7402889729	-1316
23.7402920723	-1368
23.7403841019	543
23.7467679977	-1420
23.7467749119	-1316
23.7468390465	-1368
23.7472839355	-1420
23.7473120689	-1316
23.74731493	-1368
23.7482218742	-1368
23.7482841015	-1420
23.748306036	-1316
23.7486929893	-1420
23.748718977	-1420
23.7487208843	-1264
23.7487370968	-1368
23.7539350986	-1420
23.7540030479	-1316
23.7557599545	-1420
23.7558250427	-1420
23.7558310032	-1264
23.7564349174	-1420
23.7564499378	-1316
23.7565069199	-1368
23.7566959858	543
23.7580039501	-1420
23.7580170631	-1420
23.7580680847	-1264
23.7596440315	-1420
23.7597010136	-1316
23.7599029541	-1368
23.7625179291	-1420
23.7625339031	-1316
23.7627999783	543
23.7629449368	-1368
23.7633099556	-1420
23.7633690834	-1420
23.7633750439	-1264
23.7634129524	-1368
23.7637600899	-1420
23.7638139725	-1316
23.7640810013	-1368
23.7642819881	543
23.7655599117	-1420
23.7655758858	-1420
23.7656331062	-1264
23.7698099613	-1420
23.7698750496	-1316
23.7701740265	-1368
23.7702438831	-1420
23.7702510357	-1420
23.7702920437	-1264
23.7723670006	-1420
23.7724320889	-1420
23.7724399567	-1264
23.7724940777	-1368
23.7725000381	-1420
23.7725400925	-1316
23.7729299068	-1368
23.774091959	-1420
23.7741069794	-1420
23.7741758823	-1264
23.7741820812	-1368
23.7742218971	-1368
23.7744579315	543
23.7764930725	-1368
23.7765100002	-1420
23.7765738964	-1316
23.7837710381	-1420
23.78383708	-1316
23.8403880596	-1420
23.8404018879	-1420
23.8404619694	-1264
23.8404650688	-1420
23.8405120373	-1420
23.8405139446	-1264
23.8406538963	-1420
23.8406579494	-1420
23.8406960964	-1264
23.8407809734	-1368
23.8409359455	543
23.8411090374	-1420
23.8411130905	-1316
23.8412370682	543
23.8413789272	-1420
23.8413829803	-1420
23.8414208889	-1264
23.8414258957	-1368
23.8496489525	-1420
23.8496599197	-1420
23.849709034	-1420
23.849711895	-1212
23.8506100178	-1420
23.8506150246	-1420
23.8506569862	-1420
23.8506588936	-1212
23.8517639637	-1420
23.8517689705	-1420
23.8518099785	-253
23.8954739571	543
23.9328300953	543
24.091285944	-543
24.1004490852	-1368
24.2127220631	-775
24.2129209042	543
24.350687027	-543
24.350703001	-1420
24.3507618904	-1316
24.4629468918	-377
24.4698340893	543
24.470072031	543
24.6071200371	-543
24.748552084	-543
24.7486290932	-1368
24.8610999584	-1231
