0	1057
0.245667934418	543
0.603575944901	-543
0.770483970642	-543
0.787215948105	1057
1.24197888374	-543
1.42673587799	-543
1.43693590164	-1368
1.43701791763	-1368
1.45992708206	-1368
1.47582602501	1057
1.52362895012	1368
1.56561589241	-1123
1.61494898796	775
1.82703900337	-543
1.82753896713	1368
1.82764291763	717
1.89162707329	-1368
1.96577692032	-775
1.96659803391	1057
2.01783108711	-1368
2.10455393791	-775
2.17192101479	-1368
2.17233991623	-1368
2.17244386673	-1368
2.17255187035	543
2.17312097549	-1368
2.17317795753	-1368
2.17328190804	-1368
2.18569898605	-1368
2.18592190742	-1368
2.1947259903	-1368
2.21684002876	-1368
2.24356389046	-1368
2.24364495277	-1368
2.31121492386	-1368
2.31130099297	-1368
2.31139802933	-1368
2.31151986122	-1368
2.31162285805	-1368
2.31163287163	543
2.3117749691	-1368
2.31243085861	-1368
2.31251502037	-1368
2.31260299683	-1368
2.31274986267	-1368
2.32458400726	-1368
2.32465195656	-1368
2.3247590065	-1368
2.32488894463	-1368
2.33405900002	-22
2.38838887215	-1368
2.4729719162	-1260
2.47300386429	1086
2.47353100777	1368
2.53237295151	1368
2.61239385605	435
2.63209104538	-543
2.81070303917	-1086
2.83463907242	1057
2.92733001709	-1368
2.92741894722	-1368
2.92753195763	-1368
2.92777585983	-1368
2.92787694931	-1368
2.92834806442	-1368
2.93684387207	-1368
2.9369430542	-1368
2.95007586479	-1023
2.97344303131	1057
3.03282785416	-1368
3.03309607506	-1368
3.03320002556	-1368
3.03404593468	-1368
3.0341398716	-1368
3.03435492516	-1368
3.04259490967	-1368
3.0426440239	-1368
3.0427839756	-1368
3.05118298531	-1368
3.0512919426	-1368
3.05140185356	-1368
3.05153608322	-1368
3.05158996582	1368
3.05164408684	-1368
3.05177998543	-1368
3.05192899704	-1368
3.0608279705	-1368
3.06097006798	-1368
3.06104803085	-1368
3.06612586975	-1368
3.06623601913	-1368
3.11333990097	-491
3.11337900162	261
3.2521879673	-1086
3.25222706795	543
3.33767700195	-1368
3.35958099365	1368
3.37088108063	-1368
3.37098789215	-1368
3.39104294777	-638
3.3910779953	203
3.40353703499	1368
3.52979588509	-543
3.52982902527	1289
3.56648993492	-1368
3.56657505035	-1368
3.56668496132	-1368
3.56752991676	-1368
3.56763887405	-1368
3.56775093079	-1368
3.57266402245	-1368
3.5727660656	-1368
3.57288193703	-1368
3.59860706329	-1368
3.59869790077	-1368
3.59883308411	-1368
3.60597205162	-1368
3.60610795021	-1368
3.60630607605	-1368
3.60680508614	-1368
3.60686993599	-1368
3.60696101189	-1368
3.60796785355	1368
3.60839700699	-1368
3.60849285126	-1368
3.60867190361	-1368
3.60994195938	-1368
3.61002898216	-1368
3.61048698425	-1368
3.61085891724	-1368
3.61098504066	-1368
3.61108207703	-1368
3.61175608635	-1368
3.61185407639	-1368
3.61198306084	-1368
3.6386089325	-1368
3.63869690895	-1368
3.66908192635	-552
3.66912102699	261
3.68573594093	-1368
3.68583607674	-1368
3.68593502045	-1368
3.68605804443	-1368
3.68617486954	-1368
3.69581604004	-1368
3.69591808319	-1368
3.69602608681	-1368
3.69616889954	-1368
3.7026040554	-1368
3.70270204544	-1368
3.70306396484	-1368
3.70315885544	-1368
3.70327591896	-1368
3.70353198051	-1368
3.70361495018	-1368
3.70374107361	-1368
3.70391488075	-1368
3.70401096344	-1368
3.70439291	-1368
3.70489788055	-1368
3.70511603355	1368
3.72177600861	-1368
3.72186088562	-1368
3.72198987007	-1368
3.72224998474	-1368
3.72237706184	-1368
3.72246694565	-1368
3.72267889977	-1368
3.72279405594	-1368
3.72289395332	-1368
3.73165297508	-1368
3.73177599907	-1368
3.73187208176	-1368
3.7383658886	-1368
3.73844599724	-1368
3.73855996132	-1368
3.73990607262	-1368
3.73998689651	-1368
3.74010801315	-1368
3.74060893059	-1368
3.74072194099	-1368
3.74082708359	-1368
3.74833488464	-1368
3.74841785431	-1368
3.74854588509	-1368
3.75875306129	-1368
3.75884008408	-1368
3.75894999504	-1368
3.75905108452	-1368
3.75915408134	-1368
3.7593100071	-1368
3.75940990448	-1368
3.75954198837	-1368
3.75963807106	-1368
3.76854395866	-1368
3.76863503456	-1368
3.76879692078	-1368
3.7689769268	-1368
3.76909804344	-1368
3.76918387413	1368
3.76922702789	-1368
3.77960205078	-1368
3.78008294106	-1368
3.78019690514	-1368
3.78060889244	-1368
3.78070187569	-1368
3.78082203865	-1368
3.78142404556	-1368
3.78151392937	-1368
3.78163099289	-1368
3.79014801979	-1368
3.79023694992	-1368
3.79041385651	-1368
3.80141091347	-1368
3.80180287361	-1368
3.8019490242	-1368
3.80203795433	-1368
3.80228090286	-1368
3.80238485336	-1368
3.80252194405	-1368
3.80262804031	-1368
3.80274295807	-1368
3.80515503883	-1368
3.80523395538	-1368
3.8053150177	-1368
3.8077890873	-364
3.80784201622	1065
3.82414197922	-1368
3.82448005676	-1368
3.82458496094	-1368
3.82469987869	-1368
3.82479405403	-1368
3.82491898537	-1368
3.8250169754	-1368
3.8251850605	-1368
3.82663297653	-1368
3.82715296745	-1368
3.8272459507	-1368
3.82749605179	-1368
3.84510493279	-1368
3.85021305084	-1368
3.85025191307	-1368
3.85041904449	-1368
3.86016798019	-1368
3.86023902893	-1368
3.8638279438	1368
3.8780400753	-1368
3.90769505501	-1368
3.94062185287	-1368
3.94070196152	-1368
3.94698905945	-1266
3.94702887535	804
3.94878196716	-543
3.95958685875	1368
4.08667206764	-543
4.08670592308	232
4.29439806938	-543
4.29501485825	-1368
4.29511404037	-1368
4.29551005363	-1368
4.29564785957	-1368
4.29576206207	-1368
4.3045258522	-1368
4.30462002754	-1368
4.30472397804	-1368
4.31957507133	-1368
4.31967902184	-1368
4.31978106499	-1368
4.32017493248	-1368
4.32026600838	-1368
4.32039999962	-1368
4.32052707672	-1368
4.32065486908	-1368
4.32077002525	543
4.32078790665	-1368
4.32748794556	-1368
4.32760095596	-1368
4.32767391205	-1368
4.33995485306	-1368
4.34006690979	-1368
4.34017205238	-1368
4.34028196335	-1368
4.3404109478	-1368
4.34050989151	-1368
4.34063887596	-1368
4.34076690674	-1368
4.34086990356	-1368
4.34100985527	-1368
4.35142803192	-1368
4.35153794289	-1368
4.35191297531	-1368
4.36141991615	-1368
4.3614590168	-1368
4.36156892776	-1368
4.36496591568	-1368
4.36507606506	-1368
4.36520600319	-1368
4.36532592773	-1368
4.36542487144	-1368
4.37433886528	-1368
4.37441802025	-1368
4.37453389168	-1368
4.37492799759	-1368
4.39424991608	-1368
4.43382787704	-1251
4.45950508118	1086
4.58381986618	1368
4.59852385521	-1086
4.59856390953	775
4.61092996597	1368
4.73740005493	232
4.87026906013	-543
4.93615007401	-1368
4.93625807762	-1368
4.93636107445	-1368
4.93662786484	-1368
4.93674993515	-1368
4.936866045	-1368
4.93697190285	-1368
4.93707895279	-1368
4.93715500832	543
4.94573402405	-1368
4.94584488869	-1368
4.9459540844	-1368
4.94611406326	-1368
4.96935391426	-1368
4.96943092346	-1368
4.96975493431	-1368
4.96986699104	-1368
4.96996498108	-1368
4.97011208534	-1368
4.97025585175	-1368
4.97037792206	-1368
4.97049188614	-1368
4.97066187859	-1368
4.9707570076	-1368
4.97090101242	-1368
4.97098708153	-1368
4.97108793259	-1368
4.97142791748	1368
4.97180891037	-1368
4.99054789543	-1368
4.99061489105	-1368
4.99079394341	-1368
5.00411391258	-1368
5.00417304039	-1368
5.04661488533	-67
5.0590429306	-1368
5.05912899971	-1368
5.05922603607	-1368
5.06875801086	-1368
5.0688149929	-1368
5.06892490387	-1368
5.07245993614	-1368
5.07252287865	-1368
5.07263588905	-1368
5.075922966	1347
5.07691788673	-1368
5.07700586319	-1368
5.07719087601	-1368
5.19818305969	-1350
5.1995780468	1368
5.21484088898	775
5.24581003189	543
5.33710098267	-543
5.45674490929	-1368
5.45678496361	-1368
5.45690393448	-1368
5.46703195572	-1368
5.46707987785	-1368
5.46726799011	-1368
5.46750187874	-1368
5.46760487556	-1368
5.46769094467	-1368
5.46782398224	-1368
5.46792387962	-1368
5.48455500603	-1368
5.48517894745	-1368
5.48526787758	-1368
5.4853720665	-1368
5.48554205894	-1368
5.48563790321	-1368
5.48953700066	-1368
5.4896068573	-1368
5.48973298073	-1368
5.48982405663	543
5.49397706985	-1368
5.50384807587	-1368
5.50394487381	-1368
5.50408887863	-1368
5.51447200775	-1071
5.52695393562	-1368
5.52705693245	-1368
5.5677280426	-1368
5.56818389893	-1368
5.56832194328	-1368
5.56897091866	-1368
5.5691049099	-1368
5.5692179203	-1368
5.57134795189	-1368
5.57143187523	-1368
5.5715649128	-1368
5.57581305504	-1368
5.5758960247	-1368
5.5759999752	-1368
5.6007630825	-1368
5.61877989769	-1368
5.62869596481	1086
5.6338019371	-1368
5.63384604454	-1368
5.63403487206	-1368
5.6655318737	-85
5.67191290855	1368
5.80663895607	232
5.96735501289	-543
6.15617489815	-1086
6.15676808357	1057
6.46906805038	-543
6.65044093132	-543
6.74604392052	1057
6.88489103317	543
7.05546808243	-543
7.05608296394	-1368
7.0561568737	-1368
7.05631303787	-1368
7.05640387535	-1368
7.05658388138	-1368
7.06550598145	-1368
7.06561207771	-1368
7.06577587128	-1368
7.07728886604	1057
7.08984494209	-1368
7.12307691574	-1368
7.15601491928	-1368
7.19444394112	-662
7.25576400757	1057
7.33362698555	-543
7.45811891556	-1368
7.45819592476	-1368
7.49974799156	-1368
7.51486587524	543
7.51535201073	1368
7.53642606735	-95
7.58611893654	-1368
7.58621501923	-1368
7.65437602997	1231
7.72518396378	-920
7.85275387764	1086
7.86423301697	-543
7.89573192596	-1368
7.89579105377	-1368
7.89586305618	-1368
7.89634394646	-1368
7.89639902115	-1368
7.90693902969	-1368
7.9070019722	-1368
7.90708208084	-1368
7.90742897987	-1368
7.90756797791	-1368
7.90767002106	-1368
7.90782308578	-1368
7.90793085098	-1368
7.90819001198	-1368
7.90828299522	-1368
7.90856695175	-1368
7.92861390114	-1368
7.92867302895	-1368
7.92871904373	-1368
7.92898392677	-1368
7.92909908295	-1368
7.92919492722	-1368
7.92975187302	-1368
7.92984104156	-1368
7.92995285988	-1368
7.93006205559	-1368
7.93016600609	-1368
7.93032193184	-1368
7.93041586876	-1368
7.93055987358	-1368
7.93076086044	-1368
7.93086194992	-1368
7.9309668541	-1368
7.93113493919	-1368
7.9312338829	-1368
7.94088292122	-1368
7.94093704224	-1368
7.94111394882	-1368
7.9412958622	-1368
7.94138002396	1368
7.94144797325	-1368
7.94175696373	-1368
7.94185495377	-1368
7.94196891785	-1368
7.94221496582	-1368
7.94638395309	-1368
7.94645905495	-1368
7.94675898552	-1368
7.96277594566	-1368
7.96283102036	-1368
7.9628970623	-1368
7.96317386627	-1368
7.96329092979	-1368
7.96340894699	-1368
7.96351194382	-1368
7.96364688873	-1368
7.96375393867	-1368
7.96388602257	-1368
7.96402001381	-1368
7.9641020298	-1368
7.9642598629	-1368
7.96434402466	-1368
7.96448087692	-1368
7.97441887856	-1368
7.97450089455	-1368
7.97451591492	-1368
7.97504401207	-1368
7.9751470089	-1368
7.97526288033	-1368
7.97596907616	-1368
7.97601890564	-1368
7.97613596916	-1368
7.97692584991	-1368
7.97721195221	-1368
7.97736001015	-1368
7.99167203903	1347
7.99574303627	-1368
7.99579286575	-1368
7.9959089756	-1368
7.99646806717	-1368
7.99653291702	-1368
7.99663186073	-1368
7.99709200859	-1368
7.99720191956	-1368
7.99730491638	-1368
7.99749803543	-1368
7.99775791168	-1368
7.99786496162	-1368
7.99799895287	-1368
7.99809598923	-1368
7.9982149601	-1368
7.99837589264	-1368
7.99848484993	-1368
8.00061202049	-1368
8.00334787369	-1368
8.00340604782	-1368
8.00388908386	1368
8.03488206863	-1368
8.03494000435	-1368
8.03501796722	-1368
8.03511285782	-1368
8.03529691696	-1368
8.03538894653	-1368
8.03551793098	-1368
8.03563594818	-1368
8.04600095749	-1368
8.04605293274	-1368
8.04607605934	-138
8.14297986031	804
8.22251486778	-543
8.3216650486	1057
8.46608090401	-543
8.49915003777	-1368
8.63801693916	-746
8.69831204414	-1368
8.69836902618	-1368
8.77961301804	-920
8.79387903214	543
8.97329306602	543
9.0294110775	-543
9.22005105019	-543
9.25306105614	-1368
9.39227795601	-1231
9.52933502197	-543
10.7120559216	-543
