0	543
1.00024795532	543
1.57692289352	-543
1.74422502518	-543
2.57222795486	543
2.72694301605	-543
2.72734093666	543
2.89942193031	-1420
2.89943599701	-1420
2.89949202538	-787
2.90159893036	543
2.90225601196	543
3.06274199486	-543
3.23216795921	-1057
3.24361300468	543
3.49971604347	-543
3.49989485741	543
3.77392792702	-1420
3.77394604683	-1420
3.77400183678	-787
3.77599382401	543
3.7766919136	543
4.0339410305	-543
4.19679284096	-1420
4.19685387611	-1316
4.20300602913	-891
4.20339202881	-1420
4.20341587067	-1316
4.20441102982	-1368
4.20532393456	-1420
4.2053809166	-1316
4.20612001419	-1368
4.23257398605	543
4.26685285568	543
4.29794001579	-1368
4.32566595078	-1420
4.32574295998	-1420
4.32574701309	-1420
4.3257830143	-1212
4.33243489265	-1420
4.33247089386	-1316
4.33280897141	-1420
4.33285284042	-1316
4.33298802376	-1420
4.33303594589	-1316
4.33308386803	543
4.33459591866	-1420
4.33460187912	-1316
4.33551287651	-1420
4.33551883698	-1316
4.3355588913	-1420
4.33556199074	-1420
4.33559894562	-1264
4.33560085297	-1368
4.43868303299	543
4.45489096642	-1420
4.45490503311	-1420
4.45496988297	-1264
4.45497298241	-1420
4.45501804352	-1316
4.45502185822	-1368
4.45506501198	-1420
4.455067873	-1316
4.45527291298	543
4.4555208683	543
4.45564389229	543
4.46174097061	-1420
4.46175003052	-1420
4.46180701256	-1420
4.46180987358	-1212
4.46212983131	-1420
4.46213388443	-1420
4.46217489243	-1420
4.46217799187	-1212
4.4622130394	-1368
4.46231794357	-1420
4.46235704422	-1316
4.46240997314	-1368
4.46378397942	-1420
4.46378993988	-1316
4.46399497986	-1420
4.46399998665	-1420
4.46404385567	-1264
4.46411299706	-1420
4.46413397789	-1420
4.46413588524	-1264
4.46478390694	-1420
4.4647898674	-1316
4.46492981911	-1420
4.46493291855	-1420
4.46500992775	-1264
4.46501302719	-1420
4.4650478363	-1420
4.46505093575	-1264
4.46511292458	543
4.47006201744	543
4.5051548481	-1420
4.50517392159	-530
4.58452892303	-1420
4.58455491066	-1420
4.58466482162	-1420
4.58466792107	-1420
4.58471298218	-1420
4.5847158432	-1420
4.5847659111	-1056
4.58476901054	-1420
4.58480381966	-1420
4.5848069191	-1264
4.58484101295	-1420
4.58484387398	-1420
4.58487892151	-1420
4.58488202095	-1212
4.585064888	543
4.58524894714	543
4.58528494835	-1420
4.58586096764	-1316
4.59124898911	-1420
4.59126400948	-1420
4.59130883217	-1420
4.59131193161	-1212
4.59132885933	-1368
4.5913310051	-1420
4.59134602547	-1420
4.59134793282	-1264
4.59158682823	-1420
4.59158992767	-1316
4.59162902832	-1368
4.59175181389	-1420
4.59182786942	-1316
4.59183001518	-1420
4.5918738842	-1420
4.59187602997	-1264
4.59191989899	-1368
4.59217095375	-1420
4.59221982956	-1420
4.59222388268	-1264
4.59228897095	-1420
4.59229183197	-1420
4.59232783318	-1420
4.59232997894	-1212
4.59306883812	543
4.59318184853	-1420
4.59318399429	-1316
4.5932469368	-1368
4.59334897995	-1420
4.59336996078	-1420
4.59337186813	-1264
4.59345889091	-1368
4.59358096123	-1420
4.59360289574	-1420
4.5936050415	-1264
4.59371495247	-1420
4.59371781349	-1316
4.59423995018	543
4.59441184998	543
4.62193202972	-1420
4.62194681168	-1420
4.62200284004	-1264
4.62222385406	543
4.62228298187	-1420
4.62228488922	-1316
4.62244701385	-1368
4.62248396873	543
4.62422394753	-1420
4.62422990799	-1316
4.62451696396	-1368
4.62618684769	-1420
4.62624502182	-1420
4.62624788284	-1264
4.6332449913	-1368
4.63441896439	-1307
4.64875483513	-1420
4.64876794815	-1316
4.71315002441	543
4.77806282043	-891
4.77996397018	543
4.89397001266	-1420
4.89398884773	-1420
4.8940448761	-1264
4.89421892166	543
4.90726804733	-66
4.90922093391	543
4.90949201584	-1420
4.90949702263	-1316
4.91008901596	1460
4.910145998	1460
4.91019082069	707
4.91542291641	-1368
4.91861486435	543
4.92879700661	543
5.03644704819	-609
5.04647088051	543
5.09342288971	-1368
5.09877991676	-1420
5.09884095192	-1420
5.09884381294	-1264
5.09970903397	-1420
5.09971284866	-1420
5.09976291656	-1264
5.10098385811	-1368
5.10108995438	543
5.1012198925	-1420
5.10122394562	-1316
5.10127592087	-1420
5.10127782822	-1316
5.10139799118	-1368
5.10154604912	-1420
5.10157704353	-1316
5.10167098045	-1368
5.10494995117	-1420
5.10495495796	-1420
5.10499286652	-1264
5.10505700111	-1368
5.10752797127	-1420
5.10753297806	-1316
5.10949492455	543
5.1112010479	-1420
5.11120486259	-1316
5.11201381683	-1420
5.11201882362	-1420
5.11205887794	-1264
5.11328601837	-1420
5.11331486702	-1316
5.11428999901	-1368
5.11530089378	-1420
5.11530590057	-1316
5.11599302292	-1368
5.1167140007	-1420
5.11674284935	-1316
5.11717295647	-1368
5.11853599548	-1420
5.1185400486	-1316
5.1187889576	-1368
5.11924481392	-1420
5.11927700043	-1316
5.11976289749	-1368
5.12048482895	-1420
5.12048888206	-1316
5.12083792686	543
5.12109899521	-1368
5.12116289139	543
5.12152385712	-1420
5.12152791023	-1316
5.12169098854	-1368
5.12204790115	-1420
5.12208986282	-1420
5.12209296227	-1264
5.12215995789	-1420
5.12216281891	-1420
5.12217998505	-1264
5.12236595154	-1420
5.12238693237	-1316
5.12250685692	-1420
5.12252998352	-1316
5.12259101868	543
5.12267184258	-1420
5.12267494202	-1316
5.12279987335	-1420
5.12280392647	-1316
5.12310004234	-1368
5.12320685387	-1420
5.12324881554	-1420
5.1232509613	-1264
5.12328696251	-1368
5.12332582474	-1420
5.12336301804	-1316
5.12351989746	-1420
5.12354397774	-1316
5.12367296219	-1420
5.12369585037	-1316
5.12382102013	-1420
5.12384200096	-1316
5.12395691872	-1368
5.1240978241	-1420
5.12410187721	-1420
5.12414097786	-1264
5.12423682213	-1420
5.12426185608	-1316
5.12441587448	-1420
5.12445688248	-1420
5.12445998192	-1264
5.1246278286	-1420
5.12463092804	-1316
5.12488698959	-1420
5.12489104271	-1420
5.12489295006	-1264
5.12501192093	-1420
5.12501597404	-1316
5.12521791458	543
5.12525296211	-1368
5.12536787987	543
5.12604093552	-1420
5.12604498863	-1420
5.12608599663	-1264
5.12640595436	-1420
5.12642598152	-1316
5.12661290169	-1368
5.12695884705	-1420
5.12696290016	-1420
5.12700104713	-1264
5.12700295448	-1368
5.12708997726	-1368
5.12727284431	-1368
5.12763190269	-1368
5.12774181366	-1420
5.1277449131	-1420
5.12774586678	-1264
5.12792491913	-1368
5.12792897224	-1368
5.12841486931	543
5.12945890427	-1420
5.12946391106	-1316
5.12965893745	-1368
5.12994098663	-1420
5.12996387482	-1316
5.13012003899	-1368
5.13073301315	-1420
5.13073682785	-1316
5.13075685501	-1368
5.13110184669	-1420
5.13112401962	-1316
5.13150191307	-1368
5.13176989555	-1420
5.13177394867	-1316
5.13207697868	-1420
5.1320810318	-1420
5.1321208477	-1264
5.13232588768	-1368
5.13248682022	-1420
5.13248991966	-1316
5.13267803192	543
5.13280797005	-1368
5.13290882111	543
5.13298296928	-1420
5.1329870224	-1316
5.13313603401	543
5.133425951	-1368
5.13361787796	-1368
5.13369989395	-1368
5.13726687431	543
5.14204883575	543
5.15247297287	543
5.1529738903	543
5.15343403816	543
5.20501589775	-1420
5.2050318718	-1316
5.22813391685	-1420
5.22816681862	-1420
5.22824192047	-1264
5.22824382782	-1420
5.22828888893	-1420
5.22829389572	-1264
5.22833704948	-1420
5.22833895683	-1316
5.22900986671	-1420
5.2290148735	-1420
5.22906589508	-1264
5.22906804085	-1368
5.2301928997	-1420
5.2302069664	-1420
5.23024702072	-1264
5.23024892807	-1368
5.23039388657	-1420
5.23039698601	-1316
5.23052501678	-1420
5.23053002357	-1420
5.23057603836	-1264
5.23065590858	543
5.23069095612	-1420
5.23069286346	-1420
5.23069381714	-1264
5.23069381714	-1368
5.23079895973	-1420
5.23079991341	-1316
5.23082995415	-1368
5.23095083237	-1420
5.23095297813	-1420
5.23095393181	-1420
5.23095393181	-1212
5.23118591309	543
5.23428988457	-1420
5.23429489136	-1420
5.23433685303	-1264
5.23433995247	-1368
5.23441696167	-1420
5.23441982269	-1420
5.2344379425	-1264
5.23456192017	-1368
5.23679494858	-1420
5.23680782318	-1420
5.23684883118	-1264
5.23685097694	-1368
5.24050998688	-1420
5.24051499367	-1420
5.2405538559	-1264
5.24055695534	-1368
5.24072599411	543
5.2412109375	-1420
5.24121499062	-1316
5.24130797386	-1420
5.24131083488	-1316
5.24140787125	543
5.24269294739	-1420
5.24269795418	-139
5.24286484718	543
5.24485683441	543
5.26557087898	-1420
5.26559090614	-1316
5.26868391037	-1368
5.2688229084	-1420
5.26887702942	-1420
5.26887893677	-1264
5.26904988289	543
5.26917600632	-1420
5.26917791367	-1420
5.26921892166	-1264
5.26974487305	-1420
5.26978802681	-1420
5.26979088783	-1264
5.27043700218	-1420
5.27044296265	-1420
5.27047395706	-1264
5.27077388763	-1420
5.27081489563	-1316
5.27081799507	-1368
5.27086186409	-1368
5.27326798439	-1420
5.27331399918	-1316
5.27339696884	-1368
5.27386689186	-1420
5.2738699913	-1316
5.27399587631	-1420
5.27399897575	-1316
5.27417802811	-1368
5.27438092232	-1420
5.27440881729	-1316
5.2745308876	-1368
5.27523303032	-1368
5.27561187744	-1420
5.27565288544	-1316
5.27618002892	-1420
5.27620482445	-1316
5.27629685402	-1368
5.27657985687	543
5.27707695961	543
5.27737092972	-1420
5.27737593651	-1420
5.27739787102	-1264
5.27827191353	543
5.27850198746	-1420
5.27850484848	-1316
5.27900886536	-1420
5.27901291847	-1316
5.27981495857	-1420
5.2798178196	-1420
5.27985787392	-1264
5.28066301346	-1420
5.28068184853	-1316
5.28134298325	-1368
5.28182196617	543
5.28194999695	543
5.28246593475	-1420
5.28247094154	-1316
5.28410291672	-1368
5.28565502167	-1420
5.28570604324	-1316
5.28707385063	-1368
5.28932595253	-1420
5.28933000565	-1420
5.28936886787	-1264
5.29026389122	-1420
5.29028987885	-1316
5.2911939621	-1420
5.29121804237	-1316
5.29128193855	543
5.29209685326	-1420
5.2920999527	-1420
5.29214191437	-1264
5.29306602478	-1420
5.29308891296	-1316
5.29353785515	-1420
5.29356098175	-1420
5.29356384277	-1264
5.29399085045	-1420
5.29399490356	-1316
5.29423689842	-1368
5.29483485222	-1420
5.29487586021	-1420
5.29487895966	-1264
5.29558801651	-1420
5.29559183121	-1316
5.29569387436	-1368
5.29670596123	-1420
5.29674983025	-1420
5.29675292969	-1264
5.29685688019	543
5.29704594612	-1420
5.29705095291	-1316
5.2971329689	543
5.29716897011	-1368
5.29781293869	-1420
5.29783582687	-1316
5.2979259491	-1368
5.29873204231	-1420
5.2987370491	-1420
5.29877591133	-1264
5.29964995384	-1368
5.30005502701	-1420
5.30005884171	-1316
5.30065393448	-1420
5.30065703392	-1420
5.30069494247	-1264
5.30181097984	-1368
5.3025598526	-1420
5.30256485939	-1316
5.3026368618	543
5.30356884003	-1420
5.30357098579	-1420
5.30361104012	-1264
5.30508899689	-1368
5.30561590195	-1368
5.30567598343	-1368
5.30611896515	-1420
5.30612182617	-1316
5.30621886253	-1368
5.30704593658	-1368
5.30817699432	-1420
5.30818104744	-1316
5.3092148304	-1368
5.31008887291	-1420
5.31011199951	-1316
5.3106918335	-1368
5.31248998642	-1368
5.31360888481	-1420
5.31363487244	-1316
5.31451797485	-1420
5.31455898285	-1420
5.3145608902	-1264
5.31657099724	-1420
5.31657481194	-1420
5.31661391258	-1264
5.31741690636	-1368
5.31752490997	543
5.31821584702	543
5.3182349205	-1420
5.31823897362	-1316
5.31896090508	-1420
5.31896591187	-1316
5.31906890869	-1368
5.31951189041	-1420
5.31953382492	-1316
5.31989192963	-1368
5.3202419281	-1420
5.32024598122	-1316
5.32055497169	-1368
5.32061481476	543
5.33401489258	-1368
5.34784388542	543
5.37207484245	-806
5.37225794792	543
5.37239789963	543
5.3989739418	-1420
5.39899086952	-1420
5.39903903008	-1264
5.39923501015	543
5.3993639946	543
5.40062189102	-1420
5.40062904358	-1316
5.40098500252	-1368
5.40109181404	-1368
5.40167498589	-1420
5.40167784691	-1316
5.40179085732	-1368
5.40221095085	-1368
5.40303301811	-1420
5.40303587914	-1316
5.40393304825	-1368
5.40480184555	-1420
5.40482091904	-1316
5.40565800667	-1368
5.40741491318	-1420
5.4074318409	-1316
5.40853190422	-1420
5.40853691101	-1420
5.40857887268	-1264
5.40865397453	543
5.40977287292	-1420
5.40977787971	-1420
5.40981793404	-1264
5.41143202782	543
5.41203784943	-1420
5.41204285622	-1316
5.41217398643	-1368
5.41543984413	-1368
5.41765189171	-1420
5.41765594482	-1420
5.41769790649	-1264
5.4200398922	-1420
5.42008185387	-1420
5.42008399963	-1264
5.42471599579	-1420
5.42472100258	-1420
5.42476081848	-1264
5.43221497536	-1420
5.4322578907	-1420
5.43226099014	-1264
5.44052600861	-1420
5.4405310154	-1420
5.4405708313	-1264
5.44309902191	-1420
5.44314789772	-1316
5.44315099716	-1368
5.4432618618	543
5.4488928318	-1420
5.44889783859	-1420
5.44892883301	-1264
5.45570588112	-1420
5.45575904846	-1420
5.45576190948	-1264
5.46115994453	-1368
5.46354198456	-1420
5.4635720253	-1316
5.46536397934	-1368
5.46689891815	-1368
5.46863484383	-1420
5.46867704391	-1420
5.46868181229	-1264
5.46885299683	543
5.46897888184	543
5.47030186653	-1420
5.47030687332	-1316
5.47056293488	543
5.47228097916	-1368
5.47436904907	-1420
5.47441482544	-1420
5.47441792488	-1264
5.47626304626	-1420
5.47626900673	-1316
5.47812485695	-1420
5.47812986374	-1420
5.47817087173	-1264
5.4816570282	-1420
5.48170590401	-1420
5.48170900345	-1264
5.48503899574	-1420
5.48504590988	-1316
5.48679995537	-1420
5.48680400848	-1316
5.48863387108	-1420
5.48866486549	-1420
5.48869204521	-1264
5.48891282082	543
5.48903989792	543
5.49059200287	-1420
5.49059796333	-1316
5.49272489548	-1368
5.49485993385	-1420
5.4948849678	-1316
5.49722385406	-1368
5.49942183495	-1420
5.49942684174	-1316
5.50119495392	-1368
5.50183701515	-496
5.50544381142	-1420
5.50544881821	-1316
5.50550103188	-1368
5.5069630146	-1420
5.50699687004	-1316
5.50856590271	-1368
5.50867986679	1057
5.50994181633	-1420
5.50995588303	-1316
5.51113581657	-1420
5.51114201546	-1420
5.51118397713	-1264
5.51346182823	-1368
5.51434183121	-1420
5.51435685158	-1316
5.51448893547	-1368
5.51527690887	-1420
5.51530385017	-1316
5.51547884941	-1368
5.51709699631	-1420
5.51710295677	-1316
5.51734685898	-1368
5.51912689209	-1368
5.5193169117	-1420
5.51932096481	-1316
5.52110385895	-1368
5.52219200134	-1420
5.52221488953	-1316
5.52227497101	543
5.5232899189	-1420
5.52329492569	-1420
5.52333498001	-1264
5.52525901794	-1420
5.52528381348	-1420
5.52528595924	-1264
5.52752590179	-1420
5.52753901482	-1316
5.52760386467	-1368
5.53037691116	-1368
5.53170990944	-1420
5.53171682358	-1316
5.53316402435	-1420
5.53316903114	-1420
5.53322792053	-1264
5.53439283371	-1368
5.53549194336	-1368
5.53667283058	-1420
5.5367398262	-1316
5.53682899475	1057
5.53793287277	-1420
5.53793787956	-1420
5.53798294067	-1264
5.53923296928	-1420
5.5392768383	-1420
5.53927993774	-1264
5.54051589966	-1420
5.54052090645	-1316
5.54254198074	-1368
5.54335403442	-1420
5.54337692261	-1316
5.54424190521	-1368
5.54507493973	-1420
5.54507994652	-1316
5.54570603371	-1368
5.54670786858	-1420
5.54673194885	-1316
5.54746198654	-1368
5.54756903648	-1368
5.54759693146	543
5.54830884933	-1420
5.54831385612	-1316
5.54841685295	-1368
5.55115485191	-1420
5.55119800568	-1420
5.5512008667	-1264
5.55548501015	-1420
5.55549001694	-1316
5.55676698685	-1420
5.55677103996	-1420
5.55682897568	-1264
5.55800104141	-1420
5.55804300308	-1420
5.55804586411	-1264
5.5600039959	-1420
5.56000804901	-1420
5.56004786491	-1264
5.56110882759	-1420
5.56114983559	-1316
5.56122088432	1057
5.56177783012	-1368
5.56281304359	-1420
5.56286001205	-1420
5.56286287308	-1264
5.56392788887	-1420
5.56393289566	-1420
5.56397390366	-1264
5.56567502022	-1420
5.56569886208	-1316
5.56590485573	-1368
5.56680893898	-1368
5.56686401367	-1368
5.56712698936	-1368
5.56844592094	-1368
5.56912684441	-1420
5.56913089752	-1316
5.56962490082	-1368
5.5707089901	-1368
5.57078886032	543
5.57136702538	-1420
5.57137203217	-1316
5.5714738369	-1368
5.57187390327	-1420
5.57189702988	-1316
5.57257986069	543
5.57271289825	-1368
5.57342982292	-1420
5.57345294952	-1316
5.57391786575	-1368
5.57640004158	-1420
5.57640504837	-1420
5.57646298409	-1264
5.57674098015	-1420
5.57676386833	-1316
5.57748389244	-1368
5.57822585106	-1420
5.57823085785	-1316
5.57885694504	-1368
5.57895684242	543
5.57984685898	-1368
5.58048081398	-1368
5.58056092262	543
5.58061385155	-1420
5.58061599731	-1316
5.58125495911	-1420
5.58126091957	-1316
5.58155894279	-1420
5.58156299591	-1316
5.58190798759	-1368
5.58393287659	-1420
5.58395886421	-1420
5.58396196365	-1264
5.58439397812	543
5.59738087654	543
5.59972786903	543
5.59991288185	543
5.60011100769	543
5.61996102333	-1420
5.6199760437	-1316
5.62060689926	-1420
5.62061190605	-1316
5.62069392204	-1420
5.62069582939	-1420
5.62074589729	-1264
5.62094902992	-1368
5.62136387825	-1420
5.62136793137	-1316
5.62169694901	-1368
5.62182402611	-1420
5.62186789513	-1420
5.62187099457	-1264
5.62218904495	-1420
5.62219381332	-1316
5.62232089043	-1368
5.62249994278	-1420
5.62254190445	-1316
5.62262296677	-1368
5.62271285057	543
5.62294483185	-1420
5.62294888496	-1316
5.62314987183	-1368
5.62330293655	-1420
5.62332487106	-1316
5.62367987633	-1420
5.62373995781	-1420
5.62374186516	-1264
5.62377882004	-1368
5.62384486198	543
5.62398195267	-1420
5.62398600578	-1420
5.62402486801	-1264
5.62536692619	-1420
5.6253888607	-1316
5.62551784515	-1368
5.63202691078	543
5.63237404823	-1420
5.6323800087	-1420
5.63243103027	-1264
5.63316392899	543
5.6347489357	-156
5.63547587395	543
5.64928603172	543
5.64955592155	543
5.65012192726	543
5.68521904945	-1420
5.6852350235	-1420
5.685297966	-1264
5.68764090538	-1420
5.68769598007	-1420
5.68769884109	-1264
5.69246983528	-1420
5.69248795509	-1420
5.69253587723	-1264
5.69658184052	-1420
5.69661688805	-1420
5.69661998749	-1264
5.70200991631	-1420
5.70202088356	-1420
5.70206999779	-1264
5.70375800133	-1420
5.70378684998	-1316
5.70378899574	-1368
5.70722603798	-1368
5.70908784866	-1420
5.70914101601	-1316
5.71097302437	-1420
5.71100497246	-1420
5.71100687981	-1264
5.71470999718	-1368
5.71617698669	-1420
5.71620488167	-1316
5.71773982048	-1420
5.71778082848	-1420
5.71778392792	-1264
5.71821689606	543
5.72118091583	-1420
5.72118592262	-1316
5.72122693062	-1368
5.72444200516	-1420
5.72450900078	-1420
5.72451281548	-1264
5.72804999352	-1368
5.72977495193	-1368
5.73115682602	-1420
5.73116397858	-1316
5.73217892647	-1420
5.73218393326	-1420
5.73223686218	-1264
5.73496794701	-1420
5.73501300812	-1420
5.73501586914	-1264
5.73701786995	-1368
5.73722791672	-1420
5.73727703094	-1316
5.73846387863	-1420
5.73850989342	-1420
5.73851299286	-1264
5.73959302902	-1420
5.73959684372	-1316
5.74077892303	-1368
5.74230098724	-1420
5.74234199524	-1316
5.74323487282	-1420
5.74326896667	-1316
5.74412083626	-1420
5.74414300919	-1316
5.74513697624	-1420
5.74517798424	-1420
5.74518084526	-1264
5.74627399445	-1420
5.74628782272	-1316
5.74640893936	543
5.74749898911	-1368
5.74869799614	-1420
5.74874091148	-1420
5.74874401093	-1264
5.75034284592	-1420
5.75034785271	-1420
5.75038790703	-1264
5.75548791885	-1420
5.75553703308	-1420
5.7555398941	-1264
5.75742793083	-1420
5.75743198395	-1420
5.75747084618	-1264
5.75854682922	-1420
5.75854992867	-1420
5.75855088234	-1264
5.7585709095	543
5.76041984558	-1420
5.76047086716	-1420
5.7604739666	-1264
5.7622449398	-1368
5.76320004463	-1420
5.76324701309	-1420
5.76324987411	-1264
5.76401090622	-1420
5.76401591301	-1420
5.76405596733	-1264
5.7656378746	-1420
5.76568102837	-1420
5.76568388939	-1264
5.7671649456	-1420
5.76716899872	-1420
5.76720881462	-1264
5.7675549984	-1368
5.76786804199	-1420
5.76787304878	-1316
5.76830387115	-1420
5.76830792427	-1316
5.76842284203	543
5.76854991913	-1368
5.76962089539	-1420
5.76966285706	-1420
5.7696659565	-1264
5.77070403099	-1420
5.77070903778	-1420
5.77074885368	-1264
5.77171492577	-1368
5.77209591866	-1420
5.77210092545	-1316
5.77244901657	-1368
5.77257800102	-1420
5.77259993553	-1316
5.7727689743	-1368
5.77295303345	-1420
5.77295804024	-1420
5.77299594879	-1264
5.77348589897	-1420
5.77353286743	-1420
5.77353596687	-1264
5.77381682396	-1420
5.77382087708	-1316
5.77439284325	-1420
5.77439689636	-1316
5.77451491356	-1368
5.77491283417	-1368
5.77547001839	-1420
5.77547502518	-1316
5.77597999573	-1368
5.7764840126	-1368
5.77780485153	-1420
5.77780985832	-1316
5.77887296677	-711
5.78203487396	-1420
5.78205895424	-1316
5.78241682053	-1420
5.78243994713	-1316
5.78252291679	-1368
5.78366684914	-1420
5.78367090225	-1420
5.78369402885	-1264
5.78588199615	543
5.78656291962	-1420
5.78656792641	-1316
5.78658986092	-1368
5.78812384605	-1368
5.78925299644	-1420
5.78925704956	-1316
5.7897670269	-1420
5.7897708416	-1316
5.79183292389	-1368
5.79183983803	-1420
5.79188489914	-1420
5.79188704491	-1264
5.7936668396	-1420
5.79367184639	-1420
5.79371595383	-1264
5.79579997063	-1368
5.79673290253	-1368
5.797757864	-1420
5.79778504372	-1316
5.79803586006	543
5.79872083664	-1420
5.79872703552	-1420
5.79876995087	-1264
5.8012509346	-1420
5.80128884315	-1420
5.8012919426	-1264
5.80440688133	-1420
5.8044128418	-1316
5.80624389648	-1420
5.80624985695	-1316
5.80739188194	-1420
5.80739784241	-1420
5.80744290352	-1264
5.81025600433	-1368
5.81175589561	-1420
5.81176185608	-1316
5.8118019104	-1368
5.81312990189	-1420
5.81318902969	-1420
5.81319189072	-1264
5.81368494034	543
5.8165500164	-1420
5.81656002998	-1420
5.81658792496	-1264
5.81912994385	-1420
5.81918096542	-1420
5.81918382645	-1264
5.82161188126	-1368
5.82323884964	-1420
5.82328796387	-1316
5.82451581955	-1420
5.82455992699	-1316
5.82476496696	-1368
5.82712388039	-1420
5.82715201378	-1420
5.82718992233	-1264
5.82953286171	-1420
5.82955694199	-1316
5.82960391045	-1368
5.82970786095	543
5.83202695847	-1368
5.83341383934	-1420
5.83343696594	-1316
5.83496594429	-1420
5.8350110054	-1420
5.83501386642	-1264
5.83715295792	-1420
5.83715987206	-1316
5.83776283264	-1368
5.83918094635	-1420
5.839220047	-1316
5.84128594398	-1420
5.84134197235	-1420
5.84134483337	-1264
5.84264683723	-1420
5.84265303612	-1420
5.84270501137	-1264
5.84585499763	-1420
5.84590697289	-1420
5.845911026	-1264
5.84604597092	1057
5.84862303734	-1420
5.8486289978	-1420
5.84867191315	-1264
5.85029888153	-1368
5.85295701027	-1368
5.85312199593	-1368
5.85457181931	-1420
5.8545768261	-1420
5.85462093353	-1264
5.85763502121	-1420
5.85767793655	-1420
5.857681036	-1264
5.86062097549	-1420
5.86062598228	-1420
5.86066484451	-1264
5.86378383636	-1368
5.86543297768	-1420
5.86543893814	-1316
5.86694693565	-1420
5.86695194244	-1420
5.86699199677	-1264
5.86840391159	-1368
5.87055897713	-1420
5.87056398392	-1316
5.87283182144	-1368
5.87488794327	-1420
5.87493181229	-1316
5.87634897232	-1368
5.87927889824	-1420
5.87928390503	-1316
5.87933397293	-1368
5.88060688972	-1368
5.88077092171	-1368
5.88189291954	-1368
5.88200998306	543
5.88324284554	-1420
5.88325786591	-1316
5.88476490974	-1368
5.8860669136	-1420
5.88610696793	-1316
5.88724184036	-1368
5.88972997665	-1420
5.88973593712	-1420
5.88977599144	-1264
5.89086294174	-1368
5.89169001579	-1420
5.89169383049	-1316
5.89229488373	-1420
5.89229989052	-1420
5.89233803749	-1264
5.8939499855	-1420
5.89399194717	-1420
5.89399504662	-1264
5.89578795433	-1420
5.89580202103	-1316
5.89588284492	-1368
5.89596700668	543
5.89698982239	-1368
5.89732599258	-1420
5.89736199379	-1316
5.89789485931	-1420
5.89791703224	-1316
5.89798402786	-1368
5.89857387543	-1368
5.89942288399	-1420
5.89944696426	-1316
5.90019798279	-1368
5.90219688416	-1420
5.90220189095	-1420
5.90224385262	-1264
5.903195858	-1420
5.90321803093	-1316
5.90404200554	-1368
5.90413284302	543
5.90460085869	-1368
5.90477991104	-1368
5.90535593033	-1368
5.9054210186	543
5.90599989891	-1420
5.90600204468	-1316
5.90667700768	-1368
5.90790700912	-1420
5.90792989731	-1316
5.90802288055	-1368
5.90847802162	-1420
5.90848183632	-1316
5.90871787071	-1368
5.90933895111	-1420
5.90939497948	-1420
5.9093978405	-1264
5.91087388992	-1420
5.91087889671	-1420
5.91091799736	-1264
5.91123795509	-1420
5.91127800941	-1420
5.91128087044	-1420
5.91131687164	-24
5.91140198708	543
5.91213393211	-1420
5.9121389389	-1420
5.91218185425	-1264
5.91258192062	-1420
5.91262602806	-1420
5.91262793541	-1264
5.91292285919	-1420
5.91292691231	-1420
5.9129679203	-1264
5.91314888	-1420
5.91319084167	-1420
5.91319394112	-1264
5.91347002983	-1420
5.91347384453	-1420
5.91352891922	-1264
5.91375994682	-1420
5.91380190849	-1420
5.91380500793	-1264
5.91390991211	543
5.91397190094	-1368
5.91404700279	-1420
5.91406702995	-1316
5.91410303116	543
5.91415596008	-1420
5.91415786743	-1420
5.91415882111	-1264
5.91447091103	-1368
5.91457104683	-1420
5.91457390785	-1420
5.91459488869	-1420
5.91459703445	-1212
5.91476893425	-1420
5.91477298737	-1420
5.91481184959	-1420
5.91481494904	-1212
5.91502904892	-1420
5.91503381729	-1420
5.91507387161	-1264
5.91512298584	-1420
5.91514492035	-1316
5.91528487206	-1368
5.91561388969	543
5.94931483269	-1420
5.9493329525	-1316
5.94939184189	-1368
5.94981384277	543
5.94998788834	-1420
5.94999194145	-1316
5.95015382767	-1368
5.95488882065	-1420
5.95493483543	-1420
5.95493793488	-1264
5.9553258419	-1420
5.95532989502	-1316
5.95573687553	-1420
5.95573997498	-1420
5.95578503609	-1264
5.95581889153	-1420
5.95583581924	-1316
5.95604395866	-1420
5.95608186722	-1420
5.95608401299	-1264
5.95629382133	-1368
5.95684695244	-1420
5.95687603951	-1420
5.95687794685	-1264
5.95797801018	1057
5.96109294891	-1368
6.00297689438	-1420
6.00304293633	-1420
6.00304698944	-1264
6.00308299065	-1420
6.00308489799	-1420
6.00312495232	-1264
6.00838184357	-1420
6.00847196579	-1316
6.00847697258	-1368
6.01020383835	-1420
6.01020884514	-1316
6.01058197021	-1420
6.01058697701	-1316
6.0109629631	-1420
6.01096701622	-1420
6.0110039711	-1264
6.01107692719	543
6.01159286499	-1420
6.01159691811	-1420
6.01162600517	-1264
6.01168704033	-1368
6.01204991341	-1420
6.01205396652	-1316
6.01227283478	-1368
6.01239204407	-1420
6.01241397858	-1420
6.0124168396	-1264
6.01270103455	-1420
6.01270604134	-1316
6.01281881332	-1368
6.01542901993	-1420
6.0154800415	-1316
6.01548290253	-1368
6.01559996605	543
6.019728899	-1420
6.01973485947	-1316
6.01982498169	-1420
6.01982903481	-1420
6.01985788345	-1264
6.01993894577	-1368
6.02005791664	-1420
6.02006101608	-1316
6.02013301849	-1368
6.02014994621	543
6.02025485039	-1420
6.02025604248	-1316
6.02032089233	-1368
6.02093982697	-1420
6.02097988129	-1420
6.02098298073	-1420
6.02101898193	-1212
6.02102088928	-1420
6.02105689049	-1316
6.02559399605	-1420
6.02563881874	-1420
6.02564191818	-1264
6.03363490105	-1368
6.03379297256	543
6.03400588036	-1420
6.03401088715	-1420
6.03405284882	-1264
6.03477096558	-1420
6.03481793404	-1420
6.03482103348	-1264
6.03603291512	-1420
6.03603887558	-1316
6.03609585762	-1368
6.03667283058	-1420
6.03671693802	-1420
6.03672003746	-1264
6.03740882874	-1420
6.03741502762	-1420
6.03745603561	-1264
6.03775882721	-1420
6.03778100014	-1420
6.03778290749	-1264
6.03787088394	543
6.03822302818	-1420
6.03822684288	-1420
6.03826498985	-1264
6.03833198547	543
6.04043793678	-893
6.04535603523	-1368
6.04558491707	-1420
6.04559087753	-1420
6.0456328392	-1264
6.04563593864	-1420
6.04567599297	-1316
6.04638886452	-1420
6.04645681381	-1420
6.04646086693	-1264
6.04690003395	-1420
6.04690384865	-1420
6.04692602158	-1264
6.0481710434	-1420
6.04821300507	-1420
6.04821491241	-1264
6.04852390289	-1420
6.04852795601	-1420
6.048568964	-1264
6.04864287376	543
6.04912090302	-1420
6.04912495613	-1420
6.04916286469	-1264
6.04963183403	-1420
6.04965281487	-1316
6.04965496063	-1368
6.05024600029	-1368
6.05258703232	-1420
6.05261087418	-1316
6.05275988579	-1420
6.05277991295	-1316
6.05286383629	-1368
6.05341982841	-1420
6.05342388153	-1316
6.05344200134	-1368
6.05359196663	-1420
6.05361294746	-1316
6.0536968708	-1368
6.05415201187	1057
6.05550098419	-1420
6.05550384521	-1420
6.05554389954	-1264
6.15445804596	-1420
6.15447497368	-1420
6.15451598167	-1264
6.15521001816	1460
6.15525603294	1460
6.15529990196	193
6.15582203865	543
6.15626692772	543
6.15672492981	543
6.17477583885	-352
6.18917989731	1057
6.18959784508	543
6.19682693481	543
6.3088619709	543
6.36738586426	-543
6.36831498146	-1420
6.36837792397	-1316
6.37408685684	-1420
6.37413287163	-1420
6.37413597107	-1264
6.37760591507	-1420
6.37761092186	-1420
6.3776538372	-1264
6.37789583206	-1420
6.37797904015	-1316
6.37798190117	-1420
6.37802195549	-1420
6.37803387642	-1264
6.37806987762	-1368
6.37807202339	-1368
6.37819194794	-1368
6.37830400467	-1420
6.37833499908	-1316
6.37840986252	-1420
6.37844991684	-1316
6.37853384018	543
6.37867093086	-1368
6.38074684143	-1420
6.38079190254	-1420
6.38079500198	-1264
6.38452291489	-1420
6.38453793526	-1420
6.38458204269	-1420
6.38458490372	-1420
6.3846218586	-1160
6.38462400436	-1368
6.38475584984	543
6.38742089272	-1420
6.38742685318	-1316
6.38751482964	-1420
6.38751792908	-1420
6.38755702972	-1420
6.38755893707	-1212
6.38791799545	-1420
6.38792300224	-1420
6.38796281815	-1264
6.39059686661	-1420
6.39062690735	-1420
6.39063000679	-1264
6.39129495621	-1420
6.39129900932	-1420
6.39137291908	-1264
6.39137482643	-1420
6.39141082764	-1420
6.39141392708	-1264
6.39153885841	543
6.3916759491	-1420
6.39168787003	-1420
6.391726017	-1264
6.39518094063	-1420
6.39526104927	-1420
6.39526486397	-1264
6.3956079483	-1368
6.39597797394	-1420
6.39600801468	-1316
6.39713597298	543
6.39722084999	-1420
6.39722490311	-1420
6.39726495743	-1264
6.39763998985	-1420
6.39768481255	-1420
6.39768791199	-1264
6.39824700356	-1368
6.39843297005	-1420
6.39845895767	-1316
6.3984618187	-1368
6.3985888958	-1420
6.39859294891	-1316
6.3988058567	-1420
6.39880990982	-1316
6.39889383316	-1368
6.39908099174	-1368
6.39928793907	-1420
6.39929103851	-1316
6.39938282967	-1420
6.39938592911	-1420
6.39942288399	-1264
6.4018638134	-1420
6.40191197395	-1420
6.40191793442	-1264
6.40220499039	-1420
6.40220785141	-1420
6.40224885941	-1264
6.4023900032	-1368
6.40252685547	-1420
6.40252995491	-1420
6.40256786346	-1420
6.40257096291	-1212
6.40257191658	-1368
6.40327882767	-1420
6.40328288078	-1420
6.40328383446	-1264
6.40331101418	543
6.40337586403	-1368
6.40351700783	543
6.4037938118	543
6.40457892418	-1420
6.40458488464	-1420
6.40462899208	-1264
6.40500092506	-1420
6.40504384041	-1420
6.40504693985	-1264
6.40526294708	-1420
6.4052670002	-1316
6.40554594994	-1368
6.40670990944	-1420
6.4067928791	-1420
6.40679597855	-1420
6.40683698654	-1212
6.40683889389	-1420
6.40688586235	-1316
6.40713787079	-1368
6.40731883049	543
6.40911793709	-1420
6.40912389755	-1420
6.40916800499	-1264
6.40947294235	-1420
6.40951991081	-1420
6.40952181816	-1264
6.40956187248	-1368
6.4100279808	-1420
6.41004896164	-1316
6.41040086746	-1420
6.41044402122	-1420
6.41044688225	-1264
6.41055393219	543
6.41080093384	-1420
6.41080594063	-1420
6.41084694862	-1264
6.41112804413	-1420
6.41117191315	-1420
6.41117501259	-1264
6.411703825	-1368
6.41286182404	-1368
6.41307401657	-1420
6.41307783127	-1316
6.41339802742	-1420
6.41340184212	-1316
6.41399383545	-1368
6.4143140316	-1420
6.41433787346	-1316
6.41481900215	-1368
6.41547298431	-1420
6.4154779911	-1316
6.41615796089	-1368
6.41765499115	-1420
6.41770100594	-1420
6.41770482063	-1264
6.41779994965	543
6.41809487343	-1420
6.41810083389	-1316
6.41867804527	-1368
6.41943883896	-1420
6.41946482658	-1316
6.42039394379	-1368
6.42048692703	543
6.4210088253	-1420
6.42101192474	-1420
6.42105388641	-1264
6.42302298546	-1420
6.42304992676	-1420
6.4230530262	-1264
6.4235098362	-1420
6.42351603508	-1420
6.42353892326	-1264
6.42433404922	-1420
6.42436099052	-1420
6.42436385155	-1264
6.42444992065	543
6.42452383041	-1420
6.42452597618	-1420
6.42452692986	-1264
6.42492604256	-1420
6.42495203018	-1316
6.42505884171	-1368
6.42528486252	-1420
6.42528986931	-1316
6.42536282539	-1368
6.42546892166	543
6.42616295815	-1420
6.42616987228	-1420
6.42619681358	-1264
6.42688202858	-1420
6.42690682411	-1316
6.42700791359	-1368
6.42787098885	-1368
6.42882585526	-1420
6.42885184288	-1316
6.42983102798	-1420
6.42987704277	-1420
6.42987990379	-1264
6.42998385429	543
6.43170785904	-1420
6.43171286583	-1420
6.43173503876	-1264
6.43352103233	-1368
6.43355202675	-1420
6.43355488777	-1316
6.43446302414	-1368
6.43454003334	543
6.43674993515	-1420
6.43675589561	-1420
6.43680000305	-1264
6.43787002563	-1420
6.43790698051	-1316
6.43953990936	-1368
6.44069504738	-1420
6.44069886208	-1316
6.44167900085	-1368
6.44274282455	-1420
6.44278097153	-1316
6.44385504723	-1368
6.44428491592	1057
6.4452688694	-1420
6.44527387619	-1420
6.44533395767	-1264
6.44601082802	-1420
6.44604897499	-1316
6.44673585892	-1368
6.44764304161	-1420
6.44765996933	-1316
6.44835591316	-1368
6.44892883301	-1420
6.44897699356	-1420
6.44897985458	-1264
6.44984388351	-1420
6.4498488903	-1420
6.44989299774	-1264
6.45004487038	-1420
6.45009899139	-1316
6.45010089874	-1368
6.45021295547	543
6.45192098618	-1420
6.45192694664	-1420
6.45197200775	-1264
6.45204401016	543
6.45296287537	-1420
6.45296788216	-1420
6.45301294327	-1264
6.45356297493	-1420
6.45363688469	-1420
6.45363998413	-1264
6.45368385315	-1420
6.45368599892	-1420
6.45372986794	-1264
6.4537320137	-1420
6.45376682281	-1316
6.4538269043	-1368
6.45398497581	-1420
6.45398902893	-1420
6.45403194427	-1264
6.45407390594	-1368
6.45417189598	543
6.45429897308	-1420
6.45431995392	-1420
6.45435881615	-1264
6.45436096191	-1368
6.45440888405	-1368
6.45448994637	-1368
6.45457291603	-1420
6.45457696915	-1316
6.45497894287	-1420
6.45498299599	-1420
6.45502281189	-1264
6.45530390739	-1368
6.4555850029	-1420
6.45559096336	-1316
6.47195887566	-1368
6.47214794159	543
6.47228884697	543
6.49689793587	-1420
6.49691700935	-1420
6.49697995186	-1264
6.49698281288	-1420
6.49703001976	-1420
6.49703192711	-1264
6.4972589016	-1420
6.49726295471	-1420
6.49731183052	-1264
6.49742102623	543
6.49751186371	-834
6.49758887291	543
6.49774503708	543
6.49790596962	543
6.4980738163	543
6.49839401245	543
6.49881291389	-1420
6.49881792068	-1316
6.49905800819	-1368
6.5003759861	-1420
6.50042295456	-1420
6.50042581558	-1264
6.50413298607	-1420
6.50413990021	-1316
6.50444102287	-1368
6.50500202179	-1368
6.5050330162	-1368
6.50565695763	-1368
6.54660081863	1057
6.55295801163	-1420
6.55296587944	-1420
6.55302000046	-1264
6.55320501328	543
6.55397891998	-1420
6.55398488045	-1316
6.55501794815	-1420
6.55502390862	-1420
6.55506801605	-1264
6.55648303032	-1420
6.55654287338	-1420
6.55654597282	-1264
6.55714988708	-1368
6.55761098862	-1420
6.5576570034	-1316
6.55808091164	-1368
6.55846190453	-1420
6.55846691132	-1420
6.55851387978	-1264
6.55880284309	-1420
6.55884885788	-1316
6.55891704559	-1420
6.5589568615	-1316
6.55895996094	-1368
6.55906200409	-1420
6.55906581879	-1316
6.55917692184	543
6.55924081802	-1420
6.55924487114	-1316
6.55931901932	543
6.55938887596	-1420
6.55939102173	-1316
6.55951690674	-1420
6.55952000618	-1316
6.55961799622	-1420
6.55961990356	-1316
6.55961990356	-1368
6.55976700783	-1420
6.55980682373	-1316
6.56009793282	-1420
6.56014490128	-1420
6.56014895439	-1264
6.56051397324	-1420
6.56051802635	-1316
6.56062793732	-1368
6.56073784828	543
6.56079602242	-1420
6.56079888344	-1420
6.56079888344	-1264
6.56136393547	-1420
6.56141090393	-1316
6.56141400337	-1368
6.56167387962	-1420
6.56167888641	-1420
6.56172084808	-1264
6.56177592278	-1420
6.56179690361	-1316
6.56179904938	-1368
6.56198787689	-1420
6.56199288368	-1420
6.562032938	-1264
6.56237792969	-1420
6.56242203712	-1420
6.56242489815	-1264
6.56246304512	-1368
6.56251502037	-1420
6.56253504753	-1316
6.5626180172	-1368
6.56270694733	-1420
6.56271004677	-1316
6.56276893616	1057
6.56289792061	-1420
6.56290197372	-1316
6.56302595139	-1420
6.5630300045	-1316
6.56305003166	-1420
6.56305193901	-1316
6.56328082085	-1420
6.56328582764	-1420
6.56332683563	-1264
6.56335783005	-1368
6.56357288361	-1420
6.5635778904	-1316
6.5637319088	-1420
6.56377387047	-1420
6.56381487846	-1264
6.56381797791	-1420
6.56385397911	-1420
6.56385588646	-1264
6.56391000748	-1368
6.56399393082	543
6.56402993202	-1420
6.56416201591	-1316
6.56418800354	-1368
6.56447887421	-1420
6.56452703476	-1420
6.56452989578	-1264
6.56460499763	-1420
6.56460785866	-1316
6.56470990181	-1368
6.56777501106	-1420
6.56780695915	-1316
6.58046197891	543
6.58288383484	-1420
6.5828909874	-1316
6.58301401138	543
6.58388495445	-1420
6.58389091492	-1316
6.58400082588	-1420
6.58400392532	-1420
6.58404397964	-1264
6.58412599564	543
6.58430981636	-1420
6.5843129158	-1420
6.5843539238	-1264
6.58457493782	-1420
6.58460903168	-1316
6.5846118927	-1368
6.58543682098	-1420
6.58544301987	-1420
6.58548498154	-1264
6.59008288383	543
6.5920689106	543
6.5929749012	-1420
6.59298086166	-1420
6.59300684929	-1420
6.59300994873	-1212
6.59303092957	-1420
6.59303283691	-1316
6.59317302704	-1420
6.59317588806	-1316
6.593323946	543
6.59416103363	-1420
6.59416699409	-1420
6.59420895576	-1264
6.59428095818	543
6.5949678421	-1420
6.59497404099	-1420
6.59501981735	-1264
6.59516787529	-1368
6.59531998634	-1420
6.59532499313	-1316
6.59546899796	-1368
6.59608197212	-1420
6.59611201286	-1316
6.59633588791	-1368
6.6007168293	-1420
6.60072302818	-1420
6.60074901581	-1264
6.60085391998	543
6.60207104683	-1420
6.60207700729	-1420
6.60212087631	-1264
6.60220599174	-1420
6.60222887993	-1316
6.60275888443	-1368
6.60394883156	-1420
6.60395503044	-1316
6.60421800613	-1368
6.60431003571	-1420
6.60434484482	-1316
6.60441803932	-1420
6.60441994667	-1316
6.60465288162	-1420
6.60467982292	-1316
6.60468196869	-1368
6.60722303391	-1420
6.60722899437	-1420
6.60725688934	-1264
6.62282586098	-1420
6.6228890419	-1420
6.6228928566	-1264
6.62305283546	543
6.62633490562	543
6.62637782097	-1420
6.62637996674	-1420
6.62638092041	-1264
6.62654304504	-1420
6.62659287453	-1420
6.62659502029	-1264
6.62665987015	-433
6.62864995003	-1420
6.62870502472	-1420
6.62870788574	-1264
6.62952804565	-1420
6.62953400612	-1420
6.62957692146	-1264
6.63127493858	1057
6.63337087631	-1420
6.63337683678	-1420
6.63342285156	-1264
6.63370990753	-1368
6.63380384445	543
6.6481089592	-1420
6.6481180191	-1316
6.64825081825	543
6.65283203125	-1420
6.65283799171	-1420
6.6528968811	-1264
6.6535320282	-1420
6.65357804298	-1420
6.65358090401	-1264
6.65391683578	-1420
6.65392184258	-1420
6.65396595001	-1264
6.65409994125	-1420
6.6541428566	-1316
6.6543610096	-1368
6.65474891663	-1420
6.65476083755	-1420
6.65476202965	-1264
6.65489983559	-1368
6.65508890152	-1420
6.65509390831	-1316
6.6554749012	-1420
6.65547895432	-1420
6.65552592278	-1264
6.65559792519	-1420
6.65563797951	-1420
6.65563988686	-1264
6.65586781502	-1420
6.65587091446	-1420
6.65591287613	-1264
6.65593600273	543
6.65611195564	1460
6.65616488457	625
6.67884492874	-1420
6.67886090279	-1420
6.67892003059	-1264
6.68162488937	-1368
6.6836938858	-1420
6.68370103836	-1316
6.68550491333	-1420
6.68551087379	-1420
6.68555498123	-1264
6.69376683235	-1420
6.6938598156	-1420
6.69386386871	-1264
6.69697284698	-1420
6.6969769001	-1420
6.69701695442	-1264
6.69763588905	543
6.69779086113	543
6.69789886475	543
6.69823598862	-1368
6.69918990135	543
6.69973492622	543
6.70390081406	-1420
6.70390701294	-1316
6.70905590057	-1420
6.70906591415	-1420
6.70911598206	-1264
6.71396803856	-1420
6.71401286125	-1420
6.71401500702	-1264
6.71426987648	-1420
6.71428203583	-1316
6.71434187889	-1368
6.71452784538	-1420
6.71456003189	-1316
6.71545696259	-1420
6.71550393105	-1420
6.71550583839	-1264
6.71587204933	-1420
6.71587491035	-1316
6.71660995483	-1420
6.71661400795	-1316
6.71723794937	543
6.71763181686	1460
6.71768093109	1460
6.71771597862	193
6.72082996368	-1368
6.72733092308	-1420
6.72740101814	-1420
6.72740602493	-1264
6.75814795494	-1231
6.76832985878	543
6.76915884018	543
6.77705287933	-1420
6.77706098557	-1420
6.77711582184	-1264
6.77892184258	-1420
6.77896285057	-1316
6.78636884689	-1420
6.78642988205	-1420
6.7864420414	-1264
6.78717899323	543
6.78883695602	543
6.78907585144	1460
6.78912401199	1460
6.78915882111	193
6.79319190979	-1420
6.79319787025	-1316
6.79327082634	-1368
6.79349803925	543
6.7937040329	1460
6.79375195503	1460
6.79378795624	193
6.795981884	543
6.79749703407	1460
6.79754590988	1460
6.79758095741	193
6.81393504143	-1420
6.81394982338	-1316
6.81605482101	543
6.81688594818	1460
6.81694984436	1460
6.81699490547	193
6.81869697571	-1420
6.8187110424	-1420
6.81875395775	-1420
6.81875681877	-1212
6.81880187988	-1420
6.81880402565	-1316
6.82093000412	-1420
6.82094788551	-1316
6.82100987434	-1368
6.82146000862	-1420
6.82153081894	-1316
6.82153487206	-1368
6.82201004028	-1420
6.82201504707	-1420
6.82205986977	-1264
6.82220387459	-1368
6.82230687141	543
6.82246589661	-1420
6.82246994972	-1316
6.82405591011	-1420
6.82406187057	-1420
6.82410693169	-1264
6.8243868351	-1420
6.82443284988	-1420
6.82443594933	-1264
6.82487297058	-1420
6.82487893105	-1316
6.82495999336	-1368
6.82507181168	-1420
6.82509589195	-1316
6.8251709938	-1368
6.82552981377	-1420
6.82553482056	-1420
6.82557702065	-1264
6.82771897316	-1420
6.82776999474	-1420
6.82777404785	-1264
6.82789087296	543
6.82800292969	543
6.83177804947	-1368
6.83196496964	-1420
6.83200287819	-1316
6.83224201202	-1420
6.83226799965	-1316
6.83235883713	-1368
6.83417797089	-1420
6.83418488503	-1420
6.83423185349	-1264
6.83448290825	-1368
6.83473682404	-1420
6.83474302292	-1316
6.83511996269	-1368
6.83631801605	-1420
6.83636903763	-1420
6.83637189865	-1264
6.84198904037	-1420
6.84199500084	-1316
6.86006093025	-1420
6.86007285118	-1420
6.86012887955	-1264
6.86026382446	543
6.86177182198	-1420
6.86177802086	-1420
6.8618209362	-1264
6.86463189125	-1420
6.86467695236	-1420
6.86467981339	-1264
6.86521887779	543
6.86881685257	543
6.87161588669	-1368
6.87359404564	543
6.89556789398	543
6.89872789383	-340
6.90056300163	543
6.90148282051	543
6.9016699791	-1420
6.90167188644	-1420
6.90170288086	-1264
6.90182590485	543
6.90197300911	543
6.90199995041	-1420
6.90200400352	-1420
6.90203094482	-1264
6.90269684792	543
6.90273404121	-1420
6.90273785591	-1420
6.90278482437	-1264
6.90287089348	1057
6.90661692619	543
6.90947294235	543
6.91129088402	-1368
6.91140794754	-1368
6.911921978	543
6.94993901253	-1420
6.94995093346	-1316
6.95766091347	-1420
6.95767688751	-1420
6.95773386955	-1264
6.96387791634	-1420
6.96391296387	-1316
6.97807693481	543
6.97860503197	543
7.03095793724	-968
7.0453209877	-1368
7.04538488388	-1368
7.05008983612	-1368
7.05365991592	-1368
7.05431985855	-1420
7.05435991287	-1316
7.05505490303	-1420
7.0550839901	-1316
7.05554485321	-1368
7.05757284164	-1420
7.05758595467	-1316
7.05762481689	-1368
7.05824685097	543
7.05859088898	-1368
7.0590929985	-1420
7.05913901329	-1420
7.05914187431	-1264
7.05978894234	-1420
7.05979394913	-1420
7.05983686447	-1264
7.05997490883	-1420
7.06001496315	-1316
7.07284998894	-1368
7.07311797142	543
7.07377386093	-1420
7.0737798214	-1420
7.07384991646	-1264
7.07386183739	-1420
7.07390284538	-1316
7.07406282425	1057
7.07410883904	-1420
7.0741109848	-1316
7.07426285744	543
7.0750169754	543
7.07846999168	-1420
7.07849383354	-1316
7.07852292061	-1368
7.08604502678	-1368
7.13079881668	-1368
7.15445590019	-1420
7.15454292297	-1420
7.15454888344	-1264
7.15458798409	-1420
7.15459084511	-1420
7.1546330452	-1264
7.15506696701	543
7.15985488892	-1420
7.15985989571	-1420
7.15990304947	-1264
7.16006588936	-613
7.16086196899	-1420
7.16086483002	-1420
7.1608839035	-1420
7.16089487076	-1212
7.16135692596	-1420
7.16136097908	-1316
7.16139602661	-1420
7.16139984131	-1420
7.16144394875	-1264
7.16598892212	-1420
7.16603803635	-1316
7.17026185989	-1420
7.17030787468	-1316
7.17062592506	-1420
7.17066884041	-1316
7.17169094086	-1420
7.17173981667	-1420
7.17174291611	-1264
7.1726269722	-1420
7.17263102531	-1420
7.17265987396	-1264
7.1727938652	-1420
7.17283391953	-1316
7.17321801186	-1368
7.17340087891	-1420
7.17340493202	-1316
7.17410182953	-1420
7.17411494255	-1420
7.17415499687	-1264
7.17467188835	-1368
7.17547297478	-1420
7.17547798157	-1316
7.17571091652	-1368
7.17639303207	-1420
7.17643785477	-1420
7.17644095421	-1264
7.17664384842	-1420
7.17664790154	-1316
7.17702484131	-1420
7.17702889442	-1420
7.1770298481	-1264
7.17713093758	-1368
7.17727088928	543
7.17743587494	543
7.20579195023	-1420
7.20580601692	-1420
7.20584893227	-1264
7.20585203171	-1420
7.20588588715	-1316
7.20598101616	-1368
7.21228384972	-1420
7.21229600906	-1316
7.21241998672	-1368
7.21746087074	-1420
7.21752095222	-1316
7.22827887535	-1420
7.22833800316	-1316
7.22868204117	-1368
7.23106694221	-1420
7.23107504845	-1316
7.23337483406	-1368
7.23344397545	-1368
7.23460793495	-1420
7.23461198807	-1316
7.23467683792	-1368
7.2349820137	-1368
7.23721003532	543
7.23738193512	543
7.24050498009	-1420
7.24051094055	-1316
7.26097893715	-1420
7.26099491119	-1420
7.26105690002	-1264
7.26128196716	-1420
7.26133394241	-1420
7.26133704185	-1264
7.26185393333	-1420
7.26185894012	-1316
7.26251983643	-1420
7.26252388954	-1420
7.26256489754	-1264
7.26266384125	543
7.26300787926	-1368
7.26311683655	-1420
7.26314783096	-1316
7.26324701309	-1368
7.26372504234	-1420
7.26373100281	-1316
7.26407790184	-1368
7.26576185226	-1420
7.26580190659	-1420
7.26580500603	-1264
7.26757502556	-1368
7.26801586151	-1420
7.26804590225	-1316
7.2685239315	-1420
7.26856803894	-1420
7.26857089996	-1264
7.27001881599	-1420
7.27002286911	-1420
7.27006387711	-1264
7.27096486092	-1368
7.27174091339	-1420
7.27174401283	-1316
7.27253603935	-1368
7.27355694771	543
7.27438282967	543
7.27440190315	-1420
7.27440595627	-1420
7.27442502975	-1264
7.27557682991	-1420
7.2756049633	-1316
7.27673196793	-1368
7.27756404877	-1420
7.27757000923	-1316
7.27846288681	-1368
7.28029298782	-1368
7.2809510231	-1420
7.28095602989	-1420
7.28099584579	-1264
7.28185892105	-1420
7.2819018364	-1420
7.28190398216	-1264
7.28298997879	-1420
7.28299403191	-1316
7.28387904167	-1420
7.28388285637	-1420
7.28392100334	-1264
7.28515100479	-1368
7.28570604324	-1420
7.28570890427	-1316
7.285779953	-1368
7.2859518528	-1420
7.28597187996	-1316
7.28603696823	543
7.28622102737	-1368
7.28680181503	-1420
7.28682589531	-1316
7.28709483147	-1368
7.28751897812	-1420
7.28752493858	-1316
7.28759503365	543
7.2881128788	-1368
7.28853297234	-1420
7.28855991364	-1316
7.28884387016	-1420
7.28886699677	-1316
7.28886985779	-1368
7.28910493851	-1420
7.28910899162	-1316
7.28929400444	-1368
7.28961396217	-1420
7.28963685036	-1316
7.28963899612	-1368
7.29008388519	-1420
7.29008889198	-1420
7.29010891914	-270
7.29017496109	543
7.29034399986	543
7.29064798355	-1420
7.29068803787	-1420
7.29072999954	-1264
7.29073286057	-1420
7.29076886177	-1316
7.29101681709	-1420
7.29106092453	-1420
7.29106402397	-1264
7.29151082039	-1420
7.29151797295	-1316
7.30240988731	543
7.32310295105	-1420
7.32311701775	-1420
7.32315087318	-1264
7.32345795631	543
7.32363581657	-1420
7.32363986969	-1420
7.32368087769	-1264
7.32378482819	543
7.3245818615	-1420
7.32458686829	-1420
7.32465696335	-1264
7.32465982437	-1420
7.32469892502	-1316
7.32478404045	-1420
7.32482504845	-1316
7.32482790947	-1368
7.324862957	-1368
7.32848501205	-1420
7.32855391502	-1420
7.32855892181	-1264
7.33030796051	-1368
7.33041191101	543
7.33052182198	-1420
7.33052587509	-1316
7.33178186417	543
7.34025001526	-1420
7.34026789665	-1420
7.34031796455	-1264
7.34032893181	-1420
7.34036588669	-1420
7.34036898613	-1264
7.34100294113	-1420
7.3410089016	-1420
7.34105396271	-1264
7.34142684937	-1420
7.34147191048	-1420
7.34147500992	-1264
7.34178495407	-1368
7.3419778347	-1420
7.34201383591	-1316
7.34207987785	-1420
7.34210300446	-1420
7.3421049118	-1264
7.34227085114	-1420
7.34227490425	-1420
7.34231591225	-1264
7.34239387512	543
7.34258294106	-1420
7.34258794785	-1316
7.34260988235	-1368
7.3429980278	-1368
7.34334087372	-1420
7.34334588051	-1316
7.34346485138	-1420
7.3434779644	-1316
7.34355401993	-1420
7.34355688095	-1316
7.3441889286	-1420
7.34419393539	-1316
7.34446501732	-1368
7.34454393387	-1420
7.34456586838	-1316
7.34474086761	-1368
7.3448278904	543
7.34505581856	-1420
7.34506082535	-1420
7.34508299828	-1264
7.34513688087	543
7.34517383575	-1420
7.34517598152	-1316
7.345266819	-1368
7.34597396851	-1420
7.34599900246	-1316
7.34621500969	-1368
7.34725785255	-1420
7.34726285934	-1420
7.34730696678	-1264
7.34842896461	-1420
7.34845304489	-1420
7.34845590591	-1264
7.34867501259	-1420
7.34867787361	-1316
7.3487830162	-1368
7.34895896912	-1420
7.34898495674	-1316
7.34898686409	-1368
7.34914088249	-1420
7.34914493561	-1420
7.34918498993	-1264
7.34955191612	-1420
7.34957385063	-1316
7.3495759964	-1368
7.34973883629	543
7.35185790062	543
7.35691285133	-1420
7.35692095757	-1420
7.35694789886	-1264
7.35718202591	543
7.35978889465	543
7.3630900383	-1420
7.36309599876	-1316
7.36504101753	543
7.36658787727	543
7.37013483047	-1420
7.37014293671	-1420
7.37019681931	-1264
7.37019991875	-1420
7.37024593353	-1316
7.37024784088	-1368
7.37050294876	543
7.37171387672	-1420
7.37171888351	-1420
7.37176585197	-1264
7.37200284004	543
7.37204289436	-1420
7.37204504013	-1420
7.3720459938	-1264
7.37266182899	-1368
7.37311697006	-1420
7.37312197685	-1316
7.37345981598	-1420
7.37346386909	-1420
7.37350797653	-1264
7.37383985519	-1420
7.37388491631	-1420
7.37388682365	-1264
7.37471485138	-1420
7.37472081184	-1316
7.37492489815	-1368
7.37574982643	-1368
7.37629795074	-1420
7.37630295753	-1316
7.37663793564	-1420
7.37664294243	-1420
7.37668681145	-1264
7.3771109581	-1420
7.37715697289	-1420
7.37715983391	-1264
7.37766385078	-1420
7.37766885757	-1316
7.37794399261	-1420
7.3779489994	-1420
7.3779900074	-1264
7.37805604935	543
7.37830996513	-1420
7.37831497192	-1316
7.37840199471	-1368
7.37943601608	-1420
7.37946391106	-1420
7.3794670105	-1264
7.37956190109	543
7.38010287285	543
7.38032388687	-1420
7.38032889366	-1420
7.38037085533	-1264
7.38109493256	-1368
7.3812789917	-1420
7.38128399849	-1316
7.38160204887	-1420
7.38160800934	-1420
7.38164901733	-1264
7.38196802139	-1420
7.38199281693	-1420
7.38199591637	-1264
7.38242793083	-1420
7.38243293762	-1420
7.38245391846	-1264
7.38322591782	-1368
7.38379383087	543
7.38542890549	-1368
7.3858628273	-1420
7.38589096069	-1420
7.38589501381	-1264
7.38591384888	-1420
7.38591599464	-1420
7.38593101501	-1264
7.38952898979	543
7.38984704018	543
7.39006400108	543
7.39108204842	543
7.3916618824	543
7.39187598228	543
7.39315104485	-1420
7.39315700531	-1420
7.39318490028	-1264
7.39327192307	543
7.39367985725	543
7.39397382736	543
7.39435195923	543
7.39476084709	543
7.39523792267	-1420
7.39524388313	-1420
7.39526700974	-1264
7.39562797546	543
7.39629888535	-1368
7.39648294449	543
7.39666581154	-1420
7.39666986465	-1316
7.39702391624	543
7.39718604088	-1420
7.39719104767	-1420
7.39724493027	-1264
7.39802193642	-1420
7.39806890488	-1420
7.39807200432	-1264
7.39820098877	543
7.39879703522	-1420
7.39880204201	-1420
7.39884400368	-1264
7.39952087402	-1368
7.39961385727	543
7.3999478817	-1368
7.41992998123	-552
7.42292284966	-1420
7.42292904854	-1316
7.43516302109	-1368
7.43528199196	-1420
7.43532800674	-1316
7.43571782112	-1420
7.43579101562	-1316
7.43579387665	-1368
7.4361269474	543
7.43742394447	-1368
7.4375898838	-1420
7.43763804436	-1316
7.43811202049	-1420
7.43815994263	-1420
7.43816304207	-1264
7.43842482567	-1420
7.43842983246	-1316
7.43845486641	-1368
7.43872594833	-1420
7.43877100945	-1420
7.43877387047	-1264
7.43917989731	-1420
7.4391849041	-1420
7.43922591209	-1264
7.44059681892	-1420
7.44064283371	-1420
7.44064593315	-1264
7.45350193977	543
7.45952582359	1460
7.4595990181	111
7.46001696587	-1368
7.46011400223	543
7.52410101891	-1368
7.52487301826	543
7.53091692924	-1368
7.53245687485	-1420
7.53250789642	-1420
7.53251099586	-1264
7.5339679718	-1420
7.53397297859	-1316
7.53509187698	-1368
7.53641486168	-1420
7.53645682335	-1316
7.53744602203	-1368
7.53841781616	-1420
7.53842282295	-1316
7.53933596611	-1368
7.54116201401	-1420
7.54119086266	-1420
7.5411939621	-1264
7.54195189476	-1420
7.5419549942	-1316
7.54213404655	543
7.54236483574	-1368
7.54248285294	543
7.54298186302	-1420
7.54298686981	-1316
7.54346084595	-1368
7.54403281212	-1420
7.5440788269	-1420
7.54408192635	-1264
7.54497003555	-1420
7.54497385025	-1420
7.54501891136	-1264
7.54515600204	-1420
7.54519987106	-1316
7.54523992538	-1368
7.54557704926	-1420
7.54558181763	-1420
7.54562282562	-1264
7.54610204697	-1420
7.54614591599	-1420
7.54614782333	-1264
7.54728889465	-1420
7.54729294777	-1420
7.54733490944	-1264
7.54783987999	-1420
7.54788398743	-1420
7.54788589478	-1264
7.54818296432	543
7.54834699631	543
7.54875993729	-1420
7.54876589775	-1420
7.54881596565	-1264
7.54904103279	-477
7.54947495461	-1368
7.54962587357	-1420
7.54965090752	-1316
7.55257582664	-1420
7.55262589455	-1420
7.55262899399	-1264
7.55360603333	-1420
7.55361104012	-1316
7.5536608696	-1368
7.55497694016	-1420
7.55502581596	-1420
7.55502891541	-1264
7.55513882637	543
7.55607104301	-1420
7.5560760498	-1420
7.5561208725	-1264
7.5571808815	-1368
7.55782294273	-1420
7.55782699585	-1316
7.55846881866	-1420
7.55847191811	-1420
7.55849504471	-1264
7.56036996841	-1420
7.56039094925	-1316
7.56049394608	-1368
7.56225681305	-1420
7.56226086617	-1316
7.56234693527	-1368
7.56417489052	-1368
7.56502699852	-1368
7.56508803368	543
7.56585502625	-1420
7.56586003304	-1316
7.56691884995	-1420
7.56692385674	-1420
7.56696796417	-1264
7.56766986847	-1420
7.56769895554	-1316
7.56837391853	-1368
7.56900596619	-1420
7.5690100193	-1316
7.56909394264	-1368
7.57104086876	-1420
7.57108283043	-1420
7.5710849762	-1264
7.5750579834	-1420
7.57506203651	-1420
7.57510089874	-1264
7.57522082329	543
7.57600092888	-1420
7.57600688934	-1420
7.57603001595	-1264
7.57743096352	-1420
7.57750296593	-1420
7.57750701904	-1264
7.57791996002	543
7.57895684242	-1420
7.57896184921	-1420
7.57900691032	-1264
7.57988286018	-1368
7.58037996292	-1420
7.58038496971	-1316
7.58073782921	-1420
7.58074188232	-1420
7.58079004288	-1264
7.58128786087	-1420
7.581346035	-1420
7.58134889603	-1264
7.58176398277	-1368
7.58197402954	-1420
7.58199286461	-1316
7.58269786835	-1368
7.58380484581	-1420
7.58380794525	-1316
7.58459091187	-1420
7.58459401131	-1420
7.58463191986	-1264
7.58558297157	543
7.5858669281	-1420
7.58587193489	-1316
7.58595895767	543
7.58600091934	-1368
7.58724594116	-1420
7.58727383614	-1420
7.58727693558	-1264
7.58780193329	-1368
7.58895301819	-1420
7.58899903297	-1420
7.58900094032	-1264
7.58955287933	-1420
7.58955788612	-1316
7.58999681473	-1368
7.59068584442	-1420
7.59070587158	-1316
7.59115195274	-1368
7.59223389626	-1420
7.5922369957	-1316
7.5931520462	-1368
7.59379982948	543
7.59500384331	-1420
7.59501004219	-1420
7.59505486488	-1264
7.59511995316	543
7.59599399567	-1420
7.59599900246	-1316
7.5964050293	-1368
7.59734582901	-1420
7.59737300873	-1316
7.59809803963	-1368
7.59889888763	-1368
7.59906387329	-1420
7.59908699989	-1316
7.60074687004	-1420
7.60077404976	-1316
7.60082793236	-1368
7.60160589218	-1420
7.6016099453	-1420
7.60165095329	-1264
7.60284399986	-1420
7.60288381577	-1420
7.60288691521	-1264
7.60384988785	-1420
7.60385298729	-1420
7.60389089584	-1264
7.60502195358	-1368
7.60568189621	-1420
7.60568499565	-1316
7.60592603683	543
7.60604786873	543
7.60617899895	543
7.60645294189	-1420
7.60645794868	-1420
7.60651803017	-1264
7.60780692101	-1420
7.60785198212	-1420
7.60785484314	-1264
7.6085460186	1057
7.60897898674	-1420
7.60898399353	-1420
7.60901093483	-1264
7.60984992981	-1368
7.61029982567	-1420
7.61030483246	-1316
7.61080598831	-1368
7.61125302315	-1368
7.61217784882	-1368
7.61234092712	-1420
7.61238193512	-1420
7.61238503456	-1264
7.61277103424	-1368
7.61344504356	543
7.6162250042	1086
7.62173700333	-1368
7.64718294144	-1368
7.6782708168	-416
7.71636199951	1460
7.71644496918	1460
7.71648192406	707
7.71725988388	1460
7.71733093262	111
7.8053958416	-1420
7.80541300774	-1316
7.80769991875	543
7.81114387512	-1420
7.81115198135	-1420
7.81119704247	-1264
7.8177549839	-1368
7.82874894142	-1420
7.82877492905	-1316
7.82915592194	543
7.84122490883	-1420
7.84124088287	-1316
7.84611988068	-372
7.84626698494	543
7.85205793381	543
7.85975193977	-1420
7.85976099968	-1316
7.86195802689	543
7.86466693878	-1368
7.8692150116	-1420
7.86928391457	-1420
7.86928701401	-1420
7.86933493614	-1212
7.87718701363	543
7.88344788551	-1420
7.88347101212	-1420
7.88353395462	-1420
7.88353586197	-1212
7.88357186317	-1420
7.88357496262	-1316
7.88633084297	-1420
7.88633584976	-1420
7.88637900352	-1264
7.88851284981	-1420
7.88854789734	-1420
7.88855099678	-1264
7.88890194893	-1368
7.89035892487	-1420
7.89040899277	-1420
7.89041185379	-1264
7.89492893219	-1368
7.89638495445	543
7.89687204361	543
7.89708185196	543
7.93641901016	-1368
7.94640898705	1057
7.94757795334	543
7.95102190971	543
7.95794487	543
7.97581291199	-217
7.97594404221	543
8.04157686234	-1368
8.04636883736	1057
8.0604698658	-1368
8.08322286606	-1368
8.09645390511	543
8.10005998611	-1420
8.10006594658	-1316
8.10643982887	-1420
8.10644698143	-1316
8.11281204224	-1368
8.11459302902	-1420
8.11463689804	-1316
8.11506485939	-1368
8.11569881439	-1420
8.11570286751	-1316
8.11871290207	-1420
8.11871790886	-1420
8.11875581741	-1264
8.11875796318	-1368
8.11916685104	543
8.11929988861	543
8.1387989521	543
8.14286589622	543
8.14470100403	-309
8.16280984879	1057
8.19444990158	-1420
8.19446182251	-1316
8.19451904297	-1368
8.25692081451	-1368
8.26228785515	-1420
8.26232790947	-1316
8.26981401443	-1420
8.26982092857	-1316
8.28859400749	543
8.29092788696	543
8.2923848629	-567
8.29251384735	543
8.29275798798	543
8.29297494888	1057
8.29349303246	543
8.30829286575	1460
8.30837798119	625
8.31540799141	-1368
8.32792687416	543
8.3291888237	543
8.3357219696	543
8.40559887886	-1368
8.42160391808	-464
8.45095181465	-1420
8.45096802711	-1420
8.45103383064	-1264
8.45274090767	-1420
8.4527618885	-1316
8.45380997658	-1368
8.45508003235	-1420
8.45508694649	-1316
8.45607995987	-1368
8.45618200302	543
8.45737886429	-1420
8.45738482475	-1316
8.46596884727	-1368
8.509567976	-1368
8.50984501839	543
8.51671886444	-1368
8.5506799221	-728
8.56480193138	543
8.62693595886	543
8.68019795418	-1086
8.79583501816	-1420
8.7958509922	-1420
8.79590582848	-1264
8.80846691132	543
8.80930304527	-66
8.8111448288	543
8.81336903572	-1420
8.81337404251	-1316
8.81353902817	-1420
8.81354403496	-1420
8.81358504295	-1264
8.81405901909	-1420
8.81410598755	-1420
8.81410884857	-1264
8.81473302841	-1420
8.8147380352	-1420
8.81478095055	-1264
8.81485295296	543
8.81519794464	-1368
8.81536889076	-1420
8.8154129982	-1316
8.8157658577	-1420
8.81580686569	-1420
8.81580996513	-1264
8.81651592255	-1420
8.81651902199	-1420
8.81653690338	-1264
8.81719589233	-1368
8.8173828125	-1420
8.81738686562	-1316
8.81755781174	543
8.81798791885	-1368
8.81857585907	-1420
8.81862282753	-1420
8.81862592697	-1264
8.81910586357	-1420
8.81911087036	-1316
8.81968188286	-1368
8.8199429512	-1420
8.81998682022	-1316
8.82035303116	-1368
8.82055497169	-1420
8.82055783272	-1316
8.82071495056	-1420
8.82071781158	-1316
8.82083082199	-1420
8.82083392143	-1316
8.82636499405	543
8.82826685905	-1420
8.82827401161	-1316
8.93875598907	-1235
8.9389770031	543
9.06812787056	-1086
9.06859493256	543
9.31701493263	-1420
9.31703186035	-1420
9.31709885597	-787
9.32646894455	543
9.399340868	-1420
9.39935898781	-1316
9.39951896667	543
9.40137386322	543
9.48599004745	-920
9.4883878231	543
9.4891898632	543
9.61526894569	-1057
9.61852693558	1057
9.78388404846	-1086
9.78831386566	543
9.91327500343	-543
9.97956299782	-1368
10.0426239967	-232
10.0526928902	543
10.3447418213	-1420
10.3447580338	-1420
10.3448159695	-787
10.3449308872	-1420
10.3449728489	-1420
10.3449759483	-1264
10.35044384	-1420
10.3504588604	-1316
10.35202384	-1368
10.3559260368	-1420
10.3559639454	-1316
10.474189043	-1023
10.4756808281	-1420
10.4757249355	-1316
10.4835739136	-1420
10.4836189747	-1316
10.6037230492	-1268
10.6038918495	543
10.6569650173	543
10.6669309139	543
10.6864459515	543
10.7888998985	1057
10.8291800022	1057
10.8363540173	543
10.8436558247	-543
10.8563718796	543
10.9334218502	-1368
10.9859309196	-232
10.98615098	543
11.0588388443	-1368
11.0590469837	-1420
11.0590808392	-1316
11.1150829792	-66
11.1171309948	543
11.1225910187	543
11.296255827	-1420
11.2962708473	-1420
11.2963340282	-273
11.2985458374	543
11.3082439899	543
11.4254159927	-543
11.5547618866	-543
11.566505909	543
11.5978438854	-1368
11.5999100208	543
11.6965968609	-232
11.7890880108	1057
11.8258008957	-543
11.846531868	543
11.9384548664	-1420
11.938477993	-1316
11.9469048977	-1368
11.9551889896	-580
11.9668939114	543
12.1092560291	-543
12.357585907	-543
12.3578059673	543
12.5979750156	-1420
12.5979919434	-1420
12.5980548859	-273
12.6000068188	543
12.6008360386	543
12.7912619114	1057
12.7919368744	1460
12.7919950485	1460
12.7920329571	1161
12.7921228409	89
12.8968918324	-543
13.0623450279	-1368
13.0652599335	-203
13.4365968704	543
13.5195109844	543
13.5856869221	-1057
13.5859148502	543
13.6171028614	543
13.7967498302	1057
13.8754730225	-543
13.8756549358	543
14.0045719147	-543
14.1536409855	-1420
14.1537108421	-1420
14.1537489891	-787
14.3229899406	-1057
14.3252019882	543
14.3259220123	543
14.470348835	-543
14.785889864	-1057
14.8180809021	543
15.0063269138	543
15.1208949089	-1057
15.134210825	543
15.4387078285	-1057
