0	1057
0.0405778884888	543
0.276118040085	-543
0.392014026642	-1368
0.392082929611	-1368
0.429462909698	-920
0.432130813599	543
0.432364940643	543
0.705230951309	-543
0.916000843048	-1086
0.932756900787	1057
1.27474188805	-543
1.43355083466	-543
1.44850087166	-1368
1.44866681099	-1368
1.46786594391	-920
1.46990299225	543
1.470692873	543
1.80067896843	-543
1.95879101753	-1368
1.95889186859	-1368
1.96013784409	-1368
1.96023893356	543
1.96217083931	-1368
1.96238493919	-1368
1.96530294418	-1368
1.96556091309	-1368
1.96603894234	-1368
1.96745181084	-1368
1.9941649437	-1368
1.99436783791	1057
1.99448084831	-1368
2.02409791946	1057
2.04155898094	543
2.11257195473	-1368
2.1126499176	-1368
2.11322498322	-1368
2.11353993416	-1368
2.11363697052	-1368
2.11438989639	-1368
2.11449694633	543
2.11589193344	-1368
2.11615085602	-1368
2.11661601067	-1368
2.11930084229	-1368
2.11949491501	-1368
2.12007498741	-1368
2.12097191811	-1368
2.12114596367	-1368
2.12162780762	-1368
2.14821386337	-1368
2.14840483665	-1368
2.14887189865	-1368
2.25628399849	1057
2.26677584648	-1368
2.26718783379	-1368
2.26742100716	-1368
2.26766991615	-1368
2.26817083359	-1368
2.26844382286	-1368
2.26889395714	-1368
2.26911401749	-1368
2.2692129612	543
2.26988196373	-1368
2.27016997337	-1368
2.27062892914	-1368
2.27083086967	-1368
2.27092599869	543
2.27114391327	-1368
2.27163600922	-1368
2.27366089821	1057
2.27378702164	-1368
2.27402281761	-1368
2.27448701859	-1368
2.27472400665	-1368
2.27499198914	-1368
2.27535200119	-1368
2.27562594414	-1368
2.27610683441	-1368
2.2787539959	-1368
2.30207681656	-1368
2.30213499069	-1368
2.30458903313	-1368
2.3430659771	-1368
2.34330701828	-1368
2.34345793724	543
2.42077589035	-1368
2.4209458828	-1368
2.42140984535	-1368
2.42170095444	-1368
2.42192792892	-1368
2.42242383957	-1368
2.42264986038	-1368
2.42312288284	-1368
2.42340993881	-1368
2.42361903191	-1368
2.42414999008	-1368
2.42435503006	-1368
2.4251499176	-1368
2.42538285255	-1368
2.42562699318	-1368
2.42613482475	-1368
2.42636680603	-1368
2.42662191391	-1368
2.42724084854	-1368
2.42749595642	-1368
2.42800283432	-1368
2.42826294899	-1368
2.42848801613	-1368
2.42896580696	-1368
2.42910194397	-1368
2.42958903313	-1368
2.42986083031	-1368
2.43013501167	-1368
2.43024396896	543
2.43033790588	543
2.43058991432	-1368
2.43094992638	-1368
2.43123197556	-1368
2.43173694611	-1368
2.43200182915	-1368
2.45581793785	-1368
2.45641303062	-1368
2.45642781258	-1368
2.45833086967	-1368
2.45855283737	-1368
2.45908594131	-1368
2.46667194366	543
2.49675297737	-860
2.49689793587	543
2.51722502708	-1420
2.51723599434	-1316
2.57453584671	-1368
2.57470583916	-1368
2.57517385483	-1368
2.5756778717	-1368
2.575922966	-1368
2.57618689537	-1368
2.57664990425	-1368
2.57686185837	-1368
2.5774140358	-1368
2.57762098312	-1368
2.57772183418	543
2.57790803909	-1368
2.57841682434	-1368
2.57862687111	-1368
2.57887983322	-1368
2.5793659687	-1368
2.57962298393	-1368
2.58012700081	-1368
2.58037090302	-1368
2.58044695854	1460
2.58049201965	625
2.58064603806	-1368
2.58131885529	-1368
2.5814909935	-1368
2.58177995682	-1368
2.58224391937	-1368
2.58275580406	-1368
2.58311486244	-1368
2.58337283134	-1368
2.58365893364	-1368
2.58409881592	-1368
2.58443403244	-1368
2.58486700058	-1368
2.58524489403	-1368
2.58550286293	-1368
2.58600592613	-1368
2.58624386787	-1368
2.58628797531	543
2.58642101288	543
2.58648991585	-1368
2.58701395988	-1368
2.58710098267	-1368
2.5876288414	-1368
2.58787703514	-1368
2.58813500404	-1368
2.5886118412	-1368
2.58887696266	-1368
2.62407898903	543
2.64575481415	1057
2.65306901932	1057
2.67054486275	-932
2.6706829071	543
2.68073987961	1057
2.68375897408	543
2.69066095352	543
2.69208598137	543
2.7055978775	543
2.82482481003	-1086
2.85016703606	-1368
2.85028481483	-1368
2.88234186172	-1368
2.89506483078	543
2.90317893028	-1368
2.90982484818	-1368
2.91147303581	-1368
2.96487092972	-1368
2.96699690819	-1368
2.96731495857	-1368
2.96943998337	-1368
2.96965885162	-1368
2.97023200989	-1368
2.97116494179	-1368
2.97221493721	-1368
2.97243380547	-1368
2.97300386429	543
2.97304201126	-1368
2.97314691544	543
2.97643184662	-1368
2.97662091255	-1368
2.97731089592	-1368
2.9783039093	543
2.97850680351	543
3.00409603119	-715
3.0628259182	-1368
3.06323695183	-1368
3.06339693069	-1368
3.06794500351	-1368
3.06821393967	-1368
3.06871581078	-1368
3.07082390785	-1368
3.07115101814	-1368
3.07145285606	-1368
3.07355189323	-1420
3.07359790802	-1316
3.07412695885	-1368
3.0742328167	543
3.07576203346	-1368
3.0769238472	-1368
3.07734489441	-1368
3.07921099663	-1368
3.07941389084	-1368
3.07990098	-1368
3.0806479454	-1368
3.08778381348	-1368
3.08804893494	-1368
3.08857703209	-1368
3.08922100067	-1368
3.11303782463	-1368
3.11331796646	-1368
3.11408782005	-1368
3.12059283257	543
3.13308191299	-1368
3.13317084312	-1368
3.13959288597	-1368
3.14049386978	543
3.14303994179	-1368
3.14336299896	-1368
3.14673399925	-1368
3.14892888069	-1368
3.14917087555	-1368
3.15182089806	-1368
3.15287494659	-1368
3.1532638073	-1368
3.15576696396	-1368
3.15801286697	543
3.15917897224	-1368
3.15940189362	-1368
3.16229701042	-1368
3.16414284706	-1368
3.16453790665	-1368
3.16706180573	-1368
3.16715884209	543
3.16844296455	-1368
3.1686630249	-1368
3.16917300224	-1368
3.17469596863	-1368
3.17494487762	-1368
3.17550802231	-1368
3.1765358448	-1368
3.17678689957	-1368
3.17716193199	-1368
3.1773788929	-1368
3.17781090736	-1368
3.17814588547	-1368
3.17858099937	-1368
3.20504403114	-1368
3.20540094376	-1291
3.21651887894	-1368
3.21671891212	-1368
3.21727585793	-1368
3.21743488312	-1368
3.21770000458	-1368
3.22272396088	-1368
3.22335600853	-1368
3.22357392311	-1368
3.22454285622	-1368
3.22479987144	-1368
3.22516989708	-1368
3.22544884682	-1368
3.22564697266	-1368
3.22574090958	543
3.22615385056	-1368
3.22730588913	-1368
3.22759103775	-1368
3.22765183449	543
3.22806596756	-1368
3.22917699814	-1368
3.22937488556	-1368
3.22988200188	-1368
3.23095297813	-1368
3.23124790192	-1368
3.23185396194	-1368
3.233096838	-1420
3.23312902451	-1316
3.23339295387	543
3.23369002342	-1368
3.2349448204	-1368
3.23517203331	-1368
3.23567390442	-1368
3.24162602425	-1368
3.24201703072	-1368
3.24228692055	-1368
3.24272584915	-1368
3.24299883842	-1368
3.24334597588	-1368
3.26704096794	-1368
3.26736497879	-1368
3.26779603958	-1368
3.28689289093	-1368
3.28702402115	-1368
3.28740692139	-1368
3.29360985756	-1368
3.29411292076	-1368
3.2943148613	-1368
3.29948592186	-1368
3.301445961	-1368
3.30296492577	-1368
3.30964303017	543
3.31421899796	-1368
3.32474398613	-1420
3.32481503487	-1316
3.32579398155	-1368
3.32647800446	-1368
3.32666301727	-1368
3.32714700699	-1368
3.32863783836	-1368
3.32887196541	-1368
3.32950687408	-1368
3.33288693428	-1368
3.33325481415	-1368
3.33379292488	-1368
3.33456087112	543
3.33691501617	-1368
3.33726596832	-1368
3.33778500557	-1368
3.33910894394	-1368
3.33920788765	543
3.33939194679	-1368
3.33987689018	-1368
3.34011888504	-1368
3.34035301208	-1368
3.34086203575	-1368
3.34125185013	-1368
3.34176802635	-1368
3.34198284149	-1368
3.34225702286	-1368
3.34272098541	-1368
3.34299492836	-1368
3.35897898674	-1368
3.35931897163	-1368
3.35982990265	-1368
3.37141084671	-1420
3.37141680717	-1420
3.37145996094	-1420
3.37146282196	-1212
3.3716878891	-1368
3.37244987488	-1368
3.37292790413	-1368
3.37347793579	-1368
3.37783503532	-1368
3.37809085846	-1368
3.37826395035	543
3.37853384018	-1368
3.37965393066	-1368
3.37990784645	-1368
3.37998890877	543
3.38039493561	-1368
3.38062882423	-1368
3.38102197647	-1368
3.38150691986	-1368
3.38208293915	-1368
3.38225197792	-1368
3.3825879097	-1368
3.38335490227	-1368
3.38383984566	-1368
3.38411402702	-1368
3.38437199593	-1368
3.38484883308	-1368
3.38523793221	-1368
3.3857460022	-1368
3.38599181175	-1368
3.3861348629	543
3.38626003265	-1368
3.3867149353	-1368
3.38714694977	-1420
3.38715195656	-1316
3.38762283325	-1368
3.38785600662	-1368
3.38836097717	-1368
3.38936781883	-1368
3.38987398148	-1368
3.390157938	-1368
3.39062190056	-1368
3.39086794853	-1368
3.39138293266	-1368
3.39166498184	-1368
3.39190983772	-1368
3.39235091209	-1368
3.39578199387	-1368
3.39598488808	-1368
3.39624381065	543
3.39649581909	-1368
3.39675402641	-1368
3.39699888229	-1368
3.39735484123	-1368
3.39762687683	-1368
3.39771986008	543
3.39811491966	-1368
3.39835786819	-1368
3.42160797119	-1368
3.42208600044	-1368
3.4223959446	-1368
3.43261384964	543
3.44066596031	-1368
3.44082188606	-1368
3.44115591049	-1368
3.44145202637	-1368
3.44164586067	-1368
3.44222998619	-1368
3.4423289299	543
3.44816184044	-1368
3.44854784012	-1368
3.44878697395	-1368
3.45328998566	-1368
3.45371389389	-1368
3.45389103889	-1368
3.45667600632	-1368
3.45693397522	-1368
3.45731282234	1460
3.45739197731	-1368
3.45741796494	1460
3.45746183395	1161
3.45803785324	1146
3.45842385292	1057
3.45882797241	1057
3.45912194252	1057
3.47824788094	-1368
3.47840094566	-1368
3.47894692421	-1368
3.47921895981	-1368
3.47967600822	543
3.48017501831	-1368
3.48025894165	1057
3.4803788662	-1368
3.48091387749	-1368
3.48116493225	-1368
3.48132801056	-1368
3.48189902306	-1368
3.48204803467	543
3.48236393929	-1368
3.48250889778	1057
3.482640028	-1368
3.48286294937	1057
3.48322796822	-1368
3.48641896248	-1368
3.48661780357	-1368
3.48723387718	-1368
3.48747992516	-1368
3.48773598671	-1368
3.48822689056	-1368
3.49087285995	-1368
3.49124598503	-1368
3.49177980423	-1368
3.49276590347	-1368
3.49300193787	-1368
3.49338293076	-1368
3.49364280701	-1368
3.49388980865	-1368
3.49403882027	543
3.49437594414	-1368
3.49462485313	-1368
3.49473381042	543
3.495251894	-1368
3.49550294876	-1368
3.49574589729	-1368
3.4962439537	-1368
3.49648880959	-1368
3.49699687958	-1368
3.49711894989	-1368
3.49761295319	-1368
3.49790596962	-1368
3.49836683273	-1368
3.49860095978	-1368
3.50260996819	1057
3.5124168396	-1368
3.5126760006	-1368
3.51328802109	-1368
3.51384902	-1368
3.51403999329	-1368
3.51429581642	-1368
3.52526402473	-1368
3.5254278183	-1368
3.52571702003	-1368
3.52618002892	-1368
3.52643990517	-1368
3.52658700943	543
3.52686691284	-1368
3.52724194527	-1368
3.52751803398	-1368
3.52765393257	-898
3.54701280594	-1368
3.54719901085	-1368
3.54771590233	-1368
3.54779696465	543
3.54789590836	-1368
3.548432827	-1368
3.54865288734	-1368
3.5488948822	-1368
3.54952001572	-1368
3.55004000664	-1368
3.55026602745	-1368
3.55048584938	-1368
3.55098986626	-1368
3.55111193657	-1368
3.551612854	-1368
3.55185103416	-1368
3.55213785172	-1368
3.55278682709	-1368
3.56396794319	-1368
3.56415390968	-1368
3.56599903107	-1368
3.56607604027	543
3.56645488739	-1368
3.56767892838	-1368
3.56793880463	-1368
3.56838393211	-1368
3.56894183159	-1368
3.56917095184	-1368
3.56943202019	-1368
3.56990098953	-1368
3.57019090652	-1368
3.57065081596	-1368
3.57092785835	-1368
3.57125782967	-1368
3.57173490524	-1368
3.57201290131	-1368
3.57225799561	-1368
3.57273602486	-1368
3.57296991348	-1368
3.5733499527	-1368
3.58621191978	-1368
3.58636283875	543
3.58646202087	-1368
3.58696389198	-1368
3.58792591095	-1368
3.58816981316	-1368
3.58866500854	-1368
3.58988595009	-1368
3.59003782272	543
3.5906188488	-1368
3.59074687958	1057
3.59087586403	-1368
3.59136986732	-1368
3.59214901924	-1368
3.59237384796	-1368
3.5929749012	-1368
3.59325289726	-1368
3.59425187111	-1368
3.59449386597	-1368
3.59498286247	-1368
3.59511184692	-1368
3.59535598755	-1368
3.59585785866	-1368
3.59612989426	-1368
3.59659600258	-1368
3.59686398506	-1368
3.59807181358	543
3.60200285912	-1368
3.6022939682	-1368
3.60273194313	-1368
3.60676789284	-1368
3.60701394081	-1368
3.60738682747	-1368
3.60764503479	-1368
3.60791897774	-1368
3.60836195946	-1368
3.61038684845	-1368
3.61062002182	-1368
3.61111187935	-1368
3.61137580872	-1368
3.61162090302	-1368
3.63221096992	-1368
3.63245892525	-1368
3.63294887543	-1368
3.63322901726	-1368
3.63344502449	-1368
3.63390898705	-1368
3.63439798355	-1368
3.63464903831	-1368
3.63512802124	-1368
3.6353700161	-1368
3.63560700417	-1368
3.63611602783	-1368
3.63636684418	-1368
3.6368598938	-1368
3.6372449398	-1368
3.63963389397	-1368
3.63981199265	543
3.64047503471	543
3.64202189445	-1368
3.64224386215	-1368
3.64705395699	-1368
3.64726281166	-1368
3.65744400024	-1368
3.65769600868	-1368
3.65820288658	-1368
3.66469597816	-1368
3.66475582123	-1368
3.66514897346	-1368
3.66786384583	-1368
3.66809797287	-1368
3.66821980476	543
3.67241096497	-1368
3.67259001732	-1368
3.67497396469	-1368
3.67596387863	-1368
3.67621397972	-1368
3.67770385742	-1368
3.67865896225	-1368
3.67892885208	-1368
3.68088388443	-1368
3.68137788773	-307
3.68200397491	-1368
3.6822450161	-1368
3.68298888206	-1368
3.6830728054	543
3.68361592293	-1368
3.68385601044	-1368
3.68432497978	-1368
3.68439483643	543
3.68462395668	-1368
3.68487381935	-1368
3.68546700478	-1368
3.68601799011	-1368
3.68626499176	-1368
3.68683385849	-1368
3.68701100349	-1368
3.68710684776	-1368
3.68760585785	-1368
3.68812894821	-1368
3.68861293793	-1368
3.68887495995	-1368
3.68926596642	-1368
3.6897649765	-1368
3.69003796577	-1368
3.69027590752	-1368
3.69054698944	543
3.69074392319	-1368
3.69099593163	-1368
3.70066189766	-1368
3.70092797279	-1368
3.70145797729	-1368
3.70163583755	-1368
3.70188999176	-1368
3.70260500908	-1368
3.70322680473	-1368
3.70349383354	-1368
3.70381498337	-1368
3.70423388481	-1368
3.70447993279	-1368
3.70498299599	-1368
3.70511388779	-1368
3.70537090302	-1368
3.70588088036	-1368
3.706127882	-1368
3.70636582375	-1368
3.70685601234	-1368
3.70724892616	-1368
3.70772385597	-1368
3.70798993111	-1368
3.70828986168	543
3.70844292641	543
3.71655488014	-1368
3.71681189537	-1368
3.7173538208	-1368
3.71759295464	-1368
3.71788787842	-1368
3.71835899353	-1368
3.71863794327	-1368
3.71887183189	-1368
3.72061181068	-1368
3.72086000443	-1368
3.72136998177	-1368
3.72160387039	-1368
3.72204303741	-1368
3.72245597839	-1368
3.72262501717	-1368
3.72284984589	-1368
3.72336483002	-1368
3.7236199379	-1368
3.72414398193	-1368
3.72548604012	-1368
3.72557997704	543
3.72579097748	-1368
3.72624588013	-1368
3.7264919281	-1368
3.72672986984	-1368
3.72713184357	-1368
3.7276058197	-1368
3.72786784172	-1368
3.7283809185	-1368
3.72861886024	-1368
3.72887897491	-1368
3.7294819355	-1368
3.72974586487	-1368
3.73964285851	-1368
3.73991584778	-1368
3.74040985107	-1368
3.74059796333	-1368
3.7408618927	-1368
3.74161481857	-1368
3.75059485435	543
3.75424981117	-1368
3.75432300568	543
3.76281380653	-1368
3.76302599907	-1368
3.76466703415	-1368
3.76515889168	-1368
3.76545786858	-1368
3.76571893692	-1368
3.7661678791	-1368
3.76638197899	-1368
3.76740884781	-1368
3.76760292053	-1368
3.76836800575	-1420
3.76837086678	-1316
3.76861596107	-1368
3.76924395561	-1368
3.76951980591	-1368
3.77013301849	-1368
3.77024388313	-1368
3.77048683167	-1368
3.77101397514	-1368
3.77113389969	-1368
3.77139687538	-1368
3.77187800407	-1368
3.77213096619	-1368
3.77260494232	-1368
3.7728729248	-1368
3.77537488937	-1368
3.77562785149	-1368
3.78342485428	-1368
3.78368782997	543
3.78467702866	-1368
3.78495001793	-1368
3.78537082672	-1368
3.78613185883	-1368
3.78640985489	-1368
3.78685688972	-1368
3.78786683083	-1368
3.78813481331	-1368
3.7887339592	-1368
3.78885483742	-1368
3.78938102722	-1368
3.78960084915	-1368
3.78985881805	-1368
3.79038381577	-1368
3.79054999352	543
3.7906088829	-1368
3.79086995125	-1368
3.79488992691	-1368
3.79527902603	-1368
3.79594683647	-1368
3.79650783539	-1368
3.80197787285	-1368
3.80217599869	-1368
3.80229902267	543
3.8076839447	-1368
3.80791282654	-1368
3.80843997002	-1368
3.80894184113	-1368
3.80916285515	-1368
3.80961799622	-1368
3.80989789963	-1368
3.81113696098	-1368
3.81139302254	-1368
3.81186103821	-1368
3.81833791733	-1368
3.81857085228	-1368
3.81903791428	-1368
3.81911182404	-1368
3.81937003136	-1368
3.81984686852	-1368
3.82206487656	-1368
3.82250094414	-1368
3.8285138607	-1368
3.83467197418	-290
3.83877897263	543
3.84527087212	-1368
3.84550690651	-1368
3.84593391418	-1368
3.85010790825	1057
3.85144281387	-1368
3.85178089142	-1368
3.85220193863	-1368
3.85340595245	-1368
3.85403800011	-1368
3.8554058075	-1368
3.85552191734	543
3.85755801201	-1368
3.85786795616	-1368
3.86170482635	-1368
3.86183691025	-1368
3.86227703094	-1368
3.86276197433	-1368
3.86299395561	-1368
3.86336088181	-1368
3.86557292938	-1368
3.86580181122	-1368
3.86866092682	-1368
3.86874699593	543
3.86926293373	-1368
3.869535923	-1368
3.87424993515	-1368
3.87442302704	-1368
3.87498903275	-1368
3.87538790703	-1368
3.87569999695	-1368
3.87639188766	-1368
3.876734972	543
3.87891697884	-1368
3.87926387787	-1368
3.87976002693	-1368
3.88215398788	-1368
3.88401699066	-1368
3.8842689991	-1368
3.88531398773	1057
3.8857820034	1057
3.88752484322	-1368
3.88774991035	-1368
3.88825702667	-1368
3.88913083076	-1368
3.89174985886	-1368
3.89202284813	-1368
3.89354395866	-1368
3.89515089989	-1368
3.89538097382	-1368
3.89792394638	-1368
3.89817595482	-1368
3.89858198166	-1368
3.89915800095	-1368
3.89937090874	-1368
3.89963293076	-1368
3.90014481544	-1368
3.90129995346	-1368
3.90148997307	-1368
3.90199780464	-1368
3.90224480629	-1368
3.90273094177	-1368
3.90306782722	1057
3.90311598778	-1420
3.9031188488	-1316
3.90362882614	-1368
3.90386486053	-1368
3.90437102318	-1368
3.90523386002	-1368
3.90550899506	-1368
3.90600585938	-1368
3.90650701523	-1368
3.90697002411	-1368
3.90738892555	-1368
3.90746188164	543
3.90761780739	-1368
3.90813398361	-1368
3.90836691856	-1368
3.90885782242	-1368
3.90924692154	-1368
3.9095158577	-1368
3.91001391411	-1368
3.91025686264	-1368
3.91074895859	-1368
3.9107978344	543
3.91101193428	-1368
3.91111087799	-1368
3.9116089344	-1368
3.91185688972	-1368
3.91212582588	-1368
3.91261982918	-1368
3.91287183762	-1368
3.91348791122	-1368
3.91357588768	543
3.91400504112	-1368
3.91425299644	-1368
3.91483283043	-1368
3.91498184204	-1368
3.91511702538	-1368
3.91635990143	-1368
3.91663193703	-1368
3.91686487198	-1368
3.91754484177	-1368
3.92076301575	543
3.92633199692	1460
3.92639684677	1460
3.92643499374	1161
3.92668485641	89
3.92670202255	-1368
3.92687892914	-1368
3.9273648262	543
3.92747688293	-1368
3.92849087715	-1368
3.92878389359	-1368
3.92911791801	-1368
3.92946100235	543
3.92961192131	-1368
3.92990493774	-1368
3.93036985397	-1368
3.93061089516	-1368
3.93087291718	-1368
3.93149781227	-1368
3.93179392815	-1368
3.93224096298	-1368
3.93250894547	-1368
3.93274593353	-1368
3.93316602707	-1368
3.93339800835	-1368
3.93465280533	543
3.93489384651	-1368
3.93525481224	-1368
3.93572902679	-1368
3.9359869957	-1368
3.9362578392	-1368
3.93631792068	543
3.93675398827	-1368
3.93700003624	-1368
3.9373588562	-1368
3.93761587143	-1368
3.93788003922	-1368
3.93838691711	-1368
3.93862581253	-1368
3.9388859272	-1368
3.93896889687	543
3.93935894966	-1368
3.93974280357	-1368
3.94012093544	-1368
3.94036698341	-1368
3.94061899185	-1368
3.94112300873	-1368
3.94163203239	-1368
3.9418759346	-1368
3.94199585915	543
3.94222187996	1460
3.94226694107	1460
3.9423019886	1161
3.94233298302	-1368
3.94265604019	89
3.94267296791	-1368
3.94288086891	-1368
3.9431810379	543
3.94525098801	-1368
3.94548201561	-1368
3.94648790359	-1368
3.94675993919	-1368
3.94713997841	-1368
3.94786882401	-1368
3.94923901558	-1368
3.95001292229	-1368
3.95007181168	543
3.95024681091	-1368
3.95139694214	-1368
3.95163989067	-1368
3.95186185837	-1368
3.95237493515	-1368
3.9524409771	543
3.95262789726	-1368
3.95317792892	543
3.95338392258	543
3.95342302322	-1368
3.95351886749	-1368
3.95367002487	1460
3.95371484756	1460
3.95376181602	1161
3.95382785797	89
3.95400500298	1460
3.95405387878	-1368
3.95427489281	-1368
3.95561385155	-1368
3.95590186119	-1368
3.9563999176	-1368
3.96048092842	111
3.96089196205	543
3.96107792854	1460
3.96113085747	1460
3.96116995811	1161
3.96123385429	89
3.961373806	1460
3.96142482758	111
3.96164298058	-1368
3.96187281609	-1368
3.96235394478	-1368
3.96261501312	-1368
3.96287798882	-1368
3.96336102486	-1368
3.96375393867	-1368
3.96411991119	-1368
3.9643778801	-1368
3.96460199356	-1368
3.96512103081	-1368
3.96537590027	-1368
3.96604681015	543
3.96621394157	543
3.96920681	-1368
3.96942186356	-1368
3.97604203224	-1420
3.97605895996	-1316
3.97632598877	-1368
3.976541996	-1368
3.97678995132	-1368
3.97711992264	-1368
3.97763991356	-1368
3.97786784172	-1368
3.97839093208	-1368
3.97888088226	-1368
3.98825597763	-1368
3.98846483231	-1368
3.9889190197	-1368
3.99964594841	-1368
3.99970793724	-1368
4.000207901	-1368
4.00469899178	-1368
4.00494384766	-1368
4.00621199608	-1368
4.00641989708	-1368
4.00652885437	543
4.00685501099	-1368
4.00743103027	-1368
4.00782299042	-1368
4.00790381432	-1368
4.00915884972	-1368
4.00939893723	-1368
4.00987696648	-1368
4.01023793221	543
4.01049780846	543
4.01226592064	-1368
4.01249289513	-1368
4.01300883293	-1368
4.01379799843	543
4.01550793648	-1368
4.01574683189	-1368
4.01624798775	-1368
4.01649785042	-1368
4.01675486565	-1368
4.01724696159	-1368
4.01736402512	-1368
4.01788187027	-1368
4.01813483238	-1368
4.01950502396	-1368
4.019769907	-1368
4.02028489113	-1368
4.02290797234	-1368
4.02323794365	-1368
4.02373695374	-1368
4.02602481842	543
4.02764081955	-1368
4.02787899971	-1368
4.02837395668	-1368
4.02862381935	-1368
4.02886390686	-1368
4.02936387062	-1368
4.0296459198	-1368
4.03014302254	-1368
4.03063488007	-1368
4.03113889694	-1368
4.03152298927	-1368
4.03287196159	-1368
4.03322887421	-1368
4.03377580643	-1368
4.03564500809	-1397
4.03571295738	543
4.04229998589	-1368
4.04258203506	-1368
4.04792690277	-1368
4.04818892479	-1368
4.05024003983	-1368
4.05240297318	-1368
4.05292081833	-1368
4.05315685272	-1368
4.06082892418	-1368
4.06093382835	543
4.0610408783	-1368
4.06138491631	-1368
4.0673699379	-1368
4.06757283211	-1368
4.06814694405	-1368
4.07173085213	-1368
4.07197594643	-1368
4.07243204117	-1368
4.07424998283	-1368
4.07447886467	-1368
4.07789587975	-1368
4.07805299759	-1368
4.07843089104	543
4.07968902588	-1368
4.08203697205	-1368
4.08228683472	-1368
4.08497095108	-1368
4.08605098724	-1368
4.0862929821	-1368
4.08769488335	-1368
4.08890795708	-1368
4.08927583694	-1368
4.09097194672	-1368
4.09572601318	-1368
4.09593701363	-1368
4.09957385063	-1368
4.10102200508	-1368
4.1011660099	-1368
4.10163402557	-1368
4.10520887375	-1368
4.10538697243	-1368
4.10592198372	-1368
4.11069703102	-1368
4.11092090607	-1368
4.11151003838	-1368
4.1172208786	-1368
4.1173248291	543
4.12031602859	-1368
4.12041592598	-1368
4.12416791916	-1368
4.12425088882	543
4.12439203262	-1368
4.12487101555	-1368
4.12713980675	-1368
4.128469944	-1368
4.12868690491	-1368
4.13060092926	-1368
4.13518285751	-1420
4.13518881798	-1316
4.13594603539	-1368
4.13692784309	-1368
4.13717603683	-1368
4.1376388073	-1368
4.13801884651	-1368
4.13814401627	-1368
4.13866090775	-1368
4.13912701607	-1368
4.13927197456	543
4.13963890076	-1368
4.13994789124	-1368
4.14038491249	-1368
4.14061498642	-1368
4.14112281799	-1368
4.1413769722	-1368
4.14165997505	-1368
4.14215803146	-1368
4.14287185669	-1368
4.14328980446	-1368
4.14377903938	-1368
4.14400982857	-1368
4.14427185059	-1368
4.14476585388	-1368
4.14500904083	-1368
4.14540195465	-1368
4.14639401436	-1368
4.14661598206	-1368
4.14736104012	-1368
4.14750480652	-1368
4.14799690247	-1368
4.148239851	-1368
4.14874601364	-1368
4.14898681641	-1368
4.1493639946	-1368
4.14962482452	-1368
4.14993000031	-1368
4.15035390854	-1368
4.15061283112	-1368
4.15144681931	-1420
4.15146493912	-1316
4.15175104141	-1368
4.15229201317	-1368
4.15277600288	-1368
4.15307688713	-1368
4.15336990356	-1368
4.15413284302	543
4.15427398682	543
4.15445184708	-1368
4.15463590622	-1368
4.15525889397	-1368
4.1554889679	-1368
4.15580296516	-1368
4.15633392334	-1368
4.15642690659	543
4.15653395653	-1368
4.15700697899	-1368
4.15715885162	-1368
4.1573638916	-1368
4.15862703323	-1368
4.15898895264	-1368
4.15938091278	-1368
4.16009688377	-1420
4.16011691093	-1316
4.16137981415	-1368
4.16163396835	-1368
4.16214084625	-1368
4.16238999367	-1368
4.1626188755	-1368
4.16313791275	-1368
4.16337394714	-1368
4.16386890411	-1368
4.16421699524	-1368
4.16501283646	-1368
4.16509890556	543
4.16577601433	-1368
4.16604590416	-1368
4.16654992104	-1368
4.1668138504	-1368
4.16701984406	-1368
4.16740393639	-1368
4.16762781143	-1368
4.16770792007	543
4.16812300682	-1368
4.16841983795	-1368
4.16889500618	-1368
4.16925883293	-1368
4.16950702667	-1368
4.17002701759	-1368
4.17023897171	-1368
4.17072796822	-1368
4.17098784447	-1368
4.17110395432	-1368
4.17168784142	-1368
4.17187786102	-1368
4.1723549366	-1368
4.17439198494	1057
4.1756439209	-1368
4.17588400841	-1368
4.1763958931	-1368
4.18924093246	-1099
4.1894659996	543
4.21323299408	543
4.22052097321	543
4.22215890884	-1368
4.23730993271	-1368
4.23758292198	543
4.25877380371	-1368
4.26268696785	-1368
4.26277589798	-1368
4.26751589775	-1368
4.26979494095	-1368
4.26999187469	-1368
4.27357387543	-1368
4.27371883392	-1368
4.27431702614	-1368
4.28366589546	-1368
4.28384494781	-1368
4.28434801102	-1368
4.2955198288	-1368
4.30114293098	543
4.30537986755	-1368
4.30561900139	-1368
4.31046390533	-1368
4.31751799583	-1368
4.31809186935	-1368
4.318171978	-1368
4.31870102882	-1368
4.32033395767	-1368
4.32053399086	-1368
4.32117891312	-1368
4.32197880745	-1368
4.32214999199	-1368
4.32266688347	-1368
4.32289099693	-1368
4.3232729435	-1368
4.32376289368	-1368
4.32408595085	-1368
4.32456994057	-1368
4.32624602318	-1368
4.32644987106	-1368
4.32704782486	-1368
4.32809782028	-1368
4.32834601402	-1368
4.32882595062	-1368
4.33281803131	-1368
4.3330450058	-1368
4.33321785927	-1368
4.33370399475	-1368
4.33395886421	-1368
4.33413100243	-1368
4.33465695381	-1368
4.33490180969	-1368
4.3355948925	-1420
4.33560085297	-1316
4.335916996	-1368
4.33642792702	-1368
4.3366818428	-1368
4.33714985847	-1368
4.33765292168	-1368
4.33777999878	543
4.33790302277	-1368
4.33819389343	-1368
4.33863782883	-1368
4.33889889717	-1368
4.33953094482	-1368
4.33964586258	-1368
4.3401529789	-1368
4.3403840065	-1368
4.34065389633	-1368
4.34126782417	-1368
4.34153985977	-1368
4.34204483032	-1368
4.34229803085	-1368
4.34273386002	-1368
4.34301781654	-1368
4.34314203262	-1368
4.34395503998	-13
4.34415602684	-1368
4.34558987617	-1368
4.34580683708	-1368
4.34630799294	-1368
4.34678983688	-1368
4.34705996513	-1368
4.34740591049	-1368
4.34768080711	-1368
4.34815096855	-1368
4.34842395782	-1368
4.34890604019	-1368
4.34955787659	-1368
4.35028481483	-1368
4.35054087639	-1368
4.35078001022	-1368
4.35115098953	-1368
4.35140299797	-1368
4.35215783119	-1368
4.35239887238	-1368
4.35289788246	-1368
4.353276968	-1368
4.35337781906	543
4.35352802277	-1368
4.35405492783	-1368
4.35477995872	-1368
4.35501384735	-1368
4.35690689087	-1368
4.35718297958	-1368
4.35780382156	-1368
4.35824394226	-1368
4.35868692398	-1368
4.35895586014	-1368
4.3594019413	-1368
4.36065602303	-1368
4.36091899872	-1368
4.36140298843	-1368
4.36215496063	-1368
4.36239981651	-1368
4.3626768589	-1368
4.36406087875	-1368
4.36429190636	-1368
4.3647840023	-1368
4.36507582664	-1368
4.36544084549	-1368
4.3657310009	-1368
4.36621785164	-1368
4.36691093445	-1368
4.36728382111	-1368
4.36778402328	-1368
4.36801195145	-1368
4.3685259819	-1368
4.3688659668	-1368
4.36995792389	-1368
4.37015581131	-1368
4.37063789368	-1368
4.3715338707	-1368
4.37180685997	-1368
4.3722858429	-1368
4.37257194519	-1368
4.37465691566	-1368
4.37475585938	543
4.37494182587	-1368
4.37553691864	-1368
4.37581181526	-1368
4.37607598305	-1368
4.37654399872	-1368
4.37741088867	-1368
4.37793588638	-1368
4.37817883492	-1368
4.3786380291	-1368
4.37889194489	-1368
4.37919783592	-1368
4.37965893745	-1368
4.38017296791	-1368
4.38065195084	-1368
4.38117599487	-1368
4.38143181801	-1368
4.38192296028	-1368
4.38217282295	-1368
4.3826649189	-1368
4.38289499283	-1368
4.38457489014	-1368
4.38490986824	-1368
4.38528895378	-1368
4.38579893112	-1368
4.38603997231	-1368
4.38650989532	-1368
4.38703989983	-1368
4.38716983795	-1368
4.38765883446	-1368
4.38898587227	-1420
4.38902282715	-1316
4.389564991	-1368
4.39037895203	-1368
4.39080786705	-1368
4.3910639286	-1368
4.3916490078	-1368
4.39189386368	-1368
4.39238786697	-1368
4.39265298843	-1368
4.3927719593	543
4.39353680611	-1420
4.39354300499	-1316
4.39384484291	-1368
4.39503192902	-1368
4.39516186714	-1368
4.39566493034	-1368
4.39615893364	-1368
4.39623880386	543
4.39642095566	-1368
4.39666891098	-1368
4.3972890377	-1368
4.3975148201	-1368
4.39803290367	-1368
4.39827895164	-1368
4.39860987663	-1368
4.39903187752	-1368
4.39914703369	-1368
4.39940190315	-1368
4.39989280701	-1368
4.40015482903	-1368
4.4008769989	-1420
4.40088200569	-1316
4.40114188194	-1368
4.40163183212	-1368
4.40192103386	-1368
4.40240001678	-1368
4.4026389122	-1368
4.40288901329	-1368
4.40337991714	-1368
4.40363287926	-1368
4.40390491486	-1368
4.40439796448	-1368
4.40540003777	-1368
4.41243600845	-1368
4.41257596016	-1368
4.41308403015	-1368
4.41637587547	-1368
4.41655492783	-1368
4.41703987122	-1368
4.41717481613	543
4.42344903946	-1368
4.42366886139	-1368
4.42431402206	-1368
4.4273250103	-1368
4.42740893364	-1368
4.42790699005	-1368
4.42818593979	-1368
4.42839789391	-1368
4.42890882492	-1368
4.43764281273	-1368
4.43788099289	-1368
4.4382789135	-1368
4.44932389259	-1368
4.44945383072	-1368
4.44970798492	-1368
4.45940589905	-1368
4.45958280563	-1368
4.46007680893	-1368
4.47125387192	-1368
4.47142601013	-1368
4.47190403938	-1368
4.47216892242	-1368
4.47268891335	-1368
4.47291302681	-1368
4.47384691238	-1368
4.47407603264	-1368
4.47456502914	-1368
4.47485899925	-1368
4.47504687309	-1368
4.47536587715	-1368
4.47638082504	-1368
4.47700381279	-1368
4.47727298737	-1368
4.47750091553	-1368
4.47801399231	-1368
4.47823500633	-1368
4.47852301598	-1368
4.47863888741	543
4.47901391983	-1368
4.47913098335	-1368
4.47963190079	-1368
4.48012089729	-1368
4.48036789894	-1368
4.48075199127	-1368
4.48125982285	-1368
4.48152589798	-1368
4.48178482056	-1368
4.48229002953	-1368
4.48253393173	-1368
4.48300695419	-1368
4.48315000534	-1368
4.48340988159	-1368
4.48653197289	-1368
4.48698186874	-1368
4.48719882965	-1368
4.48738002777	-1368
4.48763298988	-1368
4.48813486099	-1368
4.48838496208	-1368
4.48886084557	-1368
4.48912787437	-1368
4.48938894272	-1368
4.48991894722	-1368
4.49014592171	-1368
4.49037790298	-1368
4.49086594582	-1368
4.49116396904	-1368
4.49163198471	-1368
4.49192094803	-1368
4.49213290215	-1368
4.49278903008	-1368
4.49287891388	-1368
4.49312996864	-1368
4.4933218956	543
4.49439191818	-1368
4.494617939	-1368
4.49526691437	-1368
4.49549889565	-1368
4.49559402466	543
4.49577283859	-1368
4.49625682831	-1368
4.49652695656	-1368
4.49677085876	-1368
4.49715280533	-1368
4.49737381935	-1368
4.49802589417	-1368
4.49838399887	-1368
4.49867796898	-1368
4.49887394905	-1368
4.49950098991	-1368
4.49974489212	-1368
4.50004291534	-1368
4.50049781799	-1368
4.50097799301	-1368
4.50113391876	-1368
4.50141501427	-1368
4.50149297714	543
4.5016310215	-1368
4.50212883949	-1368
4.50238585472	-1368
4.50264501572	-1368
4.50323486328	-1368
4.50352787971	-1368
4.50402998924	-1368
4.50429391861	-1368
4.50451993942	-1368
4.50505685806	-1368
4.50531387329	-1368
4.50562787056	-1368
4.50590085983	-1368
4.50638580322	-1368
4.50664281845	-1368
4.50690102577	-1368
4.50763487816	-1368
4.50776791573	-1368
4.50825285912	-1368
4.50850391388	-1368
4.5087518692	-1368
4.50901699066	543
4.509141922	-1368
4.50943684578	-1368
4.5099439621	-1368
4.51019787788	-1368
4.51040101051	-1368
4.51085281372	-1368
4.51114487648	-1368
4.51137590408	-1368
4.51186800003	-1368
4.51213788986	-1368
4.51263093948	-1368
4.51288199425	-1368
4.51314401627	-1368
4.51361393929	-1368
4.51388502121	-1368
4.51414895058	-1368
4.51462292671	-1368
4.51487088203	-1368
4.51537585258	-1368
4.51567482948	-1368
4.51590895653	-1368
4.51637196541	-1368
4.5166490078	-1368
4.51687502861	-1368
4.51752591133	-1368
4.51780390739	-1368
4.51827001572	-1368
4.51837801933	543
4.51851201057	-1368
4.51877498627	-1368
4.51912403107	-1368
4.51938295364	-1368
4.51990795135	-1368
4.52013301849	-1368
4.52040195465	-1368
4.52099990845	-1368
4.52125883102	-1368
4.52145385742	-1080
4.52159500122	543
4.53795981407	543
4.53952789307	1460
4.53957700729	625
4.58201503754	-1368
4.58220982552	-1368
4.58433580399	-1368
4.58552503586	-1368
4.58569002151	-1368
4.58949899673	-1368
4.58962583542	543
4.59565901756	-1368
4.59586596489	-1368
4.5963139534	-1368
4.5996940136	-1368
4.59982991219	543
4.60014200211	-1368
4.60041284561	-1368
4.60807085037	-1368
4.60818696022	-1368
4.60865497589	-1368
4.61360287666	-1368
4.61616492271	-1368
4.6165599823	-1368
4.61806988716	-1368
4.61942195892	-1368
4.61969304085	-1368
4.62268090248	-1368
4.62688088417	-1368
4.62696194649	-1368
4.62803697586	-1368
4.62812280655	543
4.62824487686	-1368
4.62877488136	-1368
4.63094186783	-1368
4.63132095337	-1368
4.63180994987	-1368
4.63205885887	-1368
4.63233304024	-1368
4.63280892372	-1368
4.63302898407	-1368
4.63310194016	-1368
4.63367581367	-1368
4.63397097588	-1368
4.63416290283	543
4.63440585136	-1368
4.63466787338	-1368
4.6349029541	-1368
4.63553285599	-1368
4.63563489914	543
4.63576984406	-1368
4.63640999794	-1368
4.63653802872	-1368
4.63677883148	-1368
4.63711094856	-1368
4.63737297058	-1368
4.6378839016	-1368
4.63811397552	-1368
4.63888096809	-1368
4.63925981522	-1368
4.63952493668	-1368
4.64025402069	-1368
4.64051389694	-1368
4.64074492455	-1368
4.64113092422	-1368
4.64139699936	-1368
4.64189386368	-1368
4.64286589622	-1368
4.64296984673	543
4.64315700531	-1368
4.64362192154	-1368
4.64388203621	-1368
4.64415287971	-1368
4.64461994171	-1368
4.64486789703	-1368
4.64542388916	-1368
4.6456348896	-1368
4.64591193199	-1368
4.64637088776	-1368
4.64664101601	-1368
4.64687180519	-1368
4.64739489555	-1368
4.64771294594	-1368
4.64813780785	-1368
4.64836287498	-1368
4.64863300323	-1368
4.64926099777	-1368
4.64953303337	-1368
4.64971184731	543
4.64974999428	-1368
4.65040683746	-1368
4.65051794052	-1368
4.65101695061	-1368
4.65114498138	-1368
4.65139985085	-1368
4.65191984177	-1368
4.65198588371	543
4.65239691734	-1368
4.65263581276	-1368
4.65292000771	-1368
4.65351486206	-1368
4.65380001068	-1368
4.6542699337	-1368
4.65453195572	-1368
4.65475797653	-1368
4.65513801575	-1368
4.65538096428	-1368
4.65587902069	-1368
4.65687990189	-1368
4.65696287155	543
4.65738296509	-1368
4.65778303146	-1368
4.65901494026	-1368
4.65913295746	-1368
4.65962791443	-1368
4.66037082672	-1368
4.66086602211	-1368
4.66125702858	-1368
4.66178703308	-1368
4.6620118618	-1368
4.6622710228	-1368
4.66275787354	-1368
4.66284680367	543
4.66338086128	-1368
4.66363883018	-1368
4.66415786743	-1368
4.66437602043	-1368
4.66490197182	-1368
4.66563796997	-1368
4.66586995125	543
4.66592788696	-1368
4.66637396812	-1368
4.66662597656	-1368
4.66688895226	-1368
4.6673989296	-1368
4.66837382317	-1368
4.66879701614	-1368
4.66913485527	-1368
4.66937398911	-1368
4.66988682747	-1368
4.67014288902	-1368
4.6703979969	-1368
4.67101883888	-1368
4.67127490044	-1368
4.67155885696	-1368
4.67201280594	-1368
4.67212891579	543
4.67229390144	-1368
4.67275094986	-1368
4.6730029583	-1368
4.67312598228	-1368
4.67364382744	-1368
4.67388892174	-1368
4.67439293861	-1368
4.67464780807	-1368
4.67527890205	-1368
4.67549395561	-1368
4.67604804039	-1368
4.67625188828	-1368
4.6765358448	-1368
4.67698383331	-1368
4.67711782455	-1368
4.67762684822	-1368
4.67788696289	-1368
4.67814397812	-1368
4.67825984955	543
4.67864394188	543
4.67866182327	-1368
4.67889595032	-1368
4.67928791046	-1368
4.67975187302	-1368
4.68002200127	-1368
4.68050980568	-1368
4.68138694763	-1368
4.6816368103	-1368
4.68235397339	-1420
4.68235683441	-1316
4.68263792992	-1368
4.68325901031	-1368
4.68353295326	-1368
4.68399596214	-1368
4.68426585197	-1368
4.68476891518	-1368
4.68505787849	-1368
4.68537187576	-1368
4.68563580513	-1368
4.68621587753	-1368
4.68636488914	543
4.68642187119	-1368
4.68771886826	-1368
4.68791389465	-1368
4.68844199181	-1368
4.68869495392	-1368
4.68894290924	-1368
4.68966984749	-1420
4.68967485428	-1316
4.69018292427	-1368
4.69038391113	-1368
4.69072389603	-1368
4.69121098518	-1368
4.69143199921	-1368
4.69188690186	-1368
4.69198083878	543
4.69225597382	-1368
4.69238400459	-1368
4.6926009655	-979
4.69266581535	543
4.69331097603	-1368
4.69357395172	-1368
4.69405293465	-1368
4.69505000114	-1368
4.69570803642	-1368
4.69614887238	-1368
4.69641685486	-1368
4.69694399834	-1368
4.69732785225	-1368
4.69802904129	543
4.69836688042	-1368
4.69881391525	-1368
4.6990339756	-1368
4.69965600967	-1368
4.69994688034	-1368
4.70066785812	-1368
4.70158791542	-1368
4.70181584358	-1368
4.70231199265	-1368
4.70251083374	-1368
4.70301198959	-1368
4.70311999321	-1368
4.70411992073	-1368
4.70437788963	-1368
4.70487999916	-1368
4.70526099205	-1368
4.70577597618	-1368
4.70601987839	-1368
4.70918488503	-1368
4.70938587189	-1368
4.70962691307	-1368
4.71038985252	-1368
4.71087598801	-1368
4.71112585068	-1368
4.71139788628	-1368
4.71186900139	-1368
4.71212482452	-1368
4.71237802505	-1368
4.71287703514	-1368
4.7131228447	-1368
4.7136259079	-1368
4.71389389038	-1368
4.71421790123	-1368
4.71463298798	-1368
4.71491289139	-1368
4.71499085426	543
4.71526002884	-1368
4.71575498581	-1368
4.71600699425	-1368
4.71650099754	-1368
4.71674799919	-1368
4.717015028	-1368
4.71737980843	-1368
4.71763181686	-1368
4.71772289276	543
4.71802902222	-1368
4.71864199638	-1368
4.71873903275	543
4.7188668251	-1368
4.7192568779	-1368
4.72074604034	-1368
4.72101783752	-1368
4.72137880325	-1368
4.72263002396	-1368
4.72287988663	-1368
4.72350502014	-1368
4.72401881218	-1368
4.72429895401	-1368
4.72476387024	-1368
4.72511982918	-1368
4.7254049778	-1368
4.72564482689	-1368
4.73576688766	-1368
4.73596000671	-1368
4.73645997047	-1368
4.7390499115	-1368
4.73915600777	-1368
4.7396478653	-1368
4.74304199219	-1368
4.74316096306	-1368
4.74369597435	-1368
4.7495508194	-1368
4.7498049736	-1368
4.75044488907	-1368
4.75321888924	1057
4.75554203987	1057
4.75718402863	-1368
4.75720500946	-1368
4.75725984573	-1368
4.75740194321	-1368
4.7579100132	-1368
4.75808787346	543
4.75812697411	-1368
4.7618470192	-1368
4.76202988625	-1368
4.76270389557	-1368
4.76765298843	-1368
4.76781201363	543
4.76786088943	-1368
4.76822495461	-1368
4.77046084404	-1420
4.77046585083	-1316
4.77088785172	-1368
4.77299880981	-1368
4.77314901352	-1368
4.77362585068	-1368
4.77618789673	-1368
4.77627182007	543
4.77637982368	-1368
4.77688884735	-1368
4.78064990044	-1368
4.78091096878	-1368
4.78149485588	-1368
4.78251290321	-1368
4.78275203705	-1368
4.78312182426	-1368
4.78362083435	-1368
4.78388094902	-1368
4.78489303589	-1368
4.78528690338	-1368
4.7858068943	-1368
4.78602194786	-1368
4.78627300262	-1368
4.78646802902	543
4.78676486015	-1368
4.78703284264	-1368
4.78752183914	-1368
4.78765797615	-1368
4.78788995743	-1368
4.78836488724	-1368
4.78863286972	-1368
4.78977894783	-1368
4.79027700424	-1368
4.79052186012	-1368
4.79078102112	-1368
4.7911169529	-1368
4.79138684273	-1368
4.79186487198	-1368
4.79213690758	-1368
4.79239487648	-1368
4.79286694527	-1368
4.79325389862	-1368
4.79379200935	-1368
4.79400992393	-1368
4.79443192482	543
4.79465794563	-1368
4.79476284981	-1368
4.79504084587	-1368
4.79513883591	-1368
4.79562783241	-1368
4.79587984085	-1368
4.79639196396	-1368
4.79646396637	543
4.79663681984	-1368
4.79714393616	-1368
4.7976360321	-1368
4.79792189598	-1368
4.79804182053	543
4.79838085175	-1368
4.79864597321	-1368
4.79889583588	-1368
4.79938101768	-1368
4.79962587357	-1368
4.79987287521	-1368
4.80040788651	-1368
4.80062294006	-1368
4.80128288269	-1368
4.80138492584	-1368
4.80166888237	-1368
4.80216598511	-1368
4.80239391327	-1368
4.80289101601	-1368
4.80298686028	1057
4.80324983597	-1368
4.80399084091	-1368
4.80426597595	-1368
4.80475902557	-1368
4.80514383316	-1368
4.80563592911	-1368
4.8059129715	-1368
4.80637192726	-1368
4.80664491653	-1368
4.80687093735	-1368
4.80825901031	-1368
4.8085038662	-1368
4.80877685547	-1368
4.80912995338	-1368
4.80940794945	-1368
4.8096280098	-1368
4.81015396118	-1368
4.81037092209	-1368
4.81087493896	-1368
4.81130695343	-1368
4.81156682968	-1368
4.81200885773	-1368
4.81228780746	-1368
4.81253600121	-1368
4.81310582161	-1420
4.81310987473	-1316
4.81365084648	-1368
4.81402897835	-1368
4.81414699554	-1368
4.81475782394	-1368
4.81487894058	-1368
4.81562995911	-1368
4.81576180458	-1368
4.81600785255	-1368
4.81653094292	-1368
4.81676483154	-1368
4.81686496735	543
4.84694099426	-974
4.84714698792	543
4.8532948494	-1368
4.85345888138	-1368
4.85392689705	-1368
4.85472297668	-1368
4.85493993759	-1368
4.85632991791	-1368
4.85643601418	543
4.86038589478	-1368
4.86053085327	-1368
4.86104488373	-1368
4.86165499687	-1368
4.8619530201	-1368
4.86267495155	-1368
4.86387991905	-1368
4.86413884163	-1368
4.86438202858	-1368
4.86625003815	-1368
4.86639785767	-1368
4.86701703072	-1368
4.87458300591	-1368
4.8748459816	-1368
4.87517285347	-1368
4.8933930397	543
4.89374995232	-1368
4.89398598671	-1368
4.89450097084	-1368
4.90516996384	-1368
4.9052298069	-1368
4.90569782257	-1368
4.91177082062	-1368
4.91198801994	-1368
4.91249799728	-1368
4.91598987579	-1368
4.91624188423	-1368
4.91664195061	-1368
4.93011903763	-1368
4.93021392822	-1368
4.93041992188	543
4.93070983887	-1368
4.93826198578	-1368
4.93962788582	-1368
4.93980884552	-1368
4.94030880928	-1368
4.9419670105	-1368
4.94216895103	-1368
4.94224190712	543
4.94383192062	-1368
4.94452595711	-1368
4.94480800629	-1368
4.94539189339	-1368
4.94595003128	-1368
4.94610786438	543
4.94639897346	-1368
4.94665384293	-1368
4.94725990295	-1368
4.94759583473	-1368
4.94777393341	-1368
4.94826197624	-1368
4.94856095314	-1368
4.94899201393	-1368
4.94914603233	-1368
4.94961285591	-1368
4.95017385483	-1368
4.95037698746	-1368
4.95088481903	-1368
4.95111989975	-1368
4.95213484764	-1368
4.95239591599	-1368
4.9528799057	-1368
4.95414400101	-1368
4.95464396477	-1368
4.95489382744	-1368
4.95808386803	-1368
4.95826196671	-1368
4.95876502991	-1368
4.95913982391	-1368
4.95963382721	-1368
4.96013498306	-1368
4.96024298668	543
4.96040296555	-1368
4.96087503433	-1368
4.96127200127	-1368
4.96149992943	-1368
4.96159386635	543
4.96224093437	-1420
4.96224594116	-1316
4.96251296997	-1368
4.96300387383	-1368
4.96325302124	-1368
4.96362280846	-1368
4.96388888359	-1368
4.96413087845	-1368
4.96462202072	-1368
4.96488785744	-1368
4.9655380249	-1368
4.96653985977	-1368
4.96677684784	-1368
4.96713089943	-1368
4.9674038887	-1368
4.96763682365	-1368
4.96813702583	-1368
4.96838283539	-1368
4.96888184547	-1368
4.96952390671	-1368
4.96961593628	543
4.96981287003	-1368
4.97002196312	-1368
4.9706788063	-1368
4.97137784958	-1368
4.97165894508	-1368
4.97288203239	-1368
4.97362303734	-1368
4.97416090965	-1368
4.97442293167	-1368
4.97562384605	-1368
4.97589683533	-1368
4.97637701035	-1368
4.97714495659	-1368
4.97738695145	-1368
4.97788000107	-1368
4.97818088531	-1368
4.97841286659	-1368
4.98004198074	-1368
4.9802339077	543
4.98031997681	543
4.98075890541	-1368
4.9807639122	-1368
4.98101997375	-1368
4.9813888073	-1368
4.98182296753	-1420
4.98182797432	-1316
4.98240089417	-1368
4.98263096809	-1368
4.98325586319	-1368
4.9837448597	-1368
4.98401689529	-1368
4.9844930172	-1368
4.98475503922	-1368
4.98500394821	-1368
4.98537302017	-1368
4.98561882973	-1368
4.98589086533	-1368
4.98641681671	-1368
4.98654389381	543
4.98684597015	-1368
4.98725986481	-1368
4.9877808094	-1368
4.98828792572	-1368
4.98855495453	-1368
4.98881101608	-1368
4.98915100098	-1368
4.98943591118	-1368
4.99092483521	-1368
4.99127388	-1368
4.9917538166	-1368
4.99201583862	-1368
4.99228787422	-1368
4.99275398254	-1368
4.99438786507	-1368
4.99462795258	-1368
4.99515199661	-1368
4.9957280159	-1368
4.9958460331	-1368
4.99614787102	-1368
4.996352911	543
4.99640202522	-1368
4.99738788605	-1368
4.99766302109	-1368
4.99854397774	-1368
4.9996368885	-1368
4.99987792969	-1368
5.0003888607	-1368
5.00062990189	-1368
5.00089883804	-1368
5.00150895119	-1368
5.00182294846	-1368
5.00226593018	-1368
5.00252699852	-1368
5.00299501419	-1368
5.00313401222	-1368
5.00337600708	-1368
5.00416493416	-1368
5.00437688828	-1368
5.00488400459	-1368
5.00524187088	-1368
5.0057849884	-1368
5.00601887703	-1368
5.00614094734	543
5.00702691078	-1368
5.00736999512	-1368
5.00765395164	-1420
5.00765895844	-107
5.00813388824	-1368
5.00818896294	543
5.00840187073	-1368
5.00865697861	-1368
5.00927996635	-1368
5.00935482979	543
5.00953698158	-1368
5.01004481316	-1368
5.01029086113	-1368
5.01053500175	-1368
5.01101398468	-1368
5.01163601875	-1368
5.01190090179	-1368
5.01237893105	-1368
5.01428794861	-1368
5.01438689232	543
5.01604795456	-1368
5.01628994942	-1368
5.01676392555	-1368
5.01703596115	-1368
5.01729297638	-1368
5.01777791977	-1368
5.01864290237	-1368
5.01876997948	-1368
5.01925992966	-1368
5.01951384544	-1368
5.01978993416	-1368
5.0202870369	-1368
5.02051687241	-1368
5.0210108757	-1368
5.02113199234	-1368
5.02163481712	-1368
5.02192497253	-1368
5.02238488197	-1368
5.02263593674	-1368
5.02288603783	-1368
5.02339601517	-1368
5.02368283272	-1368
5.02413392067	-1368
5.02438402176	-1368
5.02463102341	-1368
5.02513289452	-1368
5.02539491653	-1368
5.0259540081	-1368
5.02665185928	-1420
5.0266559124	-1316
5.02690291405	-1368
5.02713084221	-1368
5.02764892578	-1368
5.02786803246	-1368
5.02839684486	-1368
5.02861785889	-1368
5.02978897095	-1368
5.03027296066	-1368
5.03053188324	543
5.03077602386	-1368
5.03088593483	543
5.03101682663	-1368
5.03115296364	-1368
5.03163981438	-1368
5.03187990189	-1368
5.0321559906	-1368
5.03262591362	-1368
5.03289580345	-1368
5.03350496292	-1368
5.03380084038	-1368
5.03414297104	-1368
5.03514385223	-1368
5.03563094139	-1368
5.03589892387	-1368
5.0361328125	-1368
5.0366590023	-1368
5.03688788414	-1368
5.03752803802	-1368
5.03777980804	-1368
5.03803300858	-1368
5.03852391243	-1368
5.03877091408	-1368
5.03914499283	-1368
5.03939580917	-1368
5.03964281082	-1368
5.04013586044	-1368
5.04038190842	-1368
5.04064702988	-1368
5.04130196571	-1368
5.04151892662	-1368
5.04211401939	-1368
5.04226398468	-1368
5.04263687134	543
5.04277300835	-1368
5.04291701317	543
5.04303693771	-1368
5.04309988022	543
5.04315280914	-1368
5.04367685318	-1368
5.04390501976	-1368
5.04411292076	543
5.04442501068	-1368
5.0451529026	-1368
5.04524087906	543
5.04641294479	-1368
5.04663586617	-1368
5.04763698578	-1368
5.04787802696	-1368
5.04862785339	-1368
5.04938101768	-1368
5.04965496063	-1368
5.05041098595	-1368
5.05049991608	543
5.05068492889	-1368
5.05125689507	-1368
5.05153393745	-1368
5.05175089836	-1368
5.05228900909	-1368
5.05271482468	-1368
5.05301690102	-1368
5.05313181877	-1368
5.05340480804	-1368
5.05391597748	-1368
5.05413985252	-1368
5.05462789536	-1368
5.05525898933	-1368
5.05552101135	-1368
5.05578303337	-1368
5.05626702309	-1368
5.05654501915	-1368
5.05675387383	-1368
5.05715298653	-1368
5.05737900734	-1368
5.05790781975	-1368
5.05809688568	543
5.05813384056	-1368
5.05842089653	-1368
5.05981397629	-1368
5.06001901627	-1368
5.06027698517	-1368
5.06077694893	-1368
5.06103181839	-1368
5.06140184402	-1368
5.06162786484	-1368
5.06189489365	-1368
5.06238603592	-1368
5.06262588501	-1368
5.06290888786	-1368
5.0635008812	-1368
5.06374883652	-1368
5.06424689293	-1368
5.0645198822	-1368
5.06475090981	-1368
5.0651679039	-1368
5.06538486481	-1368
5.06562685966	-1368
5.0661649704	-1368
5.0662548542	543
5.06638383865	-1368
5.06651186943	543
5.06691789627	-1368
5.06713199615	-1368
5.06738686562	-1368
5.06791186333	-1368
5.06816387177	-1368
5.06863903999	-1368
5.06889200211	-1368
5.06963086128	-1368
5.06994080544	-1368
5.0703959465	-1368
5.07568502426	543
5.0835340023	-1368
5.08372998238	-1368
5.08423686028	-1368
5.08445000648	-1368
5.08467483521	-1368
5.08474302292	543
5.08528089523	-1368
5.09329581261	-1368
5.09343981743	-1368
5.09397387505	-1368
5.09421801567	-1368
5.09442090988	-1368
5.09488987923	-1368
5.09578585625	-1368
5.09601593018	-1368
5.10526204109	-1368
5.10544085503	543
5.10563898087	-1368
5.10595488548	-1368
5.10623383522	543
5.10655403137	-1368
5.10688090324	-1368
5.10754799843	-1368
5.10776686668	-1368
5.11090683937	-1368
5.11114192009	-1368
5.11164188385	-1368
5.11171889305	543
5.11189198494	-1368
5.11215281487	-1368
5.11263895035	-1368
5.11289095879	-1368
5.11337399483	-1368
5.11364293098	-1368
5.11388683319	-1368
5.11438989639	-1368
5.11463594437	-1368
5.11514687538	-1368
5.11615300179	-1368
5.11663293839	-1368
5.11688995361	-1368
5.11727380753	-1368
5.11781191826	-1368
5.11831283569	-1368
5.13111400604	-1368
5.13117098808	-1368
5.13723802567	-1368
5.13873100281	-1368
5.1388759613	543
5.13897299767	-1368
5.14030885696	-1368
5.14219093323	-1368
5.14364695549	-1368
5.1437869072	-1368
5.14428281784	-1368
5.1445119381	-1368
5.14515686035	-1368
5.14617490768	-1368
5.14623689651	543
5.14643383026	-1368
5.14696097374	-1368
5.14754581451	-1368
5.14781284332	-1368
5.14902901649	543
5.14917588234	-1368
5.14939403534	-1368
5.1512799263	-1368
5.15694999695	-1368
5.15778803825	543
5.16121101379	-1009
5.16127490997	543
5.17142486572	543
5.2266099453	-1368
5.22673296928	-1368
5.22862291336	-1368
5.22974681854	-1368
5.23001289368	-1368
5.23046684265	-1368
5.23258900642	-1368
5.23278689384	-1368
5.23392081261	-1368
5.23529887199	-1368
5.23555803299	-1368
5.23654985428	-1368
5.23818898201	-1368
5.23841881752	-1368
5.23973584175	-1368
5.24106097221	-1368
5.24115681648	-1368
5.24243497849	-1368
5.24572682381	-1368
5.2479789257	-1368
5.24822592735	-1368
5.24950480461	543
5.24981594086	-1368
5.25125694275	-1368
5.25132203102	-1368
5.25244498253	-1368
5.25431799889	-1368
5.25453400612	-1368
5.25547790527	-1368
5.25566792488	-1368
5.25756001472	-1368
5.25783991814	-1368
5.25796890259	543
5.25832891464	-1368
5.26001787186	-1368
5.26015996933	-1368
5.26064491272	-1368
5.26155495644	-1368
5.26317501068	-1368
5.26342391968	-1368
5.26696586609	-1368
5.26706981659	543
5.26720190048	-1368
5.26763892174	-1368
5.26788783073	-1368
5.2696428299	-1368
5.27097392082	-1368
5.27127695084	-1368
5.27341294289	-1368
5.27366089821	-1368
5.27417802811	-1368
5.27630186081	-1368
5.27652382851	-1368
5.27700781822	-1368
5.27866983414	-1368
5.27896094322	-1368
5.27952289581	-1368
5.28052401543	-1368
5.28162693977	-1368
5.28194093704	-1368
5.28360795975	-1368
5.28525781631	-1368
5.28546285629	-1368
5.28772497177	-1368
5.29056882858	543
5.291025877	-1368
5.29138088226	-1368
5.29193282127	-1368
5.2970058918	-1368
5.2973678112	-1368
5.29976296425	-1368
5.30022192001	-1368
5.30044102669	-1368
5.3047440052	-1368
5.30484390259	543
5.30587983131	-1368
5.31027197838	-1368
5.31070780754	-1368
5.31122803688	-1368
5.31227588654	-1368
5.31268000603	-1368
5.31396198273	-1368
5.31562685966	-1368
5.31612801552	-1368
5.31709194183	-1368
5.31797385216	-1368
5.31815981865	-1368
5.3187148571	-1368
5.31896996498	-1368
5.31935381889	-1368
5.31978082657	-1368
5.32005786896	-1368
5.32058000565	-1368
5.32205581665	543
5.32510900497	-1368
5.33936786652	1057
5.35477089882	-1010
5.46539998055	-1368
5.46601700783	-1368
5.557076931	-1007
5.58466386795	1057
5.59261989594	1057
5.60389900208	1057
5.60648584366	1057
5.61096382141	1057
5.72741794586	1057
5.73094582558	1460
5.73110485077	625
5.7820520401	-543
5.8066380024	-1368
5.80738997459	-1368
5.80739688873	-1368
5.81158781052	-1368
5.81186485291	-1368
5.81239891052	-1368
5.82317280769	-1368
5.82534003258	543
5.82717394829	543
5.82724380493	-1368
5.82749295235	-1368
5.82897496223	-1368
5.82931780815	-1368
5.82984781265	-1368
5.83055996895	-1368
5.83272099495	-1368
5.83292603493	-1368
5.83407998085	-1368
5.83429884911	-1368
5.83437299728	543
5.8347890377	-1368
5.83517980576	-1368
5.83534693718	543
5.83795380592	-1368
5.83819890022	-1368
5.8392059803	-1368
5.84090781212	-1368
5.84141683578	-1368
5.84195590019	-1368
5.8433098793	-1368
5.84354782104	-1368
5.84480381012	-1368
5.84566092491	-1368
5.84596395493	-1368
5.84642481804	-1368
5.84916996956	-1368
5.84940695763	-1368
5.85041284561	-1368
5.85066699982	-1368
5.85127186775	-1368
5.85152697563	-1368
5.85443091393	543
5.85452985764	543
5.85473799706	543
5.85493087769	-1368
5.85530495644	-1368
5.85597395897	-1368
5.85715389252	-1368
5.85743784904	-1368
5.85791492462	-1368
5.85967087746	-1368
5.85991001129	-1368
5.860932827	-1368
5.86195397377	-1368
5.86220383644	-1368
5.86393499374	-1368
5.86603188515	-1368
5.86627697945	-1368
5.86845302582	-1368
5.8689198494	-1368
5.86928486824	-1368
5.87435102463	-1368
5.87521290779	-1368
5.87541794777	-1368
5.87592887878	-1368
5.87804389	543
5.87822890282	543
5.87855696678	-1368
5.87916588783	-1420
5.87919402122	-1316
5.88019490242	-1368
5.88040781021	-1368
5.88134002686	-1368
5.88341784477	-1368
5.88366699219	-1368
5.88415694237	-1368
5.88596796989	-1368
5.88806796074	-1368
5.88827800751	-1368
5.89090681076	-1368
5.89132881165	-1368
5.89178299904	-1368
5.89250993729	-1368
5.89365792274	-1368
5.89390802383	-1368
5.89530396461	-1368
5.89553689957	-1368
5.89630198479	-1368
5.89678692818	-1368
5.8970348835	-1368
5.89739704132	-1368
5.89790201187	-1368
5.89816904068	-1368
5.89849090576	543
5.89867091179	-1368
5.90401482582	543
5.93074893951	543
5.9428498745	543
5.9520418644	-1368
5.95221686363	-1368
5.95503091812	543
5.96026992798	-177
5.96068096161	543
5.98164892197	543
6.01343584061	543
6.0140478611	543
6.0142929554	543
6.02252197266	-1368
6.03861093521	543
6.04168581963	-1368
6.04185080528	-1368
6.04265189171	543
6.04288983345	543
6.11414504051	-1210
6.13237690926	-1368
6.13258886337	543
6.13271093369	543
6.13299298286	-1368
6.13337993622	-1368
6.13552594185	-1368
6.13574385643	-1368
6.13624691963	-1368
6.13861203194	-1368
6.13885688782	-1368
6.13919496536	-1368
6.14135098457	-1368
6.14155197144	-1368
6.14207696915	-1368
6.14318203926	-1368
6.14343690872	-1368
6.14569091797	-1368
6.14599204063	-1368
6.14649295807	-1368
6.146682024	-1368
6.14676880836	543
6.14697003365	-1368
6.14742183685	-1368
6.14769291878	-1368
6.14793300629	-1368
6.14843702316	-1368
6.15159583092	-1368
6.15201401711	-1368
6.15230703354	-1368
6.18063497543	543
6.18333792686	543
6.18356394768	543
6.19124102592	-1368
6.23834395409	-1368
6.24849081039	-1368
6.24928402901	-1368
6.25164484978	-1368
6.25186395645	-1368
6.25232100487	-1368
6.253221035	-1368
6.25470089912	-543
6.2684879303	-1219
6.27113294601	-1368
6.27419495583	-1368
6.27438688278	-1368
6.27650785446	-1368
6.27673482895	-1368
6.27723288536	-1368
6.30057191849	543
6.31528496742	543
6.32122397423	543
6.32144594193	543
6.35270595551	-1368
6.36067986488	543
6.36201000214	-1368
6.36213994026	-1368
6.37655901909	543
6.37688589096	543
6.37734103203	543
6.37756299973	1460
6.37761497498	111
6.37792897224	543
6.39076781273	543
6.39107394218	543
6.40187001228	-1368
6.4032099247	-1420
6.40325093269	-1316
6.4066388607	-1368
6.40710997581	-1368
6.40725898743	-1368
6.40972399712	-1368
6.41002583504	-1368
6.41045880318	-1368
6.42254400253	-1055
6.46424984932	-1368
6.49101090431	-1368
6.49699687958	1057
6.53853082657	-1368
6.53860902786	-1368
6.54054903984	543
6.57073402405	-1368
6.57522201538	-1368
6.57528090477	-1368
6.57616996765	-994
6.58087182045	1057
6.60449695587	-1368
6.64498186111	-1368
6.66344499588	543
6.68780899048	1057
6.69277000427	543
6.71733283997	-1368
6.7185280323	543
6.72944092751	-211
6.83036780357	-1368
6.84340000153	-1368
6.84346294403	-1368
6.86984801292	-1368
6.87192201614	543
6.8727388382	543
6.8832988739	-928
6.88407683372	1460
6.88413095474	1139
6.88457298279	1057
6.90827298164	-1368
6.90836286545	-1368
6.90924882889	-1368
6.90955996513	-1368
6.91003084183	-1368
6.91149401665	-1368
6.91237688065	-1368
6.91266202927	-1368
6.94370698929	-1368
6.94387102127	-1368
6.94705796242	-1368
6.94709086418	543
6.94959783554	-1420
6.94960403442	-1316
6.9497590065	543
6.95022797585	-1368
6.9543838501	-1368
6.9544479847	-1368
6.95500993729	-1368
6.95720791817	-1368
6.95771694183	-1368
6.95775580406	-1368
6.96092391014	-1368
6.96144294739	-1420
6.9614470005	-1316
6.96754193306	-1368
6.96775889397	-1368
6.96933698654	-1368
6.97035384178	-1368
6.97199296951	-1368
6.97332882881	-1368
6.97360682487	-1368
6.97593688965	-1368
6.97621297836	-1368
6.97787594795	-1368
6.9780318737	543
6.97807884216	-1368
6.97907996178	-1368
6.98029398918	-1420
6.98029994965	-1316
6.98245596886	-1368
6.98268198967	-1368
6.98494100571	-1368
6.98516392708	-1368
6.98569488525	-1368
6.98778486252	-1368
6.98806786537	-1368
6.98965001106	-1368
6.98993396759	-1368
6.99073290825	543
6.99180388451	1057
6.99182295799	-1368
6.99205803871	-1368
6.992800951	-1368
6.99534296989	-1368
6.99631094933	-1368
6.99638485909	1057
6.99718594551	-1368
6.99764490128	-1368
6.99982595444	-1368
7.00004887581	-1368
7.00196790695	-1368
7.00241398811	-1368
7.03076291084	543
7.03685998917	-603
7.1711769104	1057
7.19020485878	-543
7.27284502983	-1368
7.30077600479	-1368
7.30555891991	543
7.34356999397	-493
7.42594599724	-1368
7.43201398849	-1368
7.43240690231	-1368
7.4326608181	-1368
7.45350193977	-1368
7.45362091064	-1368
7.47244000435	543
7.48066902161	543
7.49775290489	-1276
7.49968981743	543
7.65209984779	-543
7.66310095787	543
7.80558896065	-543
7.95945692062	-1086
7.96072888374	1057
8.00749182701	-1368
8.00768899918	-1368
8.00814986229	-1368
8.00977683067	-1368
8.01003503799	-1368
8.01053881645	-1368
8.01215982437	-1368
8.01264882088	-1368
8.01288795471	-1368
8.01452589035	-1368
8.01474690437	-1368
8.01707100868	-1368
8.01780390739	-1368
8.01798391342	-1368
8.01955580711	-1368
8.03184986115	-1368
8.11497282982	-1134
8.11511182785	543
8.29975199699	-543
8.49265503883	-543
8.50786089897	1057
8.52610301971	543
8.69976496696	-543
8.89315700531	-543
8.93789887428	-1368
8.93804693222	-1368
8.96440982819	-1368
8.96637892723	543
8.97112488747	543
9.08662891388	-124
9.08676290512	543
9.296833992	-543
9.45034599304	-543
9.5009458065	1057
9.50133490562	1057
9.52259588242	543
9.96475601196	-543
9.98778581619	543
10.2747049332	-543
10.510892868	1057
11.0406019688	543
11.6514298916	-543
11.7939429283	543
12.040596962	543
12.0798158646	-543
12.2330849171	-543
12.2505578995	543
12.5137219429	1057
12.5407028198	-543
