0	-543
3.93574881554	-543
4.11894989014	1057
4.19323396683	543
4.25131702423	-543
4.26895284653	-1368
4.26908802986	-1368
4.36263895035	-891
4.36789488792	543
4.50343799591	-543
4.50346684456	543
4.63290500641	-1057
4.6532638073	543
4.79148983955	-543
4.79151892662	543
4.93055295944	-1368
4.93065595627	-1368
4.93066096306	-891
4.93639588356	543
5.08601903915	543
5.0939309597	-543
5.30636787415	-1368
5.30642390251	-1368
5.306442976	-891
5.30707597733	-1368
5.30716490746	-1368
5.30820083618	-1368
5.30936789513	-1368
5.3094689846	-1368
5.3100028038	-1368
5.31176185608	-1368
5.34852099419	1057
5.41769480705	-1368
5.41773080826	-1368
5.41782402992	-1368
5.41796088219	-1368
5.41814088821	-1368
5.41819381714	-1368
5.41829800606	-1368
5.41846203804	-1368
5.41861391068	1368
5.41939496994	-1368
5.41948199272	-1368
5.41957592964	-1368
5.41970586777	-1368
5.42054080963	-1368
5.42062091827	-1368
5.42077898979	-1368
5.42091393471	-1368
5.42290091515	-1368
5.42301797867	-1368
5.42311787605	-1368
5.42312693596	1368
5.42322182655	-1368
5.42515683174	1368
5.498005867	153
5.52903103828	-1368
5.52909588814	-1368
5.52921080589	-1368
5.52934789658	-1368
5.52944898605	-1368
5.52959799767	-1368
5.52971982956	-1368
5.52979302406	-1368
5.52993702888	-1368
5.53006601334	-1368
5.53016901016	-1368
5.5302939415	-1368
5.53038883209	-1368
5.5305519104	-1368
5.53061199188	-1368
5.53073501587	-1368
5.53090596199	-1368
5.53099703789	-1368
5.53108692169	-1368
5.53120589256	-1368
5.53130984306	-1368
5.53143191338	-1368
5.53156590462	-1368
5.53166699409	-1368
5.53188490868	-1368
5.53199195862	-1368
5.53209280968	-1368
5.53222489357	-1368
5.53235793114	-1368
5.53239583969	1368
5.53246903419	-1368
5.53259992599	-1368
5.53269481659	-1368
5.53456401825	-1368
5.53459882736	-1368
5.53462100029	-1368
5.53471302986	-1368
5.53493881226	-1368
5.53498482704	-1368
5.53656387329	-1368
5.53661394119	-1368
5.64053583145	-1368
5.64057683945	261
5.64058184624	-1368
5.6405878067	-1368
5.64064788818	-1368
5.6407699585	-1368
5.64086699486	-1368
5.6410279274	-1368
5.64111685753	-1368
5.64124798775	-1368
5.64134883881	-1368
5.64144897461	-1368
5.64156794548	-1368
5.64169502258	-1368
5.64181494713	-1368
5.64192795753	-1368
5.6420249939	-1368
5.64217591286	-1368
5.64230799675	-1368
5.64238500595	-1368
5.64250802994	-1368
5.64262485504	-1368
5.64272284508	-1368
5.64286780357	-1368
5.64296483994	-1368
5.64324784279	-1368
5.64334893227	-1368
5.6433968544	-1368
5.64343595505	-1368
5.64349102974	1368
5.64355587959	-1368
5.64367580414	-1368
5.6437728405	-1368
5.64389801025	-1368
5.64399695396	-1368
5.6441488266	-1368
5.64424300194	-1368
5.64440202713	-1368
5.64452791214	-1368
5.64460897446	-1368
5.64472484589	-1368
5.64486980438	-1368
5.64497303963	-1368
5.64514899254	-1368
5.64523601532	-1368
5.64532184601	-1368
5.64541292191	-1368
5.64555096626	-1368
5.64567685127	-1368
5.64580988884	-1368
5.64591383934	-1111
5.65905690193	-1368
5.65914297104	-1368
5.65924501419	-1368
5.73869991302	1368
5.73935699463	1368
5.73936581612	1368
5.73947501183	1368
5.74021983147	1368
5.74790692329	1368
5.75467395782	480
5.77028203011	-66
5.77847981453	1368
5.86564803123	232
5.92840385437	-1057
5.9496049881	-1368
5.94972491264	-1368
5.94990491867	-1368
5.95093393326	-1368
5.95103001595	-1368
5.95267987251	-1368
5.95469498634	-1368
5.95479989052	-1368
5.95562291145	-1368
5.95620298386	-1368
5.95632886887	-1368
5.96095991135	-1368
5.96339201927	-1368
5.96364784241	-1368
5.96385002136	-1368
5.96411395073	-1368
5.9641699791	-1368
5.96562790871	-1368
5.9663028717	-1368
5.96640896797	-1368
5.96688199043	-1368
5.96716499329	-1368
5.96726298332	-1368
5.96736192703	-1368
5.96817183495	-1368
5.96827483177	-1368
5.96839189529	-1368
5.9684920311	-1368
5.96862602234	-1368
5.96874499321	-1368
5.96895599365	-1368
5.9690580368	-1368
5.96924591064	-1368
5.9695649147	-1368
5.96969795227	-1368
5.96984481812	-1368
5.97052598	1368
5.97356796265	-1368
5.97365903854	-1368
5.97375583649	-1368
5.9738650322	-1368
5.97397899628	-1368
5.97415184975	-1368
5.97443985939	-1368
5.97457098961	-1368
5.97499680519	-1368
5.97541499138	-1368
5.97551298141	-1368
5.97564983368	-1368
5.97592687607	-1368
5.97639894485	-1368
5.9764649868	-1368
5.97680902481	-1368
5.97683095932	261
5.97692394257	-1368
5.97703003883	-1368
5.97728180885	-1368
5.97745990753	-1368
5.97777795792	-1368
5.978099823	-1368
5.97823786736	-1368
5.97836494446	-1368
5.97881484032	-1368
5.98121190071	-1368
5.98127388954	-1368
5.98152399063	-1368
5.98161482811	-1368
5.98192191124	-1368
5.98225593567	-1368
6.01101899147	1368
6.02102899551	1368
6.06076383591	-1368
6.06083798409	-1368
6.06097793579	-1368
6.06105589867	-1368
6.06119084358	-1368
6.06130599976	-1368
6.06148600578	-1368
6.06154704094	-1368
6.06211590767	-1368
6.06219482422	-1368
6.06231403351	-1368
6.06245398521	-1368
6.06597280502	-1368
6.0661919117	-1368
6.06623888016	-1368
6.06631994247	-1368
6.06695389748	-1368
6.06705188751	-1368
6.06714582443	-1368
6.06724381447	-1368
6.06739187241	-1368
6.06748104095	-1368
6.06761598587	-1368
6.06774997711	-1368
6.0678768158	1368
6.07462382317	-1368
6.07469797134	-1368
6.07480502129	-1368
6.07492589951	-1368
6.07506084442	-1368
6.07516384125	-1368
6.07530403137	-1368
6.07539892197	-1368
6.07554793358	-1368
6.07564592361	-1368
6.07582592964	-1368
6.07598090172	-1368
6.07739090919	-1368
6.07750797272	-1368
6.07762598991	-1368
6.07771396637	-1368
6.07791590691	-1368
6.07800292969	-1368
6.07813191414	-1368
6.07824897766	-1368
6.07845592499	-1368
6.07856202126	-1368
6.07868289948	-1368
6.07880997658	-1368
6.07909989357	-1368
6.07921481133	-1368
6.07931184769	-1368
6.07946300507	-1368
6.07959890366	-1368
6.07972192764	-1368
6.07986283302	-1368
6.07994890213	-1368
6.08007192612	-1368
6.08018994331	-1368
6.08030891418	-1368
6.08044981956	-1368
6.0805439949	-1368
6.08060193062	1368
6.08067393303	-1368
6.08086895943	-1368
6.08096599579	-1368
6.08120393753	-1368
6.0813369751	-1368
6.08147287369	-1368
6.08156681061	-1368
6.08167481422	-1368
6.08179497719	-1368
6.08190584183	-1368
6.08203887939	-1368
6.08239388466	-1368
6.08250284195	-1368
6.08269190788	1368
6.08479785919	-1368
6.08492493629	-1368
6.08502292633	-1368
6.08513784409	-1368
6.08525490761	-1368
6.08537602425	-1368
6.08550786972	-1368
6.08574986458	-1368
6.08590984344	-1368
6.08598589897	-1368
6.08606481552	-1368
6.08617901802	-1368
6.08636593819	-1368
6.08646702766	-1368
6.08658289909	-1368
6.08669090271	-1368
6.08712387085	-1368
6.08724093437	-1368
6.08732700348	-1368
6.08742499352	-1368
6.08758282661	-1368
6.08765888214	-1368
6.08776283264	-1368
6.08790397644	-1368
6.08821988106	-1368
6.08834695816	-1368
6.08848595619	-1368
6.08865880966	-1368
6.08907198906	-1368
6.08908081055	1276
6.08917593956	-1368
6.08935499191	-1368
6.08947300911	-1368
6.08957695961	-1368
6.08959984779	-1368
6.08964300156	-1368
6.08976984024	-1368
6.0897769928	-665
6.09118199348	-1368
6.09134697914	-1368
6.09241890907	-1368
6.09252500534	-1368
6.0925848484	-1368
6.09540295601	-1368
6.09553599358	-1368
6.09560990334	-1368
6.09641695023	-1368
6.09648799896	-1368
6.09657382965	-1368
6.09698700905	-1368
6.09710693359	-1368
6.09733295441	-1368
6.09935092926	-1368
6.12254595757	-1368
6.15172195435	-1368
6.17209386826	-1368
6.17219781876	-1368
6.17227983475	-1368
6.17239284515	-1368
6.17251896858	-1368
6.17263102531	-1368
6.17273783684	-1368
6.17285680771	-1368
6.17295503616	-1368
6.17306685448	-1368
6.17324781418	-1368
6.1733880043	-1368
6.17344498634	1368
6.1735830307	-1368
6.17363381386	-1368
6.17370390892	-1368
6.17378592491	-1368
6.17389297485	-1368
6.174036026	-1368
6.17419695854	-1368
6.17756080627	-1368
6.17767095566	-1368
6.17846298218	-1368
6.17859387398	-1368
6.1787250042	-1368
6.18075680733	-1368
6.1808848381	-1368
6.18101596832	-1368
6.18333601952	-1368
6.18341898918	-1368
6.18352603912	-1368
6.18479299545	-1368
6.18541502953	-1368
6.18554496765	-1368
6.18564200401	-1368
6.18573999405	-1368
6.18591880798	-1368
6.18629693985	-1368
6.1867389679	-1368
6.18687200546	-1368
6.18731999397	-1368
6.18753194809	-1368
6.18764591217	-1368
6.1877579689	-1368
6.19469285011	-1368
6.19479393959	-1368
6.19492292404	-1368
6.19551491737	-1368
6.19567203522	-1368
6.19571089745	1368
6.19627690315	-1368
6.19671487808	-1368
6.19685101509	-1368
6.19733595848	-1368
6.19773602486	-1368
6.19782781601	-1368
6.19803881645	-1368
6.19846796989	-1368
6.20073890686	-701
6.20076084137	522
6.22204685211	-1368
6.22222185135	-1368
6.22232604027	-1368
6.22249102592	-1368
6.22258687019	-1368
6.22272086143	-1368
6.22312903404	-1368
6.22321581841	-1368
6.22334599495	-1368
6.22521185875	1368
6.22633600235	1368
6.22679781914	-1368
6.2268538475	1368
6.22694301605	-1368
6.22700786591	-1368
6.22731280327	-1368
6.22733783722	-1368
6.22741889954	-1368
6.22753190994	-1368
6.22761797905	-1368
6.22765994072	1368
6.23213982582	-1368
6.23218798637	-1368
6.24252200127	-1368
6.24258089066	-1368
6.24271297455	-1368
6.24947690964	-1368
6.24956989288	-1368
6.25052380562	-1368
6.25056195259	-1368
6.25128984451	-1368
6.25137495995	-1368
6.25147390366	-1368
6.25203990936	-1368
6.25222396851	1368
6.25261187553	-1368
6.25271892548	-1368
6.25283885002	-1368
6.25501799583	-1368
6.25513601303	-1368
6.25548887253	-1368
6.260627985	-1368
6.26070690155	-1368
6.26081085205	-1368
6.26130890846	-1368
6.2614300251	-1368
6.26173996925	-1368
6.2624540329	-1368
6.26256084442	-1368
6.26319003105	-1368
6.26380681992	-1368
6.26390790939	-1368
6.26603889465	-1368
6.26749181747	-1368
6.26762580872	-1368
6.26765084267	-1368
6.26798081398	-1368
6.26801681519	-1368
6.26806497574	-1368
6.26814103127	-1368
6.26817202568	-1368
6.2682518959	-1368
6.26908802986	-1368
6.26929783821	-1368
6.26943302155	-1368
6.27056503296	-1368
6.27066588402	-1368
6.27077484131	-1368
6.27094197273	-1368
6.27109193802	-1368
6.27136683464	-1368
6.27156496048	1368
6.27163600922	-1368
6.27180290222	-1368
6.27209091187	-1368
6.27234387398	-1368
6.2724738121	-1368
6.27268195152	-1368
6.27287602425	-1368
6.27683997154	-1368
6.27686500549	-1368
6.2771499157	-1368
6.27726602554	-1368
6.27740192413	-1368
6.2787759304	-1368
6.27886891365	-1368
6.27900481224	1368
6.27901887894	-1368
6.27963995934	-1368
6.27976489067	-1368
6.28378295898	-1368
6.286028862	-1368
6.2866590023	-1368
6.28675603867	-1368
6.28747797012	-1368
6.28757095337	-1368
6.28770494461	-1368
6.28827095032	-1368
6.28838396072	-1368
6.28879499435	-1368
6.28963088989	-1368
6.28973793983	-1368
6.28998088837	-1368
6.29045796394	-1368
6.29097294807	-1368
6.29105591774	-1368
6.29159092903	-1368
6.29169583321	-1368
6.29188895226	-1368
6.29590988159	-1368
6.29599189758	-1368
6.30885696411	-1368
6.30891895294	-1368
6.31192588806	-283
6.31202793121	1226
6.32098889351	-1368
6.32108688354	-1368
6.32161188126	-1368
6.3216688633	-1368
6.32178092003	-1368
6.32315897942	-1368
6.32318687439	-1368
6.32319188118	-1368
6.32517886162	-1368
6.32530093193	-1368
6.32539892197	-1368
6.32651901245	-1368
6.3271689415	-1368
6.32729101181	-1368
6.32748603821	-1368
6.32759380341	-1368
6.32774186134	-1368
6.32808995247	-1368
6.32811594009	-1368
6.32817387581	-1368
6.32858800888	-1368
6.32870984077	-1368
6.32884001732	-1368
6.32912898064	-1368
6.33510494232	-1368
6.33523893356	-1368
6.33532786369	-1368
6.33538484573	-1368
6.33541083336	-1368
6.33560585976	-1368
6.33588981628	-1368
6.33591794968	-1368
6.33606290817	-1368
6.34076285362	-1368
6.34090399742	-1368
6.34124493599	-1368
6.35715794563	-1368
6.35725593567	-1368
6.35738492012	1368
6.35740494728	-1368
6.35795593262	-1368
6.35810494423	-1368
6.35859203339	-1368
6.35885095596	-1368
6.35899496078	-1368
6.35907793045	-1368
6.36201786995	-1368
6.36215782166	-1368
6.36280703545	-1368
6.36765503883	-1368
6.36776685715	-1368
6.36789989471	-1368
6.36954498291	-1368
6.36963891983	-1368
6.36974787712	-1368
6.37150192261	-1368
6.37160897255	-1368
6.37171387672	-1368
6.37356281281	-1368
6.3736038208	-1368
6.37375283241	-1368
6.3775408268	-1368
6.37760186195	-1368
6.37765789032	-1368
6.37816286087	-1368
6.37822890282	-1368
6.37839198112	-1368
6.37882781029	-1368
6.37895202637	-1368
6.37905287743	-1368
6.38322591782	-1368
6.38333487511	-1368
6.3834810257	-1368
6.38401985168	-1368
6.38460302353	-1368
6.38477897644	-1368
6.38505482674	-1368
6.38524484634	-1368
6.38530683517	1368
6.38540792465	-1368
6.38650798798	-1368
6.38653802872	-1368
6.38664793968	-1368
6.38934087753	-1368
6.3894598484	-1368
6.38975000381	-1368
6.39222502708	-1368
6.40887498856	-1368
6.40896987915	-1368
6.40907001495	-1368
6.41102385521	-1368
6.41109395027	-1368
6.41127300262	-1368
6.41554689407	-1368
6.41565394402	-1368
6.42331886292	-960
6.42334580421	493
6.44678592682	-1368
6.44685697556	-1368
6.44697284698	-1368
6.45702981949	-1368
6.45706701279	-1368
6.45709395409	-1368
6.48361992836	-1368
6.48372387886	-1368
6.48377895355	-1368
6.48859286308	-1368
6.48871302605	-1368
6.48882389069	-1368
6.48892593384	-1368
6.48897194862	-1368
6.4890499115	-1368
6.49146485329	-1368
6.49372291565	-1368
6.49374389648	-1368
6.49388289452	-1368
6.49414300919	-1368
6.49421787262	-1368
6.49443984032	1368
6.49475598335	-1368
6.49543094635	-1368
6.49548888206	-1368
6.49568796158	-1368
6.49754691124	-1368
6.49762487411	-1368
6.4988219738	-1368
6.50037002563	-1368
6.50044083595	-1368
6.50054883957	-1368
6.50095486641	-1368
6.50100803375	-1368
6.50158500671	-1368
6.50175189972	1368
6.50192403793	-1368
6.50201201439	-1368
6.50223994255	-1368
6.50412201881	-1368
6.50421786308	-1368
6.50824093819	-1368
6.50951385498	-1368
6.50959181786	-1368
6.50973796844	-1368
6.50989484787	-1368
6.50996303558	-1368
6.51012897491	-1368
6.51134490967	-1368
6.51144480705	-1368
6.51161789894	-1368
6.51548695564	-1368
6.51557588577	-1368
6.51566290855	-1368
6.52009701729	-1368
6.520195961	-1368
6.52030491829	-1368
6.52070784569	-1368
6.52079987526	-1368
6.52113485336	-1368
6.52131295204	1368
6.52149581909	-1368
6.52159285545	-1368
6.52182984352	-1368
6.52215003967	-1368
6.52221798897	-1368
6.52234101295	-1368
6.5239918232	-1368
6.52447986603	-1368
6.52461886406	-1368
6.52517294884	-1368
6.52530789375	-1368
6.52541303635	-1368
6.5256319046	-1368
6.52576088905	-1368
6.53432583809	-498
6.53435897827	1326
6.54010486603	-1368
6.54024291039	-1368
6.5404188633	1368
6.54074692726	-1368
6.54086685181	-1368
6.54093503952	-1368
6.5459549427	-1368
6.54605793953	-1368
6.54741001129	-1368
6.54748392105	-1368
6.5476129055	-1368
6.54786300659	-1368
6.54796791077	-1368
6.54871892929	-1368
6.54954385757	-1368
6.54968380928	-1368
6.55018281937	-1368
6.55067396164	-1368
6.55079889297	-1368
6.55086302757	-1368
6.55101490021	1368
6.55691695213	-1368
6.55700302124	-1368
6.55705785751	-1368
6.55728793144	-1368
6.55742001534	-1368
6.55756282806	-1368
6.55821084976	-1368
6.55829691887	-1368
6.55840301514	-1368
6.56135702133	-1368
6.5614259243	-1368
6.56150794029	-1368
6.56300592422	-1368
6.5630698204	-1368
6.5631840229	-1368
6.56414890289	-1368
6.56422781944	-1368
6.56435394287	-1368
6.56792092323	-1368
6.5679910183	-1368
6.56813502312	-1368
6.56929802895	-1368
6.5693628788	-1368
6.56947898865	-1368
6.56971287727	-1368
6.58469700813	-1368
6.58478784561	-1368
6.58527183533	-1368
6.58540487289	-1368
6.58549499512	-1368
6.58763504028	-1368
6.58778691292	-1368
6.58804392815	-1368
6.59105181694	-1368
6.59112596512	-1368
6.59124803543	-1368
6.59132289886	1368
6.59334897995	-1368
6.59904098511	-1368
6.59911084175	-1368
6.59926795959	-1368
6.59938192368	-1368
6.59948396683	-1368
6.59975481033	-1368
6.60007691383	-1368
6.60017895699	-1368
6.60030388832	-1368
6.60576796532	-1368
6.60583996773	-1368
6.60644888878	-1368
6.61616396904	-1368
6.61620783806	-1368
6.61629080772	-1368
6.61662983894	-1368
6.61668992043	-1368
6.61719799042	-1368
6.61762881279	-1368
6.6177239418	-1368
6.61786389351	-1368
6.62119197845	-1368
6.62132000923	-1368
6.62149786949	-1368
6.62406492233	-1368
6.62416696548	-1368
6.62424492836	-1368
6.6246008873	-1368
6.62465596199	1368
6.62473702431	-1368
6.62487483025	-1368
6.62553882599	-1368
6.62560081482	-1368
6.62573885918	-1368
6.62843203545	-1368
6.62852692604	-1368
6.62863683701	-1368
6.63205099106	1368
6.64452791214	-1368
6.64462780952	-1368
6.64475798607	-1368
6.64512085915	-1368
6.6451818943	-1368
6.6452319622	-1368
6.64548683167	-346
6.64549994469	704
6.64678692818	-1368
6.64689588547	-1368
6.6470348835	-1368
6.65018081665	-1368
6.65031003952	-1368
6.65043997765	-1368
6.65259695053	-1368
6.65266680717	-1368
6.65276694298	-1368
6.65324401855	-1368
6.65333199501	-1368
6.65343785286	-1368
6.65472984314	-1368
6.65481090546	-1368
6.65491199493	-1368
6.6562359333	-1368
6.65630984306	-1368
6.65642285347	-1368
6.65687990189	-1368
6.65977501869	-1368
6.65980482101	-1368
6.66014790535	-1368
6.6603000164	-1368
6.66046595573	-1368
6.66111397743	-1368
6.66126298904	-1368
6.66143298149	-1368
6.66318702698	-1368
6.6632168293	-1368
6.66330289841	-1368
6.66571187973	-1368
6.66658687592	-1368
6.66672992706	-1368
6.66703701019	-1368
6.66713380814	-1368
6.66726994514	-1368
6.66864085197	-1368
6.66870594025	-1368
6.66881299019	-1368
6.66928601265	-1368
6.67781090736	-1368
6.67791199684	-1368
6.67805290222	-1368
6.68032503128	-1368
6.68039798737	-1368
6.68042898178	-1368
6.68202781677	-1368
6.68210887909	-1368
6.68222999573	-1368
6.68925881386	-1368
6.6894299984	-1368
6.68951487541	-1368
6.69151091576	-1368
6.69160294533	-1368
6.691852808	-1368
6.69805693626	-1368
6.69811892509	-1368
6.69822692871	-1368
6.6990070343	-1368
6.69911789894	-1368
6.69965195656	-1368
6.70025801659	-1368
6.70027589798	-1368
6.70032095909	-1368
6.70138883591	-1368
6.70153188705	-1368
6.70163798332	-1368
6.70258784294	-1368
6.70267796516	-1368
6.70280480385	-1368
6.70300889015	-1368
6.70313382149	-1368
6.70321989059	-1368
6.70411896706	-1368
6.70421791077	-1368
6.70440602303	-1368
6.70493984222	-1368
6.70504593849	-1368
6.70514702797	-1368
6.70532298088	-1368
6.70558595657	1368
6.70798182487	-1368
6.70805883408	-1368
6.70864486694	-1368
6.70872282982	-1368
6.70883083344	-1368
6.71265888214	-1368
6.71277594566	-1368
6.71290898323	-1368
6.71622300148	-1368
6.7162899971	-1368
6.71637296677	-1368
6.72178983688	-1368
6.72767782211	-1368
6.72773694992	-1368
6.72854995728	-1368
6.72863984108	-1368
6.72868990898	-1368
6.73139500618	-1368
6.73148989677	-1368
6.73159003258	-1368
6.73344087601	-1368
6.73348593712	-1368
6.73355388641	-1368
6.7340760231	-1368
6.73663401604	-1368
6.73669791222	-1368
6.73683094978	-1368
6.73779392242	-1368
6.73790502548	-1368
6.73934102058	-1368
6.74099183083	-1368
6.74108195305	-1368
6.74179387093	-1368
6.74302792549	-1368
6.74313688278	-1368
6.74436497688	-1368
6.74506402016	1368
6.74618697166	-1368
6.74632096291	-1368
6.74643397331	-1368
6.74681401253	-1368
6.74692082405	-1368
6.74741792679	-1368
6.74792289734	-1368
6.74803090096	-1368
6.74836087227	-1368
6.75073885918	-1368
6.75084996223	-1368
6.75104403496	-1368
6.75225090981	-1368
6.7523598671	-1368
6.75249290466	-1368
6.75270986557	-1368
6.75280880928	-1368
6.75293183327	-1368
6.75512099266	-1368
6.75527381897	-1368
6.75577902794	-1368
6.75661182404	-1368
6.75671887398	-1368
6.75683689117	-1368
6.75684785843	-300
6.75685596466	522
6.75833797455	-1368
6.75843286514	-1368
6.75853681564	-1368
6.75952196121	-1368
6.75959300995	-1368
6.75972795486	-1368
6.76015400887	-1368
6.76129794121	-1368
6.76139998436	-1368
6.76159787178	-1368
6.7617418766	-1368
6.76176786423	-1368
6.76607990265	-1368
6.76613998413	-1368
6.76629590988	-1368
6.76663303375	-1368
6.76673197746	-1368
6.76690387726	-1368
6.76711702347	1368
6.7672829628	-1368
6.76739501953	-1368
6.76766490936	-1368
6.77543401718	-1368
6.77551984787	-1368
6.77564692497	-1368
6.77805495262	-1368
6.77936601639	-1368
6.77947187424	-1368
6.78053498268	-1368
6.78067183495	-1368
6.78085684776	-1368
6.78234696388	-1368
6.78248095512	-1368
6.78257894516	-1368
6.78340601921	-1368
6.7834239006	-1368
6.78354382515	-1368
6.78420090675	-1368
6.78482294083	-1368
6.78492498398	-1368
6.78507494926	-1368
6.78518080711	-1368
6.78532290459	-1368
6.78556203842	-1368
6.78591799736	-1368
6.78601384163	-1368
6.78617596626	-1368
6.78641295433	-1368
6.78654789925	-1368
6.78669691086	-1368
6.79572081566	-1368
6.79583382607	-1368
6.79596281052	-1368
6.79612398148	-1368
6.79622983932	-1368
6.79663586617	-1368
6.79698681831	-1368
6.7970688343	-1368
6.79721903801	-1368
6.79742884636	1368
6.80124092102	-1368
6.8012650013	-1368
6.80154180527	-1368
6.80366587639	-1368
6.8037879467	-1368
6.80393886566	-1368
6.80481481552	-1368
6.8049030304	-1368
6.80498695374	-1368
6.80656695366	-1368
6.80664992332	-1368
6.80926084518	-1368
6.80936789513	-1368
6.80939698219	-1368
6.80952692032	-1368
6.8149459362	-1368
6.81508684158	-1368
6.81519603729	-1368
6.81580686569	-1368
6.81590795517	-1368
6.81609988213	-1368
6.81731891632	-1368
6.81742882729	-1368
6.81751394272	-1368
6.81976389885	-1368
6.81979203224	-1368
6.81981086731	-1368
6.82060694695	-1368
6.82158684731	-1368
6.82172989845	-1368
6.82235789299	-1368
6.82243585587	-1368
6.82257199287	-1368
6.82401895523	-1368
6.82409691811	-1368
6.82422780991	-1368
6.82424497604	1368
6.82506680489	-1368
6.82517385483	-1368
6.82527685165	-1368
6.8264169693	-1368
6.82736301422	-1368
6.82748293877	-1368
6.82791996002	-1368
6.82803297043	-1368
6.82813692093	-1368
6.82827401161	-1368
6.82853603363	-1368
6.82868003845	-1368
6.82883286476	-1368
6.8290579319	-1368
6.82915902138	-1368
6.8330039978	-1368
6.83447694778	-1368
6.83468198776	-1368
6.83500289917	-1368
6.83882403374	-1368
6.8389840126	-1368
6.83905982971	-1368
6.83914995193	-1368
6.83963704109	-1368
6.83972501755	-1368
6.84168291092	-1368
6.84179902077	-1368
6.84636902809	-1368
6.8507039547	-1368
6.85078883171	-1368
6.85084891319	-1368
6.85096287727	-1368
6.85099482536	-1368
6.85101294518	-1368
6.85360503197	-1368
6.85370588303	-1368
6.85381698608	-1368
6.85393190384	1368
6.85478997231	-1368
6.8549118042	-1368
6.85503602028	-1368
6.85615491867	-1368
6.85624504089	-1368
6.85633993149	-1368
6.85652589798	-1368
6.85668897629	-1368
6.85690593719	-1368
6.85733389854	-1368
6.85743284225	-1368
6.85747599602	-1368
6.85897397995	-1368
6.85912799835	-1368
6.85918903351	-1368
6.85932898521	-1368
6.86776590347	-150
6.86779999733	501
6.87176203728	-1368
6.87181591988	-1368
6.87188792229	-1368
6.87189984322	-1368
6.87193894386	-1368
6.87273001671	-1368
6.87283396721	-1368
6.87299084663	-1368
6.87593984604	-1368
6.87616896629	-1368
6.87620997429	-1368
6.87630200386	-1368
6.87799191475	-1368
6.87807893753	-1368
6.87897801399	-1368
6.87908101082	-1368
6.87918686867	-1368
6.88084292412	-1368
6.8809428215	-1368
6.88105893135	-1368
6.88422584534	-1368
6.88433790207	-1368
6.88446688652	-1368
6.88499498367	-1368
6.89194393158	-1368
6.8920378685	-1368
6.89214801788	-1368
6.89256095886	-1368
6.89268302917	-1368
6.89350581169	-1368
6.89424490929	-1368
6.89433383942	-1368
6.89505982399	-1368
6.89559984207	-1368
6.89561891556	-1368
6.89602398872	-1368
6.89627885818	1368
6.89756798744	-1368
6.89771699905	-1368
6.89785480499	-1368
6.89817094803	-1368
6.8983039856	-1368
6.89866495132	-1368
6.89904284477	-1368
6.89914488792	-1368
6.89957380295	-1368
6.90020489693	-1368
6.90030288696	-1368
6.90064787865	-1368
6.90237498283	-1368
6.90247988701	-1368
6.90260791779	-1368
6.90276694298	-1368
6.90286302567	-1368
6.90311384201	-1368
6.90337491035	-1368
6.90352797508	-1368
6.90360593796	-1368
6.90472388268	-1368
6.90482592583	-1368
6.90496087074	-1368
6.9162068367	-1368
6.91623187065	-1368
6.91626286507	-1368
6.9166328907	-1368
6.9167098999	-1368
6.91676592827	-1368
6.91868185997	-1368
6.91875600815	-1368
6.91880488396	-1368
6.92411398888	-1368
6.92421483994	-1368
6.92436599731	-1368
6.9296579361	-1368
6.93564081192	-1368
6.93574285507	-1368
6.93643689156	-1368
6.9365568161	-1368
6.9366569519	-1368
6.93668293953	1368
6.93892288208	-1368
6.93902802467	-1368
6.93916201591	-1368
6.94028496742	-1368
6.94041490555	-1368
6.94050598145	-1368
6.94113087654	-1368
6.94159984589	-1368
6.94176292419	-1368
6.94184184074	-1368
6.94209694862	-1368
6.94219183922	-1368
6.94267201424	-1368
6.94302582741	-1368
6.9431450367	-1368
6.94324684143	-1368
6.94477200508	-1368
6.94490981102	-1368
6.95099496841	-1368
6.95124983788	1368
6.95229196548	-1368
6.95242094994	-1368
6.95251893997	-1368
6.95312285423	-1368
6.9532148838	-1368
6.95392084122	-1368
6.95465302467	-1368
6.9547958374	-1368
6.95532989502	-1368
6.95572495461	-1368
6.95582389832	-1368
6.9560790062	-1368
6.95727181435	-1368
6.95741581917	-1368
6.9575138092	-1368
6.95772600174	-1368
6.95781087875	-1368
6.95795583725	-1368
6.96132683754	-1368
6.96142482758	-1368
6.96153187752	-1368
6.96642994881	-1368
6.96654200554	-1368
6.96664381027	-1368
6.97736096382	-1368
6.9774928093	-1368
6.97760987282	-1368
6.97782087326	-1368
6.9779188633	-1368
6.97803282738	-1368
6.97921800613	-861
6.97928500175	754
6.97967290878	-1368
6.9797539711	-1368
6.98053884506	-1368
6.98120188713	-1368
6.98131489754	-1368
6.98197984695	-1368
6.98480987549	-1368
6.98496103287	-1368
6.9850268364	-1368
6.98633694649	-1368
6.98642802238	-1368
6.98738384247	-1368
6.98823094368	-1368
6.98834300041	-1368
6.98905086517	-1368
6.99053096771	-1368
6.99071884155	-1368
6.99130892754	-1368
6.99324083328	-1368
6.9932808876	-1368
6.99332499504	-1368
6.99406981468	-1368
6.99416089058	-1368
6.99475193024	-1368
6.99515390396	1368
6.99538493156	-1368
6.99550080299	-1368
6.99559402466	-1368
6.99677491188	-1368
6.99687695503	-1368
6.99701094627	-1368
6.99915099144	-1368
6.99927282333	-1368
6.99941182137	-1368
6.99980688095	-1368
6.99993801117	-1368
7.00004601479	-1368
7.0023419857	-1368
7.00247192383	-1368
7.00278687477	-1368
7.00738787651	-1368
7.00743985176	-1368
7.00751686096	-1368
7.00769686699	-1368
7.01172089577	-1368
7.01183700562	-1368
7.01205992699	-1368
7.01212787628	-1368
7.01221084595	-1368
7.01593494415	-1368
7.01613497734	-1368
7.01628184319	-1368
7.01709890366	-1368
7.01719689369	-1368
7.01735496521	-1368
7.0183608532	-1368
7.01871490479	-1368
7.01882195473	-1368
7.01904082298	-1368
7.01912903786	-1368
7.01923894882	-1368
7.02022004128	-1368
7.02031683922	-1368
7.02041983604	-1368
7.02047991753	1368
7.02051281929	-1368
7.02247786522	-1368
7.02258300781	-1368
7.02273201942	-1368
7.03083181381	-1368
7.03089189529	-1368
7.03103494644	-1368
7.03194284439	-1368
7.03203296661	-1368
7.03219389915	-1368
7.0354578495	-1368
7.03553390503	-1368
7.03676486015	-1368
7.03773188591	-1368
7.03775787354	-1368
7.03856992722	-1368
7.04025602341	-1368
7.04027581215	-1368
7.04029202461	-1368
7.04084682465	-1368
7.04088497162	-1368
7.04205989838	-1368
7.04322886467	-1368
7.0433139801	-1368
7.04351091385	-1368
7.04569602013	-1368
7.04578280449	-1368
7.04587101936	-1368
7.04734897614	-1368
7.04739403725	-1368
7.04752802849	-1368
7.04762601852	-1368
7.04775691032	-1368
7.04792690277	-1368
7.04822301865	-1368
7.04832696915	-1368
7.04846692085	-1368
7.04851102829	1368
7.05013489723	-1368
7.05030298233	-1368
7.05044293404	-1368
7.05057501793	-1368
7.05109500885	-1368
7.05122900009	-1368
7.05186891556	-1368
7.05200600624	-1368
7.05224084854	-1368
7.05663895607	-1368
7.05665588379	-1368
7.05667686462	-1368
7.06054997444	-1368
7.06074690819	-1368
7.06098890305	-1368
7.06146883965	-1368
7.0632519722	-1368
7.06327390671	-1368
7.06361985207	-1368
7.06363487244	-1368
7.06375288963	-1368
7.06704187393	-1368
7.0671889782	-1368
7.06723189354	-1368
7.06804585457	-1368
7.06818580627	-1368
7.06824088097	-1368
7.07282781601	-1368
7.07345485687	-1368
7.07363891602	-1368
7.07409286499	-1368
7.07413291931	-1368
7.07423591614	-1368
7.07441997528	-1368
7.09049201012	-711
7.09051203728	1326
7.09839987755	-1368
7.09841990471	-1368
7.103910923	-1368
7.10395789146	-1368
7.10410380363	-1368
7.10535383224	-1368
7.10544085503	-1368
7.10555696487	-1368
7.10845088959	-1368
7.10856795311	-1368
7.10867285728	-1368
7.11074495316	-1368
7.11091589928	-1368
7.11433196068	-1368
7.1144618988	-1368
7.11458182335	-1368
7.13317680359	-1368
7.13322901726	-1368
7.13437199593	-1368
7.1345038414	-1368
7.13460302353	-1368
7.13562583923	-1368
7.13575696945	-1368
7.13580989838	-1368
7.13730883598	-1368
7.13737201691	-1368
7.13751292229	1368
7.13752794266	-1368
7.13917183876	-1368
7.1393198967	-1368
7.1409008503	-1368
7.14115691185	-1368
7.14191794395	-1368
7.14200186729	-1368
7.14205288887	-1368
7.14746999741	-1368
7.14758586884	-1368
7.14764499664	-1368
7.14853286743	-1368
7.14859199524	-1368
7.14880990982	-1368
7.14894294739	-1368
7.14970183372	-1368
7.14972186089	-1368
7.14974498749	-1368
7.1498298645	-1368
7.14992594719	-1368
7.15014696121	-1368
7.15274190903	-1368
7.15280795097	-1368
7.15292692184	-1368
7.15820288658	-1368
7.15827298164	-1368
7.15849280357	-1368
7.16741394997	-1368
7.16747999191	-1368
7.16758298874	-1368
7.16800093651	-1368
7.16806387901	-1368
7.16837096214	-1368
7.17597794533	-1368
7.17611789703	-1368
7.17613697052	-1368
7.18009090424	-1368
7.18015885353	-1368
7.18034696579	-1368
7.18172383308	-1368
7.18179893494	-1368
7.18192887306	-1368
7.18195295334	1368
7.18214201927	-1368
7.18221592903	-1368
7.18236088753	-1368
7.1860909462	-1368
7.18611598015	-1368
7.18624901772	-1368
7.1871099472	-1368
7.18729400635	-1368
7.18742799759	-1368
7.18831300735	-1368
7.18924283981	-1368
7.18926787376	-1368
7.18962788582	-1368
7.18984889984	-1368
7.18998503685	-1368
7.19053888321	-1368
7.19060087204	-1368
7.19062685966	-1368
7.19378495216	543
7.19625592232	-1368
7.19640088081	-1368
7.1965470314	-1368
7.19684290886	-1368
7.19817686081	-1368
7.19822502136	-1368
7.20174598694	-1368
7.20185399055	-1368
7.20195388794	-1368
7.20195889473	-736
7.20196890831	1065
7.21109294891	-1368
7.21236801147	-543
7.29930996895	1368
7.29932188988	1368
7.30927395821	1368
7.31327486038	-746
7.31331086159	66
7.31681084633	1368
7.31957697868	1368
7.31978702545	1368
7.32031488419	1368
7.32058596611	1368
7.321434021	1368
7.32202792168	1368
7.32268381119	1368
7.36247992516	1368
7.40783286095	1368
7.40784502029	1368
7.42418003082	11
7.46363687515	-543
7.49733400345	-1368
7.49745893478	-1368
7.4983818531	-1368
7.49848890305	-1368
7.49862194061	-1368
7.49972295761	-1368
7.4998588562	-1368
7.49996399879	-1368
7.50111985207	-1368
7.50125694275	-1368
7.5013859272	-1368
7.50174093246	-1368
7.50895500183	-1368
7.50905489922	-1368
7.50938892365	-1368
7.50952386856	-1368
7.50963687897	-1368
7.51187491417	-1368
7.51198101044	-1368
7.51207995415	-1368
7.51562690735	-1368
7.5157558918	-1368
7.51595401764	-1368
7.51636385918	-1368
7.51783800125	-543
7.52260899544	-1368
7.52271199226	-1368
7.5228369236	-1368
7.52404499054	-1368
7.52421283722	-1368
7.52533197403	-1368
7.52554488182	1368
7.52650094032	-1368
7.52656984329	-1368
7.52714896202	-1368
7.52777695656	-1368
7.52801585197	-1368
7.52829790115	-1368
7.53002786636	-1368
7.5301618576	-1368
7.53059482574	-1368
7.53071188927	-1368
7.53083086014	-1368
7.53155088425	-1368
7.53167891502	-1368
7.53182983398	-1368
7.53203487396	-1368
7.53214788437	-1368
7.53232383728	-1368
7.53654885292	-1368
7.53657197952	804
7.5384979248	-1368
7.53864598274	-1368
7.53884887695	-1368
7.53887891769	-1368
7.53906202316	-1368
7.53987598419	-1368
7.54036998749	-1368
7.54039382935	-1368
7.54060482979	-1368
7.54075098038	-1368
7.54080200195	-1368
7.54123497009	-1368
7.5429918766	-1368
7.5430958271	-1368
7.54332399368	-1368
7.54407501221	-1368
7.54420590401	-1368
7.54450082779	-1368
7.54463386536	-1368
7.54473996162	-1368
7.54503297806	-1368
7.54511284828	-1368
7.54526591301	-1368
7.54887104034	-1368
7.54893493652	-1368
7.55566191673	-1368
7.55574297905	-1368
7.55654287338	-1368
7.5566368103	-1368
7.55705881119	-1368
7.55745983124	-1368
7.55757188797	-1368
7.55796003342	-1368
7.55822086334	1368
7.55826997757	-1368
7.55837488174	-1368
7.55849695206	-1368
7.56279301643	-1368
7.58859086037	-1368
7.58865404129	-1368
7.58906602859	-1368
7.58916091919	-1368
7.59347701073	-1368
7.59353780746	-1368
7.60389590263	-1368
7.60398888588	-1368
7.60838484764	-931
7.62178087234	-1368
7.62187194824	-1368
7.62198400497	-1368
7.64754390717	261
7.66992688179	-1368
7.66997289658	-1368
7.67012190819	-1368
7.6723818779	-1368
7.68636083603	-1368
7.68643593788	-1368
7.68657183647	-1368
7.68868994713	1368
7.69554495811	1368
7.69555783272	1368
7.69566702843	1368
7.69567203522	1368
7.69695901871	1368
7.69742488861	1368
7.69775700569	1368
7.69835090637	1368
7.69845080376	1368
7.71315288544	1368
7.71387386322	1368
7.71847987175	-1368
7.71850895882	-1368
7.71860790253	-1368
7.72363901138	1368
7.72365093231	1368
7.72376394272	1368
7.73309493065	-981
7.73711490631	-1368
7.73721790314	-1368
7.76094794273	1368
7.7675549984	-1368
7.76759791374	1368
7.78065085411	-1368
7.78083395958	-1368
7.7810959816	-1368
7.78590583801	-1368
7.78602600098	-1368
7.78610897064	-1368
7.79887700081	-1368
7.79893803596	-1368
7.79907798767	-1368
7.79925394058	-1368
7.79935097694	-1368
7.79954981804	-1368
7.80347180367	-1368
7.8035030365	1368
7.80356788635	-1368
7.80369186401	-1368
7.80727386475	1368
7.80727887154	1368
7.80738687515	1368
7.80738997459	1368
7.80903887749	1368
7.8090429306	1332
7.80970597267	-1368
7.80978393555	-1368
7.81026792526	-1368
7.82093381882	-1368
7.82104992867	-1368
7.8211479187	-1368
7.82127690315	-1368
7.82141089439	-1368
7.82148790359	-1368
7.82418298721	-1368
7.82426786423	-1368
7.82443594933	-1368
7.82749700546	-1368
7.82758402824	-1368
7.82775092125	-1368
7.82975292206	1368
7.83522796631	-1368
7.83527588844	-1368
7.83537983894	-1368
7.83582687378	-1368
7.8359439373	-1368
7.83605980873	-1368
7.83710193634	-1368
7.83716988564	-1368
7.83733487129	-1368
7.83787703514	-1368
7.83797883987	-1368
7.83811092377	-1368
7.84106087685	-1368
7.84198689461	-1368
7.84205293655	-1368
7.84246087074	-1368
7.84252691269	-1368
7.84257888794	-1368
7.84344983101	-1368
7.84357190132	-1368
7.84367585182	-1368
7.8445558548	-1368
7.84465885162	-1368
7.8447868824	1368
7.84479784966	-1368
7.84579181671	1368
7.84819102287	-740
7.86274003983	-1368
7.86281991005	-1368
7.86292791367	-1368
7.86351084709	-1368
7.86360883713	-1368
7.86465287209	-1368
7.86704897881	-1368
7.86716389656	-1368
7.86845088005	-1368
7.86902403831	-1368
7.8691778183	-1368
7.86973190308	-1368
7.87081193924	-1368
7.87083387375	-1368
7.87091493607	-1368
7.87121391296	-1368
7.87140798569	-1368
7.87203884125	-1368
7.87208986282	-1368
7.87224197388	-1368
7.87360596657	-1368
7.87366700172	-1368
7.87385392189	-1368
7.87472391129	-1368
7.87487602234	-1368
7.87537097931	-1368
7.87538290024	-1368
7.875882864	-1368
7.87597203255	-1368
7.87609291077	-1368
7.87667989731	-1368
7.87679696083	-1368
7.87693595886	-1368
7.8770840168	1368
7.87782788277	-1368
7.87792992592	-1368
7.87803983688	-1368
7.89461088181	-1368
7.89544701576	-1368
7.8955218792	-1368
7.89589500427	-1368
7.89607691765	-1368
7.89734697342	-1368
7.89742684364	-1368
7.89753389359	-1368
7.90585899353	-1368
7.90595602989	-1368
7.92335987091	-1368
7.92339587212	501
7.93956303596	-1368
7.94013786316	-1368
7.9402449131	-1368
7.94227099419	-1368
7.94236493111	-1368
7.94256591797	-1368
7.94388198853	-1368
7.9439599514	-1368
7.94408202171	-1368
7.94473791122	-1368
7.94483494759	-1368
7.94496583939	-1368
7.94528603554	-1368
7.9605679512	-1368
7.96071195602	-1368
7.96168398857	-1368
7.96176695824	-1368
7.96188902855	-1368
7.96293783188	-1368
7.96305704117	-1368
7.96321392059	-1368
7.96828389168	-1368
7.96832489967	-1368
7.96843886375	-1368
7.96871185303	-1368
7.97106981277	-1368
7.97118782997	-1368
7.97130084038	-1368
7.97144293785	-1368
7.97165894508	-1368
7.97213602066	-1368
7.97244095802	-1368
7.9726228714	-1368
7.97283983231	-1368
7.97310495377	-1368
7.97315597534	-1368
7.97318601608	-1368
7.97340297699	1368
7.97397184372	-820
7.98072886467	-1368
7.98086690903	-1368
7.98126387596	-1368
7.98135089874	-1368
7.98145484924	-1368
7.98192596436	-1368
7.98205494881	-1368
7.98216795921	-1368
7.9866130352	-1368
7.98670983315	-1368
7.98687791824	-1368
7.98715686798	-1368
7.9988079071	-1368
7.99894881248	-1368
7.99973487854	-1368
7.99984002113	-1368
7.99994802475	-1368
8.00081682205	-1368
8.00107192993	-1368
8.00119900703	-1368
8.00437092781	-1368
8.00446796417	-1368
8.00459885597	-1368
8.00470590591	-1368
8.01880192757	-1368
8.01891994476	-1368
8.019520998	-1368
8.01962304115	-1368
8.0198059082	-1368
8.02142500877	-1368
8.02155399323	-1368
8.02163100243	-1368
8.02263903618	-1368
8.02273893356	-1368
8.02288603783	-1368
8.02356100082	-1368
8.03135180473	-1368
8.0314078331	-1368
8.03156685829	-1368
8.03169989586	-1368
8.03188991547	-1368
8.03212785721	-1368
8.03232383728	-1368
8.0323638916	-1368
8.03242683411	-1368
8.03555703163	-1368
8.03556895256	1347
8.03566598892	-1368
8.04861688614	-1368
8.05030894279	-1368
8.05043697357	-1368
8.05053186417	-1368
8.05130982399	-1368
8.05145287514	-1368
8.05164384842	-1368
8.05294299126	-1368
8.05313301086	-1368
8.05329990387	-1368
8.05482292175	-1368
8.05488300323	-1368
8.05506491661	-1368
8.06031084061	-1368
8.06034302711	-1368
8.06036281586	-1368
8.06054282188	-1368
8.06066703796	-1368
8.06073498726	-1368
8.06112194061	-1368
8.06125593185	-1368
8.06139683723	-1368
8.0617480278	-1368
8.06183385849	-1368
8.06210684776	-1368
8.06235194206	-1368
8.06596589088	1368
8.09166002274	-216
8.09552097321	-1368
8.09557104111	-1368
8.09974503517	-1368
8.09979701042	-1368
8.1000328064	-1368
8.10190582275	-1368
8.10196495056	-1368
8.10206484795	-1368
8.10277295113	-1368
8.10287189484	-1368
8.10301995277	-1368
8.10352492332	-1368
8.10375595093	-1368
8.10385894775	-1368
8.10436987877	-1368
8.10443282127	-1368
8.10457801819	-1368
8.10509991646	-1368
8.10521697998	-1368
8.10534596443	-1368
8.10604691505	-1368
8.10618495941	-1368
8.10634493828	-1368
8.10668087006	-1368
8.10722899437	-1368
8.10736203194	-1368
8.10740995407	-1368
8.10750389099	-1368
8.10763788223	-1368
8.10792803764	-1368
8.10816502571	1368
8.10830187798	-1368
8.10836482048	-1368
8.10874295235	-1368
8.1089758873	-1368
8.10916900635	-1368
8.10928082466	-1368
8.12486386299	1368
8.12487888336	1368
8.12747597694	-1368
8.12754297256	-1368
8.12758898735	-1368
8.12774181366	-1368
8.12783789635	-1368
8.12806797028	-1368
8.13538503647	-1368
8.13553190231	-1368
8.13561296463	-1368
8.13743686676	-1368
8.13751983643	-1368
8.1378569603	-1368
8.13907694817	-1368
8.13917684555	-1368
8.13930892944	-1368
8.13948392868	-1368
8.13958191872	-1368
8.13971090317	-1368
8.14378595352	-1368
8.14387392998	-1368
8.14398384094	-1368
8.14459180832	1368
8.14637303352	-1368
8.14643883705	-1368
8.14656496048	-1368
8.14856696129	-1368
8.14858698845	675
8.14871883392	-1368
8.148873806	-1368
8.14965391159	-1368
8.16173100471	1368
8.18350887299	1368
8.19528388977	-1368
8.19545292854	-1368
8.19566893578	-1368
8.19982099533	1368
8.20101690292	-1368
8.20111703873	-1368
8.20124387741	-1368
8.20201587677	-1368
8.20212483406	-1368
8.2047958374	1368
8.20485496521	-1368
8.20693397522	-1368
8.20697283745	-1368
8.20775699615	-1078
8.20860481262	-1368
8.20861887932	-1368
8.20872187614	-1368
8.21971702576	-1368
8.21981787682	-1368
8.21998500824	-1368
8.22076392174	-1368
8.22087001801	-1368
8.22097492218	-1368
8.22480893135	-1368
8.2248840332	-1368
8.22500681877	-1368
8.22509098053	1368
8.23250985146	-1368
8.23267698288	-1368
8.23277997971	-1368
8.23871588707	-1368
8.24432682991	-1368
8.2444319725	-1368
8.2446398735	-1368
8.24474382401	-1368
8.24512195587	-1368
8.24545383453	-1368
8.24558496475	-1368
8.24575090408	-1368
8.24911689758	-1368
8.24935293198	-1368
8.24955797195	-1368
8.24993896484	-1368
8.2507109642	-1368
8.25075387955	-1368
8.2511639595	-1368
8.25131583214	-1368
8.25139403343	1368
8.25147891045	-1368
8.25320100784	-1368
8.25331187248	-1368
8.25344181061	-1368
8.25549292564	-1368
8.2555398941	-1368
8.25567483902	-1368
8.25914692879	-1368
8.26989102364	-1368
8.26991987228	451
8.26995587349	-1368
8.27008581161	-1368
8.27092695236	-1368
8.27102589607	-1368
8.27125692368	-1368
8.27543187141	-1368
8.27553200722	-1368
8.27650284767	-1368
8.2776248455	-1368
8.27772784233	-1368
8.27852797508	-1368
8.28019285202	-1368
8.28032803535	-1368
8.28044295311	-1368
8.28146886826	-1368
8.2815618515	-1368
8.28159284592	-1368
8.28264594078	-1368
8.28281784058	-1368
8.28335094452	-1368
8.28381586075	-1368
8.28384304047	-1368
8.28389596939	-1368
8.29274296761	-1368
8.29284691811	-1368
8.29299688339	-1368
8.293186903	-1368
8.29329299927	-1368
8.29339003563	-1368
8.29364991188	-1368
8.29374098778	-1368
8.29392695427	-1368
8.29851102829	-1368
8.29853987694	-1368
8.29864692688	-1368
8.29883790016	1368
8.29902887344	-1368
8.30065584183	-1368
8.30072784424	-1368
8.30097699165	-1368
8.30111193657	-1368
8.30123400688	-1368
8.30221891403	-1368
8.30229282379	-1368
8.30234694481	-1368
8.30556082726	-1368
8.3056910038	-1368
8.30576586723	-1368
8.30609583855	-1368
8.30774593353	-1368
8.30782103539	-1368
8.30806493759	-1368
8.308177948	-1368
8.30827999115	-1368
8.30915999413	-1368
8.30924391747	-1368
8.30935692787	-1368
8.31279993057	-1368
8.31292581558	-1368
8.31299996376	-1368
8.31313586235	-1368
8.31882596016	-528
8.32485795021	-1368
8.32502698898	-1368
8.33058595657	-1368
8.33068490028	-1368
8.33082294464	-1368
8.35500884056	-1368
8.35512685776	-1368
8.35532903671	1368
8.355479002	-1368
8.3555829525	-1368
8.35570597649	-1368
8.35574889183	-1368
8.36689186096	-1368
8.36720991135	-543
8.37556886673	-1368
8.37570691109	-1368
8.37576985359	-1368
8.37601304054	-1368
8.37610387802	-1368
8.37625098228	-1368
8.37720990181	-1368
8.37732791901	-1368
8.37742996216	-1368
8.38131189346	-1368
8.38133502007	-1368
8.38135886192	-1368
8.38139986992	-1368
8.38436889648	-1368
8.38440489769	522
8.38443183899	-1368
8.38471698761	-1368
8.38491082191	-1368
8.38507986069	-1368
8.38520693779	-1368
8.38523292542	-1368
8.38539481163	-1368
8.38842201233	-1368
8.38845300674	-1368
8.38850784302	-1368
8.3912858963	-1368
8.41239285469	-1368
8.41247391701	-1368
8.41814994812	-1368
8.41828203201	-1368
8.4183909893	-1368
8.42017889023	-1368
8.42997193336	-526
8.4346139431	-1368
8.43480181694	-1368
8.43498396873	-1368
8.44208884239	-1368
8.44222903252	-1368
8.44234490395	-1368
8.4426138401	-1368
8.45465397835	-1368
8.45468997955	-1368
8.45525693893	-1368
8.45533299446	-1368
8.45548987389	-1368
8.45719599724	-1368
8.45732092857	-1368
8.45747089386	-1368
8.45749902725	1368
8.46051287651	-1368
8.46060800552	-1368
8.46073102951	-1368
8.4638710022	-1368
8.4815568924	-1368
8.48171186447	-1368
8.48176383972	-1368
8.48382401466	-1368
8.48397302628	-1368
8.48506188393	-1368
8.48666095734	-1368
8.48678994179	-1368
8.48747682571	-1368
8.48871803284	-1368
8.4888188839	-1368
8.48942995071	-1368
8.49214601517	-1368
8.49218297005	-1368
8.49220085144	-1368
8.49306201935	-1368
8.49316096306	-1368
8.49378800392	-1368
8.49483203888	-1368
8.49495482445	-1368
8.4958178997	-1368
8.49669790268	-1368
8.4967110157	1318
8.49677681923	-1368
8.49689698219	-1368
8.51246094704	-1368
8.51253199577	-1368
8.51257300377	-1368
8.51271700859	-1368
8.5127658844	-1368
8.51284980774	-1368
8.5151219368	-1368
8.51522994041	-1368
8.51533102989	-1368
8.52028298378	-1368
8.52049303055	-1368
8.52071499825	-1368
8.52921390533	-1368
8.52997684479	-1368
8.53007292747	-1368
8.53064584732	-1368
8.53074884415	-1368
8.53089690208	-1368
8.53163194656	-1368
8.53174686432	-1368
8.53184580803	-1368
8.5332608223	-1368
8.53334593773	-1368
8.53343987465	-1368
8.53386497498	-1368
8.54030299187	1368
8.54031801224	1368
8.54106402397	-287
8.55186581612	-1368
8.55193781853	-1368
8.55277180672	-1368
8.55287003517	-1368
8.55306196213	-1368
8.55416202545	-1368
8.55422592163	-1368
8.55432391167	-1368
8.55586099625	-1368
8.55604195595	-1368
8.55611896515	-1368
8.55630898476	1368
8.55654788017	-1368
8.55907201767	-1368
8.55911684036	-1368
8.55913686752	-1368
8.55917596817	-1368
8.55920386314	-1368
8.55943799019	-1368
8.55956888199	-1368
8.55966901779	-1368
8.56134986877	-1368
8.56145000458	-1368
8.5615940094	-1368
8.56175994873	-1368
8.57867503166	-1368
8.57872700691	-1368
8.57884192467	-1368
8.5825510025	-1368
8.58263897896	-1368
8.58274698257	-1368
8.65158581734	696
8.66307902336	-1203
8.70854997635	-1368
8.70867300034	-1368
8.70905995369	-1368
8.70912981033	-1368
8.70925188065	-1368
8.70980000496	-1368
8.70999884605	-1368
8.71024799347	-1368
8.71515393257	-1368
8.71523189545	-1368
8.7153069973	-1368
8.71577596664	-1368
8.72863984108	-1368
8.72876381874	-1368
8.72942090034	-1368
8.72947192192	-1368
8.72954583168	-1368
8.73077392578	-1368
8.73081898689	-1368
8.73096895218	-1368
8.73547697067	-1368
8.73567986488	-1368
8.735850811	-1368
8.73646187782	-1368
8.74651098251	-1368
8.74657297134	-1368
8.74681091309	-1368
8.74708795547	-1368
8.74729180336	-1368
8.74748182297	-1368
8.75026082993	-1368
8.75032091141	-1368
8.75037002563	-1368
8.75508284569	-1368
8.75520682335	-1368
8.75546002388	-1368
8.75571584702	1368
8.75959396362	-1368
8.7596988678	-1368
8.7605919838	-1368
8.76071882248	-1368
8.76082396507	-1368
8.76348280907	-1368
8.76351594925	232
8.76355600357	-1368
8.76370596886	-1368
8.7676448822	-1368
8.76779794693	-1368
8.76789593697	-1368
8.77050900459	-1368
8.77423286438	-1056
8.78866481781	-1368
8.78874087334	-1368
8.7892768383	-1368
8.78938484192	-1368
8.78950595856	-1368
8.79165792465	-1368
8.79176688194	-1368
8.79187297821	-1368
8.79354381561	-1368
8.7935988903	-1368
8.79369401932	-1368
8.79419898987	-1368
8.80731987953	-1368
8.80744600296	-1368
8.80754303932	-1368
8.80768799782	-1368
8.80779004097	-1368
8.80845594406	-1368
8.80857086182	-1368
8.80869698524	-1368
8.81103181839	-1368
8.81111598015	-1368
8.81123900414	-1368
8.81165599823	-1368
8.84334588051	-1368
8.84344387054	-1368
8.84355187416	-1368
8.84397983551	-1368
8.84418582916	-1368
8.84509992599	-1368
8.84538698196	1368
8.84543299675	-1368
8.84565782547	-1368
8.845733881	-1368
8.84904193878	-1368
8.8491358757	-1368
8.84988093376	-1368
8.86464500427	-1368
8.86470603943	-1368
8.86484193802	-1368
8.86815595627	-1368
8.86841893196	-1368
8.86982584	-1368
8.87090086937	-1368
8.87599897385	-1368
8.87601590157	261
8.89967393875	-273
8.90901303291	-1368
8.90903401375	-1368
8.9093580246	-1368
8.90944480896	-1368
8.90954780579	-1368
8.91256690025	-1368
8.91271996498	-1368
8.91285681725	-1368
8.91684985161	-1368
8.91695284843	-1368
8.91707181931	-1368
8.92880797386	-1368
8.92943096161	-1368
8.92954087257	-1368
8.93004703522	-1368
8.9301199913	-1368
8.93023490906	-1368
8.93179988861	-1368
8.93187880516	-1368
8.93206501007	-1368
8.93804693222	-1368
8.93812990189	-1368
8.93824195862	-1368
8.94745182991	-1368
8.94830489159	-1368
8.94838285446	-1368
8.94910597801	-1368
8.94913196564	-1368
8.949229002	-1368
8.95096683502	-1368
8.95119690895	-1368
8.95130085945	-1368
8.95351290703	-1368
8.95359802246	-1368
8.95362186432	-1368
8.95438098907	-1368
8.97214388847	-1368
9.000841856	-1368
9.00086402893	1086
9.01529502869	-1368
9.01536893845	-1368
9.02099299431	-1090
9.02219295502	-1368
9.02229785919	-1368
9.03327083588	-1368
9.03337693214	-1368
9.03350996971	-1368
9.03361392021	-1368
9.03374099731	-1368
9.03415703773	-1368
9.03427481651	-1368
9.03439903259	-1368
9.03457403183	-1368
9.03977584839	-1368
9.03986287117	-1368
9.04007387161	-1368
9.0560529232	-1368
9.05611491203	-1368
9.05625295639	-1368
9.05679988861	-1368
9.05691885948	-1368
9.05750393867	-1368
9.05779004097	-1368
9.0578918457	-1368
9.05802583694	-1368
9.06127595901	-1368
9.0613758564	-1368
9.08297491074	1368
9.09312582016	-1368
9.09501290321	1368
9.09613490105	-1368
9.0962908268	-1368
9.09726881981	-1368
9.09740781784	-1368
9.09767103195	-1368
9.09906387329	-1368
9.09914898872	-1368
9.09917402267	-1368
9.09924793243	-1368
9.09938287735	-1368
9.09948587418	-1368
9.09963703156	-1368
9.10023498535	-1368
9.10036301613	-1368
9.10046696663	-1368
9.10140180588	-1368
9.10143089294	-1368
9.10370993614	1368
9.10832595825	1368
9.1334028244	-555
9.13341903687	1015
9.19298791885	543
9.19302487373	543
9.28153681755	-1368
9.28157186508	543
9.28171896935	-1368
9.28173685074	-891
9.28268885612	1368
9.39279985428	-543
9.39284491539	1260
9.45157003403	1368
9.48418688774	-1368
9.4842748642	-1368
9.48440098763	-1368
9.48451685905	-1368
9.48454499245	-1368
9.48530101776	-1368
9.48539590836	-1368
9.48551487923	-1368
9.48772001266	-1368
9.5041949749	-712
9.50423383713	232
9.51337885857	-1368
9.5134909153	-1368
9.56312298775	-1368
9.5632019043	-1368
9.56978297234	-1368
9.56985998154	-1368
9.60974788666	-1368
9.61336398125	-1368
9.61346483231	-1368
9.61518383026	-712
9.61519694328	1057
9.65577292442	-1368
9.65582895279	-1368
9.65594387054	-1368
9.69369292259	1368
9.70563983917	-1368
9.70570087433	-1368
9.70581197739	-1368
9.71298599243	1368
9.71334981918	1368
9.71335697174	1368
9.7267999649	-1189
9.72683286667	356
9.81999087334	-1368
9.83372998238	1368
9.83781981468	-232
9.83784794807	775
9.92421889305	-1368
9.92435503006	-1368
9.92482995987	-1368
9.92492890358	-1368
9.92494797707	-1368
9.92583489418	-1368
9.92593502998	-1368
9.92605996132	-1368
9.93227100372	-1368
9.93235993385	-1368
9.94919681549	-886
9.94923090935	1086
9.97789382935	-1368
10.0281460285	-1368
10.0484600067	-1368
10.0485479832	-1368
10.048666954	-1368
10.0604200363	-501
10.0604429245	543
10.0742268562	1368
10.1458828449	-1368
10.1715979576	-203
10.1716418266	1318
10.2104628086	-1368
10.2105498314	-1368
10.2831718922	-377
10.2832009792	543
10.3889298439	-1368
10.3942940235	-1289
10.3943250179	1086
10.5054719448	-543
10.5374319553	-1368
10.5375368595	-1368
10.560174942	-1368
10.5603678226	-1368
10.5604948997	-1368
10.5607178211	-1368
10.5608468056	-1368
10.5617220402	-1368
10.5624909401	-1368
10.5626828671	-1368
10.5627670288	-1368
10.5657498837	543
10.5671198368	-1368
10.5671899319	-1368
10.567209959	-1368
10.5782380104	-1368
10.5783820152	-1368
10.5784349442	-1368
10.5801479816	-1368
10.5802369118	-1368
10.580480814	-1368
10.5817959309	-1368
10.5818870068	-1368
10.5820720196	-1368
10.5821108818	1368
10.5835950375	-1368
10.5837049484	-1368
10.5838038921	-1368
10.5840988159	-1368
10.6281750202	-1368
10.6283099651	-1368
10.6297168732	-1368
10.6297738552	-1368
10.6298289299	-1368
10.6316659451	-1368
10.6317658424	-1368
10.6319220066	-1368
10.6324548721	-1368
10.6325418949	-1368
10.6326408386	-1368
10.6329329014	-1368
10.6483969688	-315
10.6710579395	-1368
10.6712229252	-1368
10.6765449047	-1368
10.6767148972	-1368
10.6933319569	775
10.7345440388	-1368
10.7820448875	-957
10.8217978477	-1368
10.8218250275	543
10.8930799961	-232
10.9700958729	1057
11.0662689209	-543
11.0812928677	543
11.2904379368	-1368
11.2904698849	-1368
11.290489912	-891
11.290902853	-1368
11.2910048962	-1368
11.2915568352	-1368
11.2920219898	-1368
11.2921450138	-1368
11.2922809124	-1368
11.2949910164	-1368
11.29509902	-1368
11.2952530384	-1368
11.2955868244	543
11.2960898876	-1368
11.2961969376	-1368
11.2963178158	-1368
11.2964789867	-1368
11.296599865	-1368
11.4021680355	-127
11.4459819794	543
11.4695060253	1368
11.5808048248	261
11.6820538044	-543
11.7026138306	-1368
11.7027230263	-1368
11.7611298561	-1368
11.7685439587	543
11.7931368351	-66
11.9430978298	543
11.9551789761	-543
12.1525959969	-543
12.1628668308	543
12.3491280079	-543
12.42720294	1057
12.6180930138	543
12.8027908802	-543
14.7469418049	543
14.9776768684	-1057
14.9936900139	543
15.1197228432	-543
15.1931049824	543
15.5472090244	-543
