0	543
0.0108788013458	1057
0.293845891953	-543
0.427862882614	-543
0.627740859985	-1368
0.627774000168	-203
0.639484882355	-1368
0.639516830444	-1368
0.639554977417	-1368
0.639598846436	-1368
0.639644861221	-1368
0.639691829681	-1368
0.651417970657	-1368
0.651500940323	-1368
0.738608837128	1057
0.751513957977	1368
0.752750873566	1368
0.755761861801	-1368
0.755813837051	-1255
0.827820777893	-1368
0.827842950821	-1368
0.827865839005	-1368
0.832973957062	-1368
0.833021879196	-1368
0.833028793335	-1368
0.866863965988	435
0.883698940277	-132
1.02874994278	-1368
1.04938983917	-746
1.22639989853	-1368
1.22644376755	-1368
1.22647285461	-891
1.23095679283	-1368
1.23106193542	-1368
1.23113298416	-1368
1.23941493034	543
1.35429787636	-609
1.35464477539	1368
1.36020088196	1368
1.40732288361	464
1.42719888687	-1368
1.42728996277	-1368
1.43915891647	-1368
1.48274493217	-580
1.48864793777	1368
1.5358068943	232
1.62712192535	-1368
1.62719297409	-1368
1.62724280357	-377
1.63077688217	1368
1.63079285622	1368
1.70340299606	891
1.82752299309	-1368
1.82755684853	-1231
1.82757687569	-1368
1.95532894135	-203
1.95670580864	543
2.02771496773	-1368
2.02776098251	-1368
2.02778482437	-1368
2.02780580521	-1368
2.02940583229	-1368
2.02943086624	-1368
2.02946686745	-1368
2.03342795372	-1368
2.03349995613	-1368
2.03352379799	-1368
2.038615942	-1368
2.08330893517	-1118
2.08516979218	543
2.12690877914	-1368
2.12749385834	-1368
2.12753391266	-1368
2.12754178047	-1368
2.12941288948	-1368
2.12944078445	-1368
2.12946200371	-1368
2.13369297981	-1368
2.13373088837	-1368
2.15564584732	-1368
2.15568685532	-1368
2.15569186211	-1368
2.21117782593	-264
2.22678399086	-1368
2.22683691978	543
2.22777199745	-1368
2.22780394554	-1368
2.22782993317	-1368
2.23035478592	-1368
2.23046898842	-1368
2.23048996925	-1368
2.23505377769	-1368
2.23515486717	-1368
2.23524689674	-1368
2.23980998993	-1368
2.23988294601	-1368
2.32787179947	-1368
2.32791495323	-1368
2.32794189453	-1368
2.32794499397	-1368
2.3320248127	-1368
2.33206892014	-1368
2.33208990097	-1368
2.33286380768	-1368
2.3328909874	-1368
2.33291578293	-1368
2.33886694908	-1368
2.3389749527	-1368
2.35536789894	-499
2.35539579391	1086
2.42679095268	-1368
2.42685484886	-1368
2.42689585686	-1368
2.42691493034	-1368
2.42977190018	-1368
2.42981481552	-1368
2.429874897	-1368
2.42988300323	-1368
2.42988777161	-1368
2.43933677673	-1368
2.43939685822	-1368
2.43943285942	-1368
2.48384690285	-235
2.48386979103	543
2.5275747776	-1368
2.52763199806	-1368
2.52766680717	-1368
2.52907586098	-1368
2.52912592888	-1368
2.52915596962	-1368
2.52918887138	-1368
2.52920794487	-1368
2.52924084663	-1368
2.53848791122	-1368
2.53854084015	-1368
2.53854799271	-1368
2.61220479012	-264
2.61222982407	543
2.62773489952	-1368
2.62778997421	-1368
2.62783193588	-1368
2.62917494774	-1368
2.62924098969	-1368
2.62925100327	-1368
2.62926387787	-1368
2.62926983833	-1368
2.62928199768	-1368
2.63885688782	-1368
2.63897585869	-1368
2.63903689384	-1368
2.72686982155	-1368
2.72690582275	-1368
2.72693681717	-1368
2.72883987427	-1368
2.72886586189	-1368
2.72889184952	-1368
2.7289288044	-1368
2.72894382477	-1368
2.72897791862	-1368
2.7384428978	-1368
2.7384698391	-1368
2.73848891258	-1368
2.74017691612	-499
2.74019384384	1086
2.8271958828	-1368
2.82723784447	-1368
2.82726478577	-1368
2.83051490784	-1368
2.83055090904	-1368
2.83055877686	-1368
2.8305850029	-1368
2.83059883118	-1368
2.83062887192	-1368
2.83866596222	-1368
2.83870983124	-1368
2.8387298584	-1368
2.86871600151	-235
2.86875677109	543
2.92790484428	-1368
2.92793798447	-1368
2.92795991898	-1368
2.93095993996	-1368
2.9309887886	-1368
2.93100595474	-1368
2.93102788925	-1368
2.93104577065	-1368
2.93107891083	-1368
2.93909478188	-1368
2.93913292885	-1368
2.93915200233	-1368
2.99680495262	-264
3.02892684937	-1368
3.02897286415	-1368
3.02900981903	-1368
3.0323278904	-1368
3.03238677979	-1368
3.03239679337	-1368
3.03240680695	-1368
3.03243279457	-1368
3.03244996071	-1368
3.03816580772	-1368
3.03820896149	-1368
3.04943585396	-1368
3.12483882904	-264
3.12702798843	-1368
3.12710595131	-1368
3.12718677521	-1368
3.12723278999	-1368
3.12725377083	-1368
3.12933278084	-1368
3.12937188148	-1368
3.12939882278	-1368
3.1296749115	543
3.13819384575	-1368
3.13883090019	-1368
3.13888192177	-1368
3.15024495125	-1368
3.22768592834	-1368
3.22778892517	-1368
3.22785377502	-1368
3.22786283493	-1368
3.22787094116	-1368
3.22868394852	-1368
3.22871899605	-1368
3.22874283791	-1368
3.23844981194	-1368
3.23849987984	-1368
3.23850798607	-1368
3.25018882751	-1368
3.25315499306	-528
3.29537391663	1086
3.3264977932	-1368
3.32652497292	-1368
3.33079600334	-1368
3.33082199097	-1368
3.33083891869	-1368
3.3308467865	-1368
3.3308608532	-1368
3.33088994026	-1368
3.33962798119	-1368
3.33969092369	-1368
3.33972382545	-1368
3.35133290291	-1368
3.38103485107	-264
3.4279589653	-1368
3.42798089981	543
3.42798995972	-1368
3.43129897118	-1368
3.43134593964	-1368
3.43138885498	-1368
3.43144178391	-1368
3.4314827919	-1368
3.43151688576	-1368
3.43211078644	-1368
3.43214988708	-1368
3.43217277527	-1368
3.44373178482	-1368
3.52784085274	-1368
3.5278608799	-1368
3.52860379219	-1368
3.52863192558	-1368
3.52865982056	-1368
3.52993178368	-1368
3.52996397018	-1368
3.52998280525	-1368
3.5302298069	1368
3.53309583664	-1368
3.5331158638	-1368
3.53313398361	-1368
3.54443693161	-1368
3.55331778526	-499
3.59528589249	261
3.62729978561	-1368
3.62735199928	-1368
3.62737679482	-1368
3.62740778923	-1368
3.62981295586	-1368
3.62986087799	-1368
3.6298789978	-1368
3.63278698921	-1368
3.63281393051	-1368
3.63283991814	-1368
3.63285684586	-1368
3.64375591278	-1368
3.71717977524	-264
3.72723293304	-1368
3.72727489471	-1368
3.7272977829	-1368
3.72730493546	-1368
3.73088383675	-1368
3.73091483116	-1368
3.73093986511	-1368
3.73246693611	-1368
3.73249483109	-1368
3.7325129509	-1368
3.7381799221	-1368
3.73822689056	-1368
3.8305118084	-1368
3.83055996895	-1368
3.8312458992	-1368
3.83126783371	-1368
3.83166384697	1057
3.83214783669	-1368
3.83217191696	-1368
3.83222079277	-1368
3.83303594589	-1368
3.83306097984	-1368
3.83308577538	-1368
3.83864188194	-1368
3.83866977692	-1368
3.84512686729	-528
3.92736983299	-1368
3.92739677429	-1368
3.92742085457	-1368
3.92744278908	-1368
3.92872595787	-1368
3.92875885963	-1368
3.92878389359	-1368
3.92978596687	-1368
3.92981100082	-1368
3.92987298965	-1368
3.93841385841	-1368
3.93844079971	-1368
4.00931692123	-235
4.00935578346	543
4.02770781517	-1368
4.02841496468	-1368
4.02844691277	-1368
4.0284678936	-1368
4.03074979782	-1368
4.0307738781	-1368
4.03083395958	-1368
4.03086876869	-1368
4.03089189529	-1368
4.03091096878	-1368
4.03827285767	-1368
4.03829979897	-1368
4.12712597847	-1368
4.12719988823	-1368
4.12722492218	-1368
4.12724494934	-1368
4.12853193283	-1368
4.12856698036	-1368
4.12859892845	-1368
4.12861299515	-1368
4.12861680984	-1368
4.12864995003	-1368
4.13777399063	-93
4.13781881332	1086
4.13897895813	-1368
4.13900589943	-1368
4.22768092155	-1368
4.2281639576	-1368
4.22827076912	-1368
4.22827577591	-1368
4.23009586334	-1368
4.23013281822	-1368
4.23015880585	-1368
4.2307639122	-1368
4.23080086708	-1368
4.23080992699	-1368
4.23846292496	-1368
4.23856377602	-1368
4.26634979248	-670
4.26637387276	543
4.3271780014	-1368
4.32721495628	-1368
4.32722997665	-1368
4.33030676842	-1368
4.3304309845	-1368
4.33044195175	-1368
4.33045077324	-1368
4.33045387268	-1368
4.33046483994	-1368
4.33885192871	-1368
4.3389070034	-1368
4.33894586563	-1368
4.39465880394	-235
4.4270567894	-1368
4.42708897591	-1368
4.42712378502	-1368
4.42907691002	-1368
4.42909789085	-1368
4.42912483215	-1368
4.42914581299	-1368
4.42916488647	-1368
4.42919778824	-1368
4.42945599556	543
4.43818593025	-1368
4.43820786476	-1368
4.43822598457	-1368
4.52251982689	-264
4.52688193321	-1368
4.52689981461	-1368
4.52692079544	-1368
4.52910995483	-1368
4.52913689613	-1368
4.52916383743	-1368
4.52918791771	-1368
4.5292069912	-1368
4.52923989296	-1368
4.53813481331	-1368
4.53815579414	-1368
4.53817391396	-1368
4.62673091888	-1368
4.62675786018	1086
4.62677097321	-1368
4.62684297562	-1368
4.62966895103	-1368
4.62969684601	-1368
4.62972092628	-1368
4.62974095345	-1368
4.62976884842	-1368
4.62979888916	-1368
4.63853597641	-1368
4.63855981827	-1368
4.63857579231	-1368
4.65053486824	-499
4.72765398026	-1368
4.72769379616	-1368
4.72771191597	-1368
4.72835683823	-1368
4.72838997841	-1368
4.72839379311	-1368
4.72899580002	-1368
4.72901678085	-1368
4.72903394699	-1368
4.73838996887	-1368
4.73843288422	-1368
4.74987792969	-1368
4.77844882011	-264
4.77847385406	1086
4.82641386986	-1368
4.8264708519	-1368
4.8277349472	-1368
4.82777881622	-1368
4.82781195641	-1368
4.83006000519	-1368
4.83012390137	-1368
4.83013486862	-1368
4.83896279335	-1368
4.83905386925	-1368
4.83909583092	-1368
4.85080385208	-1368
4.90698480606	-264
4.90703487396	543
4.9270567894	-1368
4.92709088326	-1368
4.92860889435	-1368
4.92863488197	-1368
4.92870187759	-1368
4.9287648201	-1368
4.92878389359	-1368
4.92880392075	-1368
4.9393799305	-1368
4.93941092491	-1368
4.93943190575	-1368
4.95080685616	-1368
4.99987792969	543
5.00248479843	-543
5.02830576897	-1368
5.0283408165	-1368
5.02836489677	-1368
5.0283768177	-1368
5.02841377258	-1368
5.02983283997	-1368
5.02985692024	-1368
5.02989292145	-1368
5.0354487896	-744
5.03547978401	543
5.03788280487	-1368
5.0379679203	-1368
5.03798484802	-1368
5.13672184944	-1368
5.13674783707	-1368
5.1367688179	-1368
5.13776493073	-1368
5.13778996468	-1368
5.1378068924	-1368
5.13869190216	-1368
5.13870692253	-1368
5.13874983788	-1368
5.13877892494	-1368
5.13879990578	-1368
5.13881778717	-1368
5.15050077438	-1368
5.16386294365	-19
5.16390299797	1086
5.22787690163	-1368
5.27006387711	1368
5.29197478294	-717
5.29201483727	746
5.3451218605	-543
5.4204659462	1057
5.6276447773	-1368
5.62765288353	-203
5.62769985199	-1368
5.62771582603	-1368
5.62859678268	-1368
5.62863183022	-1368
5.62864995003	-1368
5.63064980507	-1368
5.63067793846	-1368
5.63070678711	-1368
5.63817381859	-1368
5.63819289207	-1368
5.72722887993	-1368
5.72726082802	-1368
5.72727894783	-1368
5.72733879089	-1368
5.72894287109	-1368
5.72896695137	-1368
5.728992939	-1368
5.72926187515	543
5.7297129631	-1368
5.72973394394	-1368
5.72976493835	-1368
5.73790979385	-1368
5.73795294762	-1368
5.75561189651	-1179
5.82696795464	-1368
5.82699084282	-1368
5.82701086998	-1368
5.82704091072	-1368
5.82972478867	-1368
5.82975578308	-1368
5.82978081703	-1368
5.82980585098	-1368
5.82982492447	-1368
5.83798885345	-1368
5.83802390099	-1368
5.83804392815	-1368
5.84367585182	1368
5.85731697083	775
5.88345599174	-235
5.91644287109	1368
5.98582792282	1318
6.04524278641	-1057
6.0510699749	1368
6.05528998375	1368
6.07295799255	1368
6.1513299942	609
6.22588992119	-543
6.225938797	-1368
6.2259979248	-1368
6.22903800011	-1368
6.22907185555	-1368
6.22908878326	-1368
6.22911286354	-1368
6.22913193703	-1368
6.25204396248	1368
6.2539088726	1368
6.31930398941	435
6.3538479805	-820
6.35895991325	1368
6.42830085754	-1368
6.42833280563	-1368
6.4297349453	-1368
6.42975378036	-1368
6.4298248291	-1368
6.42989087105	-1368
6.42990994453	-1368
6.42993593216	-1368
6.4395468235	-1368
6.43957686424	-1368
6.43960094452	-1368
6.44807577133	746
6.48710680008	-1089
6.52722287178	-1368
6.52725100517	-1368
6.52726697922	-1368
6.52729296684	-1368
6.52731180191	-1368
6.53212594986	-1368
6.53224682808	-1368
6.53226184845	-1368
6.53894877434	-1368
6.53897690773	-1368
6.53899478912	-1368
6.55041384697	-1368
6.6269338131	-1368
6.62696385384	1086
6.62697577477	-1368
6.627794981	-1368
6.62786579132	-1368
6.62789082527	-1368
6.62951183319	-1368
6.62953877449	-1368
6.62958979607	-1368
6.63823485374	-1368
6.63828396797	-1368
6.63829088211	-1368
6.64957594872	-1368
6.65321493149	-528
6.72789096832	-1368
6.72792983055	-1368
6.78119587898	-891
6.78910493851	543
6.82733488083	-1368
6.8273627758	-1368
6.82738900185	-1368
6.82739281654	-1368
6.82898187637	-1368
6.82907295227	-1368
6.82913589478	-1368
6.83272886276	-1368
6.83287787437	-1368
6.83290481567	-1368
6.83293294907	-1368
6.91767382622	-1089
6.9177839756	1057
6.9264087677	-1368
6.92643785477	-1368
6.93150281906	-1368
6.93160676956	-1368
6.93167495728	-1368
6.93170595169	-1368
6.93171477318	-1368
6.93320989609	-1368
6.93326497078	-1368
6.93329191208	-1368
6.93331193924	-1368
6.94442987442	-1368
7.02583098412	-1368
7.02585697174	-1368
7.02659082413	-1368
7.0266149044	-1368
7.0266327858	-1368
7.02766990662	-1368
7.02769780159	-1368
7.02771687508	-1368
7.03089499474	-1368
7.03098893166	-1368
7.03376984596	1368
7.04635190964	-122
7.0463848114	1318
7.12219595909	1368
7.17474889755	261
7.22648286819	-1368
7.22657990456	-717
7.24288678169	1368
7.24487876892	1368
7.30326199532	406
7.35457086563	-543
7.43177080154	543
7.62524080276	-1057
7.62535691261	-1368
7.62541794777	-1368
7.6270468235	-1368
7.62713599205	-1368
7.62714791298	-1368
7.68428397179	1057
7.73208284378	-1368
7.73484277725	1368
7.7532889843	-132
7.81291389465	203
7.82580590248	-1368
7.82583594322	-1368
7.82585978508	-1368
7.82588100433	-1368
7.82590198517	-1368
7.82725000381	-1368
7.82726979256	-1368
7.82728981972	-1368
7.83102798462	-1368
7.83107089996	-1368
7.91739678383	-915
7.9255437851	-1368
7.96620893478	1057
8.00022983551	543
8.04543495178	-717
8.05054092407	1368
8.0947098732	203
8.1254029274	-1368
8.12549591064	-1368
8.12552690506	-1368
8.17844676971	-66
8.25926995277	1086
8.32660889626	-1368
8.32663679123	-203
8.32666778564	-1368
8.38725090027	543
8.45446896553	-203
8.51581382751	1057
8.64437389374	-543
8.84939599037	-1086
8.85063481331	1368
8.85074996948	203
8.9261329174	-1368
8.92616677284	-1368
8.93786096573	-1368
8.97738599777	-609
8.97893190384	1057
9.00513076782	1368
9.03914189339	1368
9.05623292923	1368
9.1336209774	153
9.20171785355	1368
9.31134080887	203
9.32710599899	-1368
9.32714080811	-1368
9.32716798782	-377
9.32774591446	-1368
9.32776093483	-1368
9.3287498951	-1368
9.32876992226	-1368
9.43986678123	1086
9.45742893219	-783
9.46443486214	1368
9.52636790276	-1368
9.52642893791	-1368
9.5264518261	-1368
9.52647185326	-1368
9.52830791473	-1368
9.52833080292	-1368
9.52834677696	-1368
9.53083491325	-1368
9.53092598915	-1368
9.53095889091	-1368
9.53401780128	1368
9.54230093956	-1368
9.59328699112	-1118
9.59331488609	978
9.62539792061	-1368
9.62542891502	-1368
9.62544488907	-1368
9.62546086311	-1368
9.62721300125	-1368
9.62723493576	-1368
9.62725090981	-1368
9.63027977943	-1368
9.63031077385	-1368
9.63032984734	-1368
9.63702893257	-1368
9.63712882996	-1368
9.72180390358	-264
9.72183799744	543
9.72629380226	-1368
9.72631287575	-1368
9.72633695602	-1368
9.72635698318	-1368
9.73027992249	-1368
9.73031592369	-1368
9.73033285141	-1368
9.73212194443	-1368
9.73214578629	-1368
9.7321639061	-1368
9.73758387566	-1368
9.73760294914	-1368
9.82618379593	-1368
9.82622790337	-1368
9.82626390457	-1368
9.82628393173	-1368
9.8278028965	-1368
9.82782578468	-1368
9.82784485817	-1368
9.83012390137	-1368
9.83014678955	-1368
9.83016085625	-1368
9.83747076988	-1368
9.83749079704	-1368
9.85041689873	-528
9.85044384003	1086
9.9262149334	-1368
9.92623591423	-1368
9.92625594139	-1368
9.92627596855	-1368
9.92965579033	-1368
9.92967486382	-1368
9.92969298363	-1368
9.93055987358	-1368
9.93058896065	-1368
9.93060898781	-1368
9.93654179573	1368
9.93751192093	-1368
9.93754196167	-1368
9.97862696648	-264
9.97866988182	1289
10.027561903	-1368
10.0276298523	-1368
10.0276558399	-1368
10.0276758671	-1368
10.0287718773	-1368
10.0288228989	-1368
10.0292739868	-1368
10.0293419361	-1368
10.0293598175	-1368
10.0392699242	-1368
10.0393297672	-1368
10.0393548012	-1368
10.0612578392	1368
10.1072399616	-235
10.1072678566	1289
10.1274399757	-1368
10.1281437874	-1368
10.1282169819	-1368
10.1289718151	-1368
10.1290028095	-1368
10.1290309429	-1368
10.129791975	-1368
10.1298258305	-1368
10.1298439503	-1368
10.1390318871	-1368
10.1390659809	-1368
10.1390957832	-1368
10.2270689011	-1368
10.2270998955	-1368
10.2271177769	-1368
10.2353718281	-1358
10.2353978157	543
10.3273057938	-1368
10.3273339272	-1368
10.3273508549	-1368
10.3304038048	-1368
10.3304519653	-1368
10.3304748535	-1368
10.3315467834	-1368
10.3315649033	-1368
10.3315899372	-1368
10.3384819031	-1368
10.3385357857	-1368
10.3385679722	-1368
10.3634588718	-836
10.3634879589	543
10.4281938076	-1368
10.428224802	-1368
10.4282419682	-1368
10.4297118187	-1368
10.4298098087	-1368
10.4298369884	-1368
10.430385828	-1368
10.4304208755	-1368
10.4304897785	-1368
10.4382648468	-1368
10.4382967949	-1368
10.438325882	-1368
10.4919679165	-235
10.4919958115	543
10.5262978077	-1368
10.526321888	-1368
10.5263679028	-1368
10.5282428265	-1368
10.5282719135	-1368
10.5282878876	-1368
10.5288748741	-1368
10.5288999081	-1368
10.5289177895	-1368
10.5375699997	-1368
10.5376029015	-1368
10.5376157761	-1368
10.6203408241	-264
10.6203708649	543
10.6270627975	-1368
10.6271409988	-1368
10.6271679401	-1368
10.6285748482	-1368
10.6286058426	-1368
10.6286239624	-1368
10.6289308071	-1368
10.6289548874	-1368
10.6289718151	-1368
10.6380620003	-1368
10.6380898952	-1368
10.6495268345	-1368
10.7277548313	-1368
10.7277770042	-1368
10.7281188965	-1368
10.7281508446	-1368
10.7281699181	-1368
10.7311208248	-1368
10.7311499119	-1368
10.731169939	-1368
10.7385559082	-1368
10.7385759354	-1368
10.7385959625	-1368
10.7487249374	-1353
10.7487487793	1086
10.827051878	-1368
10.8270769119	-1368
10.82710886	-1368
10.8271358013	-1368
10.8271539211	-1368
10.8271827698	-1368
10.8287580013	-1368
10.8287739754	-1368
10.8288018703	-1368
10.8394408226	-1368
10.8394749165	-1368
10.8507778645	-1368
10.8773548603	-807
10.8773839474	543
10.9269618988	-1368
10.9269888401	-1368
10.929735899	-1368
10.9297578335	-1368
10.9297749996	-1368
10.9317519665	-1368
10.9317829609	-1368
10.9318029881	-1368
10.938297987	-1368
10.9383177757	-1368
10.9383969307	-1368
10.9502358437	-1368
11.0058939457	-264
11.0059218407	543
11.0256309509	-1368
11.0256569386	-1368
11.0256779194	-1368
11.0257139206	-1368
11.0257389545	-1368
11.027132988	1368
11.0271708965	-1368
11.0271968842	-1368
11.0272247791	-1368
11.0276417732	1368
11.0278849602	1368
11.0302648544	-1368
11.0303258896	-1368
11.0303509235	-1368
11.0419068336	-1368
11.1342229843	-235
11.1342589855	667
11.3274958134	-1368
11.3275148869	-717
11.3275439739	-1368
11.3275640011	-1368
11.3292939663	-1368
11.3293159008	-1368
11.3293337822	-1368
11.3317329884	-1368
11.3317558765	-1368
11.33177495	-1368
11.3320519924	543
11.3397049904	-1368
11.3397297859	-1368
11.427287817	-1368
11.4273159504	-1368
11.4285969734	-1368
11.4286139011	-1368
11.4289548397	-1368
11.42897892	-1368
11.4289968014	-1368
11.4316718578	-1368
11.4317088127	-1368
11.4317147732	-1368
11.4379789829	-1368
11.4380009174	-1368
11.4554688931	-665
11.5264298916	-1368
11.5264749527	-1368
11.5265069008	-1368
11.5265259743	-1368
11.5267119408	543
11.5303390026	-1368
11.530413866	-1368
11.5304369926	-1368
11.5320417881	-1368
11.5320749283	-1368
11.5321099758	-1368
11.5382738113	-1368
11.5382959843	-1368
11.6213269234	-264
11.6288468838	-1368
11.6288788319	-1368
11.6288897991	-1368
11.6289079189	-1368
11.6300888062	-1368
11.6301119328	-1368
11.6301357746	-1368
11.6301608086	-1368
11.6301817894	-1368
11.630207777	-1368
11.6396989822	-1368
11.6397178173	-1368
11.6913218498	1086
11.7262978554	-1368
11.7266907692	-1368
11.7267138958	-1368
11.726733923	-1368
11.7298388481	-1368
11.7298657894	-1368
11.7298948765	-1368
11.7304069996	-1368
11.7304239273	-1368
11.7305269241	-1368
11.7381680012	-1368
11.738188982	-1368
11.7568027973	-499
11.8272628784	-1368
11.8272879124	-1368
11.8273057938	-1368
11.8285717964	-1368
11.8286039829	-1368
11.828635931	-1368
11.8286759853	-1368
11.8287088871	-1368
11.8287408352	-1368
11.8288578987	543
11.8377509117	-1368
11.837774992	-1368
11.8377938271	-1368
11.9213218689	-264
11.9265258312	-1368
11.9265468121	-1368
11.926571846	-1368
11.9301300049	-1368
11.9301559925	-1368
11.9301769733	-1368
11.9307940006	-1368
11.9308178425	-1368
11.9308347702	-1368
11.9385569096	-1368
11.9385898113	-1368
11.9386029243	-1368
12.0268537998	-1368
12.0268819332	1086
12.0268938541	-1368
12.0268998146	-1368
12.0282018185	-1368
12.028236866	-1368
12.0282759666	-1368
12.0283010006	-1368
12.028318882	-1368
12.0283479691	-1368
12.0371489525	-1368
12.0371749401	-1368
12.0372028351	-1368
12.0493218899	-499
12.1272819042	-1368
12.1274139881	-1368
12.1274888515	-1368
12.1304409504	-1368
12.1304879189	-1368
12.130494833	-1368
12.1305038929	-1368
12.1305289268	-1368
12.1305577755	-1368
12.1386198997	-1368
12.1387469769	-1368
12.1388289928	-1368
12.1773478985	-235
12.1773798466	543
12.2390809059	-1368
12.2391088009	-1368
12.2391238213	-1368
12.239153862	-1368
12.2391798496	-1368
12.2392089367	-1368
12.2396199703	-1368
12.2396509647	-1368
12.2396769524	-1368
12.2397119999	-1368
12.2397298813	-1368
12.2397608757	-1368
12.2412779331	1368
12.3060829639	-264
12.3062028885	261
12.3286309242	-1368
12.3286588192	-1368
12.3286838531	-1368
12.3341248035	-1368
12.3341579437	-1368
12.3341619968	-1368
12.3341939449	-1368
12.3342108727	-1368
12.3385357857	-1368
12.3386349678	-1368
12.3386528492	-1368
12.3504838943	-1368
12.4278857708	-1368
12.427918911	-1368
12.4281568527	-1368
12.4282310009	-1368
12.4282579422	-1368
12.4300739765	-1368
12.4300999641	-1368
12.4301099777	-1368
12.4341738224	-1287
12.4405357838	-1368
12.4405679703	-1368
12.440571785	-1368
12.5037479401	-543
12.528498888	-1368
12.5285308361	-1368
12.5285508633	-1368
12.5285558701	-1368
12.5285968781	-1368
12.528637886	-1368
12.5290408134	543
12.5317847729	-1368
12.5318059921	-1368
12.5318229198	-1368
12.5397830009	-1368
12.5398499966	-1368
12.5511159897	-1368
12.5684587955	-873
12.6274709702	-1368
12.6275029182	-1368
12.6275320053	-1368
12.6275367737	-1368
12.6275558472	-1368
12.6279039383	1368
12.6291658878	-1368
12.629201889	-1368
12.6292397976	-1368
12.6292607784	-1368
12.6292848587	-1368
12.6293139458	-1368
12.6297559738	1368
12.6404569149	-1368
12.7275979519	-1368
12.7276308537	1007
12.7276449203	-1368
12.7276508808	-1368
12.7276618481	-1368
12.7276799679	-1368
12.7298719883	-1368
12.7299129963	-1368
12.7299339771	-1368
12.7324008942	-1368
12.7324509621	-1368
12.7324559689	-1368
12.7333579063	-267
12.7444038391	-1368
12.8274278641	-1368
12.827477932	-1368
12.8291389942	-1368
12.8292069435	-1368
12.8292579651	-1368
12.8292667866	-1368
12.829269886	-1368
12.8292758465	-1368
12.8345518112	-1368
12.8346269131	-1368
12.834679842	-1368
12.8457949162	-1368
12.8725287914	-496
12.8725559711	1086
12.9273788929	-1368
12.9274377823	-1368
12.9274687767	-1368
13.0001788139	543
13.0011739731	-580
13.1264848709	-1368
13.126513958	-1368
13.1265349388	-1368
13.1265499592	-1368
13.1283578873	-1368
13.1283838749	-1368
13.1284229755	-1368
13.1291868687	-306
13.1317279339	-1368
13.131759882	-1368
13.1317827702	-1368
13.1378009319	-1368
13.2571899891	-1355
13.3640267849	1368
13.3641469479	203
13.3689398766	1368
13.3846628666	1368
13.3956489563	1368
13.4927389622	638
13.7266788483	-543
13.8546319008	-543
13.9825999737	-1057
14.1273679733	-1368
14.1273977757	-1368
14.1274089813	-891
14.13032794	-1368
14.1303589344	-1368
14.1303899288	-1368
14.130412817	-1368
14.1304299831	-1368
14.1423819065	-1368
14.2554228306	-1189
14.7266428471	-543
14.9275867939	-543
14.999974966	543
15.3470098972	-543
16.9996199608	543
