0	-543
0.936365127563	543
2.7422709465	-543
3.21776008606	543
3.23392105103	543
3.77874994278	-543
3.93809700012	543
3.984375	-543
3.98500990868	-1420
3.98506307602	-1316
3.98778605461	-1420
3.98783898354	-1420
3.98787498474	-1264
3.98847603798	-1420
3.98851799965	-1420
3.98855304718	-1264
3.98872113228	543
4.05708003044	-1368
4.0892291069	543
4.10721206665	543
4.10773706436	543
4.10795092583	543
4.11374902725	-1420
4.11375403404	-863
4.15425801277	543
4.15460109711	543
4.1549270153	543
4.15514802933	543
4.17671394348	-1420
4.17672491074	-1420
4.1767821312	-1264
4.17696499825	-1368
4.22498703003	-1420
4.22500395775	-1316
4.24278306961	-161
4.39213109016	-543
4.46369194984	-1420
4.46370792389	-1316
4.52145004272	-920
4.52804398537	543
4.52858304977	543
4.52880692482	543
4.62559103966	-1420
4.6256070137	-1420
4.62566208839	-1264
4.65061712265	-95
4.78280806541	-1368
4.78435707092	-1420
4.78442192078	-1316
4.79053902626	543
4.79841804504	543
4.79864001274	543
4.82126808167	-1368
4.82322406769	-870
4.83079004288	543
4.83268404007	543
4.83818793297	543
4.95257592201	-1086
5.08192300797	-1086
5.09635090828	-1368
5.13501596451	-1368
5.14334201813	543
5.1464369297	-1368
5.14725494385	-1368
5.19703507423	-1368
5.19726991653	-1368
5.19808506966	1460
5.1981420517	1460
5.19823408127	707
5.22556996346	-762
5.22680091858	543
5.40520095825	-543
5.4056699276	-1420
5.40570092201	-1316
5.40822100639	-1420
5.40826201439	-1420
5.40826511383	-1264
5.40844893456	-1420
5.40845298767	-1316
5.40856695175	-1420
5.40857005119	-1316
5.46605610847	-1368
5.48634600639	-1368
5.4871430397	-1420
5.48714804649	-1420
5.48718905449	-1264
5.48734211922	-1420
5.48734402657	-1316
5.48745799065	543
5.53355693817	-1368
5.53371500969	543
5.53440904617	-1420
5.53441405296	-1316
5.53456497192	-1368
5.53464412689	-259
5.58349990845	-1420
5.58351802826	-1420
5.58357191086	-1264
5.58368110657	-1420
5.5837199688	-1316
5.58460998535	-1368
5.58712601662	-1368
5.58768296242	-1420
5.58772802353	-1420
5.58773112297	-1264
5.59217405319	-1368
5.6006090641	-1420
5.60067009926	-1420
5.60067391396	-1264
5.6017100811	-1420
5.60171508789	-1316
5.6025519371	-1368
5.60312390327	-1420
5.60316610336	-1316
5.63116502762	-1368
5.63363194466	-1420
5.63364005089	-1316
5.63390803337	-1420
5.63391304016	-1420
5.63395500183	-1264
5.6365749836	-1420
5.63662791252	-1420
5.63663101196	-1264
5.63743495941	-1368
5.63753390312	543
5.64095497131	-1368
5.64204692841	-1420
5.6421020031	-1316
5.64241194725	-1420
5.64245510101	-1316
5.64253091812	543
5.66433405876	-1420
5.66436100006	-450
5.66452407837	543
5.66689991951	-1420
5.6669049263	-1316
5.66698789597	-1368
5.66781711578	-1420
5.6678609848	-1420
5.66786408424	-1264
5.66823101044	-1420
5.66823601723	-1316
5.71299695969	-1420
5.71301412582	-1420
5.71308207512	-1420
5.71308493614	-1212
5.7131280899	-1420
5.71313095093	-1316
5.71322894096	-1368
5.71323204041	-1368
5.71330404282	-1420
5.71331596375	-1316
5.71703600883	-1420
5.71706104279	-1316
5.71709990501	-1368
5.71723890305	543
5.71737909317	-1420
5.71740007401	-1420
5.71740102768	-1420
5.71740198135	-1420
5.71740293503	-1160
5.71741390228	-1368
5.71741509438	-1368
5.73035097122	-1420
5.73039698601	-1420
5.73040103912	-1420
5.73041701317	-1212
5.73041892052	-1420
5.73043489456	-1316
5.73049998283	-1420
5.73051905632	-1316
5.73069190979	543
5.73088812828	-1420
5.73089289665	-1420
5.73093104362	-1264
5.73103308678	-1368
5.73116993904	543
5.73243808746	-1420
5.73244309425	-1420
5.73252511024	-1264
5.73252797127	-1368
5.7325630188	-1420
5.73256611824	-1316
5.76059007645	-1420
5.76060605049	-1316
5.76316189766	-1420
5.76325511932	-1420
5.76329612732	-1264
5.76329898834	-1420
5.76333212852	-1420
5.76333498955	-1264
5.76341295242	-1368
5.76341605186	-1420
5.76345300674	-1420
5.76345610619	-1264
5.76798200607	-1420
5.76798796654	-1316
5.76801109314	-1420
5.76801300049	-1420
5.76802802086	-1264
5.76817297935	-1368
5.77100896835	-1420
5.77101397514	-1420
5.77105307579	-1420
5.77105498314	-1212
5.77147197723	-1420
5.77147698402	-1316
5.77158403397	-1420
5.77158689499	-1316
5.77175498009	-1420
5.7717590332	-1316
5.77185606956	-1420
5.77185797691	-1316
5.77197790146	1057
5.79356312752	-1420
5.79357790947	-1420
5.79363203049	-1420
5.79363512993	-1212
5.79640102386	-1420
5.79641103745	-1420
5.79645991325	-1420
5.79646205902	-1212
5.79718804359	-1420
5.79719400406	-1316
5.79721593857	-1420
5.79721808434	-1420
5.79723405838	-1264
5.79746007919	-1420
5.7974998951	-1316
5.79750299454	-1368
5.79768204689	-1420
5.79768490791	-1420
5.79770302773	-1264
5.79770612717	-1368
5.79780197144	543
5.84253907204	-1420
5.8425579071	-1420
5.8426220417	-1420
5.84262490273	-1420
5.84266090393	-1420
5.84266400337	-1420
5.8427400589	-1420
5.84274291992	-1004
5.84277701378	-1420
5.84278011322	-1316
5.84278106689	-1420
5.84278297424	-1316
5.84286212921	-1420
5.84286499023	-123
5.84295392036	-1420
5.84295797348	-1316
5.84308290482	-1420
5.84308505058	-1316
5.84315109253	-1420
5.8431520462	-1316
5.84338212013	543
5.84353208542	543
5.8466219902	-1420
5.84669709206	-1420
5.84674811363	-1420
5.84675097466	-1212
5.84678697586	-1420
5.84678912163	-1316
5.84682202339	-1420
5.84682393074	-1316
5.84685707092	-1420
5.84685897827	-1316
5.84696507454	-1420
5.84696698189	-1316
5.84706401825	-1420
5.84706711769	-1420
5.84706807137	-1420
5.84706902504	-1212
5.84706997871	-1368
5.84716200829	-1368
5.84733700752	543
5.85978412628	-1420
5.85979795456	-1316
5.85993003845	-1420
5.85993504524	-1420
5.86001706123	-1420
5.86001896858	-1212
5.86006498337	-1368
5.86006712914	-1420
5.86010098457	-1420
5.86010408401	-1264
5.86010503769	-1368
5.8602669239	-1420
5.86027097702	-1420
5.86027193069	-1264
5.86027312279	-1368
5.86035609245	-1420
5.86035895348	-1420
5.86035990715	-1015
5.86058306694	-1420
5.86058592796	-1316
5.86058807373	-1420
5.86087012291	-1420
5.86087298393	-1264
5.86087393761	-1368
5.86099290848	-1420
5.86099600792	-1316
5.86118602753	543
5.86139297485	543
5.86158108711	543
5.86172699928	-1420
5.8617310524	-1420
5.86176896095	-1264
5.86177396774	-1368
5.86187791824	-1420
5.86188101768	-1420
5.86191701889	-1264
5.86192011833	-1368
5.86207389832	-1420
5.86207699776	-1316
5.86219191551	-1420
5.86219596863	-1316
5.8901309967	-1420
5.89014792442	-1420
5.89020204544	-1420
5.89020490646	-1212
5.89264893532	-1420
5.89265489578	-1420
5.89274692535	-1420
5.89274907112	-1212
5.892786026	-1420
5.89278793335	-1420
5.89283299446	-1264
5.89298605919	-1368
5.89300704002	-1402
5.89309597015	-1420
5.89311695099	-1420
5.89311909676	-1420
5.89312005043	-1212
5.89314293861	543
5.89331412315	-1420
5.89331507683	-1316
5.89338994026	-1420
5.89339208603	-1316
5.89351296425	-1420
5.89351606369	-1316
5.8936290741	543
5.89735412598	-1420
5.89735889435	-1420
5.89740109444	-1420
5.89740395546	-1212
5.89753699303	543
5.89764809608	-1420
5.89765191078	-1316
5.89767408371	-1368
5.89772796631	-1368
5.8982770443	-1420
5.89828205109	-1316
5.90033793449	-1420
5.90034294128	-1420
5.90039300919	-1264
5.90039491653	-1420
5.90042901039	-1420
5.90043091774	-1264
5.90056800842	-1420
5.90057110786	-1316
5.90065693855	-1257
5.90072512627	543
5.9009270668	-1420
5.90092992783	-1316
5.90093302727	-1420
5.90093612671	-1316
5.90108108521	-1368
5.90133309364	-1368
5.90170407295	-1420
5.90170812607	-1420
5.90171003342	-1420
5.90171098709	-1212
5.90171194077	-1420
5.90171289444	-1316
5.90933990479	-1420
5.90934991837	-1420
5.90939497948	-1264
5.90950989723	543
5.90955805779	-1368
5.90966892242	543
5.91124796867	-1368
5.92291212082	-1420
5.92297506332	-1420
5.92297911644	-1420
5.92302203178	-1212
5.92302393913	-1420
5.92305898666	-1316
5.92562794685	-1420
5.92567491531	-1316
5.92859911919	-1368
5.92904090881	-1420
5.9290459156	-1316
5.92928791046	-1420
5.92929196358	-1420
5.92933011055	-1264
5.92961597443	-1368
5.93034005165	-1420
5.93034505844	-1316
5.93092894554	-1420
5.93093395233	-1316
5.9316239357	-1420
5.93162798882	-1420
5.93166589737	-1264
5.93267297745	-1420
5.93271398544	-1420
5.93271708488	-1264
5.93278503418	-1368
5.97393012047	-1420
5.97396492958	-1316
5.97401189804	-1368
5.97478795052	-1368
5.97501111031	-1368
5.97582006454	-1420
5.97583794594	-1420
5.97584009171	-1264
5.97597408295	-1420
5.97597694397	-1316
5.97633695602	-1420
5.97634005547	-1420
5.97634100914	-1264
5.9768409729	-1368
5.9781639576	543
5.97830605507	1057
5.98149299622	-1420
5.98149991035	-1420
5.98155403137	-1264
5.98155713081	-1368
5.98266601562	-1368
5.98357892036	-1420
5.98360490799	-1316
6.02589011192	-1368
6.02705407143	-1368
6.03017711639	-909
6.03061199188	543
6.03099107742	1057
6.04478693008	-1420
6.04480600357	-1316
6.04486298561	-1368
6.04558992386	-1420
6.04562807083	-1316
6.04576396942	-1368
6.0467710495	-1420
6.04677605629	-1420
6.04681706429	-1264
6.12595701218	-1420
6.12597608566	-1420
6.1260330677	-1264
6.12640190125	-1420
6.12640690804	-1420
6.12642908096	-1264
6.12655806541	543
6.12891602516	-1420
6.12892103195	-1316
6.13168406487	-1368
6.13180398941	-1368
6.13389611244	-1420
6.13390207291	-1420
6.13397192955	-1264
6.13482403755	-1368
6.13505911827	-1368
6.1364159584	-1368
6.13721108437	-1368
6.13854408264	543
6.16065692902	-362
6.16816496849	543
6.17705202103	-1420
6.17706394196	-1316
6.18078303337	-1368
6.18148708344	-1420
6.18152093887	-1316
6.18160700798	-1368
6.18185806274	-1420
6.18186092377	-1316
6.18264198303	543
6.18303894997	-1420
6.18304491043	-1420
6.18312811852	-1264
6.18870306015	1057
6.25212812424	-1368
6.25402998924	-1420
6.25410103798	-1420
6.25410604477	-1264
6.25533294678	-1420
6.25533890724	-1420
6.25538301468	-1264
6.25695204735	-1420
6.25699400902	-1316
6.25777602196	-1368
6.25876998901	-1420
6.25877404213	-1316
6.25955891609	-1368
6.26330208778	543
6.29010009766	-528
6.30948495865	-1368
6.31957006454	-1368
6.32048392296	-1420
6.32053399086	-1316
6.32102894783	-1420
6.32108306885	-1420
6.32108592987	-1264
6.35659790039	-1368
6.35675096512	543
6.35799193382	-1420
6.35799598694	-1316
6.35829210281	-1368
6.39611196518	-1420
6.39625000954	-1420
6.39625406265	-1264
6.39629602432	-1420
6.39629912376	-1420
6.39633393288	-1264
6.3979139328	-1420
6.39796090126	-1316
6.39819693565	-1368
6.39861512184	-1420
6.39862012863	-1316
6.40029096603	-1420
6.40029597282	-1420
6.40031504631	-1264
6.40095996857	-1420
6.40099811554	-1420
6.40100097656	-1264
6.40244102478	-1420
6.4024450779	-1420
6.40246295929	-1264
6.40295100212	-1368
6.40312695503	-1368
6.40317296982	-1368
6.40459990501	-1420
6.40460300446	-1420
6.4046049118	-1264
6.40524792671	-1420
6.40525102615	-1316
6.40589404106	543
6.40642690659	-1420
6.40643310547	-1420
6.40647411346	-1264
6.4068980217	-1368
6.40698289871	543
6.41953110695	-1098
6.45342803001	543
6.45369696617	543
6.51948308945	-1420
6.51949906349	-1420
6.51956009865	-1264
6.54884409904	-95
6.54904794693	543
6.5653450489	543
6.56562209129	543
6.67810893059	-543
6.77700304985	1057
6.83548593521	-543
6.84370803833	1057
6.95422792435	-1368
6.95495510101	-1420
6.95499801636	-1316
6.95739793777	543
6.98434710503	1057
6.99858212471	-1420
6.99859690666	-1316
7.01314496994	-16
7.03703212738	1460
7.03935313225	111
7.18357300758	-543
7.25167512894	-1420
7.25169301033	-1316
7.32359290123	543
7.3238260746	1057
7.35251998901	-920
7.36308097839	543
7.36335897446	1057
7.38848090172	543
7.39214801788	1057
7.4818611145	-543
7.49749994278	-1420
7.49757409096	-1420
7.49757909775	-1264
7.49810290337	-1420
7.49810910225	-1316
7.49885106087	-1420
7.49885606766	-1316
7.49959611893	-1420
7.49960112572	-1420
7.49963998795	-1264
7.50006508827	-1420
7.50010609627	-1420
7.50010895729	-1264
7.50020003319	543
7.50035595894	-1420
7.50036096573	-1420
7.50040102005	-1264
7.55828499794	-1420
7.55830192566	-1316
7.56323194504	543
7.57770991325	-1368
7.57841110229	-1420
7.57845807076	-1316
7.57899808884	-1368
7.57983112335	-1420
7.57983493805	-1420
7.57985210419	-1264
7.58152890205	-1420
7.58157706261	-1420
7.58158111572	-1264
7.60191297531	-1368
7.61100196838	-428
7.61110305786	543
7.72045397758	-1420
7.7204720974	-1316
7.74059295654	-920
7.76200509071	543
7.76221609116	543
7.86993002892	-1086
7.88317990303	543
7.90340209007	543
7.9831469059	-1368
7.99932909012	-261
8.12878990173	-1086
8.13843607903	543
8.13866496086	1057
8.23101401329	-1368
8.24839901924	1460
8.24848389626	111
8.26604390144	543
8.26634001732	543
8.26662707329	1057
8.26869893074	-261
8.29248809814	-1368
8.29312109947	-1368
8.34342193604	543
8.37952709198	543
8.39717411995	-978
8.52653193474	-543
8.52701497078	1460
8.52706193924	111
8.65721702576	-543
8.65817499161	-1420
8.65823411942	-1316
8.65845108032	-1368
8.65918397903	-1420
8.6591899395	-1420
8.65923690796	-1264
8.66564512253	-1420
8.66569590569	-1420
8.6656999588	-1264
8.70704197884	-1420
8.70705699921	-1420
8.7071120739	-1264
8.7880449295	-1321
8.80209708214	1057
8.88831305504	1460
8.88839197159	111
8.93180608749	-1086
8.94172406197	543
9.06108403206	-543
9.19034194946	-1086
9.20018005371	543
9.20043492317	543
9.32733392715	-1368
9.32968091965	-232
9.60465312004	-543
9.65450406075	-1420
9.65456604958	-1316
9.77333593369	-435
9.77350497246	543
10.1278440952	543
10.1484940052	543
10.1487729549	543
10.2184400558	543
10.2186961174	1057
10.2434909344	543
10.3486020565	543
10.3488409519	543
10.3934059143	-543
10.3939669132	-1368
10.4186711311	543
10.4188981056	543
10.5233030319	-717
10.5375890732	-1420
10.5376629829	-1420
10.5376679897	-1264
10.5382099152	-1420
10.538214922	-1316
10.5384619236	-1420
10.5384659767	-1316
10.5385069847	-1368
10.5395629406	-1420
10.5396089554	-1420
10.5396120548	-1264
10.5402970314	-1420
10.5403020382	-1420
10.5403249264	-1264
10.5407071114	-1420
10.5407450199	-1316
10.540968895	-1420
10.5409879684	-1316
10.5410280228	-1368
10.5456390381	543
10.5457780361	543
10.5866799355	-1368
10.5872991085	-1420
10.5873329639	-1316
10.5883131027	-1420
10.5883600712	-1316
10.5884289742	-1368
10.5892441273	-1420
10.5892488956	-1316
10.5894598961	-1368
10.5915141106	-1420
10.5915420055	-1316
10.5915820599	-1368
10.5926311016	-1368
10.5927181244	543
10.593528986	-1420
10.5935339928	-1316
10.5935840607	-1368
10.5948500633	-1420
10.594878912	-1316
10.59623909	-1368
10.5976169109	-1368
10.5988500118	-1420
10.5988950729	-1420
10.598897934	-1264
10.5993089676	-1420
10.5993139744	-1316
10.5997819901	-1368
10.6003060341	-1420
10.6003510952	-1316
10.6008639336	-1368
10.6285610199	543
10.6287961006	1057
10.6516699791	-1368
10.6521949768	-1420
10.6522541046	-1316
10.6523189545	543
10.6526019573	-463
10.6953969002	543
10.6981809139	1460
10.6982500553	625
10.7881710529	-543
10.7932450771	1460
10.7933061123	111
10.8023500443	543
10.8711481094	-1420
10.8711650372	-1316
10.871530056	-1420
10.8715350628	-1420
10.8715829849	-1264
10.8732941151	-1368
10.8736469746	-1420
10.8736519814	-1316
10.8741500378	-1420
10.8741550446	-1420
10.8741939068	-1264
10.8762121201	-1420
10.8762509823	-1420
10.8762540817	-1264
10.8770399094	-1420
10.8770430088	-1316
10.8780150414	-1368
10.9175419807	-164
10.9186351299	-1368
10.9573991299	-1420
10.9574620724	-1420
10.9574689865	-1264
10.9579970837	-1368
10.9581029415	543
10.9588499069	-1420
10.9588549137	-1420
10.9588980675	-1264
10.9595088959	-1420
10.9595530033	-1420
10.9595561028	-1264
10.9606330395	-1368
10.9619050026	-1420
10.9619479179	-1316
10.9622030258	-1420
10.9622468948	-1316
10.9623260498	-1368
10.9626779556	-1420
10.9626829624	-1316
10.9669659138	-1420
10.9669709206	-1420
10.9670109749	-1264
10.9731609821	543
11.047137022	-1179
11.0472860336	543
11.1378850937	-1368
11.1380860806	-1420
11.1381299496	-1316
11.1385400295	-1420
11.1385791302	-1420
11.1385819912	-1264
11.1405138969	-1420
11.1405169964	-1420
11.1405351162	-1264
11.1422231197	-1368
11.142950058	-1420
11.1429560184	-1420
11.1429989338	-1264
11.1608021259	-1420
11.1608428955	-1420
11.1608459949	-1264
11.1767530441	-533
11.1978859901	-1420
11.1979420185	-1316
11.1986179352	-1368
11.1994519234	-1420
11.1994569302	-1316
11.1998519897	-1368
11.2003850937	-1420
11.2004261017	-1420
11.2004289627	-1264
11.2008569241	-1420
11.2008619308	-1420
11.2009088993	-1264
11.2015321255	-1420
11.201581955	-1420
11.2015850544	-1264
11.2016720772	-1420
11.2016749382	-1316
11.2019400597	-1420
11.2019429207	-1316
11.2023649216	-1368
11.2025780678	-1420
11.2026159763	-1316
11.2029919624	-1420
11.2029960155	-1316
11.2030689716	-1368
11.2032010555	-1420
11.2032039165	-1316
11.2033689022	-1368
11.204308033	-1420
11.2043120861	-1316
11.2050321102	543
11.2051529884	543
11.218984127	-1368
11.2194890976	-1420
11.219520092	-1316
11.2197101116	-1368
11.2198030949	543
11.2201340199	-1420
11.2201390266	-1420
11.2201809883	-1264
11.2218029499	-1420
11.2218439579	-1316
11.2218470573	-1368
11.2235620022	-1420
11.223567009	-1420
11.2236099243	-1264
11.2247979641	-1420
11.2248389721	-1420
11.2248420715	-1264
11.2276039124	-1420
11.2276079655	-1316
11.2281661034	-1368
11.2288060188	-1420
11.2288091183	-1316
11.230230093	-1420
11.230232954	-1316
11.2304270267	-1368
11.2305269241	543
11.2315819263	-1420
11.2315859795	-1420
11.2316279411	-1264
11.2318589687	-1420
11.231883049	-1316
11.2319660187	-1368
11.2320120335	543
11.2326939106	-1420
11.2326989174	-1316
11.2423350811	-1368
11.2433590889	-1420
11.2433891296	-1316
11.246309042	543
11.2532041073	-1420
11.2532100677	-1420
11.253262043	-1264
11.253371954	543
11.2540309429	543
11.2542510033	543
11.2543330193	-1420
11.2543361187	-1316
11.2543849945	-1368
11.2551701069	-1420
11.2552139759	-1316
11.2559089661	-1368
11.2563619614	-1420
11.2563679218	-1316
11.256870985	-1420
11.2568759918	-1316
11.2575480938	-1368
11.2576909065	-1420
11.2577331066	-1420
11.2577359676	-1264
11.2582011223	-1420
11.2582061291	-1316
11.2586641312	-1420
11.2586688995	-1420
11.2587089539	-1264
11.2587730885	543
11.2590210438	-1420
11.2590260506	-1316
11.2590699196	-1368
11.2597470284	-1420
11.2597689629	-1420
11.2597720623	-1264
11.2600641251	-1420
11.2600679398	-1316
11.2603530884	-1368
11.2656719685	543
11.2787249088	-1420
11.2787411213	-1316
11.2831630707	-1420
11.2831680775	-1420
11.2832090855	-1264
11.2837870121	-1420
11.28383708	-1420
11.283839941	-1264
11.2854499817	-1420
11.2854540348	-1316
11.2854990959	-1368
11.2866809368	-1368
11.2868320942	-1368
11.2872879505	-1368
11.287332058	-1368
11.2879900932	-1420
11.2879929543	-1316
11.2881650925	-1368
11.2897229195	-1420
11.2897269726	-1420
11.2897291183	-1264
11.289951086	543
11.2902510166	-1420
11.2902550697	-1316
11.2904410362	-1368
11.2909450531	-1368
11.2912869453	-1368
11.2917320728	543
11.2917730808	-1420
11.2917749882	-1316
11.2919819355	-1368
11.2929470539	-1420
11.292994976	-1420
11.2929980755	-1264
11.2945370674	-1420
11.2945420742	-1316
11.294727087	-1368
11.2970941067	-1420
11.2971179485	-1316
11.2971990108	-1368
11.2977509499	-1420
11.2977540493	-1316
11.297770977	-1368
11.2999970913	-1420
11.3000359535	-1420
11.300039053	-1264
11.3010690212	-1420
11.3010721207	-1316
11.3017649651	543
11.3024868965	-1368
11.3025519848	543
11.3027009964	-1420
11.3027060032	-1316
11.3037519455	-1420
11.3037569523	-1420
11.303800106	-1264
11.304527998	-1368
11.3047630787	-1420
11.3047680855	-1316
11.30519104	-1420
11.3051960468	-1420
11.3052370548	-1264
11.3058969975	-477
11.3064761162	-1420
11.306481123	-1316
11.3065009117	-1368
11.3070020676	-1368
11.3228199482	-1368
11.3231499195	-1368
11.3234770298	-1420
11.3234848976	-1316
11.3238670826	-1420
11.3238708973	-1316
11.3250370026	-1368
11.3252470493	-1420
11.3252711296	-1316
11.3257160187	-1420
11.3257200718	-1316
11.3258221149	-1368
11.3270659447	-1420
11.3270730972	-1420
11.3270740509	-1264
11.3282239437	-1420
11.3282299042	-1316
11.3282670975	-1368
11.3288390636	543
11.3289990425	543
11.329200983	543
11.3292179108	-1368
11.3294789791	-1420
11.3295359612	-1420
11.3295400143	-1264
11.3298130035	-1420
11.3298170567	-1420
11.3298361301	-1264
11.3310229778	-1368
11.3320229053	-1420
11.3320279121	-1420
11.3320491314	-1264
11.3329679966	-1420
11.3330140114	-1420
11.3330159187	-1264
11.3336510658	543
11.3344600201	-1420
11.3344659805	-1420
11.3345110416	-1264
11.3352599144	-1420
11.3352880478	-1316
11.3359129429	-1368
11.3364710808	-1420
11.3364748955	-1316
11.3367741108	-1420
11.3367769718	-1420
11.336812973	-1264
11.3369281292	-1420
11.3369479179	-1316
11.3371739388	-1420
11.3371779919	-1316
11.3372290134	-1368
11.3397090435	543
11.3488490582	543
11.3490970135	1460
11.3491649628	111
11.3641359806	-1420
11.3641459942	-1420
11.3641889095	-1264
11.3650050163	-1420
11.3650228977	-1420
11.3650250435	-1264
11.3652429581	-1368
11.3653650284	-1368
11.3654119968	-1368
11.366065979	543
11.4124889374	-1420
11.4125089645	-1316
11.435436964	-1328
11.4833219051	1460
11.4833779335	111
11.5213980675	-1420
11.5214130878	-1420
11.5214691162	-1264
11.5214719772	-1420
11.5215079784	-1316
11.5222609043	-1368
11.5229361057	-1368
11.5234520435	-1420
11.5234909058	-1420
11.5234949589	-1264
11.5237560272	-1420
11.5237591267	-1420
11.5237600803	-1264
11.5257890224	543
11.5648009777	-952
11.6073789597	-1368
11.6941621304	-232
11.8448169231	-543
11.9530000687	-1368
11.9742610455	-1260
13.002393961	-543
13.5426371098	543
13.6877400875	-543
13.9574871063	-543
13.9589440823	-1368
13.9600961208	-1420
13.9601359367	-1316
14.0085411072	-1368
14.0867249966	-841
14.0886929035	1057
14.0892989635	543
14.7505450249	-543
14.7507910728	-1420
14.7508339882	-1316
14.7980968952	-1420
14.7981319427	-1316
14.8801689148	-783
14.9133110046	543
14.9432229996	543
15.0715501308	543
15.1880939007	-543
15.1884250641	-1420
15.1884560585	-1316
15.1894519329	-1420
15.1895010471	-1420
15.1895039082	-1264
15.1896290779	543
15.1901159286	-1420
15.1901221275	-1316
15.2374401093	-1368
15.2384240627	-1368
15.317759037	-1420
15.3177759647	-1420
15.3178291321	-1264
15.3178319931	-1420
15.317868948	-1316
15.3178720474	-1368
15.3189079762	-1420
15.3189139366	-1420
15.3189558983	-1420
15.3189589977	-1420
15.3189930916	-1420
15.3189949989	-1108
15.3191690445	-1368
15.3193080425	-1368
15.3194611073	-1420
15.319464922	-1316
15.3232779503	543
15.3677940369	-1420
15.367816925	-1420
15.3678569794	-1420
15.3678600788	-1212
15.4470438957	-1420
15.4470610619	-1420
15.4471149445	-1264
15.4471180439	-1420
15.4471569061	-1420
15.4471590519	-1264
15.4471929073	-1420
15.4471960068	-1420
15.4472301006	-1264
15.4472339153	-1368
15.447478056	543
15.4480569363	-1420
15.4481499195	-1420
15.4481909275	-1420
15.4481940269	-1212
15.4482281208	-1420
15.4482300282	-1420
15.448264122	-1264
15.4482660294	-1368
15.4482989311	-1420
15.4483010769	-1316
15.4484229088	-1420
15.4484260082	-1420
15.4484269619	-1264
15.4485480785	-1420
15.4485509396	-1316
15.4485521317	-1420
15.4485530853	-1420
15.4485549927	-1264
15.448704958	-1368
15.4490060806	-1420
15.4490089417	-1316
15.4582970142	543
15.4585669041	543
15.497592926	-1420
15.4976959229	-1420
15.4977579117	-1420
15.4977619648	-1212
15.4977970123	-1420
15.4978001118	-1420
15.4978508949	-1264
15.4978530407	-1368
15.4978880882	-1368
15.5763540268	-1420
15.5763700008	-1420
15.5764300823	-1420
15.5764329433	-1212
15.576474905	-1420
15.5764770508	-1420
15.5765190125	-1264
15.5765209198	-1368
15.5765631199	-1368
15.5766808987	-1368
15.5768220425	-1420
15.5768260956	-1420
15.5768280029	-1420
15.5768289566	-1420
15.5768771172	543
15.5769169331	-1420
15.5769190788	-1420
15.5769200325	-1056
15.5770690441	543
15.5772049427	-1368
15.5776069164	-1420
15.5776491165	-1420
15.5776519775	-1420
15.5776870251	-1420
15.5776901245	-1420
15.5777220726	-1420
15.5777249336	-1056
15.5777580738	-1420
15.5777609348	-1420
15.577794075	-1264
15.5779390335	-1420
15.5779418945	-1420
15.5779430866	-1420
15.5779440403	-1420
15.577944994	-1420
15.5779459476	-1420
15.5779469013	-1056
15.5779480934	-1420
15.578263998	-1420
15.5782680511	-1420
15.5782721043	-1212
15.5782740116	-1368
15.5786130428	-1420
15.5786159039	-1316
15.5787329674	-1420
15.5787351131	-1420
15.5787370205	-1420
15.5787379742	-1420
15.5789649487	-1160
15.5789680481	-1420
15.5789690018	-1316
15.5789699554	-1420
15.5789709091	-1420
15.5789721012	-1264
15.5847439766	-1420
15.5847530365	-1420
15.5847558975	-1420
15.5847580433	-1420
15.584758997	-1420
15.5847599506	-1420
15.5847609043	-1420
15.5847620964	-1420
15.5847630501	-1420
15.5847640038	-900
15.5848829746	543
15.5851991177	543
15.5853579044	543
15.5855469704	543
15.603372097	543
15.6041231155	543
15.6267700195	-724
15.7372119427	-543
15.7572081089	-1086
15.9089820385	-1368
15.9093170166	-1420
15.9093220234	-1316
15.9094719887	-1368
15.9102480412	-1420
15.9102540016	-1316
15.9108099937	-1420
15.9108140469	-1420
15.9108550549	-1264
15.9111430645	-1420
15.911149025	-1420
15.9111709595	-1264
15.9112939835	-1420
15.9113340378	-1420
15.9113368988	-1264
15.9186279774	543
15.9188680649	1057
15.9263579845	-873
15.9406619072	543
15.9407260418	543
15.9556999207	-1368
16.0702381134	234
16.0703639984	-1289
16.0705621243	543
16.0798060894	543
16.2009010315	-754
16.201474905	126
16.2952299118	-543
16.332431078	-51
16.3337819576	38
16.4634389877	-1420
16.4634580612	-102
16.4638869762	1057
16.4935810566	-543
16.5060870647	543
16.6035070419	-543
16.6083791256	543
16.6247119904	-1420
16.6247189045	-1420
16.6247699261	-1264
16.6255879402	-1420
16.6256270409	-1420
16.6256299019	-1264
16.6258330345	-1420
16.6258370876	-1316
16.629707098	543
16.6357150078	-1052
16.6768209934	-1420
16.6768500805	-1316
16.7650399208	-920
16.7792379856	-543
16.7796061039	543
17.1080980301	-543
17.8729140759	-543
17.8750710487	1460
17.875123024	625
17.9088659286	-543
17.9094069004	1460
17.9094700813	1460
17.9095411301	707
17.9615321159	-1420
17.96154809	-1420
17.9615850449	-1264
17.9629991055	-1420
17.9630410671	-1316
17.9661149979	-1420
17.9661719799	-1316
18.0021641254	-1334
18.0060710907	-1420
18.0060770512	-1420
18.0061190128	-1264
18.0064940453	-1368
18.1338710785	-298
18.2741019726	-543
18.2747449875	-1420
18.2747879028	-1316
18.2751600742	-1420
18.2752001286	-1316
18.3227119446	-1420
18.3227629662	-1316
18.3663129807	-1420
18.3663289547	-1420
18.366382122	-1264
18.3665750027	543
18.3673679829	-1420
18.3673729897	-1316
18.3683259487	-1420
18.3683309555	-1316
18.3693420887	-1420
18.3693470955	-1420
18.3693869114	-1264
18.3727629185	-1368
18.3746900558	-1420
18.37469697	-1316
18.4001100063	-543
18.4032430649	-56
18.4033229351	543
18.4132881165	-1420
18.41329813	-1420
18.4133560658	-1264
18.4134280682	-1368
18.4517390728	-1420
18.4517569542	-1420
18.4518170357	-1264
18.4521820545	-1420
18.452203989	-1316
18.4527349472	-1420
18.4527740479	-1420
18.4527769089	-1264
18.453758955	-1420
18.4537661076	-1316
18.4545500278	543
18.4554319382	-1368
18.4561889172	-1420
18.4562349319	-1316
18.4954960346	-1420
18.4955589771	-1420
18.4955630302	-1420
18.4956049919	-1212
18.4956080914	-1420
18.4956429005	-1316
18.496614933	-1420
18.4966580868	-1420
18.4966609478	-1264
18.4966950417	-1368
18.4968070984	543
18.4976370335	-1420
18.4976429939	-1420
18.4976830482	-1264
18.4977219105	-1368
18.4986059666	-1420
18.4986109734	-1316
18.4987659454	-1420
18.4987699986	-1316
18.4991590977	-1368
18.504144907	-1368
18.5182900429	-1420
18.5183570385	-1036
18.5425179005	-423
18.5577759743	-1228
18.5680980682	543
18.5683960915	543
18.5696790218	-486
18.5965299606	-1228
18.6340630054	-1420
18.6340789795	-1420
18.6341359615	-1264
18.691546917	543
18.6917788982	543
18.7250289917	-372
18.7294340134	-1181
18.729569912	543
18.7402620316	543
18.7432560921	543
18.8728919029	-543
18.9049630165	-1057
18.9193100929	543
18.9198040962	543
18.9483220577	543
18.9485208988	1057
19.0334830284	-543
19.0415239334	-1086
19.0949380398	-1420
19.0949990749	-1420
19.0950379372	-844
19.0950751305	-1420
19.0951089859	-1420
19.0951519012	-844
19.0962920189	543
19.1340689659	-1420
19.134114027	-1036
19.1531510353	-1420
19.1531629562	-1420
19.1532180309	-1264
19.1541740894	-1420
19.1541790962	-1420
19.1542201042	-1264
19.1550910473	-1420
19.1550960541	-1316
19.1559989452	-1368
19.1707589626	-198
19.173566103	-1228
19.2022171021	-1420
19.2022330761	-1036
19.2236559391	-1228
19.2240009308	-1420
19.2240059376	-524
19.2302360535	-1368
19.2855980396	-1420
19.2856171131	-1420
19.2856729031	-1420
19.2856760025	-652
19.28571105	-1228
19.2857139111	-1228
19.2857909203	-1420
19.2857940197	-1420
19.2858300209	-844
19.2897520065	543
19.3000330925	-232
19.3249139786	-1420
19.3249289989	-1420
19.3249919415	-844
19.3323249817	-1420
19.3323779106	-1420
19.3323810101	-844
19.3324179649	-1420
19.3324210644	-1036
19.352353096	-1420
19.3523640633	-1036
19.3530321121	-1420
19.3530371189	-1180
19.3684020042	1057
19.4899840355	-543
19.7082350254	-1057
19.8374180794	-543
19.9103970528	-1420
19.9104111195	-1036
19.9486629963	-1228
19.9488840103	543
19.9510030746	543
19.9660758972	-486
19.9679470062	543
20.1442809105	-543
20.144808054	1057
20.1531889439	543
20.2023179531	-543
20.3316090107	-543
20.3322749138	543
20.5813069344	-543
20.8108649254	-543
20.9381449223	543
20.939522028	-543
21.0681159496	-1057
21.1619930267	543
21.1781930923	543
21.1936171055	1057
21.2451500893	543
21.2453980446	1057
21.2734100819	1057
21.4286661148	-543
21.467772007	-543
21.5579071045	-543
21.8273050785	-543
21.9381361008	543
21.9446709156	-543
21.9459819794	-1420
21.9460270405	-1316
21.9465069771	-1420
21.9465479851	-1316
21.9471750259	-1420
21.947218895	-1316
21.9472811222	-1368
22.0178239346	-543
22.0740120411	-1363
22.0741391182	543
22.1487410069	-543
22.2776100636	-543
23.9486100674	-543
24.0984990597	543
