0	543
1.0005300045	543
1.59258913994	-543
3.87420296669	1057
3.99955797195	543
4.34453010559	-543
4.51656007767	-1368
4.51663613319	-1368
4.51665210724	-891
4.51990008354	-1368
4.52128195763	-1368
4.52134394646	-1368
4.5214509964	-1368
4.53375005722	-1368
4.53385710716	-1368
4.53489112854	-1368
4.62765312195	-1368
4.62769293785	-538
4.6571559906	1057
4.65972900391	-1368
4.65978312492	-1368
4.67837309837	-1368
4.67845201492	-1368
4.68777298927	1368
4.68782615662	1368
4.70049595833	-1368
4.70059108734	-1368
4.73860812187	-103
4.76955103874	978
4.88068509102	-543
4.88110208511	-1368
4.9002571106	-1368
4.96383714676	-1368
4.96966505051	543
4.99201893806	-95
5.02126502991	-1368
5.0214099884	-1368
5.03910017014	-1368
5.12198710442	1057
5.13242316246	-609
5.138682127	1368
5.15446305275	-1368
5.1622531414	-1368
5.16243505478	-1368
5.16258597374	-1368
5.23477602005	232
5.25018811226	-327
5.25868010521	1368
5.36680316925	-1368
5.36684203148	232
5.36998701096	-1260
5.41003894806	1368
5.41004705429	1368
5.4123301506	-1368
5.41241502762	-1368
5.4635720253	-1368
5.46728205681	1368
5.51849913597	66
5.52083206177	-124
5.56667494774	-1368
5.64326310158	-1368
5.6433570385	-1368
5.64477801323	-1368
5.64487504959	-1368
5.64517617226	-1368
5.64530396461	-1368
5.64541101456	-1368
5.64637804031	-1368
5.64645004272	543
5.64652013779	-1368
5.64657211304	-1368
5.6470451355	-1368
5.64771509171	-1368
5.6485710144	-1368
5.64865803719	-1368
5.64877200127	-1368
5.64939904213	-1368
5.64951109886	-1368
5.66393399239	-1368
5.67374205589	-1368
5.67384505272	-1368
5.71730899811	-1368
5.71740198135	-1368
5.75448203087	-1368
5.75460100174	-1368
5.75470304489	-1368
5.75482916832	-1368
5.75605201721	-1368
5.75621700287	-1368
5.75627493858	-1368
5.75637412071	-1368
5.75682711601	-1368
5.75691413879	-1368
5.7570309639	-1368
5.75713896751	-1368
5.75750994682	-1368
5.75762605667	-1368
5.75771808624	-1368
5.75784516335	-1368
5.75796508789	-1368
5.75797200203	1086
5.75809812546	-1368
5.75822806358	-1368
5.75836706161	-1368
5.75890207291	-1368
5.75900101662	-1368
5.75913906097	-1368
5.75923013687	-1368
5.76193809509	-1368
5.76203799248	-1368
5.7621691227	-1368
5.7622821331	-1368
5.76278805733	-1368
5.76293897629	-1368
5.76300215721	-1368
5.76309204102	-1368
5.77511501312	-1275
5.77522516251	-1368
5.77534198761	-1368
5.7764840126	-1368
5.78545212746	-1368
5.78562903404	-1368
5.78566408157	-1368
5.78581595421	-1368
5.78600001335	1368
5.82855796814	-1368
5.82864809036	-1368
5.82876515388	-1368
5.82887005806	-1368
5.86577105522	-1368
5.86586594582	-1368
5.86597704887	-1368
5.86613297462	-1368
5.86625409126	-1368
5.86637616158	-1368
5.86647796631	-1368
5.86663198471	-1368
5.86744308472	-1368
5.86755394936	-1368
5.86771416664	-1368
5.86779999733	-1368
5.86789703369	-1368
5.86795401573	-1071
5.86811494827	-1368
5.86827898026	-1368
5.86836695671	-1368
5.86848115921	-1368
5.86858415604	-1368
5.8686850071	-1368
5.86883497238	-1368
5.86896705627	-1368
5.8690559864	-1368
5.869161129	-1368
5.86928415298	-1368
5.86941504478	-1368
5.86951494217	-1368
5.86966609955	-1368
5.86977100372	-1368
5.86987614632	-1368
5.86998105049	-1368
5.86999607086	804
5.8700940609	-1368
5.870221138	-1368
5.87034416199	-1368
5.87050509453	-1368
5.87064909935	-1368
5.87073802948	-1368
5.87084507942	-1368
5.87100505829	-1368
5.87109613419	-1368
5.87122297287	-1368
5.87132406235	-1368
5.87158203125	-1368
5.87168097496	-1368
5.87178611755	-1368
5.87193107605	-1368
5.87307810783	-1368
5.87316608429	-1368
5.87327504158	-1368
5.8733830452	-1368
5.87349700928	-1368
5.87361907959	1368
5.87369799614	-1368
5.87375998497	-1368
5.87377715111	-36
5.87395405769	-1368
5.87405610085	-1368
5.87425613403	-1368
5.87430000305	-1368
5.87441897392	-1368
5.87451815605	-1368
5.87465214729	-1368
5.8747780323	-1368
5.88633513451	-1368
5.88643312454	-1368
5.88653707504	-1368
5.88666415215	-1368
5.88696503639	-1368
5.88701415062	-1368
5.88702297211	-1368
5.88712406158	-1368
5.8965959549	-1368
5.89669513702	-1368
5.89682006836	-1368
5.89690899849	-1368
5.89702296257	-1368
5.89713215828	-1368
5.89725399017	-1368
5.897356987	-1368
5.89855909348	-1368
5.8986260891	-1339
5.93977594376	-1368
5.93987703323	-1368
5.93994212151	-1368
5.94007706642	-1368
5.94019699097	-1368
5.940294981	-1368
5.94043803215	-1368
5.94053506851	-1368
5.94200110435	1368
5.97705006599	-1368
5.97708415985	-1368
5.97719097137	-1368
5.97735500336	-1368
5.97745609283	-1368
5.97758412361	-1368
5.97770404816	-1368
5.97779417038	-1368
5.97790408134	-1368
5.97809410095	-1368
5.9781460762	-1368
5.97830510139	-1368
5.97840809822	-1368
5.9785630703	-1368
5.97867798805	-1368
5.97878193855	-1368
5.97904610634	-1368
5.97917413712	-1368
5.97930312157	-1368
5.97937512398	-1368
5.9795730114	-1368
5.97958302498	-671
5.97970604897	-1368
5.97975611687	1368
5.97982811928	-1368
5.97994494438	-1368
5.98006606102	-1368
5.98041701317	-1368
5.98053598404	-1368
5.98066616058	-1368
5.9808151722	-1368
5.9809191227	-1368
5.9810321331	-1368
5.98113298416	-1368
5.98125314713	-1368
5.98138809204	-1368
5.9815030098	-1368
5.98161816597	-1368
5.98171401024	-1368
5.98185300827	-1368
5.98201012611	-1368
5.98209309578	-1368
5.98221302032	-1368
5.98238301277	-1368
5.98239803314	783
5.98249697685	-1368
5.98262310028	-1368
5.98279595375	-1368
5.98291707039	-1368
5.98302102089	-1368
5.98311901093	-1368
5.9832880497	-1368
5.98333907127	-1368
5.98344016075	-1368
5.98365116119	-1368
5.98373603821	-1368
5.98384594917	-1368
5.98394799232	-1368
5.9842209816	-1368
5.98432397842	-1368
5.98458099365	-1368
5.9846830368	-1368
5.98489904404	-1368
5.98502612114	-1368
5.9851269722	-1368
5.98522114754	-1368
5.98537302017	-1368
5.98546695709	-1368
5.98560595512	-1368
5.98572516441	-1368
5.98586201668	-1368
5.98599004745	-1368
5.98607897758	-1368
5.98621106148	1368
5.98634195328	-1368
5.98643994331	-1368
5.98682308197	-1368
5.9869389534	-1368
5.98738002777	-1368
5.98750805855	-1368
5.98760294914	-1368
5.98774003983	-1368
5.98785805702	-1368
5.98801994324	-1368
5.98830699921	-1368
5.9883890152	-1368
5.98848605156	-1368
5.98861098289	-1368
5.98889613152	-1368
5.98897099495	-1368
5.98915815353	-1368
5.98925614357	-1368
5.98942303658	-1368
5.98955106735	-1368
5.98966693878	-1368
5.98983716965	-1368
5.98995900154	-1368
5.99005293846	-1368
5.99017310143	-1368
5.99023795128	-1368
5.99036216736	-1368
5.99047613144	-1368
5.9905731678	-1368
5.9907181263	-1368
5.99084711075	-1368
5.99099111557	-1368
5.99109101295	-1368
5.99118900299	-1368
5.99132204056	-1368
5.99147796631	-1368
5.99158000946	-1368
5.99172711372	-1368
5.99182415009	-1368
5.99192094803	-1368
5.99204611778	-1368
5.99216294289	-1368
5.99234008789	-1368
5.9924390316	-1368
5.99261403084	-1368
5.99271917343	-1368
5.99282693863	-1368
5.99297595024	-1368
5.99300408363	1368
5.99310112	-1368
5.99322605133	-1368
5.99332809448	-1368
5.997382164	-1368
5.99748301506	-1368
5.99762296677	-1368
5.99771094322	-1368
5.99786114693	-1368
5.99797797203	-1368
5.99808812141	-1368
5.99821209908	-1368
5.9983420372	-1368
5.99845409393	-1368
5.99859404564	-1368
5.99868702888	-1368
5.99881410599	-1368
5.99890804291	-1368
5.9990401268	-1368
5.9990530014	1368
5.9991569519	-1368
6.00769996643	-1368
6.00778913498	-1368
6.00790596008	-1368
6.00802206993	-1368
6.00813102722	-1368
6.0082449913	-1368
6.00837206841	-1368
6.00847196579	-1368
6.00860095024	-1368
6.00869894028	-1368
6.00883698463	-1368
6.00896811485	-1368
6.00908994675	-1368
6.00920605659	-1368
6.00930809975	-1368
6.00940108299	-1368
6.00966095924	-1368
6.00975894928	-1368
6.00991415977	-1368
6.01002216339	-1368
6.04912304878	-1368
6.04922699928	-1368
6.05122303963	-1368
6.0513510704	-1368
6.05146598816	-1368
6.05156517029	-1368
6.05168795586	-1368
6.05178999901	-1368
6.05189800262	-1368
6.05199503899	-1368
6.05211114883	-1368
6.05223703384	-1368
6.05236697197	-1368
6.05245995522	-1368
6.0525829792	-1368
6.05270695686	-1368
6.05282497406	-1368
6.05295300484	-1368
6.0530500412	1368
6.09054708481	-1368
6.09064698219	-1368
6.09076714516	-1368
6.09150910378	-1368
6.09161615372	-1368
6.09173107147	-1368
6.09182810783	-1368
6.09194397926	-1368
6.09204006195	-1368
6.092263937	-1368
6.09239816666	-1368
6.09249901772	-1368
6.09260106087	-1368
6.09273314476	-1368
6.09285306931	-1368
6.09298706055	-1368
6.09311914444	-1368
6.09324216843	-1368
6.09340214729	-1368
6.09353113174	-1368
6.09362602234	-1368
6.09418201447	-1368
6.09428715706	-1368
6.09442305565	-1368
6.09484910965	-1368
6.09499716759	-1368
6.09507894516	-1368
6.09521007538	-1368
6.09522104263	986
6.09534215927	-1368
6.09541702271	-1368
6.09597015381	-1368
6.09610295296	-1368
6.09621500969	-1368
6.0964050293	-1368
6.09650015831	-1368
6.09659695625	-1368
6.09672498703	-1368
6.09683895111	-1368
6.09735298157	-1368
6.09747195244	-1368
6.09758400917	-1368
6.09768414497	-1368
6.09803295135	-1368
6.09815812111	-1368
6.09830117226	-1368
6.09840011597	-1368
6.09917616844	-1368
6.09928703308	-1368
6.09944415092	-1368
6.09955501556	-1368
6.09964513779	-1368
6.09976696968	-1368
6.09986400604	-1368
6.09998297691	-1368
6.10051107407	-1368
6.10061717033	-1368
6.10073304176	-1368
6.10084295273	-1368
6.10107016563	-1368
6.10118293762	-1368
6.10126900673	1368
6.10130214691	-1368
6.10130810738	-263
6.20654296875	261
6.25021505356	1368
6.31749916077	746
6.41577410698	-1368
6.41580200195	-203
6.4176261425	-1368
6.41773104668	-1368
6.41795015335	-1368
6.41806697845	-1368
6.41816210747	-1368
6.41957116127	-1368
6.41969394684	-1368
6.41980409622	-1368
6.42150306702	-1368
6.4216170311	-1368
6.42171096802	-1368
6.42310094833	-1368
6.42332196236	1368
6.42390704155	-1368
6.42402601242	-1368
6.42514395714	-1368
6.42524409294	-1368
6.4253411293	-1368
6.42778515816	-1368
6.42788696289	-1368
6.42799806595	-1368
6.43024802208	-1368
6.4302611351	775
6.43039512634	-1368
6.43049001694	-1368
6.43150210381	-1368
6.43218708038	-1368
6.43228316307	-1368
6.43241405487	-1368
6.45961809158	-1368
6.45971417427	-1368
6.46162199974	-1368
6.52683210373	-1174
6.52824115753	1368
6.54119706154	232
6.60832095146	-1368
6.6084151268	-1368
6.60851812363	-1368
6.63820695877	-66
6.65207004547	1086
6.68356108665	-1368
6.68366909027	-1368
6.70340895653	-1368
6.70350694656	-1368
6.74930810928	-783
6.77204799652	-1368
6.77209115028	543
6.77211093903	-1368
6.830037117	-1368
6.8622200489	1368
6.86773204803	-1368
6.86784505844	-1368
6.86839795113	-1368
6.86850595474	-1368
6.86860895157	-1368
6.86904716492	-1368
6.86915111542	-1368
6.86927509308	-1368
6.86976504326	-1368
6.86986994743	-1368
6.87000799179	-1368
6.87078094482	-1368
6.87088394165	-1368
6.8710000515	-1368
6.87280702591	-1368
6.87293195724	-1368
6.87304401398	-1368
6.87358593941	-1368
6.87374806404	-1368
6.8738219738	-1368
6.87410998344	-1368
6.87420916557	-1368
6.87453198433	-1368
6.87493610382	-1368
6.87503504753	-1368
6.87551403046	-1368
6.88332605362	-428
6.8833630085	1318
6.889742136	-1368
6.88984107971	-1368
6.8907661438	-1368
6.9068210125	-1368
6.96499109268	-1368
6.99601817131	-501
7.12371301651	1368
7.12382698059	1368
7.12385606766	1368
7.12396502495	580
7.23602509499	1057
7.23896503448	1368
7.35010194778	203
7.39145898819	-543
7.47899603844	-1368
7.47910094261	-1368
7.48386001587	-1368
7.48868393898	1057
7.55281615257	-609
7.63844013214	543
7.67706799507	-1368
7.67719316483	-1368
7.67727994919	-1368
7.70079708099	-1152
7.75059008598	1086
7.751101017	-1368
7.7938580513	-1368
7.81175112724	-464
7.89865016937	543
7.92290401459	-1086
7.92411708832	1368
8.01010298729	-1368
8.01013994217	232
8.03414702415	-232
8.15508294106	-1368
8.15616297722	-1368
8.15627503395	-1368
8.15638804436	-1368
8.15703606606	-1368
8.15715193748	-1368
8.15728998184	-1368
8.15752196312	543
8.16721606255	1368
8.17101311684	1368
8.17562413216	-1368
8.17569708824	-1368
8.18910813332	-1226
8.19575595856	-1368
8.27431297302	1368
8.27832508087	95
8.28807711601	-1368
8.30670595169	-406
8.30729198456	1368
8.38967013359	203
8.40546107292	-1368
8.4177031517	-261
8.50072813034	543
8.51748013496	-1368
8.52875304222	-232
8.6397600174	-1086
8.63978600502	1057
8.64439296722	1368
8.68306803703	-1368
8.68319106102	-1368
8.68325996399	-1368
8.71916913986	-1368
8.73756098747	-1368
8.75104308128	-1015
8.75116300583	746
8.82316994667	-1368
8.82326197624	-1368
8.82337903976	-1368
8.86316800117	-609
8.86318206787	1057
9.01178097725	1086
9.02143216133	-543
9.02533698082	-1368
9.04008197784	-1368
9.04018712044	-1368
9.04107499123	-1368
9.0621509552	-1368
9.12304615974	1086
9.1363761425	-472
9.2538330555	-1368
9.25466012955	543
9.25510811806	1368
9.28897500038	-1318
9.29086208344	1368
9.3330719471	-1368
9.3331580162	-1368
9.36130905151	-1368
9.36139798164	-1368
9.36717510223	435
9.4020190239	-269
9.43722295761	1368
9.53184700012	-1368
9.53188896179	203
9.54880905151	-1289
9.69673705101	-543
9.69676709175	543
9.78366303444	-1368
9.80777812004	-203
9.81343412399	1057
9.83856105804	-1368
9.85864210129	-1368
9.87944102287	-1368
9.91870212555	-609
9.96226501465	1368
9.97839593887	775
10.0050261021	1368
10.0299270153	-543
10.0893349648	746
10.1433870792	-543
10.1491570473	-1368
10.2021160126	1368
10.2450699806	232
10.2603261471	-1231
10.3612761497	1368
10.3613951206	203
10.4229691029	-543
10.4648449421	-1368
10.4679501057	-1368
10.5341689587	-920
10.5385169983	543
10.5387461185	1368
10.5454280376	-1368
10.5471730232	-1368
10.5472919941	-1368
10.5478031635	-1368
10.5479111671	-1368
10.5480360985	-1368
10.5493280888	-1368
10.549448967	-1368
10.5495531559	-1368
10.5502450466	-1368
10.5503389835	-1368
10.5504601002	-1368
10.5507950783	-1368
10.5631151199	-1368
10.563172102	-1368
10.5643081665	-1368
10.5644669533	-1368
10.5646541119	-1368
10.5662541389	-1368
10.5663471222	-1368
10.5664491653	-1368
10.5665230751	1368
10.5679831505	-1368
10.5680520535	-1368
10.5681860447	-1368
10.5690009594	-1368
10.5693559647	-1368
10.5694680214	-1368
10.5699510574	-1368
10.5701019764	-1368
10.5702280998	-1368
10.5728480816	-1368
10.5729100704	-1368
10.5735650063	-1368
10.5739071369	-1368
10.5740070343	-1368
10.5743949413	-1368
10.5748870373	-1368
10.5749759674	-1368
10.5752191544	-1368
10.5753180981	-1368
10.5754499435	-1368
10.5755500793	-1368
10.5756640434	-1368
10.5757870674	-1368
10.5759000778	-1368
10.5774390697	1368
10.582818985	-1368
10.6452951431	-1193
10.6499249935	153
10.6605219841	1368
10.7301449776	-1368
10.7305090427	-1368
10.7324950695	-1368
10.7325701714	-1368
10.7327899933	-1368
10.7334229946	-1368
10.7335219383	-1368
10.7336361408	-1368
10.7342450619	-1368
10.7343831062	-1368
10.7349450588	-1368
10.7350740433	-1368
10.7360260487	-1368
10.7371339798	-1368
10.7372419834	-1368
10.7381019592	-1368
10.739109993	-1368
10.7391791344	-1368
10.7392959595	-1368
10.7396650314	-1368
10.7397260666	-1368
10.7407441139	-1368
10.7421030998	-1368
10.7422180176	-1368
10.7433791161	-1368
10.7446360588	-1368
10.7447359562	-1368
10.7459051609	-1368
10.7520561218	-1368
10.7521729469	-1368
10.7529649734	-1368
10.7530679703	-1368
10.7562389374	-523
10.7736821175	775
10.8695361614	-1368
10.870057106	-1368
10.8701741695	-1368
10.8702750206	-1368
10.8707711697	-1368
10.8708851337	-1368
10.8711261749	-1368
10.8715350628	-1368
10.8716571331	-1368
10.8718450069	-1368
10.8720321655	1368
10.8722541332	-1368
10.8723909855	-1368
10.872492075	-1368
10.8731169701	-1368
10.8732271194	-1368
10.8733539581	-1368
10.8735740185	-1368
10.8736970425	-1368
10.8738090992	-1368
10.8740820885	-1368
10.8742041588	-1368
10.8743031025	-1368
10.8745889664	-1368
10.8746960163	-1368
10.8747980595	-1368
10.8753681183	-1368
10.8754701614	-1368
10.8756160736	-1368
10.8757171631	-1368
10.8758661747	-1368
10.875962019	-1368
10.8766591549	-1368
10.8767371178	-1368
10.8768520355	-1368
10.8769569397	1368
10.8771510124	-1368
10.877243042	-1368
10.8773980141	-1368
10.87779212	-1368
10.8783631325	-1368
10.8784680367	-1368
10.87885499	-1368
10.878978014	-1368
10.8790810108	-1368
10.8800179958	-1368
10.8801121712	-1368
10.8802361488	-1368
10.8814940453	-1368
10.8815891743	-1368
10.8817641735	-1368
10.8826899529	-1368
10.8829610348	1368
10.8833539486	-1368
10.8834650517	-1368
10.8839800358	-1368
10.8840870857	-1368
10.8841900826	-1368
10.8843221664	-1368
10.8844959736	-1368
10.884622097	-1368
10.8848280907	-1368
10.8848381042	-89
10.8848459721	182
10.88529706	-1368
10.8854060173	-1368
10.8857829571	-1368
10.8884489536	-1368
10.8885669708	-1368
10.888666153	-1368
10.8889701366	-1368
10.8890960217	-1368
10.8892550468	-1368
10.8896009922	-1368
10.8896961212	-1368
10.8899569511	-1368
10.8902640343	-1368
10.8903951645	-1368
10.8907060623	-1368
10.8917729855	-1368
10.8918690681	-1368
10.8920111656	-1368
10.8923089504	-1368
10.8923470974	-1368
10.9045860767	-1368
10.9065060616	-1368
10.9138159752	-1368
10.9139270782	-1368
10.9283890724	-1368
10.9476399422	-1368
10.9696280956	-1368
10.9696669579	-1368
10.9959051609	-312
10.9960801601	1086
11.0126230717	1368
11.1238219738	746
11.1467061043	1368
11.1985080242	-543
11.257956028	746
11.2841701508	-1368
11.2842400074	-1368
11.3091590405	-1368
11.3092541695	-1368
11.3093621731	-1368
11.3110480309	1368
11.3272480965	-1368
11.3273561001	-1368
11.3274929523	-1368
11.3460669518	-1368
11.3569951057	-741
11.4086811543	746
11.4771311283	-1368
11.4779031277	-1368
11.4779961109	-1368
11.4780890942	-1368
11.4784600735	-1368
11.478564024	-1368
11.4786641598	-1368
11.4803731441	-1368
11.4804911613	-1368
11.4805719852	-1368
11.4818570614	-1368
11.4819321632	-1368
11.482022047	-1368
11.4835600853	-1368
11.4844269753	-1368
11.4845199585	-1368
11.4848611355	-1368
11.484994173	-1368
11.4850971699	-1368
11.4858219624	-1368
11.485929966	-1368
11.4860620499	-1368
11.487817049	-1368
11.487924099	-1368
11.4880239964	-1368
11.4889791012	-1368
11.489823103	-1368
11.4899280071	-1368
11.4904921055	-1368
11.490623951	-1368
11.4907171726	-1368
11.4911301136	-1368
11.4917480946	-1368
11.4918489456	-1368
11.4928400517	-1368
11.4929549694	-1368
11.4930510521	-1368
11.4932391644	-1368
11.49345994	1368
11.4936470985	-1368
11.4937779903	-1368
11.4938659668	-1368
11.4939930439	-1368
11.4940860271	-1368
11.4944629669	-1368
11.4946701527	-1368
11.49477911	-1368
11.4954080582	-1368
11.4957499504	-1368
11.4958720207	-1368
11.4961230755	-1368
11.4975421429	-1368
11.4976401329	-1368
11.4977779388	-1368
11.4978971481	-1368
11.4980239868	-1368
11.4983820915	-1368
11.498666048	-1368
11.4988000393	-1368
11.4988911152	-1368
11.4994239807	-1368
11.4995210171	-1368
11.4996399879	-1368
11.5004370213	-1368
11.5005431175	-1368
11.5006761551	-1368
11.5007910728	-1368
11.5008831024	-1368
11.5010521412	-1368
11.5016269684	-1368
11.5017421246	-1368
11.5018379688	-1368
11.5025479794	-1368
11.5026490688	-1368
11.5027811527	-1368
11.5031239986	-1368
11.5033669472	1368
11.5035719872	-1368
11.5036821365	-1368
11.5039269924	-1368
11.5040481091	-1368
11.5041351318	-1368
11.504625082	-1368
11.5047049522	-1368
11.5048379898	-1368
11.5051579475	-1368
11.5052809715	-1368
11.5054030418	-1368
11.5056400299	-1368
11.5061860085	-372
11.5065641403	-1368
11.506581068	-1368
11.5068130493	-1368
11.5069069862	-1368
11.5070440769	-1368
11.5085091591	-1368
11.5085761547	-1368
11.5086131096	-1368
11.5107381344	-1368
11.5108449459	-1368
11.510969162	-1368
11.5110199451	1368
11.5116240978	-1368
11.5117371082	-1368
11.5118529797	-1368
11.5120511055	-1368
11.512139082	-1368
11.5122439861	-1368
11.5135879517	-1368
11.5136859417	-1368
11.5138339996	-1368
11.5145831108	-1368
11.5147161484	-1368
11.5147819519	-1368
11.5150370598	-1368
11.5155501366	-1368
11.5156509876	-1368
11.5157980919	-1368
11.5158801079	-1368
11.5160181522	-1368
11.5163960457	-1368
11.5166101456	-1368
11.5167369843	-1368
11.5169610977	-1368
11.51760602	-1368
11.5177209377	-1368
11.5182180405	-1368
11.5183269978	-1368
11.5185670853	1368
11.5190181732	-1368
11.5191099644	-1368
11.5192389488	-1368
11.5202579498	-1368
11.520275116	986
11.5677170753	-1368
11.5694351196	-1368
11.5695781708	-1368
11.5696570873	-1368
11.5702731609	-1368
11.5704081059	-1368
11.5709049702	-1368
11.5718359947	-1368
11.5719590187	-1368
11.5720410347	-1368
11.5741541386	-1368
11.5742771626	-1368
11.5743880272	-1368
11.5756449699	-1368
11.5757491589	-1368
11.5758440495	-1368
11.5767331123	-1368
11.5768640041	-1368
11.5775630474	-1368
11.5776610374	-1368
11.5777800083	-1368
11.5781340599	-1368
11.5782239437	-1368
11.5786991119	-1368
11.5791471004	-1368
11.5792479515	-1368
11.5795509815	-1368
11.5798780918	-1368
11.5800020695	-1368
11.5801179409	-1368
11.5806391239	-1368
11.5807271004	-1368
11.5808269978	-1368
11.5809600353	-1368
11.5810551643	-1368
11.5811851025	1368
11.5811860561	-1368
11.5815911293	-1368
11.5816731453	-1368
11.582005024	-1368
11.5822360516	-1368
11.5823349953	-1368
11.5824439526	-1368
11.5835859776	-1368
11.5836861134	-1368
11.5837850571	-1368
11.5839140415	-1368
11.5840139389	-1368
11.5890481472	-1368
11.5891749859	-1368
11.5892980099	-1368
11.5894329548	-1368
11.6035530567	-1368
11.6036570072	-1368
11.6037690639	-1368
11.6176040173	-852
11.6684529781	1347
11.7006139755	-1368
11.7007169724	-1368
11.7016601562	-1368
11.7017850876	-1368
11.7021870613	-1368
11.7022931576	-1368
11.7023949623	-1368
11.7029950619	-1368
11.7030940056	-1368
11.7032091618	-1368
11.7033390999	-1368
11.7035970688	-1368
11.7036881447	-1368
11.7038199902	-1368
11.704873085	-1368
11.7050051689	-1368
11.705422163	-1368
11.7058520317	-1368
11.705960989	-1368
11.7060849667	-1368
11.7062950134	-1368
11.7063989639	-1368
11.7065250874	-1368
11.7067360878	-1368
11.7068359852	-1368
11.7069649696	-1368
11.7214319706	-1368
11.7215149403	-1368
11.7215881348	-1368
11.7218360901	-1368
11.7284891605	-117
11.8185050488	1086
11.8768270016	-1057
11.929844141	543
11.949780941	1368
11.9628009796	1368
11.9874651432	1368
11.9879159927	-543
12.0219800472	-543
12.0414750576	638
12.1544289589	-1057
12.3807280064	-1368
12.3808450699	-1368
12.380874157	-891
12.4017119408	-1368
12.4018239975	-1368
12.4026479721	-1368
12.4212851524	-1368
12.4214110374	-1368
12.4921469688	-957
12.4923591614	543
12.6031870842	-1086
12.8255591393	-543
12.9367530346	-543
12.9754719734	543
13.110615015	-543
13.689136982	-543
14.0003211498	543
14.0003900528	543
14.6592020988	-543
15.0004711151	543
15.1599850655	-543
15.6114900112	-543
