0	543
0.999505996704	543
1.84807801247	1057
3.14194893837	-543
3.327272892	-1298
3.32735204697	-1298
3.32737803459	-1031
3.34866094589	-1298
3.37011194229	-1298
3.37018489838	-1298
3.37020397186	-1298
3.37426304817	-1298
3.37432384491	-1298
3.39200782776	-1298
3.46949601173	-1298
3.46955394745	-1098
3.49431800842	-1298
3.49441695213	-1298
3.50686788559	1057
3.51824498177	-1298
3.51827192307	-1298
3.51833581924	-1298
3.51841783524	-1298
3.52162599564	1298
3.52411699295	1298
3.61176395416	-552
3.64920783043	1118
3.77274799347	-1298
3.79146504402	-302
4.28430104256	-543
4.44375991821	-543
4.46852588654	-1298
4.46866488457	-1298
4.49226999283	-1298
4.59595298767	-1298
4.59607386589	-1298
4.59615898132	-1298
4.61014604568	543
4.61070203781	-552
4.64356303215	1298
4.64438486099	1298
4.7860519886	61
4.85218000412	-543
5.0332069397	-543
5.06121683121	-1298
5.06125688553	-1298
5.06127500534	-1298
5.08390188217	-1298
5.10436797142	543
5.17551898956	-578
5.17763400078	1298
5.17764592171	1298
5.24663090706	1031
5.3179910183	-1298
5.3181040287	-1298
5.3201789856	-1031
5.34449386597	-1298
5.34458899498	-1298
5.34468698502	-1298
5.34479284286	-1298
5.34490799904	-1298
5.34494185448	-1298
5.37261295319	-1298
5.37272286415	-1298
5.46037387848	-1298
5.46043205261	-1298
5.48101186752	-1298
5.48674297333	-1298
5.48680090904	-1298
5.4868118763	-1298
5.48691296577	-1298
5.48694491386	-1298
5.48725390434	-1298
5.48728394508	-1298
5.48731899261	-1298
5.48734092712	-1298
5.48783588409	543
5.51490187645	-1298
5.514991045	-1298
5.52962899208	-1298
5.55727100372	-1298
5.56156086922	-1298
5.6029188633	-1298
5.60297894478	-1298
5.6030459404	-1298
5.62903499603	-1298
5.6290910244	-1298
5.62910294533	-1298
5.62911891937	-1298
5.62914299965	-1298
5.62916684151	-1298
5.62926983833	-1298
5.62929296494	-1298
5.62946987152	-1298
5.62951302528	-1298
5.62954998016	-1298
5.62962794304	-1298
5.62968087196	-1298
5.629737854	-1298
5.62998890877	543
5.63772988319	-1298
5.65753293037	-1298
5.65761494637	-1298
5.65762901306	-1298
5.69971489906	-1298
5.6997628212	-1298
5.71544194221	-1298
5.74521684647	-1298
5.74529099464	-1298
5.7453019619	-1298
5.7453110218	-1298
5.74532198906	-1298
5.77137899399	-1298
5.77143192291	-1298
5.77146601677	-1298
5.77147293091	-1298
5.77148389816	-1298
5.77148890495	-1298
5.77150893211	-1298
5.77151489258	-1298
5.77152705193	-1298
5.77153587341	-1298
5.77157282829	-1298
5.77158093452	-1298
5.77162790298	-1298
5.77164888382	-1298
5.77185893059	-1298
5.771930933	-1298
5.77196502686	-1298
5.7720220089	-1298
5.77203989029	-1298
5.77206897736	-1298
5.77332282066	1298
5.78269100189	-1298
5.78275489807	874
5.7997879982	-1298
5.79987382889	-1298
5.7999048233	-1298
5.79991197586	-1298
5.79994297028	-1298
5.80208587646	-1298
5.84216094017	-1298
5.84222602844	-1298
5.84227085114	-1298
5.88751292229	-1298
5.88755583763	-1298
5.88758993149	-1298
5.88759589195	-1298
5.88760590553	-1298
5.88763284683	-1298
5.88766288757	-1298
5.88769483566	-1298
5.88985204697	-1298
5.91372799873	-1298
5.91386985779	-1298
5.91389203072	-1298
5.91390895844	-1298
5.9139149189	-1298
5.9139380455	-1298
5.91394591331	-1298
5.91395998001	-1298
5.91396784782	-1298
5.91398501396	-1298
5.91401004791	-1298
5.91404891014	-1298
5.91407585144	-1298
5.91410899162	-1298
5.91413593292	-1298
5.91417598724	-1298
5.91419291496	-1298
5.91422390938	-1298
5.9143140316	-1298
5.91441392899	-1298
5.91445088387	-1298
5.91448187828	-1298
5.91449785233	-1298
5.91452002525	-1298
5.91454696655	-1298
5.91758394241	1298
5.92299890518	-1298
5.92521286011	-1298
5.92529201508	331
5.93096590042	-1298
5.94222784042	-1298
5.94230103493	-1298
5.94231200218	-1298
5.94232201576	-1298
5.94234490395	-1298
5.9444038868	-1298
5.94445991516	-1298
5.94448900223	-1298
5.94449496269	-1298
5.98451805115	-1298
5.98457193375	-1298
5.99355792999	-1298
6.00007987022	543
6.02124881744	-1298
6.02364683151	-1298
6.02975201607	-1298
6.02979803085	-1298
6.02981901169	-1298
6.02985191345	-1298
6.02988481522	-1298
6.02991199493	-1298
6.02993988991	-1298
6.02996993065	-1298
6.03000402451	-1298
6.03002095222	-1298
6.03005194664	-1298
6.04116082191	-1298
6.05624294281	-1298
6.05631685257	-1298
6.05632591248	-1298
6.05633497238	-1298
6.05636000633	-1298
6.05637383461	-1298
6.05642485619	-1298
6.05644702911	-1298
6.05648088455	-1298
6.05649900436	-1298
6.05652785301	-1298
6.05656695366	-1298
6.05660796165	-1298
6.05664896965	-1298
6.05669403076	-1298
6.05673885345	-1298
6.0567779541	-1298
6.05681395531	-1298
6.05685281754	-1298
6.05689382553	-1298
6.05697488785	-1298
6.05709385872	-1298
6.05713701248	-1298
6.05722594261	-1298
6.05730891228	-1298
6.05737304688	-1298
6.05740499496	-1298
6.05742883682	-1298
6.05745387077	-1298
6.05747294426	-1298
6.05750489235	-1298
6.05756497383	-1298
6.05758094788	-1298
6.05801391602	1298
6.06753587723	-1298
6.0675778389	331
6.06758499146	-1298
6.08449602127	-1298
6.08457398415	-1298
6.08458089828	-1298
6.08458685875	-1298
6.08458995819	-1298
6.08459591866	-1298
6.08462095261	-1298
6.08465695381	-1298
6.08467483521	-1298
6.08470201492	-1298
6.08674287796	-1298
6.0868139267	-1298
6.08682489395	-1298
6.08683300018	-1298
6.08683681488	-1298
6.08686494827	-1298
6.12683987617	-1298
6.12699103355	-1298
6.15464997292	-1298
6.16358399391	-1298
6.1636929512	-1298
6.16371202469	-1298
6.16473293304	1298
6.17213988304	-1298
6.17219400406	-1298
6.17223095894	-1298
6.17223787308	-1298
6.17226004601	-1298
6.17226600647	-1298
6.17228603363	-1298
6.17229390144	-1298
6.17230701447	-1298
6.17231488228	-1298
6.17233681679	-1298
6.17237281799	-1298
6.17239689827	-1298
6.17241597176	-1298
6.17249894142	-1298
6.17254185677	-1298
6.17269086838	-1298
6.17285990715	-1298
6.19888687134	-1298
6.19892096519	-1298
6.19895195961	-1298
6.19895982742	-1298
6.19900202751	-1298
6.19901704788	-1298
6.1990480423	-1298
6.19906687737	-1298
6.19916582108	-1298
6.199187994	-1298
6.19922184944	-1298
6.19929003716	-1298
6.19936990738	-1298
6.19939088821	-1298
6.19941496849	-1298
6.19943404198	-1298
6.19947004318	-1298
6.1995408535	-1298
6.19955897331	-1298
6.19958591461	-1298
6.19962096214	-1298
6.19967794418	-1298
6.19969201088	-1298
6.19971990585	-1298
6.19975805283	-1298
6.19978189468	-1298
6.19980096817	-1298
6.19985389709	-1298
6.19989085197	-1298
6.19991087914	-1298
6.19994401932	-1298
6.19996285439	-1298
6.19998884201	-1298
6.20001888275	-1298
6.20003700256	-1196
6.20017886162	1298
6.209856987	662
6.2136888504	-1298
6.21377682686	-1298
6.2138428688	-1298
6.21847105026	-1298
6.21851992607	-1298
6.21858787537	-1298
6.23734402657	-1298
6.23737692833	-1298
6.23740291595	-1298
6.24106383324	-1298
6.241106987	-1298
6.24111890793	-1298
6.2557618618	-1298
6.25582098961	-1298
6.25585889816	-1298
6.25586795807	-1298
6.27287101746	-1298
6.27290701866	-1298
6.27293395996	-1298
6.28327703476	-1298
6.28331303596	-1298
6.28332185745	-1298
6.28334093094	-1298
6.28336691856	-1298
6.29786491394	-1298
6.29792284966	-1298
6.29795098305	-1298
6.29795694351	-1298
6.30292892456	-1298
6.30297493935	-1298
6.30300498009	-1298
6.30333685875	1298
6.33261799812	-1298
6.33302402496	-1298
6.33307790756	-1298
6.33312082291	-1298
6.33316802979	-1298
6.33320593834	-1298
6.33325195312	-1298
6.34219694138	-202
6.3521938324	331
6.35714697838	-1298
6.3571908474	-1298
6.35728788376	-1298
6.37847805023	-1298
6.37856793404	-1298
6.37857985497	-1298
6.45663690567	-1298
6.45671391487	-1298
6.45678782463	-1298
6.45687103271	-1298
6.45695185661	-1298
6.45704197884	-1298
6.47823286057	-1298
6.47828888893	-1298
6.47832393646	-1298
6.48096585274	-1298
6.48104500771	-1298
6.48106694221	-1298
6.48474884033	-1142
6.50461983681	-1298
6.50473093987	1086
6.52869987488	-1298
6.52873897552	-1298
6.54419898987	-1298
6.54425501823	-1298
6.54429101944	-1298
6.55737900734	-1298
6.55745196342	-1298
6.55747890472	-1298
6.56156587601	-1298
6.56164193153	-1298
6.56169605255	-1298
6.57865285873	-1298
6.57871603966	-1298
6.58231592178	-1298
6.58235788345	-1298
6.60070800781	-1298
6.60083389282	-1298
6.60473489761	-1298
6.60478997231	-1298
6.60482382774	-1298
6.60490989685	-1298
6.60991692543	-1298
6.60996699333	-1298
6.60998487473	-1298
6.62622904778	-1298
6.62992787361	-1298
6.62999486923	-1298
6.63759684563	-1298
6.63762497902	-1298
6.63770198822	-1298
6.6470079422	-919
6.64703083038	543
6.6543610096	-1298
6.65439295769	-1298
6.6544239521	-1298
6.65445995331	-1298
6.654556036	-1298
6.6546330452	-1298
6.66021895409	1298
6.67774295807	-1298
6.67783403397	-1298
6.67928600311	-1298
6.67932295799	-1298
6.67934584618	-1298
6.67935204506	-1298
6.67936182022	-1298
6.6793949604	-1298
6.70468187332	-1298
6.70471000671	-1298
6.70478081703	-1298
6.71512699127	-1298
6.71522498131	-1298
6.71523690224	-1298
6.71524882317	-1298
6.71630096436	1298
6.7211868763	-1298
6.72127795219	-1298
6.72131705284	-1298
6.73611187935	-1298
6.73618388176	-1298
6.73620390892	-1298
6.75372385979	-1298
6.75377392769	-1298
6.75380587578	-1298
6.75513100624	-1298
6.75516104698	-1298
6.75518584251	-1298
6.75522685051	-1298
6.78564882278	-1298
6.78571891785	-1298
6.78617882729	-1298
6.78623700142	-1298
6.78624391556	-1298
6.78625583649	-1298
6.78917384148	-690
6.78923487663	119
6.80766296387	-1298
6.93135905266	-273
6.931401968	543
7.11323404312	543
7.1578938961	-543
7.16728687286	-1298
7.16732597351	-1298
7.1676299572	-1298
7.16765189171	-1298
7.19154381752	-1298
7.19168591499	-1298
7.19170403481	-1298
7.2030749321	-1298
7.20312690735	-1298
7.20316100121	-1298
7.20320701599	-1298
7.20336389542	-1298
7.20340490341	-1298
7.20347595215	-1298
7.20351195335	-1298
7.20358395576	-1298
7.20361185074	-1298
7.24685096741	-543
7.25142192841	-1298
7.2514629364	-1298
7.25149893761	-1298
7.29528403282	1086
7.30868983269	-1298
7.30874586105	-1298
7.30956888199	-1090
7.31364798546	-1298
7.31375694275	-1298
7.31384086609	-1298
7.33275198936	-1298
7.33282494545	-1298
7.33283686638	-1298
7.33776593208	-1298
7.33780694008	-1298
7.33784103394	-1298
7.33788585663	-1298
7.33791399002	-1298
7.33795785904	-1298
7.35819602013	-1298
7.35823392868	-1298
7.35825991631	-1298
7.35828089714	-1298
7.35832691193	-1298
7.35836601257	-1298
7.35840797424	-1298
7.35842204094	-1298
7.35844993591	-1298
7.35848903656	-1298
7.36027002335	-1298
7.36030387878	-1298
7.36039304733	-1298
7.36041903496	-1298
7.3604528904	-1298
7.36049199104	-1298
7.36468887329	1298
7.36470198631	1298
7.38883805275	-1298
7.38887286186	-1298
7.45181894302	-675
7.45184803009	61
7.45340800285	1298
7.48485398293	1298
7.59590291977	61
7.68851494789	-1298
7.68854188919	-1298
7.688560009	-517
7.70117592812	-1298
7.7011950016	-1298
7.7148308754	-1298
7.71486592293	-1298
7.71489882469	-1298
7.8434548378	-279
7.8480079174	543
7.84812784195	1298
7.92971682549	-1298
7.92976593971	-1298
7.92979192734	-1298
7.99032282829	-276
7.99037098885	273
7.9996509552	543
7.99968886375	543
7.99971294403	543
7.99973583221	543
8.03432703018	1298
8.03434085846	1298
8.03917503357	1298
8.05618095398	1298
8.05793094635	1298
8.09765601158	-1298
8.13252496719	-845
8.13255596161	366
8.14795303345	-543
8.20357704163	-1298
8.2036049366	-1298
8.20659589767	-1298
8.20708799362	-1298
8.20711493492	-1298
8.20714402199	-1298
8.20737886429	-1298
8.20740485191	-1298
8.20745587349	-1298
8.20747995377	-1298
8.20751690865	-1298
8.20753383636	-1298
8.2252368927	-1298
8.22526192665	-1298
8.22528100014	-1298
8.225304842	-1298
8.24695181847	-1298
8.24697494507	-1298
8.24699282646	-1298
8.24961781502	-1298
8.24963998795	-1298
8.24976491928	-1298
8.25112986565	-1298
8.25114703178	-1298
8.25121188164	-1298
8.25129795074	-1298
8.25135183334	-1298
8.2513589859	-1298
8.27465987206	-643
8.27469587326	1086
8.27969789505	-1298
8.27973389626	-1298
8.279763937	-1298
8.2797999382	-1298
8.27988696098	-1298
8.29289293289	-1298
8.29950499535	1298
8.29954886436	1298
8.30356097221	-1298
8.30358600616	-1298
8.30360388756	-1298
8.32399201393	-1298
8.32402396202	-1298
8.32413482666	-1298
8.32952594757	-1298
8.32961297035	-1298
8.32966303825	-1298
8.32966995239	-1298
8.32968091965	-1298
8.32968688011	-1298
8.34602999687	-1298
8.34609389305	-1298
8.34615492821	-1298
8.34616589546	-1298
8.35492992401	-1298
8.35498690605	-1298
8.35501384735	-1298
8.3575129509	-1298
8.35754084587	-1298
8.35755085945	-1298
8.37001085281	-1298
8.37003493309	-1298
8.37012004852	-1298
8.41718292236	-919
8.41721582413	1118
8.43100881577	-1298
8.50059294701	-1298
8.550137043	-1298
8.5501639843	-1298
8.55018091202	-1298
8.55958795547	-909
8.59298396111	1057
8.62713694572	-1298
8.63084197044	1298
8.6498298645	-1298
8.67158102989	-1298
8.67160797119	-1298
8.67168092728	-1298
8.67847704887	1298
8.70182394981	-337
8.77353596687	90
8.7952940464	-1298
8.84506583214	-1298
8.88923501968	-633
8.890832901	1298
8.99227499962	331
8.9925968647	-1298
8.99270701408	-1298
8.99272990227	-1298
9.00751590729	1298
9.01098489761	1298
9.03144598007	-276
9.04638600349	-543
9.1173248291	-1298
9.13447785378	546
9.23710584641	-331
9.2492480278	-543
9.25603699684	-1298
9.25605583191	-1298
9.25691485405	-1298
9.25693297386	-1298
9.25694394112	-1298
9.25696802139	-1298
9.25755786896	-1298
9.25757789612	-1298
9.25758194923	-1298
9.27670192719	1057
9.27773189545	-1298
9.27775883675	-1298
9.27782297134	-1298
9.39815092087	-561
9.40044188499	1298
9.45836687088	1298
9.46892595291	32
9.54051089287	-1086
9.64372181892	-1298
9.64377593994	-1298
9.64380383492	-1298
9.65602898598	1298
9.65618801117	273
9.66677284241	-1298
9.72120594978	-549
9.79839682579	543
9.80887198448	-1298
9.80889081955	-1298
9.86336684227	-32
10.0092539787	1057
10.015775919	-543
10.1894309521	-1057
10.1917469501	1298
10.1918768883	273
10.2394049168	-1298
10.239440918	-1298
10.2394900322	-1298
10.3318209648	-819
10.3341429234	1057
10.5163660049	1086
10.5477218628	-543
10.6243169308	-1298
10.7289278507	-302
10.7293298244	543
10.7376308441	-1298
10.8216600418	-1298
10.8348939419	1298
10.8711709976	-575
10.8714699745	302
10.9920349121	1298
11.0120859146	1298
11.0135350227	1118
11.1362879276	-1057
11.148597002	1298
11.1559398174	816
11.2102098465	-1298
11.2102389336	-1298
11.2314128876	-1298
11.2314369678	-1298
11.2314949036	-1298
11.2315909863	-1298
11.2909250259	-552
11.296216011	1298
11.2962539196	1298
11.2971558571	1298
11.339222908	305
11.3419070244	-1298
11.3419270515	-1298
11.3422298431	-1298
11.3422758579	-1298
11.3423378468	-1298
11.3423550129	-1298
11.3423919678	-1298
11.3424348831	-1298
11.3424699306	-1298
11.3425059319	-1298
11.3425328732	-1298
11.3425860405	-1298
11.3667769432	-1298
11.3668010235	-1298
11.3668220043	-1298
11.3668489456	-1298
11.3668658733	-1298
11.3668978214	-1298
11.3678178787	-1298
11.3678479195	-1298
11.3678729534	-1298
11.3678929806	-1298
11.3841679096	-1298
11.3841910362	-1298
11.384223938	-1298
11.4108479023	-1298
11.4108819962	-1298
11.4108889103	-1298
11.4139609337	-1298
11.4140129089	-1298
11.4140639305	-1298
11.4140908718	-1298
11.4141249657	-1298
11.4141540527	-1298
11.4141829014	-1298
11.4142239094	-1298
11.4142429829	-1298
11.4142959118	-1298
11.4143738747	1298
11.4144608974	-1298
11.4144968987	-1298
11.4145538807	-1298
11.4145858288	-1298
11.4146118164	-1298
11.4146418571	-1298
11.4386529922	-725
11.4419009686	-1298
11.441934824	-1298
11.4419529438	-1298
11.4427089691	-1298
11.4575538635	-1298
11.4803268909	1298
11.5043869019	-1298
11.5044209957	119
11.525482893	-1298
11.5255689621	-1298
11.5260560513	-1298
11.5260808468	-1298
11.5264639854	-1298
11.5264909267	-1298
11.5267829895	-1298
11.5268499851	-1298
11.5268819332	-1298
11.526968956	-1298
11.527025938	-1298
11.5271348953	-1298
11.5272328854	-1298
11.5272848606	-1298
11.5473840237	-1298
11.5474159718	-1298
11.5687589645	-1298
11.5840368271	-907
11.5855998993	1298
11.6282868385	-1298
11.6283409595	-1298
11.6286070347	-1298
11.6286349297	-1298
11.6903040409	845
11.7093770504	-1298
11.7263088226	-793
11.731621027	-1298
11.7316508293	-1298
11.7316670418	-1298
11.7317550182	-1298
11.7318379879	-1298
11.7318818569	-1298
11.7319190502	-1298
11.7319428921	-1298
11.7319688797	-1298
11.7322130203	-1298
11.7322590351	-1298
11.7323448658	-1298
11.7496299744	-1298
11.7551038265	-1298
11.7551269531	-1298
11.7552130222	-1298
11.7553629875	-1298
11.755437851	-1298
11.755535841	-1298
11.7558310032	-1298
11.7558560371	-1298
11.7559068203	-1298
11.7560918331	-1298
11.7561249733	-1298
11.7561578751	-1298
11.7562198639	-1298
11.7706148624	-1298
11.7706358433	-1298
11.7768750191	1298
11.7794709206	-1298
11.7795050144	-1298
11.7795228958	-1298
11.7795498371	-1298
11.7797558308	-1298
11.7798268795	1298
11.7798378468	-1298
11.7798538208	-1298
11.7801458836	-1298
11.7801809311	-1298
11.7802670002	-1298
11.7809998989	-1298
11.781031847	-1298
11.781069994	-1298
11.7810950279	-1298
11.7811129093	-1298
11.7811470032	-1298
11.7912180424	1298
11.8028309345	-1298
11.8028588295	-1298
11.8028869629	-1298
11.8029029369	-1298
11.8030879498	-1298
11.8031840324	-1298
11.8033368587	-1298
11.8034279346	-1298
11.8034958839	-1298
11.8035309315	-1298
11.8035619259	-1298
11.803591013	-1298
11.8036248684	-1298
11.8036558628	-1298
11.803689003	-1298
11.803716898	-1298
11.8037929535	-1298
11.821557045	-1298
11.8215959072	-1298
11.8216249943	-1298
11.8270459175	-1298
11.8270699978	-1298
11.8270878792	-1298
11.8272650242	-1298
11.8273029327	-1298
11.827354908	-1298
11.8274478912	-1298
11.827477932	-1298
11.8275148869	-1298
11.8275940418	-1298
11.8276250362	1298
11.8276329041	-1298
11.8277049065	-1298
11.8277308941	-1298
11.8475790024	-1298
11.8476119041	180
11.8476238251	-1298
11.8476829529	-1298
11.8504269123	-1298
11.8504528999	-1298
11.85156703	-1298
11.8515939713	-1298
11.8516349792	-1298
11.851667881	-1298
11.851733923	-1298
11.8517858982	-1298
11.8518300056	-1298
11.8519659042	-1298
11.8519849777	-1298
11.852107048	-1298
11.8521528244	-1298
11.8521938324	-1298
11.8522908688	-1298
11.8689980507	-219
11.8712010384	-1298
11.871229887	-1298
11.9057970047	-1298
11.9058728218	-1298
11.9059209824	-1298
11.9407558441	-1298
11.9522149563	1298
11.9896979332	331
11.9995629787	543
11.9995968342	543
11.999614954	543
12.00669384	-1298
12.0067999363	-1298
12.0069079399	-1298
12.0069298744	-1298
12.0069658756	-1298
12.0069799423	-1298
12.0069999695	-1298
12.0070099831	-1298
12.0091078281	1298
12.0100588799	1298
12.0110859871	-564
12.0276319981	-1298
12.0277609825	-1298
12.0329828262	-1298
12.0330848694	-1298
12.0331020355	-1298
12.0332930088	-1298
12.0335829258	-1298
12.0336308479	-1298
12.0337488651	-1298
12.0337729454	-1298
12.0338468552	-1298
12.034236908	1298
12.0345489979	-1298
12.0347018242	-1298
12.0347280502	-1298
12.0348198414	1298
12.0348608494	-1298
12.0533308983	-1298
12.0533578396	-1298
12.0534808636	-1298
12.0560488701	-1298
12.0560798645	-1298
12.0560970306	-1298
12.0562028885	-1298
12.0563459396	-1298
12.0563998222	-1298
12.0566658974	-1298
12.056746006	-1298
12.0568070412	-1298
12.0568258762	-1298
12.0568518639	-1298
12.0568768978	-1298
12.056912899	-1298
12.0569808483	-1298
12.0570409298	-1298
12.0570738316	-1298
12.077767849	-1298
12.0777888298	-1298
12.0778419971	-1298
12.1321599483	607
12.1698389053	-414
12.2209498882	-1298
12.2210729122	-1298
12.2211418152	-1298
12.2211589813	-1298
12.221175909	-1298
12.2212359905	-1298
12.2221260071	-1298
12.222165823	-1298
12.2221939564	-1298
12.2226359844	-1298
12.2227208614	-1298
12.2227709293	-1298
12.2228038311	-1298
12.2228369713	-1298
12.2228620052	-1298
12.2228899002	-1298
12.2419300079	-1298
12.2419528961	-1298
12.2419838905	-1298
12.2462508678	-1298
12.2462899685	-1298
12.2463169098	-1298
12.2464020252	-1298
12.2464690208	-1298
12.2464938164	-1298
12.2465298176	-1298
12.2465469837	-1298
12.246573925	-1298
12.2469079494	-1298
12.2469689846	-1298
12.2470698357	-1298
12.2471249104	-1298
12.2476119995	-1298
12.2476370335	-1298
12.2481739521	-1298
12.2484068871	1298
12.2688429356	-1298
12.268862009	-1298
12.2689359188	-1298
12.2753260136	-1298
12.2753539085	331
12.2753779888	-1298
12.2754728794	-1298
12.2755048275	-1298
12.2755229473	-1298
12.2755498886	-1298
12.275578022	-1298
12.2756078243	-1298
12.275635004	-1298
12.2756688595	-1298
12.2757120132	-1298
12.2757480145	-1298
12.2757689953	-1298
12.2758238316	-1298
12.2758779526	-1298
12.2759308815	-1298
12.3029329777	-1298
12.3029558659	-1298
12.3029799461	-1298
12.3122529984	-1074
12.3140950203	-1298
12.3141689301	-1298
12.3142030239	-1298
12.3363540173	-1298
12.3364009857	-1298
12.3364918232	-1298
12.3466949463	-1298
12.3467278481	-1298
12.3467638493	-1298
12.3521478176	-1298
12.3522720337	-1298
12.3522949219	-1298
12.3591120243	-1298
12.3591639996	-1298
12.3592438698	-1298
12.3592739105	-1298
12.3594868183	-1298
12.3595108986	-1298
12.359566927	-1298
12.3597269058	1298
12.3631739616	-1298
12.3632500172	-1298
12.3633089066	-1298
12.3681559563	-1298
12.3681998253	-1298
12.3682169914	-1298
12.4037289619	-1298
12.4038128853	-1298
12.4038538933	-1298
12.4118909836	-1298
12.4119098186	-1298
12.4119298458	-1298
12.4119868279	-1298
12.4213459492	-1298
12.4213750362	302
12.4213860035	-1298
12.4214248657	-1298
12.4214608669	-1298
12.4214949608	-1298
12.4216248989	-1298
12.4330170155	-1298
12.4331200123	-1298
12.4332008362	-1298
12.4477820396	-1298
12.4478449821	-1298
12.4478669167	-1298
12.4478869438	-1298
12.4541478157	-1298
12.4542038441	-1298
12.4542329311	-1298
12.4544329643	-246
12.4598469734	-543
12.469055891	-1298
12.4690740108	-1298
12.469094038	-1298
12.4714798927	-1298
12.4715638161	-1298
12.4715788364	-1298
12.4717109203	-1298
12.4717569351	-1298
12.4718148708	-1298
12.4794318676	-1298
12.4797649384	1298
12.49522686	-1298
12.4952440262	-1298
12.4952688217	-1298
12.4952969551	-1298
12.4953129292	-1298
12.4953458309	-1298
12.5005600452	-1298
12.5006558895	-1298
12.5007498264	-1298
12.5194878578	-1298
12.5195538998	-1298
12.5195789337	-1298
12.5196788311	-1298
12.5197179317	-1298
12.519753933	-1298
12.5203640461	-1298
12.520401001	-1298
12.520501852	-1298
12.5207500458	1298
12.5240368843	-1298
12.5241138935	-1298
12.5241479874	-1298
12.5241680145	-1298
12.5246479511	1298
12.5434508324	-1298
12.5434780121	-1298
12.5435519218	-1298
12.5436120033	-1298
12.5436370373	-1298
12.5436649323	-1298
12.5531978607	-1298
12.5532279015	-1298
12.5532679558	-1298
12.5704288483	-1298
12.5705308914	392
12.5705578327	-1298
12.5705668926	-1298
12.5711688995	-1298
12.5711958408	-1298
12.5712740421	-1298
12.5713038445	-1298
12.5713398457	-1298
12.5713570118	-1298
12.5767350197	-1298
12.5806000233	-1298
12.5806319714	-1298
12.5806589127	-1298
12.5806748867	-1298
12.5807569027	-1298
12.5907218456	-1298
12.5913619995	-1298
12.5914449692	-1298
12.5914549828	-1298
12.5965499878	-807
12.5979008675	-1298
12.5979239941	-1298
12.5979499817	-1298
12.6146550179	-1298
12.6147758961	-1298
12.6148018837	-1298
12.6148338318	-1298
12.614882946	-1298
12.6149559021	-1298
12.6153318882	1298
12.6154148579	-1298
12.6154489517	-1298
12.6155388355	-1298
12.6155619621	-1298
12.6155970097	-1298
12.6156358719	-1298
12.6243259907	-1298
12.6383700371	-1298
12.6384160519	-1298
12.6384439468	-1298
12.6385149956	-1298
12.6385388374	-1298
12.6385669708	-1298
12.6391079426	-1298
12.6391289234	-1298
12.639166832	-1298
12.6391830444	-1298
12.6392118931	-1298
12.6392538548	-1298
12.65061903	-1298
12.6621339321	-1298
12.6621758938	-1298
12.6622209549	-1298
12.6622679234	-1298
12.6623129845	-1298
12.662861824	-1298
12.6629059315	-1298
12.6629419327	-1298
12.6719050407	-1298
12.6719310284	-1298
12.6719858646	-1298
12.6762590408	-1298
12.6763670444	-1298
12.6763839722	-1298
12.6764039993	-1298
12.6871409416	-1298
12.6872138977	-1298
12.687237978	-1298
12.6873149872	-1298
12.6873679161	-1298
12.6873869896	-1298
12.6876649857	1298
12.6919560432	-1298
12.6919808388	-1298
12.6920030117	-1298
12.698474884	-1298
12.698597908	-1298
12.6986238956	-1298
12.6986458302	-1298
12.7095010281	-1298
12.7096190453	-1298
12.7101378441	-1298
12.7101988792	-1298
12.7102069855	-1298
12.7102179527	-1298
12.7133278847	-1298
12.7134280205	662
12.7134559155	-1298
12.7134699821	-1298
12.71352005	-1298
12.7135360241	-1298
12.7135670185	-1298
12.7331619263	-1298
12.7331838608	-1298
12.7332038879	-1298
12.733235836	-1298
12.7332539558	-1298
12.7332949638	-1298
12.7333140373	-1298
12.7401020527	-918
12.7406258583	-1298
12.7406480312	-1298
12.7553138733	-543
12.7569758892	-543
12.8828589916	-3
12.8830149174	543
12.9624459743	1298
12.9754619598	1298
12.9990298748	1298
12.9991600513	543
13.0236558914	-543
13.0452950001	-543
13.0453269482	848
13.1122720242	-543
13.1914539337	-1057
13.4501399994	-1298
13.4501700401	-1298
13.4502158165	-3
13.4505460262	-1298
13.4507498741	-1298
13.4741489887	-1298
13.4742078781	-1298
13.4742338657	-1298
13.4742908478	-1298
13.4745299816	543
13.4953958988	-1298
13.5926609039	-311
13.7349758148	-1086
13.7698149681	-543
13.9596269131	-543
14.1022388935	-543
14.6143639088	543
15.9999189377	543
16.615377903	1057
16.9444868565	-543
