0	543
0.340033054352	-543
0.340260028839	543
0.68223285675	-543
0.70011305809	-1368
0.829021930695	-1260
0.831106901169	543
0.833114862442	543
0.846441984177	543
1.17153096199	-543
1.33969402313	-543
1.34127497673	543
1.46752500534	-543
1.46770501137	543
1.61223292351	-543
1.62849497795	-1368
1.75628399849	-232
1.82231688499	-1420
1.82237195969	-1316
1.92347383499	-435
1.92550802231	543
1.92607498169	543
2.26085186005	-543
2.43531703949	-543
2.43565201759	-1420
2.43570184708	-1316
2.43574690819	-1420
2.43578386307	-1420
2.4358189106	-1264
2.4501619339	-1420
2.45023488998	-1316
2.49958992004	-1420
2.49964594841	-1316
2.56416893005	-1420
2.56421685219	-863
2.5747590065	-1420
2.57482385635	-1420
2.57486891747	-1264
2.5751209259	-1420
2.57512593269	-1420
2.57525205612	-1264
2.57525396347	-1420
2.57529902458	-1316
2.57547092438	1057
2.59062504768	-1420
2.59063982964	-1420
2.590695858	-1264
2.62248587608	543
2.63060188293	1460
2.63070201874	111
2.63863897324	-1368
2.63880991936	-1368
2.64002990723	1460
2.64007997513	111
2.6495988369	1460
2.6496629715	111
2.65324687958	1460
2.6533100605	111
2.66462302208	543
2.66653585434	543
2.69205188751	-554
2.69464898109	543
2.70697784424	543
2.71515989304	543
2.72537684441	543
2.73132205009	-1420
2.73132991791	-1420
2.73137593269	-1264
2.7399289608	543
2.74992799759	543
2.76123285294	543
2.77436685562	543
2.79170393944	543
2.81082487106	543
2.82306790352	-95
2.86476898193	543
2.86962294579	543
2.98742604256	-543
2.9876768589	543
2.99487495422	-1420
2.99488091469	-1420
2.99491500854	-1264
2.99496793747	-1420
2.99499583244	-1316
3.01073002815	-1420
3.01079297066	-1420
3.01079702377	-1264
3.01140189171	-1368
3.01995491982	-1420
3.01998806	-1316
3.0259950161	-1368
3.02619290352	1057
3.06819105148	-1368
3.06840705872	543
3.06855201721	543
3.07135605812	-543
3.115847826	-1097
3.11606287956	543
3.11624884605	543
3.11637091637	543
3.1397600174	-1368
3.13991999626	-1420
3.13998103142	-1420
3.13998389244	-1264
3.14001989365	-1420
3.14002299309	-1316
3.14005494118	-1368
3.14012694359	-1368
3.1403028965	543
3.14042782784	543
3.14065289497	543
3.15519189835	-1420
3.15521097183	-1316
3.15528202057	-1368
3.17147803307	-1420
3.17154598236	-1420
3.17155098915	-1264
3.24437189102	-1329
3.24468493462	543
3.28631591797	-1368
3.28632903099	-1420
3.2863919735	-1316
3.28649091721	-1368
3.28669285774	-1420
3.28669691086	-1420
3.28679704666	-1264
3.28679990768	-1420
3.2868950367	-1420
3.28689789772	-1264
3.2869348526	-1368
3.28702998161	543
3.28717303276	543
3.28732705116	543
3.29209494591	-1420
3.29210805893	-1420
3.29216003418	-1264
3.29228591919	543
3.30404090881	-1420
3.30405187607	-1420
3.30409884453	-1264
3.32962799072	-1368
3.33860683441	-1368
3.33863401413	-1420
3.33867096901	-1316
3.33960390091	-1368
3.33990383148	-1368
3.34011292458	-1368
3.34157299995	543
3.34700298309	543
3.35629200935	543
3.35691905022	543
3.37269306183	-1187
3.37303304672	-1420
3.37309789658	-1420
3.37310099602	-1264
3.37314486504	-1420
3.37314796448	-1420
3.3732008934	-1420
3.37321186066	-1212
3.37324690819	-1420
3.37325000763	-1316
3.37659883499	-1368
3.37674593925	-1420
3.3767888546	-1316
3.38763403893	-1368
3.38781499863	543
3.39059090614	543
3.40836787224	543
3.41471099854	-1420
3.41473197937	-1316
3.41732788086	543
3.4306640625	1460
3.43073582649	1139
3.4353249073	-1368
3.43570685387	-1420
3.43574094772	-1316
3.43635201454	-1368
3.43648886681	-1420
3.43649291992	-1316
3.43687295914	-1368
3.43772602081	-1420
3.43776488304	-1420
3.43776702881	-1264
3.43951702118	543
3.4422750473	543
3.44527292252	-1420
3.44527888298	-1420
3.44531989098	-1264
3.4545249939	543
3.45500087738	1460
3.45505595207	1139
3.45612287521	1460
3.45618200302	1139
3.45682096481	1460
3.45687603951	1139
3.45946192741	543
3.45997285843	543
3.4998550415	-1368
3.50090503693	-1000
3.50198197365	-1368
3.53040385246	-1368
3.53266787529	543
3.53953886032	1460
3.5395989418	1460
3.53964304924	193
3.54607200623	-1420
3.54607796669	-1420
3.54611992836	-1264
3.56114602089	-1368
3.56133699417	-1368
3.5694539547	543
3.56973195076	1460
3.56978392601	1460
3.56982803345	1161
3.56992101669	1117
3.57736802101	-1420
3.57737183571	-1316
3.57740688324	-1368
3.57760095596	-1420
3.57770395279	-1316
3.57770586014	-1420
3.57774996758	-1316
3.57783293724	-1368
3.57793784142	543
3.57805895805	-1368
3.57821989059	-1420
3.57827401161	-1420
3.57827687263	-1420
3.57831001282	-1420
3.57831287384	-1160
3.57867097855	-1420
3.57867503166	-1420
3.57867598534	-1264
3.58178687096	-1420
3.58179283142	-1420
3.58183693886	-1264
3.58216094971	-1368
3.58258199692	-1368
3.5873799324	543
3.59386086464	-1420
3.59386587143	-1316
3.59536004066	-1368
3.59543800354	543
3.59548902512	-1420
3.59549188614	-1316
3.59575486183	1460
3.59579992294	625
3.60119104385	543
3.60995602608	-1420
3.60996198654	-1316
3.61680388451	543
3.62911391258	-995
3.65160393715	-1368
3.6528968811	-1420
3.65290403366	-1420
3.65294694901	-1264
3.65295100212	-1368
3.66321992874	-1420
3.66323399544	-1420
3.6633079052	-1264
3.68340086937	-1420
3.68347001076	-1316
3.68347501755	-1368
3.70112800598	-1420
3.70114088058	-1420
3.70120406151	-1264
3.70177388191	-1368
3.71430587769	-1420
3.71431803703	-1316
3.7235429287	-1420
3.72355985641	-1420
3.72358489037	-1264
3.72373485565	-1420
3.7237739563	-1316
3.7240998745	-1420
3.7242000103	-1420
3.72420287132	-1264
3.72420406342	-1368
3.72420501709	-1420
3.72420597076	-1420
3.72420692444	-1420
3.72420787811	-1212
3.72421002388	-1368
3.72441983223	543
3.72454285622	543
3.72473883629	543
3.73206996918	-1420
3.73207902908	-1420
3.73212599754	-1264
3.74358296394	543
3.74769902229	-1420
3.74770402908	-1316
3.75747203827	-1082
3.7645368576	-1420
3.76457595825	-1316
3.77382802963	-1420
3.77388095856	-1420
3.77388501167	-1264
3.77899694443	543
3.77926588058	-1420
3.7792699337	-1420
3.77930092812	-1264
3.78183102608	543
3.78209495544	543
3.78791999817	543
3.78866100311	543
3.79144597054	543
3.8510248661	-1368
3.85126805305	543
3.85143303871	543
3.86985898018	-1368
3.87007689476	-1420
3.8701300621	-1316
3.87028098106	-1420
3.8703110218	-1316
3.87078094482	-1420
3.87081885338	-1420
3.87082386017	-1264
3.87149190903	-1420
3.87149596214	-1316
3.87176394463	-1420
3.87177586555	-1420
3.87177705765	-1264
3.8718059063	-1368
3.87207698822	-1420
3.87207984924	-1316
3.87218403816	-1420
3.87218689919	-1420
3.87218785286	-1264
3.87471294403	543
3.88523697853	543
3.88542103767	-1420
3.88542604446	-1420
3.88547492027	-1420
3.88547801971	-1308
3.88559103012	543
3.88576889038	543
3.90299892426	-1368
3.96800684929	-1368
3.99637794495	-1368
4.01485896111	-240
4.01526689529	543
4.01548194885	-1420
4.01548600197	-1420
4.01552700996	-1264
4.01598787308	-1420
4.01602005959	-1316
4.01608705521	-1420
4.01611495018	-1420
4.01611804962	-1264
4.01617288589	-1368
4.01640105247	-1420
4.0164039135	-1316
4.01681900024	-1368
4.01699495316	-1420
4.01699995995	-1316
4.01726603508	-1420
4.01727104187	-1316
4.01731204987	-1368
4.01758885384	-1420
4.01759195328	-1316
4.0176858902	543
4.01784086227	-1420
4.01784586906	-1420
4.01788687706	-1264
4.0182030201	543
4.01838183403	-1368
4.01855993271	-1420
4.01858496666	-1316
4.01943802834	-1420
4.0194849968	-1420
4.01948904991	-1264
4.01959586143	-1368
4.02168488503	-1368
4.03183984756	-1368
4.03186392784	-1368
4.0321059227	543
4.0322239399	543
4.05814194679	-1420
4.05815386772	-1420
4.05818796158	-1264
4.05838894844	543
4.05854797363	543
4.06229805946	-1420
4.06231093407	-1420
4.06236386299	-1264
4.07074785233	-1420
4.07079696655	-1316
4.07094192505	543
4.07324504852	-1420
4.07326984406	-1420
4.07332396507	-1264
4.07536005974	-1368
4.07555794716	543
4.07580590248	-1420
4.07581090927	-1316
4.07608389854	-1368
4.12459993362	-1368
4.12460899353	-1420
4.12474298477	-1420
4.12474584579	-1264
4.12478399277	-1420
4.12478685379	-1420
4.12482190132	-1264
4.12482500076	-1368
4.13372802734	-1420
4.13373994827	-1316
4.14514493942	-943
4.14539504051	543
4.16304588318	-1420
4.16306996346	-1316
4.16310596466	-1368
4.16342782974	-1420
4.16348791122	-1316
4.16349101067	-1420
4.16359686852	-1420
4.16359996796	-1264
4.16360092163	-1368
4.16369891167	-1420
4.16370201111	-1316
4.16398692131	-1420
4.16399097443	-1420
4.16399288177	-1264
4.16407990456	-1368
4.16420793533	-1368
4.16449689865	543
4.16508984566	-1368
4.16516590118	-1420
4.16516900063	-1316
4.1656730175	543
4.16582989693	-1368
4.16611099243	-1420
4.16613388062	-1316
4.1674618721	-1368
4.16759586334	-1420
4.16759896278	-1316
4.16767001152	-1368
4.16807889938	-1368
4.16824102402	-1420
4.16824483871	-1316
4.16846990585	1460
4.16851305962	1139
4.16882896423	-1420
4.16883397102	-1420
4.16887593269	-1264
4.18206691742	-1420
4.18213200569	-1420
4.18213605881	-1264
4.20293784142	-1368
4.20752000809	-1420
4.20760202408	-1420
4.20760703087	-1264
4.2077050209	-1420
4.20770788193	-1316
4.20774483681	-1368
4.21212601662	-1420
4.21214103699	-1316
4.21565890312	543
4.22276091576	-1420
4.22277593613	-1420
4.22289299965	-1264
4.22289586067	-1368
4.22293496132	-1420
4.22293686867	-1316
4.22555804253	-1420
4.22556185722	-1316
4.22890400887	-1420
4.22890806198	-1420
4.22890901566	-1420
4.228910923	-1212
4.2292599678	1057
4.2438929081	543
4.38552594185	-1420
4.38554406166	-1316
4.38591790199	-1420
4.38592195511	-1420
4.38596892357	-1420
4.38597202301	-1420
4.38600587845	-1420
4.38600897789	-1420
4.38601088524	-1420
4.38601183891	-1420
4.38601303101	-1420
4.38601398468	-1420
4.38601589203	-1420
4.3860168457	-1420
4.3860180378	-1420
4.38601899147	-1420
4.38601994514	-1420
4.38602185249	-1420
4.38603305817	-1420
4.38603591919	-1420
4.38603687286	-1420
4.38603901863	-1420
4.38604283333	-1420
4.38604402542	-1420
4.3860449791	-1420
4.38604593277	-1420
4.38604688644	-1420
4.38604903221	-1420
4.38604998589	-1420
4.38605093956	-1420
4.38605284691	-1420
4.386054039	-1420
4.38605499268	-1420
4.38605594635	-1420
4.38607287407	-1420
4.38607597351	-1420
4.38607788086	-1420
4.38607883453	-1420
4.38608002663	-1420
4.38608193398	-1420
4.38608288765	-1420
4.38608384132	-1420
4.38608598709	-1420
4.38608694077	-1420
4.38608789444	-1420
4.38608884811	-1420
4.39287495613	-1420
4.3928809166	-1420
4.39288187027	-1420
4.39288401604	-1420
4.39288496971	-1420
4.39288592339	-1420
4.39288687706	-1420
4.39288783073	-1420
4.3928899765	-1420
4.39289093018	-1420
4.39289188385	-547
4.39679503441	543
4.3972120285	543
4.39738202095	543
4.39763402939	543
4.39785385132	543
4.41691994667	543
4.4307320118	-1420
4.43074893951	-1420
4.43080496788	-1264
4.44701004028	543
4.4644780159	543
4.48451590538	543
4.49253988266	-1420
4.49255895615	-1420
4.49261403084	-1264
4.49286484718	-1420
4.49297404289	-1420
4.49297904968	-1264
4.49307703972	-1420
4.49307990074	-1420
4.49308085442	-1264
4.49308204651	-1420
4.49308395386	-1420
4.49308490753	-1264
4.50201392174	543
4.50233602524	543
4.50842094421	-1368
4.50863003731	-1368
4.51104903221	-1420
4.511054039	-1316
4.51109290123	-1368
4.51142883301	-1420
4.51146888733	-1420
4.5114710331	-1264
4.51150488853	-1420
4.5115070343	-1316
4.51552391052	-601
4.51567387581	543
4.51584506035	-1420
4.51584887505	-1420
4.51585102081	-1264
4.52475595474	543
4.5252020359	543
4.52540683746	-1368
4.5254650116	543
4.52564096451	-1368
4.52575182915	-1420
4.52578306198	-1316
4.52585196495	543
4.52604603767	543
4.52621793747	543
4.52660083771	-1420
4.5266058445	-1420
4.52664899826	-1264
4.52718806267	-1420
4.52724194527	-1420
4.52724599838	-1264
4.52728104591	-1420
4.52729487419	-1316
4.52734088898	-1420
4.52734398842	-1316
4.52803087234	-1420
4.52803587914	-1420
4.5280790329	-1264
4.53308606148	-1420
4.5331568718	-1420
4.53315997124	-1264
4.53539299965	543
4.53906798363	-1368
4.53915286064	-1368
4.54460287094	-1420
4.5446138382	-1316
4.54466295242	-1368
4.54730391502	543
4.55520796776	-1420
4.5552239418	-1420
4.55526089668	-1264
4.5657389164	-1368
4.56596088409	1057
4.57361793518	-1368
4.57581806183	-1420
4.57586789131	-1420
4.57587194443	-1264
4.57728886604	-1368
4.57789087296	-1420
4.57793784142	-1316
4.57879304886	-1368
4.57897400856	-1368
4.57920384407	-1420
4.5792889595	-1420
4.57929205894	-1264
4.5793299675	-1420
4.57933282852	-1316
4.57944393158	-1420
4.57944703102	-1420
4.5794479847	-1264
4.57993984222	543
4.58027982712	-1420
4.580286026	-1420
4.58031702042	-1264
4.58039784431	-1368
4.5805618763	-1368
4.58090686798	-1420
4.58102989197	-1420
4.58103299141	-1420
4.58108186722	-1212
4.58108496666	-1420
4.58111906052	-1316
4.58112192154	-1420
4.58113193512	-1316
4.58124184608	-1368
4.58146691322	-1420
4.58147001266	-1420
4.58147192001	-1264
4.58151292801	-1420
4.58151602745	-1420
4.58151698112	-1264
4.58160305023	543
4.58163785934	-1420
4.58164000511	-1420
4.58164095879	-1264
4.58185601234	543
4.59071683884	-1368
4.59202194214	-1420
4.59205889702	-1316
4.59210586548	-1420
4.59213399887	-1316
4.63758397102	-1368
4.63772106171	543
4.63802504539	-1420
4.63802886009	-1316
4.64639902115	-414
4.65182805061	-1420
4.65186285973	-1316
4.65768289566	-1368
4.65829706192	-1420
4.65830302238	-1316
4.65936684608	-1420
4.65937304497	-1420
4.65942788124	-1264
4.65984797478	-1420
4.6598918438	-1420
4.65989494324	-1264
4.67606687546	-1420
4.6760828495	-1420
4.67613697052	-1264
4.68310403824	-1368
4.69178104401	-1420
4.69179701805	-1316
4.71170902252	-1420
4.71173286438	-1420
4.71179890633	-1264
4.71193599701	543
4.71564388275	-1420
4.71565198898	-1420
4.71567797661	-1264
4.72516989708	-1420
4.72523093224	-1420
4.72523498535	-1264
4.72687792778	-1368
4.73663306236	-1368
4.73681902885	543
4.73867487907	543
4.73959803581	543
4.74292993546	-1420
4.74293804169	-1420
4.74296283722	-1264
4.74303293228	543
4.76284098625	-1420
4.7628569603	-1420
4.76291394234	-1264
4.76356506348	-1420
4.76361083984	-1420
4.76361393929	-1264
4.76418805122	543
4.76486897469	543
4.77870297432	-1420
4.77871704102	-1316
4.77975988388	543
4.77982783318	-663
4.78049898148	543
4.79584002495	-1420
4.79585504532	-1316
4.80171298981	-1368
4.80278682709	543
4.80283999443	-1420
4.80284285545	-1316
4.80297803879	-1368
4.80325698853	-1420
4.80331587791	-1420
4.80331897736	-1420
4.80335593224	-1420
4.80335903168	-1160
4.80401206017	-1420
4.80401682854	-1420
4.8040599823	-1264
4.80426883698	-1420
4.80431485176	-1420
4.8043179512	-1264
4.80433702469	-1420
4.80433893204	-1420
4.80436301231	-1264
4.80450797081	543
4.80470585823	-1420
4.80470895767	-1420
4.80475091934	-1264
4.80527687073	-1420
4.80532097816	-1420
4.80532383919	-1264
4.81237101555	-1368
4.84402298927	-1420
4.84407186508	-1316
4.90837883949	-602
4.9085559845	543
4.95024204254	-1420
4.95025801659	-1420
4.95031285286	-1420
4.9503159523	-1420
4.95035791397	-1420
4.95036005974	-1108
4.95051193237	-1420
4.95051693916	-1420
4.95055484772	-1264
4.95074295998	-1420
4.95078396797	-1420
4.95078682899	-1264
4.95096087456	543
4.95108604431	-1420
4.95108985901	-1420
4.95111894608	-1264
4.95122790337	-1420
4.95127701759	-1316
4.95144486427	-1368
4.95158100128	-1420
4.95159292221	-1316
4.95178794861	-1368
4.95191287994	-1420
4.95196485519	-1316
4.95196700096	-1368
4.95361185074	543
4.96414995193	-1420
4.96416187286	-1420
4.96421194077	-1264
4.9660949707	-1368
4.96650195122	-1368
4.96955704689	543
5.01452803612	-1420
5.01454687119	-1420
5.0145919323	-1264
5.01499295235	-1368
5.01518392563	543
5.01533293724	543
5.01834201813	543
5.02820706367	-1368
5.02833390236	1057
5.02871704102	543
5.03095293045	-1420
5.03095889091	-1316
5.04841303825	-1368
5.06521487236	-1368
5.0752928257	-543
5.07797193527	-858
5.09199500084	-1420
5.09206390381	-1420
5.09206795692	-1420
5.09210395813	-1212
5.09226989746	543
5.09240984917	543
5.09947800636	-1420
5.09949588776	-1316
5.14069986343	-1420
5.14071297646	-1420
5.14076399803	-1264
5.22033405304	-828
5.22081303596	543
5.23036599159	-1420
5.23038291931	-1420
5.23044204712	-1264
5.2304880619	-1368
5.23066091537	-1420
5.23066496849	-1316
5.23116493225	-1368
5.23133897781	-1420
5.23144698143	-1316
5.23144984245	-1368
5.23402690887	543
5.24132394791	-1368
5.24529099464	-1420
5.24532604218	-1420
5.2453289032	-1264
5.25803899765	-1420
5.25805091858	-1316
5.2660138607	543
5.28948092461	543
5.2911298275	-1420
5.29113793373	-1316
5.2913069725	-1368
5.29164099693	543
5.30095887184	543
5.30914902687	543
5.31080985069	543
5.31112003326	543
5.33827590942	-1368
5.34033584595	-1420
5.34039282799	-1420
5.3403968811	-1264
5.34617400169	-1420
5.34618091583	-1316
5.34709191322	543
5.35913586617	-420
5.36398506165	543
5.41485404968	543
5.50152683258	-1368
5.51225304604	543
5.52459597588	543
5.52741193771	-261
5.55396485329	-1368
5.55432891846	-1420
5.55433392525	-1316
5.58775782585	-1368
5.59462094307	543
5.59849190712	-1368
5.59849905968	-1368
5.60356593132	-1420
5.60357189178	-1420
5.60361599922	-1264
5.60948491096	-1420
5.60952186584	-1420
5.60952496529	-1264
5.61003494263	-1420
5.61003994942	-1316
5.61008191109	-1420
5.61008405685	-1420
5.61010098457	-1264
5.61032700539	-1368
5.62559485435	-1420
5.62561893463	-1420
5.62566494942	-1264
5.65097093582	543
5.65131592751	543
5.65199303627	543
5.65222382545	543
5.66040682793	-665
5.66256785393	-1420
5.66261386871	-1316
5.69396495819	-1368
5.71106386185	-1368
5.71129584312	543
5.74400401115	-1368
5.75620794296	-1420
5.75627493858	-1420
5.7562789917	-1264
5.7563328743	-1368
5.75633597374	-1420
5.75638890266	-1316
5.75639200211	-1368
5.75659894943	543
5.75687503815	543
5.77190303802	-1420
5.77191591263	-1420
5.7719669342	-1264
5.79061198235	-475
5.80889701843	-1420
5.80892395973	-1420
5.80896186829	-1264
5.85723996162	-1420
5.8573050499	-1420
5.85734200478	-1264
5.87455582619	543
5.90342593193	-1420
5.9034910202	-1420
5.90352892876	-1264
5.90385890007	543
5.90396595001	-1420
5.90396785736	-1420
5.90396904945	-1420
5.90397000313	-1212
5.90405797958	-1420
5.90405988693	-1316
5.90420293808	543
5.90432405472	543
5.90539097786	543
5.91873598099	-1420
5.91875195503	-1420
5.9188079834	-1420
5.91881084442	-1212
5.91981506348	543
5.93496203423	-1420
5.93497800827	-1420
5.93503093719	-1264
5.93687796593	-267
5.98101186752	-1368
5.98121500015	543
5.98136687279	543
5.98588585854	-1420
5.98589301109	-1316
6.00880694389	-1368
6.02427387238	-1420
6.02433896065	-1316
6.02720189095	543
6.04056286812	543
6.04531502724	-1368
6.04835605621	-1368
6.04862999916	-1420
6.04864382744	-1316
6.0489859581	-1420
6.04899001122	-1420
6.04903793335	-1264
6.04904103279	-1420
6.04907488823	-1316
6.04907798767	-1368
6.04920387268	-1420
6.0492079258	-1316
6.04939985275	-1368
6.0548620224	543
6.05614900589	543
6.06420183182	-1420
6.0642118454	-1420
6.06425786018	-1264
6.07768583298	-1368
6.07786989212	543
6.08039593697	-1368
6.10530400276	-818
6.14578700066	-1420
6.14581203461	-1420
6.14584803581	-1264
6.14599394798	543
6.20041584969	-1420
6.20043301582	-1420
6.20048904419	-1420
6.20049190521	-1420
6.20052695274	-1420
6.20053005219	-1108
6.20080184937	-1420
6.20080590248	-1420
6.20085406303	-1264
6.20085692406	-1420
6.20089101791	-1316
6.20094299316	-1368
6.20379400253	-1420
6.20379900932	-1420
6.20384788513	-1264
6.21362805367	-1368
6.21407604218	543
6.23117089272	543
6.23291087151	543
6.23305988312	-1368
6.23328185081	543
6.24317383766	-918
6.24340987206	543
6.25034785271	-1420
6.25036287308	-1420
6.25042200089	-1264
6.28437900543	-1368
6.28444385529	-1420
6.28444886208	-1316
6.29811286926	543
6.30457496643	543
6.34027290344	-1368
6.34061384201	-1420
6.3406560421	-1316
6.34101104736	-1420
6.34105587006	-1420
6.3410589695	-1264
6.34140300751	-1420
6.3414080143	-1316
6.34175205231	-1420
6.3417570591	-1420
6.341796875	-1264
6.34220099449	-1420
6.34224200249	-1420
6.34224486351	-1420
6.34227895737	-1420
6.34228205681	-1160
6.34255099297	-1420
6.34255385399	-1316
6.34263586998	-1368
6.34556984901	-1420
6.34559488297	-1316
6.34956383705	543
6.34974598885	543
6.35255789757	543
6.35904192924	-1368
6.36163902283	543
6.36242890358	543
6.37139487267	-312
6.37501502037	-1368
6.40359306335	-1368
6.4499130249	-1368
6.47904491425	-1368
6.48825097084	-1420
6.48826098442	-1316
6.48840999603	-1420
6.48842406273	-1316
6.48849582672	-1420
6.48849892616	-1316
6.48861694336	-1368
6.48888397217	-1420
6.48888897896	-1316
6.48902893066	-1368
6.48946690559	-1420
6.48957085609	-1420
6.48957395554	-1264
6.48961687088	-1368
6.48961997032	-1420
6.48965382576	-1420
6.4896569252	-1264
6.48990988731	-1420
6.48991394043	-1420
6.48995494843	-1264
6.49016094208	-1420
6.49020290375	-1420
6.49020600319	-1264
6.49035096169	543
6.49108099937	543
6.49142384529	543
6.49546289444	-1420
6.49547100067	-1420
6.49551606178	-1264
6.49988698959	-262
6.49999594688	1057
6.52470588684	-1368
6.57325601578	-1420
6.57327103615	-1420
6.57332086563	-1420
6.57332491875	-1212
6.57487893105	-1420
6.57488298416	-1316
6.57784199715	543
6.59030485153	543
6.62142896652	-1368
6.6224360466	543
6.62802886963	-683
6.63105392456	-1420
6.63110685349	-1316
6.63384103775	-1420
6.63389897346	-1420
6.63390302658	-1264
6.63416099548	543
6.6342010498	-1420
6.63420295715	-1420
6.63420391083	-1264
6.63435006142	-1420
6.63435101509	-1316
6.63443493843	-1420
6.63443684578	-1420
6.63443803787	-1264
6.63443803787	-1368
6.63461685181	-1420
6.6346590519	-1420
6.63466191292	-1264
6.63469600677	-1368
6.63472700119	-1420
6.63474297523	-1420
6.63474488258	-1264
6.63493895531	-1420
6.63494205475	-1316
6.63575601578	543
6.63621282578	543
6.64659905434	-1420
6.64661598206	-1420
6.64666295052	-1264
6.6954908371	-1420
6.69550704956	-1316
6.75641703606	-370
6.77883386612	-1368
6.77903795242	543
6.77917289734	543
6.77935791016	-1420
6.77936005592	-1316
6.77976894379	-1420
6.77977395058	-1420
6.77981591225	-1264
6.77988004684	543
6.78101801872	-1368
6.78144097328	-1420
6.7814848423	-1420
6.78148889542	-1264
6.78313183784	-1420
6.78313684464	-1420
6.78317689896	-1264
6.78365492821	-1420
6.78369688988	-1420
6.78369998932	-1264
6.78379702568	543
6.78399991989	-1420
6.78400397301	-1316
6.78413391113	-1420
6.78413701057	-1316
6.78460001945	-1368
6.79339003563	-1420
6.79343605042	-1420
6.79343986511	-1264
6.83626794815	-1420
6.8362839222	-1316
6.87467002869	543
6.87472391129	543
6.88780593872	-992
6.89249396324	-1368
6.89270806313	543
6.90959095955	-1420
6.90960788727	-1316
6.92394900322	-1420
6.92396402359	-1420
6.92401790619	-1264
6.92402100563	-1368
6.92410898209	-1368
6.92436289787	-1420
6.92447400093	-1420
6.92447805405	-1264
6.9245159626	-1420
6.92451786995	-1316
6.92479085922	-1420
6.92479586601	-1420
6.92485404015	-1264
6.92499494553	543
6.92513084412	-1420
6.92513489723	-1420
6.92515802383	-1264
6.9254360199	-1420
6.92545795441	-1316
6.92565894127	-1368
6.92568087578	-1420
6.92568302155	-1316
6.92584395409	-1420
6.9258480072	-1420
6.92588591576	-1264
6.92618894577	-1420
6.92622494698	-1316
6.92622685432	-1368
6.9265089035	-1420
6.92651200294	-1420
6.92654895782	-1420
6.92655205727	-1212
6.92686700821	-1420
6.92687106133	-1420
6.926872015	-1264
6.93015003204	543
6.93042087555	543
6.93971896172	-1420
6.93972587585	-1420
6.93975996971	-1264
6.94116902351	-1420
6.94119596481	-1316
6.94555902481	543
6.94598698616	543
6.94689893723	543
7.01967000961	-70
7.20129394531	-1420
7.20132088661	-1316
7.20153999329	543
7.20189905167	-1420
7.20190286636	-1420
7.20194292068	-1420
7.20194482803	-1420
7.20197987556	-1420
7.20198297501	-1420
7.20201683044	-1420
7.20201992989	-1420
7.20205283165	-1420
7.20205593109	-1420
7.20208883286	-1420
7.2020919323	-1420
7.20212483406	-1420
7.2021279335	-1420
7.20216083527	-1420
7.20216393471	-1420
7.20220589638	-1420
7.20220899582	-1420
7.20220994949	-1420
7.20221090317	-1420
7.20221185684	-1420
7.20221304893	-1420
7.20221400261	-1420
7.20221495628	-1420
7.20221590996	-1420
7.20221686363	-1420
7.20221805573	-1420
7.20221996307	-1420
7.20222091675	-1420
7.20222187042	-1420
7.20222306252	-1420
7.20222401619	-1420
7.20223402977	-1420
7.20223593712	-1420
7.20223689079	-1420
7.20223903656	-1420
7.20223999023	-1420
7.20224094391	-1420
7.20224189758	-1420
7.20224285126	-1420
7.20224499702	-1420
7.2022459507	-1420
7.20224690437	-1420
7.20224785805	-1420
7.20224905014	-1272
7.20251393318	1057
7.20283794403	543
7.21600985527	-1368
7.21675992012	-1420
7.21681594849	-1420
7.21681904793	-1264
7.21699285507	-1420
7.21699595451	-1420
7.21703386307	-1264
7.21736288071	-1420
7.21740603447	-1316
7.21765685081	-1368
7.21799683571	-1420
7.21800088882	-1420
7.21811389923	-1264
7.21811699867	-1420
7.21820998192	-1420
7.21821188927	-1264
7.2182559967	-1368
7.21825790405	-1420
7.21831202507	-1316
7.2184510231	-1420
7.2184548378	-1316
7.21940588951	-1368
7.2194108963	-1420
7.21941184998	-1420
7.21941304207	-1264
7.21972799301	-1368
7.2200319767	-1420
7.22003483772	-1420
7.22003602982	-1264
7.22003793716	-1420
7.22003889084	-1420
7.22003984451	-1264
7.22016000748	-1420
7.2201628685	-1316
7.22166800499	543
7.22213196754	543
7.2223098278	543
7.22261404991	543
7.23162198067	-1420
7.23163890839	-1316
7.24883985519	543
7.26945996284	543
7.27005004883	543
7.27041101456	543
7.27068090439	543
7.2803030014	-1420
7.28031086922	-1420
7.28035497665	-1264
7.31079697609	-543
7.32964086533	-294
7.33218097687	543
7.36240100861	-1420
7.36241793633	-1420
7.36247992516	-1420
7.3624818325	-1420
7.36252403259	-1420
7.36252593994	-1108
7.3626229763	-1368
7.36262702942	-1368
7.36267995834	-1368
7.3628590107	543
7.36299991608	-1368
7.36307001114	543
7.36312198639	-1420
7.36312389374	-1316
7.36319303513	-1368
7.36328482628	543
7.3634519577	-1420
7.36345601082	-1316
7.36376905441	-1368
7.36377501488	-1420
7.36380505562	-1316
7.36390399933	-1420
7.36394286156	-1420
7.363945961	-1264
7.36398005486	-1368
7.3643848896	-1420
7.36448502541	-1420
7.36448788643	-1264
7.36453199387	-1420
7.36453390121	-1316
7.36456894875	-1368
7.36511182785	-1420
7.36515784264	-1420
7.36516094208	-1264
7.36526083946	543
7.36574196815	-1420
7.36574602127	-1420
7.36578583717	-1264
7.36611104012	-1368
7.36700701714	-1368
7.36708903313	-1368
7.40281605721	-1368
7.41942596436	-1420
7.41948485374	-1420
7.41948986053	-1264
7.44971704483	-1420
7.44973182678	-1316
7.44978785515	-1368
7.44991803169	543
7.45037984848	543
7.4595708847	-302
7.46721792221	543
7.47926282883	543
7.5080769062	-1368
7.55650091171	-1420
7.55651092529	-1420
7.55655789375	-1264
7.56214690208	-1368
7.57837104797	-1368
7.58791184425	-1363
7.5881960392	543
7.59758496284	-1420
7.59759497643	-1420
7.59764289856	-1264
7.61059784889	-1420
7.61066102982	-1316
7.64821100235	543
7.64869189262	543
7.64904999733	543
7.66618895531	-1368
7.71638989449	-1305
7.72928500175	543
7.73501205444	543
7.75983595848	1057
7.84184002876	-1368
7.84186387062	-1420
7.84199094772	-1316
7.84199404716	-1420
7.84202885628	-1420
7.84203290939	-1264
7.84353995323	543
7.84462499619	-161
7.84923791885	-1420
7.84927105904	-1316
7.8841240406	-1420
7.88418889046	-1420
7.88419389725	-1264
7.89968490601	-1420
7.89969992638	-1420
7.8997528553	-1264
7.89994096756	1057
7.96394085884	-1368
7.96684098244	543
7.97378396988	-256
7.9739279747	543
7.98539185524	543
8.06090092659	-1368
8.06108999252	543
8.06735706329	-1420
8.06736803055	-1316
8.10262799263	-667
8.10377287865	543
8.23174285889	-543
8.23191690445	543
8.28368997574	-1420
8.28370285034	-1420
8.28375482559	-1264
8.31749296188	-1420
8.31756305695	-1420
8.31756806374	-1264
8.33055686951	543
8.33216190338	543
8.33349394798	-1368
8.33385396004	543
8.33490395546	543
8.36047792435	-994
8.36749601364	-1420
8.36752986908	-1316
8.37034988403	543
8.37661886215	-1420
8.37662291527	-1316
8.3858230114	543
8.43081998825	-1368
8.48891401291	-588
8.49189686775	543
8.50752782822	543
8.56844782829	-1368
8.5684659481	-1420
8.5685198307	-1316
8.5686879158	543
8.57259297371	-1368
8.57942485809	-1368
8.58413505554	-1368
8.5880818367	543
8.58892583847	543
8.61764502525	-820
8.61847686768	543
8.73765087128	-1368
8.73793792725	543
8.74604797363	-261
8.75335097313	-1420
8.75340795517	-1316
8.75978183746	1057
8.81460595131	-1368
8.81476688385	-1420
8.81482982635	-1316
8.81720685959	543
8.82967591286	-1368
8.87440800667	-762
8.87564086914	-1368
8.87589001656	-1368
8.88656401634	543
8.89484286308	543
8.91739988327	-1368
8.91847705841	543
8.93438887596	-1420
8.93441390991	-1316
9.00262999535	-1044
9.00288891792	543
9.00383901596	543
9.05327606201	-1420
9.05329084396	-1420
9.05335092545	-1264
9.05348992348	1460
9.05354595184	111
9.0690870285	-1368
9.07203793526	543
9.08155584335	543
9.08183002472	543
9.13062906265	-870
9.22412085533	-1420
9.2241358757	-1420
9.22419285774	-1264
9.25855302811	-124
9.26011800766	543
9.29845190048	-1368
9.29932284355	-1420
9.29939603806	-1420
9.29939985275	-1264
9.29965901375	-1420
9.29966282845	-1316
9.29992794991	-1368
9.30034184456	-1420
9.30038690567	-1316
9.30448698997	543
9.30939984322	-1368
9.31229901314	543
9.31288290024	543
9.31740689278	-1368
9.33042097092	543
9.33338785172	-1420
9.33339190483	-1316
9.33392596245	543
9.35194683075	543
9.35242986679	543
9.387611866	-1368
9.38938188553	-272
9.4018099308	543
9.40212082863	543
9.43322300911	-1420
9.43324184418	-1316
9.50432491302	-1368
9.50538396835	543
9.51770687103	-124
9.51788496971	543
9.61489391327	-1420
9.61491203308	-1420
9.61497688293	-1264
9.64571404457	-638
9.64800286293	543
9.66485691071	-1420
9.66488289833	-1420
9.66491985321	-1264
9.71616697311	-1420
9.7161860466	-1316
9.71723389626	543
9.77058291435	-1368
9.77158904076	543
9.77401185036	-762
9.77431702614	543
9.81671094894	-1420
9.81672286987	-1316
9.84334087372	-1368
9.84427404404	543
9.88715386391	-1368
9.90219688416	-385
9.90296006203	-1368
10.0200250149	-1368
10.0202848911	543
10.0233180523	543
10.0302989483	-464
10.0338490009	543
10.0340938568	543
10.1352159977	-1420
10.135242939	-1420
10.1353018284	-1264
10.1354868412	543
10.158634901	-1152
10.1615629196	543
10.1778419018	543
10.2488360405	-1420
10.2488558292	-1420
10.2489190102	-1264
10.2491018772	543
10.2810380459	-1368
10.2839319706	543
10.2867908478	-327
10.2973659039	543
10.3499588966	-1420
10.3499779701	-1316
10.3500239849	-1368
10.3941800594	-1420
10.394192934	-1316
10.3942489624	-1368
10.397151947	543
10.4111509323	543
10.4149689674	-190
10.4157819748	543
10.4498529434	-1420
10.4498710632	-1316
10.484254837	-1368
10.4844110012	543
10.5339698792	-1368
10.536883831	543
10.5431740284	-385
10.5502638817	-1420
10.5503048897	-1316
10.5521090031	543
10.5842728615	-1368
10.5875859261	543
10.6002469063	-1420
10.600260973	-1316
10.658069849	-1368
10.6709890366	543
10.6712188721	543
10.671694994	-190
10.6739349365	-1420
10.6739609241	-1316
10.7080628872	-1368
10.7105770111	543
10.7240388393	-1420
10.7240560055	-1316
10.7597289085	1057
10.8015589714	-1044
10.8018260002	543
10.8027420044	543
10.8929069042	-1368
10.8931708336	543
10.8952920437	-1368
10.895485878	-1368
10.9296250343	-1210
10.9319729805	543
10.9597380161	-1420
10.9597640038	-1316
11.0312058926	-1368
11.0321838856	543
11.0575728416	-124
11.057751894	543
11.1163990498	-1420
11.1164169312	-1420
11.1164720058	-1264
11.1863050461	-638
11.1866369247	543
11.1897678375	543
11.2047698498	543
11.2173149586	-1420
11.2173318863	-1420
11.2173709869	-1264
11.3058340549	-1368
11.3061280251	543
11.3089768887	543
11.3142499924	-327
11.3245060444	543
11.3256628513	543
11.3997709751	-1420
11.3997879028	-1420
11.3998439312	-1264
11.4428069592	-638
11.4460659027	543
11.4539408684	-1420
11.4539530277	-1420
11.454005003	-1264
11.4597680569	543
11.5556838512	-1368
11.555713892	-1420
11.5557620525	-1316
11.5694329739	543
11.5711028576	-190
11.5806188583	543
11.5808608532	543
11.6530849934	-1368
11.653400898	-1420
11.6534500122	-1316
11.6995668411	-1181
11.7026228905	-1420
11.7026288509	-1316
11.7111358643	543
11.7124819756	543
11.74021101	-1368
11.7403829098	543
11.7531340122	543
11.7553248405	-1420
11.7553319931	-1316
11.7596080303	543
11.8282968998	-501
11.8310420513	543
11.8745670319	565
11.8746709824	543
11.8747189045	543
11.9050359726	-543
11.9072749615	-1420
11.9072818756	-1420
11.9073228836	-1264
11.9572548866	-638
11.9602160454	543
11.9987728596	-1420
11.9987888336	-1420
11.9988520145	-1264
11.9990398884	543
12.0237219334	-1420
12.0237369537	-1420
12.0237908363	-1264
12.0248270035	543
12.0864908695	-248
12.0874350071	543
12.2150380611	-1086
12.2164599895	-1420
12.2164919376	-1316
12.2495980263	-1368
12.2498788834	543
12.303208828	-1420
12.3032269478	-1420
12.3032979965	-1264
12.3035030365	543
12.3036329746	543
12.3443899155	-219
12.4204518795	-1368
12.4236369133	543
12.4388279915	543
12.4735498428	-261
12.473749876	543
12.5166749954	-1420
12.5166938305	-1420
12.5167498589	-1264
12.573196888	-1420
12.5732178688	-1420
12.5732779503	-1264
12.5762848854	543
12.5929839611	543
12.6020810604	-1218
12.614552021	543
12.6201379299	-1420
12.6201548576	-1316
12.6201839447	-1368
12.6222648621	543
12.7308330536	-1152
12.7419340611	543
12.7500188351	543
12.7684128284	-1420
12.768435955	-1316
12.8052248955	-1368
12.8211109638	-1420
12.8211688995	-1316
12.8556308746	-1368
12.8599150181	-248
12.8719630241	543
12.8733329773	543
12.9057939053	-1420
12.9058148861	-1420
12.9058618546	-1264
12.9892690182	-124
13.0556650162	-1368
13.0557570457	-1420
13.0558078289	-1316
13.1177480221	-124
13.1180109978	543
13.2100689411	-543
13.2162249088	-1420
13.2162399292	-1420
13.2162699699	-1264
13.246407032	-124
13.3301789761	-1420
13.330206871	-1420
13.3302438259	-1264
13.453553915	-124
13.4555368423	1460
13.4555969238	111
13.456389904	1057
13.4570858479	1057
13.4577000141	1057
13.4608888626	543
13.4772849083	543
13.6527850628	-543
13.652974844	543
13.6853809357	-1368
13.6856079102	543
13.6857769489	543
13.7194130421	-1420
13.7194390297	-1316
13.7196979523	543
13.719878912	543
13.7200410366	543
13.7201490402	543
13.8137700558	-754
13.8140230179	1057
13.8141570091	543
13.874573946	543
13.874671936	543
13.8747260571	543
13.8748629093	543
13.8749089241	543
13.9033088684	-1420
13.9033279419	-1420
13.9033830166	-1264
13.9035618305	543
13.9163458347	-1368
13.9323148727	-1420
13.9323649406	-1316
13.9327869415	543
13.9352090359	1460
13.9352738857	1139
13.9427340031	-762
13.9433040619	-1368
13.9461140633	543
13.9568629265	1460
13.956925869	1139
13.95855093	-1420
13.9585559368	-1316
13.9586060047	-1368
13.9863770008	-1368
13.9866549969	-1368
13.9866609573	-1368
13.9869658947	-1368
13.9900729656	543
13.9997768402	543
14.000015974	1460
14.0000610352	1460
14.0000948906	1161
14.0001718998	603
14.000592947	-1420
14.0005989075	-1316
14.004858017	1460
14.0049090385	1460
14.0049569607	1161
14.0050849915	603
14.0345170498	-1368
14.0499589443	-1420
14.0500218868	-1316
14.050153017	-1368
14.0626749992	-1368
14.0628190041	-1420
14.0628700256	-1420
14.0628728867	-1264
14.0663330555	-1368
14.0694069862	543
14.071641922	-404
14.082392931	-1420
14.0824429989	-1316
14.0900609493	543
14.0911929607	1460
14.09126091	1139
14.0913250446	-1368
14.0914440155	-1420
14.0914628506	-1316
14.0992779732	543
14.1121590137	543
14.1128280163	1460
14.1128818989	625
14.1198179722	1460
14.1198689938	1460
14.1199028492	1161
14.1200380325	603
14.1207640171	1460
14.1208188534	1139
14.1237478256	-1368
14.1269798279	543
14.1293509007	1460
14.1294050217	1460
14.129447937	1161
14.1295619011	603
14.1307919025	-1420
14.130797863	-1316
14.1309070587	543
14.1469509602	-1420
14.146971941	-1316
14.1618938446	-1368
14.1619100571	-1420
14.1619548798	-1316
14.1765508652	-1368
14.1996469498	-873
14.2024838924	543
14.2105710506	543
14.2108459473	1460
14.2108988762	1460
14.2109639645	1161
14.2110700607	89
14.2270958424	-1420
14.2271099091	-1420
14.2271678448	-1264
14.242634058	-1368
14.2455279827	543
14.2462048531	543
14.2669098377	-1368
14.2669298649	-1420
14.2669780254	-1316
14.267113924	1057
14.2673540115	-1420
14.2673578262	-1316
14.2674510479	-1368
14.267583847	-1420
14.2676239014	-1316
14.2679479122	-1368
14.2679719925	-1368
14.2681689262	-1420
14.2682158947	-1420
14.2682189941	-1264
14.2683179379	-1420
14.2683210373	-1316
14.2683868408	-1368
14.2686970234	-1420
14.2687220573	-1316
14.2688679695	-1420
14.2689099312	-1420
14.2689130306	-1264
14.2690069675	543
14.269204855	-1420
14.2692258358	-1316
14.2692470551	-1368
14.2693078518	-1368
14.2695360184	-1368
14.2723929882	543
14.2825129032	-1420
14.2825238705	-1420
14.2825779915	-1264
14.2826910019	-1420
14.2827379704	-1420
14.2827408314	-1420
14.2827839851	-1212
14.2828059196	-1420
14.2828419209	-1420
14.2828450203	-1264
14.2829039097	-1368
14.2830898762	543
14.2831530571	-1420
14.2831559181	-1316
14.2831559181	-1420
14.2831568718	-1316
14.2832410336	-1420
14.2832419872	-1316
14.2834768295	-1420
14.283479929	-1316
14.283561945	-1420
14.2835650444	-1316
14.2836558819	-1368
14.2836868763	543
14.2837610245	-1420
14.2837638855	-1316
14.2928628922	-1420
14.2928738594	-1420
14.2929229736	-1264
14.2995929718	-1368
14.2998590469	-1368
14.3157680035	-1420
14.3158349991	-1420
14.3158400059	-1420
14.3158760071	-1420
14.3158779144	-1160
14.3160920143	543
14.316357851	-1420
14.3163628578	-1420
14.3164019585	-1264
14.3164699078	-1368
14.3166599274	-1368
14.3209519386	-1368
14.330960989	-1368
14.3554208279	-1420
14.3554880619	-1420
14.3554918766	-1264
14.3556678295	543
14.3742878437	-1368
14.3953330517	-1420
14.3954000473	-1420
14.395403862	-1264
14.3954398632	-1420
14.395442009	-1316
14.3958978653	-1420
14.3959028721	-1420
14.3959329128	-1264
14.3959350586	-1420
14.3959510326	-1316
14.39595294	-1420
14.3959770203	-1420
14.3959789276	-1264
14.3960728645	543
14.3962669373	-1420
14.396271944	-1316
14.3966109753	-1420
14.3966159821	-1316
14.3968019485	-1420
14.3968069553	-1420
14.3968548775	-1264
14.3968579769	-1368
14.3975038528	-1420
14.3975088596	-1316
14.3976349831	-1420
14.3976378441	-1316
14.4150218964	-1420
14.4150428772	-1316
14.4151828289	-1420
14.4151859283	-1316
14.4153578281	543
14.4163780212	-1420
14.416383028	-1420
14.4164249897	-1420
14.4164278507	-1212
14.4176139832	-1420
14.4176189899	-1420
14.4176590443	-1420
14.4176619053	-1212
14.417760849	543
14.4185318947	-1420
14.4185369015	-1420
14.4187090397	-1264
14.4187119007	-1420
14.4188139439	-1420
14.4188158512	-1264
14.418861866	-1420
14.4188640118	-1316
14.4189069271	-1420
14.4189100266	-1316
14.4189629555	-1368
14.4189660549	-1420
14.4190089703	-1316
14.4194960594	543
14.4210369587	-1420
14.4210429192	-1420
14.4210848808	-1264
14.4279680252	-1420
14.4279990196	-1316
14.4439599514	-1420
14.4440259933	-1420
14.4440310001	-1420
14.4440660477	-1212
14.4440689087	-1368
14.4442229271	-1420
14.4442260265	-1316
14.4442629814	-1368
14.4445290565	-1420
14.444560051	-1316
14.4447579384	543
14.4590499401	-1420
14.4590759277	-1316
14.4835548401	-1420
14.4835698605	-1420
14.4836239815	-1264
14.5234189034	-1420
14.523485899	-1420
14.5234899521	-1420
14.5235259533	-1420
14.5235278606	-1420
14.5236320496	-1108
14.5236349106	-1420
14.5236778259	-1420
14.5236809254	-1264
14.523788929	-1420
14.5237920284	-1316
14.5239360332	-1420
14.5239388943	-1420
14.5239758492	-1264
14.5241379738	543
14.5241830349	-1420
14.5243868828	-1420
14.5244090557	-1264
14.5244140625	543
14.5245778561	-1420
14.5245790482	-1316
14.5246179104	-1368
14.5247449875	-1420
14.524782896	-1316
14.5254738331	-1420
14.525496006	-1420
14.525498867	-1264
14.5256700516	-1420
14.5256738663	-1316
14.546713829	-1420
14.5467309952	-1420
14.5469088554	-1420
14.5469129086	-1420
14.5470209122	-1420
14.5470230579	-1108
14.5470650196	-1368
14.5470678806	-1420
14.5471179485	-1420
14.547121048	-1264
14.5471699238	-1420
14.5471718311	-1420
14.5472168922	-1264
14.547219038	-1420
14.5472769737	-1316
14.5472798347	-1420
14.5473878384	-1420
14.5473909378	-1264
14.547426939	-1420
14.5474300385	-1420
14.5474309921	-1264
14.5474319458	-1368
14.5474328995	-1420
14.5474338531	-1420
14.5474350452	-1264
14.5474379063	-1368
14.5476999283	543
14.5478868484	543
14.5481119156	543
14.5493719578	-1420
14.5493769646	-1420
14.5494258404	-1264
14.5559828281	-1420
14.5560319424	-1316
14.5722720623	-1420
14.5723428726	-1420
14.5723478794	-1420
14.5723938942	-1212
14.5724580288	-1420
14.5725569725	-1316
14.5725598335	-1420
14.5725948811	-1420
14.5725970268	-1264
14.5726318359	-1368
14.5728900433	543
14.5869688988	-1420
14.5869920254	-1316
14.6115119457	-1420
14.6115269661	-1420
14.6115820408	-1264
14.6522219181	-1420
14.6523058414	-1420
14.6523108482	-1420
14.6523468494	-1420
14.6523499489	-1420
14.6523828506	-1108
14.6523849964	-1420
14.6524178982	-1316
14.6524200439	-1368
14.6526198387	-1420
14.6526229382	-1420
14.6527218819	-1264
14.6527240276	-1420
14.6527578831	-1420
14.6527609825	-1264
14.6528639793	-1420
14.6528680325	-1316
14.6529438496	-1368
14.6530249119	543
14.6532490253	543
14.65335989	-1368
14.6535549164	-1420
14.6535949707	-1420
14.6535968781	-1264
14.6536319256	-1368
14.6544659138	-1420
14.6545088291	-1316
14.6545770168	-1368
14.6547858715	-1420
14.6547899246	-1316
14.6759588718	-1420
14.6759729385	-1420
14.6760430336	-1420
14.6760540009	-1212
14.6761059761	-1420
14.6761088371	-1316
14.6761529446	-1368
14.676156044	-1420
14.6762189865	-1420
14.6762218475	-1264
14.6762568951	-1420
14.6762590408	-1316
14.6763198376	-1368
14.676432848	-1420
14.6765379906	-1316
14.6765398979	-1368
14.6766738892	-1420
14.6766760349	-1420
14.6766769886	-1264
14.6766779423	-1368
14.6767439842	-1368
14.676897049	-1420
14.67689991	-1420
14.67689991	-1264
14.6769778728	-1368
14.6770269871	543
14.6774098873	543
14.6775689125	543
14.6780760288	-1368
14.6801838875	-1420
14.6802508831	-1420
14.6802568436	-1264
14.6851069927	-1420
14.6851189137	-1420
14.6851809025	-1264
14.7012369633	-1420
14.70134902	-1420
14.7013540268	-1420
14.7014529705	-1212
14.7014548779	-1368
14.7014908791	-1420
14.7014939785	-1420
14.7015268803	-1264
14.7015299797	-1368
14.7026259899	-1368
14.7027099133	543
14.7150928974	-1420
14.7151038647	-1316
14.7395160198	-1420
14.7395310402	-1420
14.7395918369	-1264
14.7807619572	-1420
14.7807769775	-1420
14.780823946	-1264
14.7808270454	-1368
14.7808630466	-1420
14.7808659077	-1420
14.7809000015	-1264
14.7809028625	-1368
14.7809808254	-1420
14.7809848785	-1420
14.7810020447	-1264
14.781003952	-1368
14.7812600136	543
14.7817120552	-1420
14.781717062	-1420
14.7817389965	-1420
14.7817409039	-1212
14.7818160057	-1368
14.7818698883	543
14.7819168568	-1420
14.7819199562	-1316
14.781968832	-1368
14.7822139263	-1420
14.7822380066	-1420
14.7822408676	-1264
14.782407999	-1420
14.7824130058	-1316
14.7825958729	-1368
14.7831089497	-1420
14.7831330299	-1420
14.7831349373	-1264
14.7846679688	543
14.8043289185	-1420
14.8043470383	-1420
14.8044109344	-1420
14.8044140339	-1212
14.804448843	-1420
14.8044519424	-1420
14.8044848442	-1420
14.80448699	-1212
14.804527998	-1420
14.8045299053	-1316
14.8045649529	-1420
14.8045680523	-1316
14.8046679497	-1420
14.8046710491	-1316
14.8048708439	543
14.8050370216	-1420
14.8050408363	-1420
14.8050620556	-1420
14.8050639629	-1420
14.8050789833	-1420
14.8050808907	-1420
14.805095911	-1056
14.8050999641	-1420
14.8051149845	-1316
14.8051860332	-1368
14.8055808544	543
14.805629015	-1368
14.8072829247	-1420
14.8073289394	-1420
14.8073320389	-1264
14.8073680401	-1368
14.8130328655	-1420
14.8130838871	-1420
14.8130869865	-1264
14.8194408417	543
14.8198349476	543
14.8295819759	-1420
14.8295989037	-1420
14.8296439648	-1420
14.8296458721	-1420
14.8296618462	-1420
14.8296639919	-1420
14.8296790123	-1420
14.8296809196	-1004
14.8298308849	543
14.8307859898	-1420
14.8307909966	-1316
14.8432340622	-1420
14.8432428837	-1316
14.8673479557	-1420
14.8673658371	-1316
14.8745398521	543
14.9089388847	-1420
14.9089548588	-1420
14.9090080261	-1420
14.9090108871	-1212
14.9091098309	-1420
14.9091129303	-1420
14.9091539383	-1264
14.9091570377	-1420
14.9091899395	-1420
14.9091918468	-1264
14.909236908	-1420
14.9092400074	-1420
14.9092738628	-1264
14.9095659256	543
14.9097168446	543
14.9104168415	-1420
14.9104218483	-1420
14.9106118679	-1420
14.9106140137	-1420
14.9106509686	-1160
14.9106528759	-1420
14.9106860161	-1316
14.9106879234	-1420
14.9107210636	-1420
14.910722971	-1264
14.9107558727	-1420
14.9107580185	-1420
14.9107909203	-1264
14.9107928276	-1368
14.9111800194	-1420
14.9111850262	-1420
14.9112288952	-1420
14.9112319946	-1212
14.9323868752	-1420
14.9324109554	-1420
14.9325070381	-1420
14.9325098991	-1212
14.9325549603	-1420
14.9325580597	-1420
14.9325909615	-1264
14.9325940609	-1420
14.9326269627	-1420
14.93262887	-1420
14.9326620102	-1420
14.9326639175	-1160
14.9328398705	543
14.9331738949	-1420
14.933177948	-1420
14.9332308769	-1264
14.9332418442	-1420
14.9332768917	-1316
14.9333980083	-1420
14.9334359169	-1420
14.9334380627	-1264
14.9335160255	-1420
14.9335179329	-1420
14.9335589409	-1264
14.9338769913	1057
14.9339148998	-1420
14.9339170456	-1316
14.9353909492	-1420
14.9353969097	-1420
14.9354388714	-1264
14.9355108738	543
14.9412119389	-1420
14.9412219524	-1316
14.941272974	-1420
14.941275835	-1316
14.9502739906	543
14.9576330185	-1420
14.957638979	-1420
14.9576809406	-1264
14.9576840401	-1368
14.9583158493	-1420
14.9583220482	-1420
14.9583530426	-1420
14.95835495	-1212
14.9589140415	-1420
14.9589169025	-1316
14.9716520309	-1420
14.9716608524	-1316
14.9743978977	543
14.9954240322	-1420
14.9954378605	-1420
14.9954919815	-1264
14.9998600483	1460
14.9999349117	111
15.0370228291	-1420
15.0370390415	-1420
15.0370929241	-1420
15.0370948315	-1212
15.037227869	-1420
15.0372319221	-1420
15.0372669697	-1264
15.0373718739	-1420
15.0374188423	-1420
15.0374209881	-1264
15.0374560356	-1420
15.0374588966	-1420
15.0375008583	-1264
15.037624836	543
15.0387809277	-1420
15.0388598442	-1420
15.0389368534	-1264
15.0389399529	-1420
15.0389750004	-1420
15.0389769077	-1264
15.0390968323	-1368
15.0390999317	-1420
15.0391409397	-1316
15.0391428471	-1420
15.0391829014	-1316
15.0391850471	-1420
15.039247036	-1420
15.039249897	-1264
15.0393819809	543
15.0396120548	-1420
15.0396149158	-1316
15.0397398472	-1420
15.0397429466	-1316
15.0607800484	-1420
15.0607948303	-1420
15.060849905	-1420
15.0608530045	-1212
15.0613918304	-1368
15.0614860058	543
15.0616788864	-1420
15.0616829395	-1420
15.0617208481	-1420
15.0617239475	-1420
15.0617568493	-1420
15.0617589951	-1108
15.0617949963	-1368
15.0619649887	-1420
15.0620028973	-1316
15.0620958805	-1420
15.0621418953	-1420
15.0621440411	-1264
15.0621800423	-1420
15.0621819496	-1316
15.0622289181	-1368
15.0623350143	1057
15.0626649857	-1368
15.0628829002	-1420
15.0629148483	-1420
15.0629179478	-1420
15.0629339218	-1212
15.0640368462	-1420
15.0640809536	-1420
15.064084053	-1264
15.067335844	543
15.0701849461	-1420
15.0701930523	-1420
15.0702419281	-1420
15.0702438354	-1212
15.0862739086	-1420
15.0862839222	-1420
15.0863349438	-1420
15.0863368511	-1212
15.0870909691	-1420
15.0871050358	-1420
15.0871639252	-1264
15.0871658325	-1420
15.0872328281	-1316
15.0872359276	-543
15.0875689983	-1420
15.0876078606	-1316
15.1002109051	-1420
15.1002619267	-1316
15.1186029911	-543
15.1233270168	-1420
15.1233699322	-1420
15.1233739853	-1264
15.167320013	-1368
15.167331934	-1420
15.1673638821	-1420
15.1673669815	-1264
15.1673929691	-1420
15.1673948765	-1420
15.1674108505	-1264
15.1675980091	-1420
15.1676089764	-1316
15.1676249504	543
15.1676640511	-1420
15.16771698	-1420
15.1677188873	-1264
15.1677210331	-1368
15.1679289341	543
15.1700098515	-1420
15.1700160503	-1316
15.1700389385	-1420
15.1700408459	-1316
15.1700570583	-1368
15.1704528332	-1420
15.1705589294	-1420
15.1705620289	-1264
15.1705989838	-1420
15.1706008911	-1420
15.170634985	-1264
15.1706368923	-1420
15.1706700325	-1420
15.1706719398	-1264
15.1713168621	-1420
15.1713218689	-1420
15.1713619232	-1420
15.1713638306	-1212
15.1891670227	-1420
15.1891829967	-1420
15.1892549992	-1420
15.1892578602	-1212
15.1898369789	-1420
15.1898398399	-1420
15.1898789406	-1264
15.1898899078	-1420
15.1899249554	-1420
15.1899359226	-1264
15.1900229454	-1420
15.1900248528	-1420
15.1900589466	-1264
15.1901948452	-1420
15.1902449131	-1420
15.1902470589	-1264
15.190351963	-1368
15.1903538704	-1420
15.1903870106	-1316
15.1906368732	-1420
15.1906399727	-1316
15.1909139156	-1420
15.1909170151	-1316
15.1909179688	-1368
15.1910438538	-1420
15.1910469532	-1316
15.192029953	-1420
15.1920340061	-1420
15.1920349598	-1264
15.1994998455	543
15.1996998787	543
15.1998620033	543
15.2004749775	-1420
15.2004890442	-1420
15.2005300522	-1264
15.200535059	-1368
15.2143979073	-543
15.2163698673	-1420
15.2163758278	-1420
15.2164168358	-1264
15.2164199352	-1368
15.2174060345	-1420
15.2174098492	-1420
15.2174479961	-1264
15.2176840305	-1420
15.2177319527	-1316
15.21773386	-1420
15.2177679539	-1316
15.2245879173	543
15.2304449081	-1420
15.2304618359	-1316
15.2512259483	-1420
15.2512428761	-1420
15.2512798309	-1264
15.2527658939	543
15.2956578732	-1368
15.2956750393	-1368
15.2958698273	-1420
15.2958729267	-1420
15.2959208488	-1264
15.2959239483	-1420
15.2959690094	-1420
15.2959709167	-1420
15.2960779667	-1212
15.2960808277	-1420
15.2961149216	-1420
15.2961168289	-1264
15.2985098362	-1420
15.2985248566	-1420
15.2985789776	-1420
15.2985818386	-1212
15.298625946	-1368
15.2987399101	-1420
15.2987840176	-1316
15.2987949848	-1420
15.2988848686	-1316
15.2988870144	-1420
15.2989828587	-1420
15.2989859581	-1264
15.299020052	-1420
15.299022913	-1420
15.2990560532	-1264
15.2996180058	-1420
15.299656868	-1420
15.2996599674	-1264
15.2996928692	-1368
15.3040828705	1057
15.3173649311	-1420
15.3173830509	-1420
15.3174190521	-1264
15.3174219131	-1368
15.3179450035	-1420
15.3179490566	-1420
15.3180508614	-1420
15.3180539608	-1212
15.3180968761	-1420
15.3180990219	-1420
15.3182148933	-1420
15.3182179928	-1212
15.3182530403	-1420
15.3182549477	-1420
15.3182878494	-1264
15.3182899952	-1420
15.318322897	-1316
15.3184850216	-1420
15.3185298443	-1316
15.3185319901	-1368
15.3185329437	-1420
15.3186049461	-1316
15.3193190098	-1420
15.3193218708	-1420
15.3193240166	-1264
15.3194279671	-1420
15.3194320202	-1316
15.3196799755	543
15.3198900223	543
15.3200700283	-1368
15.3201389313	-1368
15.3201589584	-1368
15.3292210102	-1420
15.3292770386	-1316
15.3292798996	-1420
15.3292968273	-1316
15.3454179764	-1420
15.3454949856	-1420
15.3454990387	-1264
15.3456690311	543
15.346601963	-1420
15.3466069698	-1420
15.3466579914	-1264
15.3466608524	-1420
15.3466959	-1316
15.3466980457	-1368
15.3467400074	-1420
15.3467419147	-1316
15.3468840122	543
15.3599820137	-1420
15.3599879742	-1316
15.3807439804	-1420
15.3807609081	-1420
15.3808159828	-1264
15.4254629612	-1420
15.4254779816	-1420
15.425552845	-1420
15.4255559444	-1212
15.4256539345	-1368
15.4256558418	-1420
15.4256930351	-1316
15.4256949425	-1368
15.4257278442	-1420
15.4257309437	-1316
15.4258589745	-1420
15.4258618355	-1316
15.4260399342	543
15.426710844	-1420
15.4267170429	-1316
15.4268689156	-1420
15.4268729687	-1420
15.4269099236	-1264
15.426913023	-1368
15.4270420074	-1420
15.4270448685	-1316
15.4272270203	-1420
15.4272298813	-1316
15.4273478985	-1420
15.4273509979	-1316
15.4274718761	-1420
15.4274749756	-1316
15.4276759624	543
15.4277119637	-1420
15.427713871	-1420
15.4277150631	-1264
15.4277150631	-1368
15.4279520512	543
15.4457280636	-1420
15.4457478523	-1420
15.4458229542	-1420
15.4458260536	-1212
15.446133852	1460
15.4461760521	-1420
15.4461789131	-1316
15.4462089539	625
15.446256876	-1420
15.4462599754	-1316
15.4465048313	-1420
15.4465069771	-1316
15.4465620518	-1420
15.4465649128	-1420
15.4466078281	-1264
15.4466099739	-1420
15.4466438293	-1316
15.4467439651	-1420
15.4468438625	-1316
15.446846962	-1420
15.4468810558	-1420
15.4468839169	-1264
15.4470539093	-1420
15.4470579624	-1316
15.4471328259	-1368
15.4473068714	-1420
15.4473109245	-1420
15.4473128319	-1264
15.4474339485	-1368
15.4475860596	-1368
15.4483129978	543
15.4486088753	-1420
15.4486160278	-1316
15.4576380253	-1420
15.4576530457	-1420
15.457711935	-1420
15.4577150345	-1212
15.4577510357	-1420
15.4577538967	-1316
15.4737319946	-1420
15.4737429619	-1420
15.4738049507	-1264
15.4745090008	-1420
15.4745519161	-1316
15.4748270512	-1368
15.4749569893	-1420
15.4749598503	-1420
15.4750039577	-1420
15.4750070572	-1420
15.4750430584	-1160
15.4751470089	543
15.4880049229	-1420
15.4880130291	-1316
15.5087809563	-1420
15.5088059902	-1420
15.5088739395	-1264
15.5556929111	-1420
15.5557060242	-1420
15.5557880402	-1264
15.5557909012	-1420
15.5558340549	-1316
15.555836916	-1368
15.555877924	-1368
15.5560669899	543
15.5561759472	-1420
15.5561800003	-1420
15.5562138557	-1264
15.5563328266	-1420
15.5563719273	-1316
15.5573019981	-1420
15.5573358536	-1316
15.5574369431	-1420
15.5574769974	-1420
15.5574789047	-1264
15.5575928688	-1368
15.5575959682	-1420
15.5577008724	-1316
15.5577030182	-1420
15.5577399731	-1420
15.5577418804	-1420
15.5577750206	-1212
15.5578830242	-1368
15.5579118729	-1368
15.5579769611	543
15.5580818653	-1368
15.5581710339	543
15.5583150387	-1420
15.558316946	-1316
15.5584199429	-1368
15.5741689205	-1420
15.5742349625	-1420
15.5742390156	-1420
15.5742828846	-1212
15.5751459599	-1420
15.5751979351	-1420
15.5752010345	-1420
15.575250864	-1212
15.5756878853	-1420
15.5758039951	-1420
15.5758068562	-1264
15.57584095	-1420
15.5758440495	-1316
15.5759398937	-1420
15.575950861	-1316
15.5759890079	-1420
15.5759909153	-1316
15.5762069225	-1420
15.5762109756	-1420
15.5762379169	-1264
15.5763750076	-1420
15.5764138699	-1316
15.5765738487	-1420
15.5766198635	-1420
15.5766220093	-1264
15.576789856	-1368
15.5767920017	-1420
15.5767939091	-1316
15.5773758888	543
15.5775468349	-1420
15.5775489807	-1316
15.5777080059	543
15.5778529644	543
15.5860869884	-1420
15.5860919952	-1420
15.5861270428	-1420
15.5861289501	-1212
15.5878009796	543
15.5878539085	-1420
15.5878560543	-1316
15.5879909992	543
15.5997078419	543
15.600317955	543
15.6021740437	-1420
15.6021809578	-1420
15.6022310257	-1264
15.6026329994	-1420
15.6026580334	-1316
15.6030879021	-1420
15.6031348705	-1420
15.60313797	-1264
15.6031780243	-1420
15.6031808853	-1420
15.6032249928	-1264
15.6160209179	-1420
15.6160778999	-1316
15.636936903	-1420
15.6370038986	-1420
15.6370089054	-1264
15.6854588985	-1420
15.6854798794	-1420
15.6855340004	-1420
15.6855368614	-1212
15.6855790615	-1420
15.6855819225	-1316
15.6856179237	-1420
15.6856210232	-1316
15.6857559681	-1420
15.6857578754	-1316
15.685915947	-1420
15.6859190464	-1316
15.6859798431	-1368
15.6868150234	-1420
15.6868598461	-1420
15.6868629456	-1264
15.6869080067	-1420
15.6869108677	-1316
15.6869559288	-1420
15.6869578362	-1316
15.6870019436	-1368
15.6871869564	1057
15.6872289181	-1420
15.6872308254	-1316
15.6873078346	-1368
15.6873500347	-1368
15.6880819798	-1420
15.6880860329	-1316
15.688256979	1057
15.6884100437	-1420
15.6884129047	-1420
15.6884138584	-1264
15.6885049343	543
15.689041853	543
15.7022349834	-1420
15.7022490501	-1420
15.7023079395	-1264
15.7023098469	-1420
15.7023448944	-1316
15.7030248642	-1420
15.703068018	-1316
15.7036290169	-1420
15.7036728859	-1316
15.7036759853	-1420
15.7037119865	-1420
15.7037138939	-1264
15.7038838863	-1420
15.7038869858	-1420
15.7039878368	-1264
15.7039909363	-1420
15.7040259838	-1420
15.7040278912	-1264
15.7041678429	-1420
15.7041800022	-1316
15.7042310238	-1368
15.7045118809	-1420
15.7045669556	-1420
15.704570055	-1264
15.704613924	-1420
15.7046158314	-1316
15.7047429085	-1420
15.7047460079	-1316
15.7047798634	-1368
15.7054338455	-1420
15.7054569721	-1316
15.7096698284	1057
15.7142078876	-1420
15.7142159939	-1420
15.714263916	-1264
15.7142670155	-1420
15.7143089771	-1316
15.7143118382	-1368
15.7193729877	543
15.7302930355	-1420
15.7303199768	-1420
15.7303569317	-1264
15.7304978371	-1420
15.7305338383	-1316
15.7310378551	-1420
15.7310938835	-1420
15.731096983	-1264
15.7311389446	-1420
15.7311420441	-1420
15.73118186	-1264
15.744093895	-1420
15.744148016	-1316
15.7649428844	-1420
15.76501894	-1420
15.7650249004	-1264
15.8139050007	-1420
15.8139219284	-1420
15.8139829636	-1420
15.8139870167	-1212
15.8140289783	-1420
15.8140318394	-1420
15.8140659332	-1264
15.8140690327	-1368
15.8142640591	-1420
15.8142678738	-1420
15.8142969608	-1420
15.8142988682	-1212
15.8148698807	-1420
15.8148739338	-1420
15.8149750233	-1264
15.8149778843	-1420
15.8150129318	-1420
15.8150160313	-1264
15.8150479794	-1368
15.8150508404	-1368
15.8151810169	1057
15.815404892	-1420
15.8154089451	-1420
15.8154468536	-1264
15.8154499531	-1028
15.8309409618	543
15.8549098969	543
15.8745658398	543
15.8872098923	543
15.8993699551	543
15.8995540142	543
15.8997318745	543
15.9381539822	-1420
15.9381730556	-1420
15.9382400513	-1264
15.9384219646	543
15.9604659081	-638
15.960695982	543
15.9614260197	543
16.1319179535	-543
16.142362833	-1368
16.147783041	-1420
16.1477930546	-1316
16.1508619785	-1368
16.1511449814	-1420
16.1511878967	-1316
16.1518759727	543
16.2014620304	-1420
16.2014808655	-1316
16.2024998665	543
16.2025518417	-1368
16.2157440186	-1368
16.2167029381	543
16.2623360157	-575
16.2626860142	-1368
16.3235878944	-1420
16.3236129284	-1420
16.3236498833	-1264
16.3268010616	543
16.3395500183	543
16.3912069798	-841
16.3941090107	543
16.4037220478	543
16.49812603	-1368
16.4983530045	543
16.4984960556	543
16.5583488941	-804
16.558565855	543
16.5587120056	543
16.6180708408	-1420
16.6180980206	-1420
16.6181328297	-1264
16.688079834	-124
16.6892318726	543
16.7657439709	-1420
16.7657618523	-1420
16.7658250332	-1264
16.8235929012	-1420
16.823611021	-1420
16.8236479759	-1264
16.8248338699	543
16.8564119339	-1276
16.8707380295	-1420
16.8707790375	-1316
16.8712198734	543
16.8722100258	543
16.8744578362	543
16.9059698582	-1368
16.9061150551	543
16.9104440212	-1420
16.9104609489	-1420
16.9105238914	-1264
16.9193589687	543
16.9214830399	543
16.9239189625	-1420
16.9239258766	-1316
16.9277830124	-543
16.9417910576	543
16.9426038265	543
16.9685709476	-1368
16.9993100166	-828
17.0246629715	543
17.025053978	543
17.1193568707	-1368
17.119592905	543
17.1197319031	543
17.183578968	-1420
17.1835958958	-1316
17.1903820038	-1210
17.1912100315	543
17.215018034	-1368
17.2325530052	-1420
17.232614994	-1316
17.2773220539	-1420
17.2773330212	-1316
17.2773740292	-1368
17.2783989906	543
17.3188278675	-248
17.319865942	543
17.3953418732	-1368
17.4067080021	-1420
17.4067769051	-1420
17.4067828655	-1264
17.4102230072	-1420
17.4102389812	-1316
17.4131128788	543
17.4267859459	543
17.4469139576	-762
17.4478218555	543
17.4561419487	-1420
17.4561519623	-1316
17.4563138485	-1368
17.467165947	-1368
17.5582809448	-1368
17.5585348606	543
17.5613780022	543
17.5777180195	-45
17.578496933	543
17.578758955	543
17.7057199478	-1086
17.7059159279	543
17.7699859142	-1420
17.770004034	-1420
17.770056963	-1264
17.7701740265	543
17.8349628448	-1420
17.8349819183	-1420
17.8350429535	-1264
17.8360619545	543
17.8365750313	-248
17.8738520145	543
17.9126830101	-1368
17.9155759811	543
17.9265089035	543
17.9313728809	-1368
17.9313800335	-1368
17.9650540352	-1210
18.011177063	-1368
18.0140109062	543
18.0285658836	-1420
18.0285739899	-1316
18.0292389393	543
18.0495419502	-1420
18.0495569706	-1420
18.0496098995	-1264
18.0497989655	543
18.0517859459	543
18.0935480595	-1334
18.0964109898	543
18.1100149155	543
18.1497569084	-1420
18.1497750282	-1420
18.1498289108	-1264
18.1500070095	543
18.2153110504	-1368
18.218214035	543
18.2217030525	-327
18.2324588299	543
18.2808668613	-1368
18.2808868885	-1368
18.2995460033	-1368
18.3004589081	543
18.3498630524	-667
18.3511278629	-1420
18.3511819839	-1316
18.3551080227	-1368
18.3553509712	543
18.3562610149	543
18.4123430252	-1420
18.4123580456	-1316
18.4164860249	-1368
18.4172899723	543
18.4330818653	-1420
18.4330978394	-1316
18.4781758785	-625
18.5145750046	-1368
18.5174980164	543
18.5300748348	543
18.5661039352	-543
18.6063358784	-804
18.609431982	-1420
18.6094830036	-1316
18.6446180344	-1368
18.6451690197	543
18.6464328766	543
18.6613969803	-1420
18.6614229679	-1316
18.6616249084	543
18.7059149742	-1368
18.7345919609	-820
18.7375719547	543
18.7507009506	543
18.85303092	-1368
18.8532249928	543
18.8626680374	-261
18.8700580597	-1420
18.8701119423	-1316
18.9186799526	-1420
18.9187078476	-1316
18.9189758301	543
18.919962883	543
18.9404008389	-1368
18.9565019608	-1368
18.9880769253	-1420
18.988093853	-1420
18.9881539345	-1264
18.991132021	543
18.9915480614	-343
19.004981041	543
19.0983009338	-1368
19.1009180546	-1420
19.1009688377	-1420
19.1009728909	-1264
19.1018300056	-1368
19.1119940281	543
19.1134529114	543
19.127063036	-74
19.1271989346	543
19.1444518566	543
19.1494410038	543
19.1670498848	-1420
19.1670758724	-1316
19.1998949051	-1368
19.2157618999	-1420
19.2158179283	-1316
19.2556769848	-530
19.2800269127	-1368
19.2829349041	543
19.2958638668	543
19.3446378708	-1420
19.3446559906	-1420
19.3447198868	-1264
19.3448998928	543
19.3710360527	-1368
19.3837559223	-103
19.3871228695	-1420
19.3871309757	-1316
19.4512238503	-1368
19.4582140446	-1420
19.4582579136	-1316
19.5145280361	-530
19.6128818989	-1420
19.6129100323	-1420
19.6129510403	-1264
19.6627709866	-1420
19.6627929211	-1316
19.6823220253	-1073
19.8103590012	-1086
19.8135068417	543
19.8294808865	543
20.0070898533	-543
20.2018549442	-543
20.2179028988	-1420
20.2179608345	-1316
20.3457150459	-406
20.3466968536	543
20.5404770374	-543
20.5406868458	543
20.7358930111	-543
20.7520608902	-1420
20.7521278858	-1420
20.7521328926	-1264
20.88002491	-66
20.8831088543	543
20.8951599598	543
21.0780169964	-543
21.2236449718	-1368
21.2237238884	-1368
21.2455849648	-949
21.2598719597	543
21.4560470581	-543
21.4562449455	543
21.6560909748	-543
21.6723480225	-1420
21.6723999977	-1420
21.6724040508	-1264
21.8000500202	-66
21.8031280041	543
21.8181428909	543
21.9976658821	-543
22.1289248466	-1368
22.1665928364	-1347
22.198127985	-1368
22.2944529057	-775
22.2978909016	543
22.4934780598	-543
22.4937820435	543
22.6904530525	-543
22.7070829868	-1420
22.7071549892	-1420
22.707159996	-1264
22.8347740173	-66
22.83492589	543
22.8379728794	543
22.8500409126	543
22.8744959831	543
22.9638538361	-1086
23.0768258572	-543
23.1686718464	-543
23.2369420528	-1420
23.2369599342	-1316
23.3650410175	-949
23.3757839203	543
23.5710589886	-543
23.5712509155	543
23.7700688839	-543
23.7862780094	-1420
23.7863509655	-1420
23.7863559723	-1264
23.915407896	-66
23.9184880257	543
23.9299399853	543
24.1126258373	-543
24.2652728558	-1420
24.265296936	-1316
24.3190219402	-949
24.3265018463	543
24.5245938301	-543
24.5247850418	543
24.7219839096	-543
24.7375290394	-1420
24.7376010418	-1420
24.7376060486	-1264
24.8656718731	-66
24.8687820435	543
24.8848910332	543
25.0720000267	-543
25.2674870491	-543
25.2833878994	-1420
25.2834298611	-1316
25.4115459919	-406
25.4198260307	543
25.450535059	-543
25.6147668362	-543
25.6149468422	543
25.8103499413	-543
25.826417923	-1420
25.8264849186	-1420
25.8264899254	-1264
25.9544119835	-66
25.9575309753	543
25.9701468945	543
26.1522958279	-543
26.3485510349	-543
26.3657689095	-1420
26.3658380508	-1316
26.493639946	-406
26.5051939487	543
26.7001490593	-543
26.7003428936	543
26.9022958279	-543
26.9131009579	-1420
26.9131579399	-1420
26.9131629467	-1264
27.0530619621	-66
27.0561819077	543
27.0694990158	543
27.2570078373	-543
27.4645419121	-543
27.4716098309	-1420
27.4716649055	-1316
27.6000318527	-406
27.6109440327	543
27.8086378574	-543
27.8088438511	543
28.0038759708	-543
28.0519628525	-1368
28.0684819221	-1420
28.0685260296	-1316
28.1749000549	-153
28.1780929565	543
28.1900019646	543
28.3715829849	-543
28.7459249496	-1420
28.7459828854	-1420
28.7460129261	-439
28.8792588711	-406
28.8896248341	543
29.0910859108	-543
29.0912709236	543
29.3073959351	-543
29.3087639809	-1420
29.3088169098	-1420
29.3088209629	-1264
29.4404120445	-66
29.4530580044	543
29.4607100487	543
29.6490449905	-543
29.8471798897	-543
29.8473558426	543
29.8617918491	-1420
29.8618049622	-1316
29.9758839607	-406
29.9857358932	543
30.2025840282	-543
30.202780962	543
30.3990149498	-543
30.414577961	-1420
30.4146468639	-1420
30.4146518707	-1264
30.5427348614	-66
30.5562589169	543
30.5593910217	543
30.7518029213	-543
30.8954689503	-1420
30.8955168724	-1316
30.919533968	-949
30.9297568798	543
31.1231620312	-543
31.1233730316	543
31.318007946	-543
31.334733963	-1420
31.334802866	-1420
31.3348078728	-1264
31.4630949497	-66
31.4661729336	543
31.4797189236	543
31.6607069969	-543
31.804751873	-1420
31.8048210144	-1316
31.830450058	-949
31.8399708271	543
32.0330379009	-543
32.0332260132	543
32.2273778915	-543
32.2758488655	-1368
32.2919318676	-1420
32.2919788361	-1316
32.4013910294	-153
32.4146108627	543
32.4219119549	543
32.6698050499	-543
32.7532808781	-1420
32.7533478737	-1316
32.8373098373	-949
32.8612780571	543
33.055218935	-543
33.0554230213	543
33.2532248497	-543
33.2694430351	-1420
33.2695138454	-1420
33.2695188522	-1264
33.3973259926	-66
33.400439024	543
33.4155359268	543
33.5954818726	-543
33.7393388748	-1368
33.7632498741	-261
33.7875649929	-1368
33.8912768364	-775
33.8945128918	543
34.0890300274	-543
34.0892529488	543
34.2843289375	-543
34.3076920509	-1368
34.3340568542	-1368
34.3487899303	-1368
34.435464859	-153
34.4383049011	543
34.4511449337	543
34.6321668625	-543
34.7781078815	-1420
34.7781238556	-1316
34.809566021	-949
34.8198330402	543
34.8744289875	543
34.8745319843	543
34.874587059	543
34.8747448921	543
35.0160608292	-543
35.0162498951	543
35.2106869221	-543
35.2269449234	-1420
35.2270200253	-1420
35.22702384	-1264
35.3548519611	-66
35.3579359055	543
35.3756580353	543
35.3775730133	-543
35.5520949364	-543
35.6990828514	-1420
35.6991488934	-1316
35.7254300117	-949
35.7257120609	543
35.7355430126	543
35.805727005	-543
36.1271820068	-543
36.1273789406	543
36.3227009773	-543
36.3389048576	-1420
36.3389818668	-1420
36.3389868736	-1264
36.4324450493	-543
36.4666399956	-66
36.4797480106	543
36.4848120213	543
36.6734669209	-543
36.8689439297	-543
36.8848600388	-1420
36.8849039078	-1316
37.0128638744	-406
37.0197389126	543
37.2136650085	-543
37.2138450146	543
37.4128968716	-543
37.4313809872	-1420
37.4314508438	-1420
37.4314558506	-1264
37.5591459274	-66
37.5622620583	543
37.5754978657	543
37.7577500343	-543
37.9655549526	-543
37.9827299118	-1420
37.9827868938	-1316
38.12220788	-406
38.1315710545	543
38.3250739574	-543
38.3252749443	543
38.5200090408	-543
38.5363588333	-1420
38.5364229679	-1420
38.5364279747	-1264
38.6642119884	-66
38.6675930023	543
38.6842119694	543
38.8619949818	-543
39.058357954	-543
39.0743608475	-1420
39.0744240284	-1316
39.2023038864	-406
39.2097949982	543
39.4034948349	-543
39.4036898613	543
39.5982730389	-543
39.6148810387	-1420
39.6149530411	-1420
39.6149568558	-1264
39.7428228855	-66
39.7461369038	543
39.759937048	543
39.8744089603	543
39.9397258759	-543
40.1374428272	-543
40.153719902	-1420
40.1537640095	-1316
40.281676054	-406
40.2899060249	543
40.4847910404	-543
40.4849689007	543
40.6802389622	-543
40.6958320141	-1420
40.6958999634	-1420
40.6959049702	-1264
40.8270819187	-66
40.8401889801	543
40.8408620358	543
41.0344269276	-543
41.2304148674	-543
41.2462718487	-1420
41.2463419437	-1316
41.3746340275	-406
41.3848319054	543
41.578471899	-543
41.5786578655	543
41.7747700214	-543
41.7910499573	-1420
41.7911159992	-1420
41.791121006	-1264
41.8743100166	543
41.9187710285	-66
41.9299449921	543
41.9356210232	543
42.1239249706	-543
42.3190789223	-543
42.3352980614	-1420
42.3353428841	-1316
42.4633178711	-406
42.4694778919	543
42.5413360596	-543
42.6634259224	-543
42.6636009216	543
42.8576929569	-543
42.8737158775	-1420
42.8737838268	-1420
42.8737888336	-1264
43.0017149448	-66
43.0018768311	543
43.0150108337	543
43.0250189304	543
43.4600579739	-543
43.5739970207	-1368
43.5740630627	-1420
43.5741019249	-1316
43.6272890568	-124
43.6346428394	543
43.8286559582	-543
43.8288319111	543
44.0236120224	-543
44.0397460461	-1420
44.0398249626	-1420
44.0398299694	-1264
44.1676049232	-66
44.1707220078	543
44.1819250584	543
44.3694698811	-543
44.5121150017	-1420
44.5121679306	-1316
44.5375950336	-949
44.685202837	543
44.6970570087	543
44.6976158619	543
44.6996738911	543
44.706827879	543
44.7174668312	543
44.7395808697	543
44.749920845	543
44.7520208359	543
44.7535989285	543
44.7596619129	543
44.9149670601	543
44.9250719547	1057
44.9431240559	1460
44.9432199001	625
44.9500789642	-543
44.95023489	543
45.0247340202	-1368
45.0249450207	543
45.0250990391	543
45.0580708981	-1368
45.0583050251	543
45.0585010052	543
45.0586228371	543
45.0716240406	-1368
45.0718200207	543
45.0719530582	543
45.0780010223	-240
45.0787818432	543
45.2073850632	-1086
45.2076458931	543
45.2077829838	543
45.2400798798	-1420
45.24010396	-1420
45.2401769161	-1264
45.2401800156	-1368
45.2405319214	-1420
45.2405359745	-1420
45.2405769825	-1264
45.255177021	-1420
45.2552340031	-1316
45.3356108665	-1420
45.33562994	-1316
45.3680598736	-1420
45.3680758476	-1420
45.3681309223	-1264
45.3681368828	-1420
45.3681709766	-1316
45.3681750298	-1368
45.3683848381	-1420
45.3683879375	-1316
45.3685188293	-1420
45.3685228825	-1420
45.3685598373	-1264
45.368571043	-1368
45.3687319756	-1420
45.3687360287	-1316
45.3688299656	543
45.3691048622	543
45.38327384	-1420
45.3832809925	-1420
45.3833260536	-1420
45.383327961	-1212
45.3835089207	543
45.3846559525	543
45.4071099758	543
45.4173920155	543
45.443500042	543
45.4438669682	543
45.4543688297	543
45.4640798569	-1420
45.4640870094	-1420
45.4641308784	-1420
45.4641368389	-1212
45.474285841	543
45.4902000427	543
45.4958670139	-1420
45.4958739281	-1420
45.4959189892	-1264
45.4959208965	-1368
45.4960298538	-1368
45.4961760044	-1420
45.4962890148	-1420
45.4962918758	-1264
45.496336937	-1420
45.4963388443	-1420
45.4963819981	-1264
45.4963848591	-1420
45.4964189529	-1316
45.4965519905	-1420
45.4966020584	-1420
45.4966049194	-1264
45.4967548847	-1420
45.4967589378	-1420
45.4967958927	-1264
45.4967989922	-1368
45.4968998432	-1420
45.4969029427	-1420
45.4969038963	-1264
45.49690485	-1368
45.4970719814	-1368
45.497303009	-1420
45.497344017	-1420
45.4973468781	-1264
45.5044019222	543
45.5069539547	543
45.5112299919	-1420
45.5112359524	-1420
45.5113799572	-1264
45.5113830566	-1420
45.5114169121	-1316
45.5114190578	-1368
45.5114529133	-1420
45.5114560127	-1316
45.5116398335	1057
45.5392429829	543
45.5595748425	543
45.560603857	543
45.5619540215	543
45.5841109753	543
45.5925569534	-1420
45.5925819874	-1420
45.5926508904	-1420
45.5926539898	-1212
45.5927069187	-1420
45.5927119255	-1316
45.5928258896	-1420
45.592828989	-1316
45.6144070625	543
45.6240179539	-1420
45.6240308285	-1420
45.6241500378	-1420
45.6241528988	-1212
45.6241898537	-1420
45.6241919994	-1316
45.6244950294	-1420
45.6245000362	-1420
45.6245670319	-1420
45.6245698929	-1212
45.624614954	-1420
45.6246168613	-1420
45.624655962	-1264
45.6246678829	-1420
45.6247019768	-1420
45.6247060299	-1264
45.6248178482	-1420
45.6248209476	-1316
45.6248538494	-1420
45.6248569489	-1316
45.6249799728	-1420
45.6249828339	-1420
45.625027895	-561
45.6251080036	543
45.631141901	543
45.6545929909	1057
45.6704239845	-1420
45.6704308987	-1420
45.6704809666	-1264
45.6801829338	-1368
45.6802289486	-1368
45.6844320297	543
45.6965038776	543
45.7025790215	-1368
45.704433918	-1368
45.707998991	-1420
45.7080059052	-1420
45.7080478668	-1264
45.713037014	-1368
45.7207388878	-1420
45.7207460403	-1316
45.7363839149	-1420
45.7364070415	-1316
45.7529058456	-1221
45.7722580433	-1420
45.7723138332	-1420
45.7723178864	-1264
45.8009688854	-1420
45.8009798527	-1420
45.8010299206	-1264
45.8202240467	-1420
45.820278883	-1316
45.8280739784	-1368
45.843793869	-1368
45.8597679138	-1368
45.8809030056	543
45.8979079723	-1368
45.8999888897	-525
45.9124720097	543
45.9148218632	543
45.9243729115	1460
45.9244320393	1460
45.9244680405	1161
45.9245989323	1117
45.92730093	543
45.9275488853	543
45.9277749062	543
45.9291229248	543
45.9294919968	543
45.9299960136	543
45.9322240353	543
45.9374060631	543
45.9381148815	543
45.9571180344	-1420
45.9571449757	-1316
45.9571800232	-1368
45.9573779106	543
45.9574968815	-1420
45.9574990273	-1420
45.9574999809	-1420
45.9575009346	-1420
45.9575018883	-1420
45.9575028419	-1108
45.9575049877	-1420
45.9575059414	-1316
45.9576299191	-1420
45.9576900005	-1316
45.9578008652	-1420
45.9578039646	-1316
45.9579679966	543
45.9726068974	-1420
45.9726178646	-1316
46.0212299824	-1368
46.0213868618	543
46.0408940315	-512
46.1348688602	-1368
46.1620819569	-1420
46.1620969772	-1420
46.1621649265	-1264
46.162168026	-1420
46.162211895	-1420
46.1622149944	-1264
46.1625809669	-1420
46.1625850201	-1420
46.1626219749	-1264
46.1680760384	-1368
46.168284893	543
46.1684529781	543
46.1685960293	543
46.1691060066	-720
46.2160999775	-1368
46.2163980007	543
46.2165329456	543
46.2298688889	-1368
46.2300598621	543
46.2302110195	543
46.2496180534	-543
46.2972960472	-1036
46.297533989	1057
46.3649959564	-1368
46.3796019554	-1420
46.379668951	-1420
46.3796749115	-1264
46.3804969788	543
46.4144768715	-1368
46.4256749153	-617
46.4326660633	-1420
46.4326708317	-1316
46.4327988625	543
46.433259964	-1420
46.4332649708	-1420
46.4333069324	-1264
46.434691906	-1420
46.4347529411	-1420
46.4347569942	-1264
46.4356868267	-1420
46.4356908798	-1316
46.4357500076	-1368
46.4470360279	-1368
46.4477200508	-1420
46.4477229118	-1316
46.44947505	-1420
46.449477911	-1316
46.4569318295	543
46.463739872	-1368
46.4642720222	543
46.4654428959	-1368
46.4656288624	-1420
46.4656639099	-1316
46.474285841	543
46.476364851	543
46.4767048359	1057
46.5126068592	-1420
46.512624979	-1316
46.5156128407	543
46.5177738667	-1420
46.5177788734	-1316
46.5338959694	543
46.5352330208	543
46.5539908409	-731
46.5607888699	-1368
46.5636138916	543
46.566824913	-1420
46.5668299198	-1316
46.5674479008	-1420
46.5674519539	-1420
46.5674798489	-1264
46.5677230358	-1368
46.5681009293	-1420
46.5681049824	-1420
46.5682349205	-1264
46.5682380199	-1420
46.5682718754	-1420
46.5682749748	-1264
46.5683078766	-1368
46.5744419098	543
46.57493186	-1420
46.5749359131	-1420
46.5749759674	-1264
46.5868010521	543
46.5967600346	543
46.6044230461	543
46.6122829914	-1368
46.6257338524	-1420
46.6258049011	-1316
46.6600270271	-1368
46.6822340488	-1237
46.7055690289	543
46.7065858841	543
46.7134969234	-1368
46.7137000561	-1420
46.7137479782	-1420
46.7137508392	-1264
46.714496851	-1420
46.7144999504	-1316
46.7148070335	-1368
46.7150859833	-1368
46.7151448727	-1420
46.7151479721	-1316
46.7153439522	543
46.7155148983	-1420
46.7155179977	-1316
46.7158679962	-1368
46.7160718441	-1420
46.7161169052	-1420
46.7161200047	-1264
46.7166750431	-1420
46.7166779041	-1420
46.7166998386	-1264
46.7167830467	543
46.71687603	543
46.7306339741	1057
46.7410719395	543
46.755302906	-1368
46.7554779053	543
46.771173954	-1368
46.8026809692	-1420
46.8027539253	-1420
46.8027579784	-1264
46.8104689121	-702
46.811360836	543
46.8525650501	-1368
46.8565809727	543
46.8597979546	-1420
46.8598098755	-1420
46.8598599434	-1264
46.8598630428	-1420
46.8598978519	-1420
46.8598999977	-1264
46.8599429131	-1420
46.8599469662	-1316
46.8683750629	-1420
46.8683879375	-1420
46.8684389591	-1264
46.8959360123	-1368
46.9009640217	-1420
46.9009699821	-1316
46.9010839462	-1420
46.9010870457	-1316
46.9015409946	-1368
46.9016849995	-1420
46.9017169476	-1316
46.9025118351	543
46.9116768837	-1420
46.9116899967	-1420
46.9117410183	-1264
46.9118468761	543
46.9389929771	-955
46.9426548481	-1420
46.9426879883	-1316
46.9492888451	-1368
46.9499590397	-1420
46.9499628544	-1316
46.951679945	543
46.966137886	-1368
46.9664130211	543
46.9673550129	543
47.0062179565	-1420
47.0062408447	-1420
47.0062930584	-1264
47.0062959194	-1368
47.0065050125	543
47.0065660477	-1420
47.006567955	-1420
47.0065689087	-1264
47.0066969395	543
47.0068180561	-1368
47.0077428818	-1420
47.0077860355	-1316
47.0083088875	-1368
47.0216970444	-1420
47.0217089653	-1316
47.0465109348	-1368
47.0468640327	-1420
47.0469200611	-1420
47.0469229221	-1264
47.0469648838	-1368
47.0470819473	543
47.0543119907	-1368
47.0543260574	-1420
47.0543658733	-1316
47.0674488544	-1282
47.1515698433	-1368
47.1515889168	-1420
47.1516430378	-1420
47.1516468525	-1264
47.1516819	-1368
47.1516849995	-1368
47.1519169807	543
47.1524119377	-1420
47.1524169445	-1420
47.1524589062	-1420
47.1524620056	-1212
47.1659328938	-1420
47.1659469604	-1420
47.1660029888	-1264
47.1955418587	-525
47.2034878731	-1368
47.203963995	-1420
47.204023838	-1420
47.2040278912	-1264
47.2042429447	1057
47.2043669224	543
47.2045009136	-1368
47.2046370506	543
47.205288887	-1420
47.2052938938	-1420
47.2053339481	-1264
47.2060599327	-1420
47.2061018944	-1420
47.2061049938	-1264
47.2067010403	-1420
47.2067060471	-1316
47.2067928314	-1368
47.2145168781	-1368
47.247743845	-1368
47.2479300499	543
47.2638988495	-1420
47.263915062	-1420
47.2639698982	-1264
47.2998239994	-1420
47.2998950481	-1420
47.2998988628	-1264
47.3000359535	-1368
47.3002150059	543
47.300976038	-1420
47.3009810448	-1420
47.3010239601	-1264
47.3015248775	-1368
47.3017430305	-1368
47.3018808365	-1420
47.3019189835	-1420
47.3019218445	-1264
47.3130049706	-1368
47.3131070137	543
47.3132479191	-1420
47.3132519722	-1316
47.3134179115	543
47.3235428333	-589
47.3318119049	543
47.3399839401	-1420
47.3399920464	-1420
47.3400390148	-1420
47.3400418758	-1212
47.3401839733	-1420
47.3401868343	-1316
47.3402838707	-1368
47.3460390568	-1420
47.346075058	-1420
47.346077919	-1264
47.3461420536	-1368
47.3492660522	543
47.3494489193	543
47.3499999046	543
47.3557898998	-1420
47.3557958603	-1420
47.3558380604	-1264
47.4055240154	-1420
47.4055478573	-1316
47.4057610035	543
47.4401729107	-1420
47.4401879311	-1316
47.4434049129	-1420
47.4434108734	-1316
47.4434690475	-1420
47.4434809685	-1316
47.443584919	-1368
47.4436738491	-1368
47.4437978268	-1420
47.4438099861	-1316
47.444010973	-1368
47.4441418648	-1420
47.4441978931	-1420
47.4442009926	-1264
47.4444768429	-1368
47.4447369576	-1368
47.4450249672	-1420
47.4450290203	-1420
47.4450669289	-1420
47.4450700283	-1420
47.4451189041	-1420
47.4451220036	-1108
47.4451680183	-1368
47.4451708794	-1368
47.4515559673	-178
47.4593830109	543
47.4604039192	543
47.4788720608	-1420
47.4788808823	-1316
47.4790568352	543
47.486397028	-1368
47.4865958691	-1420
47.4866409302	-1316
47.4871909618	-1368
47.4875948429	-1420
47.4875998497	-1316
47.4879159927	-1420
47.4879200459	-1420
47.4879589081	-1264
47.4880259037	543
47.4883449078	543
47.4883840084	-1368
47.488847971	-1420
47.4888930321	-1420
47.4888949394	-1264
47.4899308681	-1420
47.4899349213	-1316
47.4900128841	-1368
47.4943299294	-1368
47.4945089817	-1368
47.4946649075	-1420
47.4946980476	-1316
47.4947738647	543
47.4979279041	543
47.5124399662	543
47.513258934	543
47.5265109539	-1368
47.5265269279	-1420
47.5265939236	-1316
47.5444459915	-1368
47.5602860451	-1368
47.5631518364	543
47.5797259808	-254
47.5815370083	543
47.5912058353	-1420
47.5912139416	-1420
47.5912699699	-1264
47.5915038586	-1420
47.5915470123	-1420
47.5915498734	-1264
47.5916969776	-1420
47.5917010307	-1316
47.5917479992	-1368
47.591821909	-1420
47.591850996	-1316
47.5919709206	-1420
47.5920088291	-1316
47.5921268463	-1420
47.5921578407	-1316
47.592263937	-1368
47.5924079418	-1420
47.5924198627	-1420
47.5924630165	-1264
47.5924739838	-1420
47.5925090313	-1316
47.592566967	-1368
47.5926828384	543
47.5931680202	-1420
47.593173027	-1420
47.5932128429	-1264
47.5932149887	-1368
47.5933248997	543
47.5958960056	-1420
47.5959029198	-1316
47.6143448353	543
47.6166698933	543
47.6323590279	-1368
47.6325209141	-1420
47.6325929165	-1420
47.6325960159	-1420
47.6326310635	-1212
47.6326329708	-1368
47.6328549385	-1420
47.6328580379	-1420
47.6329050064	-1264
47.6329069138	-1368
47.6329410076	-1420
47.6329529285	-1316
47.6331150532	-1420
47.6331179142	-1420
47.6331589222	-1264
47.6333079338	543
47.6414339542	-1420
47.6414580345	-1316
47.6483728886	-1420
47.6483879089	-1420
47.6484429836	-1264
47.6947059631	-1420
47.6947200298	-1420
47.6947720051	-1264
47.7072269917	-1420
47.7072389126	-1316
47.7079160213	-587
47.7087039948	543
47.7090668678	543
47.7229528427	-543
47.7384688854	-1420
47.7384860516	-1420
47.7385668755	-1264
47.7385699749	-1420
47.7386598587	-1316
47.7386639118	-1420
47.738699913	-1420
47.7387020588	-1264
47.7387459278	-1420
47.7387490273	-1420
47.7387828827	-1264
47.7389979362	543
47.7434139252	-1420
47.743418932	-1316
47.7435388565	-1368
47.7449350357	-1420
47.7449710369	-1316
47.7450480461	543
47.7535550594	-1420
47.7535669804	-1316
47.7789750099	-1368
47.7793078423	-1420
47.7793738842	-1420
47.7793769836	-1264
47.7794120312	-1368
47.7794139385	-1368
47.7794589996	-1368
47.779460907	-1368
47.7794950008	-1368
47.7797029018	-1420
47.7797429562	-1420
47.7797460556	-1264
47.7797999382	-1420
47.7798018456	-1316
47.779902935	-1368
47.7799999714	-1368
47.780094862	-1420
47.7800979614	-1316
47.7802908421	-1368
47.7802948952	-1420
47.780315876	-1316
47.7804589272	-1420
47.7804870605	-1420
47.7804889679	-1264
47.7805049419	-1420
47.7805068493	-1316
47.7806470394	-1420
47.7806589603	-1316
47.7811169624	543
47.781334877	543
47.7817819118	543
47.7898719311	-1420
47.7898869514	-1420
47.7899489403	-1264
47.7914478779	-1420
47.7914738655	-1316
47.7948839664	-1420
47.7949268818	-1316
47.8310229778	-1368
47.8320589066	543
47.8358659744	-334
47.8399758339	-1368
47.8410789967	543
47.846353054	-1420
47.8463690281	-1316
47.8464848995	1460
47.8465390205	1139
47.8846838474	-1420
47.8847119808	-1420
47.8847470284	-1264
47.8849470615	-1420
47.8849790096	-1316
47.8849818707	-1368
47.8850908279	-1420
47.8850939274	-1316
47.8852479458	543
47.885876894	-1420
47.8858809471	-1420
47.8859949112	-1420
47.8859980106	-1420
47.8860340118	-1160
47.8860378265	-1420
47.8860728741	-1420
47.8860778809	-1264
47.8869400024	543
47.8883929253	-1420
47.8883998394	-1420
47.8884439468	-1264
47.8907010555	-1420
47.8907458782	-1316
47.9074778557	-1368
47.9254398346	-1420
47.9254488945	-1420
47.9255099297	-1420
47.9255130291	-1212
47.9255490303	-1420
47.9255509377	-1316
47.9257979393	-1420
47.9258019924	-1316
47.9258508682	-1368
47.9259719849	-1420
47.9260759354	-1316
47.9260790348	-1420
47.9261159897	-1316
47.9262549877	-1420
47.926295042	-1316
47.9265289307	-1368
47.9266040325	543
47.9267890453	-1420
47.9267940521	-1420
47.9268770218	-1420
47.9268808365	-1212
47.9268848896	543
47.9269189835	-1420
47.9269218445	-1420
47.9269230366	-1264
47.9319720268	543
47.936948061	-1420
47.9369549751	-1420
47.9370019436	-1264
47.9370038509	-1368
47.9371700287	543
47.9408299923	-1368
47.9642128944	-102
48.0310819149	-1420
48.0311000347	-1420
48.0311729908	-1264
48.0313389301	-1420
48.0313768387	-1316
48.0313799381	-1420
48.0314290524	-1316
48.0314319134	-1420
48.0314760208	-1420
48.0314788818	-1264
48.0315229893	-1420
48.0315258503	-1316
48.0316300392	-1368
48.0316329002	-1368
48.0318338871	-1420
48.0318379402	-1316
48.031981945	-1368
48.0322079659	-1420
48.0322580338	-1316
48.0322599411	-1368
48.0324130058	543
48.0325539112	543
48.032572031	-1420
48.0325739384	-1420
48.0325899124	-1264
48.0326459408	-1368
48.0496709347	-1420
48.049685955	-1316
48.0497300625	-1368
48.0713858604	-1368
48.0718100071	-1420
48.0718839169	-1420
48.0719840527	-1264
48.0719869137	-1420
48.0720219612	-1316
48.0720238686	-1420
48.0720570087	-1316
48.0722999573	-1368
48.0724740028	-1420
48.0724768639	-1420
48.0725209713	-1420
48.0725238323	-1420
48.0725588799	-1160
48.0725610256	-1420
48.0725939274	-1316
48.0725958347	-1368
48.0729579926	543
48.0774478912	-1420
48.0774698257	-1316
48.0839579105	-1368
48.0842659473	-1420
48.0843119621	-1316
48.0926258564	-774
48.093296051	-1420
48.0933020115	-1316
48.1089088917	-1368
48.1274418831	-1420
48.1275160313	-1420
48.127519846	-1264
48.1276168823	-1420
48.1276190281	-1316
48.1276619434	-1420
48.1276638508	-1316
48.1277439594	-1368
48.127904892	543
48.1442899704	543
48.1568009853	543
48.1590139866	-1420
48.1590209007	-1420
48.1590640545	-1264
48.1675560474	543
48.1750218868	-1368
48.1765370369	-1368
48.1768610477	-1420
48.1768648624	-1420
48.1769030094	-1264
48.1797840595	-1420
48.1798229218	-1420
48.1798260212	-1264
48.1800649166	543
48.1829068661	543
48.1910309792	-1420
48.1910510063	-1316
48.1913490295	543
48.2209589481	-1361
48.2301738262	543
48.2330310345	543
48.2333269119	543
48.233520031	543
48.2338418961	543
48.2343790531	543
48.2470200062	543
48.3492040634	-543
48.3493900299	543
48.4110958576	-1420
48.4111149311	-1420
48.4111828804	-1264
48.4269268513	-1420
48.4269878864	-1316
48.4269919395	-1368
48.4280459881	543
48.4304380417	-1368
48.4391958714	543
48.4424629211	-1368
48.4426238537	-1420
48.4426679611	-1316
48.4519360065	543
48.4587049484	-1420
48.4587140083	-1420
48.4587688446	-1264
48.4596209526	543
48.4774169922	-98
48.4784238338	543
48.5088858604	-1420
48.5089008808	-1420
48.5089650154	-1264
48.5255680084	-1420
48.5256159306	-1316
48.5257349014	-1420
48.5257749557	-1316
48.5259699821	543
48.5260100365	-1368
48.5278568268	543
48.5287899971	-1368
48.5289008617	-1420
48.5289340019	-1316
48.5291428566	-1420
48.5291850567	-1420
48.5291879177	-1264
48.5296180248	-1368
48.5296208858	-1420
48.5296568871	-1420
48.5296599865	-1264
48.5296928883	-1420
48.529695034	-1420
48.5297279358	-1264
48.5299949646	-1420
48.5300338268	-1420
48.5300359726	-1264
48.5301339626	-1420
48.5301370621	-1316
48.5314149857	543
48.5407528877	-1420
48.5407650471	-1420
48.5408158302	-1264
48.5579929352	-1368
48.5580558777	-1420
48.5580599308	-1316
48.5719218254	-1420
48.5719358921	-1316
48.5719878674	-1368
48.5853960514	-1420
48.5854408741	-1316
48.58852005	-1368
48.5886249542	543
48.6015110016	-1420
48.6015279293	-1316
48.6056890488	-692
48.605907917	543
48.6555669308	-1368
48.6555850506	-1420
48.6556358337	-1316
48.6558148861	543
48.723484993	-1368
48.7265639305	543
48.733907938	-928
48.7373080254	543
48.7374930382	543
48.7376999855	543
48.7390708923	-1420
48.7390768528	-1420
48.7391450405	-1264
48.739233017	543
48.8635070324	-1210
48.8637969494	543
48.8639309406	543
48.8648269176	543
48.9444499016	-543
48.9807648659	-1368
48.9813020229	-1368
48.9918320179	-464
48.9931600094	-1420
48.9932129383	-1420
48.9932179451	-1264
48.9932539463	-1368
48.9952869415	543
48.9969758987	-1420
48.9969799519	-1420
48.9970200062	-1264
49.0118498802	543
49.0133218765	-1368
49.0206768513	543
49.0209169388	543
49.0727188587	-1368
49.0739469528	-1420
49.0739789009	-1316
49.075428009	543
49.088696003	-1368
49.0887069702	-1420
49.0887448788	-1316
49.0896558762	543
49.1085760593	-1368
49.1114890575	543
49.1197578907	-504
49.1228039265	-1420
49.1228609085	-1420
49.1228640079	-1264
49.1242699623	-1420
49.1242790222	-1420
49.1243300438	-1264
49.1424019337	543
49.1529359818	543
49.1532218456	543
49.2482359409	-1218
49.2484619617	543
49.2522819042	543
49.2760269642	543
49.3503668308	-1368
49.3667390347	-1420
49.3667900562	-1316
49.3762879372	-1420
49.3763229847	-333
49.3782508373	543
49.4379508495	-1368
49.4389400482	543
49.4878668785	-1420
49.4878790379	-1420
49.4879379272	-1264
49.5042979717	-385
49.5085010529	543
49.5239269733	-1420
49.5239429474	-1420
49.5240068436	-1264
49.5374839306	-1420
49.537530899	-1316
49.58583498	-1368
49.5859830379	543
49.6326990128	-1305
49.6344938278	-1420
49.6345360279	-1316
49.6442568302	543
49.6506209373	543
49.7559058666	-1368
49.7607970238	-124
49.8022398949	543
49.8605999947	-1420
49.8606259823	-1420
49.8606638908	-1264
49.888988018	-609
49.8919980526	543
49.9043669701	543
50.0056319237	-1368
50.0058300495	543
50.0099790096	-1420
50.0099859238	-1316
50.0170660019	-667
50.1451530457	-543
50.145567894	543
50.2397089005	1460
50.2398040295	625
50.2722079754	-1420
50.2722239494	-1316
50.2722790241	-1368
50.2738149166	-124
50.3230829239	-1420
50.3231010437	-1316
50.3784680367	-1368
50.383177042	-1420
50.3832368851	-1420
50.3832409382	-1264
50.3837070465	-1420
50.3837120533	-1316
50.3916959763	-1420
50.391700983	-1420
50.3917429447	-1264
50.3940589428	-1368
50.3992569447	543
50.4020810127	-409
50.4066858292	543
50.4095659256	543
50.4097690582	543
50.4282369614	-543
50.6121170521	-543
50.740447998	-1368
50.7794828415	-1347
50.7805929184	543
50.8039178848	-1420
50.8039338589	-1316
50.8743519783	543
50.9074809551	-949
50.9084839821	543
51.0369980335	-543
51.2172930241	-543
51.2175409794	543
51.2397549152	1057
51.4154188633	-543
51.4346678257	-1420
51.4347410202	-1420
51.434746027	-1264
51.5726978779	-66
51.585875988	543
51.5965669155	543
51.7278540134	-543
51.8562848568	-543
51.9385540485	-1420
51.9385688305	-1316
52.0339970589	-949
52.0350449085	543
52.0376858711	-543
52.2479188442	-543
52.2480978966	543
52.4455029964	-543
52.4614059925	-1420
52.4614748955	-1420
52.4614799023	-1264
52.5892529488	-1152
52.5894179344	543
52.5926189423	543
52.6058368683	543
52.9913730621	-543
53.0578448772	-1420
53.0579299927	-1316
53.159307003	-949
53.1603119373	543
53.2447299957	1057
53.3547618389	-543
53.3549649715	543
53.594452858	-543
53.7676029205	-543
53.7757370472	-1420
53.7757978439	-1420
53.7758359909	-1264
53.9099488258	-66
53.9130828381	543
53.9262168407	543
54.1234989166	-543
54.2839939594	-1420
54.2840428352	-1316
54.2912869453	-949
54.2922759056	543
54.4879329205	-543
54.488132	543
54.6851398945	-543
54.7335848808	-1368
54.7497859001	-1420
54.7498438358	-1316
54.8521769047	-153
54.8553259373	543
54.8806488514	543
54.8807790279	543
55.0506119728	-543
55.1957559586	-1420
55.1958069801	-1316
55.2185430527	-949
55.2280828953	543
55.4220340252	-543
55.4222240448	543
55.6168420315	-543
55.6331009865	-1420
55.6331720352	-1420
55.6331779957	-1264
55.7608249187	-66
55.7639799118	543
55.7810468674	543
55.9583499432	-543
56.102560997	-1420
56.1025788784	-1316
56.1272988319	-949
56.1359629631	543
56.3307039738	-543
56.3308949471	543
56.52648592	-543
56.5425109863	-1420
56.542580843	-1420
56.5425858498	-1264
56.670222044	-66
56.6733498573	543
56.6874918938	543
56.868983984	-543
57.0664389133	-543
57.082764864	-1420
57.0828199387	-1316
57.2105908394	-406
57.2200648785	543
57.414041996	-543
57.4142389297	543
57.6097538471	-543
57.6263940334	-1420
57.6264920235	-1420
57.6264979839	-1264
57.7542178631	-66
57.7573549747	543
57.7712569237	543
57.9909698963	-543
58.1597499847	-543
58.1762049198	-1420
58.1763029099	-1316
58.3041338921	-406
58.3140380383	543
58.5079329014	-543
58.5081260204	543
58.7313718796	-543
58.7478699684	-1420
58.7479379177	-1316
58.7479438782	-1368
58.8762509823	-66
58.8764848709	543
58.8796288967	543
58.8978779316	543
59.2112858295	-543
59.2766079903	-1420
59.2766540051	-1316
59.283851862	-543
59.3792870045	-949
59.3892960548	543
59.5961179733	-543
59.5963089466	543
59.818418026	-543
59.8344769478	-1368
59.8735148907	-1368
59.8889498711	-1368
59.9623229504	-153
59.9752008915	543
59.9851160049	543
60.3011438847	-543
60.3611860275	-1420
60.3612320423	-1316
60.4774260521	-949
60.4868040085	543
60.6815450191	-543
60.6817388535	543
60.8961639404	-543
60.9127218723	-1420
60.9127938747	-1420
60.9127998352	-1264
61.0412418842	-66
61.0524878502	543
61.0665390491	543
61.3347640038	-543
61.4050979614	-1420
61.4051730633	-1316
61.5023429394	-949
61.5094249249	543
61.7046868801	-543
61.7048749924	543
61.8994719982	-543
61.9153649807	-1420
61.9154319763	-1420
61.9154369831	-1264
62.0431149006	-66
62.0562639236	543
62.0664689541	543
62.1850700378	-1086
62.3135099411	-543
62.3973329067	-1420
62.3973920345	-1316
62.4812309742	-949
62.4897110462	543
62.7402620316	-543
62.7406959534	543
62.8694398403	-543
63.8742990494	543
63.8744039536	543
63.8744578362	543
63.9640238285	-543
64.1693139076	-543
64.4283418655	-543
64.6179389954	-543
64.7643609047	-543
64.8743078709	543
64.8744120598	543
64.9635980129	-543
65.7410738468	-543
65.74137187	543
65.8772699833	543
65.8784608841	543
65.9427490234	-543
65.9633178711	-1420
65.9635019302	-1420
65.9635078907	-1264
66.0911338329	-66
66.1092419624	543
66.1114490032	543
66.3098199368	-543
66.4595758915	-1420
66.4596259594	-1316
66.4783120155	-949
66.4844999313	543
66.6863138676	-543
66.6865429878	543
66.8947658539	-543
66.9238688946	-1420
66.9239349365	-1420
66.9239418507	-1264
67.0516519547	-66
67.0547590256	543
67.0710759163	543
67.2626259327	-543
67.4200959206	-1420
67.4201469421	-1316
67.4408090115	-949
67.4514498711	543
67.6559920311	-543
67.6561889648	543
67.869081974	-543
67.8930618763	-1420
67.8931279182	-1420
67.8931338787	-1264
68.0298509598	-66
68.0329530239	543
68.0509068966	543
68.2339909077	-543
68.3910038471	-1420
68.3911030293	-1420
68.391149044	-1264
68.3913838863	543
68.407091856	-124
68.4163649082	543
68.7178778648	-543
68.7180678844	543
68.9161498547	-543
68.9356129169	-1420
68.9356849194	-1420
68.9356899261	-1264
69.0633790493	-66
69.066478014	543
69.0805649757	543
69.2642960548	-543
69.4357099533	-543
69.4603359699	-1420
69.4604048729	-1316
69.5870740414	-920
69.5980780125	543
69.7967989445	-543
69.79697299	543
69.9946219921	-543
70.0145149231	-1420
70.0145850182	-1420
70.0145900249	-1264
70.1424798965	-66
70.1574518681	543
70.1680748463	543
70.3565628529	-543
70.5564069748	-543
70.5770299435	-1420
70.5770878792	-1316
70.7096350193	-406
70.7208139896	543
70.9160878658	-543
70.916287899	543
71.116191864	-543
71.1360068321	-1420
71.1360619068	-1420
71.1360659599	-1264
71.2636899948	-66
71.2668030262	543
71.2805528641	543
71.3967418671	-543
71.4617650509	-543
71.6579618454	-543
71.6746819019	-1420
71.6747338772	-1316
71.8026409149	-406
71.8072969913	543
72.0040440559	-543
72.0042438507	543
72.2009170055	-543
72.2171349525	-1420
72.2172009945	-1420
72.2172060013	-1264
72.3452830315	-66
72.3530378342	543
72.3733990192	543
72.5488359928	-543
72.7434010506	-543
72.7592968941	-1420
72.7593438625	-1316
72.8872609138	-406
72.8967058659	543
73.0920169353	-543
73.0922079086	543
73.2894420624	-543
73.3055319786	-1420
73.3056099415	-1420
73.3056159019	-1264
73.4336810112	-66
73.4368360043	543
73.451267004	543
73.6338448524	-543
73.8430268764	-543
73.8593280315	-1420
73.859390974	-1316
73.9871678352	-406
73.9945209026	543
74.1985309124	-543
74.1987059116	543
74.3938848972	-543
74.4102098942	-1420
74.4102840424	-1420
74.4102890491	-1264
74.5382099152	-66
74.5416100025	543
74.5563778877	543
74.7355270386	-543
74.8822219372	-1420
74.8822779655	-1316
74.9033329487	-949
74.9035718441	543
74.9094128609	543
75.2255539894	-543
75.2257380486	543
75.4213578701	-543
75.4706890583	-1368
75.4865880013	-1420
75.4866368771	-1316
75.59019804	-153
75.5933480263	543
75.6081819534	543
75.7876870632	-543
75.8742618561	543
75.8743460178	543
75.9330699444	-1420
75.9331288338	-1316
75.9551558495	-949
75.9647519588	543
76.1591379642	-543
76.1593298912	543
76.3547859192	-543
76.3711428642	-1420
76.3712110519	-1420
76.3712160587	-1264
76.4990868568	-66
76.502147913	543
76.5158498287	543
76.6963160038	-543
76.8635258675	-1420
76.8635430336	-1316
76.8650949001	-949
76.8751080036	543
77.0696709156	-543
77.0698559284	543
77.266368866	-543
77.2825169563	-1420
77.2825930119	-1420
77.2825980186	-1264
77.4102058411	-66
77.4133329391	543
77.43064785	543
77.6074149609	-543
77.753567934	-1420
77.7535848618	-1316
77.7750828266	-949
77.7848699093	543
77.9799408913	-543
77.980121851	543
78.1780209541	-543
78.1942589283	-1420
78.1943318844	-1420
78.1943359375	-1264
78.3221049309	-66
78.3350789547	543
78.3460898399	543
78.5291728973	-543
78.6759078503	-1368
78.6980948448	-261
78.7241919041	-1368
78.8260040283	-775
78.8288478851	543
79.0129029751	-543
79.0235869884	-543
79.0237619877	543
79.2216930389	-543
79.2382750511	-1420
79.2383430004	-1420
79.2383480072	-1264
79.3663430214	-66
79.3794958591	543
79.3852069378	543
79.5767660141	-543
79.7251429558	-1420
79.7252168655	-1316
79.7712440491	-949
79.7793149948	543
79.9740419388	-543
79.9742779732	543
80.1716120243	-543
80.1888380051	-1420
80.1888978481	-1420
80.1889028549	-1264
80.3166389465	-66
80.3197698593	543
80.3351919651	543
80.5167748928	-543
80.6620600224	-1420
80.6621279716	-1316
80.6841590405	-949
80.6947379112	543
80.8903899193	-543
80.8905658722	543
81.0883738995	-543
81.1045680046	-1420
81.1046340466	-1420
81.1046390533	-1264
81.2325699329	-66
81.2327208519	543
81.2497429848	543
81.2530229092	543
81.6315698624	-543
81.6971960068	-1420
81.6972739697	-1316
81.8001539707	-949
81.8067209721	543
82.0013139248	-543
82.0014929771	543
82.1983220577	-543
82.2143979073	-1420
82.214468956	-1420
82.2144749165	-1264
82.3420739174	-66
82.3606119156	543
82.3617649078	543
82.5551240444	-543
82.7515058517	-543
82.7673909664	-1420
82.7674460411	-1316
82.895305872	-406
82.9046859741	543
83.099506855	-543
83.0996809006	543
83.3020279408	-543
83.3169178963	-1420
83.3169870377	-1420
83.3169920444	-1264
83.4447588921	-66
83.4480779171	543
83.4599819183	543
83.6425478458	-543
83.840626955	-543
83.8742079735	543
83.8922259808	-1368
83.9079358578	-1368
84.0093429089	-493
84.0124700069	543
84.2120389938	-543
84.2122189999	543
84.4117379189	-543
84.4285960197	-1420
84.4286649227	-1420
84.4286699295	-1264
84.5563769341	-66
84.5594880581	543
84.5750310421	543
84.7551128864	-543
84.9543788433	-543
84.9703609943	-1420
84.9704079628	-1316
85.0981359482	-406
85.104642868	543
85.2993400097	-543
85.2995159626	543
85.4954650402	-543
85.5101790428	-1420
85.5102610588	-1420
85.5102658272	-1264
85.638051033	-66
85.641176939	543
85.6566739082	543
85.8362078667	-543
86.0311648846	-543
86.0475618839	-1420
86.0476119518	-1316
86.1754069328	-406
86.1848938465	543
86.3787820339	-543
86.3790018559	543
86.5748560429	-543
86.591272831	-1420
86.5913410187	-1420
86.5913460255	-1264
86.7189929485	-66
86.7220628262	543
86.7363250256	543
86.8742070198	543
86.9167728424	-543
87.1132769585	-543
87.1320469379	-1420
87.1320939064	-1316
87.1560719013	-543
87.2599010468	-406
87.2669429779	543
87.4616749287	-543
87.4618508816	543
87.6603679657	-543
87.6754980087	-1420
87.6755628586	-1420
87.6755669117	-1264
87.803331852	-66
87.8034799099	543
87.8065559864	543
87.8210010529	543
87.8624298573	-543
88.2057738304	-543
88.2720470428	-1420
88.2720940113	-1316
88.3731310368	-949
88.4140539169	543
88.7541508675	-543
88.7545208931	543
89.0982239246	-543
89.1148970127	-1368
89.2428128719	-1260
89.2474908829	543
89.2488470078	543
89.5892758369	-543
89.7390429974	-1420
89.73909688	-1420
89.7391169071	-1420
89.7391328812	-1420
89.7391479015	-1160
89.7549879551	-1420
89.7550518513	-1316
89.7550940514	-1368
89.7568809986	-1052
89.8033299446	-1420
89.8033978939	-1316
89.8847649097	-435
90.0127558708	-1086
90.8747019768	543
