0	543
0.0999841690063	-543
3.86624217033	1057
4.2380130291	-543
4.40623116493	-543
4.40852499008	-1368
4.40866708755	-1368
4.45443701744	-1420
4.45450115204	-1316
4.52271604538	-754
4.5258910656	543
4.52987408638	543
4.88712000847	-543
5.05785512924	-543
5.07051420212	1057
5.43455314636	-543
5.6059281826	-543
5.60771012306	-1420
5.60775518417	-1316
5.65151000023	-1420
5.65157604218	-1316
5.72241902351	-754
5.72437906265	543
5.72518801689	543
6.09202313423	-543
6.26256418228	-543
6.26393914223	-1420
6.26398301125	-1316
6.30690717697	-1368
6.37913298607	-1094
6.41374611855	1057
6.4202940464	1057
6.4302341938	1057
6.43578004837	1057
6.46035909653	1057
6.46312499046	1057
6.6120531559	-543
6.63632917404	-1420
6.63639616966	-1420
6.63640213013	-1264
6.66170310974	-1368
6.69830012321	-1420
6.69837117195	-1420
6.69837713242	-1264
6.70103216171	543
6.72841000557	-1420
6.72842407227	-1316
6.74284219742	543
6.75037312508	543
6.75061511993	543
6.75281620026	-1420
6.75282120705	-1420
6.75286412239	-1420
6.75286698341	-1420
6.75291013718	-860
6.75301504135	543
6.77475714684	543
6.80131602287	1460
6.80140709877	111
6.81483006477	-1420
6.8148431778	-1316
6.81488919258	-1420
6.8148920536	-1420
6.81491613388	-1264
6.82304000854	543
6.8657951355	-1420
6.8658080101	-1420
6.86589002609	-1264
6.86935019493	-567
6.88486814499	543
6.88547611237	543
6.88570904732	543
6.90837001801	-543
7.02574300766	-1086
7.08869600296	-1420
7.08871197701	-1420
7.08877706528	-1264
7.09324908257	-1057
7.09612798691	-1420
7.09617209435	-1316
7.10178112984	543
7.14248013496	-1044
7.15290904045	543
7.15320110321	543
7.15385699272	-1368
7.15554308891	-1420
7.1555891037	-1316
7.15570807457	-1368
7.15690207481	-1368
7.18009305	-1420
7.18016719818	-1420
7.18017101288	-1420
7.18021011353	-1212
7.20847320557	-543
7.21275210381	-1420
7.2128431797	-1420
7.21285510063	-1264
7.21289420128	-1420
7.2128970623	-1420
7.21293115616	-1264
7.21293306351	-1368
7.27356910706	-1420
7.27360701561	-1420
7.27366018295	-1264
7.27366304398	-1420
7.27371811867	-1420
7.27372097969	-1264
7.27374720573	-1368
7.27375006676	-1420
7.27377510071	-1316
7.2739109993	543
7.27414011955	543
7.32358407974	-1057
7.32457613945	543
7.32920503616	-1420
7.32922005653	-1420
7.32929897308	-1264
7.32932019234	-1420
7.32936000824	-1316
7.32937097549	-1368
7.32940602303	-1420
7.32940912247	-1420
7.32946515083	-1264
7.3719201088	-1420
7.3719329834	-1316
7.37198519707	-1368
7.37198805809	-1420
7.37202715874	-1420
7.37202906609	-1264
7.37220907211	543
7.39052319527	-1420
7.39053797722	-1420
7.39062619209	-1420
7.39065408707	-1212
7.39071011543	-1420
7.39071297646	-1420
7.39075708389	-1264
7.39076018333	-1420
7.390802145	-1420
7.39080405235	-1264
7.39084100723	-1420
7.39084506035	-1316
7.44606208801	-1420
7.44609618187	-1420
7.44616913795	-1420
7.44617199898	-1420
7.44621801376	-1160
7.44622015953	-1420
7.44625711441	-1316
7.44625902176	-1420
7.44630098343	-1420
7.4463031292	-1264
7.4463391304	-785
7.44647908211	543
7.44673609734	543
7.49047899246	1460
7.49057102203	625
7.51237797737	1057
7.58069109917	1057
7.59040498734	1057
7.60011315346	543
7.60308408737	-543
7.60329413414	1057
7.62545919418	-1420
7.6254761219	-1420
7.62553501129	-1264
7.62644910812	-1420
7.62650918961	-1316
7.62740015984	-1420
7.62744212151	-1420
7.62744498253	-1264
7.62856698036	-1368
7.64841008186	-1420
7.64847707748	-1420
7.6484811306	-1264
7.65638208389	-1368
7.71971297264	-981
7.73275709152	1057
7.73324203491	1057
7.75972604752	-1420
7.75974011421	-1316
7.76113605499	-1368
7.76278400421	-1420
7.76282215118	-1316
7.76423597336	-1368
7.76678299904	-1420
7.76680016518	-1316
7.76911306381	-1420
7.76911997795	-1316
7.76922702789	-1368
7.77223515511	543
7.77429914474	-1368
7.78344798088	-1420
7.78352117538	-1420
7.78352499008	-1264
7.78493714333	-1420
7.78494215012	-1316
7.78498506546	-1368
7.79921507835	-1420
7.79926300049	-1316
7.80061817169	-1368
7.81284117699	-1420
7.8128490448	-1316
7.81291913986	-1368
7.81292200089	-1420
7.81299614906	-1420
7.81299901009	-1264
7.81311917305	-1420
7.81313204765	-1316
7.81318020821	-1420
7.81318306923	-1420
7.81321907043	-1264
7.81322216988	-1368
7.813393116	543
7.81354117393	543
7.88253307343	-1420
7.88258218765	-1420
7.88265705109	-1264
7.88266015053	-1420
7.88270401955	-1420
7.88270711899	-1420
7.88275003433	-1212
7.88275313377	-1420
7.88279509544	-1316
7.89736604691	-1420
7.89750814438	-1420
7.8975110054	-1264
7.89754915237	-1420
7.8975520134	-1316
7.89759397507	-1420
7.89759707451	-1420
7.89763212204	-1264
7.89763402939	-1420
7.89766812325	-1316
7.89782500267	543
7.90089797974	-1368
7.90109419823	-1420
7.90113019943	-1420
7.90113210678	-1264
7.90190005302	-1420
7.90190601349	-1420
7.90194702148	-1264
7.90249300003	543
7.90302205086	1057
7.90351319313	1057
7.90396714211	1057
7.90432715416	1057
7.91576504707	-1368
7.91593408585	-1420
7.91598320007	-1420
7.9159860611	-1264
7.91609716415	543
7.92967915535	-1420
7.92968511581	-1420
7.92976403236	-1264
7.92976713181	-1420
7.92986416817	-1316
7.92986702919	-1420
7.92996311188	-1316
7.9299659729	-1420
7.93009519577	-1420
7.93009710312	-1264
7.9301981926	-1368
7.93020105362	-1420
7.93024802208	-1420
7.93025016785	-1264
7.93028497696	-1368
7.93028903008	-1368
7.9304561615	543
8.01419210434	-1420
8.01420998573	-1420
8.01433420181	-1420
8.01433706284	-1212
8.01447510719	-1420
8.01447916031	-1420
8.01452302933	-1264
8.01452517509	-1420
8.01456212997	-1420
8.014564991	-1264
8.01460719109	-1420
8.01461005211	-1420
8.01464509964	-1264
8.01464819908	-1420
8.01469016075	-1420
8.0146920681	-1264
8.01473712921	-1420
8.01473999023	-1316
8.01501917839	543
8.01763701439	-1420
8.01764297485	-1316
8.01774311066	-1368
8.01775407791	-1420
8.01779198647	-1420
8.01779413223	-1264
8.01784205437	-1368
8.01792216301	-1420
8.01799416542	-1420
8.01799702644	-1264
8.0180580616	-1368
8.01806020737	-1420
8.01809716225	-1316
8.0181851387	543
8.01835918427	543
8.04665613174	-1420
8.04672813416	-1420
8.04680609703	-1264
8.04682397842	-1420
8.04691910744	-1420
8.04693007469	-1264
8.0469751358	-1368
8.04697704315	-1368
8.04702019691	-1420
8.04702210426	-1420
8.04708313942	-1264
8.04721403122	-1420
8.04725408554	-1420
8.04725718498	-1264
8.04729199409	-1420
8.04729413986	-1316
8.04743409157	-1420
8.04743719101	-1316
8.04754304886	-1420
8.04754710197	-1316
8.04758501053	-1368
8.04786419868	543
8.13099217415	-1420
8.13104510307	-1420
8.13121700287	-1264
8.13122105598	-1420
8.13128209114	-1420
8.13128519058	-1264
8.13132405281	-1420
8.13133502007	-1420
8.13137197495	-1264
8.13137507439	-1368
8.13141107559	-1420
8.13141298294	-1420
8.1314470768	-1264
8.13145017624	-1368
8.13166713715	-1420
8.13167119026	-1420
8.13178110123	-1264
8.13178420067	-1420
8.13183808327	-1420
8.13184118271	-1264
8.13187599182	-1368
8.13187813759	-1420
8.13191413879	-1420
8.13191604614	-1264
8.13195014	-1420
8.13195204735	-1316
8.13213515282	543
8.13234400749	543
8.1345641613	-1420
8.13457012177	-1316
8.13463401794	-1420
8.13463616371	-1316
8.13470602036	-1420
8.1347091198	-1420
8.134745121	-1264
8.13474702835	-1368
8.13496017456	-1420
8.13496303558	-1420
8.1350171566	-1264
8.13501906395	-1420
8.13506412506	-1316
8.13506698608	-1368
8.13522100449	-1420
8.13522410393	-1420
8.1352250576	-1264
8.13524317741	543
8.13528418541	-1420
8.13528609276	-1420
8.13528704643	-1264
8.13543105125	-1420
8.13543319702	-1316
8.1355240345	-1420
8.13552618027	-1420
8.13552618027	-1264
8.13552713394	-1420
8.13552808762	-1316
8.13582706451	543
8.13598513603	543
8.16425800323	-1420
8.16427206993	-1420
8.1643819809	-1420
8.16438508034	-1212
8.16443610191	-1420
8.16443800926	-1420
8.16447520256	-1420
8.16447710991	-1420
8.16458201408	-1420
8.16458511353	-1108
8.16462302208	-1420
8.16462516785	-1420
8.16465902328	-1264
8.16466116905	-1368
8.16470718384	-1368
8.16478419304	-1420
8.16481399536	-1420
8.16481614113	-1264
8.16484117508	-1420
8.16484308243	-1316
8.17213916779	543
8.24859404564	-1420
8.24862718582	-1420
8.24874401093	-1420
8.24875712395	-1420
8.24879598618	-1420
8.24879813194	-1108
8.24884819984	-1420
8.24885106087	-1420
8.24896812439	-1420
8.24897217751	-1212
8.24900817871	-1420
8.24901008606	-1420
8.24904417992	-1264
8.24904608727	-1420
8.24910306931	-1316
8.24912405014	-1420
8.24924612045	-1420
8.24925017357	-1264
8.2492980957	-1420
8.24930119514	-1420
8.24936318398	-1264
8.249366045	-1420
8.24940299988	-1420
8.24940514565	-1420
8.24944114685	-1420
8.2494430542	-1420
8.2494790554	-1108
8.24948120117	-1420
8.24951505661	-1316
8.24951815605	-1420
8.24955320358	-1420
8.24955511093	-1264
8.24986600876	543
8.250041008	543
8.25238609314	-1420
8.25239109993	-1420
8.25248003006	-1264
8.2524831295	-1420
8.25255298615	-1420
8.25255608559	-1420
8.25260615349	-1212
8.25260901451	-1420
8.25265216827	-1420
8.2526550293	-1420
8.25269198418	-1212
8.25269412994	-1420
8.25272917747	-1420
8.25273108482	-1264
8.25276613235	-1420
8.2527680397	-1316
8.25282716751	-1420
8.25283002853	-1420
8.25288105011	-1264
8.25288414955	-1368
8.25297999382	-1368
8.25298309326	-1420
8.25303316116	-1420
8.25303506851	-1264
8.25308918953	-1420
8.25309205055	-1420
8.25313711166	-1264
8.25313901901	-1420
8.25318717957	-1316
8.25319004059	-1420
8.25324010849	-1420
8.25324320793	-1264
8.25332117081	-1420
8.2533261776	-1316
8.25332713127	-1420
8.25332808495	-1420
8.25332903862	-1264
8.25338411331	-1368
8.25338697433	-1420
8.25338816643	-1420
8.2533891201	-1264
8.25367212296	-1420
8.25367617607	-1420
8.25367712975	-1264
8.25367808342	-1420
8.25367903709	-1420
8.25367999077	-1420
8.25368118286	-1212
8.25376605988	543
8.25386619568	-1368
8.25717616081	543
8.25737404823	543
8.25763201714	543
8.25796699524	543
8.26449012756	543
8.26476407051	543
8.2652361393	543
8.26545810699	543
8.28122520447	-1420
8.28123211861	-1420
8.28126502037	-1264
8.28126716614	-1420
8.28128504753	-1420
8.28129601479	-1264
8.28143310547	-1420
8.28143715858	-1420
8.28146505356	-1264
8.28161907196	-1368
8.28165912628	-1420
8.2816619873	-1420
8.28169703484	-1264
8.2818570137	543
8.28249716759	1057
8.28287816048	1057
8.28681302071	-1420
8.28681898117	-1420
8.28684306145	-1264
8.28695607185	-1420
8.2869579792	-1420
8.2869591713	-1264
8.28706598282	-1368
8.28731608391	-1420
8.28734707832	-1420
8.28735017776	-1264
8.28736710548	-1420
8.28736901283	-1420
8.28738498688	-1420
8.28738617897	-1212
8.29305505753	543
8.30243515968	543
8.30553507805	543
8.30992913246	1057
8.3215970993	543
8.32444500923	543
8.33208298683	543
8.332280159	543
8.33244919777	543
8.33261418343	543
8.36535620689	-1420
8.36536502838	-1420
8.36541318893	-1264
8.36610507965	-1420
8.36617898941	-1316
8.36619019508	-1420
8.36625313759	-1316
8.36625599861	-1420
8.36630797386	-1420
8.36632418633	-1264
8.36641216278	-1368
8.3664150238	-1368
8.36646604538	-1420
8.36648201942	-1420
8.36653113365	-1420
8.36653399467	-1212
8.36667609215	-1368
8.36667919159	-1420
8.36675310135	-1420
8.36677503586	-1264
8.36683607101	-1420
8.36685609818	-1316
8.36689519882	-1420
8.36690616608	-1316
8.36694216728	-1420
8.36694407463	-1420
8.36699104309	-1264
8.36700510979	-1420
8.36705708504	-1420
8.36706018448	-1264
8.36709713936	-1368
8.36729717255	-1420
8.36738801003	-1420
8.36739110947	-1420
8.36745119095	-1212
8.36750197411	-1420
8.3675031662	-1420
8.36750507355	-1264
8.36750602722	-1368
8.3675069809	-1420
8.36750817299	-1420
8.36750912666	-1264
8.36751008034	-1368
8.36778020859	543
8.36789703369	543
8.3682551384	543
8.36936306953	-1420
8.36936903	-1420
8.3693921566	-1264
8.36953306198	-1368
8.37038397789	-1420
8.37038803101	-1316
8.37046599388	-1420
8.37046909332	-1420
8.37049412727	-1264
8.37060499191	-1420
8.37062501907	-1316
8.37069606781	-1368
8.37082409859	-1420
8.37082719803	-1420
8.37088298798	-1264
8.37092709541	-1420
8.37096500397	-1420
8.37096810341	-768
8.37146019936	543
8.37246918678	1057
8.37329697609	-1420
8.37330317497	-1316
8.37657117844	-1368
8.39786505699	-1420
8.39796113968	-1420
8.39796519279	-1264
8.39805603027	-1368
8.39805912971	-1420
8.39811420441	-1316
8.39811706543	-1420
8.39816904068	-1316
8.39817118645	-1420
8.39820814133	-1420
8.39821004868	-1264
8.39955115318	-1420
8.39955615997	-1316
8.4059472084	-1420
8.40595197678	-1316
8.40600299835	-1368
8.40608620644	543
8.40877509117	-1368
8.41122603416	-1420
8.41127109528	-1420
8.41127419472	-1264
8.41656398773	-1420
8.41657519341	-1316
8.41661405563	-1368
8.42157411575	-1368
8.42172598839	-1420
8.4217300415	-1316
8.4279820919	-1368
8.43127012253	-1420
8.43131518364	-1316
8.48194503784	-1420
8.48198008537	-1420
8.48206305504	-1264
8.48206710815	-1420
8.48216819763	-1316
8.48217105865	-1420
8.48223519325	-1420
8.48223805428	-1264
8.48229598999	-1368
8.48229908943	-1420
8.48238897324	-1420
8.48241019249	-1264
8.48244810104	-1420
8.48245120049	-1420
8.48250412941	-1264
8.48250699043	-1420
8.48262906075	-1420
8.48263311386	-1264
8.48269414902	-1420
8.48269701004	-1316
8.48274517059	-1420
8.48275709152	-1420
8.48281407356	-1264
8.482817173	-1420
8.48287606239	-1420
8.48287820816	-1264
8.48291397095	-1420
8.48291611671	-1420
8.48294997215	-1264
8.48373913765	1057
8.48397612572	1057
8.48746013641	-437
8.4947412014	-1420
8.49478602409	-1420
8.49478912354	-1264
8.49736118317	-1420
8.49736714363	-1420
8.49741101265	-1264
8.50318217278	-1420
8.50323820114	-1420
8.50324201584	-1264
8.50907516479	-1420
8.50908017159	-1420
8.50912213326	-1264
8.51747512817	-1420
8.51752901077	-1316
8.51753211021	-1368
8.51764917374	543
8.51924920082	-1368
8.51931810379	543
8.52437210083	-1420
8.52437806129	-1420
8.52442216873	-1264
8.52794003487	-1368
8.52796697617	-1420
8.52796912193	-1316
8.53253602982	-1368
8.53283119202	-1420
8.5328772068	-1316
8.53660416603	-1368
8.53664398193	-1368
8.54056406021	-1420
8.540610075	-1420
8.54061317444	-1264
8.5420691967	-1420
8.54207515717	-1316
8.54521012306	-1368
8.54688000679	-1420
8.54692411423	-1316
8.54832410812	-1368
8.54842019081	543
8.55041599274	-1420
8.55042099953	-1316
8.55171704292	-1368
8.55593299866	-1420
8.55597805977	-1420
8.55598115921	-1264
8.55759811401	-1420
8.55760407448	-1316
8.56040120125	-1368
8.56287312508	-1368
8.56510806084	-1420
8.5651140213	-1420
8.56515717506	-1264
8.56674408913	-1368
8.56685400009	543
8.56969714165	-1368
8.57190918922	-1420
8.57195305824	-1316
8.57352900505	-1420
8.57357597351	-1420
8.57357907295	-1264
8.57713007927	-1420
8.57713508606	-1316
8.57721114159	-1368
8.58074307442	-1368
8.58087515831	-1420
8.58087897301	-1316
8.58697009087	-1368
8.5870680809	-1368
8.58712816238	-1420
8.58713006973	-1316
8.58723020554	-1368
8.58985304832	-1368
8.58996415138	543
8.59283614159	-1420
8.59284114838	-1316
8.59564304352	-1368
8.59889602661	-1420
8.59894299507	-1316
8.60053110123	-1368
8.60614418983	-1420
8.60614919662	-1420
8.60620999336	-1264
8.60915613174	-1420
8.60920000076	-1316
8.6092031002	-1368
8.61108398438	-66
8.61571502686	-1420
8.61575913429	-1316
8.61815404892	-1420
8.61817908287	-1316
8.62041020393	-1420
8.62045812607	-1420
8.62046217918	-1264
8.62478804588	-1420
8.62479400635	-1420
8.62483501434	-1264
8.62491512299	1057
8.62754511833	-1368
8.63034915924	-1420
8.63039398193	-1316
8.63251399994	-1368
8.63808917999	-1420
8.63809418678	-1420
8.63813519478	-1264
8.64062809944	-1420
8.64067220688	-1316
8.64292907715	-1368
8.64657306671	-1420
8.64657902718	-1316
8.64907312393	-1368
8.65163803101	-1420
8.65168213844	-1316
8.65364909172	-1368
8.65375900269	543
8.67089700699	-1420
8.67090415955	-1420
8.67095518112	-1264
8.6730890274	-1420
8.67313408852	-1316
8.69487118721	-1368
8.7007651329	-1420
8.70077204704	-1420
8.70081615448	-1264
8.70933699608	-1420
8.70938110352	-1420
8.70938420296	-1264
8.71828913689	-1420
8.71829414368	-1420
8.71834301949	-1264
8.72165107727	-1420
8.72171211243	-1316
8.72171497345	-1368
8.72757601738	-787
8.72766208649	543
8.72797203064	-1420
8.72797703743	-1316
8.73034000397	-1368
8.73041820526	543
8.73324298859	-1368
8.73622298241	-1368
8.73947119713	-1420
8.73947620392	-1316
8.74273300171	-1420
8.7427380085	-1316
8.74661612511	-1368
8.74958515167	-1368
8.74983716011	-1368
8.75307917595	-1420
8.75312519073	-1316
8.75312805176	-1368
8.7611041069	-1420
8.76110911369	-1420
8.76115298271	-1264
8.76381111145	-1368
8.77847909927	-1420
8.77848410606	-1420
8.77853417397	-1264
8.78131103516	-1420
8.78136515617	-1316
8.78450608253	-1368
8.79354000092	-1420
8.79354500771	-1316
8.84410715103	-1137
9.31659817696	543
9.44029116631	543
9.44056820869	543
9.44180703163	1057
9.44209909439	1057
9.44265413284	543
9.44293212891	543
9.4432220459	543
9.44344711304	543
9.44464111328	543
9.44489097595	543
9.44531106949	543
9.44550299644	543
9.51008605957	-543
9.64779305458	-1057
9.6548101902	-1420
9.65486502647	-1420
9.65491104126	-1264
9.65562415123	-1420
9.65567016602	-1420
9.6557071209	-1264
9.66527915001	-1420
9.66532611847	-1316
9.66573214531	-1023
9.69181203842	-1420
9.69188117981	-1420
9.69192004204	-1264
9.69933319092	-1420
9.69937801361	-1420
9.69941616058	-1264
9.69957900047	543
9.70001006126	-1420
9.70001602173	-1316
9.70008802414	-1368
9.70015501976	543
9.70167899132	-1420
9.7016851902	-1316
9.70175099373	-1368
9.70472717285	543
9.7048060894	-1420
9.70481014252	-1420
9.70481109619	-1264
9.70542812347	543
9.71149015427	543
9.72564315796	-1368
9.73149204254	-1420
9.73155617714	-1316
9.73610901833	-1420
9.73615598679	-1420
9.73615908623	-1264
9.74129009247	-1368
9.74170017242	-1420
9.74174809456	-1316
9.74334812164	-1420
9.74339199066	-1420
9.74339413643	-1264
9.74726605415	-1368
9.74736499786	543
9.75305604935	-1420
9.75306200981	-1316
9.7616341114	-1420
9.76163911819	-1316
9.76168203354	-1368
9.76291203499	-543
9.7733271122	-1420
9.77337312698	-1420
9.77337598801	-1264
9.77856612206	-1420
9.77857112885	-1420
9.77862215042	-1264
9.77936506271	-1368
9.78140997887	-1420
9.78141403198	-1316
9.78167510033	-1368
9.78200101852	-99
9.78330898285	543
9.7834610939	543
9.78859400749	-1420
9.78860020638	-1316
9.78957915306	-1368
9.79062318802	-1420
9.79065513611	-1316
9.79192900658	-1368
9.80833220482	-1420
9.80836009979	-1420
9.80841612816	-1264
9.80841898918	-1420
9.80845499039	-1316
9.80845808983	-1368
9.8159031868	-1420
9.81591415405	-1420
9.815980196	-1264
9.81598305702	-1420
9.81607103348	-1420
9.81607413292	-1264
9.8161110878	-1420
9.81611299515	-1420
9.816147089	-1264
9.82335305214	-1420
9.82342910767	-1420
9.82343316078	-1264
9.82371711731	543
9.82608318329	-1420
9.82608819008	-1420
9.82613110542	-1264
9.8481361866	-1420
9.8482811451	-1420
9.84828615189	-1264
9.84833908081	-1420
9.84834218025	-1316
9.84842920303	-1420
9.84844017029	-1420
9.84847617149	-1264
9.84847903252	-1368
9.8485121727	-1420
9.84851408005	-1420
9.8485481739	-1264
9.84855008125	-1420
9.84858608246	-1420
9.84858798981	-1264
9.85735106468	1057
9.89844918251	-410
9.90209817886	543
9.90931105614	-1420
9.9093401432	-1179
9.90951514244	543
9.92012619972	1057
9.9222869873	1057
9.9502351284	1057
9.96233105659	543
9.99880409241	543
9.99891519547	543
10.0074691772	-1420
10.0074779987	-1420
10.0075261593	-1264
10.0088641644	-1420
10.0089080334	-1420
10.0089120865	-1264
10.0114099979	-1368
10.0115699768	-1420
10.0116021633	-1316
10.0136930943	-1420
10.0137321949	-1316
10.013928175	-1368
10.0155642033	-1420
10.0155689716	-1316
10.035998106	1460
10.0361111164	111
10.037060976	-641
10.0527710915	-1420
10.0528380871	-1316
10.0620951653	543
10.0701010227	543
10.149515152	-1368
10.1507461071	-1420
10.1508090496	-1420
10.1508131027	-1264
10.1525101662	-1420
10.152515173	-1316
10.1528911591	-1420
10.1528949738	-1420
10.1529340744	-1264
10.1542999744	-1420
10.1543431282	-1420
10.1543450356	-1264
10.1549401283	-1368
10.1559350491	-1420
10.1559760571	-1316
10.1564161777	-1420
10.1564610004	-1420
10.1564640999	-1264
10.1565799713	1057
10.1578371525	-1420
10.1578421593	-1420
10.157886982	-1264
10.1595301628	-1368
10.1604261398	-1420
10.1604321003	-1316
10.1612200737	-1368
10.1636230946	-1420
10.1636559963	-1420
10.1636581421	-1264
10.1646811962	-1420
10.1646850109	-1316
10.1655921936	-1368
10.1690490246	-212
10.1818141937	-1420
10.1818351746	-1316
10.1821801662	-1368
10.1825129986	-1420
10.1825470924	-1316
10.1826841831	-1368
10.1840991974	-1420
10.1841051579	-1420
10.1841490269	-1264
10.1841521263	-1420
10.1841900349	-1316
10.1858050823	543
10.2004241943	1057
10.2113440037	-1057
10.212293148	1460
10.2123470306	111
10.2679331303	-1420
10.267950058	-1420
10.2680079937	-1264
10.2700960636	-1420
10.2701470852	-1316
10.2716090679	-1420
10.2716550827	-1420
10.2716591358	-1264
10.2729310989	-1368
10.2732141018	-1420
10.2732400894	-1316
10.2745501995	-1420
10.2745862007	-1316
10.2754349709	-1420
10.2754831314	-1420
10.2754859924	-1264
10.2772011757	543
10.2855651379	-1050
10.2862391472	-1420
10.2862830162	-1316
10.2864251137	-1368
10.2909641266	-1420
10.2909810543	-1316
10.2912709713	-1368
10.2914111614	543
10.3043551445	-1420
10.3043680191	-1316
10.3046760559	-1368
10.3061180115	-1420
10.3061599731	-1420
10.3061630726	-1264
10.3069751263	-1420
10.3069791794	-1316
10.3143839836	-1420
10.3143920898	-1420
10.3144421577	-1264
10.3159780502	-1420
10.3160200119	-1420
10.3160231113	-1264
10.317440033	-1368
10.3189501762	-1420
10.3189890385	-1316
10.3189921379	-1368
10.3202011585	-1420
10.3202049732	-1316
10.3215281963	-1368
10.3222939968	-1420
10.3223350048	-1316
10.3236510754	-1368
10.3238010406	543
10.324958086	-1420
10.3249640465	-1316
10.3259990215	-1368
10.3265080452	-1057
10.328207016	-1420
10.3282539845	-1420
10.3282580376	-1264
10.3292121887	-1420
10.3292160034	-1316
10.3305439949	-1368
10.3315811157	-1420
10.3316221237	-1316
10.3316881657	543
10.3705451488	-1420
10.370568037	-1420
10.3706381321	-1264
10.3706409931	-1420
10.3706860542	-1420
10.3706882	-1420
10.3707220554	-1420
10.3707251549	-1160
10.3707649708	-1420
10.3707680702	-1316
10.370800972	-1420
10.3708040714	-1420
10.3708381653	-1264
10.3710989952	-1420
10.3712611198	-1420
10.371265173	-1264
10.3713121414	-1420
10.3713150024	-1316
10.3713521957	-1368
10.3713541031	-1368
10.3713891506	-1420
10.371391058	-1316
10.3714251518	-1420
10.3714280128	-1420
10.3714630604	-1420
10.3714652061	-1420
10.3715000153	-1160
10.3715391159	543
10.3720121384	543
10.3966741562	1057
10.4141709805	1057
10.4210920334	-1420
10.4211220741	-1420
10.4212121964	-1420
10.4212150574	-1212
10.4212651253	-1420
10.4212691784	-1420
10.4213080406	-858
10.4215199947	543
10.4395260811	-1420
10.4395442009	-1420
10.4396049976	-1264
10.4605681896	-1420
10.4606280327	-1420
10.4606330395	-1264
10.4825279713	-1368
10.5307710171	-1368
10.537509203	-82
10.538036108	1057
10.56153512	-543
10.587580204	-543
10.6541202068	-543
10.6945230961	-1368
10.6955940723	1057
10.7708220482	-1347
10.7843661308	1057
10.7997779846	1057
10.8259460926	-1420
10.825963974	-1420
10.8260290623	-1264
10.8875660896	-95
10.8896241188	543
10.8903291225	1057
11.0046830177	-543
11.1395859718	-1420
11.139605999	-1420
11.139644146	-1264
11.1460051537	-1368
11.1609389782	-870
11.1655781269	-1420
11.1655931473	-1316
11.1828901768	543
11.1905140877	1057
11.1912682056	-1420
11.1912741661	-1316
11.1913449764	-1368
11.1944801807	543
11.1991569996	-1420
11.1991741657	-1316
11.2129511833	-543
11.269698143	-1368
11.2772669792	-538
11.2797710896	-1420
11.27977705	-1316
11.3247160912	-1368
11.3277401924	543
11.3404841423	543
11.3938291073	-609
11.5104231834	-543
11.5373690128	-1420
11.5373840332	-1420
11.537443161	-1264
11.5814270973	-1368
11.6269600391	-269
11.642701149	1057
11.7434151173	-543
11.9123420715	-1420
11.9123620987	-1420
11.9124190807	-1264
11.9133720398	-1420
11.9133780003	-1316
11.9134202003	-1368
11.913547039	543
11.9136431217	-1368
11.9137179852	543
11.9151861668	-1420
11.9151921272	-1316
11.937636137	-198
11.9527189732	-1368
11.9535930157	-1420
11.9536001682	-1316
11.9553360939	-1420
11.9553420544	-1420
11.9553930759	-1264
11.9570040703	-1420
11.9570569992	-1420
11.9570600986	-1264
11.9578661919	-1420
11.9578700066	-1316
11.9901790619	543
11.9927220345	543
12.0691840649	-575
12.101883173	-1420
12.1019530296	-1420
12.1019589901	-1264
12.1031970978	-1420
12.1032021046	-1316
12.1040771008	-1420
12.1040821075	-1316
12.1041409969	-1368
12.1042201519	543
12.1050291061	-1420
12.1050419807	-1420
12.1050691605	-1264
12.1271891594	-1368
12.145275116	-1420
12.1452941895	-1316
12.2184491158	-156
12.240593195	-1420
12.2406601906	-1420
12.2406680584	-1264
12.2427220345	-1420
12.2427370548	-1316
12.2437601089	-1420
12.243776083	-1420
12.2438380718	-1264
12.2440161705	543
12.2447211742	-1420
12.2447330952	-1420
12.2447810173	-1264
12.2451841831	-1368
12.2453951836	543
12.2663750648	-1420
12.2663900852	-1316
12.2665371895	-1368
12.28561306	-1420
12.2856831551	-1316
12.2856900692	-1368
12.3128540516	-1368
12.3307161331	-1420
12.3307831287	-1316
12.3569982052	-491
12.3572220802	543
12.4390599728	-1368
12.4399161339	-1368
12.4399781227	-1368
12.4557731152	-1420
12.4558110237	-1420
12.4558141232	-1264
12.4611949921	-1420
12.4612121582	-1420
12.4612381458	-1264
12.4666590691	-1420
12.466711998	-1420
12.4667150974	-1264
12.4697880745	-1420
12.4697930813	-1420
12.4698431492	-1264
12.4699239731	543
12.4709410667	-1420
12.4709451199	-1420
12.4709920883	-1264
12.4716870785	-1420
12.4717290401	-1420
12.4717321396	-1264
12.5038020611	-1420
12.5038130283	-1420
12.5038661957	-1264
12.5198771954	-528
12.520042181	543
12.5277581215	-1420
12.527764082	-1420
12.5278081894	-1264
12.5488641262	-1420
12.548913002	-1316
12.5533950329	-1368
12.5987200737	-1368
12.6371471882	-1363
12.637335062	543
12.6814651489	-543
13.733823061	1057
13.9457390308	-543
14.119781971	-543
14.4609620571	-543
14.7342720032	1057
14.9284141064	-543
15.7436289787	1057
