0	543
0.972270011902	-543
1.77577805519	543
2.00030207634	543
2.00041103363	543
2.28229308128	-543
2.28251409531	543
2.7829580307	-1420
2.78297615051	-1420
2.78303909302	-787
2.90597200394	-1420
2.90603113174	-1420
2.90605115891	-302
2.90833115578	543
2.90907096863	543
3.21420407295	-543
3.38021302223	-543
3.68208098412	-543
3.69470596313	543
3.9616920948	-543
4.00606203079	543
4.00616812706	543
4.18052601814	-543
4.1807179451	543
4.59439611435	-543
4.68096899986	-1368
4.68108797073	-1420
4.68114304543	-839
4.71330308914	-1420
4.71337103844	-1420
4.71337604523	-302
4.71535515785	543
4.71619510651	543
5.19851994514	-543
5.48706007004	-1420
5.48712897301	-1420
5.48716902733	-787
5.51358294487	-1420
5.5136320591	-694
5.55006098747	543
5.55271315575	543
5.56272006035	543
5.58014202118	543
5.60011100769	543
5.60608410835	543
5.88185405731	-543
5.88205909729	543
6.01982903481	-1057
6.02005195618	1057
6.10013008118	-543
6.15791010857	-543
6.15809702873	543
6.18044304848	-1420
6.18045711517	-1420
6.18051314354	-1330
6.18069314957	543
6.20544409752	-1420
6.20545911789	-1179
6.20768809319	543
6.20845508575	1460
6.20850205421	111
6.28364610672	-1368
6.28371810913	-1420
6.28376197815	-839
6.2839410305	543
6.30587315559	-1420
6.30589699745	-1420
6.30596113205	-787
6.30613398552	543
6.30812311172	543
6.38517904282	-1420
6.38520598412	-1420
6.38524508476	-787
6.38747000694	543
6.38937592506	543
6.48130893707	-1368
6.48132705688	-1420
6.48137307167	-839
6.50937509537	-1420
6.50945997238	-1420
6.50946497917	-302
6.52600693703	543
6.58113694191	-1420
6.58115315437	-1420
6.58120799065	-1420
6.58121109009	-938
6.59735202789	543
6.59800815582	543
6.68146800995	-1420
6.68148803711	-1420
6.68154501915	-1330
6.68170499802	-1420
6.68175315857	-1316
6.68175601959	-1345
6.682117939	-1420
6.68212199211	-1316
6.68216896057	-1420
6.68217110634	-14
6.70709013939	-1420
6.70710492134	-1420
6.70716810226	-1330
6.70774292946	-1368
6.70795297623	-1420
6.70795893669	-1420
6.70799899101	-51
6.70807695389	543
6.70837497711	-1420
6.7083799839	-1420
6.7084209919	-1241
6.70889496803	-1420
6.70894002914	-1420
6.70894193649	-1330
6.70946502686	-1420
6.70947003365	-1420
6.70950198174	-1330
6.71072292328	-1420
6.71077013016	-1420
6.71077299118	-1419
6.71086406708	543
6.71107292175	-1368
6.71107697487	-1420
6.71109700203	-1293
6.73111701012	-1420
6.73118495941	-1420
6.7311899662	-1330
6.73132205009	-1420
6.73132514954	-1420
6.73136210442	-1330
6.73152112961	543
6.78125	-1420
6.78128409386	-1316
6.78132510185	-1420
6.78132915497	-1420
6.78134608269	-51
6.78147292137	-1420
6.78153395653	-1293
6.78166294098	-1420
6.78170895576	-1316
6.78178811073	-1420
6.78181695938	-14
6.78361797333	-1420
6.78364801407	-1420
6.78365206718	-1330
6.78450202942	-1420
6.78450703621	-1316
6.78454709053	-1420
6.78454995155	-103
6.78499603271	-1420
6.78500008583	-1316
6.78511404991	-1345
6.78546309471	-1420
6.78546714783	-1420
6.7854681015	-1330
6.78559494019	-1420
6.78559803963	-1420
6.7855989933	-1330
6.79636693001	543
6.8060541153	-1420
6.80606913567	-1420
6.80612301826	-1419
6.80612492561	-1420
6.8061671257	-151
6.81617093086	543
6.81839203835	543
6.84613108635	543
6.96239495277	-543
6.98101305962	-543
7.1054110527	-543
7.23524713516	-543
7.23549199104	543
7.3820309639	-1420
7.38208913803	-1420
7.38211011887	-787
7.38254904747	-1420
7.38258695602	-1420
7.38262200356	-1241
7.43928599358	-543
7.4460670948	543
7.51994514465	-89
8.00083398819	543
8.00093698502	543
8.21726202965	-543
8.3812789917	-543
8.38198208809	543
8.50616407394	-1086
8.50733804703	543
8.68174815178	-543
8.81934905052	-1057
8.81985497475	1460
8.81991696358	625
8.83662295341	543
8.91664600372	543
8.92694211006	543
8.94632792473	543
8.94991898537	543
8.97026610374	1057
8.98092412949	-1420
8.98093509674	-1420
8.98099207878	-787
8.98145103455	-1420
8.98152399063	-1420
8.98152709007	-1241
8.98156404495	-1420
8.9815659523	-1420
8.98160004616	-1330
9.00623202324	-1420
9.00629210472	-1420
9.00629615784	-1330
9.00632214546	-1420
9.00632405281	-1297
9.01680612564	543
9.09891200066	543
9.18213701248	-1420
9.1821539402	-1420
9.18221902847	-787
9.18222212791	-1420
9.18229198456	-1420
9.18229603767	-1241
9.18256402016	-1420
9.18256807327	-1316
9.18263506889	-1420
9.18263792992	-14
9.18302798271	-1420
9.1830329895	-1420
9.1830739975	-1330
9.28218913078	-1420
9.28220415115	-1420
9.28226804733	-1420
9.28227114677	-542
9.28252601624	543
9.28268003464	-1420
9.28269195557	-1420
9.28273200989	-1241
9.28281497955	543
9.28324007988	-1368
9.28339910507	-1420
9.28344297409	-1382
9.28361201286	-1420
9.2836420536	-1316
9.28364396095	-1420
9.2836689949	-14
9.28470492363	-1420
9.28474593163	-1420
9.28474807739	-1419
9.28538012505	-1420
9.28538393974	-1420
9.28542399406	-1241
9.28613901138	-1420
9.28617811203	-1420
9.28618097305	-1330
9.2867269516	-1420
9.28673005104	-1316
9.28677105904	-1420
9.28677415848	-14
9.29685306549	543
9.29745602608	543
9.29780912399	543
9.30624294281	-1420
9.30627608299	-1420
9.30637598038	-1419
9.30637812614	-1420
9.30641508102	-1420
9.30641794205	-1241
9.30678009987	-1420
9.30678296089	-1420
9.30682015419	-1419
9.30693507195	-1420
9.30697202682	-151
9.30731105804	-1420
9.3073489666	-665
9.30831193924	-1420
9.30835199356	-694
9.30868411064	543
9.38030910492	-1420
9.38032913208	-1179
9.38054609299	-1420
9.3805501461	-1316
9.38058805466	-1345
9.38076710701	-1420
9.38080310822	-1420
9.38080596924	-1330
9.38087797165	-1420
9.38088107109	-1316
9.38102698326	-1420
9.38103103638	-14
9.38279914856	-1420
9.38280296326	-240
9.38329195976	-1420
9.38330411911	-665
9.38337302208	-1420
9.38337492943	-1420
9.38340997696	-1241
9.38369393349	-1420
9.38369703293	-1420
9.3836979866	-1330
9.38389515877	-1420
9.38389801979	-1316
9.38397407532	-1420
9.38397693634	-14
9.38408899307	543
9.3841240406	-1420
9.38420605659	-754
9.38423800468	543
9.38452196121	-1420
9.38452506065	-1420
9.38456296921	-787
9.38500094414	-1420
9.38504505157	-1420
9.38504815102	-1241
9.38529896736	-1420
9.38530397415	-1420
9.38534498215	-1330
9.38542509079	543
9.38556408882	-1420
9.38556909561	-754
9.38594603539	-1420
9.38595104218	-665
9.38602304459	543
9.40680503845	-1420
9.4068210125	-1420
9.40688514709	-1241
9.40807294846	-1420
9.40810513496	-1420
9.40810704231	-1419
9.40927004814	-1420
9.40927600861	-665
9.40941905975	-1420
9.40942215919	-665
9.4133939743	543
9.44388604164	-543
9.48059892654	-1420
9.48065710068	-1420
9.4806599617	-787
9.4807779789	-1420
9.48078107834	-1420
9.48081803322	-787
9.48117995262	-1420
9.48122096062	-1420
9.48122406006	-1241
9.48167896271	-1420
9.4816839695	-1316
9.48178911209	-1420
9.48179197311	-14
9.48359203339	-1420
9.48359704018	-1420
9.48362803459	-1419
9.4842710495	-1420
9.48431515694	-1420
9.48431801796	-1241
9.48471713066	-1420
9.48473095894	-1316
9.48477196693	-1420
9.48478507996	-14
9.48489904404	543
9.48528599739	-1420
9.48529100418	-1316
9.48539304733	-1420
9.48539614677	-14
9.48671603203	-1420
9.48672103882	-1420
9.48676204681	-1419
9.48760294914	-1420
9.48762798309	-1420
9.48763012886	-1241
9.48826408386	-1420
9.48826909065	-1420
9.48830914497	-876
9.48911309242	-1420
9.48915600777	-1420
9.48915910721	-1241
9.48926210403	543
9.49027013779	-1420
9.49027514458	-1420
9.49031615257	-1264
9.49042606354	-155
9.49053406715	543
9.49082493782	-1420
9.49082994461	-1316
9.4909119606	-1345
9.49131512642	-1420
9.4913380146	-1268
9.49199295044	-1420
9.49201798439	-151
9.49222302437	-1420
9.49226999283	-1420
9.49227309227	-1241
9.50800704956	-1420
9.50802707672	-1420
9.50808405876	-1419
9.5080871582	-1420
9.50812315941	-151
9.50825309753	-1420
9.50827503204	-1179
9.50893902779	-1420
9.5089609623	-1208
9.50983405113	-1420
9.50985693932	-694
9.50992393494	-1420
9.50994610786	-665
9.51001310349	543
9.58230900764	-1420
9.58232402802	-1420
9.58238601685	-1420
9.58238911629	-878
9.58278012276	-1420
9.58278512955	-1420
9.58282804489	-1330
9.58329296112	-1420
9.58334493637	-1420
9.58334708214	-1330
9.58373498917	-1420
9.58373999596	-1420
9.58378100395	-362
9.58386397362	543
9.58429694176	-1420
9.58430194855	-1420
9.58434104919	-1420
9.58434414864	-878
9.58445096016	-1420
9.58460998535	-1316
9.58464097977	-1420
9.58464407921	-14
9.58472514153	-1368
9.58479499817	543
9.5848300457	-1368
9.58501601219	-1420
9.58504915237	-1382
9.58505105972	-1420
9.58506798744	-414
9.58543610573	-1420
9.58547711372	-1420
9.58547902107	-1420
9.58551597595	-364
9.58597207069	-1420
9.58601498604	-1316
9.58601713181	-1420
9.5860440731	-14
9.58641409874	-1420
9.58645701408	-1420
9.58646011353	-1330
9.58697915077	-1420
9.58698415756	-1420
9.58702397346	-876
9.58709597588	543
9.58783006668	-1420
9.58783507347	-1420
9.58785700798	-1420
9.5878610611	-364
9.5883641243	-1420
9.58836913109	-1420
9.58840894699	-1330
9.58870601654	-1420
9.58873105049	-1420
9.58873414993	-1330
9.60740804672	-1420
9.60741400719	-1420
9.60746407509	-876
9.60772514343	-1420
9.60780000687	-1420
9.60781407356	-1241
9.60786008835	-1420
9.6078619957	-1316
9.60791397095	-1420
9.60791707039	-14
9.60802006721	543
9.60824394226	-1420
9.60825514793	-1420
9.60828495026	-1330
9.60836815834	543
9.60917115211	-1420
9.60917615891	-1420
9.60921597481	-1330
9.61043405533	-1420
9.61047792435	-1420
9.61048102379	-1330
9.61150193214	-1420
9.61150693893	-1420
9.61154794693	-1330
9.6117169857	-1420
9.61175894737	-1420
9.61176204681	-1330
9.613270998	-1420
9.61327600479	-1420
9.61331701279	-1330
9.61342310905	-1420
9.61346197128	-1420
9.61346411705	-876
9.61365413666	1460
9.61369895935	625
9.61392092705	-1420
9.61392712593	-1316
9.61395001411	-1420
9.61395311356	-14
9.61410093307	543
9.61415815353	-1420
9.61416006088	-665
9.61426711082	1057
9.6143040657	-1420
9.61430597305	-665
9.61456012726	-1420
9.61456513405	-151
9.6146941185	-1420
9.61469912529	-1179
9.61594510078	-1420
9.61595106125	-665
9.63387298584	-1420
9.6338789463	-665
9.63613915443	-1420
9.63614606857	-665
9.6809630394	-1420
9.68097400665	-665
9.6811311245	543
9.68122911453	-1420
9.68124198914	-1420
9.68128705025	-1241
9.6816470623	-1420
9.68169212341	-1420
9.68169403076	-1330
9.68193912506	-1420
9.68194413185	-1420
9.68198394775	-876
9.68205094337	543
9.68238401413	-1420
9.68238902092	-1179
9.68304014206	-1420
9.68304514885	-151
9.68433213234	-1420
9.68433594704	-1420
9.68437600136	-1241
9.68552899361	-1420
9.68555092812	-1420
9.68555402756	-1330
9.6867980957	-1420
9.68680405617	-1420
9.68683409691	-1330
9.68761515617	-1420
9.68764400482	-1268
9.68879914284	-1420
9.68882107735	-151
9.6899960041	-1420
9.69004511833	-1420
9.69004797935	-1241
9.69117307663	-1420
9.69117808342	-1420
9.69121813774	-1330
9.6916680336	543
9.69208407402	-1420
9.69208812714	-1420
9.69212794304	-1330
9.69231104851	543
9.69308805466	-1420
9.69309306145	-1268
9.69531798363	-1420
9.69532394409	-1420
9.69536399841	-1264
9.69536709785	-1034
9.69665813446	-1420
9.69666194916	-1420
9.69670200348	-1330
9.69971704483	1057
9.69985699654	543
9.70778393745	-1420
9.70779013634	-1316
9.70781612396	-1420
9.70781803131	-14
9.70814013481	-1420
9.7081451416	-1268
9.70868301392	-1420
9.70868897438	-151
9.70933508873	-1420
9.70934009552	-1420
9.70937895775	-1241
9.71000695229	-1420
9.71005010605	-1316
9.71015810966	-1420
9.7101919651	-14
9.71077513695	-1420
9.71081495285	-1316
9.71087813377	-1420
9.71091604233	-103
9.71104001999	-1420
9.71108603477	-1420
9.71108794212	-1241
9.71204209328	-1420
9.71204614639	-1420
9.71207404137	-876
9.72470998764	-543
9.7514269352	-1057
9.75157999992	1057
9.78053402901	-1420
9.78054499626	-1420
9.78057909012	-787
9.78094911575	-1420
9.78100204468	-1316
9.78113007545	-1420
9.78116297722	-1293
9.78126502037	-1420
9.78128504753	-1382
9.78235507011	-1420
9.78239703178	-1420
9.78240013123	-1330
9.78295302391	-1420
9.78295612335	-1316
9.78304696083	-1420
9.78305006027	-103
9.7835650444	-1420
9.78356909752	-1420
9.78360700607	-1241
9.78391599655	-1420
9.78394603729	-1316
9.78402113914	-1420
9.78405809402	-14
9.78459715843	-1420
9.78462696075	-1420
9.78462910652	-1330
9.78589892387	-1420
9.78590202332	-1420
9.78594112396	-1419
9.78618311882	-1420
9.78618597984	-1420
9.78618812561	-1241
9.78647994995	-1420
9.78648304939	-1420
9.78648495674	-1330
9.78667092323	-1420
9.78667593002	-1316
9.7867770195	-1420
9.78678107262	-14
9.78776407242	543
9.78793501854	543
9.80560994148	-1420
9.80562210083	-1297
9.81536102295	543
9.8805911541	-1420
9.88060903549	-1420
9.88065600395	-787
9.88065910339	-1420
9.88067698479	-1420
9.88067913055	-1241
9.88083100319	-1420
9.8808350563	-1420
9.88087296486	-1330
9.88270807266	-1420
9.88275194168	-1420
9.88275504112	-1330
9.88331508636	-1420
9.88332009315	-1316
9.88344907761	543
9.88351011276	-1420
9.88351202011	-103
9.88381409645	-1420
9.88381910324	-1420
9.88385915756	-1241
9.88432908058	-1420
9.88437199593	-1420
9.88437414169	-1330
9.88447594643	543
9.88493895531	-1420
9.88494300842	-1316
9.88501214981	-1420
9.88502407074	-14
9.88589406013	-1420
9.88589906693	-1316
9.88595104218	-1420
9.88595294952	-103
9.88628315926	-1420
9.88628792763	-1420
9.88630795479	-1241
9.88674592972	-1420
9.88678908348	-1420
9.88679099083	-1330
9.88709807396	-1420
9.88710308075	-1420
9.88714504242	-1330
9.8882830143	-1420
9.88832592964	-1420
9.88832902908	-1419
9.88844013214	543
9.88858604431	-1420
9.8885910511	-1420
9.88863110542	-1241
9.88905501366	-1420
9.889097929	-1420
9.88910102844	-1330
9.88928604126	-1420
9.88929104805	-1420
9.88933110237	-362
9.90950298309	-1420
9.90952801704	-1420
9.90953111649	-816
9.90963602066	543
9.9263920784	1057
9.98216104507	-1420
9.98218107224	-1420
9.98225212097	-787
9.982681036	-1368
9.98288297653	-1420
9.98288702965	-1293
9.98385214806	-1420
9.98385715485	-1420
9.98390007019	-1330
9.98496794701	-1420
9.98501300812	-1420
9.98501610756	-1330
9.98562908173	543
9.98741698265	-1420
9.98742294312	-1316
9.98747014999	-1420
9.98747301102	-103
9.99094200134	-1420
9.99095392227	-1420
9.99100804329	-1241
9.99176096916	543
9.99404501915	-1420
9.99405097961	-1420
9.99409508705	-1330
9.99416995049	543
9.99640512466	-1420
9.99642205238	-1316
9.99646806717	-1420
9.99647092819	-14
9.99717593193	543
9.99740314484	543
10.0005829334	543
10.0062849522	1057
10.0104310513	-1420
10.010445118	-1420
10.0104820728	-1419
10.0248689651	-1368
10.0249400139	-1368
10.02501297	-1345
10.0312941074	-1420
10.0312991142	-1420
10.0315690041	-1330
10.035588026	-1420
10.0356149673	-240
10.037610054	543
10.0802271366	-1420
10.0802400112	-1420
10.0803029537	-787
10.0804979801	543
10.0808799267	-1420
10.0808861256	-1420
10.0809960365	-1241
10.0809979439	-1420
10.0810360909	-1316
10.0810389519	-1420
10.0810749531	-14
10.0811550617	543
10.0864100456	543
10.0959830284	543
10.1350960732	-1146
10.1369659901	543
10.1377551556	543
10.2888951302	-1368
10.2889659405	-1420
10.2890100479	-839
10.2903561592	-1420
10.2904009819	-1420
10.2904040813	-1241
10.2922129631	-1420
10.2922179699	-1420
10.292263031	-1330
10.2938370705	-1420
10.2938799858	-1420
10.2938830853	-362
10.3079221249	-1420
10.3079280853	-1420
10.307970047	-1330
10.3803091049	-1420
10.3803179264	-1420
10.3803610802	-787
10.3805711269	-1420
10.380573988	-1420
10.380573988	-1241
10.380603075	543
10.3806951046	-1420
10.3806970119	-1420
10.3806979656	-1330
10.3817851543	-1420
10.3817911148	-1420
10.3818321228	-1330
10.382379055	-1420
10.382422924	-1420
10.3824250698	-1419
10.3824911118	-1420
10.3824930191	-1316
10.382600069	-1345
10.3828790188	-1420
10.3829209805	-1316
10.3829541206	-1420
10.3829810619	-14
10.3830630779	1057
10.3831729889	-1420
10.3831779957	-1420
10.3832070827	-1330
10.3839850426	-1420
10.3840489388	-1316
10.3840610981	-1420
10.384098053	-103
10.3848631382	-1420
10.3849070072	-1420
10.3849101067	-1241
10.3858921528	-1420
10.3859059811	-1316
10.3859410286	-1420
10.385944128	-14
10.3864059448	-1420
10.3864109516	-1420
10.3864519596	-1330
10.3879489899	-1420
10.3879981041	-1420
10.3880009651	-1419
10.3888311386	-1420
10.3888361454	-1420
10.3888771534	-1241
10.3889400959	543
10.3900260925	-1420
10.3900310993	-1420
10.3900620937	-1330
10.3906619549	-1368
10.3908250332	-1420
10.3908381462	-1382
10.4070651531	-1420
10.4070799351	-1420
10.4071290493	-1420
10.4071321487	-1056
10.4076709747	-1420
10.4076759815	-1420
10.4077150822	-1420
10.4077179432	-1420
10.407761097	-1420
10.4077630043	-697
10.4078941345	543
10.4080300331	-1420
10.4080350399	-1316
10.4081130028	-1420
10.4081151485	-14
10.408219099	543
10.4821069241	-1420
10.4821181297	-1420
10.4821751118	-1330
10.4825489521	-1420
10.4826009274	-1420
10.4826059341	-1241
10.4835219383	-1420
10.4835281372	-1420
10.4835500717	-1330
10.4844501019	-1420
10.4844851494	-1420
10.4844880104	-1330
10.4862930775	-1420
10.4862980843	-1316
10.4865000248	-1420
10.4865031242	-103
10.4873099327	-1420
10.4873139858	-1420
10.4873509407	-1241
10.4887001514	-1420
10.4887421131	-1420
10.4887449741	-1330
10.4893770218	-1420
10.4893801212	-1420
10.4894070625	-1330
10.4912130833	-1420
10.4912610054	-1420
10.4912641048	-1419
10.4920110703	543
10.5060720444	-1420
10.5060911179	-1420
10.5061309338	-787
10.5806241035	-1420
10.5806410313	-665
10.698579073	-543
10.8196310997	543
11.0610561371	543
11.0611541271	1460
11.0611960888	1139
11.0639481544	1460
11.0639970303	111
11.0640499592	543
11.0651760101	543
11.1998500824	-543
11.4090270996	-1420
11.4091031551	-1420
11.4091410637	-787
11.4093239307	543
11.4156630039	-1420
11.4156680107	-1420
11.4157180786	-1241
11.4259910583	-1420
11.4260399342	-1420
11.4260449409	-1330
11.4343640804	-1420
11.4343709946	-1420
11.434415102	-1330
11.4501869678	-1420
11.4502589703	-1420
11.4502639771	-1419
11.4926531315	-1420
11.4926681519	-1420
11.4927239418	-1330
11.4975450039	-1420
11.497590065	-1420
11.497592926	-1241
11.4997601509	543
11.5038559437	-1420
11.5038721561	-1316
11.5039219856	-1420
11.5039250851	-14
11.50842309	-1420
11.5084321499	-1420
11.5084650517	-1330
11.5147359371	-1420
11.5147910118	-1316
11.5147941113	-1420
11.5148410797	-103
11.5181689262	-1420
11.5182380676	-1420
11.5182471275	-1241
11.5204000473	-1420
11.5204031467	-1316
11.5204689503	-1420
11.5204811096	-14
11.5227251053	-1420
11.5227291584	-1316
11.5227940083	-1420
11.5228049755	-14
11.5261659622	543
11.5268220901	-1420
11.5268280506	-1420
11.5268721581	-1419
11.5272490978	543
11.5286540985	-1368
11.5288341045	-1420
11.5288789272	-1293
11.5304470062	-1420
11.5304920673	-1420
11.5304949284	-1330
11.5323851109	-1420
11.5323901176	-1420
11.5324311256	-1330
11.5361289978	-1420
11.5361640453	-1420
11.5361671448	-1419
11.5380051136	-1420
11.5380110741	-1420
11.5380499363	-1241
11.538118124	543
11.5397541523	-1420
11.5397591591	-1420
11.5398011208	-1330
11.5433211327	-1420
11.5433650017	-1420
11.5433671474	-1419
11.5446300507	-1420
11.5446341038	-1420
11.5446720123	-787
11.548789978	-1420
11.5488319397	-1420
11.5488340855	-1330
11.5540530682	-1420
11.554058075	-1420
11.5540990829	-302
11.5579810143	-1420
11.5580220222	-694
11.5596661568	-1420
11.559705019	-665
11.5598249435	543
11.5834429264	-1420
11.5834510326	-1420
11.583507061	-1420
11.583509922	-878
11.585062027	-1368
11.5851991177	-1420
11.5852479935	-1382
11.5865809917	-1368
11.5866980553	-1420
11.5867021084	-1382
11.5876400471	-1420
11.5876431465	-1420
11.5876810551	-362
11.5878219604	543
11.5880510807	543
11.607558012	-1420
11.6075739861	-1420
11.6076319218	-1420
11.6076340675	-878
11.6078829765	543
11.6651051044	-543
11.68623209	-632
11.6864800453	543
11.68663311	543
11.6905760765	1057
11.6908280849	1057
11.789935112	-543
11.8622069359	543
11.9805231094	-1420
11.9805400372	-1420
11.9806051254	-1420
11.9806079865	-1420
11.9806520939	-1420
11.9806549549	-608
11.9921660423	543
11.992577076	543
12.0006430149	543
12.005687952	-1420
12.0057029724	-1420
12.0057580471	-1330
12.0196800232	543
12.019865036	-543
12.0200200081	543
12.0203919411	1057
12.0379879475	543
12.0383191109	1057
12.0764341354	543
12.0766580105	543
12.0805139542	-1420
12.080520153	-1420
12.0805640221	-1419
12.0806760788	-1420
12.080714941	-1316
12.0807521343	-1345
12.0810010433	-1420
12.0810050964	-1316
12.0812060833	-1420
12.0812110901	-14
12.0825791359	-1420
12.0825841427	-1420
12.0826239586	-1330
12.0827059746	543
12.082942009	-1420
12.082955122	-1316
12.0829939842	-1420
12.08299613	-103
12.0832350254	-1420
12.0832540989	-1316
12.0832850933	-1345
12.0833570957	543
12.0836019516	-1420
12.0836150646	-1420
12.0836551189	-1330
12.08365798	-1368
12.0837600231	-1420
12.0837640762	-1382
12.08396101	-1420
12.083974123	-1316
12.0840380192	-1420
12.0840489864	-103
12.0844900608	-1420
12.0844950676	-1420
12.0845351219	-1241
12.0845849514	-1420
12.0846209526	-1420
12.084624052	-1330
12.0847539902	543
12.0849170685	-1420
12.0849199295	-240
12.0853879452	-1420
12.085392952	-1179
12.0856320858	-1420
12.0856361389	-1420
12.0856721401	-787
12.0856750011	-1420
12.0857470036	-1420
12.085750103	-273
12.0916371346	543
12.1446559429	-543
12.1581189632	-543
12.1655590534	543
12.1812989712	-1420
12.1813139915	-1420
12.1813681126	-787
12.1813800335	-1420
12.1814329624	-1420
12.1814360619	-1241
12.1814889908	-1420
12.1814930439	-1316
12.1815390587	-1420
12.1815500259	-1382
12.1816310883	-1420
12.1816339493	-1382
12.1842310429	-1420
12.1842410564	-1420
12.1842930317	-1419
12.1961901188	543
12.2062981129	-1420
12.2063081264	-1420
12.2063379288	-1241
12.216078043	543
12.2834529877	-1420
12.2834711075	-1420
12.2835350037	-1264
12.2835390568	-155
12.283823967	-1420
12.2838671207	-1420
12.2838699818	-1241
12.2844150066	-1420
12.2844181061	-1420
12.2844560146	-1330
12.2848529816	-1420
12.2848820686	-1420
12.284883976	-1330
12.2857401371	-1420
12.2857451439	-1316
12.2858171463	-1420
12.2858200073	-103
12.3540019989	-1057
12.3804540634	-1420
12.3805270195	-1420
12.38053298	-273
12.4762029648	1057
12.4808330536	-1420
12.4808471203	-1420
12.4809279442	-787
12.4809310436	-1420
12.4809689522	-1420
12.4809720516	-1241
12.4811179638	-1420
12.4811210632	-1316
12.4812550545	-1420
12.4812591076	-14
12.4831969738	-1420
12.4832041264	-1420
12.4832530022	-1330
12.4839420319	-1420
12.4840171337	-1316
12.4840209484	-1420
12.4840590954	-103
12.4848339558	-1420
12.4848740101	-1420
12.4848761559	-1241
12.4853589535	-1420
12.4853711128	-1316
12.4854099751	-1420
12.4854121208	-14
12.4857721329	-1368
12.4860329628	-1420
12.4860730171	-1382
12.4862151146	543
12.4863500595	543
12.4868109226	-1420
12.4868159294	-1420
12.4868540764	-1419
12.4871621132	-1420
12.4871809483	-1420
12.487183094	-1241
12.4881989956	-1420
12.488202095	-1420
12.4882440567	-362
12.506072998	-1420
12.5061340332	-694
12.5096609592	543
12.5816690922	-1420
12.5816869736	-1420
12.5817430019	-273
12.5822629929	-1420
12.5823090076	-1420
12.5823121071	-1241
12.5834150314	-1420
12.5834209919	-1420
12.5834619999	-1330
12.5847620964	-1420
12.5848071575	-1420
12.5848100185	-1330
12.5868589878	-1420
12.5868620872	-1420
12.5868999958	-1264
12.5869750977	-155
12.5878360271	-1420
12.5878660679	-1420
12.5878689289	-787
12.5886719227	-1420
12.5886750221	-1420
12.5887100697	-1241
12.5894260406	-1420
12.5894451141	-1420
12.5894479752	-1330
12.589828968	-543
12.5902619362	-1368
12.5903680325	-292
12.5912389755	-1420
12.591242075	-1179
12.5920441151	-1420
12.5920479298	-1420
12.5920500755	-1241
12.5921330452	-1420
12.5921349525	-1316
12.5922589302	-1420
12.5922629833	-14
12.5922939777	543
12.592443943	543
12.593280077	-1420
12.5932860374	-1420
12.5933289528	-1330
12.5944309235	-1420
12.5944781303	-1297
12.6065371037	-1420
12.6065809727	-151
12.6434409618	-543
12.6812150478	-1420
12.6812319756	-1420
12.6813280582	-1420
12.6813321114	-1420
12.6813700199	-32
12.698102951	543
12.7147009373	-543
12.7783269882	1057
12.7789549828	543
12.7806739807	-543
12.879627943	-543
12.8798489571	543
12.9181289673	-543
13.1069500446	-543
13.1071441174	543
13.2055239677	-1420
13.2055430412	-665
13.2057831287	543
13.2166690826	543
13.2224681377	1057
13.3800330162	-543
13.4807641506	-1420
13.4807851315	-1420
13.4808499813	-273
13.4828710556	543
13.4834930897	1057
13.5169389248	-543
13.5805389881	-1420
13.5805561543	-1420
13.5806100368	-787
13.5807869434	543
13.6813371181	-543
13.6820471287	1460
13.682101965	111
13.7178590298	-543
13.720772028	543
13.7235059738	543
13.7805409431	-1420
13.7805600166	-1420
13.7806141376	-1420
13.7806179523	-1420
13.7806529999	-683
13.7806560993	-1345
13.8552091122	-89
13.9809319973	-1420
13.980948925	-1420
13.981003046	-1420
13.9810070992	-1420
13.9810421467	-546
13.9813289642	543
13.9844260216	543
13.9988329411	543
14.0924069881	-543
14.2300360203	-1057
14.2828600407	-1420
14.2828760147	-1420
14.2829389572	-787
14.2830319405	-1368
14.283105135	-1420
14.2831070423	-1293
14.2836670876	-1420
14.2836720943	-1316
14.2836949825	-1420
14.2836971283	-14
14.284099102	-1420
14.2841050625	-1420
14.284142971	-1330
14.2851691246	-1420
14.2851750851	-1420
14.2852170467	-1419
14.2858550549	-1420
14.2858600616	-1420
14.2859020233	-1241
14.2860209942	543
14.308619976	-1420
14.3086349964	-1268
14.3815510273	-1420
14.381567955	-1420
14.3816239834	-787
14.3817870617	-1420
14.3818359375	-1420
14.3818390369	-1241
14.3824779987	-1420
14.3824830055	-1316
14.3826320171	-1420
14.3826360703	-14
14.3840520382	-1420
14.3840579987	-1316
14.3841490746	-1420
14.3841519356	-14
14.3850131035	-1420
14.3850181103	-1420
14.3850550652	-1419
14.3854119778	-1420
14.3854551315	-1420
14.3854579926	-1241
14.3855669498	1057
14.3859460354	-1420
14.3859579563	-1420
14.385997057	-1330
14.386439085	-1420
14.3864820004	-1420
14.3864850998	-1330
14.3891069889	-1420
14.3891119957	-1316
14.3891501427	-1420
14.3891530037	-103
14.3903980255	-1420
14.3904030323	-1420
14.3904440403	-1241
14.3912501335	-1420
14.3912920952	-1420
14.3912949562	-876
14.3929820061	-1420
14.3929951191	-1316
14.3930280209	-1420
14.3930311203	-468
14.3931679726	543
14.394931078	-1420
14.3949370384	-754
14.4054410458	-1420
14.4054560661	-665
14.4816861153	-1368
14.4817049503	-1420
14.4817509651	-1293
14.4820599556	-1420
14.4821021557	-1420
14.4821050167	-1330
14.4821910858	-1420
14.4821929932	-1316
14.4823191166	-1420
14.4823229313	-14
14.4827179909	-1420
14.4827229977	-1420
14.482763052	-876
14.5061731339	-1420
14.5062530041	-1420
14.5062580109	-1330
14.506426096	1057
14.6191699505	-1057
14.8780789375	-543
15.0028691292	-543
15.0042209625	1057
15.2834811211	-1420
15.2835650444	-1420
15.2836041451	-787
15.3054490089	-1420
15.3054990768	-665
15.3263981342	1057
15.6806740761	-1368
15.6806941032	-1420
15.6807410717	-839
15.681014061	-1420
15.6810569763	-1420
15.6810691357	-1420
15.6811051369	-1420
15.6811079979	-1137
15.6811420918	-1420
15.6811449528	-14
15.6813890934	543
15.8184630871	-1146
15.8497560024	543
16.1838469505	-1420
16.1838729382	-1420
16.1839110851	-787
16.3067090511	-1420
16.306787014	-180
17.0071310997	1057
17.3028199673	-543
19.6022660732	-543
20.0021281242	543
