0	-543
3.50215196609	543
3.88172793388	543
3.90535092354	543
4.23599886894	-543
4.29390406609	-543
4.49602890015	-543
4.50943088531	1057
4.59661889076	-543
4.87503695488	-543
5.00523090363	-543
5.01869797707	-1420
5.01876592636	-1316
5.0187959671	-1368
5.11851406097	-66
5.23278808594	-1086
5.23528790474	543
5.23865103722	543
5.24067902565	543
5.24117588997	543
5.24502396584	543
5.46374702454	-543
5.4728500843	-543
5.55201005936	-543
5.60329008102	-1380
5.60399603844	-1420
5.60406804085	-313
5.70377993584	-543
5.87552189827	-543
5.87635087967	-1420
5.87641906738	-1316
5.87650799751	-1368
5.98796391487	-1152
5.98976802826	543
6.287940979	-543
6.28859996796	543
6.64675307274	-543
6.65617203712	543
6.97691702843	-543
6.99234199524	543
7.29028391838	-543
7.32801008224	543
7.67436003685	-543
7.68568205833	543
8.07480192184	-543
8.08258199692	543
8.09151101112	543
8.49294996262	-543
8.70030808449	-1420
8.70037388802	-151
8.74513697624	-1420
8.74518799782	-1340
8.83819890022	-353
8.90293002129	-1420
8.90300893784	-1340
8.92994999886	-1420
8.93000006676	-1340
8.95696592331	-1420
8.95702290535	-1340
8.9612569809	543
8.97618103027	-1059
9.01627588272	1057
9.01893496513	1057
9.1059858799	-1420
9.10603904724	-1340
9.10683703423	-1420
9.10685896873	-1340
9.12905192375	-1420
9.12906908989	-1420
9.12912607193	-1300
9.12912893295	-1420
9.12916398048	-1340
9.13312602043	-1420
9.13314795494	-1340
9.13329005241	543
9.15918588638	-899
9.16127300262	-543
9.16281795502	-1380
9.17213892937	1057
9.18099808693	-1368
9.18237686157	-1420
9.18245196342	-1316
9.18260002136	543
9.18919897079	-1368
9.18921494484	-1368
9.2735619545	-45
9.27797007561	543
9.30089187622	-1219
9.31030392647	-1420
9.31034708023	-1340
9.31100296974	-1420
9.31104803085	-1420
9.31105208397	-1300
9.32255601883	-1368
9.32447504997	-1420
9.32454299927	-1316
9.32859301567	-1368
9.32994389534	-1368
9.33702087402	-1380
9.36416101456	-1380
9.36454892159	-1420
9.36455488205	-1340
9.38912200928	-559
9.3937420845	543
9.39760088921	1460
9.39779090881	1460
9.39788389206	1161
9.39808893204	603
9.4488530159	-575
9.50149297714	-543
9.55625700951	-1368
9.55671191216	-1368
9.55677509308	-1368
9.57012796402	-1368
9.61394190788	-356
9.61838197708	543
9.61955785751	543
9.73116993904	-543
9.86306095123	-543
9.9632730484	-1420
9.96330189705	-1316
9.96353387833	-1420
9.96354198456	-1316
9.96358799934	-1420
9.96359395981	-1316
9.9742410183	-1368
9.97425603867	-1368
9.97432589531	-1368
9.97453904152	-1368
9.97459101677	-1368
10.0153989792	-1420
10.0154159069	-1316
10.075824976	-1420
10.0758550167	-1316
10.0760359764	-1368
10.0760450363	-1368
10.0761449337	-1368
10.0761539936	-1368
10.0762588978	-1368
10.0764830112	-1420
10.076540947	-1316
10.0765509605	-1368
10.0768890381	-1368
10.0768990517	-1368
10.077008009	543
10.0777158737	543
10.0870149136	-1420
10.0870299339	-1316
10.087086916	-1368
10.0872979164	-1368
10.0873479843	-1368
10.0875248909	-1368
10.0875709057	-1368
10.0877258778	-1368
10.1270520687	-1420
10.1270689964	-1316
10.1289689541	-1368
10.1289839745	-1368
10.1290540695	-1368
10.1292119026	-1368
10.1294109821	543
10.1882190704	-1420
10.1882359982	-1316
10.1885678768	-1420
10.1885800362	-1420
10.1887459755	-1264
10.1887550354	-1368
10.1888520718	-1368
10.1888620853	-1368
10.1889619827	-1368
10.1891710758	-1368
10.1892290115	-1368
10.1892380714	-1368
10.1894440651	-1368
10.1895439625	-1368
10.1896688938	-1368
10.1897768974	-1368
10.190032959	-1368
10.1900410652	-1368
10.1902399063	-1368
10.1902470589	-1368
10.1904919147	-1368
10.190500021	-1368
10.1905460358	-1368
10.1910459995	-1368
10.1912899017	543
10.2011198997	-1368
10.2011349201	-1420
10.2011919022	-1316
10.2012839317	-1368
10.2014219761	-1368
10.2015550137	-1368
10.2016489506	-1368
10.2017850876	543
10.201873064	-1368
10.2018768787	-1420
10.2018790245	-1316
10.2020680904	-1368
10.2021870613	-1368
10.2022800446	-1368
10.2024600506	-1368
10.2025408745	-1368
10.2027099133	-1368
10.2029490471	543
10.2397069931	-1420
10.2397220135	-1316
10.2397799492	-1420
10.239784956	-1316
10.2417180538	-1420
10.2417330742	-1316
10.2418050766	-1368
10.2418100834	-1368
10.2419269085	-1368
10.2420608997	-1368
10.2421989441	-1368
10.2423560619	-1368
10.3005580902	-1420
10.3005750179	-1316
10.300634861	-1368
10.3007118702	-1368
10.3008630276	-1368
10.3009669781	-1368
10.3010978699	-1368
10.3011820316	-1368
10.3013339043	-1368
10.3014340401	-1368
10.301527977	-1368
10.3018550873	-1420
10.3019220829	-1316
10.3019249439	-1368
10.3020908833	-1368
10.3021030426	-1368
10.3021950722	543
10.3023159504	-1368
10.3023879528	-1368
10.3024570942	-1368
10.3026220798	-1368
10.3026900291	543
10.3027420044	-1368
10.3028290272	-1420
10.3028540611	-914
10.3032529354	543
10.3248560429	-1420
10.3248810768	-1316
10.3249180317	-1368
10.3254780769	-1368
10.3260989189	-1368
10.3262569904	-1368
10.327174902	-1368
10.3272790909	-1368
10.3282330036	-1368
10.3290140629	-1368
10.329061985	-1368
10.329572916	-1368
10.3308889866	-1420
10.3308980465	-1316
10.3319709301	-1368
10.3320388794	-1368
10.3321330547	-1368
10.3324348927	-1368
10.3325519562	543
10.3326148987	-1368
10.3326179981	-1368
10.3335850239	-1368
10.333920002	-1420
10.3339490891	-1316
10.3352310658	-1368
10.3352639675	-1368
10.3354589939	-1368
10.3355240822	-1368
10.3356149197	543
10.3367109299	-1368
10.4105119705	-1368
10.410533905	-1368
10.4106209278	-1368
10.4107370377	-1368
10.4108839035	-1368
10.4124770164	-1420
10.4125359058	-1316
10.4126849174	-1368
10.4129650593	-1368
10.4130349159	-1368
10.4132330418	543
10.4133219719	-1368
10.4143340588	-1368
10.4144020081	-1420
10.4144089222	-1316
10.4167530537	-1420
10.4167659283	-1104
10.4220268726	-1368
10.4221298695	-1420
10.4221870899	-1316
10.4234800339	-1368
10.4235420227	-1368
10.5015599728	543
10.501748085	543
10.5018348694	586
10.5340640545	-501
10.6600379944	-1420
10.6600649357	-1420
10.6601378918	-1264
10.6860909462	-1181
10.8804168701	-543
10.9227468967	-1420
10.9227628708	-1316
10.9228279591	-1368
10.9928228855	-66
11.4173898697	-543
11.4266450405	-1420
11.4267120361	-1316
11.4366569519	-1368
11.4367239475	-1420
11.4367668629	-1316
11.4487500191	-1368
11.4488179684	-1368
11.44885993	-1368
11.4504239559	-1420
11.4504890442	-1316
11.4505319595	-1368
11.4507620335	1057
11.4514360428	-1368
11.4518759251	-1420
11.4519300461	-1316
11.5293910503	-127
12.3678429127	-543
12.3696219921	-1420
12.3697359562	-1420
12.3698260784	-1264
12.3699100018	-1420
12.3699929714	-1316
12.3799118996	-1368
12.3806910515	-1420
12.3807618618	-1316
12.3815078735	-1368
12.3818070889	-1368
12.3819220066	-1368
12.3824539185	-1368
12.3826658726	543
12.3829469681	-1368
12.3831279278	-1368
12.4800958633	-1420
12.4801220894	-1316
12.482033968	-1368
12.4823319912	-1420
12.4824419022	-1420
12.4824478626	-1264
12.4824879169	-1368
12.4824929237	-1368
12.4825310707	-1368
12.4827120304	-1368
12.4829320908	-1368
12.4829368591	-1368
12.4923000336	-1368
12.4923150539	-1368
12.4930958748	-1368
12.4931089878	-1368
12.4932050705	-1368
12.4933700562	-1368
12.4935359955	1057
12.4947888851	-1368
12.4948890209	-1420
12.4949390888	-392
12.5276319981	-1420
12.5276989937	-1316
12.5277059078	-1368
12.5278289318	-1420
12.5278360844	-1316
12.5279610157	-1368
12.5283329487	-1368
12.5284769535	-1368
12.5286588669	-1368
12.5940170288	-1420
12.5940339565	-1420
12.594094038	-1264
12.5940999985	-1368
12.5946938992	-1368
12.5947079659	-1368
12.5947909355	-1368
12.5949828625	-1368
12.5951218605	-1368
12.5951299667	-1368
12.5953600407	543
12.6075439453	-1171
12.6872119904	-1420
12.6872320175	-1316
12.6872889996	-1368
12.6874210835	-1420
12.6874608994	-1316
12.6876370907	-1368
12.6878459454	-1368
12.6878499985	-1368
12.6880090237	-1368
12.6882538795	-1368
12.6893939972	-1368
12.6894478798	-1368
12.689581871	-1368
12.6988329887	-1368
12.6988620758	-1368
12.6989018917	-1368
12.6990730762	1057
12.6992440224	-1368
12.699297905	-1368
12.6994099617	-1368
12.7104408741	-1368
12.7196149826	-831
12.8439509869	-543
12.8485810757	-543
12.8498609066	-1420
12.8498749733	-1316
12.8508050442	-1420
12.8508160114	-1316
12.8509099483	-1368
12.8519308567	-1368
12.8519458771	-1368
12.8520050049	-1368
12.8525328636	-1420
12.8525919914	-1316
12.8525989056	-1368
12.8527200222	-1368
12.8530709743	543
12.8531689644	-1368
12.8531739712	-1368
12.8532910347	-1368
12.8534240723	-1368
12.8534770012	-1368
12.8536748886	-1368
12.8539578915	-1368
12.8541269302	-1368
12.8542220592	-1368
12.8543069363	-1368
12.8582079411	-1420
12.8582229614	-1420
12.8582859039	-1264
12.8588240147	-1420
12.8589198589	-1316
12.8589270115	-1368
12.8701748848	-1368
12.962074995	-486
13.0091409683	-1420
13.0091540813	-1316
13.0092170238	-1368
13.0097298622	-1420
13.0097410679	-1316
13.0099680424	1057
13.0115339756	-1368
13.0120179653	-1368
13.0120899677	-1368
13.0122950077	-1368
13.0125670433	-1368
13.0126888752	-1368
13.012871027	-1368
13.0135550499	-1420
13.0136220455	-1316
13.0136270523	-1368
13.0136668682	-1368
13.0139560699	-1368
13.0140500069	-1368
13.014056921	-1368
13.0141890049	-1368
13.0143690109	-1368
13.0145380497	-1368
13.0146169662	-1368
13.0147559643	-1368
13.0148980618	543
13.0173270702	-1420
13.0173559189	-1316
13.0174129009	-1368
13.0182480812	-1368
13.0183160305	-1368
13.018321991	-1368
13.033272028	-1368
13.1137530804	-407
13.1684279442	-1420
13.1684470177	-1316
13.1685118675	-1368
13.1685979366	-1420
13.1686439514	-1316
13.1696760654	-1368
13.1702959538	-1420
13.1703100204	-1316
13.1712870598	-1368
13.1717300415	-1368
13.171736002	-1368
13.17177701	1057
13.1728260517	-1368
13.1780290604	-1420
13.178096056	-1316
13.1781020164	-1368
13.1789140701	-1420
13.1789259911	-1316
13.1790559292	-1368
13.1793079376	-1368
13.1795740128	-1368
13.1795818806	-1368
13.1798510551	-1368
13.1799490452	-1420
13.1799938679	-1316
13.1805119514	-1420
13.1806099415	-1316
13.1806159019	-1368
13.1807029247	-1368
13.1807999611	-1368
13.1808459759	-1368
13.181319952	-1420
13.1813988686	-1316
13.1815960407	-1368
13.1816420555	-1368
13.1817219257	-1368
13.1818320751	543
13.181910038	-1368
13.1825790405	-1368
13.1830639839	-1420
13.1830739975	-1316
13.1838729382	-1420
13.1838839054	-1420
13.1839869022	-1264
13.1841239929	-1368
13.1844379902	-1368
13.1844489574	-1368
13.1931948662	-1368
13.1938490868	-1368
13.1939160824	-1368
13.2259690762	-1085
13.2262129784	1057
14.1518750191	-543
14.153290987	-1368
14.1537389755	-1368
14.1537508965	-1420
14.1538510323	-1316
14.1648550034	-1368
14.1656479836	-1420
14.1656630039	-1316
14.1662559509	-1420
14.1662669182	-1316
14.1664409637	-1368
14.168722868	-1368
14.1696219444	-1368
14.1696338654	-1368
14.1700539589	-1368
14.1743729115	-1420
14.1744408607	-1316
14.1744480133	-1368
14.1760439873	-1420
14.1760590076	-1316
14.1763088703	543
14.177396059	-1368
14.178634882	-1420
14.1787059307	-1316
14.1804659367	-1368
14.2660870552	-1420
14.2661099434	-1316
14.2661759853	-1420
14.2661819458	-882
14.2815330029	1057
14.3203289509	-1420
14.320360899	-1316
14.3204250336	-1368
14.3227460384	-1420
14.3228189945	-1316
14.3240339756	-1368
14.3264710903	-1420
14.3264858723	-1316
14.3277249336	-1368
14.3279280663	1057
14.3286409378	-1368
14.3286559582	-1368
14.3296220303	-1368
14.3311328888	-1368
14.331248045	-1368
14.3312540054	-1368
14.3319749832	-1368
14.3319859505	-1368
14.3326160908	-1368
14.3331480026	-1368
14.3332009315	-1368
14.3336279392	-1368
14.3347258568	-1368
14.3347370625	-1368
14.3356919289	-1368
14.3414618969	-1420
14.3415250778	-1316
14.341531992	-1368
14.3439109325	-1420
14.3439249992	-1316
14.378993988	-971
14.3792669773	543
14.4750549793	-1368
14.4756510258	-1420
14.4757189751	-1316
14.475869894	-1368
14.4760780334	-1368
14.4760849476	-1368
14.4767448902	-1368
14.477091074	-1420
14.4771530628	-1316
14.4784910679	-1368
14.4785580635	-1368
14.478564024	-1368
14.4814169407	-1368
14.4820718765	-1420
14.4821338654	-1316
14.4821400642	-1368
14.4864258766	-1420
14.486440897	-1316
14.4865288734	-1368
14.4914140701	-114
14.491697073	1057
14.4988870621	-1368
14.6066708565	-746
14.637709856	-1420
14.6377248764	-1316
14.6378359795	-1368
14.6379208565	-1368
14.6382110119	-1368
14.6382188797	-1368
14.6385080814	-1368
14.6385190487	-1368
14.638655901	-1368
14.6388230324	-1368
14.6389498711	-1368
14.6391248703	-1368
14.6400449276	-1368
14.6402430534	-1368
14.6403019428	-1368
14.640308857	-1368
14.6404838562	-1368
14.6405830383	-1368
14.641078949	-1420
14.6410930157	-1420
14.6411528587	-1264
14.6411578655	-1368
14.6411979198	-1368
14.6413269043	-1368
14.6416270733	543
14.6477630138	-1368
14.6495349407	-1420
14.6496078968	-1316
14.6599030495	-1368
14.6599760056	-1420
14.6599829197	-1316
14.7189779282	-204
14.7990000248	-1420
14.7990250587	-1420
14.7991008759	-1264
14.7993519306	-1420
14.7993569374	-1316
14.8000650406	-1368
14.8003928661	-1368
14.8005290031	-1368
14.8005728722	1057
14.8263020515	-1368
14.8284540176	-1420
14.8284840584	-1316
14.8298420906	-1368
14.8338820934	-1368
14.8339509964	-1420
14.8339579105	-1316
14.8351459503	-1368
14.8351609707	-1368
14.8383228779	-1368
14.839717865	-1420
14.8397810459	-1316
14.8403480053	-1368
14.8423500061	-1420
14.8423628807	-1316
14.8424198627	-1368
14.8430099487	-1368
14.843061924	-1368
14.8432500362	-1368
14.8433768749	543
14.8437850475	-1368
14.8437988758	-1420
14.8438580036	-1316
14.8446750641	-1368
14.9115579128	-349
14.9615700245	-1368
14.9615859985	-1368
14.9617729187	-1368
14.9633450508	-1420
14.9634139538	-1316
14.9638490677	-1368
14.9647300243	-1368
14.9647450447	-1368
14.9653160572	-1368
14.9660050869	-1368
14.9671909809	-1368
14.9672050476	-1368
14.9673109055	-1368
14.9674530029	-1368
14.9675209522	-1368
14.967730999	1057
14.9681770802	-1368
14.968611002	-1420
14.9686629772	-1316
14.9688720703	-1368
14.9705750942	-1368
14.9705889225	-1420
14.9706940651	-1316
14.9723789692	-1420
14.9724509716	-1316
14.9725010395	-1368
14.9740080833	-1368
14.9741210938	-1368
14.9742660522	-1368
14.9743509293	-1368
14.9745299816	-1368
14.9746940136	-1368
14.9749369621	-1368
14.9749469757	-1420
14.9750368595	-1316
14.9750418663	-1368
14.9751679897	-1368
14.9753010273	-1368
14.9755370617	-1368
14.9755430222	-1368
14.9755780697	543
14.97564888	-1368
14.9843518734	-1368
14.9844179153	-1368
15.0239350796	-410
15.1230900288	-1420
15.1231079102	-1316
15.1231529713	-1368
15.1249918938	-1420
15.1250350475	-1316
15.1254429817	-1368
15.12560606	-1368
15.1256918907	-1368
15.1267240047	-1368
15.1268050671	1057
15.127425909	-1368
15.1275238991	-1368
15.1278619766	-1368
15.1296238899	-1420
15.1296648979	-1420
15.1296670437	-1264
15.1307229996	-1420
15.1307280064	-1316
15.1309030056	-1368
15.1312968731	-1420
15.1313369274	-1316
15.1325609684	-1368
15.1326150894	-1368
15.132723093	-1368
15.1328940392	-1368
15.132997036	-1368
15.1331880093	-1368
15.1333889961	-1368
15.1335148811	-1368
15.1338129044	-1368
15.1340498924	-1368
15.1341619492	-1368
15.1343259811	-1368
15.1345140934	543
15.1348009109	-1368
15.1349360943	-1368
15.1350488663	-1368
15.1353778839	-1368
15.1355199814	-1368
15.1356389523	-1368
15.1440348625	-1368
15.1759610176	-916
15.3451149464	-565
16.0837180614	-543
16.0851109028	-1420
16.0851860046	-1316
16.0853738785	-1420
16.085506916	-1316
16.0855140686	-1368
16.0953059196	-1368
16.0955269337	-1368
16.0955870152	-1368
16.0958380699	543
16.0960550308	543
16.0970308781	-1368
16.0976068974	-1420
16.0976750851	-1316
16.0990080833	-1368
16.0995268822	-1368
16.0999529362	-1368
16.1000080109	-1368
16.1000139713	-1420
16.100053072	-1316
16.1008479595	-1420
16.1009509563	-1420
16.1009569168	-1264
16.1014380455	-1368
16.156596899	-543
16.1979010105	-1368
16.1979730129	-1420
16.1980168819	-1316
16.1980540752	-1368
16.1982390881	-1420
16.1982860565	-882
16.1987929344	543
16.2811830044	-1420
16.2812139988	-1420
16.2812879086	-1264
16.2812950611	-1368
16.2813410759	-1368
16.2822339535	-1368
16.2823438644	-1368
16.2824149132	-1368
16.2829909325	-1368
16.2830798626	-1368
16.283178091	-1368
16.2838189602	-1368
16.2844760418	-1368
16.2846040726	-1368
16.2851638794	-1368
16.2852520943	-1368
16.2853779793	-1368
16.28591609	-1368
16.2859899998	-1368
16.2860579491	1057
16.2861659527	-1368
16.3111140728	-230
16.3984000683	-1420
16.3984289169	-1420
16.3985350132	-1264
16.3988108635	-1420
16.3989059925	-1316
16.398911953	-1368
16.3990879059	-1368
16.3992209435	-1368
16.3994870186	-1368
16.3997020721	-1368
16.3997540474	-1368
16.3999290466	-1368
16.4006478786	-1368
16.400660038	-1368
16.4007520676	-1368
16.40082407	-1368
16.4009399414	-1368
16.4011080265	-1368
16.4013459682	-1368
16.4015390873	-1368
16.401704073	543
16.4017429352	-1368
16.4018619061	-1368
16.4019649029	-1368
16.4090130329	-1368
16.4110109806	-1420
16.4110279083	-1316
16.411053896	-1368
16.4111130238	-1368
16.4112520218	-1368
16.4212219715	-1368
16.4691810608	-747
16.5018720627	543
16.5568549633	-1420
16.5568699837	-1420
16.5569300652	-1264
16.5572149754	-1368
16.5574178696	-1368
16.5574228764	-1368
16.5576908588	1057
16.5578930378	-1368
16.557954073	-1368
16.5586190224	-1368
16.5586340427	-1368
16.5594670773	-1368
16.5594818592	-1420
16.5595419407	-1316
16.5598819256	-1368
16.5601439476	-1368
16.5661149025	-1368
16.582545042	-1221
16.5860059261	-1420
16.5860750675	-1316
16.5860819817	-1368
16.5861210823	-1368
16.5862879753	-1368
16.587831974	-1420
16.5878469944	-1316
16.5879049301	-1368
16.5896098614	-1368
16.5896790028	-1420
16.5896849632	-1316
16.589910984	543
16.5910439491	-1368
16.5918800831	-1420
16.5919489861	-1316
16.6949169636	-1155
16.7153949738	-1420
16.7154099941	-1316
16.71550107	-1368
16.7160298824	-1368
16.7163219452	-1368
16.7168838978	-1368
16.7175650597	-1368
16.7176849842	-1368
16.7180030346	-1368
16.7182900906	-1368
16.7191178799	-1420
16.7191770077	-1316
16.7191829681	-1368
16.7193040848	-1368
16.7194778919	-1368
16.7197070122	1057
16.7197980881	-1368
16.719990015	-1368
16.7200939655	-1420
16.720097065	-1316
16.7206020355	-1368
16.7206170559	-1368
16.7206759453	-1368
16.7242970467	-1368
16.7247409821	-1420
16.7247538567	-1316
16.7248868942	-1368
16.7251009941	-1368
16.725151062	-1368
16.7260968685	-1368
16.7261738777	-1420
16.7261800766	-1316
16.82771492	-349
16.8279070854	543
16.8888258934	-1420
16.8888430595	-1420
16.8889019489	-1264
16.8889079094	-1368
16.8890340328	-1368
16.8909599781	-1420
16.8910329342	-1316
16.8910400867	-1368
16.8922040462	-1368
16.8922190666	-1420
16.8922770023	-1316
16.8940529823	-1368
16.8953809738	-1368
16.8953950405	-1368
16.8965780735	-1420
16.8965930939	-1316
16.8966519833	-1368
16.8984830379	-1420
16.898555994	-1316
16.8987660408	543
16.8991088867	-1368
16.9002239704	-1420
16.9002828598	-1316
16.9004728794	543
16.9006569386	-1368
16.9008100033	-1368
16.9014310837	-1368
16.9016089439	-1420
16.9016609192	-1316
16.9018929005	-1368
16.9019429684	-1368
16.9027118683	-1368
16.9038009644	-1368
16.9038150311	-1368
16.9041280746	-1368
16.9046170712	-1368
16.9046709538	-1368
16.905094862	-1368
16.9070620537	-1368
16.9070770741	-1368
16.9408049583	-1198
16.9409890175	543
17.5212168694	543
17.5472569466	-543
17.5479278564	-1420
17.5479888916	-1316
17.5489208698	-1368
17.5492050648	-1420
17.5492088795	-1316
17.5576529503	-1368
17.5581829548	-1420
17.558232069	-1316
17.5584659576	-1420
17.5584890842	-1316
17.5586640835	-1368
17.5590090752	-1368
17.5594649315	-1368
17.5595839024	-1368
17.5596270561	-1368
17.5598390102	-1368
17.5599060059	-1368
17.5605089664	-1368
17.5605800152	-1368
17.5606949329	1057
17.560739994	-1368
17.5609879494	-1368
17.561111927	-1368
17.5611829758	-1368
17.5614030361	-1368
17.5617470741	-1368
17.5618779659	-1368
17.5619289875	-1368
17.5620529652	-1368
17.5621640682	-1368
17.5720858574	-1368
17.5731730461	-1368
17.573251009	-1368
17.5740659237	-1368
17.5741550922	-1368
17.574213028	-1368
17.5763790607	-1420
17.5763850212	-1316
17.5770089626	-1368
17.6606810093	-1420
17.6606969833	-1420
17.6607429981	-1264
17.6608848572	-1368
17.6610219479	543
17.6612169743	-1368
17.6612839699	-1368
17.6614148617	-1368
17.6616258621	-1420
17.6616780758	-1316
17.6618080139	-1368
17.6620500088	-1368
17.6620600224	-1368
17.6706929207	-1420
17.6707088947	-1316
17.6707689762	-1368
17.6709170341	-1368
17.6711640358	-1368
17.6711699963	-1362
17.671421051	543
17.671683073	543
17.7097659111	-1420
17.7097840309	-1420
17.7098209858	-1264
17.7098240852	-1420
17.709841013	-1316
17.709882021	-1368
17.7099978924	-1368
17.7101590633	-1368
17.7102138996	-1368
17.7105669975	-1368
17.7113790512	-1420
17.7113959789	-1316
17.7114219666	-1368
17.7115130424	-1368
17.711660862	-1368
17.7117688656	-1368
17.7124900818	-1368
17.7125790119	-1420
17.7126319408	-1316
17.7131950855	-1368
17.7132320404	-1368
17.7133438587	543
17.7134189606	-1368
17.7134959698	-1368
17.7211480141	-1368
17.7214860916	-1368
17.7215559483	-1368
17.7217149734	-1368
17.7221710682	-1368
17.7221820354	-1368
17.722370863	-1368
17.7225868702	-1368
17.7226610184	-1368
17.7230100632	-1368
17.7234039307	-1368
17.72341609	-1368
17.7236318588	-1368
17.7237420082	-1368
17.72397089	-1368
17.7330260277	-1368
17.7331719398	-1368
17.7333569527	1057
17.7836480141	-1119
17.8797850609	-1368
17.8798000813	-1368
17.8798599243	-1368
17.8804190159	-1420
17.8805658817	-1316
17.8805730343	-1368
17.8809568882	-1368
17.8810899258	-1420
17.8811380863	-1316
17.882158041	-1368
17.882174015	-1368
17.882199049	-1368
17.8855540752	-1420
17.8856019974	-1316
17.8856048584	-1368
17.8862679005	-1368
17.8862738609	-1368
17.8863549232	-1368
17.8891730309	-1420
17.8892118931	-1316
17.8892140388	-1368
17.8893110752	-1368
17.8893580437	543
17.8898229599	-1420
17.8898289204	-1316
17.8898720741	-1368
17.8898739815	-1368
17.889975071	-1368
17.8903169632	-1368
17.8904459476	-1368
17.8905470371	-1368
17.8905689716	-1368
17.8937408924	-1368
17.8938128948	-1368
17.8939390182	-1368
17.894258976	-1420
17.8942689896	-1420
17.8943619728	-1264
17.8944840431	-1420
17.8945720196	-1316
17.8945770264	-1368
17.8947179317	-1368
17.8948419094	-1368
17.8950209618	-1368
17.8951559067	543
17.8952388763	-1368
17.8952438831	-1368
17.8953590393	-1368
17.8955030441	-1368
17.895624876	-1368
17.8957500458	-1368
17.8958439827	543
17.8977110386	-1259
17.8984529972	-1368
18.0098080635	-232
18.0465090275	-1420
18.0465779305	-1316
18.0465869904	-1368
18.0479900837	-1368
18.048003912	-1368
18.0482420921	543
18.0493788719	-1368
18.0502440929	-1420
18.0503518581	-1316
18.0515298843	-1368
18.0528800488	-1368
18.0528929234	-1368
18.054019928	-1368
18.0561048985	-1420
18.0561740398	-1316
18.056180954	-1368
18.0567150116	-1368
18.056953907	-1368
18.0584750175	-1368
18.059484005	-1368
18.0599730015	-1368
18.0606839657	-1368
18.0615930557	-1368
18.0618040562	543
18.0620839596	-1368
18.0622398853	-1368
18.0623929501	543
18.0638639927	-1368
18.0644578934	-1368
18.064522028	-1368
18.0810320377	-1368
18.0811018944	-1368
18.0811080933	-1368
18.0812799931	-1368
18.0813958645	-1368
18.0886640549	-1420
18.0886759758	-1316
18.0887930393	-1368
18.0900809765	-1420
18.0901498795	-1316
18.0901560783	-1368
18.0913720131	-1368
18.0930929184	-1420
18.0931670666	-1316
18.0939359665	-1368
18.0941410065	543
18.0942840576	-1368
18.0942890644	-1420
18.0942909718	-1316
18.0947959423	-1368
18.0951309204	-1420
18.0951390266	-1316
18.0954790115	-1368
18.0956249237	-1368
18.0956718922	-1368
18.1223208904	-1238
18.2139320374	-1420
18.2139489651	-1316
18.214058876	-1368
18.2190880775	-1420
18.2191610336	-1316
18.2202379704	-1368
18.2216780186	-1420
18.2217390537	-1316
18.2227499485	-1368
18.2229549885	1057
18.2245030403	-1420
18.2245180607	-1316
18.225785017	-1368
18.2290029526	-1420
18.2291169167	-1316
18.2291250229	-1368
18.2309360504	-1420
18.2309510708	-1316
18.231249094	-1368
18.2322108746	-1368
18.2323300838	-1368
18.2327818871	-1368
18.2336449623	-1420
18.2336568832	-1316
18.2342400551	-1368
18.2343668938	-1368
18.2344179153	-1420
18.2347130775	-824
18.2354369164	-1368
18.2354669571	-1368
18.235667944	543
18.2375340462	-1368
18.2388260365	-1368
18.2388949394	-1368
18.2390940189	-1368
18.2399308681	-1368
18.2399458885	-1368
18.240393877	-1368
18.2411460876	-1368
18.2412040234	-1368
18.2413110733	-1368
18.2420730591	-1368
18.2421960831	-1368
18.2426519394	-1368
18.2432799339	-1368
18.2632889748	1057
18.2636790276	1057
18.2640590668	1057
18.2642540932	1057
18.2643530369	1057
18.2753908634	-1368
18.276047945	-1420
18.2761120796	-1316
18.2761180401	-1368
18.2762348652	-1368
18.276432991	1057
18.280837059	-1420
18.2808499336	-1316
18.2809929848	-1368
18.2810840607	-1368
18.3467240334	-905
18.3763549328	-1420
18.3764090538	-1316
18.3764150143	-1420
18.376431942	-1316
18.3766450882	-1420
18.3766510487	-1316
18.3768088818	-1368
18.3769669533	-1368
18.3769729137	-1368
18.377161026	-1368
18.3772819042	-1368
18.3774628639	-1368
18.3779098988	-1368
18.3782088757	-1368
18.3784630299	-1368
18.3785719872	-1368
18.3786740303	-1368
18.3792259693	-1368
18.3794238567	-1368
18.3794870377	-1368
18.3795928955	543
18.3797330856	-1368
18.3798089027	-1368
18.3799450397	-1368
18.3804950714	-1368
18.3810219765	-1368
18.3811280727	-1368
18.3811779022	-1368
18.3815410137	-1368
18.3815860748	-1368
18.3817400932	-1368
18.3822369576	-1368
18.3823409081	-1368
18.382365942	-1368
18.3824350834	1057
18.383302927	-1368
18.3833138943	-1368
18.3833930492	-1368
18.3835570812	-1368
18.3836760521	-1368
18.3838229179	-1368
18.3948860168	-1368
18.394892931	-1368
18.412872076	-1368
18.4248600006	-1420
18.4249289036	-1316
18.4249360561	-1368
18.4315478802	-1368
18.4329090118	-1368
18.4337389469	-1368
18.433891058	-1368
18.4339449406	-1368
18.4343528748	-1368
18.4344050884	-1420
18.4344110489	-1316
18.4346590042	-1368
18.4388439655	-1368
18.4390690327	-1420
18.4390780926	-1316
18.4392569065	-1368
18.4403479099	-1368
18.4553859234	-1368
18.4591379166	-1038
18.4702510834	543
18.4714300632	543
18.4745919704	543
18.4748859406	543
18.4752969742	-1368
18.4753029346	-1368
18.4967849255	-1368
18.5020210743	543
18.5020780563	543
18.5044400692	543
18.5046010017	543
18.5048410892	543
18.5715370178	-95
18.5798919201	-1368
18.5799598694	-1368
18.5799679756	-1368
18.5802149773	-1368
18.5802259445	-1368
18.5810279846	-1368
18.5810439587	-1368
18.5811069012	-1368
18.5821390152	-1368
18.5822079182	-1420
18.5822138786	-1316
18.5824270248	543
18.5831170082	-1368
18.5846710205	-1368
18.5847289562	-1368
18.5847349167	-1368
18.5848960876	-1368
18.5849978924	-1368
18.5853190422	543
18.5854709148	-1420
18.5854759216	-1420
18.5854780674	-1264
18.5857429504	-1368
18.5857889652	-1368
18.585793972	-1368
18.5860610008	-1368
18.5864670277	-1368
18.5865209103	-1368
18.5866448879	-1368
18.586840868	-1368
18.5869600773	-1368
18.5874960423	-1368
18.5875048637	-1420
18.5875999928	-1316
18.5876059532	-1368
18.5881729126	-1420
18.5881869793	-1316
18.588244915	-1368
18.5884768963	543
18.5900130272	-1368
18.5900249481	-1368
18.5900819302	-1368
18.5908610821	-1420
18.5909309387	-1316
18.5909368992	-1368
18.5915398598	-1420
18.5915548801	-1316
18.5916140079	-1368
18.5922958851	-1420
18.5924110413	-1316
18.5924179554	-1368
18.5939590931	-1368
18.593973875	-1368
18.5941739082	-1368
18.5943138599	543
18.5944910049	-1368
18.5946760178	-1368
18.5947890282	-1368
18.5954179764	-1368
18.5956828594	-1368
18.5956909657	-1368
18.5957729816	543
18.5960099697	-1368
18.5961699486	-1368
18.5972230434	-1368
18.597233057	-1368
18.5973238945	-1420
18.5973300934	-1316
18.5977640152	-1368
18.5979559422	-1368
18.5980050564	-1368
18.5981450081	-1368
18.598195076	-1368
18.5984339714	-1420
18.5984959602	-1316
18.5985939503	-1368
18.5986418724	-1368
18.5991098881	-1368
18.5993700027	-1368
18.599490881	-1368
18.5998950005	-1368
18.5999679565	-1368
18.6000869274	-1368
18.60055089	-1368
18.6006319523	-1368
18.6006388664	-1368
18.6009550095	-1420
18.6009640694	-1316
18.6010529995	-1368
18.6021289825	-1368
18.6024210453	-1368
18.6024298668	-1368
18.6024870872	-1368
18.6040019989	-1368
18.6040570736	-1368
18.6042459011	-1368
18.6047649384	-1368
18.6051928997	-1368
18.6052770615	-1368
18.6057369709	1057
18.606167078	-1368
18.6063148975	-1368
18.6063659191	-1368
18.6070699692	-1368
18.6071200371	-1368
18.6074230671	1057
18.6082060337	543
18.6085979939	-1368
18.6086809635	-1368
18.6088039875	-1368
18.6091029644	-1368
18.6091570854	-1368
18.6120159626	-1368
18.613134861	-1420
18.6131389141	-1316
18.61332798	-1368
18.616560936	1057
18.6837198734	-291
18.697934866	-1368
18.6983120441	-1368
18.6985440254	-1368
18.6985719204	-1368
18.6986129284	-1368
18.6987378597	-1368
18.6991450787	-1368
18.6992950439	-1368
18.6993858814	-1368
18.7011220455	-1368
18.7011759281	-1368
18.7012989521	-1368
18.7027189732	-1368
18.7037079334	-1368
18.7037639618	-1368
18.7038769722	-1368
18.704200983	-1368
18.7043309212	-1368
18.7044119835	1057
18.7046658993	-1368
18.7049129009	-1368
18.7049870491	-1368
18.7053220272	-1368
18.705589056	-1368
18.7056560516	-1368
18.70586586	-1368
18.7065570354	-1368
18.7066230774	-1368
18.7067198753	-1368
18.706829071	-1368
18.7071449757	-1420
18.7071828842	-1420
18.7071859837	-1264
18.7077929974	-1368
18.7081999779	-1368
18.7085499763	-1368
18.7085549831	-1368
18.708698988	-1368
18.7088520527	-1368
18.7097330093	-1368
18.7099349499	-1368
18.7099559307	-1368
18.7105839252	-1368
18.7106530666	-1368
18.7108380795	-1368
18.7113158703	-1368
18.7114729881	-1368
18.7125859261	-1368
18.7208008766	-1368
18.7209708691	543
18.7790389061	-1420
18.7790570259	-1316
18.7791218758	-1368
18.7791788578	-1368
18.7792570591	-1368
18.7794258595	-1368
18.779558897	-1368
18.7796778679	-1368
18.7811028957	-1368
18.7811579704	-1368
18.7812159061	-1368
18.7814688683	-1368
18.7821938992	-1368
18.7822990417	-1368
18.7845380306	543
18.7846679688	543
18.7986440659	-872
18.8880019188	-1420
18.8880200386	-1316
18.8880620003	-1368
18.8881828785	-1368
18.8893818855	-1368
18.9112019539	-986
18.93840909	543
18.9393570423	543
18.939524889	543
18.9399969578	543
18.9401979446	543
19.0925359726	-543
19.1208109856	-1420
19.1208670139	-1316
19.120871067	-1368
19.1232969761	-1368
19.1321098804	-1368
19.1445500851	-1368
19.2242360115	-543
19.2332100868	-1305
19.2625379562	-1420
19.2625539303	-1316
19.2626140118	-1368
19.3746929169	-638
19.3801310062	543
19.3831999302	543
19.3834030628	543
19.4870669842	-1086
19.5219099522	-1420
19.5219860077	-1316
19.5219919682	-1368
19.5222539902	-1368
19.5223460197	-1368
19.5225400925	-1368
19.527356863	-1420
19.5273990631	-1316
19.5274560452	-1368
19.535474062	-1420
19.5354790688	-1316
19.547244072	-1368
19.5552048683	543
19.6177799702	-543
19.6351079941	-322
19.696256876	-1420
19.6962769032	-1316
19.6963429451	-1368
19.6963489056	-1368
19.6965239048	-1368
19.6971850395	-1368
19.6981039047	-1420
19.6981189251	-1316
19.6988198757	-1368
19.6992518902	-1420
19.6992640495	-1316
19.699739933	-1368
19.7013139725	-1368
19.7015008926	-1420
19.7016029358	-1316
19.7020828724	-1368
19.7020878792	-1368
19.7023808956	543
19.70399189	-1368
19.7041840553	-1368
19.704253912	-1368
19.7049479485	-1368
19.7057878971	-1368
19.7059290409	-1368
19.7059810162	-1368
19.7070510387	-1420
19.7071080208	-1316
19.7071869373	-1368
19.7074790001	-1368
19.7074868679	-1368
19.7076129913	-1368
19.7078690529	-1368
19.7079160213	-1368
19.7080929279	-1368
19.7081389427	-1368
19.7196900845	-1368
19.7199540138	543
19.7869899273	-1190
19.8059179783	-1057
19.8077418804	543
19.8561139107	-1368
19.8561310768	-1420
19.8561909199	-1316
19.8564069271	-1368
19.8564870358	-1368
19.8566448689	543
19.8569228649	-1368
19.8575348854	-1420
19.8576080799	-1316
19.8584849834	-1368
19.8591179848	-1368
19.8591320515	-1368
19.8592879772	-1368
19.860296011	-1368
19.8603639603	-1368
19.8603708744	-1368
19.866975069	-1420
19.8669900894	-1316
19.8670470715	-1368
19.8785879612	-1368
19.8788449764	543
19.9389090538	-1171
20.0157279968	-1420
20.0157520771	-1316
20.015816927	-1368
20.0158228874	-1368
20.0160779953	-1368
20.0160870552	-1368
20.0161318779	-1368
20.0163350105	-1368
20.0164110661	-1368
20.016835928	-1368
20.0168850422	-1368
20.0170359612	-1368
20.017884016	-1368
20.0180089474	-1420
20.0181050301	-1316
20.0272080898	-1420
20.0272240639	-1316
20.0272839069	-1368
20.0275058746	543
20.0401110649	-1420
20.0401260853	-1316
20.051265955	-317
20.051429987	543
20.073745966	-1368
20.1638090611	-1289
20.1759860516	-1420
20.1759998798	-1316
20.1760439873	-1368
20.1761639118	-1368
20.1762859821	-1368
20.1769080162	-1368
20.1774470806	1057
20.1777009964	-1368
20.1777060032	-1368
20.1783280373	-1368
20.1795389652	-1420
20.1795699596	-1316
20.1800310612	-1368
20.1815559864	-1368
20.1817619801	-1420
20.1817879677	-1316
20.1870388985	-1368
20.1871728897	543
20.188423872	-1420
20.1884319782	-1316
20.1884720325	-1368
20.1885988712	-1368
20.1887600422	-1420
20.1887638569	-1316
20.1893420219	-1368
20.1893489361	-1368
20.1894230843	-1368
20.189743042	-1368
20.1899309158	-1368
20.1899759769	-1368
20.1900570393	-1368
20.2063848972	1057
20.276268959	-544
20.3453040123	-1420
20.3453299999	-1316
20.3454918861	-1368
20.3467810154	-1368
20.3471200466	-1368
20.3479418755	-1368
20.3481280804	543
20.3484199047	-1368
20.3485970497	-1368
20.3490738869	-1368
20.3492629528	543
20.3512918949	-1368
20.3513109684	-1368
20.3513128757	-1368
20.3513150215	-1368
20.3513159752	-1420
20.3513178825	-1316
20.3513200283	-1368
20.3515229225	-1368
20.3517460823	-1420
20.351749897	-1420
20.3517520428	-1264
20.3518719673	-1368
20.3519890308	-1368
20.3521749973	-1368
20.3522229195	-1368
20.3524649143	-1368
20.3527209759	-1368
20.3527309895	-1368
20.3527748585	-1368
20.3529548645	-1368
20.353509903	543
20.3536028862	-1368
20.3653659821	-1368
20.3795759678	-1368
20.3795940876	-1368
20.3796989918	-1368
20.3886580467	-473
20.4218640327	543
20.4254229069	543
20.4961218834	-1420
20.4961390495	-1316
20.4962449074	-1368
20.496491909	-1368
20.4965519905	-1368
20.4971399307	-1368
20.4975118637	-1420
20.4975230694	-1316
20.498734951	-1420
20.4987499714	-1420
20.4988088608	-1264
20.4988138676	-1368
20.4988548756	-1420
20.4988610744	-1316
20.499065876	-1368
20.4991989136	-1368
20.4992470741	-1368
20.4994909763	1057
20.5006930828	-1368
20.500770092	-1368
20.5008199215	-1368
20.501003027	-1368
20.5010528564	-1368
20.5011880398	-1368
20.5014998913	-1368
20.5015089512	-1368
20.5018160343	-1420
20.5018239021	-824
20.5018658638	-1368
20.5020689964	-1368
20.5021150112	-1368
20.5062198639	-1368
20.506289959	-1368
20.5064580441	-1368
20.5066790581	543
20.5071690083	-1368
20.507183075	-1368
20.5073308945	-1368
20.5079820156	-1368
20.508300066	-1420
20.5083119869	-1316
20.5187270641	-1368
20.5189008713	-1368
20.5189628601	-1368
20.6140289307	-388
20.6546978951	-1368
20.6552419662	-1368
20.6553108692	-1368
20.6555478573	-1420
20.6556689739	-1316
20.6556749344	-1368
20.6562850475	-1368
20.6563000679	-1368
20.6565389633	-1368
20.657006979	-1368
20.6570649147	-1368
20.6572499275	1057
20.6573429108	-1368
20.6577739716	-1368
20.6584620476	-1420
20.6584770679	-1316
20.658536911	-1368
20.6596698761	-1420
20.6597399712	-1316
20.6607010365	-1368
20.661867857	-1420
20.6618800163	-1316
20.6629879475	-1368
20.6641559601	-1420
20.6642310619	-1316
20.6651799679	-1368
20.6669969559	-1420
20.6670088768	-1316
20.6673278809	-1368
20.667468071	-1368
20.6675209999	-1368
20.6680309772	-1368
20.6680848598	-1368
20.6683039665	-1368
20.6686789989	543
20.6688740253	-1368
20.669064045	-1420
20.6691589355	-1316
20.6697940826	-1057
20.6698679924	-1368
20.6704618931	-1368
20.670470953	-1368
20.6706809998	-1368
20.6708378792	-1368
20.6719698906	-1368
20.6722619534	-1368
20.6723139286	-1368
20.6727468967	543
20.6728410721	-1368
20.6730420589	-1368
20.6730980873	-1368
20.6759119034	-1420
20.6759800911	-1316
20.6759860516	-1368
20.6762259007	1057
20.6845340729	-1368
20.6858730316	-1368
20.7263240814	-869
20.8332939148	-1420
20.8333239555	-1420
20.8333978653	-1264
20.8345620632	-1420
20.8345758915	-1316
20.8371429443	-1368
20.8387870789	-132
20.8399469852	-1420
20.8399620056	-1316
20.8417270184	-1368
20.8432719707	-1420
20.8432869911	-1316
20.844481945	-1368
20.8465158939	-1420
20.8465309143	-1316
20.8465900421	-1368
20.8469798565	543
20.8478429317	-1420
20.8478579521	-1316
20.8481550217	-1368
20.8490140438	-1368
20.8490729332	-1368
20.8514978886	-1420
20.8515539169	-1316
20.8515598774	-1368
20.8524720669	-1368
20.8524839878	-1368
20.8538329601	-1368
20.8551828861	-1368
20.8552470207	-1368
20.8602259159	-1368
20.8618738651	-1368
20.8618888855	-1368
20.8648579121	-1420
20.8648738861	-1316
20.8649339676	-1368
20.8651089668	543
20.865393877	543
20.8657939434	-1368
20.8661839962	-1368
20.8664860725	-1368
20.8673150539	-1368
20.8673660755	-1368
20.867937088	-1368
20.8685309887	-1368
20.8694679737	-1368
20.8695640564	-1368
20.8695700169	-1368
20.8701920509	-1368
20.8702070713	-1368
20.8703169823	-1368
20.8705999851	-1368
20.87073493	-1368
20.8708360195	-1368
20.8714079857	-1368
20.8717000484	-1368
20.8730080128	-1368
20.8730230331	-1368
20.8731470108	-1368
20.8737120628	-1368
20.8737709522	-1368
20.8738758564	-1368
20.8748970032	-1368
20.8750638962	543
20.8751518726	-1420
20.8751568794	-1316
20.8759028912	-1368
20.8759930134	-1368
20.8760559559	-1368
20.8766548634	-1368
20.8771779537	-1368
20.8773050308	-1368
20.8775069714	-1368
20.877630949	-1368
20.8777070045	-1368
20.87804389	-1368
20.8780999184	-1368
20.8782038689	-1368
20.8784608841	543
20.8790838718	-1368
20.8811159134	-1368
20.8811810017	-1368
20.8813228607	-1368
20.8817138672	-1368
20.8818368912	-1368
20.8818900585	-1368
20.8825340271	-1368
20.882696867	-1368
20.882819891	-1368
20.883177042	543
20.9521710873	-456
20.9807939529	-1420
20.9808549881	-1420
20.9808609486	-1264
20.9813189507	-1368
20.9814920425	-1368
20.9819939137	-1368
20.9869499207	-1368
20.9869840145	-1368
20.9871048927	-1368
20.9987049103	-1368
20.9988110065	543
21.0937919617	-944
21.1649608612	543
21.201308012	543
21.2984149456	543
21.2986419201	543
21.2988340855	543
21.2993359566	543
21.2995438576	543
21.4427039623	-543
21.5418879986	-543
21.6641309261	543
21.680216074	-543
21.7148890495	-543
21.7266089916	-1368
21.7478089333	1057
21.8387570381	-232
21.8715720177	-1420
21.8716640472	-1316
21.8840799332	-1368
21.884540081	-1420
21.884552002	-1316
21.8955290318	-1368
21.9355700016	-1368
21.9747169018	-1368
21.9749228954	-1368
21.9749898911	-1368
21.9840948582	-546
22.0182499886	543
22.0188059807	1460
22.0189199448	111
22.0323219299	-1420
22.032337904	-1316
22.0323989391	-1368
22.0468890667	-1420
22.0470039845	-1316
22.0470108986	-1368
22.04728508	1057
22.053771019	-1420
22.0538260937	-1316
22.0539290905	-1368
22.0966088772	-198
22.1145250797	-1420
22.1145420074	-1316
22.1145679951	-1368
22.1147789955	-1368
22.1148478985	-1368
22.1154959202	-1368
22.116150856	-1368
22.1162080765	-1368
22.1165778637	-1368
22.1169199944	-1368
22.1170120239	-1368
22.1179990768	-1368
22.1191380024	-1420
22.1192519665	-1316
22.1192588806	-1368
22.125524044	-1420
22.1255390644	-1316
22.1255960464	-1368
22.1265730858	-1368
22.1265878677	-1368
22.1266469955	-1368
22.1267540455	-1368
22.1269240379	-1368
22.1270198822	-1368
22.1271998882	543
22.1276738644	-1368
22.127810955	-1368
22.1278629303	-1368
22.1282510757	-1368
22.1283018589	-1368
22.129160881	-1368
22.1295008659	-1368
22.1298120022	-1368
22.1300160885	-1368
22.1301810741	543
22.1306359768	-1420
22.130646944	-1316
22.1309249401	-1368
22.1403210163	-1368
22.140666008	543
22.1561028957	-1420
22.1561179161	-1316
22.1562609673	-1368
22.1570029259	-1368
22.157173872	-1368
22.1574239731	-1368
22.1577010155	-1368
22.1578249931	-1368
22.1579530239	-1368
22.1583218575	543
22.1616449356	-1420
22.161659956	-1316
22.162168026	-1368
22.1621780396	-1368
22.1622259617	-1368
22.1624760628	-1368
22.1645178795	-1368
22.1645340919	-1368
22.1646430492	-1368
22.1680519581	-1368
22.1681199074	-1368
22.1681258678	-1368
22.1683340073	-1368
22.1686780453	543
22.1690819263	-1368
22.1691689491	-1368
22.1715888977	-1420
22.1716039181	-1316
22.1716620922	-1368
22.1725389957	-1420
22.1726100445	-1316
22.1732399464	-1368
22.1743018627	-1368
22.1743168831	-1368
22.1752109528	-1368
22.1754090786	543
22.1757729053	-1368
22.1757810116	-1368
22.1762080193	-1368
22.1771700382	-1368
22.1772339344	-1368
22.1780788898	-1420
22.1781930923	-1316
22.1782000065	-1368
22.1793379784	-1368
22.179557085	543
22.1802170277	-1368
22.1802289486	-1368
22.181812048	-1420
22.1818249226	-1420
22.1819179058	-1264
22.1822030544	-1368
22.1831848621	-1420
22.1831970215	-1316
22.1843140125	-1368
22.1865229607	-1368
22.1884889603	-1368
22.1885039806	-1368
22.18856287	-1368
22.2048280239	-1420
22.2048969269	-1316
22.2049028873	-1368
22.2088189125	-483
22.2150020599	-1368
22.2709748745	-1368
22.2711980343	-1420
22.2713160515	-1316
22.2756080627	-1368
22.2759540081	-1368
22.276045084	-1368
22.2766830921	543
22.2776179314	-1368
22.2780299187	543
22.2780990601	-1420
22.2781200409	-1316
22.27866292	-1420
22.278703928	-1316
22.2787060738	-1368
22.2792029381	-1368
22.2792088985	-1420
22.2792339325	-1316
22.2793090343	543
22.2794470787	-1368
22.280039072	-1368
22.2800960541	-1368
22.282531023	-1368
22.2825958729	-1368
22.2828440666	-1368
22.2943940163	-1420
22.294410944	-1316
22.2947490215	543
22.312237978	-1368
22.3122620583	-1368
22.3123779297	-1368
22.3131239414	-1368
22.3131930828	-1368
22.313368082	-1368
22.3134520054	-1368
22.3136138916	-1368
22.3136839867	-1368
22.3172490597	-1368
22.3172800541	-1368
22.3174209595	543
22.3188889027	-1368
22.3189430237	-1368
22.3192360401	-1368
22.3193109035	-1368
22.3195328712	-1368
22.3195998669	-1420
22.3196399212	-1316
22.3198189735	-1368
22.3199279308	-1368
22.3200130463	-1368
22.3210270405	-107
22.3289818764	-1368
22.3290500641	-1368
22.3292779922	-1368
22.3293089867	-1368
22.3293480873	-1368
22.3336560726	-1368
22.3337020874	-1368
22.3338038921	543
22.3340120316	-1368
22.3341710567	-1368
22.3342609406	543
22.3343000412	-1368
22.3347909451	-1368
22.3352138996	-1368
22.3379359245	-1368
22.3380630016	-1368
22.3385028839	-1420
22.3385260105	-1316
22.3386418819	-1368
22.3394088745	-1368
22.339468956	-1368
22.3396320343	-1368
22.3402988911	-1368
22.3403749466	-1368
22.3405020237	-1368
22.340681076	-1368
22.3415338993	-1368
22.3416368961	-1368
22.3418118954	-1368
22.3418929577	543
22.3419299126	-1368
22.3419749737	-1368
22.3560068607	-1368
22.3560819626	-1368
22.3562269211	-1368
22.357738018	-1368
22.357806921	-1368
22.3579819202	-1368
22.3580379486	-1368
22.358219862	-1368
22.3588109016	-1368
22.3589069843	-1368
22.3592889309	-1368
22.3601899147	-1368
22.3603329659	-1368
22.3604109287	-1368
22.3619670868	-1368
22.3620529175	1057
22.3630568981	-1368
22.3631639481	-1368
22.3640179634	-1368
22.3641190529	-1368
22.3642408848	-1368
22.3676230907	-1368
22.36804986	-1368
22.3681609631	-1368
22.3684120178	-1368
22.3684530258	-1368
22.368596077	-1368
22.3687598705	-1368
22.3693840504	-1420
22.3693890572	-1316
22.3700640202	-1420
22.3700690269	-1420
22.370126009	-1264
22.3852159977	-1368
22.3853988647	543
22.3855969906	-1368
22.385712862	-1368
22.4205219746	-1420
22.4205460548	-1316
22.4206140041	-1368
22.4325258732	-1420
22.4325940609	-1316
22.432600975	-1368
22.4327590466	-237
22.4388449192	-1420
22.4389119148	-1316
22.4389200211	-1368
22.4394068718	-1420
22.4394180775	-1316
22.4395079613	-1368
22.4396159649	-1368
22.439950943	-1368
22.4399578571	-1368
22.4404830933	-1420
22.4404950142	-1316
22.4406130314	-1368
22.4408929348	543
22.4411029816	-1368
22.4427058697	-1368
22.442868948	-1368
22.4428739548	-1368
22.4434549809	-1368
22.44354105	-1368
22.4436569214	-1368
22.445499897	-1368
22.4455959797	-1368
22.4457480907	-1368
22.4613740444	-1368
22.4615359306	543
22.4634549618	1460
22.4635059834	111
22.4652080536	543
22.4669010639	543
22.4727740288	1057
22.4732658863	-1420
22.4732708931	-1316
22.4733989239	-1368
22.473938942	-1368
22.4740629196	-1368
22.474750042	-1368
22.4751338959	-1368
22.4751980305	-1368
22.4752750397	-1368
22.4760069847	-1368
22.4761340618	-1368
22.4761390686	-1368
22.486479044	-1368
22.4870519638	-1368
22.4870729446	543
22.4871110916	-1368
22.4873158932	543
22.5015799999	543
22.5048148632	-1420
22.504858017	-1179
22.5246388912	-1368
22.524723053	543
22.5248370171	-1420
22.5248410702	-1316
22.5391969681	-1368
22.5399899483	-1420
22.5400409698	-1316
22.5406329632	-1368
22.540692091	-1368
22.5407719612	-1368
22.5451478958	-969
22.6010389328	-1368
22.6014089584	-1368
22.6015019417	-1368
22.6017739773	-1368
22.6022288799	-1420
22.602232933	-1316
22.6023440361	-1368
22.6025309563	-1368
22.6026029587	-1368
22.6027889252	-1368
22.6028549671	-1368
22.6034579277	-1368
22.6035180092	-1368
22.6036310196	-1368
22.603771925	-1368
22.603883028	-1368
22.6041209698	543
22.6053910255	-1368
22.6055049896	-1368
22.6056308746	-1368
22.6058399677	-1368
22.6059269905	543
22.6061449051	-1368
22.6063690186	-1368
22.6074950695	-1368
22.6076500416	-1420
22.6076929569	-1316
22.6154000759	-1420
22.6154508591	-1316
22.6154868603	-1368
22.6163990498	1057
22.6259548664	-1368
22.6260910034	-1368
22.6261820793	-1368
22.6525120735	-1368
22.6889660358	-668
22.7172539234	-1420
22.7173080444	-1316
22.7173130512	-1368
22.7644579411	-1420
22.7644650936	-1316
22.7646548748	-1368
22.7652468681	-1368
22.7653260231	-1368
22.765444994	-1368
22.7658569813	-1368
22.7661600113	-1368
22.7664659023	-1368
22.7672119141	1057
22.7674100399	-1368
22.7702379227	-1420
22.7702660561	-1316
22.7704560757	-1368
22.7705180645	-1368
22.7706570625	-1368
22.7707219124	-1368
22.770884037	-1368
22.7710330486	-1368
22.7710990906	-1368
22.77176404	-1368
22.7718429565	-1368
22.7719600201	-1368
22.7727389336	543
22.7730569839	-1368
22.7731499672	-1368
22.7732698917	-1368
22.7736470699	543
22.7769920826	-1368
22.7770810127	543
22.7773339748	-1368
22.7774560452	-1368
22.7799758911	-1368
22.7800788879	-1368
22.7802269459	-1368
22.8256869316	-1420
22.8256959915	-1316
22.8281850815	-1368
22.8281900883	-1368
22.8283770084	-1368
22.8283820152	-1368
22.8296020031	-62
22.8373219967	-1368
22.8373990059	-1368
22.8374679089	543
22.8375060558	-1368
22.9206528664	-543
22.9294440746	-1420
22.9294509888	-1316
22.9294769764	-1368
22.9298129082	-1420
22.929817915	-1316
22.9299559593	543
22.9301049709	-1368
22.9303069115	-1368
22.9303629398	-1368
22.9307949543	-1368
22.9312520027	-1368
22.9318199158	-1420
22.9318799973	-1316
22.9324929714	-1368
22.9325480461	-1368
22.9325549603	-1368
22.9328699112	-1368
22.9328789711	-1368
22.9329230785	-1420
22.9329280853	-1316
22.9331018925	-1368
22.9332859516	-1420
22.9333779812	-1316
22.9335570335	543
22.9342329502	1057
22.9367308617	543
22.9371340275	543
22.9395339489	-1368
22.9396550655	-1368
22.9396779537	-1368
22.9400539398	-1368
22.9401869774	-1368
22.9403729439	-1368
22.9407389164	-1368
22.9411408901	-1368
22.9411668777	-1368
22.9413030148	-1368
22.9413890839	-1368
22.9414858818	543
22.941685915	-1368
22.9419369698	-1053
22.9429879189	-1368
22.9430339336	-1368
22.9432060719	-1368
22.943310976	-1368
22.9433839321	-1368
22.9487130642	1057
22.953316927	-1368
22.9576148987	1057
23.0545780659	-1218
23.0548019409	543
23.0626630783	-1057
23.064385891	543
23.0959398746	-1420
23.0959570408	-1316
23.0960628986	-1368
23.0965380669	-1368
23.0966050625	-1368
23.0975680351	-1368
23.0983419418	-1368
23.098512888	-1368
23.0990169048	-1368
23.099531889	-1420
23.0997638702	543
23.0998599529	-1316
23.1009190083	-1368
23.1022970676	-1420
23.102312088	-1316
23.1025099754	-1368
23.1026198864	-1368
23.1028978825	-1368
23.1034810543	-1368
23.1036798954	-1368
23.1036880016	-1368
23.1103270054	-1368
23.1107978821	-1368
23.1109280586	-1368
23.1115100384	-1368
23.1118149757	-1420
23.1118240356	-1316
23.1120579243	-1368
23.1123080254	-1420
23.1124520302	-1316
23.1124589443	-1368
23.1130819321	-1368
23.113090992	-1368
23.1137309074	-1368
23.1140248775	-1368
23.1140789986	-1368
23.1142110825	-1368
23.1146540642	543
23.114743948	-1368
23.1147489548	-1368
23.1148939133	-1368
23.11500597	-1368
23.1151249409	-1368
23.1152088642	-1368
23.1153318882	-1368
23.1155049801	-1368
23.1155540943	-1368
23.1156868935	-1368
23.1159288883	-1368
23.1159369946	-1368
23.1162378788	-1368
23.1165750027	-1420
23.1166260242	-1316
23.1175820827	-1368
23.1191730499	-1420
23.1191809177	-1316
23.1212289333	543
23.121325016	-1368
23.1216418743	543
23.1299409866	-1368
23.1328098774	-1380
23.1629290581	543
23.1667070389	-139
23.1812410355	543
23.2006709576	-191
23.2034020424	1057
23.2389500141	-1368
23.2512149811	-1420
23.2513098717	-1316
23.2513198853	-1368
23.2543389797	-1368
23.2546520233	-1368
23.2547469139	-1420
23.2547528744	-1316
23.2548930645	-1368
23.2552089691	-1368
23.2554929256	-1368
23.2556169033	-1368
23.2556660175	-1368
23.2562999725	-1368
23.2563550472	-1368
23.2564609051	-1368
23.2595310211	-1420
23.2595460415	-1316
23.2596039772	-1368
23.2606759071	-1368
23.2607438564	-1368
23.260751009	-1368
23.260972023	543
23.2634129524	-1368
23.2634749413	-1368
23.263753891	543
23.2657420635	-1420
23.2657570839	-1316
23.265816927	-1368
23.2702929974	-1420
23.2703609467	-1316
23.2703678608	-1368
23.2709040642	-1420
23.2709178925	-1316
23.2709770203	-1368
23.272397995	-1420
23.2724859715	-1316
23.2740938663	-1420
23.2741620541	-1420
23.2741680145	-1264
23.2746250629	-1368
23.2747590542	-1368
23.2748088837	-1368
23.274944067	543
23.2753109932	-1368
23.27541399	-1368
23.2754778862	-1368
23.276558876	-1368
23.2768309116	-1368
23.2769999504	-1368
23.277050972	-1368
23.2772600651	-1368
23.277381897	-1368
23.2774698734	-1368
23.278085947	-1368
23.278277874	-1368
23.2790250778	-1368
23.2790350914	-1368
23.27917099	-1368
23.2792429924	-1368
23.2799339294	-1368
23.2800440788	-1368
23.280174017	-1368
23.2802650928	-1368
23.2804350853	-1368
23.2808580399	-1299
23.2809100151	-1420
23.2809150219	-1316
23.2810339928	-1368
23.2813980579	-1368
23.2819349766	-1368
23.2824718952	-1368
23.2825980186	-1368
23.2827239037	-1368
23.2829389572	-1368
23.2829458714	-1368
23.283094883	-1368
23.2832229137	-1368
23.2834420204	-1368
23.2834498882	-1368
23.2866680622	543
23.2871959209	543
23.2893059254	543
23.2904210091	543
23.2909049988	543
23.3239789009	-1368
23.3413040638	-1420
23.3413460255	-1316
23.3413500786	-1368
23.3485178947	-1420
23.3485350609	-1316
23.3928918839	-375
23.4010798931	543
23.4034929276	543
23.4037070274	543
23.4175720215	-1368
23.4181790352	-1420
23.4182059765	-1316
23.4182698727	543
23.4183819294	-1368
23.4184429646	-1368
23.4186780453	-1368
23.4209070206	-1368
23.4210119247	-1368
23.4214599133	-1368
23.4229369164	-1368
23.4245948792	-1368
23.4254179001	-1368
23.4254848957	-1368
23.4260950089	-1420
23.4261000156	-1420
23.4261369705	-1264
23.426199913	543
23.4266879559	-1368
23.4267649651	-1368
23.4268660545	-1368
23.4274580479	-1368
23.427560091	-1368
23.4277288914	-1368
23.4282250404	-1368
23.4282920361	543
23.4284188747	-1420
23.4284288883	-1316
23.4291369915	-1368
23.4295818806	-1368
23.4296410084	-1368
23.429847002	-1368
23.429931879	-1368
23.4301080704	-1368
23.4305009842	-1368
23.4306299686	-1368
23.4308578968	-1368
23.4312438965	-1420
23.4312839508	-1316
23.4312858582	-1368
23.4314770699	-1368
23.431581974	-1368
23.4318480492	-1368
23.431910038	543
23.4321119785	-1368
23.4322328568	-1368
23.4326429367	-1368
23.4327390194	-1368
23.4328758717	-1368
23.4330019951	-1368
23.4330990314	-1368
23.4332389832	-1368
23.441576004	-1368
23.4422268867	-1420
23.4422700405	-1316
23.4720928669	-543
23.5051119328	-695
23.5149550438	-543
23.5830440521	-1368
23.5868010521	-1368
23.5868508816	-1368
23.5869278908	-1368
23.587033987	543
23.5882029533	-1368
23.588301897	-1368
23.5883710384	-1368
23.5902080536	-1368
23.5902750492	-1368
23.5903708935	-1368
23.5914740562	-1368
23.5915520191	543
23.5922000408	-1368
23.5929529667	-1368
23.5930709839	-1368
23.593173027	-1368
23.5933048725	-1368
23.5934269428	-1368
23.5942308903	-1368
23.5943510532	-1368
23.5944519043	-1368
23.5949718952	-1368
23.5959100723	-1368
23.595913887	-1368
23.5966830254	-1368
23.5989260674	-1420
23.5989670753	-1420
23.5989699364	-1264
23.5992538929	-1368
23.599353075	-1368
23.5999999046	543
23.6002070904	1057
23.6004009247	-1368
23.6006989479	-1368
23.6010220051	-1368
23.6015338898	-1368
23.6026480198	-1368
23.6027209759	-1368
23.6037769318	-1368
23.6043720245	543
23.605659008	-1368
23.6059119701	-1368
23.6066708565	-1420
23.6066758633	-1316
23.606771946	543
23.6068079472	-1368
23.6110789776	-1420
23.6111218929	-1316
23.6119329929	-1368
23.6120049953	-1368
23.612210989	-1368
23.6122839451	-1368
23.6124749184	-1368
23.6125569344	543
23.6142230034	-1368
23.6143579483	-1368
23.615170002	-1368
23.6151740551	-1368
23.6174850464	-384
23.6348490715	-1380
23.6530160904	-705
23.6549720764	543
23.7302289009	-1086
23.7437269688	-1420
23.7437939644	-1316
23.7437989712	-1368
23.7439110279	-1368
23.744093895	-1368
23.7443289757	-1368
23.7446649075	-1420
23.7447080612	-1316
23.7447109222	-1368
23.7451388836	-1368
23.7461678982	-1420
23.7461900711	-1316
23.7462580204	-1368
23.7468509674	-1368
23.747025013	-1368
23.7475230694	-1368
23.7475988865	543
23.7481188774	-1368
23.7482168674	-1368
23.7503840923	-1368
23.7503888607	-1420
23.75041008	-1316
23.7504498959	-1368
23.7513020039	-1368
23.7513918877	-1368
23.7557990551	-1368
23.7558028698	-1420
23.7558429241	-1316
23.7559289932	543
23.7559728622	-1368
23.7565550804	-1420
23.7565779686	-1316
23.7566878796	-1368
23.7567980289	-1368
23.7569739819	-1368
23.7570960522	-1368
23.7574858665	-1368
23.7575790882	543
23.7585248947	-1420
23.7585299015	-1316
23.7590479851	-1420
23.7590539455	-1316
23.7592680454	-1368
23.7605490685	-1420
23.7605938911	-1316
23.7606868744	-1368
23.7616019249	-1420
23.7616069317	-1316
23.7617809772	-1368
23.7628409863	-1368
23.7634370327	-1420
23.7634420395	-1316
23.7639930248	-1368
23.7918000221	-543
23.7979929447	-1380
23.8426370621	-948
23.8920600414	-1420
23.8920760155	-1316
23.8921570778	-1368
23.9064700603	-1420
23.9064860344	-1316
23.9070429802	-1368
23.909924984	-1368
23.9100029469	-1368
23.9101669788	-1368
23.9102618694	543
23.9103178978	-1420
23.9103200436	-1316
23.9106059074	-1368
23.9106650352	-1368
23.9107329845	543
23.9107708931	-1368
23.9109520912	-1368
23.9110748768	-1368
23.9116380215	-1368
23.9117388725	-1368
23.9118480682	-1368
23.9122629166	-1420
23.9122669697	-1420
23.9123048782	-1264
23.9123859406	-1368
23.9125249386	-1368
23.9132490158	-1368
23.9133739471	-1368
23.913465023	-1368
23.9138939381	-1368
23.9139590263	543
23.915997982	-1420
23.9160020351	-1420
23.9160220623	-1264
23.9189329147	-1420
23.9189810753	-1316
23.9190020561	-1368
23.9193170071	-1368
23.9193899632	-1368
23.9195179939	-1368
23.9197480679	-1420
23.9197728634	-1316
23.919878006	-1368
23.9201209545	-1368
23.9202969074	-1368
23.9210050106	-1368
23.9211230278	-1368
23.9212610722	-1368
23.9213619232	-1368
23.9214739799	543
23.9217848778	-1368
23.9218969345	-1368
23.9220120907	-1368
23.922123909	-1368
23.922205925	543
23.9223060608	-1420
23.9223098755	-1316
23.9226028919	-1368
23.9226920605	-1368
23.9227819443	-1368
23.9296469688	-734
23.9299860001	-1368
23.9493870735	543
23.951210022	1057
23.9550979137	-653
24.0680980682	-1057
24.0681679249	-543
24.070100069	-1368
24.0701980591	-1420
24.0702579021	-1316
24.0704529285	-1368
24.0704579353	-1368
24.071502924	-1368
24.0715889931	-1368
24.0716118813	-1368
24.0733089447	-1368
24.0733349323	-1368
24.0734190941	543
24.0738050938	-1368
24.0739610195	-1368
24.0740790367	-1368
24.0742650032	-1420
24.0742900372	-1316
24.0746250153	-1368
24.0750939846	-1368
24.0751960278	-1368
24.0754849911	-1368
24.0758850574	-1368
24.0760090351	-1368
24.0807020664	-1368
24.0807440281	-1420
24.0807468891	-1316
24.0822999477	-1368
24.0826148987	-1420
24.0826609135	-1316
24.0826659203	-1420
24.0826919079	-1316
24.0828008652	543
24.0828640461	-1368
24.0831570625	-1368
24.0831930637	-1368
24.0833010674	-1368
24.0834128857	543
24.0841910839	-1368
24.0842940807	-1368
24.0844039917	-1368
24.0845298767	-1368
24.0846099854	-1368
24.0847549438	-1368
24.0851690769	-1368
24.0852899551	-1368
24.0853979588	-1368
24.0857610703	-1368
24.085860014	-1368
24.0859918594	-1368
24.0861699581	-1368
24.0862798691	543
24.0863370895	-1368
24.0883538723	-1368
24.0936949253	-1368
24.0937840939	-1368
24.1419949532	-1368
24.1435160637	-1368
24.1435880661	-1368
24.1825170517	-1072
24.187568903	543
24.1924469471	543
24.1926310062	543
24.2313399315	-1368
24.2318129539	-1368
24.234112978	-1368
24.2341179848	-1368
24.234142065	-1368
24.2343230247	-1368
24.2343900204	-1368
24.2345528603	-1368
24.2346429825	-1368
24.2347579002	-1368
24.2348780632	-1368
24.2350568771	-1368
24.2351300716	-1368
24.2352900505	-1368
24.2353608608	-1368
24.2354328632	543
24.2354729176	-1368
24.2356600761	-1368
24.2386269569	-1368
24.2386879921	-1368
24.238754034	543
24.2387940884	-1368
24.2398750782	-1368
24.2413659096	-1368
24.2414519787	-1368
24.2419998646	-1368
24.243129015	-1420
24.243170023	-1316
24.2433109283	-1368
24.2447729111	-1420
24.2447779179	-1420
24.2448170185	-1264
24.2453410625	-1368
24.2454578876	-1368
24.2456169128	-1368
24.2458810806	-1368
24.2459490299	-1368
24.2470390797	-1368
24.2471048832	543
24.2510259151	-1420
24.2510309219	-1316
24.2511658669	-1368
24.2512719631	-1368
24.2515399456	-1368
24.2947020531	-1351
24.3371138573	1057
24.3955478668	-1420
24.395583868	-1316
24.3956480026	-1368
24.3958420753	-1420
24.3958718777	-1316
24.3964319229	-1368
24.3974840641	-1368
24.3975329399	-1368
24.3983449936	-1368
24.3989319801	-1368
24.4040510654	-1420
24.4040570259	-1316
24.4045600891	-1368
24.4046158791	-1368
24.4049770832	-1368
24.4050838947	-1368
24.4054620266	-1368
24.4055969715	-1368
24.4057309628	-1368
24.4060020447	-1368
24.4061889648	-1368
24.4063248634	-1368
24.4064450264	-1368
24.4065899849	-1368
24.4067029953	-1368
24.4067978859	-1368
24.4085469246	-1368
24.4086580276	543
24.4086959362	-1368
24.4087898731	543
24.408823967	-1420
24.4088258743	-405
24.4091739655	-1420
24.4091780186	-1316
24.4092180729	-1368
24.4094500542	543
24.4108278751	-1368
24.4109270573	-1368
24.4109959602	-1368
24.411618948	-1368
24.4116950035	-1368
24.4118070602	-1368
24.4129259586	-1368
24.4130699635	-1368
24.4131400585	-1368
24.4141900539	-1420
24.4142279625	-1316
24.4147260189	-1368
24.4152190685	-1368
24.4153170586	-1368
24.4156939983	-1368
24.4157998562	-1368
24.4159340858	-1368
24.4204349518	-1368
24.4214498997	-1368
24.4220490456	1057
24.4256360531	-543
24.5217700005	-723
24.5590419769	-1420
24.5591158867	-1316
24.5591249466	-1420
24.559169054	-1316
24.5591728687	-1368
24.5595169067	-1368
24.5600829124	-1368
24.5601608753	-1368
24.5607628822	-1368
24.5616328716	-1368
24.5616490841	-1368
24.5645160675	-1368
24.5645320415	-1420
24.5645899773	-1316
24.5659768581	-1368
24.5660970211	-1368
24.5665860176	-1368
24.5668540001	543
24.5671229362	-1368
24.5673880577	-1368
24.5679368973	-1368
24.5685939789	-1368
24.5719430447	-1420
24.5719590187	-1316
24.5720200539	-1368
24.572906971	-1368
24.5729649067	-1420
24.5729708672	-1316
24.5747179985	-1420
24.5747358799	-1316
24.5747969151	-1368
24.5778510571	-1420
24.5779249668	-1316
24.577931881	-1368
24.5804350376	-1420
24.5804510117	-1316
24.5805110931	-1368
24.580726862	-1368
24.5809350014	-1368
24.5809419155	-1368
24.5811178684	1057
24.5817070007	-1368
24.5817220211	-1368
24.5817768574	-1368
24.5831019878	-1368
24.5834829807	-1368
24.5834920406	-1368
24.5855660439	-1368
24.5876228809	-1368
24.587692976	-1368
24.5893058777	-1420
24.589359045	-1316
24.5893650055	-1368
24.5926408768	-1368
24.6038858891	-1057
24.606400013	543
24.6712129116	-355
24.7223169804	-1420
24.7223339081	-1420
24.7223739624	-1264
24.7223770618	-1368
24.7225730419	-1368
24.7226109505	543
24.7228939533	-1368
24.7234249115	-1368
24.7235159874	-1368
24.7237899303	-1368
24.7243518829	-1368
24.7268989086	-1368
24.7269279957	-1368
24.7271530628	-1368
24.7280769348	-1368
24.7281389236	-1368
24.7294659615	-1368
24.7304389477	-1368
24.7305579185	-1368
24.7306249142	-1368
24.7314529419	-1368
24.7330570221	-1368
24.7331578732	-1368
24.7333199978	-1368
24.7337598801	-1420
24.7337648869	-1316
24.7337858677	-1368
24.7338659763	1057
24.734705925	-1368
24.734762907	-1368
24.7348790169	-1368
24.7382519245	-1368
24.7383430004	-1368
24.7384369373	-1368
24.740144968	-1368
24.7415239811	-1368
24.7423300743	-1368
24.7424759865	-1368
24.7430479527	-1368
24.7433328629	-1420
24.7433729172	-1316
24.7435219288	-1368
24.7438809872	-1368
24.7439680099	-1368
24.7443289757	-1368
24.7444000244	543
24.7448740005	-1368
24.7449929714	-1368
24.7451100349	-1368
24.7458999157	-1368
24.7460160255	-1368
24.7461409569	-1368
24.7462658882	-1368
24.7463788986	-1368
24.7464690208	-1368
24.8226900101	-326
24.8849000931	-1420
24.8849179745	-1316
24.8850328922	-1368
24.8854880333	-1368
24.8854990005	-1368
24.8861379623	-1368
24.8873479366	-1420
24.8874309063	-1316
24.8875849247	-1368
24.8878178596	1057
24.8882169724	-1368
24.8892989159	-1368
24.8893680573	-1420
24.8893759251	-1316
24.8896720409	-1368
24.8897659779	-1368
24.8909618855	-1368
24.8913500309	-1368
24.8914630413	-1420
24.8914709091	-1316
24.8934519291	-1368
24.8936419487	-1420
24.8937389851	-1316
24.9015898705	-1368
24.9018309116	-1368
24.9020040035	-1368
24.9020550251	-1368
24.9020600319	-1368
24.9022870064	-1368
24.9036228657	-1420
24.9036829472	-1316
24.9036889076	-1368
24.9038860798	543
24.9050550461	-1420
24.9050700665	-1316
24.9051759243	-1368
24.9058339596	-1368
24.9066290855	-1368
24.9066410065	-1368
24.9068949223	-1368
24.907118082	-1368
24.9071719646	-1368
24.907968998	-1420
24.9080250263	-1316
24.9080309868	-1368
24.9091780186	-1368
24.9092400074	-1368
24.9093458652	-1368
24.9102299213	-1368
24.9104959965	-1368
24.9106149673	-1368
24.9107499123	1057
24.9269790649	-1420
24.9269940853	-1316
24.9349970818	-666
24.9445509911	-1368
24.9580910206	-1368
25.0474119186	-1368
25.0483539104	-1420
25.0484280586	-1316
25.0493559837	-1368
25.0495998859	-1420
25.0497040749	-1316
25.0517709255	-1368
25.0518488884	-1368
25.0519740582	-1368
25.0536739826	-1368
25.0546748638	-1368
25.0558888912	-1368
25.0559148788	-1368
25.0569970608	-1368
25.0570878983	-1368
25.0572519302	-1368
25.0591039658	-1368
25.0591909885	543
25.0592880249	-1420
25.0592930317	-1316
25.0606210232	-1121
25.0621290207	-1368
25.0626590252	543
25.0648670197	-1420
25.0648839474	-1420
25.0649089813	-1264
25.0663940907	-1368
25.0664539337	-1368
25.0681939125	-1368
25.0701839924	-1420
25.0702018738	-1316
25.0721709728	-1368
25.0735390186	-1420
25.073581934	-1316
25.0749568939	-1368
25.0750730038	543
25.0792300701	-1368
25.0792489052	-1368
25.0793139935	-1368
25.0793678761	543
25.0802268982	-1368
25.0803830624	-1420
25.0804960728	-1316
25.0823199749	-1368
25.0823888779	-1368
25.0845179558	-1368
25.0845758915	-1368
25.0847439766	-1368
25.0858008862	-1368
25.0860319138	-1420
25.0861458778	-1316
25.0888409615	-1368
25.0889019966	-1368
25.0890090466	-1368
25.090225935	-1368
25.1751968861	-863
25.2131788731	-1420
25.2131950855	-1316
25.213258028	-1368
25.214523077	-1368
25.2145390511	-1368
25.2147879601	543
25.216121912	-1368
25.2175168991	-1368
25.2175779343	-1368
25.218558073	-1368
25.2190499306	-1368
25.221116066	-1368
25.2212319374	-1420
25.22123909	-1316
25.2218439579	-1368
25.2218549252	-1368
25.2229158878	-1368
25.223870039	-1368
25.223938942	-1420
25.2239449024	-1316
25.2256338596	-1368
25.2258400917	543
25.2274949551	-1368
25.2276470661	543
25.2277328968	-1420
25.2277379036	-1316
25.2289729118	-1368
25.2289879322	-1368
25.2290480137	-1368
25.2304580212	-1420
25.2305269241	-1316
25.2305328846	-1368
25.2327768803	-1368
25.232945919	-1420
25.2330460548	-1316
25.2349638939	-1368
25.2379140854	-1368
25.2379288673	-1368
25.2389550209	-1368
25.2389700413	-1368
25.245511055	-1420
25.2455260754	-1316
25.2455840111	-1368
25.2478680611	-1420
25.2479379177	-1316
25.2479438782	-1368
25.2481598854	543
25.2516360283	-1420
25.2516510487	-1316
25.2517089844	-1368
25.2600879669	-1420
25.260201931	-1316
25.2602090836	-1368
25.2687959671	-1368
25.2689530849	-1420
25.2690589428	-1316
25.2716898918	-1420
25.2717680931	-1316
25.2879168987	-189
25.2961640358	543
25.3749270439	-1420
25.3749558926	-1316
25.3750360012	-1368
25.3754999638	-1368
25.3755540848	-1368
25.3757388592	543
25.3759729862	-1368
25.3761708736	543
25.37647295	-1368
25.376609087	-1368
25.3772649765	-1368
25.3806240559	-1420
25.3806970119	-1316
25.381362915	-1368
25.3814618587	-1420
25.3814690113	-1420
25.3815150261	-1264
25.3815200329	-1368
25.381772995	-1368
25.3818528652	-1368
25.3820319176	-1368
25.3822309971	-1368
25.3822779655	-1368
25.384057045	-1368
25.3841679096	-1368
25.3843069077	-1368
25.3861620426	-1368
25.3861780167	-1368
25.3862829208	-1368
25.3865048885	543
25.387816906	-1368
25.3878319263	-1420
25.3878920078	-1316
25.3923809528	-1368
25.3939089775	-1368
25.3939220905	-1368
25.3952479362	-1368
25.3954389095	-1420
25.3955478668	-1316
25.3975379467	-1368
25.397605896	-1420
25.3976130486	-1316
25.399242878	-1368
25.3994078636	543
25.399823904	-1368
25.4001178741	-236
25.4015228748	-1368
25.4015378952	-1420
25.4015979767	-1316
25.4017579556	-1368
25.4018678665	-1368
25.4020400047	543
25.4022169113	-1368
25.4026229382	-1368
25.4026939869	-1368
25.4028398991	-1368
25.4031529427	-1368
25.5126800537	-401
25.5391819477	-1420
25.5392000675	-1316
25.5392599106	-1368
25.539470911	-1368
25.5395328999	-1368
25.5405008793	-1368
25.5409879684	-1420
25.5410208702	-1316
25.5414500237	-1368
25.5419700146	-1368
25.5420470238	-1368
25.5427138805	-1368
25.5427920818	543
25.545566082	-1420
25.5455720425	-1316
25.5456750393	-1368
25.5473020077	-1368
25.5474319458	-1368
25.5495290756	-1368
25.5505650043	-1368
25.550634861	-1368
25.5515580177	-1368
25.5526740551	-1368
25.5527360439	-1368
25.5535268784	-1368
25.5558769703	-1368
25.5559740067	-1368
25.556098938	-1368
25.5569798946	-1368
25.5570540428	-1368
25.5571129322	543
25.5579309464	-1368
25.5607140064	-1368
25.5607829094	-1368
25.5608389378	-1368
25.5609350204	543
25.561537981	-1368
25.5616970062	-1368
25.5617599487	-1368
25.5629799366	-1420
25.5630230904	-1316
25.5631389618	-1368
25.5639140606	-1368
25.5646579266	-1368
25.565541029	-1420
25.5655450821	-1316
25.5658609867	-1368
25.5659620762	-1368
25.566092968	-1368
25.5667889118	-1368
25.566865921	-1368
25.5669579506	-1368
25.5677199364	-1368
25.5677950382	543
25.5678300858	-1368
25.5688579082	-1368
25.5689370632	-1368
25.5690438747	-1368
25.5693790913	-1368
25.5694460869	-1368
25.5698058605	-1368
25.5701370239	-1368
25.5702579021	-1368
25.570702076	-1368
25.5710809231	-1420
25.5710859299	-1316
25.571377039	-1368
25.5714669228	543
25.5719599724	-1368
25.5720579624	-1368
25.5721759796	-1368
25.5723428726	-1368
25.5724349022	-1368
25.5724759102	543
25.5725810528	-1368
25.5727739334	-1368
25.5731060505	-1368
25.5735678673	-1368
25.5736830235	-1368
25.5740470886	-1420
25.5740849972	-1316
25.5740869045	-1368
25.5742878914	-1368
25.5746588707	-1368
25.5747690201	-1368
25.5750010014	-1368
25.5759758949	-1368
25.5762610435	-1368
25.5763249397	-1368
25.5765259266	-1368
25.5766088963	543
25.5767860413	-1420
25.576789856	-1316
25.5770728588	-1368
25.5771679878	-1368
25.5773010254	-1368
25.5777239799	-1368
25.5778520107	-1368
25.577986002	-1368
25.5780770779	-1368
25.6249539852	-19
25.6537079811	1460
25.6538078785	111
25.7002940178	-1420
25.7003178596	-1316
25.7003860474	-1368
25.7003920078	-1368
25.7008719444	-1368
25.700881958	-1368
25.701128006	-1368
25.7012910843	-1368
25.702354908	-1368
25.7024290562	-1368
25.7037460804	-1368
25.7037520409	-1368
25.7038779259	-1368
25.7039010525	543
25.7039749622	-1368
25.7050180435	-1420
25.7050509453	-1316
25.7062659264	-1368
25.7062969208	-1368
25.7067160606	-1368
25.7067699432	-1368
25.7068378925	543
25.7068729401	-1368
25.7070040703	-1368
25.7080640793	-1368
25.708165884	-1368
25.7081899643	-1368
25.7142190933	-1368
25.7142500877	-1368
25.7143568993	-1368
25.7237319946	-1420
25.723747015	-1316
25.7372319698	-175
25.8453578949	1057
26.0205180645	-543
26.0212528706	-1368
26.0214459896	-1368
26.0341939926	-1368
26.0346460342	-1368
26.0347058773	-1368
26.0470778942	-1368
26.0477519035	-1420
26.047796011	-1316
26.1342449188	-24
26.189029932	-1420
26.1890819073	-1316
26.1891109943	-1368
26.2021670341	-1368
26.2486069202	-356
26.2507328987	543
26.3294448853	543
26.3512499332	543
26.3519389629	543
26.3521828651	543
26.3995139599	-543
26.4587979317	543
26.5111498833	543
26.5112559795	543
26.5527329445	-1086
26.5679209232	-1420
26.5679290295	-1316
26.5710330009	-1368
26.5712778568	543
26.5892000198	543
26.6127049923	-543
26.6306710243	543
26.6402790546	1057
26.6630280018	543
26.6644480228	543
26.6647770405	-66
26.6668739319	543
26.667454958	543
26.6681699753	543
26.6691219807	543
26.7013390064	-1420
26.7014648914	-1340
26.7020890713	-1420
26.7021288872	-1420
26.7021479607	-1300
26.7299699783	-1420
26.7300438881	-1340
26.7300820351	-1380
26.7302880287	543
26.7371280193	-1380
26.7508950233	-1420
26.7509770393	-1340
26.7875680923	-543
26.8010649681	-1368
26.8306539059	-1420
26.8306820393	-1316
26.8309640884	543
26.8317329884	-1368
26.8319609165	543
26.8320569992	-1368
26.8392100334	-1380
26.8398489952	-1420
26.8399560452	-1420
26.8401110172	-1300
26.8402218819	-1380
26.841078043	-1420
26.8410909176	-1420
26.8411450386	-1420
26.8411500454	-1260
26.8411920071	-1420
26.8412320614	-1420
26.8412370682	-1264
26.8412759304	-1380
26.8416569233	543
26.8422999382	-1368
26.8423659801	-1368
26.8424270153	-1368
26.8439030647	-1420
26.8439309597	-1316
26.8440389633	-1368
26.8447630405	-1368
26.8448219299	-1368
26.8448970318	543
26.8450880051	-1368
26.8459529877	-1368
26.8460428715	-1368
26.8462359905	-1368
26.8463759422	-1368
26.8464798927	-1368
26.8469629288	-1420
26.8469688892	-1316
26.8471539021	-1368
26.8472568989	-1368
26.8473489285	-1368
26.8475019932	-1368
26.8475899696	-1368
26.8477249146	-1368
26.8478929996	-1420
26.8478970528	-1316
26.8480348587	-1368
26.8481440544	-1368
26.8485429287	-1420
26.8485479355	-1316
26.8487138748	-1368
26.8488130569	-1368
26.8489470482	-1368
26.8490569592	-1368
26.8491408825	1057
26.8493950367	-1420
26.8494000435	-1316
26.8495910168	-1368
26.8496890068	-1368
26.8498389721	-1368
26.8545088768	-1368
26.8546760082	-1420
26.854681015	-1316
26.8676650524	-181
26.9088258743	-1368
26.9129118919	-260
26.9405770302	543
26.9793188572	1057
26.9984650612	1057
27.0101139545	-1368
27.0261850357	-1347
27.0270180702	543
27.0302660465	-1368
27.1385269165	-1260
27.1531009674	543
27.154061079	543
27.1766030788	-1368
27.1774749756	-1368
27.1775519848	-1368
27.1776559353	-1368
27.1777460575	-1368
27.1778628826	-1368
27.1783239841	-1368
27.1787090302	-1420
27.1787540913	-1316
27.1798799038	-1368
27.1811890602	-1368
27.1813058853	-1368
27.1826119423	-1368
27.1867890358	-1368
27.187746048	-1368
27.1878938675	-1368
27.1879520416	-1368
27.1881110668	-1368
27.1881639957	-1368
27.1888239384	543
27.1924688816	-1420
27.1924738884	-1316
27.1925880909	-1368
27.1941978931	-1368
27.1942689419	-1368
27.1957709789	-1368
27.1972510815	-1368
27.1973390579	-1368
27.1989619732	-1368
27.2007288933	-1368
27.2007570267	-1368
27.2009599209	543
27.2020449638	-1368
27.2052819729	-1420
27.2053260803	-1316
27.2053980827	-1368
27.2065730095	-1368
27.2066569328	-1368
27.2076060772	-1368
27.2088868618	-1368
27.2125110626	543
27.2212409973	543
27.2525539398	-1314
27.253000021	543
27.3253259659	-1368
27.3257229328	543
27.3299059868	-543
27.3335058689	-1368
27.365033865	-1036
27.3655319214	543
27.4775290489	-1086
27.4883458614	-1368
27.5111179352	543
27.5112030506	565
27.5113239288	543
27.5352220535	-1420
27.5352289677	-1316
27.5408358574	-1368
27.5408408642	-1420
27.5408830643	-1316
27.5409729481	-1368
27.551815033	-1368
27.575948	-1368
27.5891499519	-1368
27.589411974	-32
27.6399459839	-1368
27.648786068	-1368
27.6784288883	-1368
27.6857829094	-1368
27.6917660236	-1368
27.7023630142	-132
28.5111320019	543
28.6172089577	-543
28.7837259769	1460
28.7838199139	1460
28.7838659286	1161
28.7839150429	1460
28.7839980125	1199
28.784455061	1057
28.8264920712	543
28.8816099167	1057
28.8831949234	1057
28.8847119808	1057
28.9430260658	-543
28.9471309185	-1420
28.947247982	-1420
28.9472579956	-1264
28.9473478794	-1368
28.9473540783	-1368
28.9497189522	-1420
28.9497330189	-1316
28.9499640465	543
28.9500598907	-1368
28.9557199478	-1368
28.9561989307	-1368
28.9570400715	-1420
28.9571008682	-1316
28.9576120377	-1420
28.9577209949	-1316
28.9592518806	-1420
28.9593169689	-1316
28.9595890045	-1420
28.9597299099	-1316
28.9597358704	-1368
28.9598798752	543
28.9600999355	-1420
28.9601089954	-1316
28.9611189365	-1368
28.9613029957	-1368
28.9614858627	-1368
28.9614930153	-1368
28.961575985	-1368
28.9798839092	-543
29.0553400517	-1420
29.0553660393	-1316
29.0598099232	-1420
29.0598258972	-1316
29.0599410534	-1368
29.0599470139	-1368
29.0600779057	-1368
29.0601890087	-1368
29.0602688789	-1368
29.0604140759	-1368
29.060461998	-1368
29.0606329441	-1368
29.0625119209	-1420
29.0625269413	-1316
29.0625870228	-1368
29.0626769066	-1368
29.0629658699	-1420
29.0629708767	-1316
29.0630068779	543
29.064360857	543
29.0681860447	-1420
29.0682020187	-1316
29.0686628819	-1368
29.0686779022	-1368
29.0709350109	-1368
29.0709500313	-1368
29.0710380077	-1420
29.0710439682	-1316
29.0712690353	-1368
29.0715780258	-1420
29.0716300011	-1420
29.0716369152	-1264
29.0717699528	-1368
29.0718569756	-1368
29.0719769001	-1368
29.0721049309	-1368
29.072373867	543
29.0729179382	-1368
29.0732200146	-1368
29.0732810497	-1368
29.0732870102	-1368
29.0733258724	-1368
29.0734598637	-1368
29.0735039711	-1368
29.0736830235	-1368
29.0739159584	-1368
29.0739228725	-1368
29.0740249157	-1368
29.0741169453	-1368
29.0742349625	-1368
29.0744330883	-1368
29.0744829178	-1368
29.0746510029	-1368
29.0746970177	-1368
29.0748529434	-1368
29.0749008656	-1368
29.0750920773	-1368
29.0760719776	543
29.1623549461	1057
29.1679439545	-1368
29.1681199074	-1420
29.1681740284	-1420
29.1681780815	-1264
29.1683580875	543
29.1722159386	-1420
29.172221899	-1316
29.1725020409	-1368
29.1725070477	-1368
29.1725299358	-1368
29.1726579666	-1368
29.1727700233	-1368
29.1729369164	-1368
29.1729969978	-1368
29.1731450558	-1368
29.173279047	-1368
29.1733620167	-1368
29.1735360622	-1368
29.1736519337	-1368
29.1737399101	543
29.1737940311	-1368
29.1739189625	-1368
29.1740269661	-1368
29.1740958691	-1368
29.1742138863	-1368
29.1743490696	-1368
29.1762108803	-1368
29.17633605	-1368
29.1764559746	-1368
29.1765670776	-1368
29.1766889095	-1368
29.176887989	-1420
29.1769280434	-1316
29.1769759655	-1368
29.1771569252	-1420
29.177161932	-1316
29.1772789955	-1368
29.1774179935	-1368
29.1803028584	-1420
29.1803078651	-1316
29.1803939342	543
29.1805210114	-1368
29.1806209087	-1368
29.1806988716	543
29.1807370186	-1368
29.1808929443	-1368
29.1810340881	-1368
29.1814370155	-1368
29.1831579208	-1420
29.1831629276	-1316
29.1833429337	-1420
29.1833479404	-1316
29.1837749481	-1420
29.1837799549	-1420
29.1838219166	-1264
29.1838879585	-1368
29.1840219498	-1368
29.1841180325	-1368
29.1842610836	-1368
29.1843299866	543
29.1843650341	-1368
29.1845319271	-1420
29.1845700741	-1316
29.1847279072	-1368
29.1848340034	-1368
29.1849339008	-1368
29.1850919724	-1368
29.1851859093	-1368
29.1853170395	-1368
29.1854169369	-1368
29.1855449677	-1368
29.1856689453	-1368
29.1857640743	-1368
29.1859378815	-1368
29.1860570908	-1368
29.1861848831	-1368
29.1863319874	-1368
29.1864209175	-1368
29.1865198612	-1368
29.1866688728	-1368
29.1868760586	-1420
29.1868789196	-1316
29.187128067	-1420
29.1871340275	-1316
29.1872699261	-1368
29.1873800755	-1368
29.1874718666	-1368
29.1875839233	-1368
29.1877040863	-1368
29.1878218651	-1368
29.1879498959	-1368
29.1880509853	-1368
29.1881098747	543
29.1881830692	-1368
29.1882870197	543
29.1883330345	-1368
29.1885459423	-1368
29.1886730194	-1420
29.1886758804	-1316
29.1888098717	-1368
29.1889159679	-1368
29.1890640259	-1368
29.1891560555	-1368
29.1892719269	-1368
29.1894030571	-1368
29.1895279884	-1368
29.1896278858	-1368
29.1899240017	-1420
29.1899268627	-1316
29.1901268959	-1368
29.1902170181	-1368
29.1903128624	-1368
29.1904459	-1368
29.1906330585	-1420
29.1906359196	-421
29.1953699589	543
29.2558100224	1460
29.2565510273	111
29.3029210567	-1086
29.360478878	1057
29.3955619335	543
29.4111719131	543
29.4114489555	543
29.4189279079	-1368
29.4549019337	-804
29.4604830742	-1420
29.460490942	-1420
29.4605400562	-1264
29.460919857	1460
29.4609780312	111
29.4802188873	543
29.4897620678	-1368
29.5725569725	-327
29.6043689251	-1368
29.6242930889	543
29.6430859566	-1368
29.6431009769	-1368
29.6431510448	-1368
29.6533260345	543
29.6875200272	-899
29.6885888577	-543
29.6938009262	543
29.7015180588	543
29.708163023	543
29.7090919018	543
29.7735929489	-1420
29.7736079693	-1316
29.7736420631	-1368
29.7744250298	-1368
29.7744948864	-1368
29.7745718956	543
29.7752928734	-1368
29.7758340836	-1368
29.7758860588	-1368
29.7763299942	-1368
29.7772479057	-1368
29.7774078846	-1368
29.7783050537	-1368
29.7833499908	-1368
29.7842240334	-1368
29.7843239307	-1368
29.7900140285	-1380
29.796102047	-1420
29.7961120605	-1316
29.7962989807	-1368
29.7999830246	-454
29.8337888718	-1420
29.8338270187	-1340
29.8736479282	-30
29.9008209705	-1380
29.9008939266	-1380
29.9511079788	1460
29.9511899948	625
29.9786159992	-543
30.0388429165	-353
30.0404069424	1057
30.0928869247	-543
30.1189849377	-1420
30.1190378666	-1340
30.1308729649	-543
30.1768429279	-896
30.179445982	1057
30.21636796	-1420
30.2163939476	-1316
30.2165160179	-1368
30.2166728973	-1368
30.2167198658	-1368
30.2172670364	-1368
30.217320919	-1368
30.2177519798	-1368
30.2178030014	-1368
30.2178869247	-1368
30.2185909748	-1368
30.218724966	-1368
30.2187800407	-1368
30.2190089226	-1368
30.2190570831	-1368
30.219244957	-1368
30.2193629742	-1368
30.2195880413	-1368
30.2196400166	-1368
30.2198579311	-1368
30.2199029922	-1368
30.2200829983	1057
30.2350618839	-1420
30.2350769043	-1316
30.2351350784	-1368
30.2371358871	1057
30.2456948757	-1368
30.2561130524	-1368
30.2830049992	-1368
30.2831408978	-1368
30.2831950188	-1368
30.2833349705	-1368
30.2834589481	-1368
30.2835719585	-1420
30.2835960388	-131
30.2838850021	-1368
30.2839419842	-1368
30.2841320038	-1368
30.2847249508	-1368
30.2848219872	-1368
30.2848739624	-1368
30.2905778885	-1368
30.2906348705	-1368
30.2908289433	-1368
30.2909610271	-1368
30.2909660339	-1368
30.2910850048	-1368
30.2911090851	543
30.2914290428	-1420
30.2914340496	-1316
30.2914888859	-1368
30.2916998863	-1368
30.2917640209	-1368
30.293735981	-1368
30.2955839634	-1368
30.2957289219	-1368
30.2957859039	-1368
30.3089880943	-1368
30.3962008953	-723
30.5102119446	-1420
30.5102329254	-1316
30.5102739334	-1368
30.5501580238	-1152
30.550385952	543
30.6634020805	-1086
30.6642730236	543
30.6851460934	1057
30.7162768841	543
30.7311320305	543
30.732006073	543
30.7322368622	543
30.7324929237	543
30.7327029705	543
30.7329418659	543
30.7331540585	543
30.7333819866	543
30.7335960865	543
30.7338249683	543
30.734003067	543
30.7455530167	543
30.7457680702	1057
30.7563228607	543
30.7566258907	543
30.7915520668	-543
30.8113729954	543
30.8116459846	543
30.8880319595	543
30.8883218765	1057
30.9050018787	-543
30.920443058	543
31.018748045	-543
31.0360240936	-543
31.0404109955	-1420
31.0404579639	-1316
31.0466229916	-1368
31.046681881	-1368
31.0467338562	-1368
31.0535559654	-1420
31.0535619259	-1316
31.0536460876	-1368
31.0598418713	-1420
31.0598928928	-1316
31.0598950386	-1368
31.0663030148	-1368
31.0664010048	543
31.0681838989	-1368
31.0682790279	-1368
31.0779850483	-1380
31.0943779945	-1420
31.0943849087	-1316
31.1248180866	-1368
31.1312389374	1057
31.1318280697	543
31.1320638657	543
31.1500730515	-736
31.156842947	-792
31.2348270416	-1420
31.234869957	-1340
31.2349250317	-1380
31.262526989	-543
31.266149044	-1420
31.2661540508	-1316
31.2663109303	-1368
31.2721450329	-1420
31.2721529007	-1316
31.2723078728	-1368
31.2946379185	-88
31.3021478653	1057
31.3184890747	-1420
31.3185079098	-1316
31.3185710907	-1368
31.3233480453	-1420
31.3234610558	-1316
31.3234689236	-1368
31.3304519653	-1420
31.3304679394	-1316
31.3305280209	-1368
31.3346788883	-1368
31.3348770142	-1420
31.3348860741	-1316
31.3397510052	-1368
31.3418529034	-1420
31.3419270515	-1316
31.3420810699	543
31.3436920643	-1420
31.3437070847	-1316
31.3439478874	543
31.3467960358	-1368
31.348115921	-1368
31.3481900692	-1368
31.3785738945	-963
31.388835907	543
31.4040560722	-1380
31.4058470726	1460
31.4059240818	625
31.4328479767	-1306
31.4697890282	-1368
31.4721210003	543
31.5018398762	-261
31.5280950069	-1368
31.5282120705	-1420
31.5282199383	-1316
31.5528988838	-1380
31.6141588688	-1152
31.6157178879	543
31.6196699142	-249
31.6417188644	543
31.6621448994	1460
31.6622109413	625
31.7265369892	-543
31.8360910416	-1420
31.8361010551	-151
31.8385970592	1460
31.8386678696	625
31.8399810791	543
31.888917923	-543
31.8892688751	1057
32.0031368732	-543
32.014975071	543
32.1279380322	-1086
32.1285550594	-543
32.1457929611	1057
32.2230288982	-1380
32.3065879345	-220
32.3325538635	-543
32.4021749496	-1368
32.4448759556	-1086
32.4846479893	-261
32.4990339279	543
32.5212080479	543
32.5218529701	543
32.5220730305	543
32.5672669411	1460
32.5673499107	111
32.6296329498	543
32.6313579082	543
32.6702730656	543
32.6705520153	543
32.6705989838	-543
32.6910190582	543
32.6913719177	543
32.6916899681	543
32.691988945	543
32.7726569176	-543
32.7937588692	-1420
32.7937700748	-1316
32.7938189507	-1368
32.8052909374	-609
32.8126978874	543
32.8133430481	543
32.8135650158	543
32.879185915	-1368
32.8805508614	-1368
32.8806209564	-1368
32.881125927	-1368
32.8904049397	-1368
32.8913600445	-1368
32.8997569084	-1380
32.9134268761	543
32.9175798893	-762
32.9195408821	543
32.9335238934	543
32.9360949993	543
32.9516680241	-191
33.0465359688	-1086
33.0472159386	-1368
33.0475509167	-1368
33.0516760349	543
33.0518870354	543
33.0579919815	-1420
33.0580360889	-1316
33.0749058723	-1368
33.0804290771	-1420
33.080436945	-1316
33.0804629326	-1368
33.0806128979	-1368
33.0806779861	-1368
33.0809049606	-1368
33.0819270611	-1420
33.0819308758	-1316
33.0820269585	-1368
33.0936949253	-1420
33.0937418938	-1420
33.0937459469	-1264
33.094894886	-1420
33.0948979855	-1316
33.0957140923	-1368
33.0967559814	-1420
33.0968010426	-1316
33.0996899605	-543
33.1044440269	-1368
33.1045520306	-1368
33.1046409607	543
33.1047999859	543
33.1554229259	-1368
33.1592240334	-420
33.2248270512	-1380
33.2381060123	-1248
33.2690498829	-1420
33.269067049	-1316
33.2691919804	-1368
33.2694718838	-1420
33.2695169449	-1316
33.2695479393	-1368
33.2718288898	-1420
33.271832943	-1316
33.2719049454	-1368
33.2719888687	543
33.2728860378	-1368
33.2730400562	-1368
33.273859024	543
33.2739028931	-1368
33.2748320103	-1420
33.2748739719	-1316
33.274928093	-1368
33.2752349377	-1368
33.2752850056	-1368
33.2754318714	-1368
33.2759959698	-1368
33.2760739326	-1368
33.2761938572	-1368
33.2779529095	-1368
33.278124094	-1368
33.2782540321	-1368
33.2839028835	-1380
33.3134570122	-43
33.313560009	543
33.3760159016	-705
33.3775250912	543
33.4819710255	-543
33.522662878	-543
33.5275099277	-1420
33.527518034	-1316
33.5275540352	-1368
33.5285449028	-1420
33.5285499096	-1316
33.5286800861	543
33.5325090885	-1368
33.5387229919	-1420
33.5387918949	-1316
33.5387980938	-1368
33.5521888733	-1420
33.5522038937	-1316
33.5959219933	-90
33.6193759441	-1368
33.7033350468	1057
33.7334148884	-261
33.7450098991	543
33.7560329437	-543
33.7567050457	543
33.7602350712	543
33.7715280056	1460
33.7715749741	111
33.8876900673	-543
33.894906044	-543
34.0001370907	-1086
34.0647320747	-1368
34.0648648739	-1368
34.0681529045	543
34.0688650608	543
34.0690889359	543
34.112402916	-978
34.1141200066	543
34.1211559772	543
34.2185959816	-543
34.2268249989	-543
34.3212358952	-1420
34.3212649822	-1316
34.3213400841	-1368
34.3793520927	-1152
34.3830859661	543
34.3970389366	-543
34.4459490776	-1380
34.4461779594	543
34.4921989441	-543
34.4929139614	1460
34.493035078	625
34.5747909546	-734
34.6056380272	-543
34.9108030796	-543
35.0633299351	-1086
35.0742409229	1057
35.3106188774	-543
35.414026022	-1420
35.4140799046	-1316
35.5026869774	-435
35.5044400692	543
35.7419900894	-543
35.7428679466	1460
35.7429950237	111
36.1842329502	-543
36.81894207	1057
36.9642450809	-543
37.0766439438	-543
