0	543
0.000169992446899	543
0.999844789505	543
2.32595801353	543
2.69861984253	-543
2.69882678986	543
3.10563087463	-543
3.13272690773	543
3.48360490799	-543
3.48379087448	543
3.90941596031	-1420
3.90943479538	-1420
3.90949296951	-787
4.02660083771	-1057
4.07319879532	-1368
4.18340182304	-203
4.1856148243	543
4.18868494034	543
4.20429992676	543
4.51002001762	-543
4.52912783623	-543
4.53320002556	543
4.65068697929	-543
4.80749988556	-543
4.80772686005	543
4.81715798378	-1420
4.81717085838	-1316
4.92468190193	-377
5.19579100609	-1420
5.19586896896	-1420
5.19591593742	-787
5.31314897537	-1057
5.31333184242	543
5.36285495758	-1368
5.43032288551	-203
5.43235898018	543
5.79560399055	-543
5.79595899582	543
6.07375693321	-543
6.18747901917	-543
6.22822284698	543
6.64503598213	-543
6.65083289146	-543
6.66343784332	543
6.92813181877	-543
7.00323081017	543
7.06235384941	-543
7.07504200935	543
7.52128386497	-543
7.53334283829	543
7.92926287651	-543
7.93844199181	543
8.28512883186	-543
8.28530693054	543
8.67897200584	-1420
8.67898988724	-1420
8.67904496193	-787
8.79605102539	-1057
8.81118583679	-1420
8.81124591827	-1316
8.81453585625	-1420
8.81459188461	-1420
8.81462883949	-1264
8.82394886017	-1420
8.82400393486	-1316
8.88005495071	543
8.88552379608	543
8.92849588394	-1334
8.95704984665	-1420
8.95711493492	-1316
8.95830082893	-1420
8.95834183693	-1420
8.95834589005	-1264
8.96263384819	-1420
8.96263885498	-1420
8.96267986298	-1264
8.96291589737	-1420
8.96292090416	-1420
8.96296882629	-1264
8.96362900734	543
8.96669793129	-1368
8.97098088264	-1368
9.07451581955	-981
9.10307002068	-1420
9.10314393044	-1316
9.10390782356	-1368
9.10407996178	-1420
9.10408401489	-1316
9.11670184135	-1368
9.11682581902	-1420
9.11687684059	-1316
9.11724281311	-1368
9.18787002563	-1368
9.18809485435	543
9.18826389313	543
9.22035193443	-430
9.22115087509	543
9.53104782104	-1420
9.53106594086	-1420
9.53112792969	-787
9.54481601715	-1420
9.54488182068	-1316
9.57715582848	-1420
9.57721090317	-1316
9.57949185371	543
9.59101891518	-1420
9.59103178978	-1420
9.59108281136	-1264
9.64828491211	-277
9.65145897865	543
9.65169692039	1460
9.65174198151	1460
9.65177583694	1161
9.65189599991	89
9.76330399513	-543
9.78451395035	-543
9.94730782509	-543
10.0008509159	543
10.0805768967	-1420
10.0806229115	-1316
10.0853319168	-1420
10.0853579044	-1420
10.0853989124	-1264
10.0891189575	-1420
10.0891349316	-1420
10.0891928673	-1264
10.0951018333	-1420
10.0951189995	-1420
10.0951709747	-1264
10.0951738358	-1368
10.1042768955	-264
10.1090497971	-1420
10.1090548038	-1316
10.2213737965	-377
10.2216148376	543
10.3466989994	-586
11.096668005	-1420
11.0966877937	-1420
11.0967438221	-787
11.1022047997	-1420
11.1022629738	-1420
11.1022670269	-1264
11.105178833	-1420
11.1051888466	-1420
11.1052339077	-1264
11.1105148792	-1368
11.2140369415	-1420
11.2140548229	-1420
11.2141208649	-1420
11.2141239643	-1420
11.2141568661	-1420
11.2141599655	-1108
11.2143909931	543
11.2197368145	-1420
11.2197449207	-1420
11.2197909355	-1420
11.2197937965	-1212
11.2198388577	-1420
11.2198410034	-1316
11.2203629017	543
11.2225618362	-1420
11.222566843	-1420
11.2226068974	-1264
11.2631578445	-1420
11.2631947994	-1420
11.2631998062	-1264
11.2675559521	-1420
11.2675628662	-1316
11.3325870037	-1420
11.3326039314	-1420
11.3326478004	-1420
11.3326508999	-1420
11.3326919079	-1160
11.3326950073	-1420
11.332711935	-1420
11.3327147961	-1264
11.3327388763	-1420
11.3327410221	-1420
11.3327558041	-1420
11.3327579498	-1212
11.3330659866	543
11.3373780251	-1420
11.337474823	-1420
11.337528944	-1420
11.337531805	-1212
11.3375658989	-1420
11.3375678062	-1420
11.3376009464	-1420
11.3376038074	-1420
11.337635994	-1160
11.337638855	-1420
11.3376729488	-1420
11.3376748562	-1264
11.3379569054	543
11.3400499821	-1420
11.3400838375	-1420
11.3402228355	-1420
11.3402268887	-1420
11.3402647972	-1160
11.3402678967	-1420
11.3403007984	-1420
11.3403038979	-267
11.3405218124	543
11.3973999023	-1420
11.3974180222	-1316
11.4007968903	-1420
11.4008028507	-1420
11.4008460045	-1264
11.4018588066	-1420
11.4018929005	-1316
11.4064459801	-1368
11.4499189854	-1368
11.4499359131	-1420
11.4499788284	-1420
11.4499819279	-1420
11.4499969482	-1212
11.4500558376	-1420
11.4500739574	-1420
11.4500768185	-1264
11.4501018524	-1420
11.4501049519	-1316
11.4502379894	-1368
11.4502418041	-1420
11.4502677917	-1316
11.4504649639	543
11.4505798817	-1420
11.4505829811	-1420
11.4505839348	-1264
11.4506468773	-1420
11.4506490231	-1420
11.4506490231	-1264
11.4507780075	-1420
11.4507808685	-1420
11.4507808685	-1420
11.4507818222	-1212
11.4507830143	-1368
11.451073885	543
11.4549818039	-1420
11.4550168514	-1420
11.4552049637	-1420
11.4552078247	-1420
11.4552559853	-41
11.4552588463	-1420
11.4553627968	-1420
11.4553658962	-1420
11.4554078579	-1212
11.4554109573	-1368
11.4554448128	-1420
11.4554479122	-1316
11.4554820061	-1420
11.4554839134	-1316
11.455518961	-1420
11.4555208683	-1420
11.45556283	-1264
11.4557328224	543
11.4566237926	-1368
11.572165966	-467
11.5729579926	-1368
11.57315588	-1368
11.5744829178	-1420
11.5745248795	-1420
11.5745279789	-1264
11.5788249969	-1420
11.5788369179	-1420
11.5788857937	-1264
11.57899189	543
11.5794348717	-1420
11.5794389248	-1316
11.5794789791	-1368
11.5881168842	-1368
11.5990548134	-1420
11.5990660191	-1316
11.6011478901	-1420
11.6011519432	-1420
11.6011929512	-1264
11.601680994	-1368
11.601831913	-1420
11.6018359661	-1316
11.6019339561	543
11.6048998833	-1420
11.6049048901	-1420
11.6049439907	-1264
11.6065368652	-1368
11.6066308022	543
11.6082558632	-1368
11.6084158421	-1420
11.6084568501	-1316
11.6133599281	-1420
11.6134028435	-1316
11.6134059429	-1368
11.6150109768	-1420
11.6150238514	-1316
11.6150648594	-1368
11.617194891	-1420
11.6172590256	-1420
11.6172618866	-1264
11.6172978878	-543
11.6222188473	-1420
11.6222238541	-1420
11.6222648621	-1264
11.6248779297	-1420
11.6249189377	-1420
11.6249217987	-1264
11.6250488758	543
11.6269948483	-1420
11.6270179749	-1316
11.6270649433	-1368
11.634226799	-1420
11.6342709064	-1316
11.6342740059	-1368
11.6758618355	-1420
11.6758918762	-1420
11.6759397984	-1264
11.6894989014	-579
11.724064827	-1420
11.7240819931	-1316
11.7255928516	-1420
11.7255978584	-1316
11.7256360054	-1368
11.7312829494	-1368
11.7314147949	-1420
11.7314198017	-1316
11.73148489	543
11.7331449986	-1420
11.7331500053	-1420
11.7331910133	-1264
11.7332639694	543
11.7345039845	-1368
11.7366030216	-1420
11.7366437912	-1316
11.738052845	-1420
11.738093853	-1316
11.7381629944	-1368
11.7415719032	-1420
11.7415759563	-1420
11.741617918	-1264
11.7426629066	-1420
11.742702961	-1316
11.742705822	-1368
11.7442648411	-1368
11.74584198	-1420
11.745885849	-1420
11.7458889484	-1264
11.7468779087	-1420
11.7468819618	-1316
11.7477757931	-1368
11.7478468418	543
11.7489960194	-1420
11.7490010262	-1316
11.7497138977	-1368
11.753882885	-1420
11.7539258003	-1316
11.7541699409	-1368
11.7686889172	-1420
11.7686989307	-1420
11.7687280178	-1264
11.7810909748	-1368
11.8070719242	-1032
12.0003039837	543
12.6914148331	-1420
12.6914889812	-1420
12.6915328503	-787
12.6917068958	543
12.6930429935	-1420
12.6930480003	-1316
12.6948978901	-1368
12.6963608265	-1420
12.6964039803	-1316
12.6975619793	-1368
12.6976468563	543
12.703099966	-1420
12.7031049728	-1316
12.7035629749	-1368
12.705509901	-1420
12.7055528164	-1420
12.7055559158	-1264
12.7063479424	-1420
12.7063529491	-1316
12.7070889473	-1368
12.7075660229	-1420
12.7075920105	-1316
12.7080388069	-1368
12.7085638046	-1420
12.7085688114	-1316
12.7088699341	-1368
12.7257599831	-1420
12.725826025	-1420
12.7258307934	-1264
12.7264418602	-1420
12.726446867	-1316
12.7265458107	543
12.8086388111	-1420
12.8086569309	-1420
12.8087129593	-1264
12.8087158203	-1420
12.8087499142	-1420
12.8087530136	-1264
12.8103849888	-1420
12.8103899956	-131
12.8607029915	-1420
12.8607208729	-1316
12.8646118641	-1420
12.8646268845	-1420
12.8646788597	-1264
12.8648028374	543
12.877560854	-1420
12.8775789738	-1420
12.8776249886	-1264
12.891381979	-1420
12.8914349079	-1316
12.891438961	-1368
12.8915908337	543
12.9078469276	-1368
12.9152758121	-1420
12.915337801	-1316
12.9196178913	-1420
12.9196629524	-1420
12.9196658134	-1264
12.9276368618	-1420
12.9276440144	-1420
12.9276919365	-1264
12.9276947975	-744
12.9331269264	-1420
12.9331319332	-1420
12.9331729412	-1264
12.9422929287	-1420
12.9423480034	-1420
12.9423518181	-1264
12.9449739456	-1420
12.9449830055	-1420
12.9450078011	-1264
13.0024309158	-1420
13.0024418831	-1316
13.002671957	543
13.0047199726	-1420
13.0047249794	-1420
13.0047659874	-1264
13.0185308456	-1420
13.0185987949	-1420
13.0186028481	-1264
13.0423469543	-1420
13.042361021	-1420
13.04241395	-1264
13.0475869179	-1368
13.0477190018	543
13.0503969193	-462
13.0505309105	-1368
13.0506749153	-1368
13.0587279797	-1420
13.0587718487	-1420
13.0587749481	-1264
13.0691468716	-1420
13.0691568851	-1420
13.0692038536	-1264
13.069316864	543
13.0808908939	-1420
13.0808990002	-1420
13.0809328556	-1264
13.0935969353	-1368
13.0981190205	-1420
13.0981318951	-1316
13.1043069363	-1420
13.1043138504	-1420
13.1043548584	-1264
13.1184530258	-1420
13.1185209751	-1420
13.1185259819	-1264
13.1304368973	-1420
13.1304469109	-1420
13.1305038929	-1264
13.1443369389	-1368
13.1444950104	543
13.1505768299	-1420
13.1505949497	-1420
13.150635004	-1264
13.1560919285	-1420
13.1561388969	-1316
13.1634078026	-1368
13.1676838398	-1420
13.1676909924	-1420
13.1677320004	-904
13.1756818295	-1420
13.1757278442	-1316
13.1757309437	-1368
13.1874909401	-1368
13.1910839081	-1420
13.1911308765	-1420
13.191133976	-1264
13.1912388802	543
13.1977419853	-1420
13.1977479458	-1316
13.2017889023	-1368
13.2018818855	543
13.2058358192	-1420
13.2058420181	-1316
13.2095959187	-1368
13.2137749195	-1420
13.2138259411	-1420
13.2138288021	-1264
13.2336778641	-1420
13.2336969376	-1420
13.2337548733	-1264
13.2428078651	-1420
13.2428789139	-1420
13.242882967	-1264
13.2611808777	-1420
13.2611989975	-1420
13.2612559795	-1264
13.2720108032	-1420
13.2720680237	-1420
13.2720727921	-1264
13.2807898521	-1368
13.2850878239	-1420
13.2851359844	-1316
13.285214901	543
13.2910318375	-1420
13.2910368443	-1420
13.2910778522	-1264
13.2927548885	-415
13.2990069389	-1420
13.2990119457	-1420
13.2990548611	-1264
13.3066718578	-1420
13.3067150116	-1420
13.3067178726	-1264
13.3201549053	-1420
13.3201680183	-1420
13.3202278614	-1264
13.3235609531	-1420
13.3236060143	-1420
13.3236088753	-1264
13.3237328529	543
13.3310220242	-1420
13.3310348988	-1420
13.3310849667	-1264
13.3374598026	-1420
13.3375248909	-1420
13.337528944	-1264
13.3376870155	543
13.3434178829	-1368
13.346724987	-1420
13.3467838764	-1316
13.3495848179	-1420
13.349627018	-1420
13.349629879	-1264
13.352162838	-1368
13.3523499966	-1420
13.3523898125	-1316
13.3579258919	-1420
13.3579688072	-1420
13.357973814	-1264
13.3629739285	-1420
13.3629908562	-1420
13.363049984	-1264
13.3736169338	-1420
13.3736820221	-1316
13.3736858368	-1368
13.3738539219	543
13.3765919209	-1420
13.3766109943	-1420
13.3766670227	-1264
13.3830068111	-1420
13.3830769062	-1420
13.383081913	-1264
13.3940229416	-1420
13.394037962	-1420
13.3940908909	-1264
13.4006419182	-1368
13.4038929939	-1420
13.4038980007	-1316
13.4039969444	543
13.406649828	-1420
13.4066560268	-1420
13.4066948891	-1264
13.4131348133	-1420
13.4131779671	-1420
13.4131820202	-1264
13.4133238792	543
13.41639781	-1188
13.4183738232	-1420
13.4184160233	-1316
13.4209218025	-1368
13.4254329205	-1420
13.4254379272	-1420
13.4254779816	-1264
13.4277639389	-1420
13.4278078079	-1316
13.4302909374	-1368
13.4328808784	-1420
13.4328868389	-1316
13.4350199699	-1368
13.4374978542	-1420
13.4375429153	-1316
13.4396669865	-1368
13.4439749718	-1420
13.4439799786	-1316
13.4440219402	-1368
13.4624729156	-1420
13.4625389576	-1316
13.4626648426	543
13.4642438889	-1420
13.464247942	-1316
13.4642968178	-1368
13.4714310169	-1420
13.4714829922	-1316
13.4714868069	-1368
13.4742729664	-1368
13.4771339893	-1420
13.4771618843	-1316
13.4797739983	-1368
13.4798779488	543
13.4872260094	-1420
13.4872338772	-1420
13.4872868061	-1264
13.4899189472	-1420
13.4899599552	-1316
13.4923229218	-1368
13.492415905	543
13.4952290058	-1420
13.4952340126	-1316
13.4979729652	-1368
13.5005090237	-1420
13.5005528927	-1316
13.5031340122	-1368
13.5079119205	-1420
13.507917881	-1420
13.5079469681	-1264
13.5103628635	-1420
13.510409832	-1316
13.5129108429	-1368
13.5159418583	-1420
13.5159528255	-1420
13.5160069466	-1264
13.5225110054	-1368
13.5226898193	-1420
13.5226948261	-1316
13.5356879234	-1188
13.5358419418	543
13.5385239124	543
13.539700985	543
13.5402088165	543
13.540391922	543
13.5405399799	-1420
13.5405449867	-1316
13.5405910015	543
13.5431878567	-1420
13.5431919098	-1316
13.6278128624	-1420
13.6278328896	-1420
13.6278879642	-1264
13.6404099464	-1368
13.6404619217	-1420
13.6404669285	-1316
13.6531209946	-857
13.6774218082	-1420
13.6774950027	-1316
13.6841378212	-1368
13.6842749119	543
13.6921489239	-1420
13.6921598911	-1316
13.6992099285	-1368
13.7081849575	-1420
13.7082619667	-1420
13.7082669735	-1264
13.7125689983	-1420
13.7125818729	-1316
13.7127327919	543
13.7162969112	-1368
13.7194759846	-1420
13.7195248604	-1316
13.7227098942	-1368
13.7705647945	-330
13.7989959717	1057
13.7994499207	543
13.9181950092	-543
13.9183769226	543
14.0031979084	543
14.0161499977	-1368
14.0163738728	543
14.0164878368	543
14.0752899647	-261
14.0754878521	543
14.192499876	-543
14.1926808357	543
14.2565908432	-1420
14.256608963	-1316
14.275703907	-1420
14.2757179737	-1316
14.3022367954	-1420
14.3022518158	-1420
14.3023068905	-1264
14.3049919605	543
14.3051609993	543
14.3098278046	-791
14.3133659363	-1420
14.3134119511	-1316
14.3668868542	-1420
14.3669059277	-1316
14.3673398495	-1420
14.3673448563	-1420
14.36738801	-1264
14.3698949814	543
14.3700859547	543
14.426915884	-277
14.4296169281	543
14.4297878742	543
14.4442789555	-1420
14.4442939758	-1316
14.4632849693	-1420
14.4633009434	-1316
14.5271120071	-1420
14.5271308422	-1420
14.5271909237	-1264
14.5298449993	543
14.5300400257	543
14.5413320065	-1420
14.5413458347	-1316
14.5443148613	-1168
14.5444278717	543
14.547025919	543
14.5472710133	1057
14.6617319584	-543
14.7553257942	-1368
14.7792518139	-1260
14.7796499729	543
14.8656790257	-1420
14.8656959534	-1420
14.8657507896	-1264
14.866091013	-1420
14.8661358356	-1420
14.8661379814	-1264
14.8707559109	-1420
14.8707609177	-1420
14.8708028793	-1264
14.8791248798	-1420
14.8791699409	-1420
14.879172802	-1264
14.8834908009	-1368
14.8836958408	-1420
14.8837399483	-1316
14.8839428425	-1368
14.8840529919	-1420
14.8840568066	-1316
14.8841099739	543
14.8882668018	-1420
14.8882739544	-1420
14.8883159161	-1264
14.894037962	-1420
14.8940908909	-1316
14.894094944	-1368
14.8943269253	-1368
14.8963329792	-246
14.9056489468	-1420
14.9056618214	-1316
14.9070420265	-1420
14.9070489407	-1316
14.9071090221	-1368
14.9076249599	-1420
14.9076499939	-1420
14.9076528549	-1264
14.9085187912	-1420
14.9085259438	-1420
14.9085669518	-1264
14.9086580276	543
14.9245188236	-1368
14.9246799946	543
15.0230398178	-1321
15.0381348133	-1420
15.0381839275	-1316
15.0453820229	-1420
15.045429945	-1420
15.0454339981	-1264
15.0482449532	-1420
15.0482568741	-1420
15.0483047962	-1264
15.0508289337	-1420
15.0508749485	-1420
15.0508778095	-1264
15.0519278049	-1368
15.0550479889	-1420
15.0551049709	-1316
15.057117939	-1420
15.057158947	-1420
15.057161808	-1264
15.0598659515	-1420
15.0598709583	-1420
15.0599110126	-1264
15.0636529922	-1420
15.0636928082	-1420
15.0636959076	-1264
15.0637428761	-1368
15.0655720234	-1420
15.0655949116	-1420
15.065598011	-1264
15.065682888	-1420
15.0656859875	-1316
15.0657999516	543
15.0659239292	-1368
15.0695528984	-1420
15.0695948601	-1316
15.0696408749	-1368
15.0711560249	-1420
15.0711607933	-1420
15.0712029934	-1264
15.0713019371	1057
15.0750308037	-1420
15.0750370026	-1420
15.0750758648	-1264
15.077436924	-1420
15.0774610043	-1420
15.0774629116	-1264
15.0792658329	-1368
15.079420805	-1420
15.0794420242	-1316
15.0806119442	-1420
15.0806360245	-1316
15.0829238892	-1368
15.0845589638	-1420
15.0845777988	-1420
15.0846338272	-1264
15.0953478813	-1420
15.0954139233	-1420
15.0954179764	-1264
15.1405189037	-102
15.140668869	543
15.1745638847	-1420
15.1745848656	-1316
15.1756279469	-1420
15.1756329536	-1420
15.1756618023	-1264
15.1846439838	-1420
15.1846988201	-1316
15.1847028732	-1368
15.1851658821	-1420
15.1851699352	-1420
15.1852099895	-1264
15.1885108948	-1368
15.1891429424	-1420
15.1891489029	-1316
15.1914699078	-1420
15.1914768219	-1420
15.1915159225	-1264
15.1926279068	543
15.1938350201	-1420
15.1938400269	-1420
15.1939058304	-1264
15.1945569515	-1420
15.1945848465	-1420
15.1945869923	-1264
15.1946899891	543
15.2033948898	-1368
15.2075088024	-1420
15.2075548172	-1316
15.2075588703	-1368
15.207698822	-1420
15.2077028751	-1316
15.2079060078	-1368
15.2111418247	-1420
15.2111859322	-1316
15.2111887932	-1368
15.2113039494	543
15.2178218365	-1420
15.2178268433	-1316
15.2180058956	-1368
15.2309529781	-1420
15.2310109138	-1420
15.231014967	-1264
15.2352368832	-1420
15.2352428436	-1316
15.2359340191	-1368
15.2392339706	-1420
15.2392759323	-1316
15.2408118248	-1368
15.2465457916	-1420
15.2465507984	-1316
15.2478208542	-1368
15.2579398155	-1056
15.2620828152	-1420
15.2620890141	-1316
15.3055548668	-1420
15.3055729866	-1316
15.3064188957	-1420
15.3064239025	-1420
15.306470871	-1264
15.3065547943	543
15.310738802	-1420
15.3107450008	-1420
15.3107848167	-1264
15.3114688396	-1368
15.311549902	543
15.3122718334	-1420
15.3122768402	-1316
15.3135228157	-1368
15.320802927	-1420
15.3208639622	-1316
15.3208668232	-1368
15.3235249519	-1420
15.3235290051	-1316
15.3235778809	-1368
15.3272268772	-1420
15.3272678852	-1316
15.3273878098	-1368
15.3274798393	543
15.3345499039	-1420
15.3345708847	-1316
15.3348619938	-1368
15.3364059925	-1420
15.3364629745	-1420
15.3364670277	-1264
15.3369560242	-1420
15.3369598389	-1316
15.3374228477	-1368
15.3387758732	-1420
15.3388209343	-1420
15.3388237953	-1264
15.3398180008	-1420
15.3398218155	-1316
15.3398628235	-1368
15.3454658985	-1420
15.34552598	-1316
15.3455297947	-1368
15.3459329605	-1420
15.3459379673	-1420
15.3459768295	-1264
15.3460538387	543
15.3490028381	-1420
15.3490109444	-1316
15.3490519524	-1368
15.3496489525	-1420
15.3496928215	-1420
15.3496949673	-1264
15.3501169682	543
15.3588829041	-1368
15.372535944	-1420
15.3725829124	-1316
15.3752310276	-956
15.419577837	-1420
15.4195950031	-1316
15.4241797924	-1420
15.4241938591	-1420
15.4242568016	-1264
15.4301819801	-1420
15.4302268028	-1420
15.4302299023	-1264
15.430934906	-1420
15.4309399128	-1420
15.4309818745	-1264
15.4316458702	-1368
15.4317719936	-1368
15.4318099022	-1368
15.4341928959	-1420
15.4342088699	-1316
15.4343729019	-1368
15.4357008934	-1420
15.4357209206	-1316
15.4357979298	-1368
15.4465558529	-1420
15.4465668201	-1420
15.4466228485	-1264
15.4469299316	-1420
15.4469709396	-1316
15.4470739365	543
15.4471738338	-1368
15.4493730068	-1420
15.4493978024	-1316
15.4497458935	-1368
15.4542059898	-1420
15.4542160034	-1316
15.4549438953	-1368
15.4550209045	543
15.4845438004	-1420
15.4845600128	-1420
15.4846148491	-1264
15.4878878593	-1368
15.4880440235	-1420
15.4880468845	-1316
15.4927649498	-597
15.4952299595	-1420
15.4952728748	-1316
15.5023138523	-1368
15.5024218559	543
15.509198904	-1420
15.5092048645	-1316
15.5163538456	-1368
15.5284810066	-1420
15.5285458565	-1420
15.5285508633	-1264
15.5319159031	-1420
15.5319268703	-1316
15.5356659889	-1368
15.5427269936	-1420
15.5427889824	-1316
15.5499548912	-1368
15.5500798225	543
15.5575668812	-1420
15.5575788021	-1316
15.5644619465	-1368
15.5724840164	-1420
15.5725519657	-1420
15.5725569725	-1264
15.5755369663	-1420
15.5755419731	-1316
15.5825219154	-1368
15.5893409252	-1420
15.5893919468	-1420
15.5893948078	-1264
15.6066129208	-1420
15.6066257954	-1420
15.6066768169	-1264
15.6100878716	-117
15.6228888035	-1420
15.622895956	-1420
15.622948885	-1264
15.6299748421	-1420
15.6300358772	-1420
15.6300389767	-1264
15.6302080154	543
15.6414608955	-1420
15.6414759159	-1420
15.6415128708	-1264
15.672631979	-1420
15.6727049351	-1420
15.6727099419	-1264
15.6780748367	543
15.6941969395	-1420
15.6942079067	-1316
15.69836092	-1420
15.6983668804	-1420
15.6984159946	-1264
15.7019889355	-1420
15.7020130157	-1316
15.7020158768	-1368
15.72179389	-1420
15.721809864	-1420
15.7218668461	-1264
15.7275109291	-868
15.7310078144	-1420
15.7310128212	-1316
15.7389688492	-1368
15.747838974	-1420
15.7479269505	-1420
15.7479310036	-1264
15.7522838116	-1420
15.752300024	-1316
15.7524738312	543
15.7558438778	-1368
15.7594099045	-1420
15.7594528198	-1316
15.7616949081	-1368
15.764321804	-1420
15.7643268108	-1316
15.7664690018	-1368
15.7706468105	-1420
15.7706890106	-1420
15.7706918716	-1264
15.7707920074	543
15.7723238468	-1420
15.7723278999	-1316
15.7744729519	-1368
15.7762668133	-1420
15.7762889862	-1316
15.7779769897	-1368
15.7794389725	-1420
15.7794430256	-1420
15.7794818878	-1264
15.7860279083	-1368
15.7862958908	-1420
15.7862999439	-1316
15.7880129814	-1420
15.7880167961	-1420
15.7880628109	-1264
15.7917659283	-1420
15.7918128967	-1420
15.7918159962	-1264
15.795568943	-1420
15.7955739498	-1420
15.7956199646	-1264
15.7956979275	543
15.7989590168	-1368
15.8008749485	-1420
15.8009209633	-1316
15.8025369644	-1420
15.8025820255	-1316
15.8026528358	543
15.8027589321	-1368
15.8062329292	-1420
15.8062798977	-1420
15.8062829971	-1264
15.8090569973	-1420
15.8090620041	-1420
15.80910182	-1264
15.811852932	-1368
15.8131887913	-1420
15.8131949902	-1316
15.8147819042	-1420
15.8147888184	-1420
15.8148388863	-1264
15.8149318695	543
15.8171308041	-1420
15.8171408176	-1316
15.817180872	-1368
15.8197159767	-1420
15.8197498322	-1316
15.8197529316	-1368
15.8211028576	-1368
15.8237028122	-1420
15.8237659931	-1420
15.8237698078	-1264
15.8250038624	-1420
15.8250110149	-1316
15.8266749382	-1368
15.8278689384	-1420
15.8279139996	-1316
15.8293578625	-1368
15.8294529915	543
15.8311970234	-1420
15.8312008381	-1316
15.8328118324	-1368
15.8354418278	-1420
15.8354868889	-1316
15.8362798691	-1420
15.836329937	-1316
15.8375020027	-1420
15.8375449181	-1420
15.8375480175	-1264
15.8376598358	543
15.8396317959	-1420
15.8396368027	-1420
15.8396749496	-1264
15.8416509628	-1420
15.8417289257	-1316
15.8417320251	-1368
15.8435349464	-1368
15.844591856	-1420
15.844632864	-1316
15.8449859619	-1329
15.8450689316	543
15.8455278873	-1368
15.8456788063	-1368
15.8471529484	-1368
15.8486909866	-1420
15.8487308025	-1316
15.8500759602	-1368
15.8510038853	-1420
15.8510079384	-1316
15.8510928154	543
15.8517978191	-1368
15.853856802	-1420
15.8538968563	-1420
15.8538999557	-1264
15.8549089432	-1368
15.8550629616	-1368
15.8560769558	-1368
15.8576159477	-1420
15.8576579094	-1316
15.8589658737	-1368
15.8603229523	-1420
15.8603298664	-1316
15.861882925	-1368
15.8640549183	-1420
15.8641200066	-1420
15.8641238213	-1264
15.8648548126	-1420
15.8648610115	-1420
15.8648819923	-1264
15.8673210144	-1420
15.8673598766	-1420
15.8673629761	-1264
15.8701169491	-1420
15.8701219559	-1316
15.8702259064	-1368
15.8744258881	-1420
15.8744709492	-1420
15.8744750023	-1264
15.87545681	-1420
15.8754618168	-1420
15.8754999638	-1264
15.875576973	543
15.8770928383	-1420
15.8770978451	-1420
15.8771429062	-1264
15.877218008	543
15.878980875	-1420
15.8789858818	-1420
15.8790249825	-1264
15.8806538582	-1368
15.8835728168	-1420
15.8835790157	-1316
15.8847780228	-1420
15.8847827911	-1420
15.8848209381	-1264
15.8864200115	-1420
15.8864619732	-1420
15.8864638805	-1264
15.8865640163	543
15.8878378868	-1368
15.8879539967	-1420
15.8879759312	-1316
15.8897688389	-1368
15.8905689716	-1420
15.8905730247	-1316
15.8912777901	-1420
15.8912818432	-1420
15.8913199902	-1264
15.8924219608	-1368
15.8979020119	-1420
15.8979070187	-1316
15.8986289501	-1368
15.8999319077	-1420
15.8999819756	-1316
15.901376009	-1368
15.9045939445	-1420
15.9045989513	-1316
15.9046928883	-1368
15.9065008163	-1420
15.9065408707	-1316
15.9078760147	-1368
15.9079668522	543
15.9090778828	-1420
15.9090819359	-1316
15.909981966	-1420
15.9099869728	-1316
15.9110620022	-1420
15.911067009	-1420
15.9111130238	-1264
15.9129669666	-1420
15.9130280018	-1420
15.9130308628	-1264
15.9147548676	-1420
15.914760828	-1420
15.9148089886	-1264
15.9148979187	543
15.9159348011	-1368
15.9163658619	-1420
15.9163877964	-1316
15.9168457985	-1420
15.9168908596	-1420
15.916893959	-1264
15.9180788994	-1420
15.9180829525	-1420
15.9181218147	-1264
15.9187788963	-1368
15.9194569588	-1420
15.9194619656	-1316
15.9201459885	-1368
15.9215018749	-1420
15.9215438366	-1420
15.921546936	-1264
15.9221389294	-1368
15.9222998619	-1368
15.9229857922	-1368
15.9230618477	543
15.9239230156	-1420
15.9239268303	-1316
15.9244987965	-1368
15.9267208576	-1420
15.9267618656	-1420
15.9267649651	-1264
15.9268779755	543
15.9332518578	-1420
15.9332568645	-1420
15.9333000183	-1264
15.9343240261	-1420
15.9343688488	-1420
15.9343729019	-1264
15.9348130226	543
15.9359829426	-1420
15.9359869957	-1420
15.9360258579	-1264
15.9422049522	-1420
15.9422559738	-1420
15.9422588348	-1264
15.9428570271	-1420
15.9428617954	-1420
15.9428908825	-1264
15.9438898563	-1420
15.9439117908	-1420
15.9439139366	-1264
15.9461820126	-1420
15.9461898804	-1420
15.9462349415	-1264
15.9523308277	-1420
15.9523758888	-1420
15.9523799419	-1264
15.9625389576	-922
15.9629938602	543
15.9644629955	-1420
15.964468956	-1420
15.9645528793	-1264
15.9645559788	-1420
15.96459198	-1316
15.9646940231	-1368
15.9669349194	-1420
15.9669399261	-1420
15.9669868946	-1264
15.9761857986	-1420
15.9762508869	-1420
15.97625494	-1264
15.976485014	543
15.9783499241	-1420
15.9783539772	-1420
15.9783918858	-1264
15.9784879684	543
15.9792208672	-1420
15.9792249203	-1420
15.9792609215	-1264
15.983299017	-1420
15.9833238125	-1316
15.9836490154	-1368
15.990806818	-1420
15.9908289909	-1420
15.9908828735	-1264
15.9955868721	-1420
15.9956548214	-1420
15.9956598282	-1264
15.9960138798	-1420
15.9960179329	-1316
15.9960739613	-1368
15.9981718063	-1420
15.9982178211	-1420
15.9982209206	-1264
16.0079858303	-1420
16.007999897	-1420
16.0080618858	-1264
16.0081858635	543
16.0347688198	-1420
16.0347838402	-1420
16.034845829	-1264
16.0410130024	-1368
16.0415709019	-1420
16.0415759087	-1420
16.0415949821	-1264
16.0431499481	-1420
16.0431928635	-1420
16.0431950092	-1264
16.0452828407	-1420
16.0452878475	-1420
16.0453279018	-1264
16.0459208488	-1420
16.0459618568	-1420
16.0459649563	-1264
16.0564680099	-1420
16.0564818382	-1420
16.0565328598	-1264
16.0566618443	543
16.0570569038	-1420
16.057060957	-1420
16.0570998192	-1264
16.057161808	543
16.0601148605	-1420
16.0601220131	-1420
16.0601599216	-1264
16.0691800117	-1420
16.0692389011	-1420
16.0692429543	-1264
16.0692589283	-1368
16.075371027	-1420
16.0754199028	-1316
16.0763068199	-1420
16.0763278008	-1420
16.0763309002	-1264
16.078471899	-1368
16.0788609982	-1420
16.0789020061	-1316
16.0799608231	-1244
16.0847389698	-1420
16.0847458839	-1316
16.0850138664	-1368
16.0852129459	543
16.0945708752	-1420
16.0945808887	-1420
16.0946269035	-1264
16.0947489738	-1420
16.0947988033	-1316
16.0952358246	-1368
16.0983569622	-1420
16.098361969	-1420
16.0984067917	-1264
16.0984988213	543
16.1067569256	-1420
16.1067659855	-1316
16.1069989204	-1368
16.1070699692	543
16.1195218563	-1420
16.119535923	-1420
16.1195938587	-1264
16.1216759682	-1420
16.1217160225	-1316
16.1217908859	-1368
16.1256518364	-1420
16.1256568432	-1420
16.1256949902	-1264
16.1304588318	-1420
16.1305148602	-1420
16.1305179596	-1264
16.131333828	-1368
16.1314239502	-1368
16.1315758228	-1420
16.1315798759	-1420
16.1316168308	-1264
16.1316459179	-1368
16.1320049763	-1420
16.1320078373	-1420
16.1320459843	-1264
16.1330528259	-1420
16.1330809593	-1420
16.1330838203	-1264
16.1475639343	-1368
16.1534309387	-1420
16.1534848213	-1316
16.153744936	-1420
16.1537868977	-1420
16.1537899971	-1264
16.1573898792	-1420
16.157394886	-1420
16.1574339867	-1264
16.1575539112	543
16.1614990234	-1420
16.1615037918	-1420
16.1615419388	-1264
16.1744718552	-1368
16.1745238304	-1420
16.1745278835	-1316
16.1756668091	-1420
16.1756708622	-1420
16.1757099628	-1264
16.1757948399	1057
16.1784479618	-1420
16.1784520149	-1420
16.1784899235	-1264
16.1889989376	-1420
16.1890478134	-1420
16.1890509129	-1264
16.1899089813	-1368
16.1965517998	-1420
16.1966049671	-1420
16.1966090202	-1264
16.1971888542	-84
16.2053828239	-1368
16.2119448185	-1420
16.2119598389	-1420
16.2120158672	-1264
16.212692976	-1420
16.2127327919	-1316
16.2134878635	543
16.2142238617	-1368
16.2152998447	-1420
16.2153499126	-1316
16.2155308723	-1368
16.2244539261	-1420
16.2244668007	-1420
16.2244999409	-1264
16.2284319401	-1420
16.2284770012	-1420
16.2284798622	-1264
16.2292499542	-1420
16.2292540073	-1420
16.2292737961	-1264
16.2346029282	-1420
16.2346529961	-1420
16.2346568108	-1264
16.239812851	-1368
16.2401440144	-1420
16.2401938438	-1316
16.2528610229	-1420
16.2529289722	-1420
16.252933979	-1420
16.2529668808	-1420
16.2529699802	-1160
16.2530210018	-1368
16.2531569004	543
16.2538609505	-1420
16.2538659573	-1420
16.253911972	-1264
16.2579979897	-1420
16.2580440044	-1420
16.2580478191	-1264
16.2632668018	543
16.2696368694	-1368
16.2769529819	-1420
16.2770059109	-1316
16.2772479057	-1420
16.2772898674	-1420
16.2772929668	-1264
16.283066988	-1420
16.2830719948	-1420
16.283110857	-1264
16.2832279205	543
16.2840139866	-1420
16.2840189934	-1420
16.2840390205	-1264
16.2845709324	-1368
16.2993159294	-1420
16.2993268967	-1316
16.2997210026	-1420
16.2997248173	-1420
16.2997639179	-1264
16.3011858463	-1420
16.3012268543	-1420
16.3012299538	-1264
16.3014929295	-1368
16.310079813	-1420
16.3101229668	-1316
16.31031394	-1368
16.3145358562	-669
16.3146250248	543
16.3192977905	-1368
16.3195939064	-1420
16.3196480274	-1420
16.3196508884	-1264
16.3196868896	-1368
16.3235998154	-1420
16.3236308098	-1420
16.3236339092	-1264
16.3240828514	-1420
16.3240859509	-1420
16.3241279125	-1264
16.324131012	-1368
16.3426759243	-1420
16.3426887989	-1316
16.3451359272	-1420
16.3451488018	-1420
16.3451778889	-1264
16.3456068039	543
16.3460547924	-1420
16.3460597992	-1420
16.3460998535	-1264
16.3470079899	543
16.3474228382	-1420
16.3474268913	-1316
16.3474678993	-1368
16.3565659523	-1368
16.3606939316	-1420
16.3607130051	-1420
16.3607668877	-1264
16.3609919548	-1420
16.3610157967	-1316
16.3615069389	-1368
16.3655378819	-1420
16.3656718731	-1316
16.3657009602	-1368
16.3748788834	-1420
16.3749289513	-1316
16.3752789497	-1368
16.3868989944	-1420
16.3869149685	-1316
16.3878698349	-1368
16.3879380226	-1368
16.3880348206	543
16.3881778717	-1368
16.3910348415	-1420
16.3911049366	-1420
16.3911099434	-1264
16.3937108517	-1420
16.3937239647	-1420
16.3937718868	-1264
16.3996429443	-1368
16.399810791	543
16.416353941	-1420
16.4163689613	-1420
16.4164218903	-1264
16.4170749187	-1420
16.4171099663	-1316
16.4185869694	-1368
16.4207308292	-1420
16.4207348824	-1316
16.4223527908	-1368
16.4244279861	-1420
16.4244728088	-1316
16.4265489578	-1368
16.4317958355	-263
16.549328804	-1057
16.9451518059	543
17.0031399727	586
17.2631449699	543
17.2670719624	-543
17.2725977898	543
17.2730329037	543
17.2732379436	543
17.2734298706	543
17.273804903	543
17.2823419571	543
17.4480090141	543
17.4880189896	-543
17.4882099628	543
17.5247838497	1057
17.6153168678	-543
17.7328038216	-543
17.7330369949	543
17.7791559696	-1420
17.77917099	-1316
17.7923209667	-1368
17.793763876	-1368
17.7955839634	543
17.7983169556	543
17.8506259918	-269
18.0391638279	-1420
18.0392389297	-1420
18.039274931	-787
18.0431268215	543
18.0511038303	-1420
18.0511097908	-1316
18.0537009239	-1420
18.0537059307	-1316
18.0693969727	-1368
18.1214828491	-1368
18.1295688152	543
18.1344180107	543
18.1563010216	-161
18.1631669998	543
18.4751060009	-1420
18.4751238823	-1420
18.4751679897	-787
18.4753248692	543
18.4757428169	-1420
18.47574687	-1316
18.4759919643	-1368
18.4790949821	-1420
18.4791369438	-1316
18.4791908264	543
18.4792249203	-1368
18.4890120029	-1420
18.4890818596	-1420
18.4890859127	-1264
18.5026659966	-1420
18.5026798248	-1420
18.5027329922	-1264
18.5034749508	-1420
18.5035259724	-1316
18.5038919449	-1368
18.5062329769	-1420
18.5062389374	-1316
18.5063159466	-1368
18.5169320107	-1420
18.5169868469	-1316
18.5173900127	-1368
18.5252599716	-1420
18.5252728462	-1420
18.5253229141	-1264
18.5258939266	-1420
18.525936842	-1420
18.5259399414	-1264
18.5273139477	-1420
18.5273189545	-1420
18.5273590088	-1264
18.5398259163	-1420
18.5398848057	-1316
18.5400149822	543
18.5400598049	-1368
18.541162014	-1420
18.5412039757	-1420
18.5412068367	-1264
18.5429768562	-1420
18.5429828167	-1420
18.5430338383	-1264
18.5431029797	543
18.5443229675	1057
18.5491569042	-1420
18.5491638184	-1420
18.5492079258	-1264
18.549284935	543
18.556224823	-1420
18.5562348366	-1420
18.5562918186	-1264
18.5585567951	-1368
18.5627119541	-1420
18.5627229214	-1316
18.5655148029	-1420
18.565527916	-1316
18.5655579567	-1368
18.569660902	-1420
18.5697219372	-1420
18.5697259903	-1264
18.5757279396	-1420
18.5757439137	-1420
18.5757780075	-1264
18.5766270161	-1368
18.576723814	543
18.5897989273	-1420
18.5898118019	-1316
18.5923600197	-1320
18.5953269005	-1420
18.5953688622	-1316
18.5953719616	-1368
18.6019318104	-1420
18.6019408703	-1420
18.6019937992	-1264
18.6031258106	-1420
18.6032068729	-1316
18.6032099724	-1368
18.6185908318	-1420
18.6186048985	-1420
18.61865592	-1264
18.6211049557	-1420
18.62114501	-1316
18.6292099953	-1368
18.6293818951	543
18.6352479458	-1420
18.6352658272	-1420
18.6353058815	-1264
18.6424260139	-1420
18.6424918175	-1420
18.6424968243	-1264
18.680574894	-1420
18.680590868	-1420
18.6806459427	-1264
18.6840658188	-1420
18.684117794	-1420
18.6841218472	-1264
18.6936979294	-1420
18.6937057972	-1420
18.6937508583	-1264
18.7006328106	-1420
18.7006800175	-1420
18.7006838322	-1264
18.7089679241	-1420
18.7089779377	-1420
18.7090249062	-1264
18.7091507912	543
18.7118937969	-1420
18.71189785	-1420
18.7119448185	-1264
18.7126200199	-315
18.7140369415	543
18.717881918	-1420
18.7178888321	-1420
18.7179329395	-1264
18.7238178253	-1420
18.7239158154	-1420
18.7239198685	-1264
18.730219841	-1420
18.730235815	-1420
18.7302699089	-1264
18.7324199677	-1420
18.7324647903	-1420
18.7324688435	-1264
18.7469849586	-1420
18.7469990253	-1420
18.7470510006	-1264
18.7520439625	-1420
18.7520849705	-1316
18.7520878315	-1368
18.7522149086	543
18.7563548088	-1368
18.7580649853	-1420
18.758109808	-1316
18.7629528046	-1420
18.7630147934	-1316
18.7630188465	-1368
18.7667338848	-1420
18.7667489052	-1420
18.7668049335	-1264
18.7669408321	543
18.7707669735	-1420
18.7707829475	-1420
18.7708358765	-1264
18.7743859291	-1368
18.7759869099	-1420
18.7759950161	-1316
18.7777969837	-1420
18.7778029442	-1420
18.7778258324	-1264
18.7818210125	-1420
18.7818670273	-1316
18.7819378376	-1368
18.7864568233	-1368
18.7882349491	-1420
18.7882800102	-1316
18.7899899483	-1368
18.793902874	-1420
18.7939088345	-1420
18.7939519882	-1264
18.7940177917	543
18.7955818176	-1420
18.7955868244	-1316
18.797110796	-1368
18.7987978458	-1420
18.798842907	-1316
18.8001768589	-1368
18.8002779484	1057
18.8066339493	-1420
18.8066408634	-1316
18.8071718216	-1368
18.8191099167	-1420
18.8191587925	-1316
18.8201048374	-1368
18.820250988	-1420
18.8202559948	-1316
18.8300559521	-1349
18.8324508667	-1420
18.8325018883	-1316
18.8337788582	-1368
18.8351488113	-1368
18.8352169991	-1368
18.8363099098	-1368
18.8426978588	-1420
18.8427510262	-1420
18.8427548409	-1264
18.8473989964	-1420
18.8474099636	-1316
18.848348856	-1368
18.8484418392	543
18.8490509987	-1420
18.8490560055	-1316
18.8500728607	-1368
18.8541460037	-1420
18.8542208672	-1316
18.8547079563	-1368
18.8594470024	-1368
18.8636739254	-1420
18.8637318611	-1316
18.8741798401	-1420
18.8742239475	-1316
18.8813238144	-1420
18.8813729286	-1420
18.8813757896	-1264
18.8842978477	-1368
18.8890428543	-1420
18.8890988827	-1316
18.8913137913	-1368
18.8915019035	1057
18.8943629265	-1368
18.8950397968	-1420
18.8950839043	-1316
18.908728838	-1420
18.9087748528	-1316
18.9089980125	-1368
18.9135458469	-1420
18.9135518074	-1316
18.9141747952	-1368
18.9178769588	-1420
18.9179098606	-1316
18.9184949398	-1368
18.9186019897	543
18.9190938473	-1368
18.9250710011	-1420
18.9251148701	-1316
18.930262804	-1420
18.9303159714	-1316
18.9351058006	-1420
18.9351499081	-1420
18.9351530075	-1420
18.9351890087	-1212
18.938133955	-1420
18.9381740093	-1316
18.9381768703	-1368
18.9428648949	-1368
18.9449248314	-1420
18.9449679852	-1316
18.947136879	-168
18.9495289326	-1368
18.9497380257	-1368
18.9498569965	-1368
18.9499328136	543
18.951777935	-1420
18.9517829418	-1420
18.9518229961	-1264
18.9550459385	-1420
18.9551270008	-1316
18.9551298618	-1368
18.9576618671	-1368
18.9592180252	-1420
18.9592628479	-1316
18.959335804	543
18.9641358852	-1420
18.9641499519	-1420
18.9642148018	-1264
18.9662959576	-1420
18.9663310051	-1316
18.9690139294	-1420
18.9690489769	-1420
18.9690539837	-1264
18.9712238312	-1420
18.9712347984	-1316
18.974118948	-1420
18.9741399288	-1316
18.9743299484	543
18.9775760174	-1420
18.9775810242	-1420
18.9776299	-1264
18.9874579906	-1368
18.987500906	-1420
18.9875049591	-1316
18.990144968	-1420
18.9901499748	-1316
18.9901709557	-1368
18.9933450222	-1368
19.0035238266	-1420
19.0035359859	-1316
19.0056548119	-1420
19.005658865	-1420
19.0056979656	-1264
19.0094158649	-1420
19.0094640255	-1420
19.0094668865	-1264
19.0107889175	-1368
19.0108699799	543
19.0478188992	-1420
19.0478758812	-1316
19.060544014	-1368
19.0630428791	-1420
19.0631020069	-1420
19.0631048679	-1264
19.0644948483	-173
19.0645699501	543
19.068849802	-1420
19.0688548088	-1316
19.0696558952	-1368
19.0706028938	-1420
19.0706458092	-1316
19.0711669922	-1368
19.0720469952	-1420
19.072052002	-1316
19.0728178024	-1368
19.0761358738	-1420
19.0761790276	-1316
19.0761818886	-1368
19.0787718296	-1420
19.0787768364	-1316
19.0788879395	543
19.0792248249	-1368
19.0843348503	-1420
19.0843639374	-1316
19.0851697922	-1368
19.0866909027	-1420
19.0866949558	-1316
19.0884168148	-1368
19.0916450024	-1420
19.0917098522	-1420
19.0917139053	-1264
19.0935368538	-1420
19.0935428143	-1420
19.0935850143	-1264
19.0973248482	-1420
19.097370863	-1420
19.0973739624	-1264
19.1002409458	-1420
19.1002459526	-1420
19.100288868	-1264
19.1036260128	-1420
19.1036729813	-1420
19.1036748886	-1264
19.1037828922	543
19.1057038307	-1420
19.1057109833	-1316
19.1063427925	-1368
19.1064147949	543
19.1073358059	-1420
19.107339859	-1316
19.1081769466	-1368
19.109058857	-1368
19.1092839241	-1368
19.1097269058	-1368
19.1105849743	-1368
19.1129748821	-1420
19.1130068302	-1316
19.1147119999	-1420
19.1147348881	-1420
19.1147367954	-1264
19.117027998	-1420
19.1170349121	-1420
19.1170759201	-1264
19.1192219257	-1420
19.1192498207	-1316
19.1193339825	543
19.1211988926	-1420
19.1212069988	-1420
19.1212518215	-1264
19.126816988	-1420
19.1268799305	-1420
19.1268839836	-1264
19.132390976	-1420
19.1324048042	-1420
19.1324369907	-1264
19.1347198486	-1420
19.1347649097	-1420
19.1347689629	-1264
19.1405649185	-1420
19.1405777931	-1420
19.1406328678	-1264
19.1449220181	-1420
19.144974947	-1420
19.1449790001	-1264
19.1464099884	-1420
19.1464149952	-1420
19.1464538574	-1264
19.1517829895	-1420
19.1518318653	-1420
19.1518378258	-1264
19.1520550251	543
19.1521859169	543
19.1530508995	-1368
19.1538438797	-1420
19.1538698673	-1316
19.1568028927	543
19.1572768688	-1420
19.1572828293	-1420
19.1573059559	-1264
19.1591868401	-1420
19.1592109203	-1420
19.1592140198	-1264
19.1633708477	-1420
19.1633768082	-1420
19.1634259224	-1264
19.1652369499	-1368
19.165350914	543
19.167001009	-1420
19.1670060158	-1316
19.1679978371	-1420
19.1680028439	-1420
19.1680309772	-1264
19.1688978672	-1368
19.1697218418	-1420
19.1697258949	-1316
19.1702539921	-1368
19.170612812	-1368
19.1711378098	-1368
19.1711418629	-1368
19.1785349846	-1420
19.1785449982	-1316
19.1785888672	-1368
19.1818318367	-262
19.2425639629	-1420
19.242579937	-1316
19.2477970123	-1420
19.2478048801	-1420
19.2478740215	-1264
19.2480199337	543
19.2506258488	-1420
19.2506308556	-1420
19.2506718636	-1264
19.2519228458	543
19.2539839745	-1420
19.2539958954	-1420
19.2540528774	-1264
19.2564399242	-1368
19.263012886	-1420
19.2630279064	-1316
19.2652158737	-1420
19.2652258873	-1420
19.2652688026	-1264
19.266548872	-1420
19.2665908337	-1420
19.2665939331	-1264
19.2708468437	-1420
19.2708528042	-1420
19.2708919048	-1264
19.2710669041	-1368
19.2711617947	543
19.2718069553	-1420
19.2718110085	-1420
19.2718288898	-1264
19.2721948624	-1420
19.272233963	-1316
19.2722358704	-1368
19.2792468071	-1420
19.2792618275	-1316
19.2794239521	-1368
19.2869110107	-1420
19.2869439125	-1316
19.2874598503	-1368
19.2896118164	-1420
19.2896158695	-1420
19.2896540165	-1264
19.290309906	-1420
19.290350914	-1420
19.2903528214	-1264
19.2904818058	543
19.2936999798	-1420
19.2937059402	-1420
19.2937469482	-1264
19.2940058708	543
19.299230814	-447
19.300028801	-1420
19.3000907898	-1316
19.3000948429	-1368
19.3139698505	-1420
19.3139848709	-1420
19.3140468597	-1264
19.3910028934	-1420
19.3910219669	-1316
19.3941869736	-1420
19.3941969872	-1420
19.3942499161	-1264
19.4009218216	-1420
19.4009299278	-1420
19.4009749889	-1264
19.4043898582	-1420
19.404394865	-1420
19.4044339657	-1264
19.4045159817	543
19.407599926	-1368
19.4165699482	-396
19.4170808792	-1420
19.417085886	-1316
19.4200119972	-1420
19.4200158119	-1316
19.4200589657	-1368
19.423637867	-1420
19.4236798286	-1420
19.4236829281	-1264
19.4266598225	-1368
19.4269008636	-1420
19.4269418716	-1316
19.4334688187	-1368
19.4342148304	-1420
19.4342198372	-1316
19.4349389076	-1420
19.4349439144	-1420
19.4349849224	-1264
19.4368748665	-1420
19.4369339943	-1420
19.436937809	-1264
19.4371488094	1057
19.4412059784	-1420
19.4412209988	-1420
19.441272974	-1264
19.4490568638	-1368
19.4506289959	-1420
19.4506349564	-1420
19.450676918	-1264
19.4513549805	-1420
19.4513947964	-1316
19.4513978958	-1368
19.4563069344	-1420
19.4563128948	-1420
19.4563519955	-1264
19.4634418488	-1420
19.4634950161	-1316
19.4635558128	-1368
19.4636619091	543
19.4901738167	-1420
19.4901850224	-1420
19.4902439117	-1264
19.5338687897	-315
19.5340960026	543
19.5652439594	-1420
19.5652589798	-1316
19.5686428547	-1420
19.5686488152	-1420
19.5686898232	-1264
19.5707008839	-1420
19.5707428455	-1420
19.570745945	-1264
19.5707798004	-1420
19.5707828999	-1420
19.5708239079	-1264
19.5792717934	-1368
19.5876429081	-1420
19.5876498222	-1316
19.5879848003	-1420
19.5879888535	-1420
19.5880179405	-1264
19.5881040096	543
19.591342926	-1420
19.5913469791	-1420
19.5913858414	-1264
19.5914518833	543
19.5937228203	-1420
19.5937278271	-1420
19.593765974	-1264
19.59384799	-1368
19.6159498692	-1420
19.6159608364	-1420
19.6159989834	-1264
19.6160008907	-1420
19.6160240173	-1316
19.6162569523	-1368
19.6201889515	-1420
19.6201999187	-1316
19.6202609539	-1368
19.6296160221	-1420
19.6296617985	-1316
19.6298840046	-1368
19.6299779415	543
19.6427719593	-1420
19.642786026	-1420
19.6428489685	-1264
19.6456568241	-1420
19.6456978321	-1316
19.6511847973	-1206
19.674530983	-1420
19.6745479107	-1420
19.6746139526	-1264
19.6813929081	-1420
19.6814358234	-1420
19.6814389229	-1264
19.6930398941	-1420
19.6930499077	-1316
19.7227878571	-1420
19.7228028774	-1420
19.7228598595	-1264
19.7270739079	-1420
19.7270998955	-1316
19.7271950245	543
19.7277848721	-1368
19.7278749943	543
19.7290289402	-1420
19.7290329933	-1316
19.7297189236	-1368
19.73615098	-1420
19.7362048626	-1316
19.7370018959	-1368
19.7419338226	-1420
19.7419478893	-1420
19.7419779301	-1264
19.7425489426	-1420
19.7425899506	-1316
19.7431099415	-1368
19.7452578545	-1420
19.7452688217	-1316
19.7453048229	-1368
19.7530658245	-1420
19.7530989647	-1420
19.7531030178	-1264
19.7671678066	-1420
19.7671818733	-1316
19.7672889233	-1368
19.7674388885	543
19.7685158253	-618
19.7691538334	-1420
19.7691969872	-1316
19.7695608139	-1368
19.7712938786	-1420
19.7712979317	-1316
19.7718279362	-1368
19.7796709538	-1420
19.7797219753	-1316
19.7799608707	-1368
19.795017004	-1420
19.7950320244	-1420
19.7950739861	-1264
19.8024468422	-1420
19.8025109768	-1420
19.8025147915	-1264
19.8027129173	543
19.8106048107	-1420
19.8106219769	-1316
19.8107728958	543
19.8130438328	-1368
19.8142988682	-1420
19.8143458366	-1316
19.8144629002	-1368
19.8357179165	-1420
19.8357348442	-1316
19.8746068478	-1420
19.8746268749	-1316
19.8781778812	-1420
19.8781919479	-1420
19.8782229424	-1264
19.8793849945	-1420
19.879431963	-1420
19.879434824	-1264
19.8798789978	-1368
19.881374836	543
19.8823339939	543
19.8859138489	-9
19.886507988	-1368
19.8867678642	-1420
19.8868169785	-1316
19.8967328072	-1420
19.896807909	-1420
19.8968119621	-1264
19.8969898224	543
19.8994498253	-1420
19.8994548321	-1420
19.8994939327	-1264
19.9014978409	-1368
19.9017648697	-1420
19.9017689228	-1316
19.9081838131	-1420
19.908192873	-1420
19.9082429409	-1264
19.9182369709	-1420
19.9182808399	-1420
19.918284893	-1420
19.9183008671	-1420
19.9183030128	-1160
19.9232208729	-1420
19.9232378006	-1420
19.9232728481	-1264
19.9233679771	-1368
19.9235048294	1057
19.9275720119	-1420
19.9275770187	-1420
19.9276149273	-1264
19.9444708824	-1420
19.9445338249	-1420
19.9445388317	-1264
19.9478700161	-1420
19.9478738308	-1420
19.9479010105	-1264
19.9501838684	-1420
19.9502289295	-1420
19.9502317905	-1264
19.9533228874	-1420
19.9533278942	-1316
19.9535639286	-1368
19.9608290195	-1368
19.9683308601	-1420
19.9683389664	-1316
19.9800179005	-1368
19.9800817966	-1368
19.9802258015	543
20.0033450127	-787
20.0387098789	-1420
20.0387639999	-1316
20.0489659309	-1420
20.0490298271	-1420
20.0490348339	-1264
20.0534307957	-1420
20.0534358025	-1420
20.0534768105	-1264
20.0567808151	-1420
20.0568230152	-1420
20.0568258762	-1264
20.0607368946	-1368
20.0650458336	-1420
20.065089941	-1316
20.0674779415	-1420
20.0675189495	-1420
20.0675230026	-1264
20.0676288605	543
20.070609808	-1420
20.0706138611	-1420
20.0706529617	-1264
20.0707199574	543
20.074685812	-1420
20.0746908188	-1420
20.0747289658	-1264
20.0749189854	-1368
20.0793809891	-1420
20.0793859959	-1316
20.0794248581	-1368
20.0835549831	-1420
20.0836019516	-1420
20.0836048126	-1264
20.0859539509	-1420
20.0859589577	-1420
20.0859978199	-1264
20.0886390209	-1420
20.0886809826	-1420
20.0886838436	-1264
20.088796854	543
20.0982890129	-1420
20.0982978344	-1420
20.0983469486	-1264
20.1068618298	-1420
20.106910944	-1316
20.1071228981	-1368
20.1075839996	-1420
20.1075890064	-1316
20.107888937	-1368
20.1141738892	-1420
20.1142239571	-1420
20.1142280102	-1264
20.1206820011	-1056
20.1233608723	-1368
20.1641089916	-1420
20.1641249657	-1420
20.1641879082	-1264
20.1649689674	-1420
20.165006876	-1316
20.1650118828	-1368
20.16553092	543
20.1656389236	543
20.1700088978	-1420
20.1700229645	-1316
20.1704819202	-1368
20.1759328842	-1420
20.1759998798	-1420
20.176003933	-1264
20.1849169731	-1420
20.1849329472	-1420
20.1849880219	-1264
20.1849899292	-1420
20.1850240231	-1316
20.1850819588	-1368
20.185959816	-1420
20.1859638691	-1420
20.1860039234	-1264
20.1983389854	-1420
20.1983799934	-1316
20.1983828545	-1368
20.2018809319	-1420
20.2018859386	-1420
20.2019279003	-1264
20.2020118237	543
20.2029869556	-1420
20.2029910088	-1420
20.2030370235	-1264
20.2053108215	-1420
20.2053530216	-1420
20.2053558826	-1264
20.2167189121	-1420
20.216727972	-1420
20.216771841	-1264
20.2181718349	-1368
20.21991992	-1420
20.2199258804	-1316
20.2207260132	-1420
20.2207319736	-1420
20.2207529545	-1264
20.2235598564	-1420
20.2235817909	-1420
20.2235848904	-1264
20.2236769199	543
20.2248978615	-1368
20.2249639034	543
20.2250227928	-1420
20.2250258923	-1316
20.2340159416	-1368
20.2379238605	-405
20.2508029938	-1420
20.2508280277	-1316
20.2511439323	-1368
20.3268389702	-1420
20.3268558979	-1420
20.3269088268	-1264
20.3272838593	-1420
20.327288866	-1420
20.3273189068	-1264
20.3283619881	543
20.3301889896	-1420
20.3301939964	-1420
20.3302350044	-1264
20.3306097984	-1420
20.3306498528	-1420
20.3306529522	-1264
20.3415629864	-1368
20.3416759968	543
20.3518829346	-1420
20.3518958092	-1316
20.3528428078	-1420
20.3528478146	-1420
20.3528869152	-1264
20.3553299904	-976
20.3561038971	-1420
20.3561079502	-1316
20.3566160202	-1368
20.3572659492	-1420
20.3573257923	-1316
20.3577189445	-1368
20.3831119537	-1420
20.3831369877	-1420
20.3831729889	-1264
20.3834090233	-1420
20.3834319115	-1316
20.3835129738	543
20.3843328953	-1368
20.3847179413	543
20.3848199844	-1420
20.3848228455	-1316
20.3853418827	-1368
20.3862938881	-1420
20.3863348961	-1316
20.3865568638	-1368
20.4084289074	-1420
20.4084458351	-1420
20.4084780216	-1264
20.4090578556	-1420
20.409101963	-1420
20.4091048241	-1264
20.4134027958	-1420
20.413410902	-1420
20.4134569168	-1264
20.4209349155	-1420
20.420994997	-1316
20.4210000038	-1368
20.4584348202	-1420
20.4584498405	-1316
20.4586348534	543
20.4729268551	-552
20.4780988693	-1420
20.4781618118	-1316
20.4781658649	-1420
20.4781999588	-1420
20.4782018661	-1264
20.483301878	-1420
20.4833159447	-1420
20.4833679199	-1264
20.4879868031	-1420
20.4880440235	-1420
20.4880478382	-1264
20.4880928993	-1368
20.5013740063	-1420
20.5014109612	-1316
20.5015909672	-1420
20.5016310215	-1316
20.501680851	-1368
20.5017869473	543
20.5029168129	-1420
20.502920866	-1420
20.5029578209	-1264
20.5030298233	543
20.5069758892	-1420
20.506980896	-1420
20.5070188046	-1264
20.5205550194	-1368
20.5249249935	-1420
20.5249319077	-1420
20.524971962	-1264
20.5272459984	-1368
20.527589798	-1420
20.5275948048	-1316
20.5298159122	-1420
20.5298199654	-1316
20.5299158096	-1368
20.5378789902	-1368
20.5379269123	-1420
20.5379300117	-1316
20.5420029163	543
20.5537259579	-1368
20.5537538528	-1420
20.5537908077	-1316
20.5606498718	-1420
20.5607008934	-1420
20.5607039928	-1264
20.5615208149	-1420
20.5615258217	-1316
20.561565876	-1368
20.5649998188	-1420
20.5650408268	-1316
20.5652749538	-1368
20.5657658577	-1420
20.5657708645	-1316
20.5900559425	-919
20.6253728867	-1420
20.6254389286	-1316
20.6277279854	-1420
20.6277709007	-1420
20.6277740002	-1264
20.6279230118	543
20.6346409321	-1420
20.6346569061	-1420
20.6347148418	-1264
20.6352148056	-1368
20.6352548599	-1368
20.6378788948	-1368
20.6396319866	-1368
20.6742568016	-1420
20.6743228436	-1316
20.6780548096	-1420
20.6780998707	-1420
20.6781029701	-1264
20.6873447895	-1420
20.6873538494	-1420
20.6873998642	-1264
20.6875069141	543
20.6944379807	-1420
20.6944439411	-1420
20.69449687	-1264
20.6995768547	-1368
20.7020878792	-1420
20.702092886	-1420
20.702133894	-1264
20.703622818	-1420
20.7036659718	-1316
20.7054588795	-1368
20.7055528164	543
20.7073709965	-1420
20.7073760033	-1420
20.7074148655	-904
20.7098269463	-1420
20.709882021	-1316
20.709884882	-1368
20.7136788368	-1420
20.7136838436	-1420
20.7137238979	-1264
20.7149238586	-1368
20.7151489258	-1420
20.7151529789	-1316
20.7182807922	-1420
20.7182869911	-1420
20.718326807	-1264
20.7184138298	543
20.7275159359	-1420
20.7275309563	-1420
20.7275829315	-1264
20.7287778854	-1368
20.7288849354	543
20.7329478264	-1420
20.73295784	-1316
20.733317852	-1420
20.7333238125	-1420
20.7333569527	-1264
20.7381160259	-1420
20.7381780148	-1316
20.7381818295	-1368
20.7402639389	-1420
20.7402729988	-1316
20.7403159142	-1368
20.7413089275	-1368
20.7414479256	543
20.7601490021	-1368
20.7601668835	-1368
20.762570858	-1420
20.7625758648	-1420
20.7626240253	-1264
20.771337986	-1420
20.771378994	-1420
20.7713828087	-1264
20.7731809616	-1420
20.7731947899	-1316
20.7732338905	-1420
20.77323699	-1316
20.7931540012	-1420
20.7931649685	-1420
20.793214798	-1264
20.7955369949	-1420
20.7955799103	-1316
20.7956929207	-1368
20.7958209515	543
20.7969620228	-1420
20.7969667912	-1316
20.7971818447	-1368
20.7988369465	-1420
20.7988789082	-1420
20.7988820076	-1264
20.7989850044	543
20.8194868565	-1420
20.8195009232	-1420
20.8195610046	-1264
20.8199789524	-1420
20.8200359344	-1316
20.8200378418	-1368
20.824657917	-429
20.8256130219	-1420
20.8256568909	-1316
20.82584095	-1368
20.8263449669	-1420
20.82634902	-1316
20.8264448643	-1368
20.8505549431	-1420
20.8506219387	-1420
20.8506259918	-1420
20.8506608009	-1420
20.8506639004	-1420
20.8506968021	-1108
20.8508729935	543
20.8528819084	-1420
20.8528988361	-1316
20.85293293	-1368
20.8544929028	-1420
20.8545320034	-1316
20.8545839787	-1368
20.8831729889	-1420
20.8831968307	-1420
20.8832428455	-1264
20.8833580017	-1420
20.8833789825	-1316
20.8838348389	-1368
20.8862698078	-1420
20.8862748146	-1420
20.8863048553	-1264
20.8869068623	-1420
20.8869469166	-1316
20.8870368004	-1368
20.8871018887	543
20.9101519585	-1420
20.9101679325	-1420
20.9102199078	-1264
20.9103579521	543
20.9110519886	-1420
20.9110558033	-1420
20.9110939503	-1264
20.9150128365	-1420
20.9150569439	-1420
20.915060997	-1264
20.9228048325	-1420
20.9228208065	-1420
20.9228858948	-1420
20.9228889942	-1212
20.9353568554	-1420
20.9353718758	-1316
20.9387829304	-1420
20.9387879372	-1420
20.938836813	-1264
20.942111969	-1056
20.9422199726	543
20.9482319355	-1368
20.9483819008	-1420
20.9484238625	-1316
20.9656918049	-1420
20.9657268524	-1316
20.9669528008	-1368
20.967168808	-1420
20.9671728611	-1316
20.967389822	-1420
20.9673938751	-1316
20.9675137997	-1368
20.9783158302	-1420
20.9783689976	-1420
20.9783728123	-1264
20.9784078598	-1368
20.97853899	543
20.9898188114	-1420
20.9898378849	-1316
20.9902307987	-1420
20.9902369976	-1316
20.9902908802	-1368
20.9935438633	-1420
20.9935908318	-1420
20.9935939312	-1264
20.9979548454	543
21.0021708012	-1420
21.002177	-1316
21.0022089481	-1368
21.002507925	-1368
21.0422618389	-1368
21.0422759056	-1420
21.0423128605	-1316
21.0440750122	-1420
21.044121027	-1316
21.0442299843	-1368
21.0485010147	-1420
21.0485060215	-1316
21.0486428738	-1368
21.0519278049	-1420
21.0519738197	-1316
21.0523598194	-1368
21.055590868	-1420
21.0555958748	-1420
21.0556428432	-1264
21.0579309464	543
21.0580668449	-1420
21.0580699444	-1316
21.0584588051	-1368
21.0589058399	-1420
21.058950901	-1316
21.0593159199	-1420
21.0593400002	-461
21.0607988834	-1420
21.0608458519	-1420
21.0608489513	-1264
21.0857799053	-1420
21.0858058929	-1316
21.0980269909	-1420
21.098045826	-1316
21.0982868671	543
21.1002559662	-1420
21.1002628803	-1420
21.100304842	-1264
21.1003649235	-1368
21.1004869938	543
21.101364851	-1420
21.1013708115	-1316
21.1015138626	-1368
21.1114358902	-1368
21.1115858555	-1420
21.1115899086	-1316
21.1328058243	-1420
21.1328208447	-1420
21.1328790188	-1264
21.1379067898	-1420
21.1379539967	-1420
21.1379578114	-1264
21.1428120136	-1420
21.1428158283	-1420
21.1428689957	-1264
21.14483881	-1420
21.1448647976	-1316
21.1450908184	-1368
21.1451869011	543
21.1547119617	-1420
21.1547248363	-1420
21.1547868252	-1264
21.1599378586	-1420
21.1599869728	-1420
21.1599910259	-1264
21.1603448391	-1420
21.1603479385	-1420
21.1603848934	-1264
21.1708459854	543
21.1743428707	-1420
21.1743519306	-1420
21.1743998528	-1264
21.1766560078	-721
21.1916048527	-1420
21.191619873	-1420
21.1916840076	-1264
21.1979708672	543
21.2060909271	-1420
21.2061028481	-1316
21.2061538696	-1368
21.2165379524	-1420
21.2165930271	-1316
21.2165968418	-1368
21.2167170048	543
21.2223229408	-1420
21.2223439217	-1420
21.2223889828	-1264
21.2501049042	-1420
21.2501718998	-1316
21.2666478157	-1420
21.2667229176	-1420
21.2667269707	-1264
21.2746868134	-1420
21.2747049332	-1420
21.2747588158	-1264
21.2933959961	-1420
21.2934608459	-1420
21.2934658527	-1264
21.2941939831	-839
21.2947409153	-1420
21.2947819233	-1420
21.2947850227	-1264
21.2948958874	543
21.314496994	-1420
21.3145098686	-1420
21.3145589828	-1264
21.3207998276	-1420
21.3208568096	-1316
21.3208599091	-1368
21.3237597942	-1420
21.323764801	-1316
21.3395569324	-1368
21.339578867	-1420
21.3396129608	-1420
21.3396148682	-1264
21.3398079872	543
21.3486309052	-1420
21.3486459255	-1420
21.3486998081	-1264
21.3521778584	-1420
21.3522498608	-1420
21.3522539139	-1264
21.3524279594	543
21.3546409607	-1420
21.3546597958	-1420
21.3546907902	-1264
21.3589270115	-1368
21.3589818478	-1420
21.3589859009	-1316
21.3649458885	-1420
21.3649578094	-1420
21.3651618958	-1264
21.3685059547	-1420
21.3685598373	-1420
21.3685629368	-1264
21.3721649647	-1420
21.3721699715	-1420
21.3722188473	-1264
21.3751058578	-1420
21.3751490116	-1420
21.3751518726	-1264
21.3751850128	-1368
21.3753249645	543
21.3918478489	-1368
21.4086899757	-1420
21.4087569714	-1420
21.4087619781	-1264
21.4111468792	-1420
21.4111638069	-1316
21.4113278389	-1368
21.4114689827	-339
21.4134759903	-1420
21.4134819508	-1316
21.4135689735	-1368
21.4200417995	-1420
21.4201109409	-1420
21.4201159477	-1264
21.4203028679	543
21.4343848228	-1420
21.4343998432	-1420
21.4344549179	-1264
21.4377038479	-1420
21.4377458096	-1420
21.437748909	-1264
21.4379429817	543
21.4404959679	-1420
21.440500021	-1316
21.4405488968	-1368
21.4451379776	-1420
21.4451818466	-1420
21.4451849461	-1264
21.4557309151	-1420
21.4557378292	-1420
21.4558048248	-1264
21.4584519863	-1368
21.4585440159	-1420
21.4585499763	-1316
21.4591698647	-1420
21.4591748714	-1420
21.4592139721	-1264
21.4630229473	-1420
21.463064909	-1420
21.4630680084	-1264
21.4705610275	-1420
21.4705657959	-1420
21.4706139565	-1264
21.470717907	543
21.4724550247	-1420
21.4724597931	-1420
21.4724988937	-1264
21.4749958515	-1420
21.4750378132	-1420
21.4750409126	-1264
21.4776949883	-1420
21.4777009487	-1420
21.4777398109	-1264
21.4890508652	-1368
21.5036928654	-1368
21.528952837	-1330
21.5291728973	1057
21.5645699501	-1420
21.5645868778	-1316
21.5657989979	-1420
21.5658049583	-1316
21.5659618378	-1368
21.5719738007	-1420
21.5720188618	-1420
21.5720219612	-1264
21.5721328259	543
21.5749030113	-1420
21.5749080181	-1420
21.5749459267	-1264
21.5797657967	-1368
21.5905618668	-1420
21.5905749798	-1316
21.5920379162	-1420
21.592042923	-1420
21.5920879841	-1264
21.5947318077	-1420
21.5947759151	-1420
21.5947790146	-1264
21.6034419537	-1420
21.6034560204	-1316
21.6035089493	-1420
21.6035108566	-1316
21.6047859192	543
21.6179788113	-1420
21.6179938316	-1420
21.6180379391	-1264
21.6188969612	-1420
21.6189379692	-1420
21.6189398766	-1264
21.6240348816	-1420
21.6240408421	-1316
21.6242368221	-1368
21.6244568825	-1368
21.6245470047	-1368
21.6247639656	-1368
21.6465418339	-792
21.6738569736	-1368
21.749863863	-543
21.763851881	-203
21.7640058994	543
21.8792948723	-1420
21.8793129921	-1316
21.8810667992	-891
21.9784879684	543
22.0382778645	-543
22.0402469635	543
22.0404999256	1460
22.0405449867	111
22.2323679924	-543
22.2325589657	543
22.3890888691	-543
22.5332608223	1057
22.5782020092	543
22.6278719902	543
22.6368608475	543
22.6370968819	543
22.6373078823	543
22.6375119686	543
22.674120903	-1420
22.674189806	-1420
22.6742379665	-787
22.6778409481	-1420
22.6778669357	-1316
22.6800529957	-1368
22.6824569702	-1420
22.6824970245	-1316
22.6862549782	-1368
22.7845008373	-1420
22.7845578194	-1316
22.7912788391	-1023
22.7990558147	-1368
22.8880770206	1460
22.8881678581	111
22.9035069942	543
22.9084289074	-1260
22.9131908417	1057
22.933480978	543
22.9881868362	543
23.0307660103	-543
23.030905962	1057
23.0606479645	543
23.0953798294	-1368
23.1221020222	-1368
23.1317119598	543
23.1783838272	-406
23.1866328716	543
23.2394719124	-1420
23.2394909859	-1316
23.2418749332	-1420
23.24187994	-1420
23.2419428825	-1264
23.2433450222	-1420
23.2433869839	-1420
23.2433898449	-1264
23.2539138794	-1420
23.2539379597	-1420
23.2539749146	-1264
23.2539768219	-1368
23.2691140175	-1420
23.2691287994	-1316
23.2755019665	-1420
23.2755110264	-1420
23.2755579948	-1264
23.2787799835	-1420
23.2788360119	-1420
23.2788398266	-1264
23.2843489647	-1420
23.2843549252	-1316
23.2844619751	543
23.2866899967	543
23.293118	543
23.3568508625	-1179
23.3631558418	543
23.372841835	-1420
23.3728568554	-1316
23.3749768734	-1420
23.3749828339	-1420
23.375027895	-1264
23.3756158352	-1420
23.3756740093	-1420
23.3756768703	-1264
23.3906638622	-1420
23.3906807899	-1316
23.3907418251	-1368
23.4235768318	-1368
23.4279828072	543
23.428413868	543
23.4831039906	-1368
23.4880788326	543
23.4900078773	-981
23.4934539795	543
23.5065858364	-1368
23.5289778709	-1420
23.5290439129	-1316
23.5337278843	543
23.6059839725	-1368
23.6131408215	543
23.6136147976	1057
23.6236820221	-783
23.7226970196	-1420
23.7227139473	-1316
23.7313799858	-1420
23.7313928604	-1316
23.7314507961	-1368
23.7437717915	-1368
23.7437939644	-1368
23.7439010143	-1368
23.7542488575	-1420
23.7543208599	-1420
23.754324913	-1264
23.762586832	-1368
23.766024828	-1420
23.7660448551	-1316
23.7696750164	-1420
23.7696938515	-1420
23.7697329521	-1264
23.7766368389	-1420
23.7766599655	-1420
23.7766928673	-1264
23.7768228054	1057
23.7813098431	-1287
23.7828109264	-1420
23.7828519344	-1316
23.7873709202	-1368
23.7937099934	-1420
23.7937350273	-1316
23.7985019684	543
23.8284218311	1057
23.8290588856	1057
23.8677070141	-1420
23.8677239418	-1316
23.8685247898	543
23.8702168465	543
23.8807079792	1057
23.8817989826	-1368
23.8986518383	-538
23.9016230106	543
23.9315609932	-1368
23.9436349869	543
23.96240592	-1368
24.0159819126	-406
24.0600709915	-1368
24.1003508568	543
24.1013069153	543
24.1252830029	-1420
24.1252999306	-1420
24.1253569126	-1264
24.1256170273	-1420
24.1256690025	-1420
24.1256718636	-1264
24.1257808208	543
24.1261639595	543
24.133056879	-849
24.1341238022	-1368
24.1342530251	-1368
24.1348638535	-1368
24.1403639317	-1420
24.1403698921	-1316
24.141299963	-1368
24.1542339325	-1420
24.1543028355	-1420
24.1543068886	-1264
24.1577048302	-1420
24.1577107906	-1316
24.1578598022	543
24.1591048241	-1368
24.1604478359	-1368
24.1605758667	-1368
24.1623198986	-1368
24.1685538292	-1420
24.1685628891	-1316
24.16877985	-1368
24.1732158661	543
24.1789779663	-1420
24.1789929867	-1420
24.179049015	-1264
24.1853778362	-1420
24.18542099	-1316
24.1858778	1057
24.186218977	-1368
24.1873350143	-1420
24.1873688698	-1316
24.1873719692	-1368
24.1891188622	-1420
24.1891238689	-1420
24.1891648769	-1264
24.2013599873	-1420
24.2014238834	-1420
24.2014279366	-1264
24.2016348839	543
24.2120299339	-1420
24.2120440006	-1316
24.2125489712	-1368
24.21270895	1057
24.2244329453	543
24.2514629364	-821
24.25689888	-1368
24.3128378391	-1368
24.3130068779	543
24.3134438992	543
24.3267970085	-1368
24.3272829056	1057
24.3277509212	543
24.3740649223	-95
24.4615190029	-1420
24.461534977	-1316
24.4745688438	-1368
24.5146110058	-1420
24.5146389008	-1316
24.5230288506	543
24.5350739956	-443
24.5370090008	-1420
24.5370569229	-1316
24.5985558033	-1420
24.5985739231	-1316
24.6177527905	-1368
24.6400969028	-1368
24.6421909332	543
24.6541259289	-1160
24.6966369152	-1420
24.6966450214	-1316
24.7114999294	-1420
24.7115068436	-1316
24.7373559475	-1420
24.7373638153	-1316
24.737514019	543
24.7432699203	543
24.7715609074	-1131
24.771709919	543
24.8310718536	-1368
24.8526308537	-1368
24.8890018463	-435
25.0030958652	543
25.0064928532	-1086
25.0066819191	543
25.192471981	-543
25.2426698208	-1420
25.2426857948	-1316
25.2434120178	-1368
25.359774828	-66
25.439467907	-1420
25.439483881	-1316
25.4531137943	-1368
25.4768948555	-580
25.5942339897	-1057
25.682035923	-543
26.0131218433	543
26.136084795	543
26.1680028439	1460
26.1680929661	1460
26.1681368351	1161
26.1682989597	89
26.1818618774	1460
26.1819329262	1460
26.1819689274	193
26.2285029888	543
26.2289369106	543
26.2657248974	543
26.389980793	-543
26.403482914	-1420
26.4035389423	-1316
26.4079458714	-1420
26.4079959393	-1420
26.4080398083	-1264
26.409268856	-1420
26.4093079567	-1420
26.4093430042	-1264
26.4176688194	-1420
26.4177110195	-1420
26.4177470207	-1264
26.4179129601	-1368
26.4221789837	-1420
26.422221899	-1316
26.4230918884	-1420
26.4231328964	-1316
26.4231359959	-1368
26.424934864	-1420
26.4249408245	-1420
26.4249830246	-1264
26.4315419197	-1368
26.4317159653	-1420
26.4317579269	-1316
26.4319360256	-1420
26.4319558144	-1316
26.4320738316	-1420
26.4321208	-1316
26.4326088428	-1420
26.4326570034	-1420
26.4326598644	-1264
26.4360079765	543
26.4361598492	543
26.4378859997	-1420
26.4378919601	-1316
26.4381108284	-1368
26.4455668926	-1420
26.4456329346	-1420
26.4456379414	-1264
26.4457178116	-1420
26.445720911	-1420
26.4457569122	-1264
26.4473059177	-1368
26.4474208355	-1368
26.4474658966	-1368
26.4487438202	543
26.4490418434	-1420
26.4490478039	-1316
26.4492108822	-1368
26.4499759674	-1420
26.4500029087	-1316
26.4501378536	-1368
26.4582328796	-1420
26.4582498074	-1420
26.4582858086	-1264
26.4593539238	-1420
26.4594008923	-1420
26.4594039917	-1264
26.4610450268	-1368
26.5075228214	-1420
26.5075349808	-1316
26.5210828781	-1420
26.5210969448	-1420
26.5211520195	-1420
26.5211548805	-1212
26.5254018307	-1420
26.5254189968	-1420
26.5254759789	-1420
26.5254788399	-1420
26.5255138874	-1420
26.5255169868	-1108
26.5266878605	-1420
26.5266909599	-1420
26.5267260075	-1420
26.5267288685	-1212
26.5268278122	-1420
26.5268309116	-1316
26.5287678242	543
26.5289750099	543
26.5291509628	543
26.5293519497	543
26.5349719524	-1420
26.5349910259	-1420
26.5350468159	-1003
26.5350499153	-1420
26.5350840092	-1316
26.535269022	-1420
26.5353088379	-1316
26.5353369713	543
26.5386610031	-1368
26.5393428802	-1420
26.5393710136	-1316
26.5394608974	-1420
26.5395028591	-1316
26.5396618843	543
26.5403409004	-1420
26.5403459072	-1420
26.5404479504	-1264
26.5404498577	-1368
26.5404868126	-1420
26.540489912	-1316
26.5422179699	-1420
26.542224884	-1420
26.5422689915	-1264
26.5422718525	-1420
26.5423049927	-1420
26.5423069	-1183
26.5426030159	1057
26.5489180088	-1420
26.5489249229	-1316
26.5490429401	-1420
26.5490469933	-1316
26.5490648746	-1368
26.5492329597	-1420
26.549268961	-1420
26.549271822	-1264
26.5493059158	-1420
26.5493078232	-1316
26.5495119095	-1420
26.5495159626	-1316
26.5495519638	-1420
26.5495538712	-1316
26.5497338772	-1420
26.5497369766	-1316
26.5498609543	-1420
26.5498638153	-1316
26.5499680042	-1368
26.5500400066	-1368
26.5536139011	543
26.5538198948	543
26.5540149212	543
26.5553200245	-1420
26.5553269386	-1420
26.555369854	-1264
26.5553729534	-1368
26.5629069805	-1420
26.5630068779	-1420
26.5630669594	-1420
26.5630698204	-1212
26.5631048679	-1420
26.5631070137	-1420
26.5631489754	-1264
26.5631508827	-1420
26.5631859303	-1420
26.5631878376	-1165
26.5632209778	-1368
26.5632238388	-1420
26.5632579327	-1420
26.56325984	-1264
26.5647349358	-1420
26.5647389889	-1420
26.5647759438	-1264
26.5647778511	-1368
26.5663878918	-1420
26.5663919449	-1420
26.5664288998	-1264
26.5664319992	-1420
26.5664658546	-1420
26.5664680004	-1264
26.5672929287	-1420
26.5672957897	-1420
26.5673727989	-1264
26.5673758984	-1420
26.5674109459	-1420
26.5674128532	-1264
26.5686058998	543
26.5687549114	543
26.5755569935	-1420
26.575565815	-1420
26.5756189823	-1420
26.5756218433	-1420
26.5756568909	-1160
26.5756587982	-1420
26.5756919384	-1316
26.5765550137	-1420
26.576597929	-1420
26.57660079	-1264
26.5767040253	543
26.5798408985	-1368
26.5806889534	-1368
26.5808558464	-1368
26.5838828087	-1368
26.6182389259	-1420
26.6182539463	-1316
26.624876976	-1420
26.6248819828	-1420
26.6249217987	-1420
26.6249248981	-1212
26.6383469105	-1420
26.6383569241	-1420
26.6384038925	-1420
26.638406992	-1212
26.638448	-1420
26.638450861	-1316
26.6384849548	-1420
26.6384878159	-1316
26.6386809349	543
26.6424639225	-1420
26.6424708366	-229
26.642843008	-1420
26.6428468227	-1420
26.6429359913	-1420
26.6429388523	-1420
26.6429820061	-1420
26.6429848671	-1420
26.6430199146	-1056
26.6430230141	-1420
26.6430559158	-1316
26.6430590153	-1368
26.643955946	-1420
26.643958807	-1316
26.6479690075	543
26.654337883	1057
26.6549048424	543
26.6557309628	-543
26.6937639713	543
26.7030379772	543
26.7422389984	-1368
26.7532470226	1057
26.7601559162	-960
26.7681159973	1460
26.7681829929	111
26.7846639156	-1368
26.8233578205	-1368
26.8502218723	-1420
26.8502409458	-1316
26.8502969742	-1368
26.8638830185	-1368
26.8775098324	-132
26.8874878883	-1420
26.8875539303	-1316
26.9019269943	-1368
26.9192328453	-1420
26.9192488194	-1420
26.9193089008	-1264
26.9333808422	-1368
26.9950699806	-1363
27.0368449688	543
27.0435140133	543
27.0447659492	543
27.0484189987	543
27.0529789925	543
27.0733478069	543
27.0748589039	543
27.0790038109	543
27.1165418625	-1420
27.1165518761	-1420
27.1166038513	-787
27.1195819378	543
27.132365942	-1420
27.1323788166	-1420
27.1324288845	-1264
27.2140958309	-1368
27.2143998146	543
27.2163178921	-1420
27.2163238525	-1316
27.2215089798	-1420
27.2215158939	-1420
27.2215569019	-1264
27.2258048058	-1420
27.22585392	-1420
27.2258579731	-1264
27.2260048389	543
27.2283778191	-1420
27.2283828259	-1420
27.2284238338	-1264
27.2293498516	-1368
27.2310240269	-1420
27.2310268879	-1420
27.2310638428	-1264
27.2315838337	-1420
27.2316219807	-1316
27.2320539951	-1368
27.2331638336	543
27.2334330082	-180
27.3174498081	-1368
27.3421919346	-1368
27.3454859257	543
27.3460538387	543
27.3748128414	-1368
27.3750078678	543
27.3903739452	-667
27.3930168152	543
27.3959929943	-1420
27.3959980011	-1316
27.4302799702	543
27.5133149624	-377
27.6957118511	-543
27.6959710121	543
27.7092638016	-1420
27.7092728615	-1316
27.7160959244	-1368
27.7578999996	1057
27.7676029205	-1368
27.7773599625	1057
27.7843279839	-1420
27.7843358517	-1316
27.787186861	543
27.7968490124	-1368
27.8104689121	-1420
27.8105368614	-1420
27.8105409145	-1264
27.8122649193	543
27.8128318787	-401
27.8199648857	543
27.823335886	1057
27.8236567974	543
27.9410498142	-1086
27.9480159283	1057
27.9802060127	543
27.9892368317	-1420
27.9892477989	-1316
27.9908599854	-1420
27.9908659458	-1420
27.9909069538	-1264
27.9951078892	-1420
27.9951739311	-1316
27.9951779842	-1368
27.9959158897	-1420
27.9959208965	-1420
27.9959609509	-1264
27.9992837906	543
27.9993679523	543
28.0038199425	-1368
28.004434824	543
28.0312588215	-1420
28.0312747955	-1316
28.0356509686	-1420
28.0356678963	-1420
28.0357058048	-1264
28.0359489918	-1420
28.0359709263	-1316
28.0361979008	543
28.0362529755	-1368
28.0371959209	-1420
28.0372428894	-1420
28.0372459888	-1264
28.037706852	-1368
28.0389289856	-1420
28.0389559269	-1420
28.0389590263	-1264
28.0400509834	-1368
28.0675849915	-1420
28.0676579475	-1420
28.0676629543	-1264
28.0772299767	-1420
28.0772409439	-1316
28.0785758495	543
28.0874238014	-1420
28.0874350071	-1316
28.098058939	-1074
28.100137949	543
28.1009500027	543
28.1380298138	-1420
28.1380448341	-1420
28.138078928	-1264
28.1387050152	-1420
28.1387369633	-1316
28.1395919323	-1368
28.1414089203	-1420
28.1414148808	-1316
28.1417598724	-1368
28.1506400108	-1420
28.1506710052	-1316
28.1506738663	-1368
28.1514530182	-1420
28.151458025	-1420
28.1514987946	-1264
28.1557788849	-1420
28.1558489799	-1420
28.1558539867	-1264
28.1563358307	543
28.1651120186	-1420
28.1651279926	-1316
28.2025358677	543
28.205065012	-1420
28.2050709724	-1316
28.2120068073	543
28.2123699188	543
28.2125849724	543
28.2127628326	543
28.213039875	543
28.213244915	543
28.2134318352	543
28.2176709175	-122
28.2188680172	1460
28.2189209461	625
28.2533578873	543
28.2536029816	1057
28.267829895	-1368
28.2680540085	-1368
28.2839438915	-1420
28.2839639187	-1316
28.3365550041	-240
28.4933509827	-1086
28.4980080128	543
28.5903990269	-1368
28.5979309082	1057
28.6002528667	-1368
28.6003489494	543
28.6105239391	-435
28.6107439995	1057
28.6788249016	-1368
28.6790678501	1460
28.6791338921	111
28.6819489002	-1420
28.6820669174	-1316
28.6820998192	-1368
28.68481493	-1420
28.6848449707	-1316
28.6849179268	-1368
28.6850450039	543
28.6916429996	-1420
28.6916508675	-1420
28.6917538643	-1264
28.696269989	-1420
28.6963059902	-1420
28.6963758469	-1264
28.6996908188	-1368
28.7003719807	543
28.7007548809	-1420
28.7008039951	-1316
28.701789856	-1420
28.7018969059	-1420
28.701928854	-1264
28.733112812	-599
28.7357418537	-543
28.7433969975	1057
28.744011879	543
28.7735710144	543
28.7879338264	1460
28.788022995	625
28.8109278679	-1368
28.8192579746	543
28.8503398895	-232
28.9554469585	-1368
28.967610836	-1231
29.0328269005	-1420
29.0328469276	-1316
29.0481529236	-1420
29.0482618809	-1420
29.048309803	-1264
29.0485668182	1057
29.050839901	-1420
29.0508480072	-1420
29.0508768559	-1264
29.051846981	-1420
29.0519089699	-1420
29.051913023	-1264
29.0589978695	-1368
29.0617640018	-1420
29.0618259907	-1316
29.0718100071	-1420
29.0718569756	-1316
29.0718619823	-1368
29.0720148087	543
29.0850679874	-707
29.085244894	543
29.1046478748	-1368
29.1558408737	-1368
29.1615989208	543
29.1737558842	-1368
29.2022249699	-95
29.2628560066	-1420
29.2628757954	-1420
29.2629179955	-1264
29.3093249798	-1368
29.3113868237	543
29.3670899868	-1368
29.3679428101	-45
29.3892438412	543
29.3923230171	-1420
29.3923299313	-1316
29.3998088837	-1368
29.4365170002	-1368
29.442155838	543
29.4663589001	-543
29.4852609634	-269
29.4854228497	543
29.6801738739	-543
29.797467947	-1057
29.803180933	1460
29.8032348156	625
29.80479002	543
29.8678798676	-1420
29.8679058552	-1316
29.8838508129	-1368
29.914716959	-580
29.9167509079	543
29.9175219536	543
30.1442358494	-1420
30.1442530155	-1316
30.1443388462	-891
30.1870479584	-1420
30.1871218681	-1420
30.1871259212	-1264
30.1880669594	1057
30.2007679939	-1420
30.2007830143	-1420
30.2008638382	-1264
30.2009649277	-1420
30.2010059357	-1316
30.2010109425	-1368
30.2012069225	543
30.2101798058	-1420
30.210203886	-1420
30.2102389336	-1264
30.2143788338	543
30.2151618004	-1420
30.2151679993	-1420
30.2152178288	-1264
30.215430975	-1420
30.2154707909	-1420
30.2154738903	-1264
30.2204549313	-1420
30.220468998	-1420
30.2205228806	-1264
30.2211899757	543
30.2225530148	-1420
30.2225599289	-1420
30.2226037979	-1264
30.2236359119	-1368
30.2262079716	-1420
30.2262129784	-1316
30.2312138081	-1420
30.2312200069	-1420
30.2312598228	-1264
30.2453899384	-1420
30.2454469204	-1316
30.3032469749	-1066
30.425978899	-543
30.4262428284	543
30.6128709316	-1420
30.612888813	-1420
30.6129498482	-787
30.6272599697	-1368
30.730052948	-746
30.7330338955	543
30.9589469433	-543
30.9594388008	1057
31.1464939117	-1057
31.1498858929	1057
31.3318970203	-1057
31.4133338928	543
31.5232279301	1460
31.5233387947	111
31.5915060043	1057
31.6118049622	-543
31.6121330261	543
31.6124269962	543
31.6762378216	1057
31.7574059963	543
31.7837228775	-1368
31.7837388515	-203
31.8066120148	543
31.8156728745	543
31.8169798851	543
31.8241918087	543
31.8454639912	543
31.8603079319	543
31.8683209419	-1420
31.8683319092	-1420
31.868393898	-1264
31.8701088428	-1420
31.8701570034	-1420
31.8701608181	-1264
31.8718998432	-1420
31.87190485	-1420
31.8719599247	-1264
31.8720808029	543
31.8843309879	-1420
31.8843410015	-1420
31.8844008446	-1264
31.885890007	-1368
31.8860328197	-1420
31.8860359192	-1316
31.8865959644	-1420
31.8865988255	-1420
31.886649847	-1264
31.8871338367	-1420
31.8871848583	-1316
31.9010498524	-773
32.003084898	543
32.0031919479	543
32.0583398342	-543
32.0630869865	543
32.1462438107	-1368
32.175634861	-1260
32.1830089092	-1368
32.1956288815	-1420
32.1956889629	-1316
32.2010438442	543
32.2019360065	543
32.2095789909	-1368
32.2166619301	-1420
32.2166998386	-1316
32.219575882	-1420
32.2196309566	-1420
32.2196350098	-1264
32.2203299999	543
32.2213540077	-1420
32.2213599682	-1420
32.2214128971	-1264
32.2235298157	-1420
32.2235879898	-1420
32.2235918045	-1264
32.2280108929	-1368
32.2306609154	-1420
32.2307178974	-1420
32.2307229042	-1264
32.2342348099	-1420
32.2342429161	-1316
32.234651804	-1368
32.235462904	-1420
32.2355179787	-1316
32.235683918	-1368
32.2364017963	543
32.236579895	543
32.2401208878	-1420
32.2401268482	-1316
32.2404458523	-1368
32.2418279648	-1420
32.2418689728	-1420
32.2418718338	-1264
32.2427728176	-1420
32.2427768707	-1316
32.2430639267	-1368
32.2450330257	-1368
32.2452960014	-1420
32.2453029156	-1316
32.2470870018	-1420
32.2470948696	-1316
32.2473649979	-1368
32.2488079071	-1420
32.2488429546	-1316
32.2488977909	-1368
32.2519078255	-1420
32.2519128323	-1316
32.2519888878	-1368
32.2557628155	-1420
32.2557959557	-1316
32.2558529377	-1368
32.2559769154	543
32.2581958771	-1420
32.2582018375	-1316
32.2582538128	-1368
32.2658410072	-1420
32.2659099102	-1420
32.2659139633	-1264
32.2698779106	-1420
32.2698838711	-1420
32.2699358463	-1264
32.2769458294	-1420
32.2769789696	-1316
32.2880868912	543
32.3001689911	-777
32.3252468109	-1420
32.3252999783	-1316
32.3313188553	-1420
32.3313748837	-1316
32.3716638088	-1368
32.3748259544	543
32.3750720024	543
32.4423949718	-443
32.4481458664	543
32.6015958786	-1420
32.6016290188	-1420
32.6017239094	-1264
32.6024949551	-1420
32.6026399136	-1420
32.6026499271	-1264
32.6027848721	-1368
32.6029729843	-1420
32.6030437946	-1316
32.6058628559	-1420
32.605948925	-1316
32.6059589386	-1368
32.6068639755	-1420
32.6068828106	-1420
32.6069569588	-1264
32.607298851	-1420
32.6073708534	-1420
32.6073789597	-1264
32.6076889038	543
32.6147739887	-1420
32.6147940159	-1316
32.6204328537	-259
32.8245429993	-1057
32.8269197941	543
33.1370818615	-543
33.1372659206	1460
33.1373298168	111
33.5891108513	-1057
34.0000529289	543
34.2023439407	543
34.2032268047	1460
34.2033388615	625
