0	543
0.243871927261	-543
0.244058132172	543
0.480381011963	-1420
0.480400085449	-1420
0.480453014374	-787
0.540266990662	-1368
0.598372936249	-717
0.601223945618	543
0.606131076813	543
0.840147972107	-543
0.9577460289	-1420
0.95781493187	-1316
0.958284139633	-1420
0.958323001862	-1420
0.958358049393	-1264
0.977165937424	-1368
0.977333068848	-1368
0.997792959213	-820
1.01346993446	-1420
1.01352310181	-1316
1.01528501511	-1368
1.02366495132	543
1.07577610016	-1420
1.07580900192	-1316
1.07586598396	-1420
1.0758690834	-1316
1.07601809502	543
1.07613992691	-1368
1.07675504684	543
1.11578798294	-480
1.27982091904	-543
1.28007102013	543
1.56830096245	-1368
1.56847190857	-1420
1.56851696968	-839
1.62758898735	-1368
1.68681001663	-717
1.68968391418	543
1.6905040741	1460
1.69055104256	1460
1.69059610367	193
1.93487405777	-543
2.05153203011	-1420
2.05158901215	-1316
2.05182099342	-1420
2.05185008049	-1316
2.05189299583	-1368
2.07182312012	-1420
2.07188010216	-1420
2.07190012932	-1264
2.09287810326	-1023
2.09810495377	-1368
2.10996794701	-1420
2.11002111435	-1316
2.11065006256	-1420
2.11069512367	-1420
2.11073112488	-1264
2.1172311306	-1420
2.11727905273	-1420
2.11731505394	-1264
2.1174800396	-1420
2.11751914024	-1420
2.11755394936	-1264
2.11762809753	543
2.11810803413	-1368
2.12993192673	-1420
2.13002204895	-1316
2.13002610207	-1420
2.13006401062	-1316
2.17004704475	-1420
2.17012214661	-1420
2.17012691498	-1420
2.17016410828	-1212
2.17016601562	-1368
2.17037391663	543
2.18527698517	-1420
2.18529391289	-1316
2.21100306511	-14
2.33610510826	543
2.65222811699	-1420
2.65229105949	-1179
2.65244197845	543
