0	543
0.0380308628082	543
0.179925918579	-543
0.383770942688	-543
0.516144990921	-543
0.53594493866	543
0.551481962204	543
0.800516843796	-543
0.96834397316	-543
0.974261045456	1057
1.0688328743	543
1.2471818924	-543
1.31420683861	-1420
1.31426382065	-1316
1.35870099068	-1368
1.41550397873	-580
1.41746592522	543
1.41925287247	543
1.69412589073	-543
1.89653086662	-1420
1.8966088295	-1420
1.89664793015	-787
1.89672493935	-1368
1.89683294296	-1420
1.89686894417	-1316
1.89690995216	-1368
1.89707899094	543
1.93538093567	-1420
1.93540501595	-1316
1.94046497345	-1368
1.98607397079	1057
1.98955202103	1057
2.02473282814	-1420
2.02478098869	-1420
2.02480888367	-1264
2.02482485771	-1368
2.02482700348	-1368
2.02499604225	-1368
2.02508592606	-1368
2.02519392967	-1368
2.02541589737	-1368
2.02564096451	-1420
2.02564382553	-626
2.02842903137	543
2.03021383286	-1368
2.0687110424	543
2.09755897522	-1420
2.09757494926	-1316
2.10155200958	1057
2.10753893852	1057
2.10919904709	1057
2.11691188812	1057
2.11957287788	1057
2.128428936	1057
2.15361404419	-1094
2.15415382385	543
2.1773648262	1057
2.28260397911	-543
2.33090400696	-1420
2.33092188835	-1420
2.33097887039	-1264
2.37527799606	-1420
2.37529301643	-1316
2.37535786629	-1368
2.37747097015	543
2.38694596291	-1368
2.45054197311	-878
2.45313501358	543
2.45336294174	1460
2.45342803001	111
2.50036597252	-1368
2.50044894218	-1368
2.50048303604	-1368
2.50147891045	-1368
2.50155591965	-1368
2.50163388252	-1368
2.50191402435	-1368
2.50216698647	-1368
2.50287604332	-1420
2.50287985802	-1316
2.50298285484	-1368
2.50428295135	543
2.51254892349	-1420
2.51256299019	-1316
2.51312685013	-1420
2.51313090324	-1316
2.54505491257	-1368
2.54507088661	-1420
2.54510688782	-1316
2.54516482353	-1420
2.54518389702	-1316
2.54535698891	543
2.54773283005	543
2.54988288879	543
2.55252289772	543
2.56548285484	543
2.57850289345	-802
2.58078289032	543
2.58967685699	-1420
2.58968305588	-1316
2.70913982391	-920
2.71157097816	543
2.82284283638	-1420
2.82286095619	-1420
2.82292485237	-1264
2.82312703133	-1420
2.82315087318	-1316
2.82337594032	-1368
2.86199903488	-1420
2.86201405525	-1420
2.86207294464	-1264
2.86660003662	-1420
2.8666498661	-1316
2.87413597107	-1368
2.87483096123	-1368
2.87502288818	-1368
2.87513899803	-1420
2.87514400482	-1316
2.87521100044	-1368
2.87537693977	-1368
2.87550282478	-1368
2.88443493843	-657
2.88475394249	543
2.91191697121	-1420
2.91192984581	-1316
2.91517090797	-1420
2.91517591476	-1316
2.91531395912	-1420
2.91531801224	-1316
2.91542696953	-1368
2.91906189919	-1420
2.9191069603	-1316
2.91927504539	-1368
2.91938090324	-1368
2.91945505142	543
2.91965985298	-1420
2.9196639061	-1420
2.9196999073	-1264
2.95683789253	-1368
2.95795798302	-1420
2.95796394348	-1316
2.9595489502	-1420
2.95955491066	-1420
2.95959305763	-1264
2.95966982841	543
2.96064591408	-1368
2.96080303192	-1368
2.96188998222	-1368
2.96332597733	-1420
2.96336483955	-1316
2.99517202377	-1368
2.99522686005	-1420
2.99523186684	-1316
2.99564099312	-1420
2.99564504623	-1316
2.99650788307	-1368
2.99757194519	-1420
2.99760198593	-1316
2.99845504761	-1368
2.99936795235	-1420
2.99937391281	-1316
3.00044989586	-1368
3.00053787231	543
3.01225805283	-937
3.02663493156	-1368
3.0266828537	-1368
3.03454494476	-1420
3.03459596634	-1316
3.03467082977	-1420
3.03469800949	-1316
3.03485202789	-1368
3.03520798683	-1420
3.0352139473	-1420
3.03525304794	-1264
3.03525495529	-1368
3.03539204597	543
3.07105493546	-1420
3.07106900215	-1420
3.07112383842	-1264
3.07368183136	-1420
3.07373404503	-1420
3.07373690605	-1264
3.07389092445	-1420
3.0738940239	-1316
3.07421588898	-1368
3.07465291023	-1420
3.07471489906	-1316
3.0747179985	-1368
3.08045005798	543
3.09217500687	-1368
3.09231805801	-1368
3.09242987633	-1368
3.09270405769	-1420
3.0927438736	-1316
3.11301183701	-1368
3.11306190491	-1420
3.11306595802	-1316
3.11331701279	-1368
3.11391401291	-1420
3.11395287514	-1420
3.1139550209	-1264
3.11951494217	-1420
3.11952495575	-1420
3.11957001686	-1264
3.14026498795	-626
3.14043092728	543
3.1534678936	-1420
3.15347599983	-1316
3.15390396118	-1368
3.15411305428	-1420
3.15416097641	-1316
3.15420889854	-1368
3.15478801727	-1420
3.15479183197	-1316
3.15491485596	-1368
3.15498685837	-1368
3.15509986877	-1368
3.15529894829	-1368
3.15540504456	543
3.19307494164	-1368
3.19309091568	-1368
3.19351792336	-1368
3.19438886642	-1420
3.19443202019	-1316
3.19544696808	-1420
3.19547200203	-1316
3.19557094574	-1368
3.19578790665	-1420
3.19579100609	-1316
3.19590497017	-1368
3.19601082802	543
3.19674682617	-1368
3.19755887985	-1420
3.19758200645	-1420
3.19758486748	-1264
3.1981139183	-1368
3.19833803177	-1368
3.216121912	1460
3.21621584892	1460
3.21625089645	1161
3.21629285812	1460
3.21636390686	1460
3.21639990807	1161
3.21645402908	1460
3.2164888382	1460
3.2165210247	1161
3.21659588814	1237
3.28132891655	-428
3.44922494888	1460
3.44930887222	111
3.46982192993	1057
3.50031685829	1057
3.51325583458	-1420
3.51332187653	-1420
3.5133600235	-787
3.51339697838	-1420
3.51343083382	-1316
3.51363182068	-1368
3.51880002022	543
3.51925182343	1057
3.55592489243	-1420
3.55594301224	-1316
3.55608582497	-1368
3.55631184578	-1420
3.55635404587	-1420
3.55635690689	-1264
3.55813384056	-1420
3.55813884735	-1420
3.55817604065	-1264
3.55842590332	-1420
3.55846595764	-1420
3.55846905708	-1264
3.55972194672	-1420
3.55972790718	-1316
3.55976891518	-1368
3.56113195419	-1420
3.56115603447	-1316
3.5612449646	543
3.5954990387	-1420
3.59551501274	-1316
3.59717297554	1057
3.59938001633	1057
3.6006538868	-1420
3.60065889359	-1420
3.60068082809	-1264
3.60169005394	-1420
3.60171484947	-1316
3.6021528244	-1368
3.60217499733	-1368
3.60293698311	-1368
3.60727095604	1057
3.6417298317	-660
3.67800998688	-1368
3.67805886269	-1368
3.67916488647	-1420
3.67919588089	-1316
3.67928099632	-1368
3.68151593208	-1420
3.68152189255	-1316
3.68154597282	-1368
3.68267393112	-1368
3.68276286125	-1420
3.68276596069	-1316
3.68326401711	-1368
3.68341398239	543
3.68530201912	-1368
3.68549394608	-1368
3.71836686134	-1420
3.71838188171	-1316
3.72004389763	-1368
3.7215359211	-1420
3.72159004211	-1316
3.72159290314	-1368
3.72339105606	-1420
3.72339582443	-1316
3.72506284714	-1368
3.72593402863	543
3.72655582428	-1420
3.72656083107	-1316
3.72792696953	-1368
3.72922682762	-1420
3.72926592827	-1316
3.72999000549	-1368
3.73102688789	543
3.73296689987	-1368
3.75989603996	-1420
3.75998282433	-1420
3.75998687744	-1264
3.76082491875	-1420
3.76083087921	-1420
3.76085305214	-1264
3.76248693466	-1368
3.76252603531	-1420
3.76252985001	-1316
3.76953196526	-829
3.7696788311	543
3.77775001526	-1420
3.77776384354	-1420
3.77781391144	-1264
3.7953209877	-1420
3.79541182518	-1420
3.7954158783	-1264
3.7959728241	-1368
3.79617285728	-1420
3.796200037	-1316
3.83538985252	-1420
3.83547592163	-1420
3.83548092842	-1264
3.83591198921	-1368
3.83601498604	-1420
3.83605289459	-1316
3.83664798737	-1420
3.83668684959	-1316
3.83672690392	-1368
3.83727693558	-1368
3.83762383461	543
3.8378059864	-1420
3.83781099319	-1316
3.83960795403	-1420
3.83961296082	-1316
3.87552189827	-1420
3.87553787231	-1420
3.87559199333	-1264
3.87571287155	543
3.87574982643	-1368
3.87634181976	-1368
3.87656497955	-1420
3.87656998634	-1316
3.88399505615	-1420
3.88401198387	-1420
3.88406586647	-1264
3.90613293648	-668
3.91545605659	-1420
3.91546702385	-1420
3.91552591324	-1264
3.91556692123	-1368
3.91566896439	-1420
3.9156730175	-1316
3.91574597359	-1368
3.9248688221	-1420
3.92492890358	-1420
3.9249329567	-1264
3.92880296707	-1420
3.92881584167	-1316
3.92904686928	-1368
3.954433918	-1420
3.95450782776	-1316
3.95451188087	-1420
3.95455503464	-1316
3.95476388931	543
3.9548099041	-1368
3.96355891228	-1420
3.96361398697	-1420
3.96361804008	-1264
3.99424791336	-1420
3.99426484108	-1420
3.99432587624	-1264
3.99441385269	-1420
3.99444103241	-1316
3.99453783035	-1368
3.99472784996	-1368
3.99483394623	1057
3.99871492386	-1420
3.998721838	-1316
4.00347089767	-1420
4.00348091125	-1420
4.00350999832	-1264
4.00402188301	-1420
4.00404405594	-1316
4.00409603119	-1368
4.03356289864	-1368
4.03420090675	-1420
4.03425598145	-1316
4.03450298309	-1420
4.03456902504	-1316
4.03457188606	-1420
4.03460502625	-1328
4.04596185684	-1420
4.04602003098	-1316
4.0461268425	-1368
4.04695987701	-1368
4.04803085327	-1420
4.04807591438	-1316
4.0482609272	-1368
4.04876303673	543
4.04933691025	1057
4.07306098938	-1420
4.07307505608	-1316
4.07332587242	-1420
4.07332992554	-1420
4.07337498665	-1264
4.0826728344	-1420
4.08273601532	-1420
4.08273887634	-1264
4.08278083801	-1368
4.08290290833	543
4.11309790611	-1420
4.11311197281	-1420
4.11316490173	-1264
4.11330699921	-1420
4.11335301399	-1420
4.11335492134	-1264
4.11361098289	-1368
4.11369800568	-1368
4.11374998093	543
4.11378097534	-1368
4.11738586426	-1420
4.11743092537	-1420
4.11743402481	-1264
4.11756587029	543
4.12228393555	-1420
4.12229299545	-1420
4.12234687805	-1264
4.15774703026	-1420
4.15780282021	-1420
4.15780591965	-1264
4.15784788132	-1368
4.15785002708	-1368
4.15792489052	-1368
4.16195893288	-1420
4.16199994087	-1420
4.16200304031	-1264
4.16692090034	-1420
4.16692686081	-1420
4.16696500778	-1264
4.17388105392	-1185
4.19758200645	-1420
4.19759202003	-1420
4.19765496254	-1420
4.19765782356	-1212
4.19770598412	-1368
4.21207499504	-1420
4.21212100983	-1316
4.21212482452	-1368
4.27718687057	-1420
4.2772090435	-1420
4.27724504471	-1264
4.27724790573	-1368
4.27739095688	543
4.27744603157	-1420
4.27744793892	-1316
4.27755999565	-1420
4.27756285667	-1316
4.27767586708	-1368
4.27792191505	-1420
4.27794599533	-1316
4.27801394463	543
4.27810096741	-1368
4.27817988396	-1368
4.27835083008	-1420
4.27835583687	-1316
4.27847385406	-1368
4.28028297424	-1420
4.2803299427	-1420
4.28033399582	-1264
4.31706190109	-1420
4.3170800209	-1316
4.31715083122	-1368
4.31715488434	-1368
4.31978082657	-1420
4.3197889328	-1316
4.3198158741	-1420
4.31981801987	-1316
4.32009196281	-1368
4.32029700279	1057
4.32140684128	-1420
4.32141184807	-1420
4.321434021	-1264
4.32528305054	-315
4.35680484772	-1420
4.35682201385	-1316
4.35685682297	-1368
4.35990595818	-1420
4.35994887352	-1316
4.35995292664	-1368
4.36080503464	-1420
4.36080789566	-1316
4.36088490486	-1368
4.3960878849	-1420
4.39613890648	-1420
4.39614391327	-1264
4.3994679451	-1420
4.39947390556	-1316
4.39952898026	-1368
4.39968895912	-1420
4.39970898628	-1316
4.39984297752	-1368
4.40004086494	543
4.40018701553	543
4.40036082268	-1420
4.40036582947	-1316
4.40047287941	-1368
4.43869686127	-1420
4.43878698349	-1420
4.43879199028	-1264
4.43883705139	-1368
4.43894505501	-1420
4.43898391724	-1316
4.45177602768	-1420
4.45183587074	-1420
4.45183992386	-1264
4.47494792938	-1420
4.47496294975	-1420
4.47501683235	-1264
4.47821092606	-1420
4.47825503349	-1420
4.47825789452	-1264
4.47829198837	-1368
4.4783809185	543
4.47848200798	-1420
4.478484869	-1316
4.48467898369	-858
4.48480701447	543
4.49566984177	-1420
4.49568200111	-1420
4.49571299553	-1264
4.51500892639	-1420
4.51505899429	-1316
4.51506304741	-1368
4.51793503761	-1420
4.51794600487	-1420
4.517993927	-1264
4.55396389961	-1368
4.5540189743	-1368
4.55408096313	-1368
4.55420184135	-1420
4.55420589447	-1316
4.55462288857	-1368
4.55470395088	543
4.55710887909	-1420
4.55711483955	-1420
4.55713796616	-1264
4.55879998207	-1420
4.55882287025	-1316
4.55887794495	-1368
4.5589659214	543
4.59430193901	-1420
4.59431791306	-1420
4.59437298775	-1264
4.59678697586	-1420
4.5968298912	-1420
4.59683299065	-1264
4.59710597992	-1420
4.59711003304	-1420
4.5971288681	-1264
4.61264300346	-1420
4.61270499229	-1316
4.61270999908	-1368
4.6236269474	-726
4.62558603287	543
4.62656593323	543
4.62705802917	543
4.62968683243	543
4.6341779232	-1420
4.63419699669	-1316
4.63423299789	-1368
4.63677883148	-1420
4.63681793213	-1316
4.63706088066	-1368
4.63747596741	-1420
4.63747882843	-1316
4.6377248764	-1368
4.67764282227	-1420
4.67765188217	-1420
4.6776869297	-1264
4.67803502083	-1420
4.67804002762	-1316
4.67884683609	-1368
4.67911982536	-1368
4.67965602875	-1368
4.67966198921	-1368
4.70175385475	-1420
4.7017698288	-1420
4.70183491707	-1264
4.70199298859	1057
4.71521496773	-1420
4.7152299881	-1420
4.71528291702	-1264
4.75167798996	-528
4.75674390793	-1420
4.75675487518	-1420
4.75680589676	-1264
4.79156589508	-1420
4.79163002968	-1316
4.79163384438	-1368
4.7919049263	-1420
4.79190897942	-1316
4.79234194756	-1368
4.79251885414	-1368
4.79265904427	-1368
4.79266285896	-1368
4.79280185699	-1420
4.79280686378	-1316
4.79296684265	-1368
4.79413604736	1057
4.79438996315	-1420
4.79439592361	-1316
4.7944920063	-1368
4.80163502693	-1420
4.80168485641	-1420
4.80168795586	-1264
4.81705284119	543
4.83442187309	-1420
4.83443593979	-1420
4.83449697495	-1264
4.83494186401	-1420
4.83498501778	-1420
4.8349878788	-1264
4.8463549614	-1420
4.84636998177	-1316
4.84641385078	-1368
4.86720085144	543
4.86854600906	543
4.86936903	543
4.86956787109	543
4.86975884438	543
4.87440705299	-1368
4.8746240139	-1420
4.8746638298	-1316
4.87637782097	-1420
4.87642502785	-1420
4.87642788887	-1264
4.87954092026	-792
4.87969398499	543
4.91309285164	-1420
4.91310191154	-1420
4.91316199303	-1264
4.9147670269	-1420
4.91482901573	-1316
4.91491699219	-1368
4.91541194916	-1420
4.91541600227	-1316
4.91549491882	-1368
4.91845393181	543
4.93419098854	543
4.93446993828	543
4.93470096588	543
4.93488693237	543
4.9528439045	-1420
4.95288300514	-1420
4.95293188095	-1264
4.95293498039	-1368
4.95296883583	-1368
4.95337796211	-1368
4.96021199226	-1420
4.96021604538	-1420
4.96025395393	-1264
4.9604640007	543
4.99022293091	-1368
4.99023890495	-1420
4.99028587341	-1316
4.99229884148	-1420
4.99232602119	-1316
4.99236488342	-1368
5.00506186485	-1420
5.00509405136	-1316
5.00514483452	-1368
5.00741004944	-594
5.0324409008	-1420
5.03245282173	-1316
5.0325050354	-1368
5.0326230526	-1420
5.03267002106	-1316
5.03269886971	-1368
5.04983282089	-1420
5.04984784126	-1420
5.04992604256	-1264
5.07140398026	-1420
5.07144784927	-1316
5.07145285606	-1368
5.07172584534	543
5.07213282585	-1420
5.07213902473	-1316
5.0722990036	-1368
5.07258892059	-1420
5.07262992859	-1316
5.07277703285	-1368
5.07391095161	543
5.11055994034	-1420
5.11057305336	-1316
5.11061382294	-1368
5.11129498482	-1420
5.11133599281	-1316
5.11148095131	-1368
5.11171793938	-1420
5.11172103882	-1316
5.11640191078	543
5.11648583412	-1368
5.13555383682	-594
5.13976287842	-1368
5.13981103897	-1368
5.14000201225	-1368
5.15048599243	-1420
5.15053391457	-1420
5.15053701401	-1264
5.15198588371	-1368
5.15205001831	-1368
5.1521589756	-1368
5.18483686447	-1420
5.18490004539	-1420
5.18490505219	-1264
5.18992495537	-1420
5.18992900848	-1420
5.18996596336	-1264
5.1913599968	-1420
5.19139695168	-1420
5.19140005112	-1264
5.19164586067	-1368
5.19164896011	-1368
5.19175195694	-1368
5.19187188148	543
5.20245289803	543
5.23022794724	-1420
5.23024487495	-1316
5.23029303551	-1368
5.2310628891	-1420
5.23110389709	-1420
5.23110699654	-1264
5.2314260006	-1368
5.23150682449	543
5.2324090004	-1420
5.23241400719	-1316
5.23422503471	-1420
5.23422884941	-1420
5.23426604271	-1264
5.26356697083	-726
5.26977801323	-1368
5.26978802681	-1368
5.2701458931	-1368
5.27051305771	-1420
5.27055382729	-1316
5.27103185654	-1368
5.27105498314	-1420
5.27105784416	-1316
5.27112102509	-1368
5.27119588852	543
5.29013204575	-1420
5.29014587402	-1316
5.29018998146	-1368
5.3103749752	-1420
5.31042003632	-1316
5.31088089943	-1368
5.31179904938	-1420
5.31180405617	-1316
5.31279182434	-1368
5.33523392677	-1420
5.33530092239	-1420
5.33530592918	-1264
5.35013890266	-1420
5.35015296936	-1316
5.3501868248	-1368
5.35054183006	-1420
5.35058903694	-1316
5.35059189796	-1368
5.35115885735	-1420
5.35116195679	-1316
5.35119891167	-1368
5.35507583618	543
5.35518503189	543
5.39161896706	-1203
5.39210987091	-1420
5.39215993881	-1316
5.39271402359	-1420
5.39275097847	-1420
5.39275383949	-1264
5.39391088486	-1420
5.3939139843	-1316
5.39396691322	-1368
5.3943169117	-1368
5.39440202713	-1420
5.39440488815	-1316
5.39453101158	-1368
5.42855000496	-1420
5.42861199379	-1316
5.4295539856	-1420
5.42959594727	-1420
5.42960000038	-1264
5.43028998375	-1420
5.43029499054	-1316
5.43036985397	-1368
5.46794104576	-1420
5.4680378437	-1420
5.46804285049	-1264
5.46808099747	-1368
5.4681198597	-1368
5.46845984459	-1420
5.46846485138	-1316
5.47010803223	-1420
5.4701218605	-1420
5.4701590538	-1264
5.47276496887	-1368
5.47296404839	-1368
5.47310185432	-1368
5.475481987	543
5.47564101219	1057
5.50807094574	-1420
5.50808382034	-1420
5.50813698769	-1264
5.50922584534	-1420
5.50924491882	-1316
5.50929403305	-1368
5.5097849369	-1420
5.50978803635	-1316
5.51009702682	-1368
5.51525592804	543
5.51950192451	-381
5.5289709568	-1420
5.52901005745	-1420
5.52901291847	-1264
5.5474319458	-1420
5.54746103287	-1316
5.54751205444	-1368
5.54898500443	-1420
5.54901695251	-1316
5.54905796051	-1368
5.57379198074	-1420
5.57380604744	-1316
5.57384800911	-1368
5.58737397194	-1420
5.58741688728	-1316
5.58799695969	-1368
5.58924102783	-1420
5.58924388885	-1316
5.59026288986	-1368
5.59100985527	-1420
5.59104585648	-1316
5.59140491486	-1368
5.59509992599	543
5.6269659996	-1420
5.62697696686	-1420
5.62703299522	-1264
5.62703585625	-1420
5.6270699501	-1316
5.62707185745	-1368
5.6276910305	-1420
5.62769389153	-1316
5.62775802612	-1368
5.63130187988	-1420
5.63134098053	-1316
5.63134384155	-1368
5.63158082962	543
5.64755392075	-726
5.67514586449	-1368
5.67519593239	-1368
5.67571997643	-1368
5.67589497566	-1420
5.67589902878	-1316
5.67598605156	-1368
5.67641592026	-1420
5.67643904686	-1316
5.67729401588	-1368
5.67841792107	-1420
5.67842292786	-1316
5.67847895622	-1368
5.70612287521	-1420
5.70617794991	-1420
5.70618200302	-1264
5.70636987686	543
5.70674204826	-1420
5.70674586296	-1316
5.70703792572	-1420
5.70704293251	-1316
5.7071788311	-1420
5.70718288422	-1316
5.74571990967	-1420
5.74573493004	-1420
5.74579191208	-1264
5.74597287178	-1368
5.74630284309	-1420
5.74630594254	-1316
5.74650001526	-1368
5.7468149662	-1420
5.74687886238	-1316
5.75038099289	-1420
5.75043797493	-1420
5.75044083595	-1264
5.75136804581	543
5.77569198608	-1269
5.78514385223	-1420
5.78522205353	-1316
5.7853808403	543
5.78588199615	-1368
5.78603601456	-1420
5.78605985641	-1316
5.78719782829	-1420
5.78724193573	-1316
5.78728699684	-1368
5.81203699112	-1420
5.81204390526	-1420
5.81209588051	-1264
5.81209897995	-1368
5.81229496002	543
5.81647086143	-1420
5.81647586823	-1316
5.82606697083	-1420
5.82607388496	-1420
5.82611894608	-1264
5.82677483559	-1420
5.8268289566	-1420
5.82683205605	-1264
5.82763695717	-1420
5.82764196396	-1420
5.82768392563	-1264
5.8282289505	-1368
5.82834386826	543
5.86112785339	-1420
5.86114287376	-1420
5.86121702194	-1264
5.86527585983	-1420
5.86532092094	-1316
5.8654358387	-1368
5.86574482918	-1420
5.86574983597	-1316
5.86593604088	-1368
5.86606287956	-1420
5.86608290672	-1316
5.86620903015	-1368
5.86955785751	543
5.90387296677	-792
5.90429782867	-1420
5.90432882309	-1316
5.90505599976	-1420
5.90509796143	-1420
5.90509986877	-1264
5.90560388565	-1420
5.90560793877	-1420
5.90564703941	-1264
5.906457901	-1420
5.90649986267	-1420
5.90650486946	-1264
5.9069788456	-1368
5.90893793106	-1420
5.90896296501	-1316
5.94528603554	-1420
5.94536399841	-1420
5.94536805153	-1264
5.94584298134	-1420
5.9458489418	-1316
5.94596791267	-1368
5.9465739727	-1420
5.94659590721	-1420
5.94659805298	-1264
5.9469268322	-1368
5.94861793518	543
5.95427298546	-1420
5.95427799225	-1316
5.9544839859	-1368
5.96580290794	1460
5.96587705612	625
5.98394489288	-1420
5.9839618206	-1316
5.98399782181	-1368
5.98480391502	-1420
5.98482584953	-1316
5.98499083519	-1420
5.98501205444	-1316
5.98512101173	-1368
5.98516082764	543
5.98524689674	-1368
5.9981918335	-1420
5.99826002121	-1420
5.99826383591	-1264
6.02356100082	-1420
6.02357697487	-1316
6.02370285988	-1368
6.0238070488	543
6.02398586273	-1420
6.02398991585	-1316
6.02422094345	-1368
6.024477005	543
6.02461290359	-1420
6.02461791039	-1316
6.02505493164	-1368
6.02512383461	543
6.0264248848	-1420
6.02643990517	-1420
6.02651190758	-1264
6.03168082237	-579
6.04299998283	-1420
6.04300904274	-1420
6.04306101799	-1264
6.0519618988	1057
6.06225395203	1057
6.06340098381	-1420
6.0634059906	-1316
6.06379199028	-1368
6.06389093399	-1368
6.06399583817	-1368
6.06399989128	-1368
6.06458187103	-1368
6.06467795372	-1368
6.06477999687	-1368
6.08750796318	1057
6.08830404282	-1420
6.08831000328	-1420
6.08833503723	-1264
6.10296487808	-1420
6.10301184654	-1316
6.10301589966	-1368
6.10303282738	-1368
6.10309100151	-1368
6.10327482224	543
6.10331296921	-1368
6.1049258709	-1420
6.10497093201	-1420
6.10497403145	-1264
6.1291809082	-1420
6.12919092178	-1420
6.1292488575	-1264
6.13401889801	-1420
6.13406682014	-1420
6.13406896591	-1264
6.13420701027	543
6.14291501045	-1420
6.14292097092	-1420
6.14296197891	-1264
6.14409399033	-1420
6.14413690567	-1316
6.14413905144	-1368
6.14793896675	-1420
6.14794397354	-1420
6.1479818821	-1264
6.14805483818	543
6.15995502472	-858
6.18733501434	-1420
6.18738102913	-1316
6.18747997284	-1368
6.22214603424	-1420
6.22216296196	-1316
6.22228193283	-1368
6.22344899178	-1420
6.22349405289	-1316
6.22349691391	-1368
6.22400999069	-1368
6.22407484055	-1368
6.22444701195	-1368
6.22522187233	-1368
6.22541499138	-1368
6.22578191757	-1368
6.22625803947	-1420
6.2262609005	-1316
6.22649383545	-1368
6.22737884521	-1420
6.22741794586	-1420
6.22741985321	-1264
6.22756385803	-1420
6.2275660038	-1316
6.22758197784	543
6.22785997391	-1368
6.2278649807	-1420
6.22788405418	-1316
6.2282269001	-1368
6.22842502594	543
6.26324987411	-1420
6.26326584816	-1420
6.26331996918	-1264
6.28301692009	-1420
6.28308296204	-1420
6.28308796883	-1264
6.28798389435	-726
6.30255794525	-1420
6.30262184143	-1316
6.30302000046	-1368
6.30313491821	-1420
6.30313801765	-1316
6.3032310009	543
6.30429291725	-1368
6.30467486382	-1420
6.30472302437	-1316
6.30511403084	-1368
6.30774593353	-1420
6.30776286125	-1420
6.3078148365	-1264
6.34274482727	-1420
6.34279894829	-1316
6.34321093559	-1368
6.34369897842	-1368
6.34388184547	-1368
6.34413695335	-1368
6.34520292282	-1420
6.34522795677	-1316
6.34541988373	-1368
6.34551286697	543
6.36714291573	-1420
6.3671579361	-1420
6.36721491814	-1264
6.38255000114	-1420
6.38261389732	-1420
6.38261795044	-1264
6.38309192657	-1420
6.38309693336	-1420
6.38313603401	-1264
6.38313889503	-1420
6.38317203522	-1316
6.38330602646	-1368
6.38336491585	543
6.41633582115	-1269
6.42172884941	-1420
6.4217839241	-1316
6.42230296135	-1420
6.42234301567	-1316
6.42242383957	-1368
6.42282295227	-1420
6.42282700539	-1420
6.42286992073	-1264
6.42297101021	543
6.42708492279	-1420
6.42709589005	-1316
6.42712402344	-1368
6.42717385292	-1368
6.4638979435	-1420
6.46391487122	-1316
6.46394991875	-1420
6.46395301819	-1316
6.46434497833	-1368
6.46460700035	-1368
6.4646859169	-1368
6.46489286423	-1420
6.46491503716	-1316
6.46500396729	-1368
6.47177505493	-1420
6.47178292274	-1316
6.47180700302	-1368
6.48951101303	543
6.49045705795	543
6.49135303497	543
6.50418400764	-1368
6.50436687469	543
6.50468802452	-1420
6.50469303131	-1316
6.50516891479	-1420
6.50517487526	-1420
6.50522398949	-1264
6.50564289093	-1420
6.50566792488	-1316
6.50591897964	-1368
6.50600790977	543
6.50622797012	-1420
6.50623297691	-1316
6.51655387878	-1368
6.54314184189	-1420
6.5432100296	-1420
6.54321503639	-1264
6.54366993904	-1368
6.543820858	-1420
6.54384303093	-1316
6.54411292076	-584
6.54896593094	-1420
6.54898190498	-1316
6.54913401604	-1368
6.54923796654	543
6.56204295158	-1420
6.56205797195	-1316
6.56253600121	-1420
6.562541008	-1316
6.56292295456	-1368
6.56358790398	-1368
6.58368396759	-1420
6.58370089531	-1316
6.58388805389	-1368
6.58403587341	-1420
6.58405804634	-1316
6.58436083794	-1368
6.58446383476	-1368
6.58834004402	-1368
6.59948182106	-1420
6.59949588776	-1420
6.5995490551	-1264
6.60679197311	-1368
6.60690999031	543
6.62318491936	-1420
6.62319993973	-1316
6.62323904037	-1420
6.6232419014	-1316
6.62337994576	-1368
6.62351799011	-1368
6.6236000061	-1368
6.62365698814	-1368
6.6237449646	543
6.62831997871	-1368
6.65136289597	-1420
6.65142798424	-1420
6.65143203735	-1264
6.66315197945	-1420
6.66316795349	-1316
6.6632900238	-1368
6.66355085373	-1420
6.66357302666	-1316
6.66362786293	-1368
6.66413903236	-1420
6.66414499283	-1316
6.66424703598	-1368
6.66427302361	543
6.6720328331	-323
6.68075489998	-1368
6.68663883209	1057
6.70875191689	-1420
6.7087688446	-1316
6.70883083344	-1368
6.73041391373	1057
6.73799800873	1057
6.80020093918	-754
6.86096191406	-1368
6.92829799652	-775
7.0259718895	-1368
7.0261528492	-1420
7.02615690231	-1420
7.02619695663	-1264
7.02625894547	-1368
7.02646589279	-1420
7.02647089958	-1316
7.0563929081	-820
7.06487989426	-1420
7.0648920536	-1420
7.06495690346	-1264
7.06986403465	-1368
7.16178703308	-1420
7.1618039608	-1420
7.16187000275	-1264
7.16203093529	543
7.16240382195	543
7.18432688713	-878
7.20653295517	-1420
7.2065808773	-1316
7.21731185913	543
7.21802401543	543
7.33431696892	-377
7.33448696136	543
7.33699703217	543
7.34808182716	543
7.51185798645	-543
7.61521601677	-1368
7.61573290825	543
7.69328093529	-746
7.78512001038	-1368
7.8614358902	-1260
7.86281991005	543
7.88603186607	-1420
7.88604784012	-1316
7.88624191284	-1420
7.88624691963	-1316
7.88635396957	-1368
7.92535996437	-1420
7.92537498474	-1420
7.92544293404	-1264
7.93111896515	-1420
7.93113398552	-1316
7.93116593361	-1368
7.9393889904	-1420
7.9394030571	-1316
7.93945193291	-1368
7.93945503235	-1368
7.96483683586	-1420
7.96485304832	-1316
7.96489691734	-1368
7.97538685799	-1420
7.9754140377	-1420
7.97545194626	-1264
7.97565102577	543
7.9786260128	-1420
7.97863483429	-1420
7.9786798954	-1264
7.97893285751	-1420
7.9789750576	-1420
7.97897791862	-1264
7.97902989388	-1368
7.98958396912	-1195
8.00408792496	-1420
8.00409889221	-1420
8.00414800644	-1264
8.01802396774	-1420
8.01806688309	-1316
8.01843190193	-1420
8.01845598221	-1316
8.01853895187	543
8.018846035	-1420
8.01885104179	-1420
8.01890492439	-1264
8.01893997192	-1368
8.01905488968	543
8.02048993111	-1420
8.0204949379	-1316
8.02058005333	-1368
8.02311682701	-1420
8.02315783501	-1316
8.02334284782	-1368
8.05768799782	-1420
8.05770397186	-1420
8.05775690079	-1264
8.05776000023	-1368
8.05789685249	-1420
8.05790090561	-1316
8.05880093575	-1420
8.05880594254	-1316
8.05885386467	-1368
8.06798696518	-1420
8.06804084778	-1316
8.06804394722	-1368
8.06832504272	543
8.10656690598	-1420
8.10658097267	-1316
8.1066429615	-1368
8.10727095604	-1420
8.10732102394	-1316
8.10732388496	-1368
8.10838294029	-1420
8.10838699341	-1420
8.10842490196	-1264
8.10897803307	-1420
8.10901689529	-1316
8.10910797119	-1368
8.11307382584	-1420
8.11307883263	-1316
8.11321187019	-1368
8.1175339222	-758
8.11764192581	543
8.12385582924	-1420
8.12386202812	-1316
8.12427282333	-1368
8.1243429184	543
8.14581799507	-1368
8.14620900154	-1420
8.14624094963	-1316
8.14648985863	-1420
8.14652991295	-1420
8.14653301239	-1264
8.15564799309	-1420
8.15566301346	-1420
8.15571904182	-1264
8.16320204735	-1420
8.16325902939	-1316
8.17071390152	-1420
8.17078185081	-1420
8.17078590393	-1264
8.18686485291	-1420
8.18688797951	-1316
8.18723893166	-1368
8.18766093254	-1420
8.18768692017	-1316
8.18789100647	-1368
8.18797183037	-1368
8.18802595139	543
8.19544100761	-1420
8.19546890259	-1420
8.19551086426	-1264
8.20285582542	-1420
8.2029030323	-1316
8.20310688019	-1420
8.20312786102	-1316
8.20332884789	-1368
8.2129650116	-1368
8.22507882118	-1420
8.22514200211	-1420
8.22514605522	-1264
8.22518205643	-1368
8.22541189194	-1368
8.23500800133	-1420
8.23502182961	-1420
8.23507404327	-1264
8.23520088196	543
8.24212598801	-1420
8.24213290215	-1316
8.24225497246	543
8.24234294891	-1420
8.2423479557	-1316
8.24543499947	-1368
8.24544000626	-476
8.26426386833	-1420
8.26427984238	-1420
8.26431488991	-1420
8.26431703568	-1212
8.26948189735	-1368
8.26949191093	-1368
8.37333202362	-132
8.39038395882	543
8.75136494637	-1420
8.75141000748	-1420
8.75149989128	-787
8.79577183723	-1368
8.87943005562	-1231
8.87968993187	543
9.06912398338	543
9.29028201103	-543
9.54897093773	1057
10.5492968559	1057
10.7290129662	-543
12.4770879745	-543
