0	1057
0.334561109543	-543
0.490864038467	-543
0.544070005417	-1368
0.544111013412	-1368
0.544121026993	-1368
0.548238039017	543
0.607686042786	-66
0.609322071075	1368
0.66508102417	261
0.879289150238	-543
0.879737138748	1057
0.98717212677	-1368
0.991460084915	-1368
0.991496086121	-1368
0.996809005737	-1152
1.11393809319	-1086
1.1153819561	1057
1.27088594437	1057
1.44593310356	-543
1.48757410049	543
1.58943796158	-1368
1.59907317162	-775
1.71587395668	-543
1.72668504715	-1368
1.72672200203	-1368
1.72697615623	-1368
1.83289408684	-95
1.83808016777	543
1.85079693794	1368
1.85681414604	1368
1.955037117	435
2.08738803864	-543
2.2429060936	-543
2.30732417107	-1368
2.33666300774	-1368
2.33788394928	543
2.35369706154	-1368
2.35372495651	-1368
2.35374307632	-1368
2.35984897614	-588
2.37122702599	-1368
2.37127614021	-1368
2.43180394173	-1368
2.43997001648	-1368
2.4400100708	-1368
2.44468903542	-1368
2.44897413254	-1368
2.45391702652	-1368
2.47712111473	-1052
2.47723793983	1086
2.48576712608	-1368
2.57419300079	-1368
2.57423400879	-1368
2.5742650032	-1368
2.57853102684	-1368
2.57856798172	-1368
2.58265995979	-1368
2.59134507179	-1368
2.59136795998	-1368
2.59147596359	-1368
2.59430909157	-401
2.59433317184	1057
2.62669801712	-1368
2.62672495842	-1368
2.63578414917	-1368
2.6358101368	-1368
2.64139008522	-1368
2.6466319561	-1368
2.64678215981	-1368
2.64680695534	-1368
2.65189599991	-1368
2.65198707581	-1368
2.65205597878	-1368
2.66149306297	-1368
2.66153717041	-1368
2.66154503822	-1368
2.71158099174	-1242
2.71161293983	1086
2.828799963	-1086
2.9828979969	-1086
3.06566596031	1057
3.08845901489	1368
3.12095117569	-1368
3.13904809952	-261
3.16287016869	-1368
3.1637160778	1368
3.16421413422	1368
3.16815304756	-1368
3.20564508438	1210
3.21275210381	-1368
3.25595617294	-124
3.27390003204	-543
3.35882306099	543
3.36672115326	-1368
3.37308907509	-804
3.37550711632	-1368
3.37554502487	-1368
3.38028812408	-1368
3.38445401192	-1368
3.38463997841	-1368
3.38906311989	-1368
3.38909816742	-1368
3.38910603523	-1368
3.39293694496	-1368
3.39297008514	-1368
3.39300513268	-1368
3.40065693855	-1368
3.40431213379	-1368
3.40435194969	-1368
3.40841794014	-1368
3.40845108032	-1368
3.4084751606	-1368
3.41828894615	-1368
3.42219114304	-1368
3.42223906517	-1368
3.42671704292	-1368
3.430300951	-1368
3.43034815788	-1368
3.43035507202	-1368
3.43453407288	-1368
3.43456315994	-1368
3.43458509445	-1368
3.44748997688	-1368
3.44759917259	-1368
3.44762706757	-1368
3.45642805099	-1368
3.45645904541	-1368
3.45648407936	-1368
3.46521615982	-1368
3.46525502205	-1368
3.46526217461	-1368
3.46978497505	-1368
3.46981310844	-1368
3.46985816956	-1368
3.48115110397	1086
3.48140597343	-1368
3.48141813278	-1368
3.48143005371	-1368
3.48860812187	543
3.49036312103	-895
3.49196410179	-1368
3.49199104309	-1368
3.49658203125	-1368
3.51289105415	-1368
3.51299715042	-1368
3.51301598549	-1368
3.52086400986	-1368
3.52088999748	-1368
3.53239607811	-1368
3.54519605637	-1368
3.54529213905	-1368
3.55061507225	-1368
3.55568003654	-1368
3.55575609207	-1368
3.55998706818	-1368
3.56001400948	-1368
3.56003212929	-1368
3.56548714638	-1368
3.56551909447	-1368
3.57155895233	-1368
3.5837790966	-1368
3.58381199837	-1368
3.58387804031	-1368
3.58996701241	-1368
3.59012508392	-1368
3.59539103508	-1368
3.60064697266	-1368
3.60067915916	1086
3.60069012642	-1368
3.60615706444	-1368
3.60619497299	-1368
3.60620117188	-1368
3.60745096207	-1348
3.61877012253	-1368
3.61880898476	-1368
3.61881613731	-1368
3.62363100052	-1368
3.62365603447	-1368
3.62880015373	-1368
3.63307714462	-1368
3.63311910629	-1368
3.63722801208	-1368
3.64101099968	-1368
3.65071797371	-1368
3.65074896812	-1368
3.65079808235	-1368
3.65623617172	-1368
3.65626311302	-1368
3.66155815125	-1368
3.6709010601	-1368
3.67093706131	-1368
3.67094302177	-1368
3.6755361557	-1368
3.67561507225	-1368
3.67567110062	-1368
3.67622494698	1368
3.68709111214	-1368
3.68711495399	-1368
3.68713307381	-1368
3.69244909286	-1368
3.69248199463	-1368
3.69784903526	-1368
3.69801998138	-1368
3.70261597633	-1368
3.70265102386	-1368
3.7027759552	-1368
3.7130279541	-1368
3.72014212608	-1368
3.72016811371	261
3.72017598152	-1368
3.72520494461	-1368
3.73062705994	-1368
3.73064398766	-1368
3.73571515083	-1169
3.74092006683	-1368
3.74096107483	-1368
3.74116110802	-1368
3.74579000473	-1368
3.74582600594	-1368
3.75145196915	-1368
3.76268100739	-1368
3.77326202393	-1368
3.77329015732	-1368
3.77331113815	-1368
3.78362011909	-1368
3.78840208054	-1368
3.78842902184	-1368
3.79369401932	-1368
3.8047170639	1368
3.80662894249	-1368
3.80672216415	-1368
3.81736516953	1368
3.81863594055	-1368
3.82415509224	-1368
3.83390402794	1368
3.85777997971	-599
3.85780501366	725
4.0833170414	-543
4.08353710175	543
4.13549399376	-1368
4.14852499962	-1368
4.18238711357	-1368
4.20110297203	-1326
4.20113110542	1086
4.35487294197	543
4.43529510498	-543
4.43866896629	-1368
4.43873906136	-1368
4.44347500801	-1368
4.44708800316	-1368
4.44721007347	-1368
4.45121002197	-1368
4.45131611824	-1368
4.45139598846	-1368
4.46156001091	-1368
4.46529698372	-1368
4.46537804604	-1368
4.47970509529	-1368
4.47973203659	-1368
4.48251414299	-1368
4.48547410965	-1368
4.48551011086	-1368
4.48789405823	543
4.52822113037	-1368
4.52825212479	-1368
4.52827000618	-1368
4.52850699425	543
4.52974009514	1368
4.53284096718	-1368
4.53286504745	-1368
4.53288698196	-1368
4.54116916656	-1368
4.54120612144	-1368
4.54121303558	-1368
4.55458402634	-1368
4.55469512939	-1368
4.55566811562	-1108
4.60722708702	-1368
4.6108341217	-1368
4.6144630909	-1368
4.61448717117	-1368
4.62105512619	-1368
4.62108111382	-1368
4.62115907669	-1368
4.62577009201	-1368
4.62956809998	-1368
4.62959098816	-1368
4.63336896896	-1368
4.64109706879	-1368
4.64125394821	-1368
4.65323710442	775
4.66519498825	-1368
4.66522598267	-1368
4.66525912285	-1368
4.71098804474	-562
4.77180194855	1368
4.77363801003	1368
4.77543616295	1368
4.80679297447	1181
4.86757016182	-543
4.87290096283	-1368
4.87292695045	-1368
4.87307095528	-1368
4.87631917	-1368
4.87635016441	-1368
4.87921309471	-1368
4.87924408913	-1368
4.87928199768	-1368
4.88421106339	-1368
4.88423514366	-1368
4.88425111771	-1368
4.88886404037	-1368
4.94141411781	-1368
4.94143795967	-1368
4.94684910774	-1368
4.95074701309	-1368
4.95854115486	-1368
4.96596503258	-1368
4.96601295471	-1368
4.96604013443	-1368
4.98450899124	-317
5.0057580471	543
5.0266020298	-1368
5.071144104	-1368
5.07117295265	-1368
5.07119202614	-1368
5.0792491436	-1368
5.07928299904	-1368
5.07932710648	-1368
5.10148096085	-393
5.11280298233	-1368
5.11284017563	-1368
5.11286711693	-1368
5.12122917175	-1368
5.12164711952	1368
5.12914299965	-1368
5.12919902802	261
5.1328971386	-1368
5.13292312622	-1368
5.1367650032	-1368
5.14480805397	-1368
5.14539813995	1368
5.17332100868	-1368
5.173361063	-1368
5.21850514412	-749
5.22292208672	1368
5.2481880188	1036
5.34039115906	-543
5.49074816704	543
5.49921512604	-1086
5.50691103935	-1368
5.50905013084	1057
5.52338314056	-1368
5.57790017128	-1368
5.61716103554	-1268
5.63383316994	1086
5.63902211189	-1368
5.63911104202	-1368
5.63917398453	-1368
5.73420596123	-95
5.79081106186	1057
5.80026698112	-1368
5.82299304008	-1368
5.84405207634	-1368
5.85104894638	-153
5.90207600594	-1368
5.90894508362	1368
5.93253111839	232
5.94137310982	-1368
5.94140100479	-1368
5.94842100143	-1368
5.96814799309	-298
5.97935700417	-1368
5.97939014435	-1368
5.9827671051	-1368
6.03287506104	-1368
6.03299713135	-1368
6.03303194046	-1368
6.08520102501	-1189
6.0852329731	1057
6.20226716995	-1086
6.20230007172	1057
6.31942200661	-1086
6.31945300102	1057
6.43657517433	-1086
6.43831801414	543
6.48131394386	-1368
6.50215196609	-1368
6.50221204758	-1368
6.53565907478	-1368
6.54976701736	1368
6.55542802811	-899
6.55546402931	232
6.59648513794	-1368
6.59651398659	-1368
6.67167806625	-1368
6.67227005959	-95
6.67239403725	543
6.68028306961	-1368
6.68031096458	-1368
6.68952894211	-1368
6.68955898285	-1368
6.68957901001	-1368
6.71639299393	1368
6.77329206467	-1368
6.77332401276	-1368
6.77338695526	-1368
6.7892241478	-1081
6.82684612274	804
6.9061601162	-1086
6.9911429882	-543
7.01300406456	-1368
7.02314805984	-1368
7.02631902695	543
7.06330013275	-1036
7.21791410446	-1368
7.21796703339	1057
7.21884298325	-261
7.36940813065	-543
7.37504005432	-543
7.37507796288	543
7.4876999855	543
7.48773217201	543
7.48774504662	543
7.49202013016	-543
7.50260210037	543
7.59651207924	-543
7.61960601807	-543
7.77502894402	-543
7.78721904755	-1368
7.80035209656	1057
7.84521698952	-543
7.90420413017	-804
7.94418716431	1368
7.96489095688	-543
7.9949259758	1289
8.06634497643	-543
8.18016004562	-1368
8.18019413948	-1368
8.18021798134	-1368
8.18336606026	-95
8.18858003616	543
8.30021810532	-543
8.30799102783	543
8.34672403336	-1368
8.42493414879	-261
8.48809099197	543
8.52356910706	-1368
8.52467012405	543
8.54212808609	-261
8.67882514	1057
8.69958209991	-1086
8.81678700447	-543
8.81688308716	543
8.94752311707	-543
9.02956604958	-1368
9.07662010193	-1368
9.07665300369	-1368
9.1030189991	-153
9.10767006874	543
9.22021007538	-543
9.25095796585	1368
9.26278710365	746
9.39323616028	-543
9.56191706657	-1368
9.56679797173	-261
9.60243010521	-1368
9.60244607925	-1368
9.60638213158	-1368
9.68370103836	-1152
9.68816995621	543
9.80154204369	-543
9.8428580761	543
9.87915897369	-1368
9.95985007286	-775
10.0687041283	1057
10.0769231319	-543
10.309057951	-1368
10.3128399849	543
10.3310530186	-261
10.5852849483	-543
10.5977809429	1057
10.8630721569	-543
10.9905040264	-1368
10.9905660152	-1368
10.9906060696	-1368
11.0016620159	-1368
11.0189800262	-327
11.0194480419	543
11.1364791393	1086
11.4011731148	-543
11.4880731106	543
11.5550270081	-543
11.5710270405	1057
11.840649128	-543
11.9754869938	-1368
11.9755721092	-1368
11.9755890369	-1368
11.9862380028	-1368
11.9951751232	-327
12.0046510696	543
12.1216671467	543
12.2446949482	-543
12.3992869854	-1086
12.5163681507	-543
12.536509037	1057
12.8845510483	-543
13.039219141	-1086
13.0432770252	-1368
13.1564011574	-717
13.1595621109	543
13.2765581608	1057
13.5085790157	-543
13.6104011536	-1368
13.6629631519	-1318
13.6650350094	1000
