0	-543
0.291337013245	543
0.855715036392	-543
1.03844404221	-543
1.29056096077	543
3.29210615158	543
3.29220104218	543
3.30674314499	543
3.45831894875	-543
3.45853495598	543
3.61009192467	-543
3.62242293358	-1420
3.62244009972	-1316
3.62259697914	-1368
3.62496399879	543
3.63884806633	543
3.73440694809	-66
3.73746800423	543
3.86213612556	-543
3.86232113838	543
3.97480797768	-543
3.97500801086	543
4.08715105057	-543
4.15249609947	-1368
4.19934201241	-746
4.49923992157	-543
4.5124540329	-1420
4.51251101494	-1420
4.51253199577	-1264
4.61515498161	-66
4.61713910103	543
4.61729812622	543
4.99144601822	-543
5.01341915131	-1420
5.01343607903	-1316
5.01344108582	-1368
5.01359200478	-1368
5.01365208626	-1368
5.02489209175	-1420
5.02490305901	-1316
5.02495002747	-1368
5.03015995026	-1368
5.03036808968	543
5.12818098068	-1420
5.12820100784	-1316
5.12824010849	-1368
5.12837409973	-1420
5.12837696075	-1316
5.12855696678	-1368
5.12893104553	-1420
5.12895607948	-1316
5.12905502319	-1368
5.1290781498	543
5.12917995453	-1368
5.14096212387	-1420
5.1410150528	-1316
5.14101910591	-1420
5.14102101326	-1316
5.14131903648	-1420
5.14132404327	-1316
5.15817904472	-1420
5.15819311142	-1316
5.15840101242	-1137
5.17643713951	543
5.17851614952	543
5.18149399757	543
5.18448901176	543
5.19797301292	543
5.39353203773	-543
5.39375305176	543
5.40879702568	-1368
5.40899801254	543
5.40906500816	-1368
5.40915107727	-1368
5.40917110443	543
5.42074394226	-1420
5.42076301575	-1316
5.42637705803	-1420
5.42638897896	-1316
5.42652201653	-1368
5.42725515366	-1368
5.427298069	-1368
5.42737293243	543
5.42740797997	-1368
5.43086004257	-1420
5.43086504936	-1316
5.43102502823	-1368
5.44111204147	-1368
5.44549012184	-1420
5.44549608231	-1316
5.44884800911	-1420
5.44885611534	-1316
5.44899201393	-1368
5.44915103912	-1368
5.44924998283	543
5.45879292488	-1420
5.45880794525	-1316
5.5107319355	-1368
5.52099609375	-673
5.52119207382	543
5.56304001808	543
5.57358598709	-1420
5.57360601425	-1316
5.57360911369	-1368
5.61452102661	-1420
5.61453700066	-1316
5.61457395554	-1368
5.6165831089	543
5.62712812424	-1368
5.62946295738	543
5.62975907326	1460
5.62980508804	1460
5.62984108925	707
5.63366508484	-393
5.64140796661	-1420
5.64142608643	-1316
5.64142799377	-1368
5.7603700161	-609
5.76276397705	543
5.76418399811	543
5.80085396767	-1420
5.8008890152	-1316
5.80089211464	-1368
5.86776399612	-1368
5.86798596382	543
5.87407112122	-1368
5.8740811348	-1368
5.87426400185	-1368
5.87426900864	-1368
5.87438201904	-1368
5.87498307228	-1284
5.87547111511	543
5.88080310822	-1368
5.8808119297	-1368
5.88086605072	-1368
5.88123893738	543
5.88877797127	-1368
5.88887810707	-1368
5.88888192177	-1368
5.88907313347	-1420
5.88907694817	-1316
5.89309597015	-1420
5.89310407639	-1316
5.89325404167	-1368
5.8933930397	-1368
5.89348697662	543
5.90410995483	-1368
5.90416407585	-1368
5.90428209305	-1368
5.90474104881	-1368
5.90485405922	-1368
5.90486907959	543
5.90590810776	-1368
5.90623211861	-1420
5.9062359333	-1316
5.99883103371	-773
6.17639112473	-543
6.18963313103	-1420
6.18964004517	-1316
6.21027994156	-1368
6.22293114662	-1420
6.22294807434	-1316
6.23598814011	-1368
6.23613595963	-1368
6.2449901104	-1368
6.24507904053	543
6.245221138	-1368
6.24533700943	-1368
6.24547100067	-1368
6.24556207657	-1368
6.24568414688	-1368
6.24578094482	-1368
6.24617409706	-1368
6.24626708031	-1368
6.24638104439	-1368
6.25830006599	-1420
6.25830411911	-1316
6.25842213631	-1368
6.26319813728	-1368
6.26326012611	-1368
6.26339411736	-1368
6.27044606209	-1420
6.27045202255	-1316
6.27955412865	-1368
6.27962708473	-1368
6.27968001366	-1368
6.2798640728	-1368
6.27997493744	-1368
6.28318405151	-1420
6.28318715096	-1316
6.28332304955	-1368
6.28343200684	543
6.2835381031	543
6.29058408737	-1211
6.29589509964	-1368
6.29609298706	-1420
6.2960960865	-1316
6.29724812508	-1368
6.2976629734	-1368
6.30285406113	543
6.30358505249	-1420
6.30359101295	-1316
6.31364893913	-1420
6.31365299225	-1316
6.33599710464	-1368
6.33625912666	-1420
6.33630514145	-1420
6.33630800247	-1420
6.33630895615	-1212
6.3363969326	-1368
6.33650898933	543
6.35111093521	-1368
6.35117697716	-1368
6.35147213936	-1420
6.35147595406	-1316
6.35899710655	-1420
6.35900306702	-1316
6.35905694962	-1368
6.35927605629	-1420
6.35931611061	-1316
6.35941505432	-1368
6.35995411873	-1420
6.35995793343	-1316
6.36011505127	-1368
6.36021113396	-1368
6.36043596268	-1368
6.36077594757	-1420
6.36081600189	-1420
6.36081910133	-1264
6.36095094681	543
6.36189007759	-1420
6.36189413071	-1316
6.36491203308	-1368
6.36625099182	543
6.36634612083	-1368
6.37244200706	-1420
6.37248396873	-1316
6.37255501747	-1368
6.3726670742	-1368
6.37270498276	-1368
6.37289309502	-1368
6.37560296059	-1368
6.3785879612	-1368
6.37974596024	-1420
6.379789114	-1316
6.37985801697	-1368
6.38003706932	-1420
6.38004302979	-1316
6.38095498085	-1368
6.3826789856	-1420
6.38268208504	-1316
6.38286709785	-1368
6.38295292854	-1368
6.38309907913	543
6.3919479847	-1420
6.39195513725	-1316
6.39700603485	-1368
6.39708995819	-1368
6.39717411995	-1368
6.3975880146	-1420
6.39763212204	-1316
6.39770412445	-1368
6.40808010101	-1420
6.4080851078	-1316
6.40829801559	-1368
6.40866494179	-453
6.41263198853	-1420
6.41263508797	-1316
6.41284394264	-1368
6.41385698318	-1368
6.4139649868	-1368
6.41405010223	543
6.41410398483	-1368
6.41439509392	-1368
6.41446399689	-1368
6.41458392143	-1368
6.41875100136	543
6.4238550663	-1368
6.42386198044	-1368
6.42402005196	-1368
6.42984604836	-1420
6.42985200882	-1316
6.42994499207	-1368
6.43032097816	-1420
6.43036198616	-1316
6.43044614792	-1368
6.43058300018	-1368
6.43072414398	-1368
6.43085098267	-1368
6.44632506371	-1368
6.44804310799	-1368
6.44812703133	-1368
6.44941401482	-1368
6.44954609871	-1368
6.44964504242	-1368
6.44983005524	-1368
6.44993400574	-1368
6.45004105568	-1420
6.4500451088	-1316
6.45026993752	-1368
6.45033407211	-1368
6.45055603981	543
6.45990514755	-1368
6.46005105972	-1368
6.46384000778	-1368
6.4639570713	-1368
6.46405005455	-1368
6.46419906616	-1368
6.46426796913	-1368
6.46447205544	-1368
6.46458101273	-1368
6.46514296532	-1420
6.46518707275	-1316
6.46526408195	543
6.4717669487	-1368
6.47177195549	-1368
6.47605895996	-1420
6.47606301308	-1316
6.47620511055	543
6.48264598846	-1368
6.48292613029	-1368
6.48301792145	-1368
6.48313593864	-1368
6.48365902901	-1368
6.48377108574	-1368
6.48414707184	-1368
6.48425006866	-1368
6.48436713219	-1368
6.48451209068	-1368
6.48468899727	-1368
6.48477506638	-1368
6.48890995979	-1420
6.48891496658	-1316
6.48907804489	1057
6.48913908005	-1368
6.48936104774	-1368
6.49903702736	-1368
6.49908900261	-1368
6.49926805496	-1368
6.49936795235	-1368
6.49948000908	-1368
6.49958300591	-1368
6.49980592728	-1368
6.49993014336	-1368
6.50002002716	-1368
6.50869894028	543
6.50931596756	1057
6.51217794418	-1420
6.51218295097	-1316
6.51230692863	-1368
6.5210249424	-854
6.53603100777	-1420
6.53607606888	-1316
6.54292297363	-1368
6.54336309433	-1368
6.54346895218	-1368
6.54357910156	-1368
6.54368114471	-1368
6.54384207726	-1368
6.54407095909	-1368
6.54418110847	-1368
6.54428696632	-1368
6.54506397247	-1420
6.54506707191	-1420
6.54506802559	-1264
6.5456199646	-1368
6.54574799538	-1368
6.54585599899	-1368
6.54590702057	1460
6.54594802856	111
6.54600214958	-1368
6.55597496033	-1420
6.55602192879	-1316
6.5582511425	-1368
6.55830597878	-1368
6.55836510658	-1368
6.55848312378	-1368
6.55862212181	-1368
6.55872511864	-1368
6.55885910988	-1368
6.55897212029	-1368
6.559030056	543
6.5590839386	-1368
6.55918097496	-1368
6.55929303169	-1368
6.55940294266	-1368
6.55955815315	-1368
6.55964708328	-1368
6.55979204178	-1368
6.56905603409	-1420
6.56909394264	-1316
6.56930398941	-1368
6.56975698471	-1420
6.5697619915	-1420
6.56980204582	-1264
6.5699429512	-1368
6.57005310059	-1368
6.57017207146	-1368
6.5702650547	-1368
6.57034397125	543
6.57685303688	-1368
6.57691597939	543
6.57696509361	-1368
6.57708311081	-1368
6.58830714226	-1368
6.58836197853	-1368
6.58848905563	-1368
6.58922815323	-1368
6.58931612968	-1368
6.58939409256	-1368
6.59021496773	-1420
6.59021902084	-1316
6.59035992622	-1368
6.59210014343	-1420
6.59211301804	-1316
6.59211492538	-1368
6.59644293785	-1420
6.59645295143	-1316
6.60583996773	-1420
6.605864048	-1316
6.6059179306	-1368
6.60607910156	543
6.60616111755	-1420
6.6061630249	-1316
6.60670495033	-1368
6.6068379879	-1368
6.60686898232	-1368
6.60705709457	-1368
6.6071460247	-1368
6.61189198494	-1368
6.61197495461	-1368
6.61208105087	-1368
6.62264108658	-1368
6.62265110016	-1368
6.62282896042	-1368
6.62317609787	-1368
6.62319803238	-1368
6.62337803841	-1368
6.6236641407	-1368
6.62412500381	-1368
6.62459802628	-1368
6.62467098236	1057
6.62491893768	-1420
6.62492203712	-1316
6.6256980896	-1368
6.62583994865	-1368
6.62595701218	-1368
6.6334900856	-351
6.63934993744	-1368
6.63943696022	-1368
6.63947510719	-1368
6.63967514038	-1368
6.64229512215	-1368
6.64238715172	-1368
6.64244508743	-1368
6.65405893326	-1368
6.65412306786	-1420
6.65412807465	-1316
6.65422606468	-1420
6.65422797203	-1316
6.65442895889	-1368
6.65465903282	-1420
6.65470099449	-1316
6.65478110313	-1368
6.65489411354	543
6.65930104256	-1368
6.65947604179	-1368
6.65956497192	-1368
6.67068099976	-1420
6.67077612877	-1316
6.67077994347	-1368
6.6714451313	-1420
6.67145013809	-1316
6.67163705826	-1368
6.67300415039	-1368
6.67303705215	-1368
6.67327094078	-1368
6.67478394508	-1368
6.6756439209	-1368
6.67588496208	-1420
6.6758890152	-1316
6.68609809875	-1368
6.68624711037	543
6.6863629818	-1420
6.68636798859	-1316
6.68643903732	543
6.68667507172	-1368
6.68679714203	-1368
6.68689799309	-1368
6.68707108498	-1368
6.68723702431	-1368
6.68732595444	-1368
6.69065308571	-1368
6.69076704979	-1368
6.69089007378	-1368
6.70113015175	-1420
6.70116996765	-1316
6.70363593102	-1368
6.70536899567	-1368
6.70544505119	-1368
6.70556592941	-1368
6.7056889534	-1368
6.70571899414	-1368
6.70744895935	-1368
6.7076189518	543
6.71582007408	-1420
6.71583509445	-1316
6.71584010124	-1368
6.72670507431	-1420
6.72672104836	-1316
6.72681307793	-1368
6.72706413269	-1368
6.72733402252	-1420
6.72733902931	-1316
6.727435112	-1368
6.72755694389	-1368
6.72767996788	-1368
6.72836494446	-1368
6.72845697403	-1368
6.72858500481	-1368
6.72872114182	-1368
6.72880911827	-1368
6.738063097	-1420
6.73809504509	-1316
6.73814892769	-1368
6.73830699921	1057
6.73836612701	-1368
6.73850798607	-1368
6.73862099648	-1368
6.73872709274	-1368
6.73993396759	-1368
6.74004101753	-1368
6.74013113976	-1368
6.74175810814	-1368
6.74187397957	-1368
6.74201893806	-1368
6.74598193169	-1160
6.75129699707	-1368
6.75137710571	-1368
6.75410914421	-1368
6.75527405739	-1368
6.75533413887	-1368
6.75560903549	-1368
6.75568509102	543
6.75588798523	-1368
6.75686597824	543
6.756909132	-1368
6.75702905655	-1368
6.75712394714	-1368
6.75834393501	-1368
6.75844192505	-1368
6.75854301453	-1368
6.76337003708	-1368
6.76345396042	-1368
6.76360106468	-1368
6.77069711685	-1368
6.77077794075	-1368
6.77093410492	-1368
6.77326893806	-1368
6.77331113815	-1368
6.77348613739	-1368
6.77376508713	-1368
6.77385210991	-1368
6.77404093742	-1368
6.78499102592	-1420
6.78501105309	-1316
6.78519701958	543
6.78532314301	543
6.78979611397	-1420
6.78980302811	-1316
6.78995895386	-1368
6.79017996788	-1368
6.790184021	-1368
6.7902879715	-1368
6.79138207436	-1368
6.79150915146	-1368
6.79165506363	-1368
6.79195809364	543
6.79258513451	-1368
6.79271411896	-1368
6.79280805588	-1368
6.79771113396	-1368
6.7978079319	-1368
6.80420994759	-1420
6.80428195	-1316
6.80435109138	-1368
6.80445408821	-1368
6.80698513985	-1368
6.8086810112	-1368
6.80869293213	-1368
6.80885910988	543
6.80900502205	-1420
6.80903506279	-1316
6.80907702446	-1368
6.80916905403	-1368
6.81018614769	-1368
6.81028294563	-1368
6.81374192238	-1420
6.81374907494	-1316
6.81850600243	-1368
6.81972098351	-1368
6.82000803947	-1420
6.82001304626	-1316
6.82009315491	-1368
6.8202009201	-1368
6.82070803642	-1368
6.82081604004	-1368
6.82086706161	1057
6.82165002823	-1368
6.82173299789	-1368
6.82189297676	-1368
6.82203292847	-1420
6.82203698158	-1316
6.82911801338	-1368
6.83646607399	-1368
6.83773398399	-1368
6.83783912659	-1368
6.83793997765	-1368
6.83808207512	-1368
6.83817911148	-1368
6.8399720192	-1368
6.84010601044	-1368
6.8402121067	-1368
6.84313106537	-1368
6.84322309494	-1368
6.84331893921	-1368
6.84344005585	-1368
6.85371112823	-1368
6.85379099846	-1368
6.86053800583	-1420
6.86055493355	-1316
6.86072993279	-1368
6.86130094528	-1368
6.86132311821	-1420
6.86191511154	-1316
6.8619351387	-1368
6.86205005646	-1368
6.86214208603	-1368
6.86219501495	543
6.86322498322	-1368
6.86335992813	-1368
6.86344408989	-1368
6.86369109154	-1005
6.86832404137	-1420
6.86833906174	-1316
6.87012815475	-1368
6.87061095238	-1368
6.87074899673	-1368
6.87079310417	543
6.87097096443	-1368
6.87097597122	-1368
6.87111711502	-1368
6.872164011	-1368
6.87228298187	-1368
6.87239313126	-1368
6.87311697006	-1368
6.87317705154	543
6.87323307991	-1368
6.87335705757	-1368
6.88437604904	-1420
6.8843870163	-1316
6.8879570961	-1368
6.8895471096	-1368
6.88958406448	-1368
6.89016413689	-1368
6.89025902748	-1368
6.89743614197	-1420
6.89748096466	-1316
6.90961408615	-1368
6.90976715088	-1368
6.90977096558	-1368
6.92128205299	-1420
6.92128992081	-1316
6.92141604424	-1368
6.92175507545	-1420
6.92179703712	-1420
6.92180013657	-1264
6.9222650528	-1420
6.92226815224	-1316
6.92256903648	543
6.92261004448	-1368
6.92261195183	-1368
6.92268395424	-1368
6.92279410362	-1368
6.92291712761	-1368
6.9230530262	-1368
6.92319512367	-1368
6.92362093925	-1368
6.92371201515	-1368
6.92376208305	543
6.92383408546	-1368
6.92395305634	-1368
6.92540192604	-1368
6.92545008659	-1368
6.92561411858	-1368
6.93024206161	-1420
6.93026995659	-1316
6.9359869957	-1368
6.9361269474	543
6.93798613548	-1368
6.93851113319	-1420
6.93851613998	-1420
6.93851804733	-1264
6.93851995468	-1420
6.93852114677	-1316
6.9401049614	-1368
6.94020104408	-1368
6.94032812119	-1368
6.94203305244	-1368
6.94206595421	-1368
6.95379495621	-1368
6.95540499687	-1368
6.95550107956	-1368
6.95560097694	-1368
6.95572900772	-1368
6.95581912994	-1368
6.95597410202	-1368
6.95606303215	-1368
6.956179142	543
6.95623397827	-1368
6.95626807213	-1368
6.96930599213	-1420
6.96931695938	-1420
6.96936702728	-1264
6.96956706047	-1368
6.96971011162	-1368
6.96981406212	-1368
6.97113609314	-1368
6.97123599052	-1368
6.97138595581	-1368
6.97145605087	543
6.97310709953	-1368
6.97323703766	-1368
6.97392106056	-1368
6.97404193878	-1368
6.97416114807	-1368
6.97591209412	-1342
6.98162102699	-1368
6.98178505898	-1368
6.98624205589	-1368
6.9896569252	-1368
6.98990011215	-1368
6.98998808861	-1368
6.99011802673	-1368
6.99021410942	-1368
6.99030900002	-1368
6.991106987	-1368
6.99122714996	-1368
6.99132394791	543
7.00016093254	-1420
7.00018215179	-1316
7.00034594536	-1368
7.02816200256	-1420
7.02822899818	-1316
7.02823400497	-1368
7.02839398384	-1368
7.02854800224	-1368
7.02863001823	-1368
7.02888202667	-1368
7.02898693085	-1368
7.02907800674	-1368
7.04000592232	-1368
7.04519414902	-1420
7.04520106316	-1316
7.0452580452	-1368
7.04548501968	-1368
7.04558110237	-1368
7.04568505287	-1368
7.04578709602	-1368
7.04592514038	-1368
7.04626607895	543
7.04653906822	-1368
7.04660892487	543
7.04664611816	-1368
7.05679607391	-1368
7.05689191818	-1368
7.05697798729	-1368
7.05807900429	-1368
7.05895113945	-1368
7.05903196335	-1368
7.05957508087	-1368
7.05965209007	-1368
7.05981612206	-1368
7.05984592438	-1368
7.06107401848	-1368
7.06116700172	-1368
7.07056999207	-1368
7.07063102722	-1368
7.07074904442	543
7.07603907585	-1420
7.07605099678	-1316
7.07621598244	-1368
7.07622814178	-1368
7.07637214661	-1368
7.07646512985	-1368
7.07658815384	-1368
7.07686710358	-1368
7.08881306648	-1138
7.08910608292	-1368
7.08928203583	-1368
7.09454512596	-1420
7.09457397461	-1316
7.09468102455	-1368
7.09503698349	-1368
7.09509396553	-1368
7.09518694878	-1368
7.0952911377	-1368
7.09543514252	-1368
7.09554696083	-1368
7.10865306854	-1368
7.10881614685	543
7.10904407501	-1368
7.10918092728	-1368
7.10948514938	-1368
7.10961103439	-1368
7.10971713066	-1368
7.11015892029	-1368
7.11022615433	-1368
7.11028909683	543
7.11032414436	-1368
7.11624598503	-1420
7.11628699303	-1316
7.11644601822	-1368
7.11649703979	-1368
7.12669897079	-1420
7.126734972	-1316
7.12673807144	-1368
7.12673997879	-1368
7.12674093246	-1368
7.13767814636	-1368
7.13768792152	-1368
7.13798809052	-1368
7.141933918	-1368
7.14220809937	-1368
7.14227294922	-1368
7.14236712456	-1368
7.14248895645	-1368
7.14259815216	543
7.14265203476	-1368
7.1427590847	-1368
7.14303207397	-1368
7.14351511002	-1368
7.14971613884	-1368
7.14973211288	-1368
7.14983201027	-1368
7.20080900192	-302
7.27642512321	543
7.29631209373	543
7.30741214752	543
7.32621598244	543
7.3588719368	543
7.43593907356	-543
7.43674111366	-1368
7.43695092201	-1368
7.43697404861	-1368
7.43729901314	-1420
7.43732905388	-1316
7.45075011253	-1420
7.45081710815	-1316
7.45085406303	-1368
7.45100903511	543
7.45339608192	-1368
7.45347714424	-1368
7.45360302925	-1368
7.45415401459	-1368
7.45423412323	-1368
7.45432710648	-1368
7.45435214043	543
7.45447611809	-1368
7.45460295677	-1368
7.45471596718	-1368
7.46754407883	-1420
7.4675590992	-1316
7.46761608124	-1368
7.47347211838	-1420
7.47357392311	-1316
7.47357797623	-1368
7.47367095947	-1368
7.4737610817	-1368
7.47386813164	-1368
7.47404408455	-1368
7.47419905663	-1368
7.47616815567	-1368
7.48767399788	-1420
7.48768806458	-1316
7.48952507973	-1368
7.48959493637	-1368
7.48969197273	-1368
7.48974514008	543
7.48987412453	-1368
7.48994898796	-1368
7.49008107185	-1368
7.49062514305	-1368
7.49072194099	-1368
7.49072599411	-1368
7.50569009781	-1420
7.50570511818	-1316
7.50618600845	-1368
7.50628304482	-1368
7.50638604164	-1368
7.5069270134	-1368
7.50702214241	-1368
7.5070950985	-1368
7.50762200356	-1368
7.50771212578	-1368
7.50783991814	-1368
7.51594614983	543
7.52383804321	-1420
7.52385306358	-1316
7.52390694618	-1368
7.52445197105	-1368
7.52453112602	-1368
7.52462792397	-1368
7.52473402023	-1368
7.52726101875	543
7.55778408051	-1001
7.62951207161	543
7.65697097778	543
7.66270804405	-1368
7.66291093826	543
7.66303801537	543
7.68600702286	-261
7.68622612953	543
7.75382113457	1057
7.78636312485	543
7.84425401688	-1420
7.8442671299	-1316
7.84438800812	-1368
7.84452199936	543
7.84485793114	-1368
7.84495997429	-1368
7.84504914284	-1368
7.85535407066	-675
7.85927510262	-1420
7.85928106308	-1316
7.85971808434	-1420
7.85972309113	-1420
7.85980510712	-1264
7.85980796814	-1368
7.85994315147	-1368
7.85998296738	543
7.86001610756	-1368
7.86014008522	-1368
7.86029911041	-1368
7.86041712761	-1368
7.86049294472	-1368
7.86200094223	-1368
7.86215114594	-1368
7.87300610542	-1368
7.87315797806	-1368
7.8731610775	-1368
7.87337994576	-1368
7.87346196175	-1368
7.87352800369	543
7.87357211113	-1368
7.87369298935	-1368
7.87379693985	543
7.87542915344	-1368
7.87555503845	-1368
7.87567996979	-1368
7.8760471344	-1368
7.87628412247	-1420
7.87629008293	-1316
7.87676310539	-1368
7.88883209229	-1420
7.88887095451	-1316
7.88907408714	-1368
7.8892929554	-1368
7.88935613632	-1368
7.88947796822	-1368
7.88956212997	-1368
7.88971805573	-1368
7.88982605934	-1368
7.89804506302	-1420
7.89806199074	-1316
7.90098810196	-1368
7.90110397339	543
7.90114498138	-1368
7.90119504929	-1368
7.90135502815	-1368
7.90135908127	-1368
7.90155005455	-1368
7.90252494812	-1368
7.90262007713	-1368
7.90274810791	-1368
7.91366195679	-1368
7.92004108429	-1368
7.92022109032	-1368
7.92033910751	-1420
7.92034101486	-1316
7.92055797577	-1368
7.92064809799	-1368
7.92075109482	-1368
7.9208650589	-1368
7.9209189415	543
7.92098212242	-1368
7.93316793442	-1420
7.9332010746	-1316
7.93332600594	-1368
7.93341708183	543
7.93379998207	-1368
7.93397307396	-1368
7.93407011032	-1368
7.93415904045	-1368
7.93424296379	-1368
7.93438410759	-1368
7.93475294113	-1420
7.93475794792	-1316
7.93478012085	-1368
7.94532704353	-1420
7.94536209106	-1316
7.94548892975	-1368
7.94945812225	1057
7.95414805412	-1368
7.95456600189	-1368
7.95467710495	-1368
7.95478200912	-1368
7.95491695404	-1368
7.95500898361	-1368
7.95516395569	-1368
7.95525503159	-1368
7.95531892776	543
7.95535898209	-1368
7.95544695854	-1368
7.95766711235	-1368
7.95779705048	-1368
7.95795893669	-1368
7.96779704094	-1420
7.96782898903	-1316
7.9690721035	-1176
7.96923303604	-1368
7.96930503845	-1368
7.96942996979	-1368
7.96966814995	-1368
7.96977806091	-1368
7.96986913681	-1368
7.97924995422	543
7.98045301437	-1420
7.98045897484	-1316
7.98054409027	-1368
7.98062896729	543
7.9833791256	-1420
7.98338413239	-1316
7.98351597786	543
7.98356413841	-1368
7.98377299309	-1368
7.9839990139	-1368
7.98400402069	-1368
7.98499011993	-1368
7.98509001732	-1368
7.98520803452	-1368
7.9853489399	-1368
7.9854581356	-1368
7.98559403419	-1368
7.98825192451	543
7.98842000961	543
7.99515509605	-1368
7.99521708488	-1368
7.99535703659	-1368
8.00052905083	-1368
8.00055813789	-1368
8.00066900253	-1368
8.00086092949	-1368
8.00091695786	-1368
8.0010330677	-1368
8.00118613243	-1368
8.00130105019	-1368
8.00145196915	-1368
8.00737404823	-1420
8.00739192963	-1316
8.00754714012	-1368
8.00760197639	543
8.0181119442	-1368
8.01812696457	-1368
8.01824402809	-1368
8.0183300972	-1368
8.0185110569	-1368
8.01861310005	-1368
8.01876091957	-1368
8.01885008812	-1368
8.0189230442	543
8.01902294159	-1368
8.01908993721	-1368
8.01924800873	-1420
8.01925301552	-1316
8.01945614815	-1368
8.02027702332	-1368
8.02038311958	-1368
8.03838992119	-1420
8.03845000267	-1316
8.03845500946	-1368
8.03863596916	-1368
8.03872108459	-1368
8.03884100914	543
8.03888392448	-1368
8.03926110268	-1368
8.03935694695	-1368
8.03945302963	-1368
8.0526330471	-1420
8.05264496803	-1316
8.05268502235	-1368
8.05287003517	-1368
8.05355000496	-1420
8.05355501175	-1420
8.05360794067	-1264
8.05361104012	-1368
8.05377411842	-1420
8.05377697945	-1316
8.05402612686	-1368
8.05412507057	543
8.05417394638	-1368
8.05422496796	-1368
8.05439805984	-1368
8.05447793007	-1368
8.05459809303	-1368
8.06575107574	-1420
8.0658121109	-1420
8.0658159256	-1264
8.06948494911	-1368
8.06957912445	-1368
8.06970405579	-1368
8.07000494003	-1368
8.07015609741	-1420
8.07015895844	-1316
8.07025694847	543
8.07036614418	-1368
8.07049512863	-1420
8.07054710388	-1316
8.08146810532	-1420
8.08152508736	-1316
8.08219194412	-1420
8.08221793175	-589
8.08230996132	543
8.08951807022	-1368
8.08953595161	-1368
8.08959293365	-1368
8.08975195885	-1368
8.08983707428	-1368
8.08996605873	-1368
8.09048509598	-1368
8.09055495262	-1368
8.09084892273	-1368
8.09105396271	-1368
8.09115695953	-1368
8.09127998352	-1368
8.09266805649	543
8.09289002419	543
8.09298014641	543
8.0931789875	1057
8.09705615044	-1420
8.09707713127	-1316
8.09727692604	-1368
8.10623192787	543
8.10725712776	543
8.10915708542	-1420
8.10916304588	-1316
8.10926008224	-1368
8.10940694809	-1368
8.10952115059	-1368
8.10970497131	-1420
8.10975599289	-1316
8.10983896255	-1368
8.10998511314	-1368
8.11011695862	-1368
8.11026310921	-1420
8.110268116	-1316
8.11178207397	543
8.11182904243	-1420
8.11183214188	-1316
8.11194896698	543
8.11200809479	-1368
8.12064504623	-1368
8.12066292763	-1368
8.12078499794	-1368
8.12103295326	1057
8.12182807922	-1368
8.12215399742	-1368
8.12220191956	-1368
8.12227606773	-1368
8.1223320961	543
8.12244200706	-1368
8.12256407738	-1368
8.12270498276	-1368
8.12282800674	-1368
8.12295794487	-1368
8.1238629818	-1368
8.12397909164	-1368
8.12408208847	-1368
8.12799215317	543
8.15550804138	-1368
8.1555249691	-1368
8.15552711487	-1368
8.15584111214	-1368
8.15597295761	-1368
8.1560959816	-1368
8.15660500526	-1368
8.15668702126	-1368
8.1568031311	-1368
8.15730905533	-1368
8.15739297867	543
8.15746307373	-1368
8.15756511688	-1368
8.15769100189	-1368
8.15800213814	-1420
8.15800595284	-1316
8.15810012817	-1420
8.15810513496	-1316
8.15824913979	-1368
8.15837407112	-1368
8.16780304909	-1420
8.16780900955	-1316
8.17160701752	-1368
8.17179608345	-1368
8.17187213898	-1368
8.17202401161	-1368
8.17257404327	-1368
8.17268013954	-1368
8.17307209969	-1368
8.17315411568	-1368
8.17330312729	-1368
8.17628312111	543
8.176445961	543
8.17946314812	-1368
8.1795630455	-1368
8.17968702316	-1368
8.18944096565	-1420
8.18949699402	-1316
8.18972706795	-1368
8.19057393074	-1368
8.1906580925	-1368
8.19078207016	-1368
8.1912689209	-1368
8.19139409065	-1368
8.19164013863	-1368
8.19178199768	-1420
8.19178700447	-1316
8.1923251152	-1368
8.19857501984	-438
8.20401906967	-1368
8.21019291878	-1368
8.21037101746	-1368
8.21037507057	-1368
8.21044898033	543
8.21073102951	-1368
8.2108271122	-1368
8.21096205711	-1368
8.21132993698	-1368
8.21144604683	-1368
8.21153903008	-1368
8.21670794487	543
8.21740198135	-1420
8.21740794182	-1316
8.22377705574	-1368
8.22402310371	-1368
8.22412109375	-1368
8.22416615486	543
8.22428202629	-1368
8.23209905624	-1368
8.23216199875	-1368
8.23226809502	-1368
8.25975513458	-1420
8.25977802277	-1316
8.25983214378	-1368
8.26037597656	-1368
8.26045894623	-1368
8.26058197021	-1368
8.26152205467	-1368
8.26160502434	-1368
8.26171302795	-1368
8.2624399662	-1420
8.26244306564	-1316
8.26257395744	-1368
8.26271796227	543
8.26275515556	-1368
8.26283693314	-1368
8.26284694672	543
8.27467393875	-1368
8.27540493011	-1368
8.27554106712	-1368
8.27565908432	-1368
8.28428196907	-1420
8.28428697586	-1316
8.28441500664	-1368
8.28624010086	-1368
8.28640007973	-1420
8.28640294075	-1316
8.29008412361	-1420
8.29008793831	-1316
8.29024100304	-1368
8.29043507576	-1368
8.29056215286	-1368
8.29067993164	-1368
8.29078793526	543
8.29089903831	543
8.30085706711	-1420
8.30086612701	-1316
8.30226492882	-1368
8.30233693123	-1368
8.30576395988	-1368
8.30586600304	-1368
8.30600404739	-1368
8.31090402603	-1109
8.3110730648	543
8.31675100327	-1420
8.31675815582	-1316
8.31689810753	-1368
8.31873393059	-1368
8.31882500648	-1368
8.32185697556	-1368
8.32210206985	543
8.32221412659	-1368
8.32227110863	-1368
8.32244110107	-1368
8.3225440979	-1368
8.32268309593	-1368
8.33034610748	-1368
8.33047509193	-1368
8.33057904243	-1368
8.338752985	-1368
8.33885002136	-1368
8.33887696266	-1368
8.33909106255	-1368
8.33936500549	-1420
8.33937001228	-1316
8.34289503098	-1420
8.34290313721	-1316
8.3430390358	-1368
8.349173069	-1368
8.35604405403	-1368
8.3561091423	-1368
8.35620808601	-1368
8.35629892349	-1368
8.35650205612	-1368
8.35662293434	-1368
8.35670208931	-1368
8.36533498764	-1368
8.36562514305	543
8.37262511253	543
8.37314605713	543
8.37334108353	-1368
8.37342095375	-1368
8.37380814552	-1368
8.37398314476	-1368
8.37413692474	-1368
8.37423801422	-1368
8.37430214882	-1368
8.37443304062	-1368
8.37456202507	-1368
8.37626314163	543
8.37788891792	-1368
8.37801909447	-1368
8.37813711166	-1368
8.39151906967	-1420
8.39155101776	-1316
8.39166808128	-1368
8.39181494713	-1368
8.39186096191	543
8.3919210434	-1368
8.39832210541	-1420
8.39836502075	-1316
8.39844512939	-1368
8.39856100082	-1368
8.40431809425	-1420
8.40432214737	-1316
8.4044251442	-1368
8.40984106064	-1368
8.40988993645	-1368
8.40996813774	-1368
8.41712403297	-1420
8.41712999344	-1420
8.41717195511	-1264
8.41742610931	-1368
8.41760206223	-1420
8.41760492325	-1316
8.42299008369	-250
8.42620491982	543
8.42694091797	-1368
8.42702913284	-1368
8.4270670414	-1368
8.43341803551	-1420
8.43342208862	-1316
8.43359398842	-1368
8.43692207336	-1420
8.43692612648	-1316
8.4369931221	-1368
8.4429500103	-1420
8.44295501709	-1316
8.44308495522	-1368
8.44323205948	543
8.44387602806	-1368
8.44394993782	-1368
8.44404911995	-1368
8.44416904449	543
8.44659614563	543
8.45036697388	-1420
8.45038104057	-1316
8.45376110077	-1368
8.46300292015	-1420
8.46301007271	-1316
8.46304297447	-1368
8.46316313744	-1368
8.46327209473	-1368
8.46346712112	-1368
8.46364498138	-1368
8.46370911598	-1368
8.46380901337	-1368
8.46845602989	-1368
8.47547292709	-1420
8.47552108765	-1316
8.47630596161	-1420
8.47632002831	-1420
8.47632098198	-1264
8.47704696655	-1368
8.47705698013	-1368
8.47715497017	-1368
8.47730612755	-1368
8.47833013535	-1368
8.47841405869	-1368
8.47858095169	-1368
8.48398804665	543
8.49211192131	-1368
8.49218606949	-1368
8.49221491814	-1368
8.49345707893	-1368
8.49391293526	-1420
8.49391794205	-1420
8.49396705627	-1264
8.49397015572	-1368
8.49407196045	-1368
8.49414992332	543
8.49806809425	-1368
8.49819493294	-1368
8.50821495056	-1368
8.5087120533	543
8.50886297226	-1368
8.50895214081	-1368
8.5091240406	-1368
8.50931596756	-1368
8.50944399834	-1368
8.509567976	-1368
8.51043200493	-1368
8.5105509758	-1368
8.51065206528	-1368
8.52226400375	-1420
8.52227091789	-1316
8.5223929882	-1368
8.5256280899	-1420
8.52565193176	-1316
8.52582597733	-1368
8.52752804756	-1368
8.52753210068	-1368
8.52772212029	-1368
8.53511095047	-1420
8.53511500359	-1316
8.53527402878	-1368
8.53542304039	543
8.53866100311	-904
8.54326891899	-1368
8.54334998131	-1368
8.54364013672	-1368
8.54566812515	-1368
8.54576015472	-1368
8.54588603973	-1368
8.54816102982	-1368
8.54827809334	-1368
8.54828095436	-1368
8.54971194267	-1368
8.54980897903	-1368
8.55029010773	-1368
8.55052399635	543
8.55570912361	-1368
8.55575609207	-1368
8.55605506897	-1368
8.56118106842	-1368
8.56134915352	-1368
8.5614259243	-1368
8.56153202057	-1368
8.56162214279	-1368
8.56253504753	-1368
8.56631207466	543
8.57284998894	-1420
8.57286095619	-1316
8.57369112968	-1368
8.57701706886	-1420
8.57707214355	-1420
8.57707595825	-1264
8.57715892792	-1368
8.57732105255	-1368
8.57740211487	-1368
8.57784414291	-1368
8.57792711258	-1368
8.57807993889	-1368
8.58882808685	-1420
8.58883404732	-1316
8.58897995949	-1368
8.59127092361	-1368
8.59131813049	-1368
8.59152197838	-1368
8.59161114693	-1368
8.59174013138	543
8.5920021534	-1368
8.59207105637	-1368
8.59230804443	543
8.5923769474	-1368
8.59247803688	-1368
8.59259009361	-1368
8.59920310974	543
8.60643100739	1460
8.60650515556	111
8.60721993446	-1368
8.60734415054	-1368
8.60739803314	-1368
8.60864114761	-1368
8.6087269783	-1368
8.60889005661	-1420
8.60889315605	-1316
8.61259508133	-1368
8.61268997192	-1368
8.61276698112	543
8.61694502831	-1368
8.61714410782	-1368
8.61717009544	-1368
8.61726498604	-1368
8.62799406052	-1420
8.6280040741	-1316
8.64288115501	-1368
8.64310908318	543
8.64347505569	-1368
8.6435790062	-1368
8.64366197586	-1368
8.64388298988	-1420
8.64389705658	-1316
8.64416193962	-1368
8.64422702789	-1368
8.64435911179	-1368
8.64446806908	-1368
8.64458799362	-1368
8.64472794533	-1368
8.64488601685	-1368
8.64500713348	-1368
8.64509296417	-1368
8.645622015	-1368
8.64813303947	-1368
8.64825105667	-1368
8.64840006828	-1368
8.64888095856	-1368
8.64897298813	543
8.64901995659	-1368
8.64915394783	-1368
8.65335297585	-559
8.65632414818	-1420
8.65632915497	-1316
8.66056609154	-1368
8.66122508049	-1368
8.6613240242	-1368
8.66143298149	-1368
8.6641190052	-1368
8.66420412064	-1368
8.66428804398	-1368
8.66437911987	543
8.67074394226	-1420
8.67075705528	-1316
8.67736291885	-1368
8.68039011955	-1420
8.68042802811	-1316
8.68054509163	-1368
8.69306111336	-1420
8.69308400154	-1316
8.69311714172	-1368
8.69511294365	543
8.73335504532	-1420
8.73336911201	-1316
8.73337197304	-1368
8.73349714279	-1368
8.7336499691	-1368
8.73444914818	-1368
8.73509693146	-1368
8.73520302773	-1368
8.73533010483	-1368
8.7358379364	-1368
8.73594212532	-1368
8.73606109619	-1368
8.74131011963	-1420
8.74132704735	-1316
8.74145913124	-1368
8.7416639328	-1368
8.74190211296	-1368
8.74190711975	-1368
8.74216294289	-1368
8.742166996	-1420
8.74218893051	-1316
8.74442315102	-1368
8.74463200569	-1368
8.74463510513	-1368
8.74465894699	543
8.74485993385	543
8.74721193314	543
8.74920701981	-1368
8.76304411888	-1420
8.76305198669	-1316
8.7687959671	-534
8.78256702423	-1420
8.78262400627	-1420
8.78262710571	-1420
8.78262805939	-1212
8.78268098831	-1368
8.78276109695	-1368
8.78506398201	1460
8.78512692451	111
8.79965996742	-1368
8.80000710487	-1368
8.80082511902	1460
8.80086994171	111
8.80274415016	543
8.8028690815	-1368
8.81942415237	543
8.82057094574	-1368
8.82185602188	-1368
8.84121203423	-1368
8.84122300148	-1368
8.89625906944	-554
8.89850997925	543
8.99062395096	-1368
8.99081993103	543
8.99778699875	-1368
8.9978621006	-1368
9.00611615181	-1420
9.00619196892	-1316
9.00619506836	-1368
9.0187830925	-1420
9.01880693436	-1316
9.02154612541	-1368
9.03652000427	1460
9.03661513329	1460
9.03665208817	707
9.03722500801	-1420
9.03723192215	-1316
9.03730392456	-1368
9.03752613068	-1368
9.04147410393	-1420
9.04148006439	-1316
9.04163694382	-1368
9.04807400703	-77
9.04824900627	543
9.05000209808	543
9.05225801468	-1420
9.05227303505	-1316
9.05676198006	543
9.05908799171	-1368
9.05990815163	-1420
9.05991411209	-1316
9.07115697861	-1420
9.07116699219	-1316
9.07174015045	-1368
9.07181811333	543
9.08577609062	-1420
9.08578395844	-1420
9.0857861042	-1264
9.08910608292	-1420
9.08911204338	-1316
9.08918595314	-1368
9.09638595581	543
9.10173296928	-1420
9.1017510891	-1316
9.10188698769	-1368
9.10575008392	-1420
9.10575604439	-1316
9.10591006279	-1368
9.10597991943	-1368
9.11424207687	-1420
9.11425495148	-1316
9.12194299698	-1420
9.12196803093	-1316
9.13342213631	-1420
9.13344812393	-1316
9.1336081028	543
9.14087605476	-1368
9.14130115509	-1420
9.14132714272	-1316
9.1429040432	-1368
9.15317296982	-1368
9.15323114395	-1368
9.15534305573	-1368
9.16143202782	-502
9.16922903061	-1368
9.16932296753	-1368
9.16943311691	-1368
9.17265510559	-1420
9.17270803452	-1316
9.17273902893	-1368
9.17304301262	-1420
9.17304897308	-1316
9.18400096893	-1420
9.18402504921	-1316
9.18421292305	1057
9.20146393776	-1368
9.20148015022	-1368
9.20148301125	-1368
9.2041079998	-1368
9.20493197441	1057
9.20698809624	-1368
9.20706295967	-1368
9.21826410294	-1420
9.21827197075	-1316
9.21840405464	-1368
9.22586107254	-1420
9.22589993477	-1316
9.22597908974	-1368
9.24160695076	-1420
9.24161791801	-1316
9.24167704582	-1368
9.24187493324	-1368
9.2419719696	-1368
9.24221801758	-1420
9.2422580719	-1316
9.24674701691	-1368
9.24684906006	-1368
9.24695396423	-1368
9.24749112129	1057
9.24792313576	543
9.25526809692	-1368
9.25545096397	-1368
9.25660896301	-1368
9.257365942	-1368
9.25757598877	-1368
9.257584095	-1368
9.27125310898	-1420
9.27127099037	-1316
9.27279400826	-1368
9.27287697792	-1368
9.27300715446	-1368
9.27372503281	-1185
9.28527092934	-1420
9.28527903557	-1316
9.28542804718	-1368
9.2881629467	-1368
9.28823804855	-1368
9.28836011887	-1368
9.29017400742	-1368
9.29017806053	-1368
9.2903649807	-1368
9.29047012329	543
9.29055094719	543
9.29069709778	543
9.30102705956	-1368
9.30116009712	-1368
9.3012471199	-1368
9.30590009689	-1368
9.30603194237	-1368
9.30608701706	-1368
9.30638813972	-1368
9.30646300316	-1368
9.30667495728	-1368
9.32435107231	-1368
9.32457113266	-1368
9.32464909554	-1368
9.3256649971	-1368
9.32577204704	-1368
9.32580113411	543
9.32590794563	-1368
9.34147310257	-1368
9.34157800674	-1368
9.34167599678	-1368
9.34524798393	-1368
9.3453681469	-1368
9.34537005424	-1368
9.34551811218	-1368
9.34596204758	-1368
9.34598493576	-1368
9.36190104485	-1368
9.36196994781	-1368
9.36205601692	-1368
9.36316299438	1460
9.36321306229	111
9.3644721508	-1368
9.36464905739	-1420
9.36465406418	-1316
9.36480093002	-1368
9.36496710777	-1368
9.36530399323	-1420
9.36530804634	-1316
9.3654460907	543
9.36558794975	543
9.38324809074	-1420
9.38326597214	-1316
9.38326907158	-1368
9.387622118	-1368
9.3876850605	-1368
9.39265799522	-1114
9.40789914131	-1420
9.40796494484	-1316
9.40796995163	-1368
9.40847611427	-1368
9.40857195854	-1368
9.40872311592	-1368
9.4088101387	-1368
9.40896105766	1057
9.40930604935	-1368
9.40937399864	-1368
9.41620492935	543
9.4165160656	543
9.41697692871	543
9.42063498497	-1368
9.42658901215	543
9.43258714676	-1420
9.43259692192	-1316
9.45489406586	-1368
9.4550640583	543
9.45544695854	-1420
9.45545196533	-1316
9.45560598373	-1368
9.45569705963	-1368
9.45585393906	-1368
9.45594406128	-1368
9.45946407318	-1368
9.45956707001	-1368
9.45970106125	-1368
9.46773505211	-1420
9.46776509285	-1316
9.46789193153	-1368
9.4738650322	-1420
9.47387003899	-1316
9.47400712967	-1368
9.48100805283	-1420
9.48107910156	-1316
9.48108315468	-1368
9.48645997047	-1420
9.48647904396	-1316
9.4873380661	-1368
9.48743414879	1057
9.500041008	-1420
9.50005698204	-1316
9.50006008148	-1368
9.50028705597	-1368
9.50036907196	-1368
9.50052404404	-1368
9.50153112411	-1420
9.50153493881	-1316
9.50802397728	-982
9.51385593414	-1420
9.51388907433	-1316
9.52059912682	-1368
9.52062702179	-1368
9.52085113525	-1368
9.52635002136	-1368
9.52643704414	-1368
9.52647805214	-1368
9.53044104576	-1420
9.53044509888	-1316
9.53058409691	-1368
9.53068614006	-1368
9.5363650322	543
9.54061794281	-1420
9.54062604904	-1316
9.54130005836	-1368
9.54337692261	-1368
9.58988499641	-1368
9.58990597725	-1368
9.5899579525	-1368
9.59303998947	-1368
9.59313702583	-1368
9.59314107895	-1368
9.59568500519	543
9.60573005676	1460
9.60617113113	111
9.60649299622	543
9.60750102997	-1368
9.60783815384	-1420
9.60784292221	-1316
9.60975503922	543
9.61558294296	-1368
9.61558699608	-1368
9.61572813988	-1368
9.61841797829	-1368
9.6184899807	-1368
9.61860013008	-1368
9.61868095398	543
9.62214803696	-1420
9.62215304375	-1316
9.62639307976	-1327
9.62651705742	543
9.63888502121	-543
9.64738202095	-1368
9.66716003418	-1368
9.68265509605	543
9.6831240654	543
9.69879102707	543
9.70292711258	543
9.70924592018	543
9.71638011932	1460
9.71646809578	111
9.72689414024	1460
9.72695398331	1139
9.73357510567	543
9.74173402786	-949
9.74527812004	543
9.74578499794	543
9.78708100319	-1420
9.78711009026	-1316
9.78713393211	-1368
9.84547495842	-1368
9.84772706032	543
9.85864210129	-870
9.87118601799	-1368
9.8716211319	1057
9.87212014198	543
9.87318491936	-1420
9.87319207191	-1316
9.89755511284	-1368
9.90808010101	543
9.91138100624	-1368
9.91152095795	543
9.91164803505	543
9.93693208694	-1368
9.93884110451	-1420
9.9388449192	-1316
9.94642210007	543
9.94670414925	-1420
9.94670796394	-1316
9.9535651207	-1368
9.96647810936	-1368
9.97276902199	-554
10.0734210014	-1368
10.0736310482	543
10.1200630665	-1368
10.1202459335	543
10.1204481125	543
10.1250851154	-522
10.1382610798	-1420
10.138283968	-1316
10.1383919716	-1368
10.1449739933	-1368
10.1450130939	-1368
10.1450939178	-1368
10.1451790333	-1368
10.1476681232	-1368
10.1531460285	-1368
10.1808419228	-1368
10.1951711178	-1368
10.2421751022	-1234
10.2527980804	543
10.2559571266	543
10.2609901428	543
10.2659370899	543
10.2662241459	543
10.2664880753	543
10.2668950558	543
10.2673060894	543
10.2677760124	543
10.2681519985	543
10.2709810734	543
10.3368661404	-1420
10.3368849754	-1316
10.3368890285	-1368
10.3821661472	-66
10.3823130131	543
10.39980793	543
10.4349880219	-1420
10.434994936	-1316
10.4350850582	-1368
10.4386360645	-1368
10.4387819767	-1368
10.4387850761	-1368
10.4389369488	543
10.4481210709	543
10.4502429962	-1368
10.4503941536	-1368
10.4504799843	-1368
10.4505829811	-1368
10.4622919559	-1420
10.4622969627	-1316
10.4735579491	543
10.4742519855	543
10.4807980061	543
10.4966781139	-923
10.5062110424	543
10.6122870445	-1368
10.6144070625	543
10.6145479679	543
10.6294050217	-1420
10.6294209957	-1316
10.6294240952	-1368
10.6640701294	-327
10.7001259327	-1368
10.7180531025	543
10.7192800045	543
10.7778530121	-804
10.7911040783	-1368
10.8056800365	-1420
10.8056960106	-1316
10.8058741093	-1368
10.8070840836	1057
10.8192420006	-1368
10.8730809689	-1368
10.8750519753	543
10.9037899971	-1276
10.9049899578	543
11.0117790699	-1368
11.0150489807	-1368
11.0152349472	-1368
11.015640974	-667
11.0156841278	543
11.0185489655	543
11.1281120777	-543
11.175606966	-1420
11.1756160259	-1316
11.2108380795	-1368
11.2813241482	-1181
11.2854371071	543
11.3540461063	-1368
11.3548779488	543
11.3678939342	543
11.393736124	-232
11.3942070007	543
11.4917960167	1460
11.4941561222	625
11.520870924	-543
11.5210721493	543
11.7026209831	-1086
11.702835083	543
11.7029900551	543
11.7324199677	-1368
11.7892539501	-1368
11.7994420528	543
11.8153669834	-978
11.8686871529	-1420
11.8687109947	-1316
11.8688249588	-1368
11.8870620728	-1420
11.8870799541	-1316
11.8872349262	543
11.8891639709	543
11.8914749622	-1368
11.9040150642	-1420
11.9040210247	-1420
11.9040229321	-1264
11.9277849197	-741
11.9346301556	543
11.9535901546	543
11.9568500519	543
12.0560641289	-543
12.0698261261	-1368
12.0740320683	-1368
12.0884690285	-1368
12.1720249653	-1181
12.1740980148	543
12.1747770309	543
12.1749870777	1460
12.1750309467	1139
12.175483942	543
12.2301359177	-1368
12.2847290039	-804
12.2850050926	543
12.4085071087	-1086
12.4097659588	543
12.5000550747	-1420
12.5000720024	-1316
12.5004451275	-1420
12.5004501343	-1316
12.5141911507	-1420
12.5142040253	-1316
12.5232210159	-248
12.5296330452	-1368
12.5762219429	543
12.5765421391	-1420
12.5765471458	-1316
12.5789790154	-1368
12.5793170929	543
12.5821299553	543
12.5842089653	543
12.5858530998	543
12.5896599293	-1420
12.5896670818	-1316
12.5897490978	-1368
12.5929429531	543
12.6353149414	-1368
12.6416900158	-53
12.6463260651	543
12.6565620899	543
12.6571371555	543
12.7021379471	-1368
12.7593390942	-775
12.7663969994	543
12.820235014	-1368
12.8204510212	543
12.8232281208	-1368
12.8233220577	-1368
12.845924139	-1368
12.846200943	-1420
12.8462290764	-1316
12.8542280197	-1420
12.8542850018	-1316
12.8542969227	-1368
12.8548381329	-1368
12.8548939228	-1368
12.8550209999	-1368
12.855148077	-1368
12.8552720547	-1368
12.858782053	543
12.8588991165	543
12.8597710133	-1368
12.8737010956	-1368
12.8741869926	-135
12.8743000031	543
12.8881390095	-1368
12.8910269737	1057
12.9253160954	-1368
12.9253320694	-1368
12.9255850315	543
12.9729390144	-1368
12.9749350548	543
12.9858779907	-1368
12.998652935	-1420
12.9986770153	-1316
13.0003809929	-451
13.0024211407	543
13.0041501522	543
13.0545289516	-1368
13.0545470715	-1368
13.1175889969	-949
13.118874073	543
13.1201491356	-1420
13.1201541424	-1316
13.1204941273	543
13.1686649323	-1368
13.1766319275	-1420
13.1766450405	-1316
13.1766469479	-1368
13.1803209782	-1368
13.1804039478	-1368
13.1805169582	-1368
13.1913621426	543
13.1923720837	-1368
13.192553997	-1368
13.1925590038	-1368
13.1945221424	543
13.1965770721	543
13.1976380348	543
13.1982400417	543
13.204020977	-1368
13.2305500507	-40
13.2381701469	543
13.2858610153	-1368
13.3444709778	-1289
13.3580851555	543
13.4058530331	-1368
13.4163410664	543
13.4200289249	-1368
13.4202001095	543
13.4568910599	-522
13.4662899971	543
13.5696759224	-1086
13.5700950623	543
13.6330230236	-1368
13.6395461559	543
13.6425321102	-1368
13.6822750568	-1007
13.683893919	543
13.6887700558	-1368
13.7369091511	-1420
13.7369370461	-1316
13.73832798	543
13.7946310043	-609
13.795746088	543
13.8482370377	-1420
13.8482451439	-1316
13.8484020233	1057
13.848911047	1057
13.8492450714	1057
13.8527989388	-1368
13.8528590202	-1368
13.8529970646	-1368
13.8530409336	543
13.8662149906	-1420
13.8662381172	-1316
13.8662819862	-1368
13.9095449448	-509
13.9100141525	543
13.9568920135	-1368
14.0238580704	-804
14.0274670124	543
14.1888101101	-543
14.20246315	-1420
14.2024791241	-1316
14.207005024	-1420
14.2070169449	-1316
14.2072701454	-1368
14.2072751522	-1368
14.2073299885	-1368
14.2075059414	-1368
14.2153720856	-1368
14.275001049	-1420
14.275026083	-1316
14.2752101421	543
14.2868089676	1460
14.2869210243	625
14.3156681061	-1118
14.4312069416	-1086
14.4386839867	543
14.5942289829	-543
14.6064760685	543
14.6192350388	543
14.6248700619	1057
14.6374371052	1460
14.6375420094	1139
14.6489751339	543
14.6664919853	543
14.7771151066	1460
14.7771999836	1139
14.8087229729	543
14.8193089962	543
14.8263270855	543
14.8280601501	543
14.9650189877	-543
14.965141058	-1368
14.9653339386	543
14.9731070995	-1368
14.9733099937	543
14.9737539291	543
14.9883170128	-1368
15.0041179657	-1420
15.0041351318	-1316
15.0041401386	-1368
15.010422945	-1420
15.0104320049	-1316
15.0106370449	543
15.0110011101	1057
15.0183079243	-1368
15.0185320377	-1368
15.0185370445	-1368
15.0242829323	1460
15.0243389606	1139
15.0260441303	-1420
15.0260651112	-1316
15.0262601376	-1368
15.0323779583	-1420
15.0324060917	-1316
15.0324101448	-1368
15.0325131416	-1368
15.0327000618	1057
15.0394010544	-1420
15.039411068	-1316
15.0394489765	-1368
15.0498170853	-1420
15.0498819351	-1316
15.0498890877	-1368
15.0518369675	-1368
15.0520250797	-1368
15.0520789623	-1368
15.0672869682	-1368
15.067317009	-1368
15.067456007	-1368
15.0675771236	-1368
15.0676980019	-1368
15.0775721073	-639
15.0812759399	-1420
15.0813429356	-1316
15.0813500881	-1368
15.0867800713	-1420
15.0867960453	-1316
15.0868530273	-1368
15.0870029926	543
15.1029651165	-1368
15.1029801369	-1368
15.1035370827	-1368
15.1040539742	-1368
15.1041100025	-1368
15.1179189682	-1420
15.1179871559	-1316
15.1182179451	-1368
15.1259860992	-1420
15.1260020733	-1316
15.1260581017	-1368
15.1374590397	-1420
15.1375210285	-1316
15.1398830414	-1368
15.1399710178	-1368
15.140114069	-1368
15.1403050423	-1368
15.1403810978	-1368
15.1405010223	-1368
15.140583992	543
15.1556470394	-1420
15.155673027	-1316
15.1558039188	-1368
15.159995079	-1368
15.1601660252	-1368
15.160171032	-1368
15.1602621078	543
15.1717729568	-1420
15.1717810631	-1316
15.1735260487	-1368
15.1736271381	-1368
15.1899809837	-647
15.2222509384	-1420
15.2223129272	-1316
15.2223169804	-1368
15.2236850262	-1368
15.224173069	-1368
15.2243080139	-1368
15.2243900299	-1368
15.2260119915	-1368
15.2264211178	-1368
15.2393860817	-1420
15.2394001484	-1316
15.2445499897	-1420
15.2445580959	-1316
15.2546460629	-1368
15.2546539307	-1420
15.2547039986	-1316
15.2547719479	-1368
15.2549009323	-1368
15.2549450397	543
15.2793791294	-1420
15.2793989182	-1316
15.2794570923	-1368
15.2794589996	-1368
15.2794611454	-1368
15.2796700001	-1368
15.2865180969	1057
15.2872071266	1460
15.287266016	1460
15.2873101234	1161
15.2874090672	89
15.2908189297	-1420
15.2908329964	-1316
15.2909860611	-1368
15.2954630852	-1420
15.2955310345	-1316
15.2955379486	-1368
15.2958300114	543
15.302957058	-1420
15.3029720783	-1316
15.3130331039	-1368
15.3132181168	543
15.3134810925	-1368
15.313655138	-1368
15.3136630058	-1368
15.326693058	-1420
15.3267099857	-1316
15.3267700672	-1368
15.3293321133	543
15.3345930576	-431
15.3617069721	-1368
15.3617961407	-1368
15.3830521107	-1368
15.3831169605	-1368
15.3831241131	-1368
15.3832659721	-1368
15.3833889961	-1368
15.3834879398	-1368
15.3836369514	-1368
15.3964099884	-1368
15.3964750767	-1368
15.3966319561	-1368
15.4013049603	-1420
15.4013209343	-1316
15.4013781548	-1368
15.401802063	543
15.4095389843	-1368
15.4095909595	-1368
15.4171180725	-1420
15.4171340466	-1316
15.417194128	-1368
15.4303131104	-1368
15.4303820133	-1420
15.4303889275	-1316
15.4305341244	-1368
15.4339981079	-1420
15.4340541363	-1316
15.4341480732	-1368
15.4344041348	543
15.4449300766	-1420
15.4449460506	-1316
15.4450221062	-1368
15.4514131546	-1420
15.4514811039	-1316
15.4514870644	-1368
15.4516649246	-1368
15.4518351555	-1368
15.4518420696	-1368
15.4521329403	543
15.4684669971	-1420
15.4684829712	-1316
15.4686000347	-1368
15.4743931293	-945
15.476829052	-1420
15.4768979549	-1316
15.486520052	-1368
15.486593008	-1420
15.4866011143	-1316
15.4867551327	-1368
15.4868879318	-1368
15.4870860577	-1368
15.4993231297	-1368
15.5033559799	-1420
15.5033710003	-1316
15.5034310818	-1368
15.5121221542	-1420
15.5121901035	-1316
15.5123751163	543
15.5196459293	-1368
15.5203490257	-1368
15.5203609467	-1368
15.5205409527	-1368
15.5331389904	-1420
15.5331549644	-1316
15.5332119465	-1368
15.5369780064	-1420
15.5370440483	-1316
15.5370509624	-1368
15.5464060307	-1368
15.546421051	-1368
15.5464780331	-1368
15.5466661453	543
15.5544259548	-1368
15.5544419289	-1368
15.5544979572	-1368
15.5546331406	-1368
15.5547730923	-1368
15.5547771454	-1368
15.5551280975	543
15.5727350712	-1420
15.5727510452	-1316
15.5729060173	-1368
15.5851211548	-1420
15.5851910114	-1316
15.5851979256	-1368
15.5869109631	-344
15.5887589455	-1368
15.5889220238	-1368
15.5889680386	-1368
15.5918390751	-1420
15.5918450356	-1316
15.5919280052	-1368
15.5994269848	-1420
15.5994639397	-1316
15.5994679928	-1368
15.6086480618	-1420
15.6086640358	-1316
15.6087241173	-1368
15.6127490997	-1368
15.6128110886	-1368
15.6128180027	-1368
15.6131970882	1057
15.6182880402	543
15.6196219921	543
15.6232330799	-1368
15.6233241558	-1368
15.6233310699	-1368
15.6235039234	-1368
15.6236159801	-1368
15.6238119602	-1368
15.6344890594	-1420
15.6344981194	-1316
15.6346390247	-1368
15.6348509789	543
15.6363289356	543
15.6415290833	-1368
15.6415901184	-1368
15.6417210102	-1368
15.6421611309	-1420
15.6421639919	-1420
15.6421649456	-1264
15.6422860622	543
15.6425840855	1460
15.6426279545	1460
15.6426720619	193
15.6428730488	543
15.655714035	-1368
15.6559741497	-1368
15.6560649872	-1368
15.6564149857	-1368
15.6564970016	-1368
15.6566209793	-1368
15.6703009605	-1420
15.6703269482	-1420
15.6703929901	-1264
15.6726500988	-1368
15.6727621555	543
15.6729431152	-1368
15.6730480194	-1368
15.6732759476	-1368
15.6738181114	-1368
15.6739420891	-1368
15.6740329266	-1368
15.6879930496	-1368
15.6880190372	-1368
15.6917209625	-1368
15.6920199394	-1368
15.6921269894	-1368
15.6922090054	-1368
15.6923239231	-1368
15.6925070286	-1368
15.6926510334	-1368
15.6991291046	-363
15.7023251057	-1420
15.7023370266	-1316
15.7324640751	-1368
15.7327311039	543
15.735626936	-1420
15.7356431484	-1316
15.7372100353	-1420
15.7372219563	-1316
15.73747015	543
15.7375609875	-1368
15.746019125	-1368
15.746295929	-1368
15.7463009357	-1368
15.7463860512	-1368
15.7479801178	-1420
15.7479939461	-1420
15.7480499744	-1264
15.7481429577	-1368
15.7482609749	-1368
15.7591700554	-1420
15.7592360973	-1316
15.7592430115	-1368
15.7651760578	-1368
15.7655620575	-1368
15.765625	-1368
15.7656300068	-1368
15.7676301003	543
15.7791039944	-1420
15.7791190147	-1316
15.7791800499	-1368
15.7828979492	-1420
15.7829661369	-1316
15.7829730511	-1368
15.7836210728	-1368
15.78363204	-1368
15.7838740349	-1368
15.783880949	-1368
15.7840890884	-1368
15.7840960026	-1368
15.8040230274	-1420
15.8040380478	-1316
15.8040969372	-1368
15.8047089577	-1368
15.8047749996	-1368
15.8048989773	-1368
15.8148460388	-381
15.8150210381	543
15.8205490112	-1420
15.8205649853	-1316
15.8209049702	-1368
15.8210711479	543
15.8213479519	-1368
15.8214521408	-1368
15.8215889931	-1368
15.8218541145	-1368
15.8221740723	-1420
15.8222260475	-1316
15.8223171234	-1368
15.8223221302	-1368
15.8224720955	-1368
15.8339700699	-1368
15.8340349197	-1368
15.8341300488	-1368
15.8364760876	-1368
15.8365840912	-1420
15.8366429806	-1316
15.8367249966	-1368
15.8368780613	-1368
15.8369879723	-1368
15.8374490738	1057
15.84871912	-1368
15.848886013	-1368
15.8489871025	-1368
15.8583960533	-1420
15.8584649563	-1316
15.8584721088	-1368
15.8676381111	-1368
15.8676540852	-1420
15.8677120209	-1316
15.8878180981	-1368
15.8885140419	-1420
15.8885250092	-1316
15.8888721466	-1368
15.889122963	-1368
15.8891720772	-1368
15.8891780376	-1368
15.8893051147	-1368
15.8894119263	-1368
15.8896329403	543
15.8941891193	-1368
15.8942041397	-1368
15.8943810463	-1368
15.8945429325	543
15.8948130608	-1368
15.9036140442	-1420
15.903676033	-1316
15.9036829472	-1368
15.9059970379	-1420
15.9060111046	-1316
15.9205861092	-1368
15.9209971428	-1368
15.9210641384	-1368
15.9271321297	-1180
15.9327280521	-1368
15.9327430725	-1368
15.9328711033	-1368
15.9358839989	-1420
15.9359600544	-1316
15.9359669685	-1368
15.9361290932	-1368
15.9361391068	-1368
15.9363069534	-1368
15.9364840984	543
15.9541621208	-1368
15.9541780949	-1368
15.9546420574	-1368
15.9554469585	-1420
15.9555039406	-1316
15.9557249546	-1368
15.9654700756	-1368
15.9654860497	-1368
15.9656801224	-1368
15.9689121246	-1368
15.9689810276	-1368
15.9689869881	-1368
15.9691390991	-1368
15.969299078	-1368
15.9693059921	-1368
15.969604969	-1368
15.9698369503	-1368
15.9698460102	-1368
15.9699110985	543
15.9844009876	-1368
15.9845910072	543
15.985877037	-1368
15.9859609604	-1368
15.9860990047	-1368
15.9864289761	-1420
15.9865329266	-1316
16.0005431175	-1420
16.0006079674	-1316
16.0006151199	-1368
16.0028381348	-1420
16.0028541088	-1316
16.0029101372	-1368
16.0030050278	-1368
16.0031380653	-1368
16.0033020973	-1368
16.0175189972	-1420
16.017537117	-1316
16.0176100731	-1368
16.0184061527	543
16.0186989307	-1368
16.0190191269	-1368
16.0190219879	-1368
16.0192861557	-1368
16.0194549561	-1368
16.0195281506	-1368
16.0327100754	-1368
16.0370650291	-1368
16.0371730328	-1368
16.0372719765	-1368
16.0373780727	-1368
16.0374970436	-1368
16.0402159691	-1312
16.0462579727	-1420
16.0463359356	-1316
16.046339035	-1368
16.0530531406	-1368
16.0530600548	-1368
16.053180933	543
16.0533001423	-1368
16.0533440113	-1368
16.0534939766	-1368
16.0535681248	-1368
16.0537140369	1057
16.0657379627	-1420
16.0657510757	-1316
16.0683710575	-1368
16.0686631203	-1368
16.068791151	-1368
16.0694260597	-1368
16.0695259571	-1368
16.0696361065	-1368
16.0697369576	-1368
16.0700359344	-1368
16.0763070583	543
16.0774171352	-1368
16.0774800777	-1368
16.0783929825	543
16.0898561478	-1368
16.0899550915	-1368
16.0899591446	-1368
16.0904099941	-1368
16.0904810429	-1368
16.0906510353	-1368
16.0907330513	-1368
16.0908830166	-1368
16.09100914	-1368
16.1022341251	-1368
16.1023621559	543
16.1034760475	-1368
16.1035680771	-1368
16.1057159901	-1368
16.1058349609	-1368
16.1059770584	-1368
16.1061029434	-1368
16.1142849922	-1420
16.1142890453	-1316
16.1309649944	-1368
16.1330740452	-1368
16.1331689358	-1368
16.1334760189	-1368
16.1335580349	-1368
16.1337311268	-1368
16.1387059689	-1368
16.1387820244	543
16.138874054	-1368
16.1388800144	-1368
16.1412501335	-1368
16.1413259506	543
16.1422960758	543
16.1515719891	-1420
16.1515860558	-1316
16.151692152	-1368
16.1518571377	-1368
16.1545469761	-44
16.1857309341	-1368
16.1857919693	-1368
16.185863018	-1368
16.1929180622	1460
16.1929879189	1139
16.1977140903	-1368
16.2668571472	-269
16.2936279774	-1420
16.2936420441	-1316
16.2938349247	-1368
16.3025341034	543
16.3051550388	543
16.305366993	543
16.3078889847	-1368
16.357656002	-1368
16.3577680588	-1368
16.3577821255	-1368
16.3580219746	543
16.3687911034	543
16.3800189495	-1420
16.3800470829	-1316
16.3879849911	-1368
16.3879981041	-1368
16.3881571293	-1368
16.3943729401	-836
16.4865689278	-1420
16.4865980148	-1316
16.4866709709	-1368
16.4866769314	-1368
16.4943499565	-1420
16.4943659306	-1316
16.4944219589	-1368
16.4960639477	-1368
16.4961400032	-1368
16.4961471558	-1368
16.4978880882	-1368
16.4979040623	-1368
16.4979641438	-1368
16.5004630089	-1420
16.5005290508	-1316
16.5005350113	-1368
16.5008871555	543
16.5120151043	-1368
16.51218009	543
16.5133230686	-1368
16.5133750439	-1368
16.5134789944	-1368
16.5219609737	-1368
16.5219891071	-1368
16.5219919682	-1368
16.5252590179	-1368
16.5252659321	-1368
16.525290966	-1368
16.5324060917	-449
16.5374910831	-1420
16.5374979973	-1316
16.5375239849	-1368
16.5381281376	-1368
16.5382859707	-1368
16.5386750698	-1368
16.5516719818	-1368
16.5516850948	-1368
16.5517721176	-1368
16.5519449711	-1420
16.5519521236	-1316
16.5522680283	543
16.5524599552	-1368
16.5525619984	-1368
16.5528259277	-1368
16.5529501438	-1368
16.553082943	-1368
16.5542120934	-1368
16.5601730347	-1420
16.5601890087	-1316
16.5602490902	-1368
16.5625181198	-1420
16.5625870228	-1316
16.5625939369	-1368
16.5688409805	-1420
16.5688569546	-1316
16.5693840981	-1368
16.5694930553	-1368
16.5697460175	543
16.5864200592	-1368
16.5865709782	543
16.5866320133	-1420
16.5871829987	-1316
16.5874249935	-1368
16.5875959396	-1420
16.5876369476	-1316
16.5881249905	-1368
16.5882201195	-1368
16.5883259773	-1368
16.5986199379	-1368
16.5986261368	-1368
16.5986931324	-1368
16.5988190174	-1368
16.5989830494	-1368
16.5991439819	-1368
16.5999789238	-1368
16.5999901295	-1368
16.6000900269	-1368
16.6001961231	-1368
16.6094081402	-1420
16.6094200611	-1316
16.6094610691	-1368
16.6095969677	543
16.6106791496	-1420
16.6106920242	-1316
16.6109089851	-1368
16.6109170914	-1368
16.6110360622	-1368
16.611205101	-1368
16.6112670898	-1368
16.6114239693	-1368
16.611508131	-1368
16.6148610115	-1368
16.6148741245	-1368
16.6149251461	-1368
16.6277229786	-1368
16.6277699471	-1368
16.6277830601	-1368
16.6298511028	-1368
16.6298589706	-1368
16.6298899651	-1368
16.6299760342	543
16.6301910877	-1368
16.6302559376	543
16.6307311058	-1420
16.6307489872	-1316
16.6472079754	-1368
16.6472151279	-1368
16.6473109722	-1420
16.6473140717	-1316
16.6496679783	-1368
16.6496739388	-1368
16.6497011185	-1368
16.6499519348	-1368
16.6500051022	-1368
16.6503429413	-1368
16.6526660919	-1368
16.6542551517	-1368
16.6736419201	-1420
16.673648119	-1316
16.6736750603	-1368
16.6737649441	-1368
16.6740469933	543
16.6744570732	-1420
16.6744720936	-1316
16.6747169495	-1368
16.6747219563	-1368
16.6748399734	-1368
16.6755290031	-1420
16.6755430698	-365
16.6915040016	-1368
16.6915941238	-1368
16.6918561459	-1368
16.6918671131	-1368
16.6919109821	-1368
16.6921839714	-1368
16.6924300194	-1368
16.692553997	-1368
16.6926460266	-1368
16.6927859783	-1368
16.6929450035	543
16.7116401196	-1420
16.7116620541	-1316
16.7307851315	1460
16.7309660912	1139
16.8051300049	-1350
16.807557106	543
16.8083260059	543
16.9984610081	-543
16.9986250401	-1368
16.998716116	-1368
16.9989161491	-1368
16.9990079403	-1368
16.999117136	-1368
17.0079119205	-1420
17.0079269409	-1316
17.007983923	-1368
17.00831604	-1368
17.0083639622	-1368
17.0084531307	-1368
17.0087239742	-1368
17.0088369846	-1368
17.0088441372	-1368
17.0089581013	-1368
17.0091409683	-1368
17.0092940331	-1368
17.0098450184	-1368
17.0099000931	-1368
17.0108089447	543
17.0115921497	-1368
17.0230939388	-1420
17.0231120586	-1316
17.0231161118	-1368
17.0232031345	-1368
17.023375988	-1368
17.0235519409	-1368
17.0239751339	-1368
17.0241911411	-1420
17.0241971016	-1316
17.0243170261	-1368
17.024821043	-1368
17.0248320103	-1368
17.0250070095	-1368
17.042288065	-1368
17.0426011086	543
17.0428669453	-1368
17.0428841114	-1368
17.0431339741	-1368
17.0431389809	-1368
17.0432910919	-1368
17.0434501171	543
17.0446231365	-1368
17.0446350574	-1368
17.044768095	-1368
17.0450041294	-1420
17.0450959206	-1316
17.056278944	-1368
17.0563480854	-1368
17.0604000092	-1368
17.0604650974	-1368
17.0606451035	-1368
17.0615019798	-1368
17.0615160465	-1368
17.0617110729	-1368
17.0618109703	-1368
17.062005043	-1368
17.0676760674	-1368
17.0677411556	-1368
17.0677471161	-1368
17.0763361454	-1420
17.0763530731	-1316
17.0764100552	-1368
17.0765891075	543
17.0768940449	-1420
17.0769050121	-1316
17.0769131184	-1368
17.0769159794	-1368
17.0777831078	-1420
17.0778090954	-1316
17.0778679848	-1368
17.0793480873	-1368
17.079406023	-1368
17.0795860291	-1368
17.0918319225	-1420
17.0918469429	-1316
17.091905117	-1368
17.0924921036	-1368
17.0925581455	-1368
17.092564106	-1368
17.0927021503	-1368
17.0928680897	-1368
17.0928759575	-1368
17.0930979252	543
17.0931739807	-1368
17.0933980942	543
17.1053581238	-1368
17.1111731529	-1239
17.1202709675	-1420
17.1202869415	-1316
17.1206591129	-1368
17.1242089272	-1368
17.1242771149	-1368
17.1286571026	-1420
17.1287181377	-1316
17.1288540363	-1368
17.1320509911	-1420
17.1320660114	-1316
17.1321251392	-1368
17.1417241096	-1368
17.1420021057	543
17.1465799809	-1368
17.1465950012	-1368
17.1500029564	-1368
17.1500179768	-1420
17.1500771046	-1316
17.1510660648	-1368
17.1511240005	-1368
17.1515610218	-1420
17.1516580582	-1420
17.1516640186	-1264
17.1516671181	-1368
17.1519310474	-1368
17.1519391537	-1368
17.1520650387	-1368
17.1523599625	-1368
17.1524310112	-1368
17.152821064	-1368
17.1532890797	-1368
17.1532969475	-1368
17.1533720493	-1368
17.153605938	-1368
17.1536099911	-1368
17.1537239552	-1368
17.153856039	-1368
17.1539700031	-1368
17.1542389393	-1368
17.1567881107	543
17.1572480202	543
17.1604590416	-1420
17.160474062	-1316
17.160531044	-1368
17.1608691216	-1420
17.160877943	-1316
17.1609709263	-1368
17.163433075	-1368
17.1635980606	-1368
17.163654089	-1368
17.1666820049	-1368
17.1667470932	-1368
17.1667530537	-1368
17.1669340134	-1368
17.1671559811	543
17.1794130802	-1420
17.1794271469	-1316
17.192702055	-1368
17.2248470783	-131
17.2287290096	543
17.3061599731	1057
17.389316082	-543
17.5102701187	-543
17.6629359722	-543
17.6694619656	543
17.8223879337	-543
17.8227310181	543
17.9791190624	-543
17.9801409245	-1368
17.9801571369	-1368
17.9906561375	-1368
17.9906709194	-1368
17.9909250736	-1368
18.0924460888	-986
18.0958049297	543
18.0961689949	543
18.2499160767	-543
18.4070630074	-543
18.4199559689	-1368
18.4199709892	-1368
18.5322909355	-377
18.541367054	543
18.6936199665	-543
18.6938381195	543
18.8482720852	-543
18.8490190506	-1420
18.849034071	-1316
18.8618381023	-1420
18.8618540764	-1316
18.8619101048	-1368
18.8621051311	543
18.9637191296	-957
18.9682409763	543
18.969807148	543
19.2045021057	-543
19.2218720913	-1420
19.2218871117	-1316
19.2218921185	-1368
19.3173370361	-1123
