0	543
0.218566894531	-543
0.689023017883	-543
1.00034689903	543
1.27392292023	543
1.44087195396	-543
1.44128084183	543
1.56551885605	-543
1.5988919735	-543
1.60825896263	-1368
1.62011885643	-1368
1.62109279633	-1368
1.73010897636	-153
1.74537491798	543
1.74775600433	543
1.90039491653	-543
2.00031685829	543
2.00042891502	543
2.12188696861	-543
2.12218689919	543
2.51823997498	-543
2.59237480164	-1368
2.70127081871	-232
2.7036318779	543
2.8608880043	-543
2.86096596718	-1368
2.86112594604	-1368
2.86115193367	-1368
2.86749386787	-1368
2.86756587029	-1368
2.86757898331	-1368
2.98277497292	-1368
2.98282384872	-1368
2.98283982277	-1368
2.98289990425	-1368
2.9829928875	-1368
2.98307681084	-1368
2.98319983482	-1368
2.98324489594	-1368
2.98327994347	-1368
2.98330497742	-1368
2.98336791992	-1368
2.98363280296	543
2.98949790001	-1368
2.98952889442	-1368
2.98954892159	-1368
2.98962378502	-1368
2.98966383934	-1368
2.98968291283	-1368
3.04338097572	1368
3.10522484779	-1368
3.10529589653	-1368
3.10533380508	-1368
3.10533881187	-1368
3.10534381866	-80
3.14415693283	1347
3.26533985138	-543
3.26665592194	543
3.38733386993	-1086
3.38855791092	1086
3.40241193771	-1368
3.40250682831	-1368
3.40263795853	-1368
3.40268182755	-1368
3.40271282196	-1368
3.40274190903	-1368
3.40276885033	-1368
3.40280580521	-1368
3.40285992622	-1368
3.40591979027	-1368
3.40604400635	-1368
3.40606689453	-1368
3.41108489037	-1368
3.41113591194	-1368
3.41576099396	-1368
3.41579985619	-1368
3.41592884064	-1368
3.47667598724	-1368
3.47671198845	-1368
3.47674393654	-1368
3.47674894333	-1368
3.47676301003	-1368
3.47679686546	-1368
3.52463293076	-1368
3.52472996712	1086
3.52476286888	-1368
3.5247759819	-1368
3.5248029232	-1368
3.52480983734	-196
3.53773283958	1368
3.53775000572	1368
3.53788399696	1368
3.5496609211	-1368
3.56788182259	-1368
3.56792283058	-1368
3.58393287659	-1368
3.58397293091	-1368
3.59239292145	543
3.60273694992	-1368
3.64678788185	-1276
3.64682078362	1152
3.7379899025	543
3.7837498188	-543
3.78388190269	543
3.83678388596	-1368
3.83688187599	-1368
3.83695578575	-1368
3.83696985245	-1368
3.83699178696	-1368
3.83701491356	-1368
3.83703184128	-1368
3.83704090118	-1368
3.83712792397	-1368
3.83740592003	-1368
3.83745884895	-1368
3.8374710083	-1368
3.84118580818	-1368
3.84123778343	-1368
3.84127283096	-1368
3.84127783775	-1368
3.84131884575	-1368
3.84625697136	-1368
3.84629201889	-1368
3.84681081772	-1368
3.84683799744	-1368
3.84687781334	-1368
3.85292887688	-1368
3.8530318737	-1368
3.85309195518	-1368
3.85310196877	-1368
3.85311484337	-1368
3.85312390327	-1368
3.85313987732	-1368
3.93784785271	-1368
3.93787479401	1086
3.93788599968	-1368
3.95894289017	-1368
3.95909285545	-1368
3.95911693573	-1368
3.9591588974	-1368
3.95916795731	-1368
3.9591858387	-1368
3.95919179916	-1368
3.95920491219	-1368
3.9592359066	-1368
3.95927381516	-1368
3.9592859745	-1368
3.9593129158	-1368
3.96819281578	-1368
3.96826100349	-1368
3.96828484535	-1368
3.96831297874	-1368
3.96834087372	-1368
3.96837091446	-1368
3.96840190887	-1368
3.96844291687	-1368
3.96848988533	-1368
3.96856880188	-1368
3.96859884262	-1368
3.96863698959	-1368
3.9686729908	-1368
3.96870493889	-1368
3.96874499321	-1368
3.97506380081	-1368
3.9750828743	-1368
3.97510695457	-1368
3.97513484955	-1368
3.97516179085	-1368
3.97520399094	-1368
3.97523093224	-1368
3.97526097298	-1368
3.9752869606	-1368
3.97531890869	-1368
3.97534799576	-1368
3.97537899017	-1368
3.97541689873	-1368
3.97543382645	-1368
3.97549390793	-1368
3.97577786446	1368
4.00046992302	543
4.01066493988	1368
4.0116918087	1368
4.02701687813	-543
4.02723789215	543
4.05995893478	-1368
4.05998182297	240
4.05998897552	-1368
4.05999588966	-1368
4.08111095428	-1368
4.08114099503	-1368
4.08115983009	-1368
4.08117699623	-1368
4.09013485909	-1368
4.09015798569	-1368
4.09019589424	-1368
4.09022092819	-1368
4.09024882317	-1368
4.09027695656	-1368
4.09030580521	-1368
4.09033799171	-1368
4.09036493301	-1368
4.09040379524	-1368
4.09042191505	-1368
4.09045100212	-1368
4.09048390388	-1368
4.09053993225	-1368
4.09056687355	-1368
4.09059596062	-1368
4.09065198898	-1368
4.09067988396	-1368
4.09076189995	-1368
4.09078788757	-1368
4.09086680412	-1368
4.09089779854	-1368
4.09092497826	-1368
4.09097886086	-1368
4.09100794792	-1368
4.09103798866	-1368
4.09109091759	-1368
4.09111881256	-1368
4.09119081497	-1368
4.09120488167	-1368
4.09123301506	-1368
4.09126091003	-1368
4.09128785133	-1368
4.09131884575	-1368
4.09138298035	-1368
4.09140086174	-1368
4.09142589569	-1368
4.09146785736	-1368
4.09148597717	-1368
4.09228897095	1368
4.09714198112	-1368
4.09720301628	-1368
4.0972340107	-1368
4.09726190567	-1368
4.17265200615	-543
4.17290997505	543
4.17660999298	-1368
4.17667579651	-1368
4.17671990395	-1368
4.17672801018	-1368
4.17674088478	-1368
4.17675089836	-1368
4.17676186562	-1368
4.17676997185	-1368
4.17678189278	-1368
4.17678999901	-1368
4.17680191994	-1368
4.17683696747	-1368
4.17686796188	-1368
4.17688679695	-1368
4.1769118309	-1368
4.17694401741	-1368
4.17697000504	-1368
4.17699790001	-1368
4.17702579498	-1368
4.17871880531	1368
4.19412994385	-1368
4.19419598579	522
4.19420695305	-1368
4.19421696663	-1368
4.194231987	-1368
4.19423699379	-1368
4.2092089653	-1368
4.20926094055	-1368
4.20929694176	-1368
4.2093038559	-1368
4.20931482315	-1368
4.20932078362	-1368
4.21262097359	-1368
4.21266579628	-1368
4.2127058506	-1368
4.21272683144	-1368
4.21274089813	-1368
4.2127468586	-1368
4.21276092529	-1368
4.21276879311	-1368
4.21280097961	-1368
4.21282291412	-1368
4.21287083626	-1368
4.21289587021	-1368
4.21292281151	-1368
4.21294879913	-1368
4.21298098564	-1368
4.21301078796	-1368
4.21303892136	-1368
4.21337795258	-1368
4.21345186234	-1368
4.21351289749	-1368
4.21354389191	-1368
4.21359491348	-1368
4.21362495422	-1368
4.21365189552	-1368
4.21368288994	-1368
4.21370887756	-1368
4.21377182007	-1368
4.21379899979	-1368
4.21383190155	-1368
4.21386098862	-1368
4.21392178535	-1368
4.21396279335	-1368
4.21401500702	-1368
4.21405482292	-1368
4.21408987045	-1368
4.21412086487	-1368
4.21414589882	-1368
4.21417880058	-1368
4.21421289444	-1368
4.21424293518	-1368
4.21427583694	-1368
4.21430683136	-1368
4.21434497833	-1368
4.21436285973	-1368
4.21438980103	-1368
4.21442890167	-1368
4.21444678307	-1368
4.2144818306	-1368
4.21449995041	-1368
4.21638584137	1368
4.22129201889	-1368
4.22136688232	-1368
4.22139000893	-1368
4.22139382362	-1368
4.22142291069	-1368
4.22143983841	-1368
4.2214679718	-1368
4.22150588036	-1368
4.22152400017	-1368
4.22155284882	-1368
4.29884982109	-1368
4.29887700081	-1368
4.29889988899	-1368
4.29892396927	-1368
4.29893994331	-1368
4.29934287071	1368
4.31632184982	-1368
4.31639790535	522
4.31641197205	-1368
4.31642985344	-1368
4.31645083427	-1368
4.31645989418	-1368
4.31647586823	-1368
4.31651091576	-1368
4.31654596329	-1368
4.31658101082	-1368
4.31662297249	-1368
4.31666398048	-1368
4.31670880318	-1368
4.31673884392	-1368
4.31677389145	-1368
4.31680583954	-1368
4.31683588028	-1368
4.3168759346	-1368
4.3169028759	-1368
4.31694197655	-1368
4.3169798851	-1368
4.31700491905	-1368
4.3170440197	-1368
4.31712889671	-1368
4.31715798378	-1368
4.31719088554	-1368
4.31731891632	-1368
4.33122801781	-1368
4.33127784729	-1368
4.33130979538	-1368
4.33131694794	-1368
4.33132886887	-1368
4.3313729763	-1368
4.33139681816	-1368
4.33142590523	-1368
4.33145499229	-1368
4.33253097534	1368
4.33356189728	1368
4.33466982841	-1368
4.33469796181	-1368
4.33472299576	-1368
4.33474993706	-1368
4.33476901054	-1368
4.3348069191	-1368
4.33482980728	-1368
4.33485984802	-1368
4.33488583565	-1368
4.33491587639	-1368
4.33494496346	-1368
4.3349738121	-1368
4.33587598801	1368
4.33649992943	-1368
4.3365688324	-1368
4.33661079407	-1368
4.33662891388	-1368
4.33663988113	-1368
4.3366458416	-1368
4.33665680885	-1368
4.33666396141	-1368
4.33668088913	-1368
4.3367087841	-1368
4.33674097061	-1368
4.33675885201	-1368
4.33678483963	-1368
4.33681297302	-1368
4.33685183525	-1368
4.33688688278	-1368
4.3369269371	-1368
4.33695578575	-1368
4.33698582649	-1368
4.33703589439	-1368
4.33704400063	-985
4.36186981201	-1368
4.36191296577	-1368
4.36194086075	-1368
4.36194992065	-1368
4.36246395111	-1368
4.36251783371	-1368
4.3625869751	-1368
4.36259698868	-1368
4.36262798309	-1368
4.36862778664	-1368
4.36869287491	-1368
4.36870193481	-1368
4.36871194839	-1368
4.36871480942	-1368
4.368724823	-1368
4.36874699593	-1368
4.36875796318	-1368
4.36882591248	-1368
4.3688519001	-1368
4.36885690689	-1368
4.36887288094	-1368
4.36894488335	-1368
4.3689699173	-1368
4.36897492409	-1368
4.36899280548	-1368
4.36902785301	-1368
4.369109869	-1368
4.36915588379	1368
4.36919283867	-1368
4.36920785904	-1368
4.36923480034	-1368
4.36928081512	-1368
4.36931085587	-1368
4.38556790352	-1368
4.38559985161	-1368
4.38564586639	-1368
4.38567686081	-1368
4.38571286201	-1368
4.3857448101	-1368
4.3947429657	-1368
4.39480400085	-1368
4.39484596252	-1368
4.39485192299	-1368
4.39486479759	-1368
4.39488196373	-1368
4.39491391182	-1368
4.39493989944	-1368
4.39498591423	-1368
4.3952319622	1368
4.43884801865	-1368
4.43892979622	762
4.43893694878	-1368
4.43894290924	-1368
4.4389538765	-1368
4.43896079063	-1368
4.43897485733	-1368
4.439016819	-1368
4.43903684616	-1368
4.43905282021	-1368
4.4390938282	-1368
4.45320987701	-1368
4.45334291458	-1368
4.45336294174	-1368
4.45337796211	-1368
4.45338582993	-1368
4.45340394974	-1368
4.45341086388	-1368
4.45341491699	-1368
4.45343494415	-1368
4.45351886749	-1368
4.45354390144	-1368
4.45356798172	-1368
4.45358490944	-1368
4.45359778404	-1368
4.4536049366	-1368
4.4536190033	-1368
4.45371389389	-1368
4.45375394821	-1368
4.45376491547	-1368
4.45916986465	-311
4.45982289314	-543
4.48142981529	-1368
4.48219490051	-1368
4.48223090172	-1368
4.48225593567	-1368
4.48226284981	-1368
4.48229789734	-1368
4.48240280151	-1368
4.4825668335	-1368
4.4826169014	-1368
4.48276782036	-1368
4.48288297653	-1368
4.48294591904	-1368
4.48296785355	-1368
4.48301792145	-1368
4.48306488991	-1368
4.48321580887	-1368
4.48325681686	-1368
4.48327994347	-1368
4.48334097862	-1368
4.48336982727	-1368
4.48344492912	-1368
4.48346185684	-1368
4.48377490044	-1368
4.48379898071	-1368
4.48379898071	1368
4.48382592201	-1368
4.49117779732	-1368
4.49172782898	-1368
4.49176478386	-1368
4.49181294441	-1368
4.49183797836	-1368
4.4918680191	-1368
4.49268984795	-1368
4.49278688431	-1368
4.49282383919	-1368
4.49310088158	-1368
4.49312782288	-1368
4.49315881729	-1368
4.49320888519	-1368
4.49324798584	-1368
4.49326491356	-1368
4.49328994751	-1368
4.4934258461	-1368
4.49349784851	-1368
4.49353885651	-1368
4.49357581139	-1368
4.49363279343	-1368
4.49369978905	-1368
4.49374079704	-1368
4.49376988411	-1368
4.4938018322	-1368
4.49383687973	-1368
4.4938659668	-1368
4.49393081665	-1368
4.49406599998	-1368
4.49408102036	-1368
4.49447989464	1368
4.5012447834	-1368
4.50130200386	-1368
4.50133085251	-1368
4.50133681297	-1368
4.50134801865	-1368
4.50135183334	-1368
4.50136184692	-1368
4.50136590004	-1368
4.50138092041	-1368
4.50143194199	-1368
4.50145101547	-1368
4.501516819	-1368
4.50853490829	-1368
4.50858879089	-1368
4.50861597061	-1368
4.50862193108	-1368
4.50863480568	-1368
4.50863981247	-1368
4.5086479187	-1368
4.50865197182	-1368
4.50866389275	-1368
4.50870895386	-1368
4.50873184204	-1368
4.50875687599	-1368
4.50878500938	-1368
4.5088570118	-1368
4.50888395309	-1368
4.50888991356	-1368
4.50961089134	1368
4.51675987244	-1368
4.5177628994	1368
4.52476286888	1368
4.53239583969	-1368
4.53246688843	-1368
4.53248596191	-1368
4.53249001503	-1368
4.53249692917	-1368
4.53249979019	-1368
4.53253078461	-1368
4.53255987167	-1368
4.53521680832	1368
4.54581999779	1368
4.54680681229	1368
4.56114196777	-1368
4.56118988991	401
4.58152890205	-1368
4.58155488968	-1368
4.58157682419	-1368
4.58160996437	-1368
4.58163285255	-1368
4.6036028862	-1092
4.61440896988	-1368
4.61571097374	1368
4.62228989601	-1368
4.62233686447	-1368
4.62237691879	-1368
4.62998485565	-1368
4.63005280495	-1368
4.64198899269	-1368
4.64203000069	-1368
4.6447789669	-1368
4.64490485191	-1368
4.64492297173	-1368
4.64551281929	-1318
4.64693498611	-1368
4.64820694923	-1368
4.64833378792	-1368
4.64939284325	-1368
4.65036487579	-1368
4.65039896965	-1368
4.65071582794	-1368
4.65252780914	-1368
4.6525888443	-1368
4.65259695053	-1368
4.653028965	-1368
4.65307497978	-1368
4.65381789207	-1368
4.65445899963	-1368
4.65449500084	-1368
4.65475678444	-1368
4.65520882607	-1368
4.65524101257	-1368
4.65564680099	-1368
4.65682196617	-1368
4.65687680244	-1368
4.656883955	-1368
4.65829992294	-1368
4.65836596489	-1368
4.65848588943	-1368
4.65874099731	-1368
4.65877199173	-1368
4.65879797935	-1368
4.65957379341	-1368
4.65967082977	-1368
4.65969991684	-1368
4.66063284874	-1368
4.66066980362	-1368
4.66068983078	-1368
4.6611468792	-1368
4.66116595268	-1368
4.66125297546	-1368
4.66144800186	-1368
4.66161894798	-1368
4.66168880463	-1368
4.6621530056	-1368
4.66274690628	-1368
4.662804842	-1368
4.66285896301	-1368
4.66310691833	-1368
4.663189888	-1368
4.66338181496	-1368
4.66341495514	-1368
4.66343379021	-1368
4.66817188263	-1368
4.66822290421	-1368
4.66822886467	-1368
4.67253780365	-1368
4.67257189751	-1368
4.67258787155	-1368
4.67304396629	1368
4.67365598679	-1368
4.67418193817	-1368
4.67420697212	-1368
4.67492580414	-1368
4.67494988441	-1368
4.67511582375	-1368
4.67519187927	-1368
4.67528796196	-1368
4.67548084259	-1368
4.67553186417	-1368
4.67558383942	-1368
4.67667293549	-1368
4.67670798302	-1368
4.67678594589	-1368
4.67681097984	-1368
4.67688393593	-1368
4.67716884613	-1368
4.67722201347	-1368
4.67763590813	-1368
4.67768383026	-1368
4.67776679993	-1368
4.67801785469	-1368
4.67836499214	-1368
4.67839097977	-1368
4.67862796783	-1368
4.69098997116	-1368
4.69105100632	522
4.69107794762	-1368
4.69119000435	-1368
4.691218853	-1368
4.69122481346	-1368
4.69126582146	-1368
4.69176888466	-1368
4.69179487228	-1368
4.69181990623	-1368
4.6920838356	-1368
4.69213199615	-1368
4.69274878502	-1368
4.69293093681	-1368
4.69297194481	-1368
4.69297885895	-1368
4.69299697876	-1368
4.69307184219	-1368
4.69728279114	-1368
4.70362782478	-1368
4.70370197296	-1368
4.70371198654	-1368
4.70372200012	-1368
4.70372700691	-1368
4.70373702049	-1368
4.70374178886	-1368
4.70375084877	-1368
4.70376586914	-1368
4.70379281044	-1368
4.71772789955	-1368
4.71777391434	-1368
4.71778202057	-1368
4.71780800819	-1368
4.71782493591	-1368
4.71787190437	-1368
4.71788597107	-1368
4.71791601181	-1368
4.72322678566	-1368
4.72326779366	-1368
4.72327685356	-1368
4.72328996658	-1368
4.723320961	-1368
4.72335290909	-1368
4.72337985039	-1368
4.72340679169	-1368
4.72344088554	-1368
4.72345900536	-1368
4.72349381447	-1368
4.72352600098	-1368
4.72354984283	-1368
4.7235789299	-1368
4.72363591194	-1368
4.72366595268	-1368
4.72369289398	-1368
4.72372198105	-1368
4.72374987602	-1368
4.72378993034	-1368
4.72380781174	-1368
4.72383379936	-1368
4.72391891479	-1368
4.723995924	-1368
4.72402191162	-1368
4.72405290604	-1368
4.72408294678	-1368
4.72414183617	-1368
4.72416400909	-1368
4.72429585457	-1368
4.72435092926	-1368
4.72437882423	-1368
4.72440600395	-1368
4.72447299957	1368
4.72448682785	-1368
4.72451591492	-1368
4.72568082809	-1368
4.72571086884	-1368
4.72589993477	-1368
4.73632287979	1368
4.76404500008	-1368
4.76417684555	-1368
4.76423501968	-1368
4.76426196098	-1368
4.76427578926	-1368
4.76428198814	-1368
4.76429390907	-1368
4.76430797577	-1368
4.7643198967	-1368
4.77248001099	-1368
4.77255392075	-1368
4.77257800102	-1368
4.77258682251	-1368
4.77259087563	-1368
4.77259778976	-1368
4.77260184288	-1368
4.77260780334	-1368
4.77261090279	-1368
4.77261590958	-1368
4.77268385887	-1368
4.77272081375	-1368
4.77272582054	-1368
4.77275395393	-1368
4.77280783653	-1368
4.77357292175	1368
4.7788939476	-1368
4.77891993523	-1368
4.77894186974	-1368
4.77895998955	-1368
4.77898597717	-1368
4.77902197838	-1368
4.77904987335	-1368
4.77907586098	-1368
4.77910590172	-1368
4.77914381027	-1368
4.77916288376	-1368
4.7791929245	-1368
4.77922391891	-1368
4.77924990654	-1368
4.77927684784	-1368
4.7793109417	-1368
4.77934479713	-1368
4.77936291695	-1368
4.77939581871	-1368
4.7794239521	-1368
4.7795009613	-1368
4.77963399887	-1368
4.77964496613	-1368
4.78483986855	-1368
4.78486800194	-1368
4.78488492966	-1368
4.78490281105	-1368
4.78492879868	-1368
4.78496479988	-1368
4.78499388695	-1368
4.78501987457	-1368
4.78504991531	-1368
4.78507685661	-1368
4.78510594368	-1368
4.78513479233	-1368
4.78516387939	-1368
4.78519296646	-1368
4.78522181511	-1368
4.78525280952	-1368
4.78528094292	-1368
4.78531479836	-1368
4.78533387184	-1368
4.78536295891	-1368
4.7854988575	-1368
4.78556585312	-1368
4.78557085991	-1007
4.78572678566	1368
4.81315898895	1044
4.82508301735	-1368
4.84053397179	-1368
4.84057784081	-1368
4.84058380127	-1368
4.84059500694	-1368
4.84084296227	-1368
4.84092783928	-1368
4.84161186218	-1368
4.8419008255	-1368
4.84191298485	-1368
4.84218978882	-1368
4.84221982956	-1368
4.84235191345	-1368
4.84241199493	-1368
4.84244680405	-1368
4.84331989288	-1368
4.84370779991	-1368
4.84381580353	-1368
4.84401297569	-1368
4.84423995018	-1368
4.84449982643	-1368
4.84456181526	-1368
4.84485888481	-1368
4.84488582611	-1368
4.84502100945	-1368
4.84505987167	-1368
4.84509992599	-1368
4.84545779228	-1368
4.84557390213	-1368
4.84559988976	-1368
4.84562778473	-1368
4.84567189217	-1368
4.84569787979	-1368
4.8457839489	-1368
4.84806489944	-1368
4.84810781479	-1368
4.84815478325	-1368
4.84822297096	-1368
4.84824180603	-1368
4.84834885597	-1368
4.84837985039	-1368
4.84843587875	-1368
4.84846401215	-1368
4.8485019207	-1368
4.84855079651	-1368
4.84864997864	-1368
4.84868597984	-1368
4.84871292114	-1368
4.84885001183	1368
4.84891796112	-1368
4.84897994995	-1368
4.84901785851	-1368
4.8490447998	-1368
4.84907984734	-1368
4.84913897514	-1368
4.84915590286	-1368
4.8507168293	-1368
4.85075092316	-1368
4.85079884529	-1368
4.85082578659	-1368
4.85117888451	-1368
4.85119795799	-1368
4.85121178627	-1368
4.85133481026	-1368
4.85137081146	-1368
4.85140490532	-1368
4.8514418602	-1368
4.85147380829	-1368
4.8515048027	-1368
4.85211586952	-1368
4.8521528244	-1368
4.85248088837	-1368
4.85260081291	-1368
4.8526468277	-1368
4.85268688202	-1368
4.85271191597	-1368
4.85273885727	-1368
4.85280585289	-1368
4.85283398628	-1368
4.85288786888	-1368
4.85310292244	-1368
4.85315084457	-1368
4.85320281982	-1368
4.85322880745	-1368
4.85475301743	-1368
4.85477185249	-1368
4.85485601425	-1368
4.85496592522	1368
4.85853791237	-1368
4.85856699944	-1368
4.85859894753	-1368
4.8586359024	-1368
4.85866594315	-1368
4.85869693756	-1368
4.85872387886	-1368
4.8587539196	-1368
4.85878181458	-1368
4.8588078022	-1368
4.85885500908	-1368
4.85887289047	-1368
4.85890197754	-1368
4.85893082619	-1368
4.85898995399	-1368
4.85904192924	-1368
4.85976982117	1368
4.87161278725	-1368
4.8716340065	-1368
4.87164878845	-1368
4.8861989975	-1368
4.88623189926	-1368
4.88638687134	-1368
4.90772986412	-805
4.93515992165	240
5.00772500038	-1368
5.00779891014	-1368
5.00783801079	-1368
5.02382898331	-1368
5.05703878403	-356
5.06080079079	543
5.09731793404	1368
5.21934485435	804
5.23952794075	-543
5.27306890488	-1368
5.2872569561	-1368
5.28731393814	-1368
5.28735280037	-1368
5.28737282753	-1368
5.28737783432	-1368
5.2874109745	-1368
5.28744292259	-1368
5.28748297691	-1368
5.28753399849	-1368
5.28756189346	-1368
5.28772783279	-1368
5.28803491592	-1368
5.28809499741	-1368
5.28811693192	-1368
5.28814101219	-1368
5.28816890717	-1368
5.28819394112	-1368
5.28822588921	-1368
5.28825378418	-1368
5.2882809639	-1368
5.28831791878	-1368
5.28833580017	-1368
5.28836989403	-1368
5.28935098648	-1368
5.28937792778	-1368
5.28940296173	-1368
5.29674887657	-1368
5.29681587219	-1368
5.29683279991	-1368
5.29684901237	-1368
5.29685401917	-1368
5.29686594009	-1368
5.29702997208	-1368
5.29708480835	-1368
5.29711198807	-1368
5.29715394974	-1368
5.29721188545	-1368
5.29726099968	-1368
5.2973678112	-1368
5.297508955	-1368
5.29755496979	-1368
5.29760098457	-1368
5.29761099815	-1368
5.29764986038	-1368
5.29769992828	-1368
5.29775881767	-1368
5.29778695107	-1368
5.29781389236	-1368
5.29784393311	-1368
5.29787182808	-1368
5.29804992676	-1368
5.29808998108	-1368
5.29812192917	-1368
5.29816889763	-1368
5.29821801186	-1368
5.29824590683	-1368
5.29827594757	-1368
5.29830384254	-1368
5.29836082458	-1368
5.29874300957	1368
5.30758881569	-1368
5.39519190788	-553
5.39534878731	1347
5.53085589409	1368
5.57214593887	775
5.62883687019	-543
5.69808387756	1086
5.74702501297	-1368
5.74704694748	-1368
5.74735188484	-1368
5.74737787247	-1368
5.74740600586	-1368
5.74743199348	-1368
5.7476978302	-1368
5.74775695801	-1368
5.74779582024	-1368
5.74783802032	-1368
5.74788188934	-1368
5.74792790413	-1368
5.75271487236	-1368
5.75273394585	-1368
5.7527589798	-1368
5.75279283524	-1368
5.75288891792	-1368
5.75303292274	-1368
5.75622200966	-1368
5.75637578964	-1368
5.75641584396	-1368
5.75645279884	-1368
5.75652885437	-1368
5.75655579567	-1368
5.75658679008	-1368
5.75663995743	-1368
5.75669193268	-1368
5.75680398941	-1368
5.75682997704	-1368
5.7568860054	-1368
5.75691580772	-1368
5.756980896	-1368
5.75701093674	-1368
5.75703883171	-1368
5.75706481934	-1368
5.75710701942	-1368
5.75712394714	-1368
5.75718188286	-1368
5.75723981857	-1368
5.75782299042	1368
5.76187181473	-1368
5.76189899445	-1368
5.76202988625	-1368
5.7636179924	-1368
5.76371693611	-1368
5.76375079155	-1368
5.76378083229	-1368
5.76602697372	-1368
5.76609897614	-1368
5.76613283157	-1368
5.76617288589	-1368
5.76621294022	-1368
5.76656889915	-1368
5.76663589478	-1368
5.76666283607	-1368
5.76679682732	-1368
5.76687097549	-1368
5.76702189445	-1368
5.76706290245	-1368
5.76709699631	-1368
5.76716995239	-1368
5.76720285416	-1368
5.7672328949	-1368
5.76726579666	-1368
5.76729989052	-1368
5.76737093925	-1368
5.76740479469	-1368
5.76746892929	-1368
5.76750278473	-1368
5.76754379272	-1368
5.7675819397	-1368
5.76764297485	-1368
5.76767301559	-1368
5.76774001122	-1368
5.76776480675	-1368
5.76780080795	-1368
5.76792192459	-1368
5.7683467865	1368
5.77134084702	-1368
5.77144980431	-1368
5.7715280056	-1368
5.77157282829	-1368
5.77170586586	-1368
5.7717628479	-1368
5.77179098129	-1368
5.77507281303	-1368
5.77510285378	-1368
5.77513098717	-1368
5.77516698837	-1368
5.77518486977	-1368
5.7752199173	-1368
5.77524399757	-1368
5.77528095245	-1368
5.77531695366	-1368
5.77534890175	-1368
5.77538299561	-1368
5.77541995049	-1368
5.77543783188	-1368
5.77561593056	-1368
5.77565193176	-1368
5.77571702003	-1368
5.77574396133	-1368
5.77581596375	-1368
5.77585697174	-1368
5.77589201927	-1368
5.7759180069	-1368
5.77594685555	-1368
5.77597498894	-1368
5.77601695061	-1368
5.77607178688	-1368
5.77610778809	-1368
5.77613902092	-1368
5.77637982368	-1368
5.77641582489	-1368
5.7764339447	-1368
5.77647185326	-1368
5.77653193474	-1368
5.77656579018	-1368
5.77658390999	-1368
5.77660393715	1368
5.77661085129	-1368
5.78040099144	-1368
5.78054094315	-1368
5.78057384491	-1368
5.78062486649	-1368
5.78065180779	-1368
5.78068089485	-1368
5.78070783615	-1368
5.78078985214	-1368
5.78084182739	-1368
5.78183698654	-1368
5.78203201294	-1368
5.78207302094	-1368
5.78217792511	-1368
5.78470993042	-1368
5.78473782539	-1368
5.78476595879	-1368
5.78479599953	-1368
5.78482580185	-1368
5.78485798836	-1368
5.78488492966	-1368
5.78491282463	-1368
5.7849419117	-1368
5.78504300117	-1368
5.78509998322	-1368
5.78512382507	-1368
5.78515791893	-1368
5.78523397446	-1368
5.78526186943	-1368
5.78529596329	-1368
5.7853269577	-1368
5.78535294533	-1368
5.78537893295	-1368
5.78539395332	1368
5.78549289703	-1368
5.78557491302	-1368
5.78565192223	-1368
5.78569984436	-1368
5.78576588631	-1368
5.78579282761	-1368
5.78582191467	-1368
5.7858839035	-1368
5.78590989113	-1368
5.78816890717	-1368
5.78841400146	1368
5.78843188286	-1368
5.7884619236	-1368
5.78869199753	-1368
5.78871798515	-1368
5.78880691528	-1368
5.78957796097	-1368
5.78967499733	-1368
5.789757967	-1368
5.78978395462	-1368
5.78981184959	-1368
5.78985786438	-1368
5.7898619175	-1250
5.79839992523	-1368
5.79842495918	-1368
5.79845094681	-1368
5.79848384857	-1368
5.7985098362	-1368
5.79854297638	-1368
5.79857087135	-1368
5.79859781265	-1368
5.79863882065	-1368
5.79865598679	-1368
5.79869699478	-1368
5.7987139225	-1368
5.79876995087	-1368
5.79882287979	-1368
5.86900687218	-1368
5.86904287338	1305
5.8881289959	-1368
5.88846492767	1368
5.89488482475	-1368
5.89491581917	-1368
5.89493393898	-1368
5.9033370018	-1368
5.90338182449	-1368
5.91198396683	-1150
5.91214084625	-1368
5.91216897964	-1368
5.91219592094	-1368
5.91258382797	-1368
5.91263198853	-1368
5.91307497025	-1368
5.91310286522	-1368
5.91312980652	-1368
5.91404700279	-1368
5.91407179832	-1368
5.91410088539	-1368
5.91442990303	-1368
5.91715097427	1368
5.91808986664	-1368
5.91811490059	-1368
5.91816782951	-1368
5.91819500923	-1368
5.91822195053	-1368
5.91825985909	-1368
5.9182908535	-1368
5.91832494736	-1368
5.91835093498	-1368
5.91840600967	-1368
5.91843295097	-1368
5.91848993301	-1368
5.91854190826	-1368
5.91860985756	-1368
5.91863489151	-1368
5.91885089874	-1368
5.91887497902	-1368
5.91890501976	-1368
5.91895484924	-1368
5.91898679733	-1368
5.91923499107	-1368
5.91977381706	1368
5.91982984543	-1368
5.91993880272	-1368
5.92068099976	-1368
5.92185091972	-1368
5.92223191261	-1368
5.92231488228	-1368
5.92240381241	-1368
5.92253279686	-1368
5.92256188393	-1368
5.92283797264	-1368
5.92305397987	-1368
5.92311787605	-1368
5.92341685295	-1368
5.92344379425	-1368
5.92350196838	-1368
5.92356181145	-1368
5.92359685898	-1368
5.92375087738	-1368
5.9291229248	-1368
5.9291408062	-1368
5.92918896675	-1368
5.92922401428	-1368
5.92929887772	-1368
5.92981696129	-1368
5.92991685867	-1368
5.9299697876	-1368
5.93000793457	-1368
5.93004584312	-1368
5.93008184433	-1368
5.93012094498	-1368
5.9301469326	-1368
5.9301738739	-1368
5.93020701408	-1368
5.9302380085	-1368
5.93027496338	-1368
5.93034482002	-1368
5.93041396141	-1368
5.93047499657	-1368
5.93051695824	-1368
5.93055081367	-1368
5.93064188957	-1368
5.93065786362	-1368
5.93073797226	-1368
5.93076682091	-1368
5.93079400063	-1368
5.9308218956	-1368
5.93084979057	-1368
5.93087983131	-1368
5.93098402023	-1368
5.93104290962	-1368
5.93107199669	-1368
5.93109989166	-1368
5.93112778664	1368
5.93115186691	-1368
5.93122982979	-1368
5.9312608242	-1368
5.93140697479	-1368
5.931442976	-1368
5.93156194687	-1368
5.93581080437	-1368
5.9359228611	-1368
5.93594694138	-1368
5.94081878662	-1368
5.94093585014	-1368
5.940969944	-1368
5.94099783897	-1368
5.94108986855	-1368
5.94114398956	-1368
5.94123888016	1368
5.94131278992	-1368
5.94133996964	-1368
5.94140791893	-1368
5.94143486023	-1368
5.94147086143	-1368
5.94162988663	-1368
5.94172286987	-1368
5.9417757988	-1368
5.94191098213	-1368
5.9463968277	1368
5.94698596001	-1368
5.9471487999	-1368
5.94717288017	-1368
5.94720482826	-1368
5.94762086868	-1368
5.9476518631	-1368
5.94768381119	-1368
5.94781184196	-1368
5.94784593582	-1368
5.94818592072	-1368
5.94860196114	-1368
5.94862794876	-1368
5.94928383827	-1368
5.94930696487	-1368
5.94937896729	-1368
5.94995379448	-1368
5.95011782646	-1368
5.95024585724	-1368
5.95143699646	-1368
5.95157194138	-1368
5.95164179802	-1368
5.95256781578	-1368
5.95263385773	-1368
5.95264697075	-1368
5.9531788826	-1368
5.95357179642	1368
5.95362281799	-1368
5.95365595818	-1368
5.95383000374	-1368
5.95385885239	-1368
5.95388793945	-1368
5.95396089554	-1368
5.95401096344	-1368
5.95406484604	-1368
5.95421695709	-1368
5.95426797867	-1368
5.95429396629	-1368
5.95449090004	-1368
5.95656681061	-1368
5.9566848278	-1368
5.9583799839	-1368
5.95851278305	-1368
5.958537817	-1368
6.01058793068	1226
6.01786780357	-1368
6.01789593697	-1368
6.0179169178	-1368
6.01965785027	-1368
6.01968884468	-1368
6.01971578598	-1368
6.0204668045	-1368
6.02060890198	-1368
6.02067089081	-1368
6.02073597908	-1368
6.02076601982	-1368
6.02079200745	-1368
6.02082180977	-1368
6.02086186409	-1368
6.02091693878	-1368
6.02094483376	-1368
6.03397083282	-409
6.12742495537	-1368
6.12747478485	-1368
6.12752389908	-1368
6.13720393181	-1368
6.13728094101	1086
6.13729000092	-1368
6.13729786873	-1368
6.13968491554	-1368
6.1397228241	-1368
6.1397588253	-1368
6.14523386955	-1368
6.14532899857	-1368
6.14537286758	-1368
6.14822483063	-1368
6.14826393127	-1368
6.14837598801	-1368
6.15191483498	-1368
6.15378284454	-1368
6.15380382538	-1368
6.15588593483	-1368
6.15591979027	-1368
6.15594601631	-1368
6.15595197678	-462
6.15625596046	1368
6.16021299362	-1368
6.16214895248	-1368
6.16219592094	-1368
6.16301584244	-1368
6.16308379173	-1368
6.16366386414	-1368
6.16370296478	-1368
6.16372084618	-1368
6.16543483734	-1368
6.16552996635	-1368
6.16561293602	-1368
6.1660900116	-1368
6.16618394852	-1368
6.16676092148	-1368
6.16679096222	-1368
6.16680884361	-1368
6.16762590408	-1368
6.16765379906	-1368
6.16767597198	-1368
6.1684718132	-1368
6.16909599304	-1368
6.16944980621	1368
6.16977787018	-1368
6.17044782639	-1368
6.17048978806	-1368
6.17049884796	-1368
6.17092180252	-1368
6.17093896866	-1368
6.17170000076	-1368
6.17181897163	-1368
6.17229700089	-1368
6.17237281799	-1368
6.17245101929	-1368
6.17363500595	-1368
6.17367291451	-1368
6.17375278473	-1368
6.17479491234	-1368
6.17483401299	-1368
6.17485785484	-1368
6.17701983452	-1368
6.17742800713	1368
6.17768478394	-1368
6.17772984505	-1368
6.17831778526	-1368
6.17833900452	-1368
6.17841792107	-1368
6.17916989326	-1368
6.17920184135	-1368
6.17924189568	-1368
6.17980885506	-1368
6.17987394333	-1368
6.1799018383	-1368
6.18004083633	-1368
6.1806769371	-1368
6.18074393272	-1368
6.18076896667	-1368
6.18079900742	-1368
6.18089389801	-1368
6.1809527874	-1368
6.1811978817	-1368
6.18123197556	-1368
6.18143296242	-1368
6.18155193329	-1368
6.18159580231	-1368
6.18179798126	-1368
6.18185901642	-1368
6.18188881874	-1368
6.18218278885	-1368
6.1822078228	-1368
6.18223500252	-1368
6.18295097351	-1368
6.18359279633	-1368
6.18363690376	-1368
6.18392181396	-1368
6.18397378922	-1368
6.18400192261	-1368
6.18457388878	-1368
6.18460583687	-1368
6.18469381332	-1368
6.18494796753	-1368
6.18524980545	1368
6.18525886536	-1368
6.18527078629	-1368
6.18530488014	-1368
6.18604683876	-1368
6.18609189987	-1368
6.18613100052	-1368
6.1861679554	-1368
6.18620491028	-1368
6.18624281883	-1368
6.18659687042	-1368
6.18670392036	-1368
6.18700480461	-1368
6.18714284897	-1368
6.18725681305	-1368
6.18765997887	-1368
6.18779778481	-1368
6.18782997131	-1368
6.18788385391	-1368
6.18847179413	-1368
6.18849182129	-1368
6.18851900101	-1368
6.18871092796	-1368
6.18872880936	-1368
6.18890094757	-1368
6.18900179863	-1368
6.18907094002	-1368
6.18909883499	-1368
6.18915486336	-1368
6.18920683861	-1368
6.18923187256	-1368
6.18936896324	-1368
6.18940281868	-1368
6.18942189217	-1368
6.18945288658	-1368
6.18948793411	-1368
6.18956589699	-1368
6.18966889381	-1368
6.18971991539	-1368
6.18979883194	-1368
6.18989491463	-1368
6.18992400169	-1368
6.19002199173	-1368
6.19004678726	-1368
6.19010400772	1368
6.19018292427	-1368
6.19024682045	-1368
6.19027495384	-1368
6.19031190872	-1368
6.19038295746	-1368
6.19040894508	-1368
6.19044184685	-1368
6.19064283371	-1368
6.19067788124	-1368
6.19069600105	-1368
6.19077181816	-1368
6.19526386261	-1368
6.19697785378	-1368
6.19699883461	-1368
6.1970949173	-1368
6.19791293144	-1368
6.19793701172	-1368
6.19800782204	-1368
6.19940400124	-1368
6.19942879677	-1368
6.19950795174	-1368
6.20025992393	-1368
6.20032596588	-1368
6.20089197159	-1368
6.20094895363	-1368
6.20095896721	-1368
6.20121979713	-1368
6.20124197006	-1368
6.20144295692	-1368
6.2014977932	-1368
6.20152997971	-1368
6.20300197601	1368
6.20769381523	-1368
6.20771288872	-1368
6.20772695541	-1368
6.20774698257	-1368
6.20783996582	-1368
6.20786881447	-1368
6.20789790154	-1368
6.20792388916	-1368
6.20795178413	-1368
6.20799779892	-1368
6.20802688599	-1368
6.2080578804	-1368
6.20808601379	-1368
6.20811200142	-1368
6.2081758976	-1368
6.20822787285	-1368
6.20825791359	-1368
6.20828986168	-1368
6.20831894875	-1368
6.20835494995	-1368
6.20837283134	-1368
6.20840287209	-1368
6.20846199989	-1368
6.20848798752	-1368
6.20851588249	-1368
6.20854282379	-1368
6.20861387253	-1368
6.20864081383	-1368
6.20867586136	-1368
6.20869398117	-1368
6.20874381065	-1368
6.208796978	-1368
6.20882582664	-1368
6.2088508606	-1368
6.20888400078	-1368
6.20893192291	-1368
6.20896601677	-1368
6.20898485184	-1368
6.20901799202	-1368
6.20907092094	-1368
6.2090959549	-1368
6.20912194252	-1368
6.20915389061	-1368
6.20918178558	-1368
6.20920801163	-1368
6.20923686028	-1368
6.20926380157	-1368
6.20950984955	1368
6.24954485893	-1368
6.24957084656	-1368
6.24960684776	-1368
6.26735901833	-1368
6.26739501953	1284
6.26740884781	-1368
6.2674138546	-1368
6.26742482185	-1368
6.26745080948	-1368
6.26752400398	-1368
6.26753401756	-1368
6.2675549984	-1368
6.26760697365	-1368
6.27777695656	-508
6.33264684677	1368
6.33269786835	1368
6.33281588554	1368
6.33760380745	-1368
6.33764195442	-1368
6.3377058506	-1368
6.33790588379	1368
6.345484972	-1368
6.34551095963	-1368
6.35347294807	-1368
6.4283490181	957
6.43782401085	-1276
6.44212388992	1368
6.49552679062	-1368
6.49556279182	-1368
6.49558496475	-1368
6.49606490135	-1368
6.49610185623	-1368
6.4961938858	-1368
6.49979996681	-1368
6.49981784821	-1368
6.49983286858	-1368
6.50050997734	-1368
6.50061678886	-1368
6.50108098984	-1368
6.50116991997	-1368
6.50143885612	-1368
6.50157094002	-1368
6.5016438961	-1368
6.50174999237	-1368
6.5024638176	-1368
6.50256991386	-1368
6.50263500214	-1368
6.50296878815	-1368
6.50299787521	-1368
6.50302481651	-1368
6.50308179855	-1368
6.50310993195	-1368
6.50313687325	-1368
6.50316381454	-1368
6.50319600105	-1368
6.50322389603	-1368
6.50325083733	-1368
6.50327801704	-1368
6.50330686569	-1368
6.50333786011	-1368
6.5033659935	-1368
6.50339388847	-1368
6.50342798233	-1368
6.5034468174	-1368
6.50347900391	-1368
6.50350785255	-1368
6.50353384018	-1368
6.50356984138	-1368
6.50357985497	1368
6.50358700752	-1368
6.50362300873	-1368
6.50364780426	-1368
6.50367689133	-1368
6.50372982025	-1368
6.50376391411	-1368
6.50378990173	-1368
6.50384187698	-1368
6.50387096405	-1368
6.50390100479	-1368
6.50392889977	-1368
6.50398302078	-1368
6.50400781631	-1368
6.50404000282	-1368
6.50409197807	-1368
6.5041179657	-1368
6.50417494774	-1368
6.50429987907	-1368
6.50434994698	-1368
6.50437879562	-1368
6.50440597534	-1368
6.50446295738	-1368
6.50449085236	-1368
6.50453591347	1368
6.50458598137	-1368
6.50461101532	-1368
6.50467181206	-1368
6.50470399857	-1368
6.50473594666	-1368
6.50476384163	-1368
6.5048148632	-1368
6.50491690636	-1368
6.50495481491	-1368
6.50497293472	-1368
6.50500583649	-1368
6.50504183769	-1368
6.5050599575	-1368
6.50508880615	-1368
6.50511479378	-1368
6.50517892838	-1368
6.50758981705	-1368
6.50761580467	-1368
6.50768494606	-1368
6.50782990456	-1368
6.50787496567	-1368
6.50809383392	-1368
6.50812387466	1368
6.5083668232	-1368
6.50856781006	-1368
6.50859689713	-1368
6.50862383842	-1368
6.50889897346	-1368
6.50925993919	-1368
6.50931096077	-1368
6.50933980942	-1368
6.51121997833	-1368
6.51142787933	-1368
6.51158380508	-1368
6.51183795929	-1368
6.51195287704	-1368
6.5125579834	-1368
6.51263093948	-1368
6.51264691353	-1368
6.51270890236	-1368
6.51286101341	1368
6.51321387291	-1368
6.51326990128	-1368
6.51330280304	-1368
6.51347088814	-1368
6.51348090172	-1368
6.51373386383	-1368
6.51382899284	-1368
6.5138669014	-1368
6.51396298409	-1368
6.51411890984	-1368
6.51418495178	-1368
6.51424193382	-1368
6.51428985596	-1368
6.51432180405	-1368
6.51434993744	-1368
6.51437783241	-1368
6.51443600655	-1368
6.51446580887	-1368
6.51451897621	-1368
6.51568198204	-1368
6.51570987701	-1368
6.51595783234	-1368
6.51599693298	-1368
6.51602101326	-1368
6.51605081558	-1368
6.51609301567	-1368
6.51612186432	-1368
6.51614999771	-1368
6.5161819458	-1368
6.5201280117	-1368
6.52015590668	-1368
6.52018690109	-1368
6.52022886276	-1368
6.52024888992	-1368
6.52027988434	-1368
6.52650380135	-1368
6.55978989601	-582
6.55981183052	1276
6.61302781105	-1368
6.61305594444	-1368
6.64191579819	-1368
6.67422485352	-1368
6.67443680763	-1368
6.67449498177	-1368
6.67469286919	-1368
6.68185901642	-422
6.69038200378	-1368
6.71446585655	-1368
6.7333779335	543
6.74043083191	543
6.74496388435	1368
6.74625682831	1368
6.80381393433	-493
6.83146286011	1368
6.83147382736	1368
6.86715197563	385
6.88634896278	1086
6.91084980965	-1368
6.91116499901	-1368
6.91139698029	-1368
6.91142487526	-1368
6.91148090363	-1368
6.91161394119	-1368
6.91169285774	-1368
6.91171884537	-1368
6.91197681427	-1368
6.91208100319	-1368
6.9121119976	-1368
6.91239094734	-1368
6.91243696213	-1368
6.91259098053	-1368
6.91316699982	-1368
6.91319298744	-1368
6.91321992874	-1368
6.91325688362	-1368
6.91327500343	-1368
6.91330695152	-1368
6.91336894035	1368
6.91350483894	-1368
6.91353201866	-1368
6.91358590126	-1368
6.91364383698	-1368
6.91367101669	-1368
6.91373491287	-1368
6.91383099556	-1368
6.91385889053	-1368
6.9139008522	-1368
6.91402697563	-1368
6.9140598774	-1368
6.91411590576	-1368
6.91415095329	-1368
6.91420292854	-1368
6.91422986984	-1368
6.9142639637	-1368
6.91429185867	-1368
6.91432189941	-1368
6.91437602043	-1368
6.91441988945	-1368
6.91444993019	-1368
6.91450285912	-1368
6.91454195976	-1368
6.91457486153	-1368
6.91460394859	-1368
6.91465878487	-1368
6.91469097137	-1368
6.91886901855	-1368
6.92849493027	-1368
6.95353579521	-803
6.9890358448	1347
7.07535886765	-543
7.11523580551	-1368
7.11526894569	543
7.1332218647	-1368
7.13329482079	-1368
7.13333892822	-1368
7.15685391426	-543
7.17874979973	-1368
7.23737502098	-588
7.23739981651	1086
7.2762799263	-1368
7.29431986809	-1368
7.29435300827	-1368
7.30274796486	-1086
7.30305099487	543
7.32697200775	1368
7.32701182365	1368
7.35961699486	-667
7.35976696014	920
7.36680483818	1368
7.39245986938	-1368
7.39249801636	-1368
7.44849586487	-543
7.44878196716	543
7.46434783936	-1368
7.48187994957	-95
7.48191189766	261
7.55184388161	-1368
7.56117200851	-1368
7.5660238266	-1368
7.56605696678	-1368
7.5661919117	-1368
7.56825399399	-1368
7.56835198402	-1368
7.56848096848	-1368
7.5912258625	-1368
7.59125685692	-1368
7.59127879143	-1368
7.60389685631	-749
7.60393881798	1086
7.7184278965	-543
7.72604584694	-543
7.77800679207	543
7.88561987877	-1086
7.90563893318	-1368
7.90726399422	1368
7.91304588318	-261
7.91435194016	1368
7.93645191193	978
8.00756883621	-543
8.16061902046	-543
8.1806769371	-543
8.18322086334	-1368
8.1832818985	-1368
8.18329596519	-1368
8.18331599236	-1368
8.18776082993	-1368
8.18782496452	-1368
8.21115899086	-1368
8.21129083633	-1368
8.21131682396	-1368
8.21530795097	-1368
8.21536898613	-1368
8.24330401421	-1368
8.26104784012	-1368
8.30015993118	543
8.30563378334	-1039
8.33143281937	1368
8.36498999596	1368
8.36500191689	1368
8.40358901024	1368
8.40360093117	1368
8.42203783989	16
8.53749489784	-543
8.54748797417	-543
8.5477449894	543
8.56513094902	-1368
8.60518598557	-1368
8.60520982742	-1368
8.6078248024	-1368
8.62387394905	-1368
8.64984083176	-1368
8.65134882927	1368
8.66986298561	-878
8.66989994049	804
8.77807283401	-1368
8.79191589355	-232
8.79330992699	-1368
8.81278681755	-1368
8.81788301468	543
8.81798100471	543
8.83508300781	-1368
8.84065485001	-1368
8.84088993073	-1368
8.84093093872	-1368
8.91402387619	-248
8.97644495964	1086
8.99984693527	543
8.99987888336	543
8.99989295006	543
9.07354593277	-1086
9.10381889343	1086
9.18809080124	-1368
9.18812084198	-1368
9.18815088272	-1368
9.19591593742	-95
9.2050549984	-1368
9.21497488022	-543
9.31799387932	-261
9.32654094696	543
9.32850885391	-1368
9.3285369873	-1368
9.33147883415	-1368
9.33864283562	-1368
9.33878183365	-1368
9.34336495399	-1368
9.34634995461	543
9.3606159687	-543
9.36396098137	1368
9.37891793251	-1368
9.3951728344	-1368
9.3952589035	-1368
9.39529085159	-1368
9.43999695778	-546
9.44688487053	1368
9.44847798347	493
9.49227190018	543
9.51687598228	-1368
9.56897091866	-804
9.62427997589	543
9.68981194496	-543
9.69004893303	543
9.69107294083	-543
9.69586491585	-543
9.74646687508	543
9.7775888443	-1368
9.81327581406	-1318
9.89941382408	-543
9.89972400665	543
9.90829491615	1086
9.93528985977	-543
9.97659993172	-1368
10.0001008511	543
10.0001399517	543
10.0575168133	-1260
10.0604588985	-543
10.065253973	-543
10.0807878971	543
10.1904459	-543
10.2400519848	543
10.249945879	-1086
10.3071448803	-1368
10.3620607853	-261
10.3621377945	1086
10.4289178848	-543
10.4657948017	-1368
10.4658439159	-1368
10.4754168987	-1368
10.4755489826	-1368
10.4757649899	-1368
10.4821739197	-1368
10.4826409817	1368
10.4842247963	-704
10.4843018055	261
10.4965188503	543
10.5486769676	-1368
10.5490469933	-1368
10.5490698814	-1368
10.5746848583	-543
10.6062419415	-124
10.6063089371	1086
10.6354358196	-1368
10.664716959	-1368
10.6647818089	-1368
10.7184588909	-1368
10.7279980183	1368
10.7280158997	1368
10.728427887	-356
10.7284598351	406
10.7887749672	-1368
10.8249208927	1368
10.8507168293	-1347
10.8507888317	804
10.9321229458	-543
10.9726228714	-543
10.972661972	543
11.0779650211	-543
11.0947499275	-543
11.0947799683	543
11.1383728981	-543
11.150179863	-1368
11.1502118111	-1368
11.1553850174	-1368
11.2166728973	-124
11.216771841	543
11.240541935	-1368
11.2567369938	-1368
11.2568459511	-1368
11.2590489388	-1368
11.2591319084	-1368
11.2591459751	-1368
11.273280859	-1368
11.2733948231	-1368
11.3369297981	-1368
11.3389158249	-314
11.338944912	1086
11.3775238991	-1368
11.3934988976	-1368
11.4609107971	-464
11.4609899521	1086
11.4842979908	543
11.5048928261	-1368
11.5310268402	-1368
11.5832219124	-978
11.5832529068	543
11.6263129711	-1368
11.6299788952	543
11.6325438023	-1368
11.6325678825	-1368
11.6325910091	-1368
11.6477279663	-1368
11.6480879784	-1368
11.6481678486	-1368
11.6481769085	-1368
11.6544859409	1368
11.657971859	-1368
11.6580150127	-1368
11.6580748558	-1368
11.669864893	-1368
11.7051298618	-923
11.7051608562	1347
11.7101428509	-543
11.7756268978	543
11.8275609016	-1086
11.8275818825	1086
11.8477468491	-543
11.8600299358	-1368
11.8600759506	-1368
11.8759868145	-1368
11.9213349819	1086
11.9496819973	-95
11.9497179985	543
11.9821479321	-1368
11.9821879864	-1368
11.982216835	-1368
11.9822909832	-1368
11.9823629856	-1368
11.9823949337	-1368
11.9824419022	-1368
11.9825098515	-1368
11.9825417995	-1368
11.9825699329	-1368
11.9918448925	-1368
11.992112875	-1368
11.9922449589	-1368
11.9967319965	-1368
12.0094149113	-543
12.0359358788	1368
12.0671730042	543
12.0715458393	-757
12.0715777874	746
12.1291019917	1368
12.1763498783	-543
12.1936099529	-1086
12.1937799454	804
12.2041099072	1368
12.2041230202	1368
12.2493429184	-1368
12.2684118748	-1368
12.3158948421	-261
12.3159298897	406
12.3218917847	-232
12.3850889206	-543
12.4174089432	-1368
12.4525229931	-1368
12.4527878761	543
12.4677119255	-543
12.4677679539	-464
12.4778358936	-1368
12.4779348373	-1368
12.4779458046	-1368
12.4847528934	-1368
12.4848008156	-1368
12.484828949	-1368
12.490309	-1368
12.5997738838	-1247
12.6076459885	543
12.6364150047	-746
12.772277832	543
12.7731499672	-543
12.855563879	-543
12.9006438255	-1368
12.932158947	543
12.9337999821	-543
13.0003550053	543
13.0004718304	543
13.0005187988	543
13.0005719662	543
13.0014569759	-746
13.0979368687	-543
13.0989317894	-1368
13.0991208553	-1368
13.0991518497	-1368
13.0991818905	-1368
13.099187851	-1368
13.0992128849	-1368
13.0996029377	543
13.108399868	-1368
13.1084578037	-1368
13.108481884	-1368
13.1150159836	-1368
13.1150739193	-1368
13.2212669849	-1147
13.3004598618	543
13.3432409763	-543
13.4259238243	-543
13.4602530003	543
13.6211109161	-543
13.6225819588	-1368
13.6312417984	-1368
13.6313250065	-1368
13.637693882	-1368
13.6767528057	-543
13.7445847988	-899
13.7552928925	543
13.7571389675	543
13.9201829433	-543
14.1565408707	-543
14.1573648453	543
14.5949959755	1368
14.5950119495	1368
14.5951499939	377
14.6116058826	-543
14.7975509167	-1086
14.7997808456	543
14.8419837952	-543
14.9655609131	-543
14.9759998322	543
15.1644477844	-543
15.1653268337	543
15.3252828121	-543
15.3265128136	-1368
15.4487698078	-1231
15.4530208111	543
15.6131157875	-543
15.6156518459	543
15.7738418579	-543
15.9335780144	-543
15.9459519386	543
16.000415802	543
16.1042230129	1057
16.1210029125	-543
16.2817308903	-543
16.2944748402	543
16.4571778774	-543
16.4780728817	543
16.5504658222	1368
16.5646739006	1368
16.5646870136	1368
16.6319389343	-543
16.6319727898	1181
16.6884768009	1368
16.714963913	1368
16.7334787846	1368
16.7428088188	-1368
16.7434179783	1368
16.753911972	-232
16.7539508343	385
16.8252999783	-1368
16.8255929947	1368
16.846750021	-1368
16.8468239307	-1368
16.8468608856	-1368
16.8468749523	-1368
16.8760108948	-530
16.8760449886	1289
16.8789048195	1368
16.8945457935	-1368
16.8945829868	-1368
16.8946099281	-1368
16.8946409225	-1368
16.8948669434	-1368
16.8949229717	-1368
16.8949489594	-1368
16.898458004	-1368
16.8984878063	-1368
16.911220789	-1368
16.9112598896	-1368
16.9112668037	-1368
16.9112958908	-1368
16.9113140106	-1368
16.9114058018	-1368
16.9114439487	-1368
16.9114749432	-1368
16.9116868973	-1368
16.9120299816	-1368
16.9123978615	-1368
16.9125268459	-1368
16.9125499725	1368
16.9126229286	-1368
16.9127128124	-1368
16.912804842	-1368
16.9128139019	-1368
16.9129698277	-1368
16.9129989147	-1368
16.91305089	-1368
16.9159948826	-1368
16.916041851	-1368
16.9161098003	-1368
16.9162549973	-1368
16.9162847996	-1368
16.9163358212	-1368
16.9291298389	-1368
16.9292049408	-1368
16.9292140007	-1368
16.9434268475	-1368
16.94348979	-1368
16.9435129166	-1368
16.9435169697	-1368
16.9435248375	-1368
16.9435298443	-1368
16.9435958862	-1368
16.9436058998	-1368
16.9437439442	-1368
16.9437668324	-1368
16.9437909126	-1368
16.9438118935	-1368
16.9438199997	-1368
16.9438378811	-1368
16.9438819885	-1368
16.943903923	-1368
16.9439229965	-1368
16.9442059994	1368
16.9529528618	-1368
16.9530057907	-1368
16.9857969284	-1368
16.9858529568	-1368
16.9858789444	-1368
16.9858858585	-1368
16.9858968258	-1368
16.9859018326	-1368
17.0010349751	1210
17.0086438656	-1368
17.0086958408	-1368
17.0332958698	-1368
17.0333468914	-1368
17.0333738327	-1368
17.0333797932	-1368
17.0333888531	-1368
17.0334579945	-1368
17.0334768295	-1368
17.0334978104	-1368
17.0335278511	-1368
17.0335638523	-1368
17.0335819721	-1368
17.0336308479	-1368
17.0336499214	-1368
17.0336790085	-1368
17.0337100029	-1368
17.0346508026	-1368
17.0346829891	-1368
17.0347340107	-1368
17.0347619057	-1368
17.0347969532	-1368
17.0348269939	-1368
17.0349338055	-1368
17.0349898338	-1368
17.035025835	-1368
17.0350489616	-1368
17.0350790024	-1368
17.0351409912	-1368
17.0351588726	-1368
17.035243988	-1368
17.0352618694	-1368
17.0352909565	-1368
17.0353298187	-1368
17.0353529453	-1368
17.0354049206	-1368
17.0354440212	-1368
17.0354688168	-1368
17.0354859829	-1368
17.03606987	1368
17.0510659218	-1368
17.0511109829	-1368
17.0511319637	-1368
17.0511360168	-1368
17.0512349606	-1368
17.0512459278	-1368
17.0512669086	-1368
17.0513169765	-1368
17.0513348579	-1368
17.0513498783	-1368
17.0514118671	-1368
17.0514218807	-1368
17.051432848	-1368
17.0514798164	-1368
17.0514957905	-1368
17.0515699387	-1368
17.0518369675	1368
17.0658450127	-1368
17.0658938885	-1368
17.0659170151	-1368
17.0659599304	-1368
17.0659759045	-1368
17.0660037994	-1368
17.0748798847	-1368
17.0749268532	-1368
17.074944973	-1368
17.0749499798	-1368
17.0749800205	-1368
17.0750088692	-1368
17.0750348568	-1368
17.0750639439	-1368
17.0751039982	-1368
17.0751199722	-1368
17.0751929283	-1368
17.0752038956	-1368
17.0752058029	-1368
17.0752718449	-1368
17.075291872	-1368
17.0752959251	-1368
17.075357914	-1368
17.0753688812	-1368
17.0753798485	-1368
17.0754778385	-1368
17.0755529404	-1368
17.0755739212	-1368
17.075581789	-1368
17.075594902	-1368
17.0756969452	-1368
17.0763239861	1368
17.1079199314	-1368
17.10795784	-1368
17.1079888344	-1368
17.1080210209	-1368
17.1231658459	-1368
17.1232168674	783
17.1232278347	-1368
17.1232378483	-1368
17.1232728958	-1368
17.1232948303	-1368
17.12332201	-1368
17.1364839077	-1368
17.1365778446	-1368
17.1365938187	-1368
17.1572129726	-1368
17.1572768688	-1368
17.1573138237	-1368
17.1573228836	-1368
17.1573388577	-1368
17.1573438644	-1368
17.1573607922	-1368
17.1574268341	-1368
17.1574389935	-1368
17.1575028896	-1368
17.1575210094	-1368
17.1575248241	-1368
17.1575808525	-1368
17.1575908661	-1368
17.1576159	-1368
17.1576659679	-1368
17.1576838493	-1368
17.1577529907	-1368
17.1577699184	-1368
17.15782094	-1368
17.1578879356	-1368
17.1579217911	-1368
17.1579508781	-1368
17.1579778194	-1368
17.1580119133	-1368
17.158041954	-1368
17.158094883	-1368
17.1581218243	-1368
17.1581578255	-1368
17.1581838131	-1368
17.1582129002	-1368
17.1582407951	-1368
17.1583428383	-1368
17.1583709717	-1368
17.1591157913	1368
17.1705639362	-1368
17.1706387997	-1368
17.1706748009	-1368
17.1706829071	-1368
17.1706969738	-1368
17.1707038879	-1368
17.1707179546	-1368
17.1707239151	-1368
17.1707367897	-1368
17.1707429886	-1368
17.1707668304	-1368
17.1707758904	-1368
17.1708209515	-1368
17.1708288193	-1333
17.1762669086	-1368
17.176388979	-1368
17.176407814	-1368
17.176445961	-1368
17.1764698029	-1368
17.1765019894	-1368
17.1765329838	-1368
17.1765608788	-1368
17.1765878201	-1368
17.1766269207	-1368
17.1766579151	-1368
17.1766879559	-1368
17.1767148972	-1368
17.1767449379	-1368
17.1767737865	-1368
17.1768019199	-1368
17.1768329144	-1368
17.176858902	-1368
17.176887989	-1368
17.1769199371	-1368
17.1769487858	-1368
17.1770060062	-1368
17.1770319939	-1368
17.1770839691	-1368
17.1771140099	-1368
17.1771419048	-1368
17.1771838665	1368
17.1771948338	-1368
17.1772229671	-1368
17.1772539616	-1368
17.1773300171	-1368
17.1773579121	-1368
17.1819868088	1368
17.1823430061	1368
17.1823499203	1368
17.1964387894	-1368
17.196461916	-1368
17.1964809895	-1368
17.196505785	-1368
17.1965348721	-1368
17.1965749264	-1368
17.196600914	-1368
17.1966309547	-1368
17.1966848373	-1368
17.1971399784	1368
17.2046558857	-1368
17.2046918869	-1368
17.2047059536	-1368
17.2047269344	-1368
17.204777956	-1368
17.2047967911	-1368
17.204885006	-1368
17.2048938274	-1368
17.2049160004	-1368
17.2049589157	-1368
17.2049748898	-1368
17.2050158978	-1368
17.2050709724	-1368
17.2050988674	-1368
17.2051789761	-1368
17.2052268982	-1368
17.2052857876	-1368
17.2053198814	-1368
17.2053649426	-1368
17.2054059505	-1368
17.2054438591	-1368
17.2054870129	-1368
17.2056028843	-1368
17.2056369781	-1368
17.2061460018	1368
17.2176239491	-1368
17.2176718712	-1368
17.2177088261	-1368
17.2177147865	-1368
17.2177507877	-1368
17.2177829742	-1368
17.2178108692	-1368
17.2178490162	-1368
17.2178828716	-1368
17.2179098129	-1368
17.2198979855	543
17.2243340015	-1368
17.2452847958	-1368
17.245306015	1139
17.2453148365	-1368
17.2453558445	-1368
17.2453949451	-1368
17.2454268932	-1368
17.2454688549	-1368
17.2454957962	-1368
17.2455267906	-1368
17.2585399151	-1368
17.2585759163	-1368
17.2586159706	-1368
17.2586557865	-1368
17.2586929798	-1368
17.2587399483	-1368
17.25877285	-1368
17.2588088512	-1368
17.2588369846	-1368
17.2696378231	-1368
17.2696537971	-1368
17.2696828842	-1368
17.2804529667	-1368
17.2804708481	-1368
17.2804999352	-1368
17.2805287838	-1368
17.2805569172	-1368
17.280589819	-1368
17.2806198597	-1368
17.2806448936	-1368
17.2806758881	-1368
17.280700922	-1368
17.2807338238	-1368
17.2807497978	1368
17.2807619572	-1368
17.2807908058	-1368
17.2808179855	-1368
17.2808449268	-1368
17.2808799744	-1368
17.2809069157	-1368
17.2809348106	-1368
17.280962944	-1368
17.2810239792	-1368
17.2810599804	-1368
17.2811169624	-1368
17.2811419964	-1368
17.2811748981	-1368
17.2812039852	-1368
17.2812569141	-1368
17.2812829018	-1368
17.2813148499	-1368
17.2813429832	-1368
17.2813680172	-1368
17.2814288139	-1368
17.2814919949	-1368
17.2815167904	-1368
17.2815489769	-1368
17.2816178799	-1368
17.2816448212	-1368
17.2816729546	-1368
17.2816998959	-1368
17.2925748825	-1368
17.2925980091	-1368
17.2926189899	-1368
17.2926259041	-89
17.2928769588	1368
17.307309866	-1368
17.3073840141	-1368
17.3074119091	-1368
17.3078699112	-1368
17.3079299927	-1368
17.3079769611	-1368
17.3086409569	-1368
17.3087089062	-1368
17.308743	-1368
17.3092439175	-1368
17.3092708588	-1368
17.3092968464	-1368
17.3098378181	-1368
17.3099370003	-1368
17.3100788593	-1368
17.3104608059	-1368
17.3130378723	-1368
17.3130648136	-1368
17.313092947	-1368
17.3184878826	-1368
17.3185060024	-1368
17.3185348511	-1368
17.3185689449	-1368
17.3186488152	-1368
17.318666935	-1368
17.3186969757	-1368
17.3187229633	-1368
17.3187508583	-1368
17.3187749386	1368
17.3187849522	-1368
17.3188128471	-1368
17.3202660084	-1368
17.3205649853	-1368
17.3205928802	-1368
17.3268978596	-1368
17.3270750046	-1368
17.3271138668	-1368
17.3327028751	-1368
17.3328118324	-1368
17.332960844	-1368
17.3329968452	-1368
17.3330338001	-1368
17.3330688477	-1368
17.3331038952	-1368
17.3331518173	-1368
17.3331799507	-1368
17.3332338333	-1368
17.3332579136	-1368
17.3332970142	-1368
17.3333508968	-1368
17.3333768845	-1368
17.3334379196	-1368
17.3335518837	-1368
17.3369839191	-1368
17.3372240067	-1368
17.3372659683	-1368
17.3469560146	-1368
17.3469829559	-1368
17.3473279476	-1368
17.3474218845	-1368
17.3475079536	-1368
17.3475358486	-1368
17.3475418091	1368
17.3475618362	-1368
17.347591877	-1368
17.3476188183	-1368
17.3476538658	-1368
17.3479759693	-1368
17.3480029106	-1368
17.3480308056	-1368
17.3550360203	-1368
17.3550918102	-1368
17.3551559448	-1368
17.3673498631	-1368
17.3673639297	414
17.3674058914	-1368
17.3674240112	-1368
17.3674879074	-1368
17.3675348759	-1368
17.3675618172	-1368
17.3776779175	-1368
17.3796257973	-1368
17.3796498775	-1368
17.3796799183	-1368
17.3805840015	-1368
17.3806099892	-1368
17.3807020187	-1368
17.3811058998	-1368
17.3811328411	-1368
17.381280899	-1368
17.3813939095	-1368
17.3814468384	-1368
17.381690979	-1368
17.3844268322	-1368
17.3847038746	-1368
17.3915889263	-1368
17.3916289806	-1368
17.3917109966	-1368
17.3923678398	1368
17.3923778534	1368
17.4148578644	-1026
17.4161739349	1368
17.5146918297	124
17.5383179188	-1086
17.5859699249	-543
17.5862689018	543
17.6080420017	-1368
17.6081068516	-1368
17.6081478596	-1368
17.6090018749	-1368
17.6090488434	-1368
17.6090729237	-1368
17.6122949123	-1368
17.6123290062	-1368
17.6123549938	-1368
17.6138858795	-1368
17.613932848	-1368
17.6147978306	-1368
17.6148459911	-1368
17.6148560047	-1368
17.6166749001	-1368
17.6167089939	-1368
17.6167359352	-1368
17.6174049377	-1368
17.6174240112	-1368
17.6174619198	-1368
17.619207859	-1368
17.6192369461	-1368
17.6192548275	-1368
17.6196658611	-1368
17.6196839809	-1368
17.6197609901	-1368
17.6213319302	-1368
17.6213669777	-1368
17.6213948727	-1368
17.6224470139	-1368
17.6249577999	-1368
17.6249928474	-1368
17.6258180141	-1368
17.6258449554	-1368
17.6258728504	-1368
17.6267898083	-1368
17.626832962	-1368
17.6268417835	-1368
17.6270828247	1368
17.6284790039	-1368
17.6285059452	-1368
17.6287939548	-1368
17.6288208961	-1368
17.6291689873	-1368
17.6291968822	-1368
17.6292397976	-1368
17.6296207905	-1368
17.629737854	-1368
17.6297709942	-1368
17.6300909519	-1368
17.6301178932	-1368
17.6301457882	-1368
17.6302809715	-1368
17.6303079128	-1368
17.6306848526	-1368
17.6308269501	-1368
17.6308979988	-1368
17.6309268475	-1368
17.6311578751	-1368
17.6312007904	-1368
17.6312098503	-1368
17.631431818	-1368
17.6314878464	-1368
17.6331808567	-1368
17.6332387924	-1368
17.6332659721	-1368
17.6338570118	-1368
17.6339578629	-1368
17.6339879036	-1368
17.6349318027	-1368
17.635078907	-1368
17.6352119446	-1368
17.6352248192	-1368
17.6352398396	-1368
17.6352758408	-1368
17.6355237961	-1368
17.6355569363	-1368
17.6356170177	-1368
17.6356489658	-1368
17.6357398033	1368
17.6357688904	-1368
17.6358180046	-1368
17.6359169483	-1368
17.6359717846	-1368
17.635999918	-1368
17.6362810135	-1368
17.6363120079	-1368
17.6363379955	-1368
17.6365768909	-1368
17.6367688179	-1368
17.6367948055	-1368
17.637075901	-1368
17.637087822	1065
17.6371028423	-1368
17.6371519566	-1368
17.63743186	-1368
17.637611866	-1368
17.6376368999	-1368
17.6378448009	-1368
17.6378729343	-1368
17.6379268169	-1368
17.6381599903	-1368
17.6381859779	-1368
17.6382119656	-1368
17.6382648945	-1368
17.6382968426	-1368
17.6383450031	-1368
17.6385059357	-1368
17.6385610104	-1368
17.6385879517	-1368
17.6386189461	-1368
17.6386578083	-1368
17.6387009621	-1368
17.6387310028	-1368
17.6390478611	-1368
17.6390719414	-1368
17.6391108036	-1368
17.6391289234	-1368
17.6391558647	-1368
17.6393198967	-1368
17.6394197941	-1368
17.6394557953	-1368
17.6395838261	-1368
17.6396558285	1368
17.6396799088	-1368
17.6397309303	-1368
17.6397798061	-1368
17.6398448944	-1368
17.6398999691	-1368
17.6399519444	-1368
17.6399829388	-1368
17.6933670044	-1368
17.6934390068	-1368
17.6960289478	1368
17.6960399151	1368
17.6975128651	-666
17.7004067898	-1368
17.7026979923	-1368
17.7027218342	-1368
17.7093479633	-1368
17.7095098495	-1368
17.7096059322	-1368
17.7618818283	124
17.7969899178	-1368
17.8136689663	-1368
17.8137488365	-1368
17.8137710094	-1368
17.822688818	-1002
17.9201638699	1086
17.9468419552	-543
17.9475769997	-1368
17.9477109909	-1368
17.9477598667	-1368
17.9477739334	-1368
17.9477939606	-1368
17.9477989674	-1368
17.9483208656	-1368
17.9483590126	-1368
17.948392868	-1368
17.9493038654	-1368
17.9493517876	-1368
17.9493608475	-1368
17.9493739605	-1368
17.9495329857	-1368
17.9495718479	-1368
17.9557728767	-1368
17.9558329582	-1368
17.9563839436	-1368
17.9564599991	-1368
17.9566879272	-1368
17.9567129612	-1368
17.9571919441	-1368
17.9572358131	-1368
17.9572808743	-1368
17.9579689503	-1368
17.9580388069	-1368
17.9580597878	-1368
17.9581508636	-1368
17.9585518837	1368
17.9585568905	-1368
17.9590978622	-1368
17.9591219425	-1368
17.9593307972	-1368
17.9593949318	-1368
17.9594359398	-1368
17.95981884	-1368
17.9599068165	-1368
17.9601378441	-1368
17.9603099823	-1368
17.9606049061	-1368
17.9607038498	-1368
17.9607717991	-1368
17.9608438015	-1368
17.9608969688	-1368
17.9625999928	-1368
17.9627079964	-1368
17.9627389908	-1368
17.962774992	-1368
17.9628009796	-1368
17.9630908966	-1368
17.9634199142	-1368
17.9634919167	-1368
17.9635469913	-1368
17.9640889168	-1368
17.965667963	-1368
17.965695858	-1368
17.965720892	-1368
17.9668478966	-1368
17.9668848515	-1368
17.9669179916	-1368
17.9670100212	-1368
17.9672999382	-1368
17.9673259258	-1368
17.9680278301	-1368
17.9684669971	1368
17.9686648846	-1368
17.9698879719	-543
17.9721698761	-1368
17.9726037979	-1368
17.9726438522	-1368
17.9726798534	-1368
17.9728980064	-1368
17.9730298519	-1368
17.9731907845	-1368
17.9732198715	-1368
17.9732458591	-1368
17.9733638763	-1368
17.9733908176	-1368
17.9743528366	-1368
17.974383831	-1368
17.9744119644	-1368
17.97504282	-1368
17.9751029015	-1368
17.975276947	-1368
17.9753029346	-1368
17.9753317833	-1368
17.9753568172	-1368
17.9754338264	-1368
17.9755339622	-1368
17.9806258678	-1368
17.9807498455	-1368
17.9807720184	-1368
17.9815728664	-1368
17.9816138744	-1368
17.9816358089	-1368
17.9819438457	-1368
17.9819619656	-1368
17.9820020199	-1368
17.9820067883	1368
17.9823069572	-1368
17.9823389053	-1368
17.9832859039	-1368
17.9836440086	-1368
17.9836678505	-1368
17.983702898	-1368
17.9837229252	-1368
17.9837789536	-1368
17.9838049412	-1368
17.983932972	-1368
17.9865448475	-1368
17.9865789413	-1368
17.9865958691	-1368
17.9866240025	-1368
17.9888818264	-1368
17.9889478683	-1368
17.9889848232	-1368
17.9890139103	-1368
17.9890489578	-1368
17.9890818596	-1368
17.9891138077	-1368
17.9891488552	-1368
17.9892818928	-1368
17.9893198013	-1368
17.9893529415	-1368
17.9894177914	-1368
17.9894487858	-1368
17.9895019531	-1368
17.9982647896	-1368
17.9984638691	-1368
17.9985039234	-1368
17.9985249043	-1368
17.9989199638	-1368
17.9989647865	-1368
17.9998109341	1368
18.0005578995	-1368
18.0006070137	-1368
18.0006399155	-1368
18.000921011	-1368
18.0011129379	-1368
18.0011408329	-1368
18.0071969032	-1368
18.0255718231	-1368
18.0692279339	-1146
18.0693027973	501
18.1532478333	-1260
18.2963728905	543
18.3365838528	-543
18.5460889339	543
18.5486199856	-543
18.7139108181	-543
18.7217628956	1368
18.721777916	1368
18.7219088078	1368
18.7219178677	66
18.7551698685	1368
18.8486700058	261
18.9180419445	-543
19.019343853	-1368
19.1175749302	-261
19.1254849434	-543
19.1317119598	543
19.2397429943	-1086
19.316603899	1086
19.4388539791	-543
19.439426899	543
19.5935149193	-543
19.6027770042	-1368
19.602850914	-1368
19.6028687954	-1368
19.6099128723	-1368
19.6099669933	-1368
19.6100029945	-1368
19.6100099087	-1368
19.6100277901	-1368
19.6219699383	543
19.6274600029	-1368
19.6342658997	543
19.6584708691	-1368
19.6585450172	-1368
19.6747298241	-1368
19.7250509262	-923
19.7360990047	1368
19.780107975	543
19.780133009	261
19.8582530022	-543
19.9055039883	-1368
19.9055728912	-1368
19.9056098461	-1368
20.0175769329	-124
20.0408790112	543
20.0448749065	-543
20.1397378445	-1086
20.1684978008	-1368
20.1716809273	1368
20.1906077862	-261
20.1931920052	1368
20.1932098866	1368
20.2003948689	66
20.2937338352	-543
20.3605070114	543
20.517718792	-543
20.5260808468	-1368
20.5261600018	-1368
20.5261769295	-1368
20.5326709747	-1368
20.5327239037	-1368
20.6327068806	-1368
20.6426239014	543
20.6484029293	-1368
20.6484549046	-451
20.796628952	-543
20.7966809273	1086
20.9527390003	-543
20.9703409672	-1368
20.9704189301	-1368
20.9704329967	-1368
21.0924069881	-609
21.2619359493	-543
21.2630498409	543
21.3842749596	-543
21.4243299961	543
