0	-543
1.50412917137	543
2.50425410271	543
3.03262710571	1057
3.25657606125	-543
3.30506706238	-1368
3.3052251339	-1368
3.39018321037	-920
3.39240312576	543
3.39309620857	543
3.59451603889	-543
4.3835580349	-543
4.39064311981	-1368
4.39769101143	-1368
4.40873503685	-1368
4.40878605843	-1368
4.41593718529	-1368
4.41606616974	-1368
4.41742706299	-1368
4.42058610916	-1420
4.42062211037	-1316
4.44262909889	1057
4.44857001305	1057
4.52313518524	-1368
4.52315211296	-1368
4.52621412277	-1420
4.52622008324	-1316
4.53163909912	-1368
4.53194499016	-1368
4.53233718872	1057
4.5347070694	1057
4.54480910301	-1368
4.54491305351	543
4.54499912262	-1368
4.54691815376	-1368
4.54705119133	-1368
4.55096101761	-1420
4.55099511147	-1316
4.55316901207	-1420
4.55319619179	-70
4.58330106735	1057
4.68268704414	-1368
4.68286299706	-1368
4.6841840744	-1368
4.69129920006	-95
4.69147610664	543
4.72355914116	543
4.79672598839	-1368
4.79674315453	-1368
4.79747605324	-1368
4.82560706139	-638
4.83739709854	543
4.83840298653	1460
4.83853411674	625
4.87928915024	-1420
4.87930107117	-1316
4.8797659874	-1368
4.88691210747	-1368
4.88706803322	-1368
4.88786816597	-1368
4.92403411865	543
4.96385598183	-1218
4.96590399742	543
4.97621798515	-1420
4.97623419762	-1316
5.02063918114	-1368
5.02305912971	543
5.10914516449	-638
5.13073420525	-1368
5.13079309464	-1368
5.1347720623	-1368
5.13838005066	-1368
5.13875102997	-1368
5.14205598831	-1368
5.15237903595	-1368
5.15992617607	-1420
5.15994405746	-1316
5.16302800179	-1368
5.16954112053	-1368
5.17652797699	-1368
5.18016004562	-1420
5.18019199371	-1316
5.18538212776	-1420
5.18541312218	-1316
5.185516119	-1368
5.19010615349	-1368
5.19026398659	543
5.19387602806	-1420
5.1938931942	-1316
5.26383900642	-1420
5.26385498047	-1316
5.26803898811	-1420
5.26804614067	-1316
5.26906919479	-1368
5.26915311813	543
5.27271008492	-1368
5.27279210091	-1368
5.28672218323	-1368
5.28815412521	-1368
5.29401516914	-1368
5.29403209686	-1368
5.30540513992	-1420
5.30542302132	-1316
5.31357312202	-1420
5.31358218193	-1316
5.31362700462	-1420
5.31363105774	-1316
5.3190331459	-1368
5.31912899017	543
5.31925702095	-1368
5.32320308685	-1368
5.32333111763	-1368
5.32788610458	-1420
5.3279440403	-1316
5.39723300934	-1420
5.39725017548	-1316
5.40108513832	-1368
5.40110111237	-1368
5.40553498268	-1368
5.40576410294	-1368
5.42020797729	-1368
5.42036008835	-1368
5.43008613586	-1368
5.43023014069	-1368
5.43186712265	-1368
5.43991112709	-1420
5.4399471283	-1316
5.44011116028	-1368
5.44021105766	543
5.44711303711	-1368
5.4472181797	-1420
5.44726514816	-1420
5.44726800919	-1264
5.4527721405	-1368
5.45474720001	-1368
5.45629906654	-1368
5.45655918121	-1368
5.45666599274	543
5.46429610252	-1368
5.46431112289	-1368
5.53594112396	-1368
5.53595900536	-1368
5.53809499741	-1368
5.53814911842	-1368
5.53949904442	-1368
5.5395731926	-1368
5.5534222126	-1368
5.55366706848	-1368
5.56373214722	-1368
5.56374597549	-1368
5.56390810013	543
5.56429719925	-1368
5.57363200188	-1420
5.57370114326	-1420
5.57370519638	-1264
5.58170008659	-1420
5.58171701431	-1316
5.58179306984	-1420
5.58179497719	-1316
5.58182215691	-1368
5.58665513992	-1368
5.58683919907	-1368
5.59002017975	-1420
5.59006404877	-1316
5.59808421135	-1420
5.59811806679	-1316
5.67345499992	-1368
5.67590308189	-1420
5.67590999603	-1316
5.67604207993	543
5.67779898643	-1368
5.67795419693	-1368
5.68900918961	-1420
5.68902611732	-1316
5.70563006401	-1368
5.70579504967	-1368
5.70655918121	-1368
5.70684814453	-1368
5.70758700371	543
5.70797204971	-1368
5.71545505524	-1420
5.71550703049	-1316
5.71658706665	-1368
5.72093820572	-1368
5.72104120255	-1368
5.7221531868	-1420
5.72215819359	-1316
5.72349715233	-1368
5.72358202934	543
5.7236430645	-1368
5.72626209259	-1420
5.72628903389	-1316
5.72675919533	-1368
5.73613214493	-1368
5.73620009422	-1368
5.80874919891	-1368
5.81017518044	-1368
5.81034111977	-1368
5.81363105774	-1368
5.8137280941	-1368
5.82468008995	-1368
5.82522201538	-1368
5.83970212936	-1420
5.83975315094	-1316
5.84054207802	-1420
5.8405880928	-1316
5.84077000618	-1368
5.84818506241	-1420
5.84819507599	-1316
5.84943819046	-1420
5.84944105148	-1316
5.85176205635	543
5.85509419441	-1368
5.85547304153	-1368
5.85556817055	-1368
5.85570216179	-1368
5.85619997978	-1368
5.85631799698	-1368
5.8588449955	-1420
5.85885000229	-1316
5.85953307152	543
5.86921620369	-1368
5.87089109421	-1368
5.9091219902	-1368
5.94441199303	-1368
5.94516706467	-1420
5.94517397881	-1316
5.94708704948	-1368
5.94711017609	-1368
5.95916700363	-1420
5.95918416977	-1316
5.97324919701	-1368
5.97326207161	-1368
5.97342610359	543
5.97375917435	-1420
5.97376298904	-1316
5.98300719261	-1420
5.98301506042	-1316
5.98350000381	-1420
5.98350405693	-1316
5.98365712166	-1368
5.98376917839	-1368
5.98935103416	-1420
5.98935699463	-1316
5.98984217644	-1368
5.99005198479	-1368
5.99065899849	-1368
5.99083399773	-1368
5.99324202538	-1368
5.99340200424	-1368
6.00262999535	-1368
6.00264310837	-1368
6.00280714035	543
6.0849211216	-1420
6.08494710922	-1316
6.08590817451	-1368
6.08617901802	-1368
6.08686614037	1460
6.08692002296	1460
6.08696603775	1161
6.08706617355	1460
6.08711218834	1460
6.08714103699	-1353
6.08719015121	253
6.08737611771	543
6.3606171608	-543
6.36413121223	-1368
6.36421298981	-1368
6.36807107925	-1420
6.36812114716	-1316
6.36884999275	-1368
6.38502311707	-1368
6.38503503799	-1368
6.38582706451	-1368
6.39059519768	-1368
6.39072799683	-1368
6.39108514786	-1368
6.39576911926	-1368
6.39784216881	-1368
6.39803504944	-1368
6.40063810349	-1368
6.40368199348	-1368
6.40962910652	-1368
6.41007018089	-1368
6.41442108154	-1368
6.41470003128	-1368
6.41720318794	-1368
6.41992616653	-1368
6.42287302017	-1368
6.42300820351	543
6.4268682003	-1368
6.42703008652	-1368
6.42998504639	-1368
6.43010020256	-1368
6.43716406822	-1368
6.43724799156	-1368
6.48944401741	1460
6.48952698708	1460
6.48957419395	1161
6.48964905739	89
6.49028015137	1460
6.49032711983	1460
6.49036312103	193
6.49081611633	1460
6.49086308479	625
6.49720406532	-1420
6.49722218513	-1316
6.50075316429	-1420
6.50076198578	-1316
6.5013821125	-1368
6.50476408005	543
6.51836514473	-1420
6.5184211731	-1316
6.51904511452	-1368
6.51922416687	-1368
6.5246591568	-1420
6.52469205856	-1316
6.5247900486	543
6.52885198593	-1420
6.5288631916	-1316
6.53084421158	-1420
6.53084897995	-1316
6.5377600193	-1420
6.53776717186	-1316
6.53798604012	543
6.54337620735	-1368
6.54345011711	-1368
6.54859018326	-1420
6.5485970974	-1316
6.55463504791	-1420
6.55464100838	-1316
6.55763816833	-1368
6.56005120277	-1368
6.56012701988	-1368
6.5605840683	-1368
6.56608319283	-1368
6.56616902351	-1368
6.57189702988	-1368
6.57191514969	-1368
6.63013315201	-1368
6.63015198708	-1368
6.63034105301	543
6.63390398026	-1368
6.63396000862	-1368
6.6529481411	-1368
6.65297102928	-1368
6.65467214584	-1368
6.65485906601	-1368
6.65683603287	-1368
6.65883207321	-1420
6.65890216827	-1316
6.66303110123	-1368
6.6630821228	-1368
6.66525006294	-1368
6.66533112526	-1368
6.66654419899	-1368
6.67076706886	-1420
6.67077207565	-1316
6.67146420479	543
6.67673420906	-1420
6.6767411232	-1316
6.68186807632	-1420
6.68188214302	-1316
6.68736600876	-1420
6.68737220764	-855
6.68752503395	543
6.69833612442	-1368
6.6989030838	-1368
6.70073103905	-1368
6.70265316963	-1368
6.70280909538	-1368
6.70656204224	-1420
6.70658802986	-1316
6.75049614906	-1420
6.75050711632	-1316
6.76308012009	-1368
6.76321005821	-1368
6.76708316803	-1420
6.76711320877	-1316
6.78830099106	-1368
6.78850507736	-1368
6.79010820389	-1368
6.79032421112	-1368
6.79355716705	-1368
6.79369115829	-1368
6.7978951931	-1420
6.79792499542	-1316
6.79808115959	543
6.79844713211	-1420
6.79845309258	-1316
6.80036997795	-1368
6.80042719841	-1368
6.80492115021	-1420
6.80492806435	-1316
6.81044816971	-1368
6.81051802635	-1368
6.81598305702	-1368
6.81599712372	-1368
6.82177519798	543
6.82954716682	-1368
6.82956218719	-1420
6.82959699631	-1316
6.83477401733	-1368
6.8350520134	-1368
6.83513998985	-1368
6.83711719513	-1368
6.83727502823	-1368
6.83997702599	-1368
6.84010720253	-1368
6.8401889801	543
6.88491201401	-1420
6.88493013382	-1316
6.89913916588	-1368
6.90107107162	543
6.90112113953	-1368
6.90145015717	-1420
6.90147519112	-1316
6.9090321064	1460
6.90908718109	111
6.92143106461	-1368
6.92144799232	-1368
6.92196702957	-1368
6.92374706268	-1368
6.92387318611	-1368
6.92685317993	-1368
6.9269900322	-1368
6.93546915054	-1420
6.93553900719	-1316
6.93649816513	-1368
6.93663311005	-1368
6.93991804123	-1368
6.94004607201	-1368
6.94635009766	-1420
6.94639205933	-1316
6.94728302956	-1420
6.94731116295	-1316
6.9513092041	-1368
6.95147013664	-1368
6.96773409843	-1420
6.96778512001	-1316
6.96791005135	-1368
6.96818804741	-1207
6.97232198715	-1368
6.98370313644	543
6.99168610573	543
6.99822616577	543
7.00068616867	543
7.00172019005	543
7.00190114975	543
7.00224900246	543
7.00241613388	543
7.0233130455	-543
7.03608608246	-1368
7.03622102737	543
7.03964519501	543
7.05047416687	543
7.05073213577	543
7.10822510719	-949
7.12057113647	-1368
7.17312717438	-1368
7.19165921211	-1420
7.19170999527	-1316
7.19190216064	-1368
7.19199419022	543
7.19777297974	-1368
7.20175409317	-1368
7.20483613014	-1368
7.20503997803	-1368
7.2114341259	-1368
7.21149516106	-1368
7.21208000183	-1368
7.21694803238	-1368
7.22353315353	-1368
7.22592711449	-1420
7.22596502304	-1316
7.23087000847	-1368
7.23293709755	-1368
7.25016117096	-628
7.26139903069	543
7.26165318489	543
7.31481409073	-1368
7.38726520538	-1289
7.39155817032	543
7.39209198952	543
7.39231610298	543
7.49184608459	543
7.52058410645	-543
7.52399420738	543
7.52427816391	543
7.6658000946	-1368
7.69332408905	-261
7.78422617912	-1368
7.78424406052	-1368
7.78481411934	-1368
7.78984999657	-1420
7.78987908363	-1316
7.78997707367	543
7.79010915756	-1368
7.79319000244	-1420
7.79323720932	-1316
7.79770112038	-1368
7.80056118965	-1420
7.80056715012	-1316
7.80303502083	-1368
7.80478811264	-1420
7.80481719971	-1316
7.8084821701	-1368
7.81687998772	-1368
7.81698799133	543
7.81734800339	-1368
7.81741905212	-1368
7.82127809525	-1420
7.82128310204	-1316
7.82532119751	-1368
7.82723617554	-1420
7.82726597786	-1316
7.82797312737	-1368
7.82823109627	-14
7.8306210041	543
7.83152413368	-1368
7.8317220211	-1368
7.83315610886	-1368
7.84082102776	-1368
7.84087204933	-1368
7.84582614899	-1368
7.84887218475	543
7.84918117523	543
7.86292219162	-1420
7.86293816566	-1316
7.86409401894	-1368
7.96153712273	-799
7.96429109573	543
7.97048997879	543
8.16380310059	-543
8.21268320084	-1368
8.21270108223	-1368
8.31017112732	-1368
8.32187604904	543
8.33969211578	-124
8.3617310524	543
8.47466897964	-1368
8.47475004196	-1368
8.47534012794	-1368
8.49908518791	-1420
8.49913716316	-1316
8.50245308876	-1368
8.50838112831	543
8.51891303062	-1368
8.52292609215	-335
8.56339406967	-1368
8.56360006332	-1368
8.5636370182	-1368
8.6598200798	-609
8.70125102997	543
8.70153713226	543
8.72794413567	-1368
8.79350614548	-232
8.82187509537	543
9.01369214058	-543
9.03470420837	543
9.03515219688	543
9.06062912941	543
9.06096315384	543
9.08088803291	1057
9.08132600784	543
9.14784598351	-1420
9.1478600502	-1316
9.17156910896	-406
9.22872519493	-1368
9.22878217697	-1368
9.22901320457	-1368
9.23845410347	-1420
9.23850417137	-1420
9.23854899406	-1264
9.23868513107	543
9.24823212624	543
9.24830317497	-1420
9.248306036	-1316
9.24863219261	-1368
9.25029301643	-1420
9.2503349781	-1316
9.2506711483	-1368
9.2510881424	-1368
9.25639510155	-1368
9.2586209774	1460
9.25867199898	111
9.25877213478	543
9.25960612297	1057
9.26175713539	-1368
9.27714419365	-1420
9.27718806267	-1316
9.28010010719	-1420
9.28012704849	-1316
9.28038811684	-1420
9.28041410446	-1316
9.28047299385	-1368
9.28091597557	543
9.28165316582	-1420
9.28165912628	-1316
9.28182506561	543
9.28547811508	-1368
9.29943704605	-1420
9.29950714111	-1316
9.30424809456	-196
9.34194612503	543
9.4678940773	-543
9.57790613174	-1420
9.57792305946	-1420
9.5780069828	-1264
9.60259008408	-609
9.64048719406	543
9.65041208267	543
9.68948101997	-1368
9.73699808121	-1318
9.84294700623	1057
9.87085700035	-543
10.058437109	-543
10.0587320328	-1368
10.060336113	-1368
10.0607881546	-1368
10.0617721081	-1368
10.0619452	-1368
10.0632121563	-1368
10.0634000301	-1368
10.0649590492	-1368
10.082570076	-1420
10.0826420784	-1316
10.0837440491	-1368
10.0882921219	543
10.1040291786	-1368
10.104044199	-1368
10.1043560505	-1368
10.1944460869	-127
10.253713131	543
10.2539930344	543
10.3308269978	-1086
10.5646021366	-543
10.6979529858	-1420
10.6980571747	-1316
10.6981430054	-1368
10.7376480103	-609
10.7420890331	-543
10.7611231804	543
10.7705771923	543
10.770824194	543
11.03748703	-543
11.3104121685	543
11.3206651211	1460
11.3207690716	111
11.8706130981	-543
11.8717730045	-1420
11.8718299866	-1316
11.8937439919	-1420
11.8938071728	-1316
11.8938660622	-1368
11.895001173	-1368
11.8952600956	-1368
11.918279171	-1368
11.9813790321	-543
12.0052111149	-1052
12.0656561852	543
12.1546201706	543
12.2950530052	543
12.3018381596	543
12.3083231449	-543
12.3321011066	-1368
12.443434	-1260
12.4521970749	543
12.4529881477	543
12.4533040524	543
12.5019030571	543
12.5021691322	543
12.5542781353	-1368
12.5871319771	-232
12.5984370708	543
12.6413571835	-1420
12.6413810253	-1316
12.6414191723	-1368
12.701567173	-1368
12.7050080299	543
12.7087640762	543
12.7089970112	543
12.7198090553	-1355
12.7441680431	-1420
12.7442271709	-1420
12.744230032	-1264
12.811822176	-1368
12.8205862045	543
12.8303720951	543
12.830807209	543
12.8310470581	543
12.8521339893	-327
12.9411540031	-1420
12.9411690235	-1420
12.9412441254	-1264
12.9412460327	-1368
12.9412901402	-1368
12.9417669773	-1368
12.9457612038	543
12.9462890625	-1420
12.9462940693	-1316
12.9468221664	-1368
12.9468910694	543
12.963435173	-1420
12.9634490013	-1316
12.963602066	-1368
12.9667751789	-1368
12.966807127	-1420
12.9673290253	-1316
12.9673500061	-1368
12.9675841331	-1368
13.0770301819	-1420
13.0770461559	-1316
13.0772120953	-1420
13.0772161484	-1316
13.0772781372	-1368
13.0776510239	-1368
13.0777430534	-1368
13.0788230896	-1420
13.078854084	-1316
13.0795462132	-1420
13.0795772076	-600
13.0834641457	543
13.10120821	543
13.1504399776	-1368
13.1540181637	-1368
13.1540641785	-1368
13.1546711922	-1368
13.1548130512	-1368
13.1550459862	-1368
13.1559681892	-1368
13.1618251801	543
13.174708128	-1368
13.2102091312	543
13.2131772041	-567
13.3830041885	-543
13.5118000507	543
13.5766861439	-1086
14.7614371777	543
14.7623682022	543
14.9953801632	-543
14.9998950958	-1368
14.9999849796	-1368
15.0131771564	-1368
15.0133399963	-1368
15.0138411522	-1368
15.0194761753	-1420
15.0195441246	-1420
15.0195810795	-1264
15.0232491493	-1368
15.0233561993	543
15.1281840801	-1368
15.1282000542	-1368
15.1329991817	-1089
15.1335330009	543
15.1339859962	1057
15.1512811184	1057
15.3562071323	-543
15.356924057	-1368
15.3570661545	-1368
15.3886911869	-1420
15.3887610435	-1420
15.388767004	-1264
15.3889360428	543
15.3946130276	-1368
15.3946321011	-1368
15.3959159851	-1368
15.4054970741	-1368
15.4055521488	-1368
15.4059770107	-1368
15.4270679951	-1368
15.46865201	-1420
15.4687302113	-1316
15.4687690735	-1368
15.4701189995	-1368
15.4760429859	-1420
15.4761021137	-1420
15.476142168	-1264
15.4972500801	-1171
15.5115981102	1057
15.5184400082	543
15.5199971199	543
15.5411241055	543
15.7610352039	-543
15.8224771023	-1420
15.8225409985	-1420
15.8225710392	-1264
15.8645460606	-1368
15.8646001816	-1368
15.8649539948	-1368
15.8684840202	-1420
15.8685162067	-1316
15.8692960739	-1368
15.8828780651	-1368
15.8829190731	-1368
15.8831632137	-1368
15.9345560074	-807
15.9347801208	543
15.9440231323	543
16.1185050011	1460
16.118596077	111
16.3057320118	-543
16.3067550659	-1368
16.3078520298	-1368
16.3118441105	543
16.3266069889	-1368
16.3266739845	-1368
16.3365290165	-1368
16.3367381096	-1368
16.336826086	-1368
16.3371701241	-1368
16.337277174	-1420
16.337280035	-1316
16.3599030972	-1368
16.3600661755	-1368
16.4405829906	-235
16.6148312092	-543
16.7486960888	-543
17.5439450741	543
17.5518321991	543
17.5530540943	543
17.5532941818	543
17.7704811096	-543
17.7985341549	543
17.8088440895	1057
17.8421289921	1057
17.91913414	-543
17.9913721085	-1420
17.9914240837	-1316
17.9917252064	-1368
18.024793148	-1368
18.0253450871	-1368
18.0255022049	-1368
18.0255820751	-1368
18.0262601376	543
18.0264921188	-1420
18.0264971256	-1316
18.0869631767	-1368
18.0882260799	-1368
18.1240911484	-1368
18.1241161823	-1368
18.1241550446	-1368
18.1244301796	-1368
18.1575131416	-1420
18.1575391293	-1316
18.1577970982	-1420
18.1578011513	-1316
18.1581940651	-1420
18.1582009792	-837
18.1601881981	543
18.2087609768	543
18.3158102036	-543
18.3164470196	543
18.4868731499	-1420
18.4868910313	-1420
18.4869570732	-1264
18.48787117	-1368
18.4879980087	-1368
18.4880201817	543
18.4880540371	-1368
18.4881420135	543
18.491369009	-132
18.508480072	-1368
18.5087599754	-1420
18.5087661743	-1316
18.5310161114	-1368
18.531345129	-1368
18.5313961506	-1368
18.6293711662	-1218
18.6300230026	543
18.6434791088	1057
18.6440031528	1057
18.7234890461	543
18.8998961449	-543
18.9218120575	1057
19.0721020699	-1368
19.0721921921	-1368
19.07228899	-1368
19.0729022026	-609
19.0821042061	-1420
19.0821170807	-1316
19.0825560093	-1368
19.0981740952	-1420
19.0982651711	-1316
19.0982701778	-1368
19.0985200405	543
19.1084771156	-1368
19.1085920334	-1368
19.1090261936	-1368
19.1098070145	-1420
19.1098401546	-1316
19.1105060577	-1368
19.1139781475	543
19.1279010773	-1420
19.127918005	-1316
19.1284730434	543
19.1685180664	543
19.2067210674	-670
19.2187800407	543
19.3291921616	543
19.3309772015	1460
19.3310360909	111
19.3428020477	-1368
19.3428850174	-1420
19.3428881168	-1316
19.3479590416	-1368
19.379513979	-298
19.4730100632	-1368
19.47362113	1057
19.4751310349	-1368
19.4752290249	-1368
19.4774901867	-1368
19.4775421619	-1368
19.4777309895	-1368
19.4827430248	-1368
19.4828271866	-1368
19.4829220772	-1368
19.4985342026	1057
19.5046989918	-1368
19.5047230721	-1368
19.5049171448	-1368
19.5050461292	543
19.5121622086	-1350
19.5122749805	543
19.6022770405	-1420
19.6023039818	-1316
19.6023709774	-1368
19.6029410362	-1420
19.6029810905	-1316
19.603716135	-1368
19.6082561016	-1420
19.6082642078	-1316
19.6089911461	-1368
19.6161651611	-1420
19.6162250042	-1316
19.6176810265	-1368
19.620634079	-1368
19.6207211018	-1368
19.6217000484	-1368
19.6224951744	-1368
19.6227760315	-1368
19.623691082	-1368
19.623800993	543
19.6254410744	-1368
19.6255691051	-1368
19.6261460781	-1368
19.6269671917	-1368
19.6270570755	-1368
19.6274271011	-1368
19.6281340122	-1368
19.6320421696	-1368
19.6382300854	-1420
19.6382701397	-1316
19.6383521557	-1368
19.6482269764	-1420
19.6483011246	-1316
19.650398016	-1368
19.7379581928	-1420
19.7379751205	-1420
19.7380390167	-1420
19.7380421162	-1420
19.7380959988	-1160
19.7380990982	-1420
19.738145113	-1316
19.7381470203	-1368
19.7384061813	1057
19.7427411079	-518
19.8301382065	-1368
19.8301541805	-1368
19.83031106	-1368
19.8369619846	-1368
19.8619601727	-1368
19.8678882122	543
19.8759241104	-1368
19.8762090206	-762
20.1558921337	-543
21.4728760719	543
21.4784510136	1460
21.4785060883	625
21.689469099	-543
21.7447090149	-1368
21.7452850342	1057
21.8159301281	-1368
21.8241751194	-493
21.8249700069	-1368
21.8251481056	-1368
21.8406250477	-1368
21.8647181988	-1420
21.8647801876	-1316
21.865073204	-1368
21.8737461567	543
21.8859500885	543
21.9111471176	543
21.9594080448	-675
21.974312067	-543
21.9759860039	543
21.9762661457	1057
22.105463028	-543
22.2853200436	-543
22.4574520588	-543
22.5084040165	543
23.6505169868	543
23.6584670544	543
23.9404911995	543
23.941534996	543
24.1909141541	-543
24.1921410561	-1368
24.1922671795	-1368
24.2128500938	-1420
24.2129089832	-1316
24.213378191	-1368
24.2158641815	-1420
24.2159221172	-1316
24.2168450356	-1368
24.2191460133	-1368
24.3316750526	-198
24.3449912071	543
24.389124155	1057
24.6938931942	-543
24.6945691109	543
24.6950650215	1057
24.8182489872	-1368
24.8182690144	-1368
24.8186330795	-1368
24.8284511566	-609
24.860877037	543
24.8674330711	543
24.8886070251	543
25.4653980732	-543
25.5181241035	-1368
25.518237114	-1368
25.5182881355	-1368
25.5237910748	-1368
25.5238471031	-1368
25.5239880085	543
25.5240600109	-1368
25.5277781487	-1368
25.5279400349	-1368
25.5313119888	-1368
25.5384001732	543
25.5444099903	543
25.6379971504	-1368
25.6380159855	-1368
25.6512680054	-1420
25.651278019	-1420
25.6513299942	-1264
25.6513330936	-1368
25.651884079	-1368
25.6521441936	-1368
25.6571111679	-1420
25.6571161747	-1316
25.6574029922	-1368
25.6576991081	-1368
25.6579871178	-1420
25.6579911709	-1316
25.6610372066	-1368
25.6611800194	-1368
25.661427021	-1368
25.6615271568	-1368
25.7056360245	-1420
25.705655098	-1316
25.7731151581	-1368
25.7732610703	-1368
25.7734320164	543
25.7745110989	-1368
25.7745170593	-1368
25.7859091759	-1420
25.7859251499	-1316
25.7859799862	-1368
25.7860941887	-1368
25.7863781452	-1420
25.786383152	-1316
25.7866899967	-1420
25.7867100239	-1316
25.7867610455	-1368
25.7870600224	-1420
25.7871031761	-1316
25.7871761322	543
25.7873110771	-1368
25.7916991711	-1368
25.7917480469	-1368
25.7921981812	-1368
25.7922930717	-1368
25.7931010723	-1368
25.7931849957	-1368
25.7936241627	-1368
25.793900013	-1368
25.7943110466	-1368
25.7945261002	-1368
25.7946431637	-1420
25.7946631908	-485
25.8019189835	543
25.9294071198	-543
26.1083760262	543
26.3242201805	-543
26.3247201443	-1368
26.3248331547	-1368
26.349157095	-1420
26.349214077	-1316
26.3503251076	-1368
26.3525722027	-1368
26.3528170586	-1368
26.3528962135	-1368
26.3584799767	-1420
26.3585221767	-1316
26.3588981628	-1368
26.3657531738	-1368
26.3659369946	543
26.3698132038	-1368
26.3699061871	-1368
26.3742380142	-1368
26.3745801449	-1368
26.374625206	-1368
26.3809430599	-1368
26.4632520676	-1368
26.4632730484	-1368
26.4634320736	-744
26.6335082054	-543
26.9025130272	543
26.9030790329	1460
26.9031281471	111
26.9043910503	543
26.904790163	543
27.2713479996	-543
27.3183012009	-1368
27.3184101582	-1368
27.3194580078	-1368
27.4044752121	-1152
27.4046580791	543
27.406676054	543
27.4074430466	543
27.4191601276	543
27.6779940128	-543
27.6794412136	-1368
27.6796140671	-1368
27.6797981262	-1368
27.7127571106	-1368
27.7729539871	-1368
27.8121550083	-1044
27.865801096	543
27.9684300423	1057
27.993252039	543
28.0661070347	-543
28.0888471603	-1420
28.0889151096	-1316
28.221570015	-377
28.2605462074	1460
28.2606430054	111
28.2904891968	-1420
28.2905151844	-1316
28.394972086	-920
28.7582612038	-543
28.9336640835	-543
30.5047190189	543
30.5459451675	1057
