0	-543
0.415575027466	543
2.78901195526	543
3.03244996071	-543
3.03271603584	543
3.29168510437	-1368
3.29173898697	-717
3.40851807594	543
3.5390329361	1086
3.79731202126	-543
3.79759812355	543
3.92834210396	-543
3.92889404297	543
4.0804669857	-1368
4.08053708076	-1231
4.18015909195	-1368
4.18019604683	-1368
4.19470691681	-543
4.21113801003	-891
4.21856713295	-1368
4.21858692169	-1368
4.23228693008	543
4.31566309929	-543
4.34922599792	-377
4.40266394615	1086
4.5194709301	-543
4.53346395493	543
4.65404510498	-543
4.66418099403	543
4.7948949337	-543
4.79624700546	543
4.84736394882	-1368
4.92697191238	-1231
4.96132493019	-1368
4.96137905121	-1368
5.00004506111	-1368
5.00007200241	-1368
5.05769205093	-1268
5.06441402435	543
5.10061097145	-1368
5.18829894066	-717
5.18902492523	1368
5.23464107513	775
5.35057806969	-543
5.4027299881	543
5.51930403709	-1086
5.53346300125	1086
5.61677098274	-543
5.68678998947	-1368
5.68685102463	-717
5.68855500221	1057
5.81052303314	-543
5.85897302628	-1368
5.8590221405	-1368
5.85905313492	-891
5.87230610847	-1368
5.87238311768	-1368
5.88363814354	-1368
5.88371706009	-1368
5.89467096329	543
5.89509797096	-1368
5.89513111115	-1368
5.89516091347	-1368
5.89708614349	-1368
5.89713001251	-1368
5.97304296494	1368
5.98966503143	-1368
5.9896979332	-1368
5.98971891403	-1368
5.98975110054	-1368
6.00301098824	-1368
6.00303792953	-1368
6.00306200981	-1368
6.00310206413	-1368
6.01431107521	-1368
6.01433706284	-1368
6.01435899734	-1368
6.01438903809	-1368
6.02544808388	-1368
6.02548003197	804
6.0254919529	-1368
6.02588200569	-1368
6.02590703964	-1368
6.0259540081	-1368
6.02598905563	-1368
6.02767395973	-1368
6.02769708633	-1368
6.02772808075	-1368
6.02776813507	-1368
6.05128598213	1368
6.06707310677	-1368
6.0670940876	-1368
6.12030506134	-1368
6.12033200264	-1368
6.12036013603	-1368
6.12038493156	-1368
6.12041401863	-1368
6.12045311928	-1368
6.12047600746	-1368
6.12049603462	-1368
6.13363599777	-1368
6.13366913795	-1368
6.13368797302	-1368
6.13369202614	-215
6.13423514366	1368
6.18218493462	522
6.26434397697	-543
6.31301212311	543
6.41541910172	543
6.41543102264	543
6.43098807335	-543
6.43387103081	-1368
6.43430399895	1368
6.43431305885	1368
6.43443393707	1368
6.4827439785	609
6.56453704834	-1318
6.56525301933	1368
6.56527400017	1368
6.56540203094	1368
6.61340498924	609
6.65598511696	-1368
6.69602513313	-717
6.7636320591	-1368
6.76371002197	1086
6.8231420517	-1368
6.82319712639	-1368
6.82455301285	-1368
6.82459306717	-1368
6.82462501526	-1368
6.82681107521	-1160
6.83509612083	-1368
6.83515000343	-1368
6.83518910408	-1368
6.85788702965	-1368
6.85796499252	-1368
6.85824799538	-1368
6.85829305649	-1368
6.85839605331	-1368
6.85842704773	-1368
6.85850310326	-1368
6.85871601105	-1368
6.86001300812	-1368
6.86012601852	-1368
6.86015605927	-1368
6.86018300056	-1368
6.86019206047	-1368
6.86021208763	-1368
6.86884498596	-1368
6.86890697479	-1368
6.86892008781	-1368
6.89224410057	1368
6.89669299126	-1368
6.89672613144	261
6.89674210548	-1368
6.89851593971	-1368
6.90792894363	-1368
6.90795111656	-1368
6.92204213142	-1368
6.92206192017	-1368
6.92259407043	-1368
6.92262506485	-1368
6.9226539135	-1368
6.93306803703	-1368
6.93315792084	-1368
6.93316602707	-1368
6.93403792381	-1368
6.93407011032	-1368
6.93412208557	-1368
6.93417096138	-1368
6.93447709084	-1368
6.93450307846	-1368
6.93464612961	-1368
6.93468499184	-1368
6.93472599983	-1368
6.93476605415	-1368
6.9445669651	-1368
6.94460701942	-1368
6.94465398788	-1368
6.94485592842	-1368
6.94489407539	-1368
6.9449441433	-1368
6.95328998566	-1368
6.95332813263	-1368
6.95334601402	-1368
6.95367312431	-1368
6.95369410515	-1368
6.95436906815	-1368
6.95468711853	1368
6.95686912537	-1368
6.95691108704	-1368
6.95695495605	-1368
6.95710897446	-1368
6.95713591576	-1368
6.9571659565	-1368
6.95740914345	-1368
6.95743203163	-1368
6.95745110512	-1368
6.95750713348	-1368
6.96430110931	-1368
6.96572303772	-1368
6.96576094627	-1368
6.96577811241	-1368
6.96579504013	-1368
6.98490095139	-543
6.98897695541	-1368
6.98901891708	-1368
6.98904204369	-1368
6.98906803131	-1368
6.9890859127	-1368
6.98912000656	-1368
6.98914003372	-1310
6.99247503281	-1368
6.99248790741	-1368
6.99250793457	-1368
7.02731394768	1347
7.03088998795	-543
7.06477713585	-1368
7.11982703209	-1326
7.17002391815	-1368
7.17009806633	-1368
7.2078371048	-1368
7.20789599419	-1368
7.25082206726	-1268
7.26088690758	543
7.38167214394	-543
7.44680094719	543
7.577450037	-543
7.756772995	-1368
7.75683307648	-1368
7.77516007423	-891
7.78467607498	543
7.90586709976	-543
7.95457792282	543
8.07497596741	-543
8.12275600433	543
