0	-543
0.0479929447174	543
3.56591010094	543
3.61032700539	543
3.74644303322	-543
3.97833395004	-543
3.97879695892	-1368
3.97934699059	-1368
3.97951507568	-1368
3.97966313362	-1368
3.97978997231	-1368
3.97986698151	543
3.9799489975	-1368
3.98012804985	-1368
3.98028802872	-1368
3.98426103592	-1368
3.99343299866	-1368
3.99380493164	-1368
4.00385308266	-1368
4.00386691093	-1368
4.00406599045	-1368
4.00421595573	-1368
4.00440001488	-1368
4.00453305244	-1368
4.01013612747	-1368
4.01015090942	-1368
4.01032400131	-1368
4.01049804688	-1368
4.01084589958	-1368
4.0109360218	-1368
4.01326203346	543
4.01760411263	-1368
4.01780295372	-1368
4.01784205437	-1368
4.01938700676	-1368
4.01970505714	-1368
4.01982593536	-1368
4.02002811432	-1368
4.02013492584	-1368
4.02035307884	-1368
4.02305912971	-1368
4.02348399162	-1368
4.02400398254	-1368
4.0243871212	-1368
4.02473711967	-1368
4.02490496635	-1368
4.02503013611	-1368
4.03447604179	543
4.03629493713	-1368
4.03637290001	-1368
4.03647303581	543
4.03657102585	-1368
4.03662800789	543
4.08817505836	543
4.09390497208	543
4.09415912628	543
4.14407396317	543
4.14433813095	543
4.16071605682	-12
4.20068311691	543
4.20103311539	543
4.23836302757	543
4.2385931015	543
4.28576612473	-543
4.29161810875	1460
4.29170298576	1460
4.29174804688	707
4.30863308907	-1368
4.30864906311	-1368
4.30884599686	-1368
4.30952692032	-1368
4.31489992142	-1368
4.31505203247	-1368
4.31517505646	-1368
4.32166600227	-1368
4.32282805443	-1368
4.33502602577	-1368
4.34189200401	-1368
4.36986613274	-1368
4.39571809769	-1368
4.41617393494	-40
4.50167393684	-1368
4.50627112389	1460
4.50633907318	1139
4.51669692993	-1368
4.58541512489	-1420
4.58543395996	-1316
4.58551692963	-1368
4.58560490608	-1368
4.58578205109	-1368
4.58594703674	-1368
4.58928894997	-1368
4.5893740654	-1368
4.58954310417	-1368
4.59012103081	-1420
4.59016895294	-1316
4.59023594856	-1368
4.59088993073	-1368
4.59119510651	-1420
4.59122610092	-1316
4.59783196449	-1368
4.59800291061	-1368
4.59808397293	-1368
4.59814500809	543
4.60239005089	-1368
4.60249900818	-1368
4.60409998894	-1368
4.60417795181	-1368
4.60436010361	-1368
4.6048541069	-1368
4.60496306419	-1368
4.60502910614	543
4.60571408272	-1368
4.60644602776	-1368
4.60660791397	-1368
4.60711598396	-1368
4.60720992088	543
4.60753107071	-1368
4.60772490501	-1368
4.60809493065	-1368
4.60840010643	-1368
4.60859513283	-1368
4.60875511169	-1368
4.60883808136	-1368
4.60903811455	-1368
4.60911512375	-1368
4.6092851162	-1368
4.60942196846	-1368
4.60952091217	-1368
4.60969805717	-1368
4.60986399651	-1368
4.60999202728	-1368
4.61232089996	-1368
4.6124830246	-1368
4.61260390282	-1368
4.61608910561	-1368
4.61615395546	-1368
4.61633491516	-1368
4.61641001701	543
4.6174530983	-1368
4.61763191223	-1368
4.61775803566	-1368
4.61804294586	-1420
4.61806702614	-1316
4.61823892593	1057
4.61910510063	-1368
4.70977401733	-429
4.74259591103	-543
4.75513911247	-1368
4.75514602661	-1368
4.75577402115	-1368
4.75586509705	-1368
4.75605201721	-1368
4.75658202171	-1368
4.75674009323	-1368
4.75694298744	-1368
4.75716590881	-1368
4.75725293159	-1368
4.75741505623	-1368
4.76115512848	543
4.76316308975	-1368
4.77324104309	-1368
4.77330708504	-1368
4.77340006828	-1368
4.8978331089	-902
4.9279460907	-1368
4.92802000046	-1368
4.92823696136	-1368
5.09442305565	-609
5.09661793709	543
5.10559391975	543
5.10984706879	543
5.27976703644	-543
5.44820213318	-543
5.45705199242	-543
5.62109398842	-1086
5.62208795547	543
5.80561113358	-543
5.96884703636	-543
5.96935391426	1460
5.96942710876	1460
5.96946406364	1161
5.96956110001	1460
5.96959996223	1460
5.96963405609	1161
5.97271990776	149
5.98011398315	543
6.02934908867	543
6.14375400543	-543
6.14389300346	543
6.14703607559	-1420
6.14704108238	-1316
6.14732789993	-1368
6.14742994308	-1368
6.14779996872	-1368
6.1530880928	-1420
6.15313196182	-1316
6.15323710442	-1368
6.16736507416	-1368
6.16759705544	-1368
6.16763305664	-1368
6.16769909859	-1368
6.16781997681	543
6.16815400124	-1368
6.16831898689	-1368
6.16847991943	-1368
6.1686270237	-1368
6.16875290871	-1368
6.16915202141	-1368
6.1692969799	-1368
6.16942191124	-1368
6.16957306862	-1368
6.16973400116	-1368
6.16992092133	-1368
6.17443299294	-1368
6.17453503609	543
6.17457294464	-1368
6.17474412918	-1368
6.18339800835	-1368
6.18351793289	-1368
6.18369007111	-1368
6.18399190903	-1368
6.18412208557	-1368
6.18423295021	-1368
6.18446207047	-1368
6.18465900421	-1368
6.18474292755	-1368
6.18484306335	-1368
6.18500494957	-1368
6.18513202667	-1368
6.18530297279	-1368
6.18544101715	-1368
6.18562293053	-1368
6.18576097488	-1368
6.18585395813	543
6.18592095375	-1368
6.18607592583	-1368
6.18623209	-1368
6.18637108803	-1368
6.18664097786	-1368
6.19008708	-1368
6.19025993347	-1368
6.19039201736	-1368
6.19056010246	-1368
6.19089698792	-1368
6.19105792046	-1368
6.19119596481	-1368
6.19473791122	543
6.1970500946	-1368
6.19715094566	-1368
6.19730997086	-1368
6.19944810867	-1368
6.1996409893	-1368
6.19981098175	-1368
6.19998002052	-1368
6.20006108284	1057
6.20018100739	-1368
6.20033812523	-1368
6.20055198669	-1368
6.20073199272	-1368
6.20087790489	-1368
6.2010641098	-1368
6.20123291016	-1368
6.20136904716	-1368
6.20152902603	-1368
6.20166707039	-1368
6.20181298256	-1368
6.20336413383	-1368
6.20352005959	-1368
6.20490694046	-1368
6.2049779892	-1368
6.20539307594	-1368
6.20554900169	-1368
6.20585298538	-1368
6.21098804474	-1368
6.21107006073	543
6.21111893654	-1368
6.21128511429	-1368
6.21145200729	-1368
6.21156907082	-1368
6.2117369175	-1368
6.21188902855	-1368
6.21471095085	-1368
6.21509313583	-1368
6.21522593498	-1368
6.215321064	-1368
6.21539092064	-1368
6.21551012993	-1368
6.21842503548	-1368
6.21850013733	-1368
6.2186601162	-1368
6.218791008	-1368
6.21882009506	1057
6.21891093254	-1368
6.2190580368	-1368
6.21914601326	1057
6.21942996979	-1368
6.21954202652	-1368
6.21970295906	-1368
6.22104001045	-1368
6.22112512589	-1368
6.2212870121	-1368
6.22253894806	-1368
6.22270894051	-1368
6.22282099724	-1368
6.22296690941	-1368
6.22312903404	-1368
6.22329902649	-1368
6.22734999657	-1368
6.22744703293	-1368
6.22757601738	-1368
6.23323702812	-1368
6.23341107368	-1368
6.23356509209	-1368
6.24280691147	-1368
6.24291110039	-1368
6.24297809601	543
6.24932813644	-1368
6.24950695038	-1368
6.24963593483	-1368
6.24981808662	-1368
6.24991202354	-1368
6.25012207031	-1368
6.25148200989	-1368
6.25162696838	-1368
6.25175595284	-1368
6.25417304039	-1420
6.25420212746	-1316
6.25426411629	-1368
6.25434708595	543
6.25465202332	-1368
6.25533795357	-1368
6.25548005104	-1368
6.25604391098	-1368
6.25620794296	-1368
6.25635790825	-1368
6.25649809837	-1368
6.25656795502	543
6.25662398338	-1368
6.2567820549	-1368
6.25695490837	-1368
6.25709605217	-1368
6.25723791122	-1368
6.25743699074	-1368
6.25760197639	-1368
6.25774097443	-1368
6.25808596611	-1368
6.25823092461	-1368
6.2583990097	-1368
6.25856113434	-1368
6.25870013237	-1368
6.25884890556	-1368
6.25916409492	-1368
6.25934195518	-1368
6.25952005386	-1368
6.25969004631	-1368
6.25988292694	-1368
6.26002812386	-1368
6.26017713547	-1368
6.26032304764	-1368
6.26046800613	-1368
6.26067209244	-1368
6.26074695587	543
6.26080799103	-1368
6.26123094559	-1368
6.26125311852	-1368
6.26131892204	-1368
6.26145291328	-1368
6.26157212257	-1368
6.26923894882	-1368
6.26933193207	-1368
6.26966810226	-1368
6.26987195015	-1368
6.27007198334	-1368
6.27017903328	-1368
6.27031993866	-1368
6.27046990395	-1368
6.270622015	-1368
6.27069091797	1057
6.27797794342	-1368
6.27811908722	-1368
6.27827000618	-1368
6.27900195122	-1368
6.27918291092	-1368
6.2793431282	-1368
6.27953195572	-1368
6.27967405319	-1368
6.27986502647	-1368
6.28475403786	-1368
6.28484797478	-1368
6.2849419117	543
6.28500795364	-1368
6.28513813019	-1368
6.28528308868	-1368
6.28543400764	-1368
6.28922605515	-1368
6.28935599327	-1368
6.28951406479	-1368
6.28966403008	-1368
6.28982210159	-1368
6.28994512558	-1368
6.29152297974	-1368
6.29165410995	-1368
6.29179501534	-1368
6.29664301872	-1368
6.29673290253	-1368
6.29687690735	-1368
6.29703307152	-1368
6.29731297493	-1368
6.29742908478	543
6.29748702049	-1368
6.29778003693	-1368
6.29796290398	-1368
6.29800701141	543
6.29813504219	543
6.29818105698	-1368
6.30294895172	-1368
6.30307602882	-1368
6.30334997177	-1368
6.30450296402	-1368
6.3045809269	543
6.30464911461	-1368
6.30483102798	-1368
6.30516004562	-1368
6.30570602417	-1368
6.30807995796	-1368
6.30821609497	-1368
6.30835700035	-1368
6.30854105949	-1368
6.30876111984	-1368
6.31091308594	-1368
6.31108999252	-1368
6.3355550766	-975
6.35207295418	-1368
6.35221791267	-1368
6.35231304169	-1368
6.3577709198	-1368
6.38523507118	-812
6.42267608643	-1086
6.42499709129	543
6.42572498322	543
6.43993806839	-1368
6.43995213509	-1368
6.44009900093	-1368
6.44028711319	-1368
6.44038295746	-1368
6.44057297707	-1368
6.44389605522	-1368
6.44398999214	-1368
6.44428300858	-1368
6.46174502373	-1368
6.46178793907	-1368
6.46606111526	-1368
6.46609807014	-1368
6.46630907059	-1368
6.46640706062	-1368
6.46659493446	-1368
6.4667570591	-1368
6.46828508377	-1368
6.46840691566	-1368
6.46847295761	543
6.46860098839	-1368
6.46985793114	-1368
6.46998405457	543
6.47017812729	-1420
6.47018313408	-1316
6.47068691254	-1368
6.47108912468	-1368
6.4713139534	-1368
6.47136902809	-1368
6.47152400017	-1368
6.47165608406	-1368
6.4718170166	-1368
6.47219491005	-1420
6.47221899033	-1316
6.47614192963	-1368
6.48781204224	-1368
6.4878950119	543
6.4887471199	-1368
6.48899197578	-1368
6.49101901054	-1420
6.49102497101	-1316
6.49110507965	-1368
6.4912750721	-1368
6.49489092827	-1368
6.52594590187	-1368
6.52672791481	-1368
6.52692890167	-1368
6.53268909454	-1368
6.53278398514	-1368
6.53312802315	-1368
6.53322505951	-1420
6.53326892853	-1316
6.53744411469	543
6.53768205643	543
6.55594205856	-1368
6.55618906021	-1368
6.5562210083	-1368
6.59804701805	1057
6.59827899933	1460
6.59833407402	111
6.61243605614	-840
6.61272406578	1460
6.61278009415	111
6.62319898605	543
6.6234190464	543
6.62361812592	1460
6.62366390228	111
6.63054895401	543
6.63076710701	543
6.722687006	-543
6.7373020649	-1086
6.76973605156	543
6.77000904083	543
6.7782459259	543
6.77849411964	543
6.79639601707	-1368
6.79789495468	-1368
6.7979619503	-1368
6.80557608604	-1368
6.80601811409	-1368
6.80618596077	-1368
6.80632305145	-1368
6.8064160347	543
6.80646395683	-1368
6.80667304993	-1368
6.81075191498	-1368
6.81083798409	-1368
6.81091213226	543
6.81099295616	-1368
6.81114792824	-1368
6.81218099594	-1368
6.81230092049	-1368
6.8124871254	-1368
6.81509399414	-1368
6.81523108482	-1368
6.81538510323	-1368
6.8178050518	-1368
6.817923069	-1368
6.81894803047	-1368
6.81903290749	-1368
6.81920409203	-1368
6.82032203674	-1368
6.82047891617	-1368
6.82062196732	-1368
6.82414007187	-1368
6.82423591614	-1368
6.82639813423	-1368
6.82710289955	-1368
6.82723402977	-1368
6.82736802101	-1368
6.8304541111	-1368
6.83326601982	-1368
6.8334300518	-1368
6.83346700668	543
6.83403992653	-1368
6.83421707153	-1368
6.83428907394	-1368
6.83880209923	-1368
6.83888792992	-1368
6.83901596069	-1368
6.84175896645	-1368
6.84177398682	-1368
6.84181904793	-1368
6.84202504158	543
6.84336996078	-1368
6.84347009659	-1368
6.84364295006	-1368
6.84378600121	-1368
6.84394001961	-1368
6.84407496452	-1368
6.84425091743	-1368
6.84439611435	-1368
6.84454393387	-1368
6.84470701218	-1368
6.84486508369	-1368
6.84503412247	-1368
6.84518003464	-1368
6.84530806541	-1368
6.84549307823	-1368
6.84556603432	543
6.84560608864	-1368
6.84577298164	-1368
6.84590697289	-1368
6.84604310989	-1368
6.84619402885	-1368
6.84797000885	-1368
6.84809708595	-1368
6.8579480648	543
6.89125204086	543
6.90009713173	-1368
6.9001159668	-1368
6.90029811859	-1368
6.90081095695	-1368
6.90112495422	-1368
6.9014210701	-1368
6.90155911446	-1368
6.90326309204	-1368
6.90341711044	-1368
6.9039349556	-1368
6.90481805801	-1368
6.90541410446	-1368
6.90562009811	-1368
6.90658593178	-1368
6.9067261219	-1368
6.90688896179	-1368
6.90737295151	543
6.91276097298	-1368
6.91285800934	-1368
6.91302204132	-1368
6.91315507889	-1368
6.9133169651	-1368
6.91346693039	-1368
6.91514992714	543
6.91989207268	-1368
6.92000102997	-1368
6.94699311256	-1368
6.96888804436	-1368
6.96897506714	-1368
7.02421998978	-736
7.02646303177	-543
7.04478693008	-1368
7.04481196404	-1368
7.14132905006	-1368
7.14434409142	543
7.15019011497	543
7.17889404297	543
7.19267392159	-1368
7.19295191765	-1368
7.19304013252	-1368
7.19321298599	-1368
7.19337010384	-1368
7.19349002838	-1368
7.19401907921	-1368
7.19414997101	-1368
7.1945309639	-1420
7.19453597069	-1316
7.19519305229	-1368
7.1972849369	543
7.19736599922	-1368
7.19749212265	-1368
7.19765996933	-1368
7.19783306122	-1368
7.19800400734	-1368
7.19813990593	-1368
7.19875311852	-1368
7.19887590408	-1368
7.19903898239	-1368
7.20035195351	-1368
7.20053005219	-1368
7.20064711571	-1368
7.20080709457	-1368
7.20097494125	-1368
7.20111012459	543
7.20129299164	-1420
7.20129609108	-1316
7.20137906075	543
7.20145702362	-1368
7.20164704323	-1368
7.20387506485	-1368
7.20391702652	-1368
7.20412302017	-1368
7.20425105095	-1368
7.20444512367	-1368
7.20451307297	-1368
7.20559406281	-1368
7.2057659626	-1368
7.20592498779	-1368
7.21782803535	-1368
7.2180390358	-1368
7.22789096832	543
7.31709909439	-128
7.31907296181	543
7.38076996803	-1368
7.38748598099	-1368
7.38752698898	-1368
7.39658594131	-1368
7.3966319561	-1368
7.39732193947	-1368
7.39743995667	-1368
7.39756298065	-1368
7.39774513245	-1368
7.39792895317	-1368
7.39803504944	-1368
7.39822793007	-1368
7.39838194847	-1368
7.40034508705	543
7.40330600739	-1368
7.40442895889	543
7.40464091301	543
7.43907403946	543
7.52724695206	-243
7.57990503311	-1368
7.57993197441	-1368
7.58005309105	-1368
7.58015108109	-1368
7.58031606674	-1368
7.58046293259	-1368
7.58052206039	543
7.58528804779	-1368
7.58551096916	-1368
7.58554506302	-1368
7.58573293686	-1368
7.5858809948	-1368
7.58602499962	-1368
7.58618092537	-1368
7.58632206917	-1368
7.58650803566	-1368
7.58669090271	-1368
7.58677792549	-1368
7.58695101738	-1368
7.58878993988	543
7.58998799324	-1368
7.59012007713	-1368
7.59024190903	-1368
7.59032011032	543
7.59088993073	-1368
7.59099411964	-1368
7.59116411209	-1368
7.59144902229	-1420
7.59147596359	-1316
7.59161996841	-1368
7.59175896645	-1368
7.59190607071	-1368
7.59205698967	-1368
7.59274506569	-1368
7.59289503098	-1368
7.5930390358	-1368
7.59825801849	-1368
7.59843611717	-1368
7.59870409966	-1420
7.59872412682	-1316
7.59879994392	-1368
7.59896206856	-1368
7.59937310219	-1368
7.59945201874	-1368
7.59962892532	-1368
7.60119390488	543
7.61266112328	-1368
7.61275196075	-1368
7.61291003227	-1368
7.61969399452	543
7.61994290352	543
7.65880393982	1057
7.71512413025	-990
7.75840997696	-1368
7.758507967	-1368
7.79043292999	-1368
7.79064393044	543
7.7914121151	543
7.7977309227	-1368
7.86555600166	-1368
7.86619496346	543
7.86661505699	1057
7.87226295471	-1368
7.87298202515	-1368
7.88600611687	543
7.88622498512	543
7.91007804871	-1368
7.9176299572	543
7.92086410522	543
7.99094200134	-111
8.11552500725	-1086
8.13713908195	-1420
8.13716101646	-1316
8.13720107079	-1368
8.1561961174	-1368
8.15646290779	-1368
8.15650200844	-1368
8.15987300873	543
8.17731404305	-1368
8.17733001709	-1368
8.17788791656	543
8.18824505806	-1368
8.19421696663	543
8.24924993515	-1368
8.24992394447	-1368
8.25000500679	-1368
8.25022411346	-1368
8.25597190857	-1368
8.25615406036	-1420
8.25619506836	-1316
8.261936903	-1368
8.2620639801	-1368
8.26223397255	-1368
8.26358699799	1057
8.27357292175	543
8.34385704994	-1368
8.39855504036	-1368
8.39858007431	-1368
8.39874196053	-1368
8.39887094498	-1368
8.39899206161	-1368
8.39936709404	-1420
8.39947295189	-1316
8.39947605133	-1368
8.39961290359	-1368
8.39966511726	543
8.39980196953	-1368
8.39989209175	-1368
8.40008091927	-1368
8.40197396278	-1368
8.40206599236	543
8.40210700035	-1368
8.40221595764	-1368
8.41888904572	-1368
8.4189119339	-1368
8.41910290718	-1368
8.45612502098	-1368
8.45618391037	-1368
8.45630311966	-1368
8.45659804344	-1420
8.45678305626	-1316
8.45680499077	-1368
8.45916509628	-1368
8.45928692818	-1368
8.45944595337	-1368
8.45957398415	-1368
8.45968294144	-1368
8.45985198021	-1368
8.46003198624	-1368
8.46016597748	-1368
8.46027612686	-1368
8.46069502831	-1368
8.46082997322	-1368
8.46097803116	-1368
8.46121191978	543
8.46204996109	-1368
8.4639210701	-1420
8.46397590637	-1316
8.46407604218	-1368
8.46430110931	-1368
8.46445703506	-1368
8.46453905106	-1368
8.4652121067	-1368
8.46532702446	-1368
8.46552205086	-1368
8.46591496468	-1368
8.46606993675	-1368
8.46621012688	-1368
8.46635103226	-1368
8.46650409698	-1368
8.46665000916	-1368
8.4701731205	-1368
8.47019600868	-1368
8.47036099434	-1368
8.47787213326	-1368
8.47793292999	-1368
8.4781370163	1057
8.56499004364	-1368
8.56500911713	-1368
8.56510400772	-1368
8.56528091431	-1368
8.56537890434	-1368
8.56554603577	-1368
8.5715649128	-1368
8.57162594795	-1368
8.5943069458	-82
8.61008405685	543
8.63212013245	543
8.66807794571	543
8.66839599609	543
8.71884012222	-1086
8.88343095779	-543
8.93051099777	-1368
9.05769395828	543
9.07221508026	-1368
9.0722849369	-1368
9.07244491577	-1368
9.07262301445	-1368
9.07334208488	543
9.18696904182	-1368
9.29767990112	-791
9.29790592194	543
9.30913996696	-1368
9.30915307999	-1368
9.31064891815	543
9.43483996391	-920
9.45114994049	543
9.46114897728	1057
9.68162202835	-543
9.68403506279	-1368
9.68408513069	-1368
9.68479609489	-1368
9.68490409851	-1368
9.68505501747	-1368
9.69042611122	-1368
9.69053506851	-1368
9.69084906578	-1368
9.69117999077	-1368
9.70117402077	-1368
9.70118904114	-1368
9.70135593414	-1368
9.70231890678	-1420
9.70236611366	-1316
9.70241713524	-1368
9.70339107513	1057
9.71301102638	-1368
9.71302700043	-1368
9.71393799782	-1368
9.71461892128	-1368
9.71479296684	-1368
9.7153840065	-1368
9.71550893784	-1368
9.78872203827	-1368
9.78880906105	-1368
9.78886604309	-1368
9.78952693939	543
9.7899889946	1057
9.79521393776	-1368
9.79535603523	-1368
9.79548597336	-1368
9.79736399651	-1368
9.79747009277	-1368
9.79760599136	-1368
9.80472993851	-1368
9.82339191437	-1368
9.82343697548	-1368
9.82357311249	-1368
9.83018898964	-1368
9.91435909271	-307
9.91635203362	543
9.94256806374	-1368
9.94258308411	-1368
9.9426651001	-1368
9.94293498993	-1368
9.94301199913	-1368
9.94323301315	-1368
9.94363713264	-1368
9.94377207756	-1368
9.94390201569	-1368
9.94436502457	-1368
9.94445109367	543
9.94449710846	-1368
9.94461297989	-1368
9.94841599464	-1368
9.94853496552	-1368
9.94865894318	-1368
9.96383810043	-1368
9.96391391754	-1368
9.96391797066	-1368
9.96406197548	-1368
9.96419596672	543
9.96454191208	-1368
9.96470594406	-1368
9.96476912498	-1368
9.96501207352	-1368
9.96515107155	-1368
9.96529006958	-1368
9.96544194221	-1368
9.96556591988	-1368
9.96572113037	-1368
9.96599197388	-1368
9.96609711647	-1368
9.96625804901	-1368
9.966340065	543
9.96655106544	-1368
9.96655607224	-1368
9.96672010422	-1368
9.96684098244	-1368
9.96709704399	-1420
9.96710205078	-1316
9.96959209442	-1368
9.96966505051	-1368
9.96994495392	-1368
9.9790930748	-1368
9.97915911674	-1368
9.97925710678	-1368
9.98124313354	-1368
9.98143792152	-1368
9.98151397705	-1368
9.9821100235	-1368
9.98219108582	-1368
9.98236393929	-1368
9.98248291016	-1368
9.9825720787	543
9.98267006874	-1368
9.98283290863	-1368
9.98354196548	-1368
9.98366808891	-1368
9.98382210732	-1368
9.98388695717	543
9.98396492004	-1368
9.98712992668	-1368
9.98717212677	-1368
9.99121403694	-1368
9.99148011208	-1368
9.99153399467	-1368
9.9918179512	-1368
9.99193406105	-1368
9.99204802513	-1368
9.99376797676	-1368
9.99391198158	-1368
9.99405312538	-1368
9.99577903748	-1368
9.99586701393	543
9.99592494965	-1368
9.99607992172	-1368
9.99621701241	-1368
9.99635696411	-1368
9.99652194977	-1368
9.99668192863	-1368
9.9968380928	-1368
9.99698805809	-1368
9.99807095528	-1368
9.99825906754	-1368
9.99834799767	-1368
9.99849390984	-1368
9.99879097939	-1368
9.99889993668	-1368
9.99922990799	-1368
9.99933099747	-1368
9.99946594238	-1420
9.9994699955	-1316
9.99968004227	-1368
9.99981212616	-1368
9.99996209145	-1368
10.0000269413	543
10.0001311302	-1368
10.0002720356	-1368
10.0025060177	-1368
10.0031650066	-1368
10.0033431053	-1368
10.0034389496	-1368
10.0038290024	543
10.0070419312	-1368
10.0071980953	-1368
10.0073781013	-1368
10.0074620247	-1368
10.0076301098	-1368
10.0077650547	-1368
10.0079550743	-1368
10.0080881119	-1368
10.0082519054	-1368
10.0100469589	-1368
10.0101690292	-1368
10.0103139877	-1368
10.0238521099	-1368
10.0239109993	-1368
10.0240659714	-1368
10.0241210461	543
10.089605093	-697
10.0909180641	-1368
10.091094017	-1368
10.0913410187	-1368
10.0914800167	-1368
10.0915710926	-1368
10.0917301178	-1368
10.0933260918	-1368
10.0934889317	-1368
10.0936129093	-1368
10.0937469006	-1368
10.0938100815	543
10.0938959122	-1368
10.0941970348	-1420
10.094219923	-1316
10.0942950249	-1368
10.094481945	-1368
10.0946369171	-1368
10.0947470665	-1368
10.0949010849	-1368
10.0962939262	-1368
10.09643507	-1368
10.0965790749	-1368
10.096642971	543
10.1105251312	-1368
10.1105399132	-1368
10.1106910706	-1368
10.1567521095	-1368
10.1581270695	-1368
10.1582159996	-1368
10.1646990776	-1368
10.1678409576	-1368
10.2269949913	-1368
10.2398700714	543
10.2406449318	543
10.3080000877	543
10.3510921001	-262
10.4754009247	-543
10.5758759975	-1420
10.5759050846	-1316
10.5759789944	-1368
10.5760750771	-1368
10.5763759613	-1368
10.5763840675	-1368
10.5899450779	-1368
10.5899510384	-1368
10.7142291069	-538
10.7150990963	543
10.8683099747	1057
10.9082319736	-543
10.9103929996	-1368
10.9104390144	-1368
10.9108560085	-1368
10.9108960629	-1368
10.9109680653	-1368
10.9172449112	-1368
10.9172511101	-1368
10.9177350998	-1368
10.9295270443	-1368
10.9295990467	-1368
11.0538070202	-886
11.0976209641	-1420
11.0976419449	-1316
11.0977320671	-1368
11.103894949	-1368
11.2280590534	-870
11.2301521301	543
11.2308421135	543
11.3940939903	-543
11.5637640953	-543
11.5669550896	-1368
11.5670239925	-1368
11.5672590733	-1368
11.5673620701	-1368
11.5673689842	-1368
11.5730919838	-1368
11.5731070042	-1368
11.573292017	-1368
11.5734639168	543
11.5819129944	-1368
11.5820319653	-1368
11.582408905	-1420
11.5824139118	-1316
11.5826721191	-1368
11.5828549862	-1368
11.5829911232	-1368
11.5830740929	543
11.5831820965	-1368
11.5833461285	-1368
11.5835120678	-1368
11.5836241245	-1368
11.5838029385	-1368
11.5839600563	-1368
11.5841090679	-1368
11.5842659473	-1368
11.5844399929	-1368
11.5845971107	-1368
11.5894129276	-1420
11.5894191265	-1316
11.5897479057	-1368
11.5986349583	-1368
11.5986800194	-1368
11.5989871025	-1368
11.5990390778	-1368
11.5998609066	-1368
11.5999219418	-1368
11.6018340588	-1368
11.6018900871	-1368
11.6020610332	-1368
11.6022219658	543
11.6026830673	-1368
11.6029019356	-1368
11.6035730839	-1368
11.6038229465	-1368
11.6038789749	-1368
11.6040790081	-1368
11.6043570042	-1368
11.6043629646	-1368
11.6045510769	-1368
11.6046891212	-1368
11.6048419476	543
11.6050269604	-1368
11.6050319672	-1368
11.6059420109	-1368
11.6116549969	-1368
11.6117179394	-1368
11.611880064	-1368
11.6143529415	-1368
11.6143670082	-1368
11.614565134	-1368
11.6147460938	543
11.6183700562	-1368
11.6183829308	-1368
11.618614912	-1368
11.6188831329	-1368
11.6190910339	-1368
11.6191000938	-1368
11.6213469505	-1368
11.6213600636	-1368
11.6215450764	-1368
11.6220629215	-1368
11.6223049164	-1368
11.6223130226	-1368
11.6225159168	-1368
11.6226229668	-1368
11.6230950356	-1368
11.6235079765	-1368
11.6238059998	-1368
11.6238119602	-1368
11.6238479614	543
11.6239180565	-1368
11.624284029	-1368
11.6243369579	-1368
11.6244120598	-1368
11.6245620251	-1368
11.6247649193	-1368
11.6248929501	-1368
11.6250779629	-1368
11.6252119541	-1368
11.6255130768	-1368
11.6257331371	-1368
11.6257410049	-1368
11.6261780262	-1368
11.6265189648	543
11.6288559437	543
11.6317229271	-1368
11.6318769455	-1368
11.6319339275	-1368
11.6321470737	-1368
11.6322689056	-1368
11.6327190399	-1368
11.6327710152	-1368
11.6330089569	-1368
11.6331291199	543
11.6332941055	-1368
11.6337139606	-1420
11.6338169575	-1420
11.63382411	-1264
11.6359291077	-1368
11.6360719204	-1368
11.6362481117	-1368
11.6363561153	-1368
11.6365470886	-1368
11.6367149353	-1368
11.6385469437	-1368
11.63864398	-1368
11.6388339996	-1368
11.642234087	-1368
11.6422951221	-1368
11.6424779892	-1368
11.6427149773	543
11.6429510117	-1368
11.6430621147	-1368
11.6432471275	-1368
11.6433939934	-1368
11.6435251236	-1368
11.6436910629	-1368
11.6439039707	-1368
11.644037962	-1368
11.6442220211	-1368
11.6443219185	-1368
11.6445109844	-1368
11.6446430683	-1368
11.6448090076	-1368
11.6449980736	-1368
11.6451749802	-1368
11.6454191208	-1420
11.6454861164	-1316
11.6457130909	-1368
11.645761013	-1368
11.6458520889	-1368
11.6459801197	-1368
11.6477401257	-1368
11.647865057	-1368
11.6482980251	-1368
11.6485989094	-1368
11.6490490437	-1368
11.6490979195	543
11.6491930485	-1368
11.6494839191	-1420
11.6495170593	-1316
11.6495900154	543
11.6496369839	-1368
11.6556620598	-1368
11.6557779312	-1368
11.6559450626	-1368
11.6576089859	-1368
11.6578359604	-1368
11.6580579281	-1368
11.6582760811	-1368
11.6582999229	-1368
11.6584329605	-1368
11.6585040092	543
11.6585700512	-1368
11.6587181091	-1368
11.6588480473	-1368
11.6590280533	-1368
11.659181118	-1368
11.6593499184	-1368
11.6595380306	-1368
11.6597061157	-1368
11.6598520279	-1368
11.6599991322	-1368
11.6601741314	-1368
11.6603081226	-1368
11.6604630947	-1368
11.6606049538	-1368
11.6607749462	-1368
11.6609230042	-1368
11.661080122	-1368
11.6612539291	-1368
11.6614310741	-1368
11.6615791321	-1368
11.661657095	543
11.6616950035	-1368
11.6618580818	543
11.6618759632	-1368
11.6621160507	-1368
11.6622591019	-1368
11.6623909473	-1368
11.6625459194	-1368
11.6626720428	-1368
11.66289711	-1368
11.6642680168	-1420
11.6642971039	-1316
11.6643939018	-1368
11.6664741039	-1368
11.6666109562	-1368
11.6667590141	-1368
11.6832950115	-1368
11.7296950817	-1290
11.7298650742	543
11.7788200378	-1368
11.7788379192	-1368
11.7789049149	-1368
11.7794210911	-1368
11.7795119286	-1368
11.7796881199	-1368
11.7836239338	-1368
11.7838349342	-1420
11.7839460373	-1316
11.7848351002	-1368
11.7853081226	-1368
11.7854139805	-1368
11.7856140137	543
11.7857079506	-1368
11.7880179882	-1368
11.7880859375	-1368
11.7881879807	-1368
11.7902140617	-1368
11.7904341221	-1368
11.7904980183	-1368
11.7914829254	-1368
11.7915511131	-1368
11.7917449474	543
11.7918429375	-1368
11.7924869061	-1368
11.7925441265	-1368
11.7926809788	-1368
11.7929799557	-1368
11.7930879593	-1368
11.7932100296	-1368
11.7935199738	-1368
11.7937600613	-1368
11.7937679291	-1368
11.7941989899	-1368
11.7944021225	-1368
11.7944691181	-1368
11.7950661182	-1368
11.7957260609	-1368
11.7957370281	-1368
11.7961261272	-1368
11.7961959839	-1368
11.7963559628	-1368
11.796790123	-1368
11.7972669601	-1420
11.7973179817	-1420
11.7974140644	-1264
11.7974209785	-1368
11.7975170612	-1368
11.797645092	-1368
11.7980909348	-1420
11.7980999947	-1316
11.7984089851	-1420
11.7984189987	-1316
11.7985839844	-1368
11.7985920906	-1368
11.798871994	-1368
11.7988810539	-1368
11.7990949154	-1368
11.7992310524	-1368
11.7994201183	-1368
11.7995629311	-1368
11.7997729778	-1368
11.7999250889	-1368
11.8000450134	-1368
11.801377058	543
11.8018901348	543
11.8022549152	543
11.8056130409	-1368
11.8057169914	-1368
11.805918932	-1368
11.8081450462	-1368
11.8082089424	-1368
11.8083810806	-1368
11.8086650372	-1368
11.8086750507	-1368
11.8088400364	-1368
11.8100581169	-1368
11.8101270199	-1368
11.8102591038	-1368
11.8103830814	-1368
11.8105270863	-1368
11.8110210896	-1368
11.8111541271	-1368
11.8114819527	-1368
11.8114891052	-1368
11.8115320206	-1368
11.8118391037	543
11.8137841225	-1368
11.8138871193	-1368
11.8177380562	-1368
11.8180561066	-1420
11.8181641102	-1316
11.8181710243	-1368
11.8183510303	-1368
11.818570137	-1368
11.8188240528	543
11.8206479549	-1368
11.8209059238	-1368
11.8209950924	-1368
11.8247730732	-1368
11.8248419762	-1368
11.8250169754	-1368
11.8256049156	-1368
11.8258140087	-1368
11.8259100914	543
11.8259840012	-1368
11.8260769844	-1368
11.8263120651	-1368
11.8266689777	-1420
11.8267359734	-1316
11.8269519806	-1368
11.8269999027	-1368
11.8270061016	-1368
11.8304710388	-1368
11.8305649757	-1368
11.8308670521	-1368
11.830876112	-1368
11.8309979439	-1368
11.8311691284	-1368
11.8313350677	-1368
11.8314950466	-1368
11.8334949017	-1368
11.8336439133	-1368
11.8339529037	-1368
11.8339641094	-1368
11.8340849876	-1368
11.8342399597	-1368
11.8343911171	543
11.8344979286	-1368
11.8347430229	-1368
11.8348739147	-1368
11.8350050449	-1368
11.8351759911	-1368
11.8353290558	-1368
11.8355419636	-1368
11.8357009888	543
11.8368480206	-1368
11.8370079994	-1368
11.8370599747	-1368
11.8377070427	-1368
11.8379359245	-1368
11.838176012	-1420
11.838228941	-1316
11.8383169174	-1368
11.8384809494	-1368
11.8388090134	-1368
11.8389749527	-1368
11.8390989304	-1368
11.8396880627	543
11.8443450928	-1368
11.8443689346	-1368
11.8444519043	-1368
11.8444581032	-1368
11.8445010185	-1368
11.8445060253	-1368
11.8454909325	-1368
11.8454999924	-1368
11.845760107	-1368
11.845897913	-1368
11.8461101055	-1368
11.8515689373	-1368
11.8601899147	-1368
11.8602089882	-1368
11.9201600552	-1420
11.9201750755	-1316
11.9202189445	-1368
11.920222044	-1368
11.9203879833	543
11.9208700657	-1420
11.9208769798	-1316
11.9210469723	-1368
11.921216011	-1368
11.9214251041	-1368
11.9215900898	-1368
11.9217720032	-1368
11.9219410419	543
11.9220299721	-1368
11.9220349789	-1368
11.9238860607	-1368
11.9239010811	-1368
11.9241490364	-1368
11.9300289154	-1368
11.9372980595	-1420
11.9373159409	-1316
11.9436850548	-1368
11.9438900948	543
11.9439840317	-1368
11.9439899921	-1368
11.9441120625	-1368
11.9442780018	-1368
11.9444899559	-1368
11.9445888996	-1368
11.9447770119	-1368
11.9449100494	-1368
11.9451169968	-1368
11.9453630447	-1368
11.9455149174	-1368
11.9507470131	-1368
11.9508991241	-1368
11.951018095	-1368
11.9512379169	-1368
11.9515221119	-1368
11.9517519474	-1368
11.9517600536	-1368
11.972039938	-1420
11.9720630646	-1316
11.9721310139	-1368
11.9723761082	543
11.97270298	-1368
11.9727909565	-1368
11.9729180336	-1368
11.9740650654	-1368
11.9743759632	-1420
11.9743869305	-1316
11.9744880199	-1368
11.9745900631	-1368
11.9747879505	-1368
11.9749500751	543
11.976598978	-1368
11.9766089916	-1368
11.976747036	-1368
11.9768619537	-1368
11.9769771099	-1368
11.9771211147	-1368
11.9772889614	-1368
11.9774549007	-1368
11.977823019	-1368
11.9785590172	543
11.9786739349	-1368
11.9789209366	-1368
11.9790661335	-1368
11.979254961	-1368
11.9794220924	-1368
11.9795439243	-1368
11.9796860218	-1368
11.9798209667	-1368
11.9799389839	-1368
11.9800739288	-1368
11.9802589417	-1368
11.9803919792	-1368
11.9805650711	-1368
11.9807701111	-1368
11.9809000492	-1368
11.98548913	-1368
11.9855549335	-1368
11.9886319637	-1368
11.9887320995	543
11.9887881279	-1368
11.9890270233	-1368
11.9891719818	-1368
11.9893119335	-1368
11.9895091057	-1368
11.9896540642	-1368
11.9900789261	-1368
11.9902329445	-1368
11.9904179573	-1368
11.9908800125	-1368
11.9909660816	543
11.9911921024	-1420
11.9911949635	-1316
11.9913480282	-1368
11.9914739132	-1368
11.9916350842	-1368
11.9917709827	-1368
11.9919121265	-1368
11.9920461178	-1368
11.9922559261	-1368
11.9923229218	543
11.9923939705	-1368
11.992552042	-1368
11.9927809238	-1368
11.9928860664	-1368
11.9930620193	-1368
11.9931919575	-1368
11.9933729172	-1368
11.9935319424	-1368
11.9937369823	-1368
11.9938530922	-1368
11.9940230846	-1368
11.994136095	-1368
11.9954149723	-1368
11.9955399036	-1368
11.9956870079	-1368
11.9983260632	-1368
11.9984951019	-1368
11.9986279011	-1368
11.9992039204	-1368
12.0004229546	543
12.000836134	-1368
12.0009670258	-1368
12.0010969639	-1368
12.0012359619	-1368
12.0013859272	-1368
12.0061879158	-1368
12.006346941	-1368
12.0064849854	-1368
12.0079739094	-1368
12.008136034	-1368
12.0082640648	-1368
12.0084049702	-1368
12.0085101128	543
12.008548975	-1368
12.0086901188	-1368
12.0088639259	-1368
12.0090050697	-1368
12.0091600418	-1368
12.0092921257	-1368
12.009458065	-1368
12.0095119476	543
12.0095911026	-1368
12.0097980499	-1368
12.0099499226	-1368
12.0101149082	-1368
12.0102610588	-1368
12.0106110573	-1368
12.0107560158	-1368
12.01090312	-1368
12.0111129284	-1368
12.0112509727	-1368
12.0114169121	-1368
12.0116739273	-1368
12.0118091106	-1368
12.0119440556	-1368
12.0126819611	-1368
12.0128149986	-1368
12.0129740238	-1368
12.022687912	-1368
12.0250780582	-1368
12.025149107	543
12.0253460407	-1368
12.0255320072	-1368
12.0258541107	-1368
12.026006937	-1368
12.0261390209	-1368
12.0264279842	-1420
12.0264530182	-1316
12.0267729759	-1368
12.0268819332	-1420
12.0268859863	-1316
12.0270841122	-1368
12.0271420479	543
12.0272169113	-1368
12.0274040699	-1368
12.0315849781	-1368
12.0316619873	-1368
12.0317940712	-1368
12.0440170765	543
12.0441150665	543
12.0465829372	-1368
12.0466871262	-1368
12.1045920849	-1039
12.1047890186	543
12.1351459026	-1420
12.1351640224	-1316
12.1352260113	-1368
12.1357409954	-1368
12.1358120441	-1368
12.1362941265	-1420
12.1364049911	-1420
12.1364109516	-1264
12.1365120411	-1368
12.1367211342	-1368
12.1367709637	-1368
12.1368410587	-1368
12.137018919	-1368
12.1371409893	-1368
12.1373491287	-1368
12.1427249908	-1420
12.1427929401	-1316
12.1429789066	-1368
12.1430330276	-1368
12.1437559128	-1420
12.1438269615	-1316
12.1438341141	-1368
12.1440241337	543
12.1443610191	-1368
12.1445219517	-1368
12.1446490288	-1368
12.144810915	-1368
12.1450431347	-1368
12.1455190182	-1420
12.1455860138	-1420
12.1455929279	-1264
12.1456329823	-1368
12.1456389427	-1368
12.145802021	-1368
12.146032095	543
12.1496899128	-1368
12.1497039795	-1368
12.1512970924	-1368
12.1513109207	-1368
12.1513700485	-1368
12.1515219212	-1368
12.151638031	-1368
12.1518750191	543
12.1521370411	-1368
12.1523509026	-1368
12.1527149677	-1368
12.1532230377	-1368
12.1532769203	-1368
12.1534290314	-1368
12.1537270546	-1368
12.1538159847	-1368
12.153990984	-1368
12.1541900635	-1368
12.1542999744	-1368
12.1544840336	-1368
12.1546220779	-1368
12.1547460556	-1368
12.1549239159	-1368
12.1551389694	-1368
12.1552500725	-1368
12.1554260254	-1368
12.1556699276	543
12.1557629108	-1368
12.1558640003	-1368
12.1566090584	-1368
12.1608951092	-1368
12.1609640121	-1420
12.1609709263	-1316
12.1615169048	-1368
12.1616020203	-1368
12.161730051	-1368
12.1621339321	-1368
12.1621859074	-1368
12.1623959541	-1368
12.1624779701	-1368
12.162530899	543
12.1626069546	-1368
12.1628210545	-1368
12.1635091305	-1368
12.163588047	-1368
12.1638040543	-1368
12.1639389992	-1368
12.1641449928	-1368
12.1643218994	543
12.1653039455	-1368
12.1654090881	-1368
12.1656279564	-1368
12.1659369469	-1368
12.1662549973	-1368
12.1662640572	-1368
12.1669800282	-1368
12.1671350002	-1368
12.1678321362	-1368
12.1699850559	1460
12.1700470448	111
12.1747369766	-1368
12.1753411293	-1420
12.175369978	-1316
12.1754229069	-1368
12.1765480042	-1368
12.1766080856	-1368
12.1766910553	-1368
12.1771440506	-1368
12.177218914	-1368
12.1774909496	-1368
12.1776940823	-1368
12.178030014	-1368
12.1780591011	-1368
12.1785430908	-1368
12.1785719395	-1368
12.1786351204	-1368
12.1790781021	-1420
12.1790850163	-1316
12.1791100502	-1368
12.1792550087	543
12.1812319756	-1368
12.181358099	-1368
12.1814050674	-1368
12.1825420856	-1368
12.182792902	-1368
12.1828041077	-1368
12.1843550205	-1368
12.1843700409	-1368
12.1845989227	-1368
12.1847059727	-1368
12.18491292	-1368
12.1850159168	-1368
12.1851539612	-1368
12.1852989197	-1368
12.1854469776	-1368
12.1856069565	-1368
12.185739994	-1368
12.1858999729	-1368
12.1860659122	-1368
12.1862339973	-1368
12.1863739491	-1368
12.1878969669	-1368
12.1880431175	-1368
12.1881420612	-1368
12.1963210106	-1368
12.1966030598	-1368
12.1966650486	-1368
12.1971209049	-1368
12.1971750259	-1368
12.1974270344	-1368
12.1977300644	-1368
12.1977379322	-1368
12.1978700161	-1368
12.1980040073	-1368
12.1982610226	-1368
12.1983990669	-1368
12.199682951	-1368
12.199819088	-1368
12.1999330521	-1368
12.2001399994	-1368
12.2003929615	-1420
12.2004020214	-1316
12.2005279064	-1368
12.2006959915	-1368
12.2008080482	-1368
12.2010169029	-1368
12.2011389732	-1368
12.201280117	-1368
12.2014739513	-1368
12.2016060352	-1368
12.2018170357	-1368
12.2019710541	-1368
12.2020890713	-1368
12.2022500038	-1368
12.2024629116	-1368
12.2025690079	-1368
12.2027311325	-1368
12.2029080391	-1368
12.2031331062	-1368
12.2032659054	-1368
12.2034599781	-1368
12.2071099281	543
12.2131590843	-1368
12.2134230137	-1368
12.2135241032	-1368
12.213737011	-1368
12.276610136	-562
12.3220150471	-1368
12.3220219612	-1368
12.3221609592	-1368
12.3232390881	-1368
12.3232691288	-1368
12.3242070675	-1368
12.3242371082	-1368
12.3243539333	-1368
12.324919939	-1368
12.3249349594	-1368
12.3250739574	-1368
12.3252649307	-1368
12.3254890442	-1368
12.325578928	-1368
12.3257379532	-1368
12.3259899616	543
12.3260791302	-1368
12.3261959553	-1368
12.3265299797	-1368
12.3265380859	-1368
12.3266439438	-1368
12.3267929554	-1368
12.3269870281	-1368
12.3270699978	-1368
12.3272809982	-1368
12.3275201321	-1368
12.3277719021	-1368
12.3277790546	-1368
12.3282449245	-1368
12.3285179138	-1368
12.3285720348	-1368
12.3287270069	-1368
12.3288640976	-1368
12.3290200233	-1368
12.3297460079	-1368
12.3297550678	-1368
12.3299500942	-1368
12.3304629326	-1368
12.3305211067	-1368
12.3307230473	-1368
12.3315289021	-1368
12.3316299915	-1368
12.3318440914	-1368
12.332857132	-1368
12.3329899311	-1368
12.3331370354	-1368
12.3349339962	-1420
12.3349490166	-1316
12.335007906	-1368
12.3352789879	543
12.3410859108	-1420
12.3411009312	-1316
12.3413360119	-1368
12.3478760719	-1420
12.3479521275	-1316
12.3479590416	-1368
12.3481791019	-1368
12.3482489586	-1368
12.3484749794	-1368
12.3523020744	-1420
12.3523700237	-1316
12.3524990082	-1368
12.3534181118	-1368
12.3536200523	-1368
12.3536710739	-1368
12.3536760807	-1368
12.3554151058	-1368
12.3554301262	-1368
12.3564989567	-1368
12.3565139771	-1368
12.3568689823	-1368
12.3579061031	-1420
12.3579630852	-1316
12.358050108	-1368
12.3606469631	-1368
12.3606610298	-1368
12.3607981205	-1368
12.36105299	-1368
12.3630290031	-1420
12.3630440235	-1316
12.3636579514	-1368
12.3636689186	-1368
12.3641149998	-1368
12.3641240597	-1368
12.3641929626	-1368
12.364413023	-1368
12.3646819592	-1420
12.3646910191	-1316
12.3652620316	-1420
12.3652698994	-1420
12.3653640747	-1264
12.3653700352	-1368
12.3654670715	-1368
12.3657009602	543
12.3680889606	-1368
12.3681790829	-1368
12.3684160709	-1368
12.3789589405	-1368
12.3842220306	-1368
12.3842921257	-1368
12.3844389915	-1368
12.3853600025	-1368
12.3854839802	-1368
12.385668993	-1368
12.3857929707	-1368
12.3858530521	543
12.3859729767	-1368
12.3860840797	-1368
12.3878071308	-1368
12.3878901005	-1368
12.3880360126	-1368
12.3896920681	-1368
12.389786005	-1368
12.3899319172	-1368
12.3910529613	-1368
12.3911910057	-1368
12.3913609982	-1368
12.3919229507	-1368
12.3920750618	-1368
12.3922250271	-1368
12.3932840824	-1368
12.393433094	-1368
12.3935709	-1368
12.3940439224	-1368
12.3951330185	-1368
12.3952739239	-1368
12.3959181309	-1368
12.3962230682	-1420
12.3962469101	-1316
12.3963649273	543
12.3965210915	-1368
12.3966720104	-1368
12.3968229294	-1368
12.3969120979	543
12.3972649574	-1368
12.3973910809	-1368
12.397548914	-1368
12.3982970715	-1368
12.3994250298	-1368
12.3995490074	-1368
12.4008629322	-1368
12.4010190964	-1368
12.4011490345	-1368
12.4015440941	-1368
12.4016909599	-1368
12.4018280506	-1368
12.4023230076	543
12.4044139385	-1368
12.4045031071	-1368
12.4046940804	-1368
12.4049971104	-1368
12.4057729244	-1368
12.4058849812	-1368
12.4060001373	-1368
12.406167984	-1368
12.4062790871	-1368
12.4069290161	-1368
12.4070611	-1368
12.4071938992	-1368
12.4135289192	-1368
12.4135870934	-1368
12.4137449265	-1368
12.4140539169	-1368
12.4151299	-1368
12.4152030945	543
12.4152839184	-1368
12.4159550667	-1368
12.4160659313	-1368
12.416203022	-1368
12.4163620472	-1368
12.4165039062	-1368
12.4166741371	-1368
12.4176309109	-1420
12.4176559448	-1316
12.4177339077	543
12.4178469181	-1368
12.4182190895	-1368
12.4190840721	-1368
12.4191639423	-1368
12.4196100235	-1368
12.4197499752	-1368
12.4199330807	-1368
12.4199979305	-1368
12.4202079773	-1368
12.4203290939	-1368
12.4205150604	-1368
12.4205980301	-1368
12.4207429886	-1368
12.4220490456	543
12.4270379543	-1368
12.4286561012	-1368
12.4287490845	-1368
12.4297549725	-1368
12.4298849106	-1368
12.4300220013	-1368
12.4301080704	-1368
12.4302971363	-1368
12.430423975	-1368
12.4336509705	-1368
12.4339981079	-1420
12.4340031147	-1316
12.4369049072	-1368
12.4370620251	-1368
12.4380619526	-1368
12.439095974	-1368
12.4392390251	-1368
12.4392580986	543
12.4393680096	-1368
12.4397749901	-1368
12.4399399757	-1368
12.4464941025	-1368
12.4465639591	-1368
12.446680069	543
12.4475519657	-1420
12.4475569725	-1316
12.4482820034	-1368
12.4483370781	-1368
12.4485421181	-1368
12.4498960972	-1368
12.4500219822	-1368
12.4501640797	-1368
12.4505600929	-1368
12.450701952	-1368
12.450854063	-1368
12.4516611099	-1368
12.4518079758	-1368
12.4519400597	-1368
12.4520981312	-1368
12.4521701336	543
12.4535400867	-1368
12.4602720737	-1368
12.4603199959	-1368
12.4607350826	-1368
12.4608061314	-1368
12.4609489441	-1368
12.461304903	-1368
12.4613540173	-1368
12.4677369595	-1368
12.4680731297	-1368
12.4687900543	-1368
12.4743459225	-1368
12.4744269848	-1368
12.4745869637	-1368
12.4758760929	-1368
12.4758820534	-1368
12.4761300087	-1368
12.4762189388	-1368
12.4764080048	-1368
12.4765360355	-1368
12.4767420292	543
12.4831840992	-1368
12.4831960201	-1368
12.4834079742	-1368
12.48548913	-1368
12.4855511189	-1368
12.4857349396	543
12.4859499931	-1368
12.4861810207	-1368
12.4867050648	-1368
12.4868109226	-1368
12.4871199131	-1368
12.4871280193	-1368
12.4872539043	-1368
12.4874179363	-1368
12.4887931347	-1368
12.4888029099	-1368
12.4890170097	-1368
12.4892981052	543
12.4917449951	-1368
12.4920330048	-1368
12.4968750477	-1368
12.4968869686	-1368
12.4971079826	-1368
12.497592926	-1368
12.497740984	-1368
12.4978749752	-1368
12.5020489693	-1368
12.5022809505	-1368
12.5023400784	-1368
12.5097620487	-1368
12.5098209381	-1368
12.5099561214	-1368
12.5100119114	-1368
12.5122919083	-1368
12.5123689175	-1368
12.5123779774	-1368
12.5253911018	-1169
12.5264089108	543
12.5712640285	-543
12.5809221268	-1368
12.5821681023	-1368
12.5823099613	-1368
12.5831899643	-1368
12.5832080841	-1368
12.5833749771	-1368
12.5850100517	-1368
12.5850729942	-1368
12.5851929188	-1368
12.5855109692	-1368
12.5855169296	-1368
12.5855710506	543
12.5857489109	-1368
12.5857570171	-1368
12.5859849453	-1368
12.5861129761	-1368
12.5864069462	-1368
12.5864150524	-1368
12.5866639614	-1368
12.5866720676	-1368
12.5868809223	-1368
12.5869939327	-1368
12.5871469975	-1368
12.5875039101	543
12.5876030922	-1420
12.5876100063	-1316
12.5878190994	-1368
12.5892491341	-1368
12.589304924	-1368
12.5894811153	-1368
12.5897819996	-1368
12.5898940563	-1368
12.5902369022	-1368
12.5923380852	-1368
12.5923979282	-1368
12.5925540924	-1368
12.5955500603	-1368
12.5955619812	-1368
12.5957479477	-1368
12.6066570282	-1368
12.6069419384	-1368
12.6070539951	-1368
12.6072070599	543
12.6073129177	-1368
12.6074590683	-1368
12.6075160503	-1368
12.6083710194	-1368
12.6086471081	-1368
12.6087939739	-1368
12.6090891361	543
12.6118531227	-1368
12.6119799614	-1368
12.6122810841	-1368
12.6122920513	-1368
12.6126039028	-1368
12.6126170158	-1368
12.6126749516	-1368
12.6129031181	-1368
12.6129879951	-1368
12.6139469147	-1368
12.6140139103	-1368
12.6141939163	-1368
12.6142530441	-1368
12.6144599915	-1368
12.6146349907	-1368
12.6147649288	543
12.6179831028	-1368
12.6182010174	-1368
12.6182539463	-1368
12.6217780113	-1368
12.6218450069	-1368
12.622205019	-1368
12.6224300861	-1368
12.6225659847	-1368
12.6227450371	-1368
12.6229081154	-1368
12.6229660511	-1368
12.6232259274	-1368
12.6233580112	-1368
12.6235210896	-1368
12.6237061024	-1368
12.6241049767	-1420
12.6241729259	-1316
12.6241800785	-1368
12.6243190765	-1368
12.6246650219	-1368
12.6247401237	-1368
12.6249201298	-1368
12.6256260872	543
12.6260020733	543
12.627147913	-1368
12.6272671223	-1368
12.6274180412	-1368
12.635559082	-1368
12.6356220245	-1368
12.6357679367	-1368
12.6360719204	-1368
12.6360840797	-1368
12.6361379623	-1368
12.6372199059	-1368
12.6372859478	-1368
12.6374640465	-1368
12.6379461288	-1368
12.6380739212	-1368
12.6382889748	543
12.638379097	-1368
12.6385889053	-1368
12.6387491226	-1368
12.6387529373	-1368
12.6388590336	-1368
12.6389739513	-1368
12.6391499043	-1368
12.643337965	-1368
12.6434071064	-1368
12.643597126	-1368
12.6436569691	-1368
12.6438391209	-1368
12.6439790726	-1368
12.6452000141	-1368
12.6520941257	-1368
12.652107954	-1368
12.654597044	-1368
12.654779911	-1368
12.6550490856	543
12.655146122	-1368
12.6570119858	-1368
12.6573429108	-1420
12.6573529243	-1316
12.6574749947	-1368
12.6574819088	-1368
12.6575889587	-1368
12.657763958	-1368
12.6580710411	543
12.6584129333	-1368
12.658536911	-1368
12.6587789059	-1368
12.6587879658	-1368
12.6589670181	-1368
12.6703391075	-1368
12.6704120636	-1368
12.6705579758	-1368
12.6772649288	-1368
12.6881370544	-1368
12.6883580685	543
12.689109087	-1368
12.6891241074	-1368
12.68937397	-1368
12.6895411015	-1368
12.6899309158	-1368
12.6900389194	-1368
12.6902220249	-1368
12.6912069321	-1368
12.691272974	-1368
12.6914560795	-1368
12.691628933	-1368
12.6917390823	-1368
12.692070961	-1420
12.6920800209	-1316
12.69511199	-1368
12.6952579021	-1368
12.6954979897	-1368
12.7021620274	-1368
12.7022349834	-1368
12.7242350578	-1368
12.724560976	-1368
12.7246549129	-1368
12.7247889042	543
12.7250990868	-1368
12.7252061367	-1368
12.7253649235	-1368
12.7298810482	-1368
12.7299449444	-1368
12.7301120758	-1368
12.7302899361	543
12.7306790352	-1368
12.7307269573	-1368
12.730880022	-1368
12.7310531139	-1368
12.7344410419	-1368
12.7345530987	-1368
12.7346200943	-1368
12.7377250195	-1368
12.7377979755	-1368
12.7379829884	-1368
12.7506361008	-649
12.7508149147	543
12.7557160854	-1368
12.7561399937	-1368
12.7562119961	-1368
12.7563989162	-1368
12.7572500706	-1368
12.7573850155	-1368
12.757750988	-1368
12.7577619553	-1368
12.7580480576	-1420
12.7580559254	-1316
12.7622520924	-1368
12.7622680664	-1368
12.7623310089	-1368
12.7629959583	-1368
12.7668220997	-1368
12.7669551373	-1368
12.7681820393	-1368
12.7684440613	-1368
12.7773771286	-1368
12.7775630951	543
12.7778351307	-1368
12.7780940533	-1368
12.7781560421	-1368
12.7783961296	-1368
12.7784459591	-1368
12.7786159515	-1368
12.7786769867	-1368
12.7788999081	-1368
12.7790429592	-1368
12.7792139053	543
12.7798991203	-1368
12.7801299095	-1368
12.7801790237	-1368
12.7803521156	-1368
12.7804141045	-1368
12.7805731297	-1368
12.7807440758	-1368
12.7826509476	-1368
12.782752037	-1368
12.7832751274	-1368
12.7834830284	543
12.784224987	-1368
12.7843549252	-1368
12.7846329212	-1368
12.7846441269	-1368
12.7848219872	-1368
12.7850170135	-1368
12.7850720882	-1368
12.7853000164	-1368
12.7854371071	-1368
12.7869820595	-1368
12.7870490551	-1368
12.7872860432	-1368
12.7895801067	-1368
12.7895929813	-1368
12.7897789478	-1368
12.7901649475	-1368
12.7902350426	-1368
12.7916960716	-1368
12.791768074	-1368
12.7919080257	-1368
12.7919659615	-1368
12.7922010422	-1368
12.7925209999	543
12.7926170826	-1368
12.7972269058	-1368
12.7976260185	-1368
12.7976360321	-1368
12.7986660004	-1368
12.7988131046	-1368
12.7988789082	-1368
12.7996120453	-1368
12.799724102	-1368
12.7998111248	-1368
12.8000950813	-1368
12.8001029491	-1368
12.8002259731	-1368
12.8003869057	-1368
12.8005189896	-1368
12.8006939888	-1368
12.8008711338	-1368
12.8009769917	-1368
12.8013310432	-1368
12.8013410568	-1368
12.8016369343	-1368
12.8016450405	-1368
12.8018989563	-1368
12.8019990921	-1368
12.8021221161	-1368
12.8024599552	-1368
12.8024690151	-1368
12.8027300835	-1368
12.8030619621	543
12.8036091328	543
12.8047609329	-1368
12.8049991131	-1368
12.8050580025	-1368
12.8205800056	-1420
12.8206551075	-1316
12.820663929	-1368
12.8350269794	-1368
12.8352510929	543
12.8360650539	-1368
12.8360800743	-1368
12.8362369537	-1368
12.8364160061	-1368
12.8365929127	-1368
12.8367419243	-1368
12.8370509148	-1368
12.8370621204	-1368
12.8372070789	543
12.8374800682	-1368
12.837501049	-1368
12.8377261162	-1368
12.8378760815	-1368
12.841342926	-1368
12.8416371346	-1420
12.8416950703	-1316
12.8487961292	-1368
12.8488869667	-1368
12.8543920517	-1368
12.8547039032	-1368
12.85491395	543
12.8556230068	-1420
12.8556339741	-1420
12.8556931019	-1264
12.8557019234	-1368
12.8559191227	-1368
12.8561370373	-1368
12.8569450378	-1368
12.8571140766	-1368
12.8573150635	-1368
12.8575730324	-1368
12.857624054	-1368
12.8578569889	-1368
12.8579521179	-1368
12.8609309196	-1368
12.8609929085	-1368
12.8610010147	-1368
12.8612730503	-1368
12.8720979691	-1368
12.9018199444	-1275
12.9046039581	543
12.919754982	-1368
12.9197700024	-1368
12.9199340343	-1368
12.9202060699	-1368
12.9210760593	-1368
12.9211981297	-1368
12.921257019	-1368
12.9215409756	-1368
12.9215979576	-1368
12.9217879772	-1368
12.9219489098	543
12.9241189957	-1368
12.9243090153	-1368
12.9243690968	-1368
12.9246311188	-1368
12.9246909618	-1368
12.924890995	-1368
12.9254760742	-1368
12.9289870262	-1368
12.929058075	-1368
12.9425609112	-1420
12.9426300526	-1316
12.9428639412	-1368
12.9429140091	-1368
12.9430401325	543
12.9431359768	-1368
12.9433090687	-1368
12.9472680092	-1420
12.9472830296	-1316
12.9474079609	-1368
12.9474151134	-1368
12.9475281239	-1368
12.9476640224	-1368
12.9522690773	-1420
12.9522840977	-1316
12.952534914	-1368
12.9525430202	-1368
12.9543099403	-1420
12.9543259144	-1316
12.9546320438	-1368
12.9568779469	-1368
12.9569950104	-1368
12.9571380615	543
12.9610829353	-1368
12.9637110233	-1368
12.9637789726	-1368
12.9640231133	-1368
12.9640729427	-1368
12.9641621113	-1368
12.9643080235	-1368
12.9678440094	-1368
12.9678521156	-1368
12.9678959846	543
12.9680879116	-1368
12.9686999321	-1368
12.9687759876	-1368
12.9690539837	-1368
12.9693341255	-1368
12.9693450928	-1368
12.9694900513	-1368
12.9695949554	-1368
12.9699020386	-1368
12.9699110985	-1368
12.9753401279	-1368
12.9753549099	-1368
12.9755749702	-1368
12.9757590294	543
12.9758579731	-1368
12.9758639336	-1368
12.9759640694	-1368
12.9796829224	-1368
12.9798059464	-1368
12.9798140526	-1368
12.9801530838	-1368
12.9802699089	-1368
12.9805099964	-1368
12.9812049866	-1368
12.9812760353	-1368
12.9814291	-1368
12.9819979668	-1368
12.9821441174	-1368
12.9822170734	-1368
12.982847929	-1368
12.9830780029	543
12.9833290577	-1368
12.9834840298	-1368
12.9837019444	-1368
12.9838240147	-1368
12.9840021133	-1368
12.9843001366	-1368
12.9845049381	-1368
12.984609127	-1368
12.9847960472	543
12.9853329659	-1368
12.985450983	-1368
12.9857981205	-1368
12.9858100414	-1368
12.9861030579	-1368
12.9862020016	-1368
12.9863870144	-1368
12.9866080284	-1368
12.9866719246	-1368
12.9885969162	-1420
12.9886679649	-1316
12.9886739254	-1368
12.9887230396	-1368
12.9889879227	-1368
12.9890511036	-1368
12.9892349243	-1368
12.9893329144	543
12.9894299507	-1368
12.9897511005	-1368
12.9898030758	-1368
12.9898900986	-1368
12.9900419712	-1368
12.9902141094	-1368
12.9917969704	-1368
12.9919481277	-1368
12.9920959473	-1368
12.9957740307	-1368
12.9958379269	-1368
12.9962120056	-1368
13.0027930737	-1368
13.0029640198	543
13.004338026	-1368
13.0045990944	-1368
13.0046670437	-1368
13.0046739578	-1368
13.0048859119	-1368
13.0053839684	-1420
13.0054600239	-1316
13.005466938	-1368
13.005669117	543
13.006786108	-1368
13.0069041252	-1368
13.0070559978	-1368
13.0078220367	-1368
13.0078799725	-1368
13.0080299377	-1368
13.0082449913	-1368
13.0085220337	-1368
13.0087080002	-1368
13.010035038	-1420
13.0100901127	-1316
13.0103540421	-1368
13.0108559132	-1368
13.0111169815	-1368
13.0111711025	-1368
13.0112199783	543
13.011909008	-1368
13.0122170448	-1368
13.0122799873	-1368
13.0126290321	-1368
13.0126850605	-1368
13.0128490925	-1368
13.0137140751	-1368
13.0138161182	-1368
13.0141029358	-1368
13.0166509151	-1368
13.0168509483	-1368
13.0168600082	-1368
13.0178229809	-1368
13.02480793	-1368
13.0679030418	-535
13.068087101	543
13.0975379944	-543
13.1093509197	-543
13.1208219528	-1368
13.12093997	-1368
13.1214110851	-1368
13.1215109825	-1368
13.1215209961	-1368
13.1277070045	-1368
13.1277220249	-1368
13.1280539036	-1368
13.1280620098	-1368
13.1283609867	-1368
13.1285250187	543
13.1290490627	-1368
13.1290590763	-1368
13.1293680668	-1368
13.1293759346	-1368
13.1296589375	-1368
13.1296670437	-1368
13.1350600719	-1368
13.1350800991	-1368
13.1361601353	-1368
13.1363310814	543
13.1376559734	-1368
13.1378059387	-1368
13.1378130913	-1368
13.142496109	-1368
13.1434500217	-1368
13.1436181068	-1368
13.1436851025	-1368
13.1439349651	-1368
13.1439950466	-1368
13.1497459412	-1368
13.1498260498	-1368
13.1498329639	-1368
13.151113987	-1368
13.1511280537	-1368
13.1512539387	-1368
13.15148592	-1368
13.1620221138	-1368
13.1620371342	-1368
13.1621539593	-1368
13.1622679234	-1368
13.162530899	-1368
13.1626701355	543
13.1646170616	-1368
13.1649000645	-1368
13.1649599075	-1368
13.1718480587	-1368
13.1719269753	-1368
13.172039032	-1368
13.1785619259	-1368
13.1786689758	543
13.1801660061	-1368
13.1803469658	-1368
13.1804671288	-1368
13.1806399822	-1368
13.1807351112	-1368
13.1813249588	-1368
13.1867439747	-1368
13.1868281364	-1368
13.1869530678	-1368
13.1912770271	-1368
13.1913979053	-1368
13.1915779114	-1368
13.191671133	-1368
13.1917569637	543
13.1918699741	-1368
13.1919460297	-1368
13.1921830177	-1368
13.1923320293	-1368
13.1924951077	-1368
13.1926219463	-1368
13.1927540302	-1368
13.1929829121	-1368
13.1931519508	-1368
13.1932821274	-1368
13.1935870647	-1368
13.206289053	-1368
13.2063400745	-1368
13.20647192	-1368
13.2066469193	-1368
13.2068269253	-1368
13.2070300579	-1368
13.2071070671	543
13.2083990574	-1368
13.2085869312	-1368
13.2086749077	-1368
13.212389946	-1420
13.2124240398	-1316
13.2126040459	-1368
13.2126951218	543
13.2168750763	-1368
13.2170639038	-1368
13.2172040939	-1368
13.2175841331	-1368
13.2177689075	-1368
13.2178869247	-1368
13.2236199379	-1368
13.2238230705	-1368
13.2240109444	-1368
13.224615097	-1368
13.2247869968	-1368
13.2249000072	-1368
13.2287950516	-1368
13.2289910316	-1368
13.2291409969	-1368
13.2293081284	-1368
13.2294909954	-1368
13.2296359539	-1368
13.2297711372	543
13.2302360535	-1368
13.2306079865	-1420
13.2306320667	-1316
13.237347126	-1368
13.2374479771	-1368
13.2376110554	-1368
13.243844986	-1368
13.2463281155	-1420
13.2463641167	-1316
13.2471349239	-1368
13.247164011	-1368
13.2473521233	-1368
13.2474770546	-1368
13.2475681305	543
13.2476329803	-1368
13.2479219437	-1368
13.2479989529	-1368
13.2481160164	-1368
13.2483129501	-1368
13.2486259937	-1368
13.2487111092	-1368
13.2488210201	-1368
13.2488949299	543
13.2489540577	-1368
13.2492179871	-1368
13.2492890358	-1368
13.2495000362	-1368
13.2526159286	-1368
13.252669096	-1368
13.2528829575	-1368
13.2578799725	-1368
13.2579059601	-1368
13.2582559586	-1368
13.2592658997	-1368
13.2593419552	-1420
13.2593669891	-1316
13.2599360943	-1368
13.2600109577	-1368
13.2600779533	543
13.2605319023	-1368
13.263381958	-1368
13.26364398	-1368
13.2636549473	-1368
13.264177084	-1368
13.2643330097	-1368
13.2644820213	-1368
13.2663829327	-1368
13.2666389942	-1368
13.2666480541	-1368
13.2667798996	-1368
13.2669429779	-1368
13.267111063	-1368
13.2709310055	-1368
13.2710039616	-1368
13.27115798	-1368
13.2765660286	-1368
13.276581049	-1368
13.2767081261	-1368
13.2768189907	-1368
13.2770569324	543
13.2771921158	-1368
13.2771971226	-1368
13.2773389816	-1368
13.277629137	543
13.2777359486	-1368
13.2777409554	-1368
13.2829110622	-1368
13.28292799	-1368
13.2831339836	-1368
13.2832849026	-1368
13.2834820747	-1368
13.2835900784	-1368
13.289894104	-1368
13.3029820919	-1368
13.3030490875	-1368
13.3050501347	-1420
13.3051171303	-1316
13.3052539825	-1368
13.3054790497	543
13.3058030605	-1368
13.3059830666	-1368
13.3060441017	-1368
13.3106250763	-1420
13.3106939793	-1316
13.310931921	-1368
13.3109841347	-1368
13.3112399578	-1368
13.3112919331	-1368
13.3117940426	-1368
13.3118519783	-1368
13.3120720387	-1368
13.3121349812	-1368
13.3172140121	-38
13.3258280754	-1368
13.3258440495	-1368
13.3259100914	-1368
13.3516829014	-1368
13.3517510891	-1368
13.3518841267	-1368
13.3520839214	543
13.3521809578	-1368
13.3524210453	-1420
13.3525700569	-1316
13.3525769711	-1368
13.3526759148	-1368
13.3528161049	-1368
13.3530740738	543
13.3562219143	-1368
13.3562381268	-1368
13.3563020229	-1368
13.356869936	-1368
13.3569440842	-1368
13.3571639061	-1368
13.3572280407	-1368
13.3574240208	-1368
13.3575761318	-1368
13.3578579426	-1368
13.3579239845	-1368
13.3581221104	-1368
13.3583528996	543
13.3584899902	-1368
13.3584980965	-1368
13.3586370945	-1368
13.3587989807	-1368
13.3589670658	-1368
13.3590891361	-1368
13.3593571186	-1368
13.3594760895	-1368
13.3596520424	-1368
13.3598980904	-1368
13.3601970673	-1368
13.3602061272	-1368
13.3623690605	-1368
13.3626289368	-1368
13.362680912	-1368
13.3649389744	-1368
13.3650319576	-1368
13.3687031269	-1368
13.3687620163	-1368
13.3688650131	-1368
13.3689470291	-1368
13.3691110611	543
13.3693399429	-1368
13.369576931	-1368
13.3696780205	-1368
13.3716869354	-1420
13.3717849255	-1316
13.371792078	-1368
13.3720569611	-1368
13.3721349239	543
13.3722279072	-1368
13.3723270893	-1368
13.3726229668	-1368
13.372633934	-1368
13.3728570938	-1368
13.3786940575	-1368
13.3787579536	-1368
13.3789079189	-1368
13.3861670494	-1420
13.3861820698	-1316
13.386341095	-1368
13.3865671158	543
13.3873739243	-1368
13.3876020908	-1420
13.3876590729	-1316
13.3877959251	-1368
13.3878600597	-1368
13.3881709576	-1368
13.3882260323	-1368
13.3884980679	-1368
13.3885490894	-1368
13.3887929916	-1368
13.3901910782	-1368
13.3902039528	-1368
13.3904440403	-1368
13.3990819454	-1420
13.3991909027	-1316
13.4097881317	-1368
13.4100430012	543
13.4105160236	1057
13.4140031338	-1368
13.4140949249	-1420
13.4141230583	-1316
13.4145419598	-1368
13.4145801067	-1368
13.4147870541	-1368
13.4149041176	-1368
13.4149999619	543
13.4151170254	-1368
13.4153609276	-1368
13.4167339802	-1420
13.416738987	-1420
13.4167609215	-1264
13.4185619354	-1420
13.418585062	-1316
13.4186360836	-1368
13.4187529087	-1368
13.4191250801	-1368
13.4191539288	-1368
13.4191999435	-1368
13.4196050167	-1420
13.4196100235	-1316
13.4196341038	-1368
13.4198179245	-1368
13.4199829102	-1368
13.4203190804	-1368
13.420347929	-1368
13.4204881191	-1368
13.4206809998	-1368
13.4207630157	-1368
13.4209699631	-1368
13.4210689068	-1368
13.4212610722	-1368
13.42136693	-1368
13.4215569496	-1368
13.4217140675	-1368
13.421831131	-1368
13.4233250618	-1368
13.4307870865	-1368
13.4413650036	-1368
13.4415340424	-1368
13.4415419102	-1368
13.4416539669	-1368
13.4418320656	-1368
13.4419739246	-1368
13.443944931	-1368
13.4441719055	-1368
13.4441800117	-1368
13.444370985	-1368
13.4445331097	-1368
13.444849968	543
13.4449720383	-1368
13.4449789524	-1420
13.4451179504	-1316
13.4475519657	-1368
13.4477779865	-1368
13.4477870464	-1368
13.447922945	-1368
13.4480690956	-1368
13.4562709332	-1420
13.4562859535	-1316
13.4564650059	-1368
13.4566059113	-1368
13.4570300579	-1368
13.4571931362	-1368
13.4573400021	-1368
13.4575219154	-1368
13.4578120708	-1368
13.4578199387	-1368
13.4579529762	-1368
13.4580919743	-1368
13.4585180283	-1368
13.4585261345	-1368
13.4585831165	-1368
13.4588019848	-1368
13.4728140831	-1368
13.4728291035	-1368
13.4729521275	-1368
13.4896070957	-1420
13.4896719456	-1316
13.490031004	-1368
13.4900960922	-1368
13.4903869629	-1368
13.4905080795	-1368
13.4913570881	-1368
13.4914281368	-1368
13.491672039	-1368
13.491738081	-1420
13.4917480946	-1316
13.4919650555	-1368
13.4921989441	543
13.4955699444	-1368
13.4955830574	-1368
13.4956450462	-1368
13.5044510365	-1368
13.5045120716	-1368
13.5046191216	-1368
13.5087649822	-1368
13.5112950802	-1368
13.5113620758	-1368
13.511523962	-1368
13.5118310452	-1368
13.5119979382	-1368
13.5125660896	-1368
13.512583971	-1368
13.5127749443	-1368
13.5129249096	-1368
13.5130200386	-1368
13.5132610798	-1368
13.5133209229	-1368
13.5138819218	-1420
13.5139870644	-1316
13.5139930248	-1368
13.5154531002	-1368
13.515679121	-1368
13.5264139175	-1368
13.5265510082	-1368
13.5391740799	-1420
13.5391941071	-1316
13.5392649174	-1368
13.5414860249	-1368
13.5415620804	-1368
13.5415730476	-1368
13.5418009758	-1368
13.5419559479	-1368
13.542320013	543
13.542568922	-1368
13.5425751209	-1420
13.5425770283	-1316
13.5425810814	-1368
13.5427150726	-1368
13.543088913	-1368
13.5431399345	-1368
13.5435509682	-1368
13.5436041355	-1368
13.5438599586	-1368
13.5439090729	-1368
13.5441410542	-1368
13.5443711281	-1368
13.5443789959	-1368
13.5445919037	-1368
13.5446910858	-1368
13.5448760986	-1368
13.545058012	-1368
13.545345068	-1368
13.5453541279	-1368
13.5455009937	-1368
13.5456159115	-1368
13.5458021164	-1368
13.5459029675	-1368
13.5489311218	-1368
13.5489449501	-1368
13.5491919518	-1368
13.5557470322	-1368
13.5558259487	-1368
13.5558340549	-1368
13.5731770992	-1368
13.5798110962	-1368
13.579898119	-1368
13.5891919136	-1368
13.5893471241	-1368
13.5894639492	-1368
13.5921211243	-1368
13.5922460556	543
13.614303112	-1368
13.6143200397	-1368
13.6144621372	-1368
13.6287899017	-1368
13.638422966	1057
13.6973531246	-459
13.7052009106	543
13.7057349682	543
13.9880709648	-543
14.1747419834	-543
14.1830511093	-1368
14.1831231117	-1368
14.1832630634	-1368
14.1833269596	-1368
14.1835329533	-1368
14.1835939884	-1368
14.1838550568	-1368
14.1839900017	-1368
14.1841599941	-1368
14.1845169067	-1368
14.1845741272	-1368
14.184623003	-1368
14.1850500107	-1420
14.1851079464	-1316
14.1851499081	-1368
14.1857099533	-1368
14.1860511303	-1368
14.1861159801	-1368
14.1862990856	-1368
14.1864900589	543
14.1958289146	-1368
14.197412014	-1420
14.1974461079	-1316
14.1975021362	-1368
14.1984689236	-1368
14.1984760761	-1368
14.198579073	-1368
14.1988730431	-1368
14.1991810799	-1368
14.1991870403	-1368
14.1992249489	-1368
14.1994850636	-1368
14.1995260715	-1368
14.199780941	-1368
14.2005639076	-1368
14.2005729675	-1368
14.2007191181	-1368
14.2008829117	-1368
14.2009880543	-1368
14.2010920048	1057
14.2024049759	-1368
14.2025239468	-1368
14.2027449608	-1368
14.2065980434	-1368
14.2066419125	-1368
14.206870079	-1368
14.2089409828	-1368
14.2090830803	-1368
14.2092769146	-1368
14.2094340324	-1368
14.2149629593	-1368
14.2149710655	-1368
14.2149999142	-1368
14.2152271271	-1368
14.2155771255	-1368
14.215583086	-1368
14.2159929276	-1420
14.2159979343	-1316
14.2160229683	-1368
14.2161021233	543
14.2161660194	-1368
14.2163729668	-1368
14.2164881229	-1368
14.2195520401	-1368
14.2196159363	-1368
14.2198369503	-1368
14.2199261189	-1368
14.2203330994	-1368
14.2204880714	-1368
14.2207689285	-1368
14.2209169865	-1368
14.2211799622	-1368
14.2218809128	-1368
14.2220239639	-1368
14.2220849991	-1368
14.2227799892	-1368
14.2228410244	-1368
14.223074913	-1368
14.2232029438	1057
14.229790926	-1368
14.2301490307	-1368
14.23021698	-1368
14.230463028	-1368
14.2306220531	-1368
14.2307670116	-1368
14.2352740765	-1368
14.2355489731	-1368
14.2356059551	-1368
14.2359371185	-1368
14.2360041142	-1368
14.2362449169	-1368
14.2363910675	-1368
14.2365329266	-1368
14.2368531227	-1368
14.23686409	-1368
14.2370109558	-1368
14.2371430397	-1368
14.2373280525	-1368
14.237514019	543
14.2417030334	-1368
14.241920948	-1368
14.2419819832	-1368
14.2421479225	-1368
14.2422780991	-1368
14.2424769402	-1368
14.2425370216	-1368
14.2427229881	-1368
14.2428650856	-1368
14.2430160046	-1368
14.2431640625	-1368
14.2433130741	-1368
14.2454419136	-1368
14.2454531193	-1368
14.2457890511	-1368
14.2457969189	-1368
14.2460520267	-1368
14.2460610867	-1368
14.2461271286	-1368
14.2462899685	-1368
14.2464420795	-1368
14.2465450764	-1368
14.2467420101	-1368
14.2468650341	-1368
14.2474219799	1057
14.2477769852	-1368
14.247893095	-1368
14.2480089664	-1368
14.250412941	-1368
14.2505850792	-1368
14.2506101131	-1368
14.2514491081	-1368
14.2516109943	-1368
14.2516150475	-1368
14.2518649101	-1368
14.2519440651	-1368
14.2522130013	-1368
14.2528259754	-1368
14.2528529167	-1368
14.2529270649	543
14.253027916	-1368
14.2566070557	-1368
14.2566349506	-1368
14.2567899227	-1368
14.256937027	-1368
14.2573349476	-1420
14.2573621273	-1316
14.257365942	-1368
14.2575061321	-1368
14.2577989101	-1368
14.2581150532	-1368
14.2582819462	-1368
14.2583060265	-1368
14.2584021091	-1368
14.2588350773	-1420
14.2588460445	-1316
14.2639570236	-1368
14.2641530037	1057
14.2663710117	-1368
14.2664990425	-1368
14.266559124	-1368
14.2667369843	-1368
14.2667999268	-1368
14.2670490742	-1368
14.267111063	-1368
14.2673270702	-1368
14.2673969269	-1368
14.2702491283	-1368
14.2703230381	-1368
14.2705249786	-1368
14.2708230019	-1368
14.2709410191	-1368
14.2718389034	-1368
14.2726860046	-1368
14.2727649212	-1368
14.2728760242	-1368
14.2793469429	-1368
14.2795469761	-1368
14.281717062	543
14.3118541241	-1368
14.311868906	-1368
14.3122439384	-1368
14.3122560978	-1368
14.3123190403	-1368
14.3125479221	-1368
14.3139660358	-1368
14.3141460419	-1420
14.3142030239	-1316
14.3143429756	-1368
14.3147480488	-1420
14.3147599697	-1316
14.3148739338	-1368
14.3183560371	-1368
14.3184230328	-1368
14.3185720444	-1368
14.3259079456	-1368
14.3381259441	-1368
14.3383030891	-1368
14.3384640217	1057
14.3388710022	-1420
14.3388810158	-1316
14.3390049934	-1368
14.3390090466	-1368
14.3391060829	-1368
14.3391139507	-1368
14.3395280838	-1368
14.3395369053	-1368
14.3397169113	-1368
14.3399739265	-1368
14.3400259018	-1368
14.3402469158	-1368
14.3444890976	-1368
14.3447151184	-1368
14.3581430912	-1368
14.3581550121	-1368
14.3583259583	-1368
14.3670239449	-1368
14.3670909405	-1368
14.3673439026	-1368
14.3673949242	-1368
14.3675501347	-1368
14.3676121235	-1368
14.3677749634	-1368
14.3678739071	543
14.3679840565	-1368
14.3689539433	-1368
14.3690760136	-1368
14.3690841198	-1368
14.3695850372	-1420
14.3695969582	-1316
14.3697879314	-1368
14.3700380325	-1368
14.3725790977	-1368
14.372590065	-1368
14.3812379837	-1420
14.381262064	-1316
14.3913240433	-1368
14.3914349079	-1368
14.3916249275	-1368
14.3916840553	1057
14.3920390606	-1368
14.3922049999	-1368
14.3923051357	-1368
14.3924639225	-1368
14.3926019669	-1368
14.3927540779	-1368
14.3929479122	-1368
14.3930621147	-1368
14.3932089806	-1368
14.3966960907	-1368
14.3968400955	-1368
14.3969919682	-1368
14.3977570534	-1368
14.3979001045	-1368
14.3980770111	-1368
14.3982291222	-1368
14.3991730213	-1368
14.3992400169	543
14.3993771076	-1368
14.3994870186	-1368
14.3996269703	-1368
14.3997581005	-1368
14.3999090195	-1368
14.4000570774	-1368
14.4002010822	-1368
14.4003391266	-1368
14.4005520344	-1368
14.4006910324	-1368
14.4008331299	-1368
14.4009890556	-1368
14.401143074	-1368
14.4040920734	-1368
14.4042201042	-1368
14.4043591022	-1368
14.409662962	-1368
14.4097161293	-1368
14.4102230072	-1420
14.4102270603	-1316
14.4103140831	1057
14.4103860855	-1368
14.4108710289	-1368
14.4110209942	-1368
14.4112119675	-1368
14.4113810062	-1368
14.4115231037	-1368
14.4116690159	-1368
14.4118089676	-1368
14.4119870663	-1368
14.4121370316	-1368
14.4123089314	-1368
14.4126400948	-1420
14.4126870632	-1316
14.4128079414	-1368
14.4135169983	-1368
14.4149470329	-1368
14.4151461124	-1368
14.4154570103	-1368
14.4155781269	-1368
14.4157259464	-1368
14.4159240723	-1368
14.4160130024	-1368
14.416175127	-1368
14.416287899	-1368
14.4164450169	-1368
14.4165840149	-1368
14.4167759418	-1368
14.4174540043	-1368
14.4176390171	-1368
14.4177799225	-1368
14.4179089069	-1368
14.417951107	543
14.4180519581	-1368
14.4184389114	-1368
14.4238979816	-1368
14.4239649773	-1368
14.4241349697	-1368
14.4342420101	-1368
14.4343879223	543
14.4346449375	543
14.4372980595	-1368
14.4375910759	-1368
14.437721014	-1368
14.4378459454	-1368
14.4379410744	-1368
14.4381160736	-1368
14.4382529259	-1368
14.438462019	-1368
14.4385769367	-1368
14.4387500286	-1368
14.4388580322	-1368
14.4390289783	-1368
14.4391639233	-1368
14.4394569397	-1368
14.4395399094	-1368
14.4397051334	-1368
14.443103075	-1420
14.4431090355	-1316
14.4669039249	-1368
14.4670619965	543
14.4722859859	-1420
14.4723041058	-1316
14.4735579491	-1368
14.4736111164	-1368
14.4737319946	-1368
14.4749820232	-1368
14.475069046	-1368
14.4752700329	-1368
14.4753870964	-1368
14.4755849838	-1368
14.4756350517	-1368
14.4758210182	-1368
14.4781160355	-1368
14.4782619476	-1420
14.4783210754	-1316
14.4784440994	-1368
14.4921159744	-1368
14.4921309948	-1368
14.4941380024	-1368
14.4943521023	1057
14.4945430756	-1368
14.4945991039	-1368
14.4949381351	-1420
14.4949491024	-1316
14.4950881004	-1368
14.4952321053	-1368
14.4954171181	-1368
14.4955649376	-1368
14.4979150295	-1368
14.4981029034	-1368
14.4983320236	-1368
14.4984469414	-1368
14.5009489059	-1368
14.5009639263	-1368
14.5011689663	-1368
14.5054950714	-1368
14.5055680275	-1368
14.5057439804	-1368
14.5357649326	-1027
14.5358641148	543
14.5524721146	-1368
14.552478075	-1368
14.5525579453	-1368
14.5531079769	-1368
14.5531430244	-1368
14.5532469749	-1368
14.5535709858	-1368
14.5537960529	-1368
14.5543401241	-1420
14.5543520451	-1420
14.5543999672	-1264
14.5545380116	-1368
14.5547001362	-1368
14.5548341274	-1368
14.5582840443	-1420
14.5582969189	-1316
14.5583460331	-1368
14.5585529804	-1368
14.5617620945	-396
14.5647580624	-1368
14.5649499893	1057
14.565171957	-1368
14.5651879311	-1368
14.5656509399	-1420
14.5656619072	-1316
14.565707922	-1368
14.5659399033	-1368
14.5661051273	-1368
14.5661809444	-1368
14.56716609	-1368
14.5671761036	-1368
14.5674381256	-1368
14.567579031	-1368
14.567802906	-1368
14.5678110123	-1368
14.5679681301	-1368
14.5680699348	-1368
14.5682420731	-1368
14.568406105	-1368
14.568570137	-1368
14.5686891079	-1368
14.568885088	-1368
14.5690069199	-1368
14.5693500042	-1368
14.5697300434	-1368
14.5698440075	-1368
14.5699601173	-1368
14.5701429844	-1368
14.5702500343	-1368
14.5704400539	-1368
14.5706019402	-1368
14.5707960129	543
14.5708839893	-1368
14.5708889961	-1368
14.5716381073	-1368
14.5717270374	-1368
14.5718560219	-1368
14.5856060982	-1420
14.5856590271	-1316
14.5858449936	-1368
14.5859410763	-1368
14.5860309601	-1368
14.5862419605	1057
14.5875799656	-1368
14.5877900124	-1368
14.5878429413	-1368
14.5879299641	-1368
14.5880661011	-1368
14.5885019302	-1420
14.5885550976	-1316
14.588561058	-1368
14.5887150764	-1368
14.5888569355	-1368
14.5891470909	-1368
14.589345932	-1368
14.5894930363	-1368
14.5895791054	-1368
14.589769125	-1368
14.5898809433	-1368
14.5947699547	-1368
14.5949170589	-1368
14.5951309204	-1368
14.5952529907	-1368
14.5953030586	-1368
14.5955691338	-1368
14.5956170559	-1368
14.5956850052	543
14.5958089828	-1368
14.5958900452	-1368
14.5961840153	-1368
14.5965299606	-1368
14.5965809822	-1368
14.5967109203	-1368
14.5969150066	-1368
14.597037077	-1368
14.5972189903	-1368
14.5984139442	-1368
14.5986919403	-1368
14.6054840088	-1368
14.6056940556	-1368
14.6058359146	1057
14.606112957	-1368
14.6062979698	-1368
14.6063511372	-1368
14.6065061092	-1368
14.6067581177	-1368
14.6067681313	-1368
14.6069741249	-1368
14.6071250439	-1368
14.6082999706	-1368
14.6085679531	-1368
14.6086640358	-1368
14.6086699963	-1368
14.6090130806	-1420
14.6090230942	-1316
14.6090679169	-1368
14.6092340946	-1368
14.6094129086	-1368
14.6126379967	-1368
14.612719059	-1368
14.6128520966	-1368
14.6131229401	543
14.6135380268	-1368
14.6135530472	-1368
14.6136960983	-1368
14.6138679981	-1368
14.6139979362	-1368
14.61413908	-1368
14.6170389652	-1368
14.6170539856	-1368
14.617372036	-1368
14.6193771362	-1368
14.6194460392	-1368
14.6197519302	-1368
14.6199569702	-1368
14.620223999	-1368
14.6202769279	-1368
14.6257050037	-1368
14.625772953	-1368
14.6259229183	-1368
14.6539239883	-1368
14.6539390087	-1368
14.6540870667	-1368
14.6542649269	1057
14.6584339142	-1368
14.6584489346	-1368
14.6586019993	-1368
14.6587560177	-1368
14.6588959694	-1368
14.6592190266	-1420
14.6592719555	-1316
14.6593439579	-1368
14.6595110893	-1368
14.6603360176	-1368
14.6604089737	-1368
14.6605911255	-1368
14.6672720909	-1368
14.6674261093	-1368
14.6674869061	-1368
14.6939110756	-1368
14.714122057	-1368
14.7142560482	-1368
14.7144339085	543
14.7145290375	-1368
14.7147181034	-1368
14.7149159908	-1368
14.7150731087	-1368
14.7152709961	-1368
14.715405941	-1368
14.7155930996	-1368
14.7156860828	-1368
14.7158551216	-1368
14.7160260677	-1368
14.7161540985	-1368
14.7163050175	-1368
14.7164349556	-1368
14.7193439007	-1368
14.7194120884	-1368
14.7195749283	-1368
14.7284579277	-1368
14.7347860336	-1420
14.7348561287	-1316
14.7348620892	-1368
14.7349901199	-1368
14.7351369858	-1368
14.7352890968	1057
14.735378027	-1368
14.7356159687	-1420
14.7357540131	-1316
14.7360191345	-1368
14.7360749245	-1368
14.7363259792	-1368
14.7371199131	-1420
14.7371349335	-1316
14.7372779846	-1368
14.7373540401	-1368
14.7375409603	-1368
14.7376511097	-1368
14.7488861084	-1368
14.7489020824	-1368
14.7529070377	-1368
14.7529220581	-1368
14.7529850006	-1368
14.7531750202	-1368
14.7533090115	543
14.753633976	-1368
14.7536420822	-1368
14.7548100948	-1368
14.7548251152	-1368
14.7550170422	-1368
14.7551760674	-1368
14.7552978992	-1368
14.7555139065	-1368
14.7555630207	-1368
14.7561380863	-1368
14.7565710545	-1420
14.7565820217	-1316
14.7605891228	-1368
14.7608029842	-1368
14.7609059811	-1368
14.7611000538	-1368
14.7611529827	-1368
14.7613070011	-1368
14.7614359856	-1368
14.7615549564	-1368
14.7618370056	-1420
14.7618429661	-1316
14.7618839741	1057
14.7619590759	-1368
14.7620840073	-1368
14.7623090744	-1368
14.7624440193	-1368
14.7625761032	-1368
14.7627940178	-1368
14.7629101276	-1368
14.7630729675	-1368
14.7633290291	-1368
14.7636620998	-1368
14.7637269497	-1368
14.7638630867	-1368
14.7640271187	-1368
14.7641489506	-1368
14.7691209316	-1368
14.7691369057	-1368
14.769299984	-1368
14.7694649696	543
14.7701539993	-1368
14.7701690197	-1368
14.7703471184	-1368
14.7705109119	-1368
14.771944046	-1368
14.7719590664	-1368
14.7721090317	-1368
14.772233963	-1368
14.7724359035	-1368
14.7725789547	-1368
14.7728219032	-1368
14.773006916	-1368
14.7732899189	-1368
14.7732989788	-1368
14.773430109	-1368
14.7735750675	-1368
14.7738060951	-1368
14.7739078999	-1368
14.7740399837	-1368
14.7742481232	-1368
14.7744820118	-1368
14.7744889259	-1368
14.776763916	-1368
14.7768740654	-1368
14.7778139114	-1368
14.7791171074	-1368
14.7792849541	-1368
14.7794640064	-1368
14.7803649902	-1368
14.7857630253	-1368
14.7857749462	-1368
14.7896850109	1057
14.7932460308	-1368
14.7934949398	-1368
14.8072230816	-1368
14.8074131012	-1368
14.8074429035	-1368
14.8074851036	543
14.8075749874	-1368
14.807708025	-1368
14.8078360558	-1368
14.8079810143	-1368
14.8080921173	-1368
14.8082790375	-1368
14.8084321022	-1368
14.8086240292	-1368
14.8087739944	-1368
14.8089299202	-1368
14.8098900318	-1368
14.8100280762	-1368
14.8101761341	-1368
14.8110599518	-1368
14.8112211227	-1368
14.8113679886	-1368
14.8118169308	-1368
14.8118889332	1057
14.8119881153	-1368
14.8121240139	-1368
14.812456131	-1368
14.8125939369	-1368
14.8127410412	-1368
14.812926054	-1368
14.8130741119	-1368
14.8131959438	-1368
14.8133671284	-1368
14.8135170937	-1368
14.8137969971	-1368
14.8139340878	-1368
14.8141200542	-1368
14.8142950535	-1368
14.8144979477	-1368
14.8222699165	-1420
14.8223290443	-1316
14.8436911106	-1368
14.8447721004	-1368
14.8448970318	-1368
14.8449590206	543
14.8450369835	-1368
14.8451941013	-1368
14.8453481197	-1368
14.8454999924	-1368
14.8456559181	-1368
14.8457930088	-1368
14.8459470272	-1368
14.8461289406	-1368
14.846280098	-1368
14.8464310169	-1368
14.8468351364	-1420
14.8468399048	-1316
14.846861124	-1368
14.8503830433	-1368
14.8505671024	-1420
14.8505721092	-1316
14.8671650887	-1368
14.8854119778	-1368
14.8855581284	-1420
14.8855659962	-1316
14.8856079578	-1368
14.8857460022	-1368
14.8858759403	-1368
14.8860349655	-1368
14.8862330914	-1368
14.8862891197	1057
14.8863680363	-1368
14.8866810799	-1368
14.8867321014	-1368
14.8869559765	-1368
14.8871350288	-1420
14.8871431351	-1316
14.8914859295	-1368
14.8915009499	-1368
14.8916521072	-1368
14.9071450233	-1368
14.9072160721	-1368
14.9236431122	-1368
14.9237129688	-1368
14.9237201214	-1368
14.9239339828	543
14.9242200851	-1368
14.924366951	-1368
14.9248230457	-1420
14.9248349667	-1316
14.9250149727	-1368
14.925112009	-1368
14.9253461361	-1368
14.9255619049	-1368
14.9257769585	-1368
14.9257850647	-1368
14.9280071259	-1368
14.9280209541	-1368
14.9281759262	-1368
14.9283020496	-1368
14.9362621307	-1368
14.9362769127	-1368
14.9400279522	-1368
14.940155983	-1368
14.9402940273	-1368
14.9404189587	-1368
14.9406280518	1057
14.9409170151	-1420
14.940926075	-1316
14.9410529137	-1368
14.9410569668	-1368
14.9419059753	-1368
14.941920042	-1368
14.9419779778	-1368
14.9420630932	-1368
14.9421789646	-1368
14.9436190128	-1420
14.9436919689	-1316
14.9436979294	-1368
14.9489250183	-1368
14.9491410255	-1368
14.9492049217	-1368
14.9556899071	-1368
14.9559249878	543
14.9616699219	-1420
14.9616861343	-1316
14.9617509842	-1368
14.9618990421	-1368
14.9620361328	-1368
14.9621660709	-1368
14.9623579979	-1368
14.9625029564	-1368
14.9655151367	-1420
14.9655311108	-1420
14.9655900002	-1264
14.9655959606	-1368
14.9657320976	-1368
14.9658229351	-1368
14.96636796	-1368
14.9663820267	-1368
14.9665539265	-1368
14.9668390751	-1368
14.9669671059	-1368
14.9670701027	-1368
14.9672820568	-1368
14.9674150944	-1368
14.9675719738	-1368
14.9676930904	1057
14.9677789211	-1368
14.9680900574	-1368
14.9681410789	-1368
14.968225956	-1368
14.9683921337	-1368
14.9685640335	-1368
14.9687359333	-1368
14.9688420296	-1368
14.9690461159	-1368
14.969520092	-1368
14.9696509838	-1368
14.9697511196	-1368
14.9743919373	-1368
14.9744069576	-1368
14.9745659828	-1368
14.9747259617	-1368
14.9749860764	543
14.9750919342	-1368
14.9750981331	-1368
14.9753320217	-1368
14.975605011	-1368
14.9756729603	-1368
14.9759340286	-1368
14.9819390774	-1368
14.9819540977	-1368
14.9820129871	-1368
14.9829330444	-1368
14.9830029011	-1368
14.9831740856	-1368
14.9836900234	-1368
14.9837019444	-1368
14.9839451313	-1368
14.9840810299	-1368
14.9842000008	-1368
14.9843580723	-1368
14.986880064	-1368
14.9870860577	-1368
14.9871439934	-1368
14.9872560501	1057
14.9878220558	-1368
14.9879460335	-1368
14.9881980419	-1368
14.9882080555	-1368
14.9884030819	-1368
14.988560915	-1368
14.9887490273	-1368
14.9888291359	-1368
14.9889490604	-1368
14.9936730862	-1368
14.9937429428	-1368
14.9938869476	-1368
14.9940259457	-1368
14.9941949844	-1368
14.9943859577	-1368
14.9944889545	-1368
14.9946620464	-1368
14.9948339462	543
14.9949219227	-1368
14.9950199127	-1368
14.9951920509	-1368
14.9953379631	-1368
14.995527029	-1368
14.995650053	-1368
14.9958291054	-1368
14.9959349632	-1368
14.9961409569	-1368
14.9962339401	-1368
14.9964721203	-1368
14.9967119694	-1368
14.9967610836	-1368
14.996901989	-1368
15.0006840229	-1368
15.0006999969	-1368
15.0009219646	-1368
15.0021319389	-1368
15.0023760796	1057
15.0496680737	-1368
15.0524029732	-1368
15.0525019169	-1368
15.0526959896	-1368
15.0527429581	-1368
15.0529170036	-1368
15.052989006	-1368
15.0531821251	-1368
15.0536899567	-1368
15.053704977	-1368
15.0538361073	-1368
15.0539970398	-1368
15.0541729927	-1368
15.0542900562	-1368
15.056440115	-1368
15.0564539433	-1368
15.0565569401	-1368
15.0566570759	-1368
15.0656769276	-1368
15.0931999683	-1068
15.0935430527	543
15.0976479053	-1368
15.0976641178	-1368
15.0977239609	-1368
15.0979349613	-1368
15.0981969833	-1368
15.0982069969	-1368
15.0995159149	-1368
15.0997049809	-1368
15.0997619629	-1368
15.100135088	-1368
15.1004350185	-1368
15.1005969048	-1368
15.1007630825	-1368
15.1009230614	-1368
15.1009960175	-1368
15.1015169621	-1368
15.1096169949	-1368
15.1096320152	-1368
15.1096920967	-1368
15.1272099018	-27
15.1275811195	1057
15.1501729488	-1368
15.1501889229	-1368
15.1503300667	-1368
15.1532840729	-1368
15.1533520222	-1368
15.1534559727	-1368
15.153635025	-1368
15.1537361145	-1368
15.1539449692	-1368
15.155766964	-1420
15.1558361053	-1316
15.1558420658	-1368
15.1560370922	-1368
15.1561570168	-1368
15.1562819481	-1368
15.1569330692	-1368
15.1615159512	-1368
15.1617500782	-1368
15.1621799469	-1368
15.1621940136	-1368
15.1623461246	-1368
15.1675169468	-1368
15.1675839424	-1368
15.1678080559	-1368
15.167935133	543
15.171298027	-1368
15.1715071201	-1368
15.1715700626	-1368
15.1739120483	-1368
15.1748430729	-1368
15.1749529839	-1368
15.1752250195	-1368
15.1752340794	-1368
15.1754391193	-1368
15.1810879707	-1420
15.1811571121	-1316
15.1811640263	-1368
15.183273077	-1368
15.1833760738	-1368
15.1836390495	-1368
15.1836481094	-1368
15.1838591099	1057
15.1840379238	-1368
15.184128046	-1368
15.1843121052	-1368
15.1847391129	-1368
15.1849999428	-1420
15.1850090027	-1316
15.1877999306	-1368
15.1878149509	-1368
15.1879529953	-1368
15.1899330616	-1368
15.1900060177	-1368
15.1902599335	-1368
15.1946671009	-1420
15.1946821213	-1316
15.194740057	-1368
15.1951401234	-1368
15.1952669621	-1368
15.1952810287	-1368
15.1955800056	543
15.1964919567	-1368
15.1966941357	-1368
15.1967461109	-1368
15.2049610615	-1368
15.2050349712	-1368
15.2052490711	-1368
15.2057380676	-1368
15.2057490349	-1368
15.205935955	-1368
15.2062580585	-1368
15.2063090801	-1368
15.206512928	-1368
15.2090659142	-1368
15.2091739178	-1368
15.2093241215	-1368
15.2109549046	-1368
15.2110099792	-1368
15.2111799717	-1368
15.2159330845	-1368
15.2159469128	-1368
15.2161839008	-1368
15.2164359093	-1368
15.216490984	-1368
15.2171170712	-1368
