0	543
0.997818946838	543
3.20802807808	543
3.22832798958	543
3.53835606575	-543
3.69192910194	-543
3.69503808022	-1420
3.69506311417	-1176
3.70076394081	-1420
3.70081305504	-1420
3.70084905624	-1054
3.73996496201	543
3.75965094566	543
3.78074407578	-1420
3.78080201149	-1420
3.7808470726	-1054
3.79908299446	-1298
3.80507206917	-1420
3.80510091782	-1176
3.80579590797	543
3.80599212646	543
3.80823898315	-1420
3.80824303627	-1176
3.81384992599	-1298
3.81411504745	-1420
3.81417107582	-1420
3.81417393684	-808
3.82247495651	-565
3.82989192009	543
3.83010292053	543
3.91076803207	-1420
3.91078495979	-1176
3.92126607895	-1298
3.92146801949	543
3.92688512802	-1420
3.92689299583	-1420
3.92694807053	-1054
3.93840193748	-9
3.93840909004	-1420
3.93845295906	-1420
3.9384560585	-1054
3.94070005417	-1420
3.94070601463	-1176
3.94453597069	-1420
3.94454193115	-1176
3.94800400734	-1298
3.96552395821	543
3.96586990356	543
4.0238931179	-1420
4.02390503883	-1176
4.03005290031	543
4.03029799461	543
4.03997612	-1420
4.03998208046	-1420
4.04002594948	-1420
4.04002809525	-932
4.04006409645	-1420
4.04006695747	-1176
4.05149793625	-1420
4.05150604248	-1420
4.05155205727	-1420
4.05155491829	-932
4.05159306526	-1116
4.05169010162	1057
4.16506695747	-543
4.16952300072	-1420
4.16957402229	-1176
4.17000293732	-1420
4.17005801201	-1420
4.17006111145	-1054
4.1703979969	-1298
4.17096710205	1460
4.17101693153	1460
4.17105197906	707
4.2025179863	-1420
4.20253205299	-1176
4.2050409317	-1298
4.20787096024	-1298
4.20813393593	-1298
4.22295594215	-1298
4.28261303902	-677
4.39587402344	-1086
4.49857497215	-1298
4.52232909203	-1298
4.53041291237	1460
4.53048300743	1460
4.53051900864	193
4.54885292053	-633
4.59958696365	-1420
4.59959697723	-1176
4.60083794594	-1420
4.6008439064	-1420
4.60087609291	-1054
4.60200309753	-1420
4.60200810432	-1420
4.6020591259	-1054
4.60258698463	-1420
4.60259199142	-1420
4.60263395309	-1054
4.60791492462	-1298
4.60809397697	-1420
4.60811710358	-1176
4.61027503014	543
4.61042404175	-1298
4.61331009865	-1420
4.61333703995	-1176
4.61714410782	-1298
4.63553905487	-1420
4.63555502892	-1176
4.68253707886	-1298
4.70989894867	-1298
4.71285700798	-1420
4.71286296844	-1420
4.71290612221	-1420
4.71290898323	-932
4.71305608749	543
4.7139070034	-1420
4.71391201019	-1420
4.71393299103	-1420
4.71393489838	-932
4.71505212784	-1420
4.71505689621	-1420
4.71507692337	-1420
4.71507906914	-932
4.71515989304	543
4.71565198898	-1420
4.71565699577	-1420
4.71569800377	-1420
4.71569991112	-932
4.72125601768	-1420
4.72126412392	-1420
4.72130608559	-1420
4.72130799294	-932
4.72651910782	-1420
4.72652411461	-1420
4.7265689373	-1420
4.72657203674	-932
4.74875497818	-1420
4.7487680912	-1420
4.74882912636	-1420
4.74883103371	-932
4.81309604645	1057
4.82442712784	-1420
4.824436903	-1176
4.82484602928	543
4.82585906982	-1420
4.82586407661	-1420
4.8258960247	-1420
4.82589912415	-932
4.82617712021	-1420
4.826182127	-1039
4.95086407661	-543
5.03686404228	-1420
5.03688097	-1176
5.05017590523	-1420
5.05019593239	-1176
5.0504899025	-1298
5.05099606514	-1298
5.05109596252	543
5.05138993263	-1420
5.0513958931	-1176
5.05146408081	-1420
5.05146789551	-1176
5.05165195465	-1420
5.05165410042	-1420
5.05169391632	-1054
5.05169701576	-1298
5.05193305016	-1420
5.05193805695	-1176
5.10381507874	-169
5.14087891579	-1298
5.22700500488	-1298
5.25406312943	-1089
5.25423693657	543
5.36711907387	-1086
5.41591596603	-1420
5.41592693329	-1176
5.52908706665	-1031
5.53237390518	543
5.53604197502	543
5.53623890877	543
5.88848090172	-543
6.00470805168	565
6.01301693916	-543
6.08564901352	-543
6.32100892067	-543
6.43409991264	-543
6.43477702141	543
6.77651190758	-543
6.92978310585	-543
6.93032693863	1460
6.93046593666	1460
6.93050289154	1161
6.93057203293	1460
6.93061995506	1460
6.93066310883	1161
6.93071508408	149
6.94172811508	543
6.97978401184	543
7.09972500801	543
7.2196969986	543
7.26170802116	-543
7.26203989983	-1420
7.26207590103	-1176
7.2622590065	-1420
7.2623000145	-1420
7.26230311394	-1054
7.26656508446	543
7.26677489281	1460
7.26681399345	111
7.33958601952	-1420
7.33960294724	-1420
7.33966302872	-1054
7.35665798187	-1298
7.37531805038	-1420
7.37533307076	-1420
7.37536907196	-1420
7.37537097931	-932
7.37538909912	-1420
7.37539291382	-1420
7.37540793419	-1107
7.452698946	-1420
7.45275092125	-1176
7.45632791519	-1298
7.46975803375	-1420
7.469810009	-1420
7.46981406212	-1054
7.48839592934	-1420
7.48840308189	-1420
7.48851108551	-1054
7.48851490021	-1420
7.48855304718	-1420
7.4885559082	-1054
7.48861694336	-1420
7.4886200428	-1176
7.48865509033	-1420
7.48865699768	-1176
7.48878192902	1057
7.50678396225	-1298
7.56584811211	-1420
7.56586408615	-1420
7.56589698792	-1054
7.56605696678	543
7.58292794228	-1420
7.58293700218	-1420
7.58298206329	-1420
7.58298492432	-932
7.58658409119	-1298
7.60171508789	-1420
7.60184192657	-1420
7.60184597969	-1420
7.60189390182	-932
7.60189604759	-1420
7.60193109512	-1420
7.60193300247	-1054
7.60197401047	-1298
7.60197710991	-1420
7.60201907158	-1420
7.6020219326	-1054
7.6020629406	-1298
7.60206604004	-1298
7.60344409943	-1298
7.65980100632	-1298
7.67898702621	-1420
7.67905211449	-1420
7.67905712128	-1420
7.67909312248	-932
7.68130707741	-1298
7.68159294128	543
7.69620490074	-1420
7.69621896744	-1176
7.69626998901	-1298
7.69817090034	-1298
7.69967889786	-1420
7.69968509674	-1420
7.69972705841	-1054
7.70503592491	543
7.71473193169	-1420
7.71473693848	-1420
7.71482396126	-1054
7.71482610703	-1420
7.71486210823	-1420
7.71486496925	-1420
7.71489810944	-932
7.71501803398	-1420
7.71503901482	-1420
7.71504211426	-1054
7.71519207954	-1420
7.71519589424	-1420
7.71523189545	-1420
7.71523499489	-1420
7.71529793739	-1420
7.71530103683	-688
7.72412109375	543
7.72776889801	-1298
7.74045109749	543
7.74070811272	543
7.75690889359	-1298
7.76138710976	-1298
7.79228496552	-1420
7.79230093956	-1420
7.7923579216	-1420
7.79236102104	-1420
7.79240393639	-810
7.79422211647	-1298
7.80935907364	-1420
7.80936908722	-1420
7.80943608284	-1054
7.81126189232	-1420
7.81129407883	-1176
7.81139206886	543
7.81143498421	-1420
7.81143689156	-1176
7.81273889542	-1420
7.8127450943	-1420
7.81278991699	-1054
7.81279301643	-1298
7.81289291382	543
7.82805991173	-1420
7.8280749321	-1420
7.82812905312	-1420
7.82813191414	-932
7.828166008	-1420
7.82816791534	-1176
7.82820105553	-1420
7.82820296288	-1176
7.82826089859	-1420
7.82826304436	-1420
7.82837200165	-1054
7.82837510109	-1298
7.8284099102	-1420
7.82841205597	-1420
7.8284869194	-1054
7.82849001884	-1298
7.82853293419	-1420
7.82853603363	-1176
7.83781290054	-1420
7.83782696724	-1176
7.84102010727	-1420
7.84102606773	-1176
7.84117102623	543
7.84718203545	-1298
7.87474107742	-1420
7.87481093407	-1420
7.87481594086	-1054
7.90538191795	-1420
7.90539693832	-1420
7.9054620266	-1420
7.90546512604	-932
7.90550804138	-1420
7.90550994873	-1176
7.92246198654	-1420
7.92247605324	-1420
7.92252898216	-1054
7.9225320816	-1298
7.92464900017	-1420
7.92465305328	-1420
7.92469096184	-1420
7.9246931076	-1420
7.92472696304	-1420
7.92473006248	-688
7.92488193512	543
7.92506694794	543
7.92572808266	-1420
7.92573308945	-1420
7.92575502396	-1420
7.9257569313	-932
7.93453907967	-1298
7.94116711617	-1420
7.94122505188	-1420
7.941229105	-1420
7.94127011299	-932
7.94127202034	-1420
7.94131302834	-1420
7.94137597084	-1054
7.94142103195	-1420
7.94142389297	-1176
7.94149899483	-1420
7.94150209427	-1420
7.94153690338	-1054
7.94153904915	-1420
7.94157600403	-1420
7.94157791138	-1054
7.94162106514	-1420
7.94163203239	-1176
7.94171094894	-1420
7.94171309471	-1420
7.94181799889	-1054
7.94182109833	-1420
7.94185495377	-1420
7.94185805321	-1054
7.94193291664	-1420
7.94193601608	-1176
7.94218707085	543
7.95093393326	-1420
7.95094394684	-1176
7.95441102982	-1420
7.95441794395	-1420
7.95446395874	-1420
7.95446705818	-932
7.9547688961	543
7.95518398285	543
7.98788905144	-1420
7.98790502548	-1420
7.98796606064	-1420
7.98796892166	-932
7.99472212791	543
8.01847100258	-1420
8.01848697662	-1420
8.01858901978	-1054
8.01859092712	-1420
8.01863002777	-1420
8.01863312721	-1420
8.01867294312	-932
8.01867604256	-1420
8.01870989799	-1420
8.01871204376	-1054
8.03559589386	-1420
8.03561306	-1420
8.03566908836	-1420
8.03567099571	-1420
8.03570604324	-1420
8.03570890427	-688
8.03781700134	-1420
8.03783011436	-1420
8.03788304329	-1420
8.03788590431	-1420
8.03791999817	-810
8.03792190552	-1420
8.03795599937	-1420
8.03795909882	-1054
8.03876590729	-1420
8.03877592087	-1420
8.03882098198	-1054
8.03882408142	-1298
8.04236006737	543
8.05456900597	-1420
8.05458498001	-1420
8.05464100838	-1420
8.05464291573	-932
8.05473399162	-1420
8.05473709106	-1420
8.05477595329	-1054
8.05477905273	-1420
8.05481100082	-1420
8.05481410027	-1054
8.05490112305	-1420
8.0549030304	-1420
8.05494689941	-1420
8.05494999886	-932
8.05498290062	-1420
8.05498600006	-1420
8.05504012108	-1054
8.05504202843	-1420
8.05507707596	-1420
8.05507993698	-1420
8.05519008636	-932
8.05519294739	-1420
8.05522990227	-1420
8.05523204803	-1054
8.05526590347	-1420
8.05526804924	-1176
8.05544996262	-1420
8.05545306206	-1420
8.05549097061	-1054
8.0556139946	-1420
8.05565404892	-1420
8.05565810204	-1420
8.05570006371	-932
8.05570292473	-1298
8.05570411682	-1420
8.05570602417	-1176
8.05789494514	543
8.05816197395	543
8.05846691132	543
8.06395196915	-1298
8.06399607658	-1298
8.06759810448	-1420
8.06760406494	-1420
8.06764411926	-1054
8.06764698029	-1420
8.06768107414	-1420
8.06768298149	-1054
8.10092592239	-1420
8.10094189644	-1420
8.10100293159	-1420
8.10100507736	-932
8.13165211678	-1420
8.13166594505	-1420
8.13181304932	-1054
8.13181591034	-1420
8.13191199303	-1420
8.13191509247	-1054
8.13195300102	-1420
8.13195610046	-1420
8.13198900223	-1054
8.13199090958	-1298
8.13202500343	-1420
8.13202810287	-1420
8.13206911087	-1420
8.13207197189	-932
8.13223409653	1057
8.14863109589	-1420
8.1486389637	-1420
8.14869189262	-1420
8.14869403839	-932
8.14873504639	-1420
8.14873695374	-1420
8.14877104759	-1054
8.14877295494	-1298
8.14897608757	543
8.15079212189	-1420
8.15079712868	-1420
8.15083909035	-1054
8.15084195137	-1298
8.15121197701	-1420
8.1512169838	-1420
8.15125894547	-1420
8.15126109123	-1420
8.15129590034	-810
8.15129804611	-1298
8.15134692192	-1420
8.15135002136	-1176
8.15179896355	-1420
8.15180397034	-1420
8.15184402466	-1054
8.1518471241	-1298
8.16789007187	-1420
8.16790008545	-1420
8.1679520607	-1420
8.16795492172	-1420
8.16804003716	-1420
8.1680419445	-688
8.16808700562	-1420
8.16809010506	-1420
8.16812300682	-1420
8.16812610626	-932
8.16821408272	-1420
8.16821694374	-1176
8.16825389862	-1420
8.16825699806	-1420
8.16830301285	-1420
8.16830611229	-932
8.16835808754	-1420
8.16836094856	-1420
8.16844701767	-1054
8.16845011711	-1420
8.16848707199	-1420
8.16848897934	-1054
8.16862010956	-1420
8.16862392426	-1420
8.16866898537	-1054
8.16867089272	-1420
8.16871809959	-1420
8.16872096062	-1054
8.16875696182	-1298
8.16886997223	-1420
8.1689081192	-1420
8.16891002655	-1054
8.16894292831	-1298
8.16918611526	-1420
8.16922497749	-1420
8.16922712326	-1420
8.16922903061	-1420
8.16922998428	-810
8.16923093796	-1420
8.16923189163	-1420
8.16923308372	-1420
8.1692340374	-1420
8.16923499107	-810
8.16942596436	-1420
8.16943001747	-1420
8.16943097115	-1420
8.16943311691	-932
8.16943407059	-1298
8.17475795746	1057
8.17522096634	543
8.17548894882	543
8.17702198029	-1298
8.17723011971	-1298
8.1791639328	-1298
8.1792550087	543
8.18079090118	-1420
8.18079710007	-1420
8.18084311485	-1054
8.18084692955	-1420
8.1808860302	-1420
8.18088912964	-1054
8.18092393875	-1298
8.2140519619	-1420
8.21410989761	-1420
8.21411395073	-1420
8.21414399147	-932
8.21414589882	-1420
8.21416211128	-1176
8.24480104446	-1420
8.24485492706	-1420
8.24485898018	-1420
8.24487709999	-932
8.24487900734	-1420
8.24490189552	-1420
8.24490404129	-1054
8.24491906166	-1110
8.24965691566	543
8.38017892838	-1420
8.38019704819	-1420
8.38025212288	-1054
8.38679909706	-543
8.40043091774	-276
8.4095261097	543
8.48788690567	1057
8.48810696602	543
8.50628709793	-1298
8.5128030777	1460
8.51289701462	111
8.51348090172	-331
8.51628804207	543
8.5319609642	543
8.53247189522	543
8.53267908096	543
8.54605507851	543
8.54631900787	543
8.56638002396	543
8.69969201088	543
8.69999790192	543
8.82509303093	543
8.82537198067	543
8.88284492493	-543
8.90213894844	-1420
8.90220689774	-1176
8.90319108963	-1298
8.90844798088	-1420
8.90845608711	-1420
8.90850305557	-1054
8.91310405731	-1420
8.91315197945	-1420
8.91315507889	-1054
8.91331911087	543
8.91523694992	-1298
8.92026805878	-1420
8.92029500008	-1176
8.92496991158	-1298
8.93502902985	-1420
8.9350399971	-1420
8.93509101868	-1054
8.94037103653	-1298
8.94446396828	-1420
8.94446897507	-1420
8.94451093674	-1054
8.94817900658	-1420
8.9482190609	-1420
8.94822311401	-1054
8.94987106323	-1298
8.9499540329	543
8.95088291168	-1420
8.95088911057	-1176
8.95482993126	-1298
8.9551820755	1460
8.95522904396	111
8.963586092	-1420
8.96359109879	-1420
8.96363210678	-1054
8.96667504311	-1420
8.96671700478	-1420
8.96672010422	-1054
8.96883010864	-1298
8.96909594536	-1420
8.96911406517	-1176
8.97708296776	-1298
8.98659896851	-1298
8.98666501045	-1420
8.98670291901	-1176
8.98969101906	-1420
8.98976612091	-1420
8.98976993561	-1054
8.99432110786	-1420
8.99432992935	-1420
8.99437308311	-1054
8.9988219738	-1298
9.00337910652	543
9.00559306145	543
9.0150809288	-60
9.03798604012	-1420
9.03806304932	-1176
9.11075592041	-1298
9.11095190048	543
9.12807703018	-305
9.1648619175	-1298
9.27616596222	-1298
9.27774405479	-575
9.28398394585	543
9.41560792923	543
9.43883109093	-543
9.45964097977	-1420
9.45971989632	-1420
9.45972490311	-1420
9.45975112915	-1420
9.4597530365	-1420
9.45976996422	-688
9.45977210999	-1420
9.45978689194	-1176
9.45986294746	-1298
9.47552108765	-1420
9.47553491592	-1420
9.47559309006	-1054
9.47890901566	-1420
9.47895693779	-1420
9.47896003723	-1054
9.47924399376	-1420
9.47924900055	-1176
9.4794690609	-1298
9.50607705116	-1298
9.51398205757	543
9.5164680481	543
9.54882597923	-1298
9.54904103279	-1298
9.55219197273	-419
9.59194207191	-1420
9.59198904037	-1176
9.60462999344	-1298
9.60508298874	-1420
9.60508799553	-1420
9.6051299572	-1054
9.60882711411	543
9.60904812813	543
9.66530895233	-9
9.68921089172	-1298
9.68988895416	543
9.77331590652	-1420
9.77333593369	-1420
9.77339792252	-1054
9.77363204956	-1420
9.77368211746	-1420
9.77368497849	-1054
9.77518296242	543
9.778455019	-854
9.78708696365	543
9.78734302521	543
9.81559491158	-1420
9.81560611725	-1176
9.87282991409	-1298
9.87700295448	-1420
9.87704896927	-1420
9.87705302238	-1054
9.8812379837	543
9.89170312881	-9
10.0049059391	-1057
10.1014750004	1057
10.1020669937	543
10.1023170948	543
10.1617739201	-543
10.2404799461	-1298
10.2748858929	-874
10.2793769836	-1420
10.2793819904	-1176
10.2856469154	543
10.3046209812	-1420
10.3046469688	-1176
10.3047020435	-1298
10.3056070805	-1298
10.392316103	-581
10.409924984	-1420
10.4099979401	-1176
10.5054121017	-546
10.5065300465	543
10.6199939251	-1086
10.773747921	-543
10.8868739605	-1086
10.9299221039	-1420
10.9299371243	-1176
10.9446918964	-1298
10.9467821121	543
10.9974761009	543
10.9997780323	-305
11.0019490719	543
11.0215420723	-1420
11.0215580463	-1176
11.1362919807	-1060
11.1373150349	1057
11.1467399597	-1420
11.146750927	-1420
11.1468040943	-1054
11.1478919983	-1420
11.1479680538	-1420
11.1479709148	-1054
11.1497170925	-1420
11.149723053	-1176
11.1506440639	-1298
11.1765389442	1057
11.2380490303	-1298
11.2597179413	-558
11.3017239571	-1420
11.3017399311	-1420
11.301803112	-1054
11.3019680977	-1420
11.3020250797	-1176
11.3020279408	-1298
11.3024320602	-1420
11.302437067	-1176
11.3025391102	543
11.3026719093	-1298
11.3027460575	543
11.3197000027	-1420
11.319715023	-1176
11.3197569847	-1298
11.373003006	-1104
11.4451470375	-1420
11.4451749325	-1176
11.4537730217	-1420
11.4537990093	-1176
11.4538440704	-1298
11.4549651146	543
11.486342907	-308
11.500180006	-1420
11.5002501011	-1176
11.5003960133	-1298
11.5267500877	-543
11.5305650234	-1298
11.5994970798	-549
11.6674230099	543
11.999573946	543
13.2744541168	-543
13.316450119	-1420
13.3165090084	-1420
13.3165569305	-1054
13.3376369476	-1420
13.3377110958	-1176
13.3466889858	-1298
13.3544330597	-1420
13.3544831276	-1176
13.3570621014	543
13.3586990833	543
13.3699109554	543
13.3874940872	-1420
13.3875110149	-221
13.3908929825	543
13.4198250771	543
13.5375521183	-543
13.7047719955	-543
13.7139120102	-543
13.7294180393	-543
13.8178229332	-543
13.8478970528	-1298
13.861987114	-1420
13.8619990349	-1176
13.8620579243	-1298
13.9200260639	-1420
13.9200439453	-1176
13.9307169914	-96
13.9308590889	543
13.9714729786	543
14.0048110485	-1298
14.0437619686	-302
14.044645071	543
14.1567521095	-543
14.1571090221	543
14.5149838924	-543
14.6001601219	-1420
14.6002099514	-1176
14.6109089851	-1420
14.6109731197	-1420
14.6110091209	-1054
14.6218070984	1057
14.6267879009	1057
14.6362380981	1057
14.685904026	-1420
14.6859209538	-1420
14.6859838963	-1054
14.6868901253	-1420
14.6869161129	-192
14.7622098923	-1420
14.7622570992	-1176
14.7629919052	-1420
14.763035059	-1420
14.7630710602	-1054
14.7632029057	-1420
14.76324296	-1176
14.7633430958	543
14.7642819881	1057
14.795429945	543
14.7989170551	-1420
14.7989220619	-1176
14.7989640236	-1420
14.7989659309	-1176
14.7998590469	-831
14.8323171139	-1420
14.8323631287	-1176
14.8753249645	-1420
14.8753390312	-1176
14.9175629616	-1420
14.9175789356	-1176
14.9177451134	543
14.9205451012	-1420
14.9205579758	-1420
14.92060709	-1054
14.920609951	-1420
14.9206600189	-1420
14.9206631184	-1054
14.9277250767	-1420
14.9277338982	-1176
14.9277780056	-1298
14.9280080795	-1298
14.9454400539	-1420
14.9454529285	-1176
14.9455070496	-1171
14.9466249943	-1298
14.9885299206	-1420
14.9885489941	-1176
15.0029399395	-1298
15.0210440159	-543
15.0306611061	-1420
15.0307168961	-1420
15.0307219028	-1054
15.0308690071	543
15.0595910549	-282
15.0850520134	-1420
15.0851459503	-1420
15.0851500034	-1054
15.0851929188	-1420
15.0852050781	-1176
15.0852499008	-1298
15.0855901241	-1298
15.0857651234	543
15.0858221054	-1298
15.0859749317	-1420
15.0860240459	-1176
15.0887639523	-1420
15.0888080597	-1420
15.0888109207	-1054
15.0888490677	-1298
15.099599123	-1298
15.1016509533	-1420
15.1016569138	-1176
15.125936985	543
15.1285870075	543
15.1291201115	1057
15.1640710831	-1420
15.1640839577	-1420
15.1641430855	-1054
15.1644370556	-1420
15.16446805	-1176
15.1710999012	-1298
15.1982331276	-1420
15.1982491016	-1420
15.1983020306	-1420
15.1983048916	-1389
15.2005620003	543
15.3110671043	-1420
15.3110849857	-1176
15.3111999035	-1060
15.3413670063	1057
15.464687109	-543
15.4896740913	1460
15.4897770882	111
15.5777850151	-543
15.5951020718	-1420
15.5951619148	-1176
15.6578850746	-1298
15.6583490372	-1420
15.6584610939	-1420
15.6584639549	-1054
15.6585059166	-1420
15.658509016	-1176
15.6585469246	-1420
15.6585490704	-1176
15.658643961	-1420
15.6586461067	-1176
15.665760994	-1420
15.6657669544	-1176
15.6658089161	-1298
15.6666879654	-1298
15.6667759418	543
15.6674280167	-1420
15.6674320698	-1176
15.6677091122	543
15.6678550243	-1420
15.6678590775	-1420
15.6678988934	-1054
15.6679639816	543
15.6681809425	-1298
15.6710929871	-1298
15.6714220047	-1420
15.6714260578	-1176
15.6714639664	-1420
15.6714670658	-1176
15.708163023	-1298
15.7083370686	-1420
15.7084009647	-1420
15.7084040642	-1054
15.7715239525	-1420
15.7715389729	-1420
15.7715940475	-1420
15.7715969086	-932
15.7716391087	-1420
15.771641016	-1420
15.7717359066	-1054
15.771739006	-1420
15.7717840672	-1420
15.7717869282	-1054
15.7718310356	-1420
15.771832943	-1420
15.7718679905	-1054
15.7718698978	-1298
15.7772428989	543
15.7788100243	-1420
15.7788159847	-1176
15.7798490524	-1420
15.7798540592	-1420
15.7798919678	-1420
15.7798950672	-932
15.7804169655	-1420
15.7804219723	-1176
15.780880928	-1420
15.7808849812	-1420
15.7809240818	-1420
15.7809259892	-932
15.7844369411	-1420
15.7844429016	-1420
15.7844920158	-1420
15.7844951153	-932
15.7845389843	-1420
15.7845420837	-1420
15.7845759392	-1054
15.7845790386	-1420
15.7846109867	-1176
15.7846128941	-1298
15.793872118	543
15.7940819263	543
15.8215429783	-1298
15.8245561123	-1420
15.8245890141	-1420
15.8245921135	-1054
15.8294360638	-1298
15.8846039772	-1420
15.8846170902	-1420
15.8846790791	-1420
15.8846819401	-932
15.8847260475	-1420
15.8847279549	-1420
15.8847711086	-1054
15.8847739697	-1420
15.8848080635	-1176
15.8849101067	-1420
15.8850169182	-1420
15.8850200176	-1420
15.8850560188	-932
15.8850591183	-1420
15.88509202	-1420
15.8850951195	-1054
15.8851280212	-1298
15.8896279335	543
15.8907539845	-1420
15.8907589912	-1176
15.8920910358	-1420
15.892095089	-1176
15.8928079605	-1420
15.8928129673	-1420
15.8929140568	-1420
15.8929169178	-932
15.8929600716	-1420
15.8929619789	-1176
15.893091917	543
15.8936069012	-1420
15.8936109543	-1176
15.8939509392	-1420
15.8939540386	-1420
15.8939909935	-1420
15.8940019608	-932
15.8940460682	-1420
15.8940489292	-1176
15.8975551128	-1298
15.8975949287	-1298
15.8977138996	-1420
15.8977169991	-1420
15.8977530003	-1420
15.8977549076	-1420
15.8977890015	-810
15.8977909088	-1420
15.8978919983	-1420
15.8978950977	-1054
15.8979279995	-1420
15.8979299068	-1176
15.8984379768	543
15.9348111153	-1420
15.9348220825	-1420
15.934871912	-1420
15.9348750114	-932
15.9349160194	-1420
15.9349191189	-1176
15.9395561218	543
15.9869840145	-1420
15.9870009422	-1176
15.997795105	-1420
15.9978060722	-1420
15.9978630543	-1054
15.9978659153	-1420
15.9979059696	-810
16.0017781258	-1420
16.0018229485	-1420
16.0018260479	-1054
16.0020201206	-1420
16.0020229816	-1420
16.0020570755	-1054
16.00791502	-1420
16.0079638958	-1420
16.0079669952	-1054
16.0081019402	543
16.0082859993	-1420
16.0082910061	-1176
16.0084290504	-1298
16.0089190006	-1420
16.0089640617	-1176
16.0090301037	-1298
16.0091149807	543
16.0092489719	-1420
16.0092511177	-1420
16.0092890263	-1054
16.0094780922	-1420
16.0095319748	-1176
16.0095350742	-1298
16.0096070766	-1298
16.0146389008	543
16.0148761272	543
16.0173499584	-1420
16.0173559189	-1420
16.0173990726	-1054
16.0178289413	-1420
16.0178720951	-1420
16.0178749561	-1054
16.0179951191	-1420
16.0179970264	-1420
16.0180399418	-1054
16.0264348984	-1420
16.0264730453	-1176
16.0264770985	-1298
16.0266089439	543
16.0268509388	-1298
16.0272901058	-1298
16.0275359154	-1420
16.0275409222	-1176
16.0285930634	-1420
16.0285980701	-1420
16.0286390781	-1054
16.0292029381	-1420
16.0292470455	-1420
16.0292499065	-1054
16.0305409431	-1420
16.0305459499	-1420
16.0305860043	-1054
16.033821106	-1420
16.0338599682	-1420
16.0338630676	-1054
16.0344719887	543
16.0358479023	-1298
16.0359261036	543
16.0364890099	-1420
16.036493063	-1176
16.0372879505	-1298
16.0478699207	-1420
16.047935009	-1420
16.0479390621	-1054
16.047976017	-1298
16.0479779243	-1420
16.0480129719	-1420
16.0480151176	-1420
16.0480489731	-932
16.1000010967	-1420
16.1000170708	-1176
16.1109919548	-1420
16.1110010147	-1420
16.1110539436	-1420
16.1110570431	-238
16.1240680218	-1420
16.1240820885	-1176
16.1242239475	-1298
16.1243710518	-1420
16.1244130135	-1420
16.1244170666	-1054
16.1246039867	543
16.1339421272	-1420
16.1339519024	-1420
16.1340069771	-1054
16.1341450214	-1420
16.1341929436	-1420
16.134196043	-1054
16.1345510483	-1420
16.1345551014	-1420
16.1345949173	-1054
16.1428780556	-1420
16.1429259777	-1420
16.1429290771	-1054
16.143654108	-1298
16.145565033	-1420
16.1456050873	-1420
16.1456079483	-1054
16.1468861103	-1420
16.146889925	-1420
16.1469271183	-1054
16.1470830441	543
16.1475880146	-1420
16.1475930214	-1420
16.1476349831	-1054
16.1477000713	543
16.1487879753	-1420
16.1487929821	-1420
16.1488358974	-1054
16.1496911049	-1420
16.1497180462	-1176
16.1497209072	-1298
16.1504449844	-1298
16.1506578922	-1420
16.1506938934	-1176
16.1507689953	-1298
16.1796379089	-1420
16.1796529293	-1420
16.1797161102	-1054
16.1855370998	1057
16.2161231041	-1420
16.2161490917	-1176
16.2163589001	543
16.2372701168	-510
16.2421560287	-1420
16.2422230244	-1176
16.2450649738	-1420
16.2451150417	-1420
16.2451179028	-1054
16.2465419769	-1420
16.2465491295	-1176
16.247025013	-1420
16.2470290661	-1176
16.2470760345	-1298
16.2481689453	-1298
16.2511320114	-1420
16.251157999	-1420
16.2511949539	-1054
16.2645010948	-1298
16.2647049427	543
16.3504049778	-323
16.4299249649	-1420
16.4299418926	-1420
16.4300079346	-1054
16.430011034	-1420
16.430052042	-1420
16.430054903	-1054
16.4341669083	-1420
16.4341740608	-1420
16.4342310429	-1054
16.4343059063	-1298
16.4345500469	-1420
16.4345529079	-1176
16.4349179268	-1298
16.435477972	-1298
16.4355471134	-1420
16.4355499744	-1176
16.4358520508	-1420
16.4358561039	-1176
16.4362130165	-1298
16.4364719391	-1420
16.4364910126	-1420
16.4364929199	-1054
16.4396901131	543
16.4438300133	-1420
16.4438381195	-1420
16.4439439774	-1054
16.4439470768	-1420
16.4439849854	-1420
16.4439880848	-1054
16.456882	1460
16.4569721222	1139
16.4574270248	1057
16.4635500908	-643
16.5212049484	-1420
16.5212230682	-1176
16.5212800503	-1298
16.5766999722	-819
16.6069509983	-1420
16.6069660187	-1176
16.6897149086	-517
16.69216609	-1420
16.6921710968	-1420
16.6922140121	-1054
16.8028490543	-848
16.8636639118	-1298
16.8645009995	-1420
16.8645420074	-1176
16.8645861149	-1298
16.8650228977	-1420
16.8650639057	-1420
16.8650670052	-1054
16.866353035	-1420
16.8663580418	-1176
16.8663930893	-1298
16.8665409088	543
16.866697073	543
16.8668410778	543
16.8670759201	-1420
16.8670799732	-1420
16.8671209812	-1054
16.867429018	543
16.8676819801	-1298
16.8681340218	-1420
16.8681769371	-1176
16.8683481216	-1420
16.8683669567	-1420
16.8683691025	-1054
16.8689870834	-1298
16.8707530499	-1420
16.8707969189	-1176
16.8710260391	-1298
16.8718400002	-1420
16.8718430996	-1420
16.8718791008	-1054
16.9113030434	543
16.911976099	543
16.9159259796	-1212
16.9484081268	-1420
16.9484670162	-1176
16.999548912	543
17.0484600067	-1420
17.0484781265	-1176
17.0486409664	543
17.0615360737	-1063
17.2209289074	-1086
17.3340559006	-543
17.386382103	-1420
17.3863990307	-1420
17.3864610195	-1054
17.386464119	-1420
17.3865020275	-1176
17.3865089417	-1298
17.3978259563	-1420
17.3978579044	-1176
17.3979160786	-1298
17.3990690708	-1420
17.3990750313	-1420
17.399116993	-1054
17.3991909027	543
17.4006049633	-1420
17.4006109238	-1420
17.4006550312	-1054
17.4012820721	-1298
17.4013059139	-1298
17.4013659954	-1298
17.4020380974	-1420
17.4020419121	-1176
17.4020879269	-1298
17.4022729397	-1298
17.4022910595	543
17.4162459373	-1420
17.4163029194	-1176
17.4173219204	-1298
17.4198861122	-1420
17.4198970795	-1420
17.4199459553	-1054
17.4205980301	-1420
17.4206380844	-1420
17.4206399918	-1054
17.4303040504	-1420
17.4303200245	-1420
17.430355072	-1054
17.430809021	-1298
17.4312310219	-1420
17.4312360287	-1176
17.4312551022	-1298
17.432393074	-1298
17.4326410294	-1420
17.4326441288	-1176
17.4327309132	-1420
17.43273592	-1420
17.4327609539	-1054
17.4336090088	-1420
17.4336359501	-1420
17.4336390495	-1054
17.4456279278	-1420
17.4456510544	-1420
17.4456961155	-1054
17.4458930492	-1298
17.4462389946	-1420
17.4462440014	-1176
17.4462850094	-1298
17.4462869167	-1420
17.4463300705	-1176
17.4464440346	-1298
17.4466049671	1057
17.4467740059	543
17.4470319748	-531
17.4635241032	-1420
17.4635720253	-1176
17.4638600349	-1298
17.4652359486	-1420
17.4652409554	-1420
17.465282917	-1054
17.4663119316	-1420
17.4663619995	-1420
17.466365099	-1054
17.4671299458	-1420
17.4671339989	-1420
17.4671759605	-1054
17.468624115	-1420
17.4686779976	-1420
17.468681097	-1054
17.4712281227	-1298
17.4813480377	-1420
17.4814040661	-1420
17.4814081192	-1054
17.4824199677	-1420
17.4824330807	-1420
17.4824910164	-1054
17.4824941158	-1298
17.499475956	-1420
17.4994909763	-1420
17.4995560646	-1420
17.499557972	-932
17.4995949268	-1420
17.4995970726	-1176
17.4998791218	-1298
17.5109419823	-1420
17.5110149384	-1420
17.5110189915	-1420
17.5110559464	-932
17.5111970901	1057
17.5122480392	-1298
17.5125279427	-1420
17.51258111	-1420
17.512583971	-1054
17.5189709663	-1420
17.5189878941	-1420
17.5190238953	-1054
17.5192689896	-1298
17.519575119	-1420
17.51957798	-1176
17.5197579861	-1298
17.5201480389	-1420
17.5201849937	-1420
17.5201880932	-1054
17.5202639103	-1420
17.5202660561	-1176
17.5204601288	-1298
17.5247170925	543
17.5350210667	-1420
17.535036087	-1420
17.5350899696	-1054
17.5352299213	-1420
17.5352609158	-1176
17.535380125	-1298
17.5356049538	-1298
17.5361759663	-1420
17.536221981	-1420
17.5362250805	-1054
17.5365989208	-1420
17.5366120338	-1176
17.5376091003	-1298
17.5504031181	-1420
17.5504550934	-1420
17.5504589081	-1054
17.551680088	-1420
17.5516829491	-1420
17.551721096	-1054
17.5519680977	-1298
17.5524380207	-1420
17.5524420738	-1176
17.552697897	-1420
17.5527009964	-1420
17.5527379513	-1054
17.5529510975	-1298
17.554336071	543
17.5545179844	543
17.5546500683	543
17.5569050312	-1420
17.5569109917	-1176
17.5569961071	-1298
17.5662820339	-1420
17.5663409233	-1420
17.5663449764	-1054
17.5666909218	-1420
17.5666940212	-1420
17.5667819977	-1054
17.5667850971	-1420
17.5668199062	-1176
17.5668230057	-1298
17.576556921	-1238
17.5842990875	-1420
17.5843410492	-1176
17.584430933	-1298
17.5862998962	-1420
17.5863039494	-1420
17.58634305	-1054
17.5865828991	-1298
17.5867340565	-1420
17.5867381096	-1176
17.5868420601	-1420
17.5868449211	-1420
17.5868630409	-1054
17.5997490883	-1420
17.5998139381	-1420
17.5998189449	-1420
17.5998530388	-932
17.6061570644	-1420
17.6062259674	-1420
17.6062300205	-1054
17.6067340374	-1298
17.6072258949	-1420
17.6072669029	-1176
17.6074969769	-1420
17.6075561047	-1420
17.6075589657	-1054
17.6103420258	543
17.6105210781	543
17.6243190765	-1420
17.6243319511	-1420
17.6243929863	-1054
17.6243960857	-1420
17.6244490147	-1420
17.6244521141	-1054
17.6244940758	-1298
17.6246430874	543
17.6248450279	-1420
17.624849081	-1176
17.6249511242	-1420
17.6249520779	-1176
17.6249880791	-1420
17.6249899864	-1176
17.6427669525	-1420
17.6427810192	-1420
17.6428339481	-1054
17.6446559429	-1420
17.6447029114	-1420
17.6447060108	-1054
17.644867897	-1298
17.6452560425	-1420
17.6453011036	-1420
17.6453039646	-1054
17.6453390121	-1420
17.6453421116	-1420
17.645375967	-1054
17.6636760235	-1420
17.6637430191	-1420
17.6637470722	-1054
17.663877964	-1420
17.6638810635	-1176
17.6639270782	-1298
17.6640720367	543
17.6641700268	-1298
17.6645710468	-1420
17.6646111012	-1420
17.6646139622	-1054
17.6647210121	-1420
17.6647229195	-1176
17.6649580002	-1298
17.6650230885	543
17.6835570335	-1420
17.6835730076	-1420
17.6836280823	-1054
17.6839330196	-1298
17.6841840744	-1420
17.684196949	-1176
17.6842370033	-1298
17.6843719482	-1420
17.684401989	-1176
17.6844050884	-1298
17.6845309734	-1420
17.6845359802	-1176
17.6846380234	-1298
17.6893661022	-134
17.7041659355	-1420
17.7041790485	-1176
17.7044129372	-1298
17.7058839798	-1420
17.7059319019	-1420
17.7059350014	-1054
17.707490921	-1420
17.7074949741	-1420
17.7075519562	-1054
17.7080500126	-1420
17.7080740929	-1176
17.7091929913	543
17.7107200623	-1298
17.7119591236	-1420
17.7120010853	-1420
17.7120039463	-1054
17.7125000954	-1298
17.7130570412	-1420
17.7130789757	-1176
17.7132959366	-1298
17.7205600739	-1298
17.7207429409	-1420
17.7208449841	-1176
17.7208468914	-1420
17.7208819389	-1176
17.7209570408	-1298
17.7210400105	543
17.730214119	-1420
17.7302219868	-1420
17.7302670479	-1054
17.7303650379	543
17.7399220467	-1420
17.739937067	-1176
17.7399909496	-1420
17.7399930954	-1176
17.7402279377	-1298
17.7403929234	-1420
17.7404239178	-1176
17.740655899	-1420
17.7407240868	-1176
17.7407269478	-1298
17.7584149837	-1420
17.7584331036	-1420
17.7584700584	-1054
17.7594070435	-1298
17.7595369816	543
17.7599000931	-1420
17.7599050999	-1176
17.7603530884	-1298
17.760641098	-1420
17.760684967	-1420
17.7606880665	-1054
17.7611000538	-1420
17.7611050606	-1176
17.7613179684	-1298
17.7723250389	-1420
17.7723901272	-1420
17.7723939419	-1054
17.7725100517	-1298
17.7726690769	-1420
17.7727100849	-1176
17.7727770805	543
17.7730100155	-1298
17.7734940052	-1420
17.7735459805	-1420
17.7735490799	-1054
17.7737529278	-1420
17.7737569809	-1176
17.7740459442	-1298
17.7870190144	-1420
17.7870750427	-1420
17.7870790958	-1054
17.7872390747	-1420
17.7872419357	-1420
17.7872810364	-1054
17.7873909473	543
17.7874619961	-1298
17.7877590656	-1420
17.7878189087	-1420
17.7878220081	-1420
17.7878990173	-932
17.7879021168	-1420
17.7879369259	-1176
17.8017101288	-1420
17.8017709255	-1176
17.8017749786	-1298
17.8020720482	-1420
17.8020761013	-1420
17.8021221161	-1054
17.8024771214	-1229
17.8027169704	-1420
17.8027210236	-1176
17.8029129505	-1420
17.8029170036	-1176
17.8030071259	-1420
17.8030099869	-1176
17.8031349182	543
17.8165619373	-1420
17.8165709972	-1420
17.8166279793	-1054
17.8169031143	-1420
17.8169460297	-1420
17.8169491291	-1054
17.8172490597	-1420
17.8172531128	-1420
17.817291975	-1054
17.8175399303	-1420
17.8175880909	-1420
17.8175909519	-1054
17.8178319931	-1298
17.8180539608	-1420
17.8181021214	-1420
17.8181040287	-1054
17.8181838989	543
17.8266570568	-1420
17.8266649246	-1420
17.8267109394	-1054
17.8301870823	-1298
17.8303070068	-1298
17.83031106	-1298
17.8303809166	543
17.8305671215	-1420
17.8305699825	-1420
17.8306100368	-1054
17.8456339836	-1420
17.8457000256	-1420
17.8457050323	-1054
17.8460950851	-1298
17.8464729786	-1420
17.8465180397	-1420
17.8465209007	-1054
17.8472669125	-1420
17.8472719193	-1420
17.8473119736	-1420
17.8473141193	-1420
17.8473479748	-1420
17.8473510742	-688
17.8474590778	543
17.8602640629	-1420
17.8602781296	-1420
17.8603560925	-1054
17.8603589535	-1298
17.8605220318	-1420
17.8605260849	-1176
17.8606460094	-1298
17.8607280254	543
17.8609828949	-1420
17.860986948	-1420
17.8610270023	-1054
17.861066103	-1298
17.8613040447	-1420
17.8613090515	-1176
17.8770699501	-1420
17.8770859241	-1420
17.8771390915	-1054
17.8772170544	-1298
17.8772931099	-1420
17.8772969246	-1176
17.8775169849	-1298
17.8775939941	543
17.8777499199	-1420
17.877753973	-1420
17.8778069019	-1054
17.8778140545	-1420
17.8778510094	-1176
17.878000021	-1298
17.8947279453	-1420
17.8947379589	-1420
17.8947870731	-1054
17.8948800564	-1420
17.8949189186	-1420
17.8949210644	-1054
17.8950960636	-1298
17.8953258991	-1420
17.8953480721	-1176
17.8956871033	-1420
17.8957281113	-1420
17.8957300186	-1054
17.8959739208	-1298
17.8960580826	543
17.8963069916	-1420
17.8963110447	-1420
17.8963499069	-1054
17.8964281082	543
17.9092550278	-1420
17.9092669487	-1420
17.9093160629	-1054
17.9096469879	-1420
17.909692049	-1420
17.909719944	-1420
17.9097640514	-932
17.9097669125	-1420
17.90980196	-1176
17.915774107	-1247
17.9164540768	-1420
17.9164578915	-1176
17.9167330265	-1298
17.9253001213	-1420
17.9253599644	-1420
17.9253630638	-1054
17.9255099297	-1298
17.9257290363	-1420
17.9257519245	-1176
17.9258260727	543
17.9258699417	-1298
17.9259769917	-1420
17.926019907	-1176
17.9264230728	543
17.9391291142	-1420
17.9391450882	-1420
17.9391989708	-1420
17.9392020702	-932
17.9396870136	-1420
17.9396920204	-1420
17.9397330284	-1054
17.9400370121	-1420
17.9400880337	-1420
17.9400908947	-1054
17.9401259422	-1420
17.9401290417	-1176
17.9416370392	-1298
17.9522058964	-1420
17.9522759914	-1420
17.9522800446	-1054
17.9524059296	-1298
17.9525849819	-1420
17.9526240826	-1420
17.9526269436	-1054
17.9528689384	-1420
17.9528720379	-1176
17.9529480934	-1420
17.9529509544	-1176
17.952974081	-1298
17.9530620575	-1298
17.9543840885	543
17.967828989	-1420
17.9678449631	-1420
17.9679019451	-1054
17.9679050446	-1298
17.9679479599	-1420
17.9679510593	-1176
17.9682190418	-1298
17.9684350491	-1420
17.9684710503	-1176
17.9684760571	-1298
17.9687480927	-1420
17.9687530994	-1176
17.96884799	543
17.969274044	-1298
17.9694459438	543
17.9823899269	-1420
17.9824030399	-1420
17.9824559689	-1054
17.9826319218	-1298
17.9828901291	-1420
17.9828948975	-1176
17.9834449291	-1298
17.9838609695	-1420
17.9839029312	-1420
17.9839060307	-1054
17.9840669632	-1420
17.98407197	-1176
17.9843230247	-1298
17.9846699238	-1420
17.9846920967	-1176
17.9847860336	-1298
17.9966390133	-1420
17.9966449738	-1420
17.9966900349	-1054
17.9968469143	543
17.9969730377	-1298
17.9972319603	-1420
17.9972369671	-1176
17.9973940849	-1420
17.9973990917	-1420
17.9974389076	-1054
17.9975121021	-1298
18.0028169155	-1420
18.0028240681	-1420
18.0028679371	-1054
18.0128209591	-1420
18.0128829479	-1420
18.0128879547	-1054
18.0132050514	-1420
18.0132339001	-1420
18.0132749081	-1054
18.0132770538	-1420
18.0133109093	-1176
18.0133140087	-1298
18.0134689808	543
18.0138230324	-1420
18.0138280392	-1420
18.0138750076	-1420
18.0138781071	-932
18.0139729977	543
18.0141301155	543
18.0275731087	-1420
18.0275890827	-1176
18.0276489258	-1298
18.0276520252	-1298
18.0279829502	-1298
18.0280909538	-1420
18.0281131268	-1176
18.028345108	-1420
18.0283660889	-1176
18.0294489861	-1044
18.0417850018	-1420
18.0417940617	-1176
18.0418519974	-1298
18.0422289371	-1420
18.0422720909	-1420
18.0422749519	-1054
18.0426130295	-1420
18.0426161289	-1420
18.0426559448	-1054
18.0427160263	-1420
18.0427350998	-1176
18.0428509712	-1298
18.0556950569	-1420
18.0557100773	-1420
18.0557670593	-1054
18.0557699203	-1298
18.0559630394	543
18.0562031269	-1420
18.0562078953	-1420
18.0562479496	-1054
18.0565590858	-1420
18.0566010475	-1420
18.0566029549	-1054
18.0704679489	-1420
18.0704870224	-1420
18.0706241131	-1054
18.0706269741	-1420
18.0706748962	-1176
18.0706789494	-1298
18.0709331036	-1298
18.0710320473	-1298
18.0710959435	543
18.0712718964	-1420
18.0712769032	-1176
18.0714371204	543
18.0714819431	-1298
18.0716741085	-1420
18.0717260838	-1420
18.0717298985	-1054
18.0859100819	-1420
18.0859239101	-1420
18.0859839916	-1054
18.0863280296	-1298
18.0867810249	-1420
18.0867860317	-1176
18.0869159698	-1420
18.0869209766	-1176
18.087045908	-1420
18.0870499611	-1176
18.0959160328	-1420
18.0959260464	-1176
18.095954895	-1298
18.102793932	-1420
18.1028420925	-1420
18.1028449535	-1054
18.1030669212	-1298
18.1035730839	-1420
18.1036140919	-1420
18.1036159992	-1054
18.1036510468	-1420
18.1036539078	-1176
18.1037640572	543
18.1041901112	-1420
18.1041939259	-1420
18.1042330265	-1054
18.1182599068	-1420
18.1183190346	-1420
18.1183218956	-1054
18.1184360981	-1298
18.1188840866	-1420
18.1189529896	-1420
18.1189548969	-1054
18.1189908981	-1420
18.1189930439	-1176
18.1190350056	-1298
18.1195061207	543
18.120306015	-1420
18.1203100681	-1420
18.1203520298	-1054
18.1404359341	-1420
18.1405138969	-1176
18.1405189037	-1298
18.1438789368	543
18.154779911	-1420
18.1547980309	-314
18.1613891125	-1420
18.1614029408	-1176
18.16289711	-1420
18.1629030704	-1176
18.1636440754	-1298
18.1656329632	-1298
18.1671800613	-1420
18.1671850681	-1176
18.1683549881	-1298
18.1698610783	-1420
18.1699039936	-1420
18.169907093	-1054
18.1700239182	-1420
18.1700270176	-1176
18.1700949669	543
18.1705780029	-1298
18.1715481281	-1420
18.1715910435	-1420
18.1715939045	-1054
18.1726689339	-1420
18.172672987	-1420
18.1727149487	-1054
18.1865289211	-1420
18.1865689754	-1176
18.1867599487	-1298
18.1869189739	-1420
18.1869239807	-1176
18.1876349449	-1420
18.1876399517	-1420
18.1876790524	-1054
18.1877539158	543
18.2065329552	-1298
18.2070701122	-1420
18.2071089745	-1176
18.208106041	-1420
18.2081279755	-1176
18.2101109028	-1420
18.2101681232	-1420
18.2101709843	-1054
18.2141039371	-1298
18.2182691097	-1420
18.2183151245	-1176
18.2190299034	-1298
18.2201800346	543
18.2390990257	-1420
18.2391149998	-1176
18.239180088	-1298
18.2440540791	543
18.2501609325	543
18.2744629383	-667
18.6876189709	-543
18.7356960773	-1420
18.7357709408	-1420
18.7358169556	-1054
18.7538280487	-1420
18.753880024	-1176
18.7542591095	-1298
18.7715470791	-1420
18.7715919018	-1176
18.7717399597	543
18.7860319614	1057
18.7881259918	1057
18.799847126	-1298
18.8452720642	-1420
18.8453109264	-1176
18.8454170227	-1298
18.8485491276	-561
18.8779020309	-1420
18.877918005	-1176
18.8993959427	-1420
18.8994209766	-1420
18.899477005	-1054
18.9348649979	-1298
18.961493969	-38
18.9647541046	-1420
18.9648740292	-1176
18.9793400764	-1298
18.9971210957	-1420
18.9971339703	-1420
18.9971940517	-1054
18.9974648952	543
19.0033628941	-1298
19.0080680847	-1420
19.0081179142	-1420
19.0081219673	-1054
19.0110230446	-1420
19.0110280514	-1176
19.0201649666	-1298
19.0280759335	-1298
19.0282618999	-1420
19.0282680988	-1176
19.0458679199	-1298
19.045883894	-1420
19.0459229946	-1176
19.0509860516	-1298
19.0562391281	-1420
19.0562539101	-1176
19.0643570423	-1420
19.0643670559	-1420
19.0644190311	-1054
19.0693290234	-1298
19.0744919777	-126
19.074999094	-1420
19.0750319958	-1176
19.0839140415	-1298
19.0992081165	-1420
19.0992228985	-1420
19.0992760658	-1054
19.1143729687	-1420
19.1144330502	-1420
19.1144371033	-1054
19.1236379147	-1420
19.1236560345	-1420
19.1237111092	-1054
19.1379311085	-1420
19.1380040646	-1176
19.1380090714	-1298
19.1455099583	-1298
19.1565279961	-1420
19.1565930843	-1420
19.156596899	-1054
19.1665201187	-1420
19.1665289402	-1420
19.166574955	-1054
19.166713953	543
19.1688990593	-1420
19.1689040661	-1420
19.1689450741	-1054
19.1759839058	-1420
19.1760280132	-1420
19.1760311127	-1054
19.1801710129	-1298
19.1822860241	-1420
19.1823279858	-1420
19.1823320389	-1054
19.1876580715	-707
19.1898438931	-1420
19.1898930073	-1420
19.1898961067	-1054
19.193557024	-1420
19.1935620308	-1420
19.1936030388	-1054
19.1955339909	-1420
19.1955580711	-1176
19.1974089146	-1298
19.2011530399	-1420
19.2011580467	-1420
19.2012000084	-1054
19.2050828934	-1420
19.2051179409	-1176
19.2051210403	-1298
19.2085061073	-1420
19.2085149288	-1420
19.2085618973	-1054
19.2134480476	-1420
19.2134940624	-1176
19.2135019302	-1298
19.2184379101	-1298
19.2207200527	-1420
19.2207620144	-1176
19.2225790024	-1298
19.2243010998	-1420
19.224312067	-1420
19.2243640423	-1054
19.2244739532	543
19.2254500389	-1420
19.2254559994	-1420
19.2255010605	-1054
19.2277600765	-1420
19.2278020382	-1176
19.2278060913	-1298
19.23010993	-1298
19.2315249443	-1420
19.2315759659	-1420
19.231580019	-1054
19.2339808941	-1420
19.2339849472	-1420
19.2340240479	-1054
19.2351229191	-1420
19.2351539135	-1420
19.2351570129	-1054
19.2412159443	-1420
19.2412230968	-1420
19.2412650585	-1054
19.2709629536	-1298
19.2747969627	-1420
19.2748041153	-1176
19.2768659592	-1298
19.2827401161	-1420
19.2827858925	-1420
19.2827889919	-1054
19.284651041	-1420
19.2846560478	-1176
19.2847380638	-1298
19.2863080502	-1420
19.2863309383	-1176
19.2863340378	-1298
19.2910299301	-1298
19.2931959629	-1420
19.2932469845	-1176
19.2946851254	-1298
19.295830965	-1420
19.2958431244	-1420
19.2958900928	-1054
19.2969889641	-1420
19.2970280647	-1176
19.2971611023	543
19.298304081	-1298
19.2995951176	-1420
19.2996408939	-1420
19.2996439934	-1054
19.3028531075	-613
19.3045270443	-1420
19.3045780659	-1420
19.3045809269	-1054
19.3070049286	-1420
19.3070130348	-1176
19.3070669174	-1298
19.3114290237	-1420
19.3114829063	-1176
19.3131899834	-1298
19.3144769669	-1420
19.3144819736	-1420
19.3145279884	-1054
19.316781044	-1420
19.3168210983	-1420
19.3168239594	-1054
19.3217110634	-1298
19.3239839077	-1420
19.3240289688	-1176
19.3254890442	-1420
19.3255410194	-1420
19.3255441189	-1054
19.3265440464	-1298
19.3284621239	-1420
19.3284869194	-1176
19.3296620846	-1298
19.3334679604	-1420
19.3334729671	-1420
19.3335170746	-1054
19.3364229202	-1298
19.3379540443	-1420
19.3379590511	-1176
19.3394780159	-1420
19.3394830227	-1420
19.3395249844	-1054
19.3408019543	-1420
19.3408429623	-1176
19.3408460617	-1298
19.3409779072	543
19.3459579945	-1420
19.3459630013	-1420
19.346009016	-1054
19.3491089344	-1298
19.3504889011	-1298
19.3537490368	-1420
19.3537991047	-1420
19.3538019657	-1054
19.3572440147	-1420
19.3572490215	-1176
19.3583009243	-1298
19.3585510254	-1420
19.3585929871	-1176
19.360886097	-1420
19.3609259129	-1420
19.3609290123	-1054
19.3657989502	-1298
19.3666779995	-1420
19.3667290211	-1420
19.3667330742	-1054
19.3680939674	-1420
19.3680980206	-1420
19.3681359291	-1054
19.3688700199	-1298
19.3694059849	-1420
19.369410038	-1176
19.3697600365	-1298
19.3714749813	-1420
19.3715190887	-1420
19.3715219498	-1054
19.3732969761	-1420
19.3733019829	-1420
19.3733410835	-1054
19.3739080429	-1420
19.3739480972	-1420
19.3739509583	-1054
19.3752689362	-1420
19.3752739429	-1176
19.3754138947	543
19.3754580021	-1298
19.3767371178	-1298
19.3881950378	-1420
19.3882110119	-1176
19.3882660866	-1420
19.3882689476	-1176
19.396048069	-1420
19.396073103	-1420
19.3961079121	-1420
19.3961110115	-932
19.3975360394	-1298
19.3978710175	-1420
19.3979399204	-1176
19.3979430199	-1298
19.3993599415	-1420
19.3993690014	-1176
19.3993940353	-1420
19.3993968964	-1176
19.4040670395	-1420
19.4040811062	-1176
19.4053900242	-1298
19.4063649178	-1420
19.4064149857	-1420
19.4064190388	-1054
19.4089810848	-1420
19.4089910984	-1420
19.4090409279	-1054
19.4090440273	-1298
19.4101190567	-1420
19.4101409912	-1420
19.4102609158	-1054
19.4102649689	-1298
19.4127550125	-1420
19.4127650261	-1420
19.4128119946	-1420
19.4128139019	-932
19.4176299572	-1420
19.4176421165	-1420
19.417691946	-1054
19.4176940918	-1420
19.417730093	-1420
19.417732954	-1054
19.4179329872	543
19.4200389385	-1420
19.420044899	-1176
19.4240031242	-1298
19.4243979454	-1420
19.4244410992	-1420
19.4244439602	-1054
19.4274730682	-1420
19.427478075	-1420
19.4275200367	-1054
19.427531004	-1420
19.4275660515	-1420
19.4275689125	-1054
19.4297749996	-1420
19.4297800064	-1420
19.4298191071	-1054
19.4298210144	-1298
19.4371099472	-1420
19.4371190071	-1420
19.4371619225	-1420
19.4371650219	-932
19.4385650158	-1420
19.4385690689	-1420
19.4386091232	-1420
19.4386119843	-932
19.4415481091	-1420
19.4415531158	-1420
19.4415929317	-1420
19.4415950775	-932
19.4466021061	-1420
19.4466080666	-1420
19.446655035	-1420
19.446657896	-932
19.4511089325	-1420
19.4511139393	-1420
19.4511530399	-1420
19.451155901	-932
19.4526500702	-1420
19.4526541233	-1420
19.4526929855	-1420
19.452696085	-932
19.4528679848	543
19.4538691044	-1420
19.4538729191	-1420
19.4539299011	-1054
19.4539330006	-1298
19.459100008	-1420
19.4591059685	-1420
19.4591460228	-1420
19.4591491222	-932
19.4635899067	-1420
19.4635961056	-1420
19.4636359215	-1420
19.4636390209	-932
19.4668469429	-1420
19.4668519497	-1420
19.466892004	-1054
19.4668951035	-1298
19.4703218937	-1420
19.4703269005	-1176
19.471765995	-1420
19.4717710018	-1420
19.4718101025	-1420
19.4718129635	-932
19.4738879204	-1420
19.4738929272	-1420
19.4739320278	-1420
19.4739351273	-932
19.4798440933	-1420
19.4798569679	-1420
19.4799070358	-1054
19.4799098969	-1420
19.4799439907	-1420
19.4799470901	-1054
19.4811389446	-1420
19.4811449051	-1176
19.4820311069	-1420
19.4820361137	-1420
19.4820771217	-1420
19.4820790291	-932
19.4824140072	-1420
19.4824180603	-1176
19.4831879139	543
19.4844429493	-1420
19.4844579697	-1176
19.4847490788	-1420
19.4847540855	-1420
19.4848020077	-1054
19.4848051071	-1298
19.4862940311	-1420
19.4863009453	-1176
19.4863679409	-1420
19.4863710403	-1176
19.4869151115	-1420
19.4869201183	-1176
19.487101078	-1420
19.4871039391	-1176
19.4884819984	-1420
19.4885010719	-1176
19.4890239239	-1420
19.4890270233	-1176
19.4944210052	-1298
19.5012090206	-1420
19.5012791157	-1420
19.5012841225	-1420
19.5013298988	-932
19.5013320446	-1420
19.5013680458	-1420
19.5013699532	-1054
19.5092089176	-1420
19.5092229843	-1176
19.5092749596	-1420
19.509278059	-1176
19.5107159615	-1420
19.5107219219	-1176
19.5109570026	-1420
19.5109710693	-1176
19.5111119747	-1420
19.5111160278	-1176
19.5124189854	-1420
19.5124940872	-1420
19.512540102	-1054
19.512542963	-1420
19.5125780106	-1420
19.5125799179	-1054
19.5127279758	543
19.5129230022	543
19.5171179771	-1420
19.5171251297	-1420
19.5171699524	-1420
19.5171730518	-932
19.5194349289	-1420
19.5194399357	-1420
19.5194830894	-1054
19.5194859505	-1298
19.5219991207	-1420
19.5220041275	-1420
19.5220549107	-1420
19.5221281052	-932
19.5221750736	-1420
19.5221779346	-1176
19.5230820179	-1420
19.5230879784	-1420
19.523154974	-1054
19.5231580734	-1298
19.5259439945	-1420
19.5259490013	-1420
19.5260519981	-1054
19.5260550976	-1298
19.5260899067	-1420
19.5260930061	-1176
19.5262379646	543
19.5306220055	-1420
19.5306279659	-1420
19.5306711197	-1054
19.530673027	-1298
19.5309109688	-1420
19.5309150219	-1420
19.5309550762	-1420
19.5309579372	-1112
19.5330290794	-1420
19.5330350399	-1176
19.5374829769	-1420
19.5374889374	-1420
19.5375950336	-1054
19.5375978947	-1298
19.537635088	-1420
19.5376369953	-1176
19.5378069878	543
19.5404350758	-1298
19.5421090126	-1420
19.54215312	-1420
19.5421550274	-1054
19.5422749519	543
19.5425779819	-1298
19.5439889431	-1420
19.5440349579	-1420
19.5440371037	-1054
19.5456299782	-1420
19.545634985	-1420
19.5456769466	-1054
19.5463519096	-1298
19.5501110554	-1420
19.5501160622	-1176
19.5517649651	-1420
19.5517699718	-1420
19.5518109798	-1054
19.5522229671	-1420
19.5522789955	-1420
19.552282095	-1054
19.5523269176	-1298
19.5525200367	-1420
19.552560091	-1176
19.5527589321	543
19.5545580387	-1420
19.5545630455	-1420
19.55458498	-1054
19.5545880795	-1298
19.5586531162	543
19.558836937	543
19.5596320629	-1420
19.5596380234	-1176
19.559705019	-1298
19.575191021	-1420
19.5752520561	-1420
19.5752561092	-1054
19.5938091278	-1298
19.605214119	-1298
19.6054420471	-1420
19.6054470539	-1420
19.605492115	-1420
19.6054980755	-932
19.6055970192	-1420
19.6055989265	-1176
19.6057229042	543
19.6131150723	-1420
19.6131269932	-1176
19.6132819653	543
19.6134400368	-1298
19.6145429611	-1420
19.6146039963	-1420
19.6146080494	-1054
19.6148788929	-1420
19.6148860455	-1176
19.6153700352	-1420
19.6153728962	-1420
19.6154129505	-1054
19.6156299114	-1298
19.6194989681	-1420
19.6195111275	-1420
19.6195631027	-1054
19.6197850704	-1420
19.6198179722	-1176
19.6199131012	-1298
19.6210660934	-1420
19.6210730076	-1420
19.621117115	-1054
19.621186018	-1420
19.6212151051	-1176
19.6213829517	543
19.6223039627	-1298
19.624532938	-1420
19.624587059	-1420
19.62458992	-1054
19.6246290207	-1298
19.6440010071	-677
19.6608400345	-1420
19.6608541012	-1176
19.6608979702	-1298
19.6809830666	-543
19.7127819061	-1420
19.7127990723	-1176
19.7128539085	-1298
19.7130899429	543
19.7132179737	-1420
19.7132229805	-1176
19.7134139538	-1420
19.7134170532	-1176
19.7134749889	-1298
19.7226130962	-1420
19.722671032	-1176
19.7226750851	-1298
19.7227818966	-1298
19.7229409218	-1420
19.7229909897	-1176
19.7229940891	-1298
19.7230811119	543
19.7232589722	-1420
19.7232720852	-1176
19.7233150005	-1420
19.7233250141	-1176
19.732530117	-1420
19.7325379848	-1176
19.7327060699	-1298
19.7335679531	-1420
19.7336111069	-1420
19.7336139679	-1054
19.7338619232	-1420
19.7338659763	-1420
19.7339119911	-1420
19.7339150906	-932
19.733962059	-1420
19.7339639664	-1176
19.734142065	543
19.7417321205	-1420
19.7417469025	-1420
19.741797924	-1054
19.7418010235	-1298
19.74654603	-1420
19.7465529442	-1420
19.7465970516	-1054
19.7569360733	-1021
19.7933690548	-1420
19.7933950424	-1420
19.7934319973	-1054
19.809705019	-1298
19.8118629456	-1420
19.8118760586	-1420
19.8119149208	-1054
19.8121321201	543
19.822742939	-1420
19.8227550983	-1420
19.8228061199	-1054
19.8233671188	-1420
19.8234109879	-1420
19.8234140873	-1054
19.8235061169	-1420
19.823515892	-1176
19.8236339092	543
19.8239150047	-1420
19.8239190578	-1420
19.8239591122	-1054
19.8318879604	-1420
19.8319380283	-1420
19.8319411278	-1054
19.8321020603	-1298
19.8328740597	-1420
19.8329191208	-1420
19.8329219818	-1054
19.892676115	-1420
19.8926930428	-1176
19.8927459717	-1298
19.9065001011	-1186
19.9124090672	-1298
19.9127299786	-1420
19.9127759933	-1420
19.9127800465	-1054
19.9137790203	543
19.9175760746	-1420
19.9175810814	-1420
19.9176230431	-1054
19.9298930168	-1420
19.9299530983	-1420
19.929956913	-1054
19.9305799007	-1420
19.9305839539	-1420
19.9306230545	-1054
19.9311249256	-1420
19.9311649799	-1420
19.9311680794	-1054
19.9410979748	-1420
19.9411079884	-1420
19.9411530495	-1054
19.9412519932	543
19.9413669109	-1298
19.9416270256	-1420
19.9416699409	-1176
19.9418430328	-1298
19.941931963	543
19.9421899319	-1420
19.942193985	-1420
19.9422318935	-1054
19.9423630238	-1420
19.9424030781	-1176
19.9425520897	-1298
19.9427211285	-1420
19.9427340031	-1176
19.9427928925	-1298
19.9541969299	-1420
19.9542489052	-1420
19.9542529583	-1054
19.9549710751	-1298
19.9558000565	-1420
19.9558680058	-1176
19.9561929703	-1420
19.9562520981	-1420
19.956264019	-1054
19.9562981129	-1298
19.9563939571	543
19.9811410904	-1420
19.9811570644	-1176
19.9812180996	-1298
19.9816060066	-1420
19.9816570282	-1420
19.9816601276	-1054
19.9822010994	-1420
19.9822061062	-1420
19.9822449684	-1054
19.9825410843	-1420
19.9825820923	-1420
19.9825849533	-1054
19.983479023	-1420
19.9834830761	-1420
19.9835240841	-1054
19.9836549759	-1420
19.9836571217	-1420
19.9836571217	-1054
19.9837489128	-1298
19.9838409424	543
19.984046936	-1420
19.9840500355	-1420
19.984069109	-1054
19.9841198921	543
19.9843609333	-1298
19.9844789505	-1298
19.9845089912	-1298
19.9927449226	-1420
19.992800951	-1420
19.9928050041	-1420
19.9928410053	-932
19.9971289635	-1420
19.9971790314	-1420
19.9971849918	-1054
19.9973359108	-1298
19.99751091	-1298
19.9976069927	-1298
20.0137009621	-1420
20.013767004	-1420
20.0137720108	-1054
20.0195169449	-895
20.0242860317	-1298
20.0245609283	-1420
20.0245659351	-1420
20.0245950222	-1054
20.0246620178	543
20.0254120827	-1420
20.0254170895	-1176
20.0256569386	-1298
20.033905983	-1420
20.0339620113	-1420
20.0339651108	-1054
20.0343289375	-1420
20.034334898	-1420
20.0343739986	-1054
20.0345320702	-1298
20.0347120762	-1298
20.0347568989	-1420
20.0347859859	-1176
20.034856081	-1420
20.0348849297	-1176
20.035061121	-1298
20.0352199078	543
20.0464699268	-1420
20.0464839935	-1176
20.0467259884	-1298
20.047039032	543
20.0478451252	-1420
20.0478510857	-1176
20.0478930473	-1298
20.0483520031	-1420
20.0483760834	-1420
20.0483779907	-1054
20.0485010147	-1420
20.0485041142	-1176
20.0485420227	-1298
20.0559720993	-1420
20.0560510159	-1420
20.056055069	-1054
20.056098938	-1298
20.0562551022	-1298
20.0566039085	-1298
20.0566089153	-1298
20.0569119453	-1420
20.0569159985	-1420
20.0569529533	-1054
20.0569560528	-1420
20.0570321083	-1176
20.0570349693	-1298
20.0582640171	-1420
20.0582680702	-1420
20.0583069324	-1054
20.066726923	-1298
20.0672240257	-1420
20.0672280788	-1420
20.0672709942	-1054
20.0678489208	-1420
20.0678889751	-1420
20.0678911209	-1054
20.068267107	-1420
20.068269968	-1420
20.0683069229	-1054
20.0715179443	543
20.0814049244	-1420
20.0814180374	-1420
20.0814740658	-1054
20.0815980434	543
20.0829520226	-1298
20.0834140778	-1420
20.0834560394	-1420
20.0834589005	-1054
20.0852460861	-1420
20.0852499008	-1176
20.0852971077	-1298
20.0855920315	-1420
20.0856380463	-1420
20.0856409073	-1054
20.0862510204	543
20.0893421173	-1420
20.0893471241	-1420
20.0894200802	-1054
20.0897591114	-1420
20.0898020267	-1420
20.0898051262	-1054
20.0901489258	-1298
20.0905098915	-1420
20.0905439854	-1420
20.0905458927	-1054
20.0905621052	-1298
20.0907139778	-1420
20.0907449722	-1176
20.0918660164	-1420
20.0919079781	-1420
20.0919101238	-1054
20.101172924	-1420
20.1011800766	-1420
20.1012248993	-1054
20.1014308929	-1298
20.1021380424	-1298
20.1023349762	-1420
20.1023759842	-1176
20.1027200222	-1420
20.1027591228	-1420
20.1027619839	-1054
20.1028649807	543
20.1112539768	-1420
20.1112589836	-1176
20.1118741035	-1298
20.1125559807	1057
20.1155159473	-1420
20.1155219078	-1176
20.1155860424	-1298
20.1161160469	-1298
20.116658926	-1420
20.1166639328	-1176
20.1170051098	-1420
20.1170101166	-1420
20.1170289516	-1054
20.117511034	-1298
20.1259748936	-1420
20.1259810925	-1176
20.1260910034	-1298
20.1268959045	-1420
20.1269381046	-1420
20.1269409657	-1054
20.1278429031	-1420
20.1278479099	-1420
20.1278889179	-1420
20.1279010773	-932
20.1279349327	-1420
20.1279380322	-1176
20.128070116	543
20.1373710632	-1161
20.1385390759	-1420
20.1385691166	-1176
20.1389529705	-1298
20.1398041248	-1420
20.1398088932	-1420
20.1398479939	-1054
20.141297102	-1420
20.1413390636	-1176
20.1413969994	-1298
20.1419289112	-1420
20.1419329643	-1420
20.1419711113	-1054
20.1528170109	-1420
20.1528799534	-1420
20.1528840065	-1054
20.1530439854	543
20.1535799503	-1298
20.15366292	543
20.1553919315	-1420
20.1553969383	-1420
20.1554379463	-1054
20.1568980217	-1420
20.156940937	-1420
20.1569440365	-1054
20.1579909325	-1420
20.1579959393	-1420
20.1580350399	-1054
20.1624851227	-1420
20.1625440121	-1420
20.1625480652	-1054
20.1638309956	-1298
20.1644830704	-1298
20.1645350456	-1420
20.1645379066	-1176
20.1654770374	-1420
20.1654839516	-1420
20.1655321121	-1054
20.1661989689	-1420
20.1662209034	-1420
20.1662240028	-1054
20.1663179398	543
20.1746780872	-1420
20.1746931076	-1420
20.174808979	-1054
20.1748120785	-1298
20.1750431061	-1420
20.1750469208	-1176
20.1751959324	-1298
20.1753499508	-1420
20.1753709316	-1176
20.175424099	-1298
20.1756091118	-1420
20.1756129265	-1176
20.1757979393	-1298
20.190598011	-1420
20.1906650066	-1420
20.1906690598	-1054
20.190803051	-1420
20.190805912	-1176
20.1908509731	-1298
20.1910231113	-1298
20.191106081	543
20.1912109852	543
20.1912369728	-1420
20.1912400723	-1176
20.1914300919	-1420
20.1914329529	-1420
20.1914699078	-1054
20.1916019917	-1420
20.1916399002	-1176
20.1916429996	-1298
20.1916770935	-1298
20.1991779804	-1420
20.1992239952	-1420
20.1992270947	-1054
20.1992681026	-1298
20.2058389187	-1420
20.2059960365	-1420
20.2059988976	-1054
20.2060420513	-1420
20.2060449123	-1176
20.206084013	-1298
20.2240979671	-1420
20.2241621017	-1176
20.2242980003	543
20.2244710922	-1298
20.2277789116	-1420
20.2278029919	-1176
20.227987051	-1298
20.2318150997	-1420
20.2318201065	-1420
20.231867075	-1054
20.2326660156	-1420
20.2327110767	-1176
20.2330091	-1298
20.241008997	-1420
20.2410180569	-1176
20.2410609722	-1298
20.2429800034	-1298
20.2515809536	-216
20.2517170906	543
20.2739739418	-1298
20.2741091251	-1420
20.2741689682	-1176
20.2818820477	-1420
20.2819371223	-1420
20.2819399834	-1054
20.2820799351	543
20.2837150097	-1420
20.2837200165	-1420
20.2837619781	-1054
20.2883009911	-1420
20.2883429527	-1420
20.2883460522	-1054
20.291686058	-1298
20.2928740978	-1420
20.2929170132	-1420
20.2929201126	-1054
20.2940719128	-1420
20.2940759659	-1420
20.2941219807	-1054
20.294850111	-1420
20.294891119	-1420
20.29489398	-1054
20.2962710857	-1420
20.2962749004	-1420
20.2963149548	-1054
20.2967119217	543
20.2979080677	-1298
20.2987220287	-1420
20.2987658978	-1176
20.2991559505	-1298
20.2996339798	-1420
20.2996389866	-1420
20.29966712	-1054
20.3002159595	-1420
20.3002560139	-1176
20.3007009029	-1298
20.3020730019	-1420
20.3020780087	-1420
20.3021171093	-1054
20.3044800758	-1420
20.3045270443	-1176
20.3059079647	-1420
20.3059561253	-1420
20.3059589863	-1054
20.3060491085	543
20.3065519333	-1420
20.3065559864	-1420
20.3065950871	-1054
20.3066561222	543
20.3258450031	-1420
20.3258709908	-1176
20.3263061047	-1298
20.3273448944	-1420
20.3273890018	-1420
20.3273909092	-1054
20.3277990818	-1420
20.3278028965	-1176
20.328373909	-1420
20.328387022	-1420
20.3284049034	-1054
20.3371748924	-1420
20.3372499943	-1420
20.3372540474	-1054
20.3374609947	-1298
20.3384680748	-1420
20.3385100365	-1420
20.3385119438	-1054
20.339550972	-1420
20.3395659924	-1420
20.3396089077	-1054
20.3396110535	-1420
20.3396449089	-1176
20.3396470547	-1298
20.3401219845	543
20.3452169895	-1420
20.3452401161	-1420
20.345293045	-1054
20.3457350731	-1298
20.345954895	-1420
20.3459579945	-1420
20.3459970951	-1054
20.3463499546	-1420
20.3464000225	-1420
20.3464040756	-1054
20.3464419842	-1298
20.3464529514	-1420
20.3464870453	-1176
20.3466200829	543
20.3499560356	-1420
20.3499829769	-1420
20.3500359058	-1054
20.3503880501	-1420
20.3504691124	-1420
20.3504729271	-1054
20.3505289555	-1298
20.3506219387	543
20.3507900238	-1420
20.3507931232	-1420
20.3509209156	-1054
20.3509271145	-1420
20.3509759903	-1176
20.3511719704	-1298
20.3513901234	-1420
20.3513939381	-1420
20.3514430523	-1054
20.3568780422	-1298
20.3618340492	-1420
20.3618440628	-1176
20.3621580601	-1420
20.3621621132	-1420
20.3622000217	-1054
20.3622689247	-1298
20.3623509407	543
20.3624789715	-1420
20.3624830246	-1176
20.3627300262	-1298
20.3660929203	-1420
20.3661360741	-1420
20.3661389351	-1054
20.3667030334	-1420
20.3667070866	-1420
20.3667459488	-1420
20.3667490482	-932
20.37864995	-1420
20.378663063	-1176
20.3873269558	-1155
20.3976809978	-1298
20.3977401257	-1298
20.3978829384	-1420
20.397906065	-1176
20.3980789185	543
20.4036641121	-1420
20.4036700726	-1420
20.4037110806	-1054
20.4037139416	-1298
20.4038350582	543
20.4039580822	-1420
20.4039609432	-1176
20.4043791294	-1420
20.4043829441	-1420
20.4044349194	-1420
20.4044380188	-932
20.4044730663	-1420
20.4044749737	-1176
20.4093289375	-1420
20.4093360901	-1176
20.4095020294	-1298
20.409940958	-1420
20.409981966	-1420
20.4099850655	-1054
20.4103169441	-1420
20.4103219509	-1420
20.4103620052	-1054
20.4103639126	-1298
20.4104049206	-1420
20.41040802	-1176
20.4105439186	543
20.4143610001	-1420
20.4143669605	-1420
20.4144089222	-1420
20.414411068	-932
20.4146981239	-1420
20.4147019386	-1420
20.414741993	-1054
20.4152369499	-1420
20.4152770042	-1420
20.4152801037	-1054
20.415555954	-1420
20.4155580997	-1176
20.4155590534	-1298
20.4198889732	-1420
20.4199359417	-1420
20.4199390411	-1054
20.4222121239	-1298
20.4223530293	543
20.4225039482	543
20.4226179123	-1420
20.4226210117	-1176
20.422645092	-1298
20.4231829643	-1420
20.4232261181	-1420
20.4232289791	-1054
20.4233429432	-1420
20.4233460426	-1176
20.4234220982	-1298
20.4259479046	-1420
20.4259879589	-1420
20.4259901047	-1054
20.4264109135	-1298
20.4266679287	-1420
20.4266939163	-1176
20.4266979694	-1298
20.427382946	-1420
20.4273879528	-1420
20.4274280071	-1420
20.4274311066	-1420
20.4275259972	-810
20.4275290966	-1298
20.4317269325	-1420
20.431732893	-1420
20.4317750931	-615
