0	-543
1.03743195534	543
3.49026894569	543
3.50852108002	543
3.88604617119	-543
5.25242209435	-1420
5.25250411034	-1420
5.25256514549	-787
5.25261306763	-1420
5.25266695023	-1340
5.25292396545	-1380
5.29864311218	-1420
5.29872512817	-1420
5.29878616333	-1300
5.30802798271	543
5.30955004692	-1380
5.33590817451	543
5.38002705574	-1420
5.38005399704	-1420
5.38013410568	-1300
5.38013911247	-1420
5.38025808334	-1420
5.38026309013	-1300
5.38034200668	-1420
5.3803460598	-1340
5.38034915924	-1420
5.38035106659	-1340
5.38161110878	-1420
5.38162899017	-1340
5.38467097282	543
5.41484212875	543
5.42621016502	-1420
5.42625713348	-1340
5.42634916306	-1380
5.42635297775	-1380
5.42639803886	-1380
5.42640209198	-1297
5.43086695671	543
5.49118113518	543
5.49155116081	543
5.49175715446	543
5.50412607193	543
5.50437402725	543
5.50460600853	543
5.50481104851	543
5.57670497894	-1420
5.57672214508	-1420
5.57676696777	-1420
5.57677102089	-747
5.57679700851	-1420
5.5768020153	-1340
5.59882616997	-1420
5.5988380909	-1420
5.59890007973	-1300
5.61433005333	-1420
5.61441016197	-1420
5.61441516876	-1300
5.61452507973	-1420
5.61452817917	-1340
5.6145939827	-1380
5.61459803581	-1420
5.61488294601	-1420
5.61488699913	-1300
5.6148891449	-1420
5.61489009857	-1340
5.61500000954	-1380
5.62094712257	543
5.63717913628	-1420
5.63718914986	-1340
5.70427799225	-1420
5.70429801941	-1420
5.70438694954	-1300
5.70439100266	-1420
5.70444512367	-1340
5.70444917679	-1420
5.7045071125	-1340
5.70450997353	-1327
5.70479202271	543
5.77616810799	543
5.77651810646	543
5.9606089592	-1420
5.96062612534	-1420
5.96066617966	-787
5.96111702919	-1420
5.96116900444	-1420
5.96117305756	-1300
5.97233605385	543
5.99831414223	-1420
5.99833011627	-1420
5.99841213226	-1300
5.99841499329	-1420
5.99846315384	-1420
5.99846601486	-1300
5.99897098541	-1420
5.9989759922	-1420
5.99903512001	-1300
5.99909496307	-1420
5.99911904335	-1420
5.99912214279	-1300
5.99938416481	-1420
5.99938797951	-1420
5.9993891716	-1300
6.00592017174	543
6.03621006012	-1420
6.03622317314	-1420
6.03629016876	-1300
6.03645896912	-1420
6.03650999069	-1420
6.03651213646	-1300
6.05738210678	-1420
6.05741906166	-1420
6.0574760437	-1300
6.05747914314	-1420
6.05752515793	-1340
6.05752801895	-1380
6.0746281147	-1420
6.07463717461	-1340
6.08816814423	-1420
6.08817601204	-1420
6.08823013306	-1300
6.08823299408	-1420
6.08827805519	-320
6.08841514587	543
6.09539103508	-1420
6.09539794922	-1420
6.09545016289	-1300
6.09556603432	543
6.2156701088	-573
6.38330817223	-543
6.52481412888	-543
6.65237617493	-543
6.74150204659	-543
6.77305316925	-1420
6.7730679512	-1340
6.77994418144	-896
6.78236198425	1057
6.80117797852	-1420
6.80119395256	-1340
6.8107881546	-1420
6.81079316139	-1420
6.81084394455	-1300
6.81084704399	-1420
6.81089305878	-1420
6.81089711189	-1300
6.84970116615	-1420
6.84971499443	-1340
6.8861181736	-1420
6.8861310482	-1340
6.90745210648	-1119
6.92365813255	-1420
6.92371201515	-1340
7.01714396477	-1420
7.01716113091	-1420
7.01722598076	-1300
7.0172290802	-1420
7.01727509499	-1340
7.04582309723	543
7.05150318146	-1250
7.05445814133	-1420
7.05451202393	-1420
7.05451607704	-1300
7.09728598595	-1420
7.09730195999	-1340
7.10085916519	543
7.18214201927	-897
7.22639107704	-1420
7.2264020443	-1340
7.26619815826	-1420
7.26621413231	-1420
7.26628398895	-1300
7.34343194962	-1380
7.34775710106	-1420
7.34782004356	-1340
7.3494310379	-927
7.34966897964	543
7.36596918106	543
7.3662481308	543
7.36643815041	543
7.36663413048	543
7.36683011055	1460
7.36688709259	1460
7.36695408821	193
7.36712098122	1460
7.36717700958	625
7.36757516861	543
7.36776900291	543
7.36810207367	543
7.36826300621	543
7.36857795715	543
7.36876296997	543
7.36907315254	543
7.36924910545	543
7.36956501007	543
7.36975216866	543
7.38790202141	-1420
7.38792204857	-1420
7.38803195953	-1300
7.4033010006	-1420
7.40335702896	-1340
7.40352416039	-1380
7.45092701912	1057
7.47700095177	-603
7.57000517845	-1420
7.57002210617	-1340
7.57068896294	-1420
7.57069301605	-1420
7.57075405121	-1300
7.57075715065	-1380
7.57081103325	-1420
7.57081413269	-1340
7.57595396042	543
7.58114314079	543
7.58133912086	543
7.60464596748	-927
7.60515904427	543
7.60537195206	543
7.60746908188	-1420
7.60747504234	-1340
7.60752606392	-1380
7.60770010948	-1420
7.6077311039	-1340
7.60779309273	-1380
7.64725995064	-1380
7.73518013954	-1279
7.7481341362	-1420
7.74814009666	-1340
7.78595209122	-1380
7.86260008812	-30
7.92624211311	-1420
7.92629313469	-1340
7.92632102966	-1420
7.92634701729	-1420
7.92637205124	-1300
7.96452307701	-1420
7.96459698677	-1420
7.96464514732	-1300
7.99032998085	-927
8.04083514214	543
8.0872631073	-1420
8.08734297752	-1420
8.08739209175	-1300
8.09084916115	543
8.09632611275	-1420
8.09633207321	-1340
8.09644913673	-1380
8.11791396141	-574
8.14319205284	-1420
8.14320707321	-1340
8.14325904846	-1420
8.14326405525	-1420
8.14330005646	-1300
8.14384698868	-1420
8.14391613007	-1340
8.14391899109	-1380
8.14486908913	543
8.14505314827	1460
8.14511013031	625
8.14527797699	1460
8.14533400536	625
8.18288898468	-1420
8.18290615082	-1420
8.182970047	-1420
8.18297410011	-1260
8.18952202797	543
8.18987011909	543
8.22090506554	-1380
8.23442411423	543
8.24536108971	-825
8.25608801842	1460
8.25619316101	625
8.25651097298	1460
8.25657010078	625
8.25672602654	1460
8.25681996346	625
8.28823399544	-1420
8.28824710846	-1340
8.29619312286	-1420
8.29619908333	-1420
8.29624915123	-1300
8.29646396637	-1380
8.30582809448	543
8.31362199783	-1420
8.31363606453	-1340
8.32191514969	1460
8.3219871521	1460
8.32206511497	707
8.33341908455	-1420
8.33343410492	-1420
8.33350110054	-1300
8.33664107323	543
8.34201097488	-1420
8.34202098846	-1420
8.34206795692	-1300
8.3421690464	-1420
8.34220695496	-1340
8.35213518143	-1420
8.35220098495	-1420
8.35220503807	-1300
8.35232996941	-1420
8.35233306885	-1340
8.35243606567	-1380
8.37165617943	-1420
8.3717250824	-1420
8.37173008919	-1300
8.37177395821	-1380
8.37190914154	543
8.37861704826	543
8.3788421154	543
8.38426613808	-564
8.39593601227	1057
8.40113806725	-1380
8.40180706978	-1420
8.40184998512	-1340
8.40233612061	-1420
8.40238213539	-1340
8.4025220871	-1380
8.40324616432	-1420
8.40324902534	-1420
8.40328598022	-1300
8.4091091156	-1420
8.40916395187	-1420
8.40916800499	-1420
8.40921115875	-1260
8.41602802277	543
8.41646409035	543
8.41668105125	543
8.43588614464	543
8.4364130497	543
8.43667006493	1057
8.43692207336	543
8.43714308739	543
8.44940900803	-1420
8.44942617416	-1420
8.44948196411	-1420
8.44948506355	-1420
8.44951915741	-1220
8.45601916313	543
8.47062897682	-1420
8.4706389904	-1420
8.47066807747	-1300
8.47084999084	-1420
8.47088909149	-1340
8.47089099884	-1380
8.47125411034	-1380
8.47609615326	1460
8.47615909576	625
8.48342704773	-1420
8.48344111443	-1340
8.48366713524	-1420
8.48367214203	-1340
8.48372912407	-1380
8.49077415466	-1420
8.49084496498	-1340
8.49084806442	-1420
8.4908850193	-1420
8.49088716507	-1300
8.4958820343	543
8.52273011208	543
8.52640509605	-1420
8.52642512321	-1420
8.526471138	-1300
8.52858114243	-170
8.52892518044	543
8.52907705307	-1420
8.52908015251	-1340
8.52927708626	-1380
8.52933096886	543
8.52956700325	543
8.52997112274	1460
8.53004002571	169
8.56755900383	-1420
8.56757116318	-1340
8.60533595085	-1420
8.60535097122	-1340
8.65708208084	-1250
8.65848517418	-1420
8.65854001045	-1340
8.66769194603	-1380
8.66804409027	-1420
8.66804909706	-1340
8.66822814941	-1420
8.66823196411	-1340
8.66836595535	-1380
8.66870117188	543
8.668872118	543
8.66924500465	543
8.69665002823	-1420
8.6966881752	-1420
8.69675803185	-1300
8.72566509247	-1420
8.72574806213	-1420
8.72575211525	-1300
8.72579908371	-1420
8.72580099106	-1420
8.72583699226	-1300
8.72583913803	-1420
8.72587394714	-1340
8.72607803345	543
8.75074195862	1057
8.75317215919	-1420
8.75317811966	-1420
8.75321817398	-1300
8.7534160614	-1420
8.75346112251	-1420
8.75346398354	-1420
8.75349903107	-1260
8.75360202789	543
8.75636816025	-1420
8.75637412071	-1340
8.75651311874	-1420
8.75651597977	-1420
8.75655698776	-1300
8.75669407845	-1420
8.7567460537	-1340
8.75674796104	-1380
8.77435517311	-1420
8.77436113358	-1420
8.77440500259	-1300
8.78580117226	-1007
8.85681509972	-1420
8.85683012009	-1340
8.8568751812	-1420
8.85687804222	-1340
8.86783695221	-1420
8.86784315109	-1420
8.86789298058	-1300
8.86798000336	543
8.88680195808	-1420
8.88680815697	-1340
8.88685917854	-1380
8.88698410988	-1380
8.91203904152	-1420
8.91204500198	-1340
8.91252017021	-1420
8.91252398491	-1420
8.91268110275	-1300
8.91268396378	-1420
8.91271996498	-1420
8.91272306442	-1300
8.91294407845	543
8.9137980938	-856
8.91386604309	543
8.91757297516	-1420
8.91757917404	-1420
8.91762495041	-1300
8.9177839756	543
8.93585300446	1057
8.94055509567	-1420
8.94055914879	-1420
8.94061207771	-1300
8.94071698189	543
8.94156813622	-1420
8.94157409668	-1420
8.94162917137	-1300
8.94584512711	543
8.94627594948	543
8.9464840889	543
8.9497590065	-1420
8.94976305962	-1340
8.94986701012	-1420
8.94987010956	-1340
8.94990515709	-1380
8.94994115829	-1380
8.95513105392	-1420
8.9551410675	-1420
8.95518898964	-1300
8.95585107803	543
8.95611810684	543
8.95638108253	543
8.95656895638	543
8.97586917877	543
8.97610402107	1460
8.97615695	111
8.97820711136	-1420
8.97821211815	-1420
8.97825312614	-1300
8.97825598717	-1420
8.97828912735	-1340
8.99850606918	-1420
8.99855995178	-1420
8.99856305122	-1300
8.99868202209	543
9.00752902031	-1420
9.00753498077	-1420
9.00758504868	-1300
9.02072000504	1057
9.0415520668	-109
9.06300616264	-1380
9.06317996979	-1420
9.06318497658	-1420
9.06323099136	-1300
9.06385612488	-1420
9.06390810013	-1420
9.06391000748	-1300
9.0805850029	-1420
9.08061504364	-1420
9.08066701889	-1300
9.08381104469	-1420
9.08386015892	-1420
9.08386301994	-1300
9.08400297165	543
9.0846221447	-1420
9.08462810516	-1420
9.08466911316	-1300
9.11619114876	543
9.11647701263	543
9.11674308777	543
9.11695694923	543
9.12611699104	543
9.12636613846	543
9.12659597397	543
9.12679505348	543
9.12821698189	-1420
9.12822198868	-1340
9.12836313248	543
9.12869405746	-1380
9.12899518013	-1420
9.12904000282	-1340
9.12919211388	-1420
9.12923312187	-1340
9.12931513786	543
9.12935209274	-1380
9.1380341053	-1420
9.13808107376	-1420
9.1380841732	-1300
9.13829517365	-1420
9.13830113411	-1420
9.1383330822	-1300
9.13859701157	-1420
9.13870215416	-1340
9.13870501518	-1380
9.13874101639	-1420
9.13874316216	-1340
9.14373803139	543
9.14423298836	543
9.14445114136	543
9.14570498466	1086
9.15833806992	-1380
9.16629505157	-1420
9.16634011269	-1340
9.16634297371	-1380
9.16680312157	-1420
9.16680812836	-1340
9.16840410233	-1380
9.16901302338	-333
9.16912317276	543
9.17589616776	-1420
9.17590308189	-1420
9.17595601082	-1300
9.17731595039	-1420
9.17736816406	-1420
9.17737197876	-1300
9.19071412086	-1420
9.190721035	-1340
9.19076514244	-1420
9.19076800346	-1340
9.19080901146	-1380
9.20834302902	-1420
9.20840716362	-1420
9.20842003822	-1300
9.20851612091	-1420
9.20851898193	-1340
9.20855903625	-1380
9.2085621357	-1420
9.2086019516	-1420
9.20860505104	-1300
9.20878100395	1057
9.24613714218	-1380
9.28830194473	-1420
9.28831410408	-1340
9.28854203224	-1420
9.28854703903	-1420
9.28857898712	-1300
9.28893995285	-1420
9.28894495964	-1420
9.28898596764	-1300
9.29671096802	-1166
9.30777716637	-1420
9.3077890873	-1420
9.30784797668	-1300
9.31356906891	-1420
9.31357502937	-1420
9.31368708611	-1300
9.31368994713	-1420
9.31372499466	-1340
9.31372904778	-1380
9.32071900368	543
9.32537603378	-1420
9.32538294792	-1420
9.32543301582	-1300
9.34459495544	-1420
9.3446521759	-1420
9.34465503693	-1300
9.34469294548	-1420
9.34469509125	-1340
9.34472894669	-1380
9.34610104561	-1380
9.34639310837	-1420
9.34639811516	-1340
9.34649300575	543
9.36485004425	-1420
9.36486315727	-1340
9.36570501328	-1380
9.36580109596	543
9.36652612686	-1380
9.36667895317	-1380
9.3667640686	-1380
9.37883806229	-1420
9.37889504433	-1420
9.37889909744	-1300
9.37894415855	-1420
9.37894701958	-1340
9.39137005806	-1420
9.39138507843	-1340
9.39144301414	-1380
9.39157414436	543
9.40202212334	-1420
9.40203714371	-1420
9.40209197998	-1300
9.41601109505	-1380
9.4161131382	-1380
9.41613698006	-1380
9.41617703438	-1420
9.41617918015	-1340
9.41621899605	-1380
9.41622114182	-1380
9.42432618141	-450
9.42816996574	-1420
9.42822599411	-1340
9.42840695381	-1420
9.42844796181	-1420
9.42845010757	-1300
9.42868304253	-1380
9.44941902161	-1420
9.4494831562	-1340
9.4494869709	-1420
9.4495241642	-1420
9.44952607155	-1420
9.44956016541	-1260
9.45369315147	-1420
9.45373296738	-1420
9.45373606682	-1300
9.45394802094	543
9.45403599739	543
9.48673510551	-1420
9.48675012589	-1420
9.48681116104	-1300
9.48833417892	-1420
9.48837304115	-1340
9.48844194412	-1420
9.48846101761	-1420
9.48846411705	-1300
9.48994898796	-1420
9.48995304108	-1420
9.48997116089	-1300
9.49126601219	543
9.51038908958	-1420
9.51040410995	-1340
9.51160097122	-1420
9.5116071701	-1420
9.51170301437	-1300
9.51170611382	-1420
9.5117430687	-1340
9.5197019577	1057
9.52054715157	543
9.52072906494	543
9.52124595642	543
9.52141308784	543
9.52190709114	543
9.52208995819	543
9.52445006371	-1420
9.5244550705	-1420
9.52447795868	-1300
9.52448105812	-1380
9.52476501465	543
9.52527213097	543
9.54269814491	-1420
9.54271197319	-1340
9.54280996323	-1380
9.54294514656	543
9.54298114777	-1420
9.54298305511	-1340
9.54307794571	-1380
9.5432369709	-1420
9.5432600975	-1340
9.54326295853	-1380
9.54515695572	-1420
9.5451631546	-1420
9.54518795013	-1300
9.55180597305	-128
9.56281399727	-1420
9.56282496452	-1420
9.56287503242	-1300
9.56304907799	543
9.57241201401	-1420
9.57242798805	-1340
9.57267403603	-1420
9.57267808914	-1420
9.57270097733	-1300
9.5796880722	-1420
9.57976412773	-1420
9.57976913452	-1300
9.60049915314	-1420
9.60051608086	-1420
9.60056996346	-1300
9.60496807098	-1420
9.60503196716	-1340
9.6050350666	-1420
9.60506916046	-1340
9.60544610023	-1420
9.60546517372	-1340
9.60561800003	-1380
9.63997602463	-1420
9.63999009132	-1340
9.64005303383	-1380
9.64033007622	-1420
9.64035105705	-1340
9.64052200317	-1380
9.64090704918	-1420
9.64091014862	-1420
9.6409471035	-1300
9.6411421299	-1420
9.64118003845	-1340
9.64124512672	-1380
9.64191699028	-1420
9.6419210434	-1420
9.64192199707	-1300
9.64590096474	543
9.65758013725	-1420
9.65759015083	-1420
9.65763401985	-1300
9.66072297096	543
9.66321897507	-1420
9.66322517395	-1420
9.66331005096	-1300
9.66331315041	-1420
9.66335105896	-1420
9.66335296631	-1300
9.67185902596	543
9.67208504677	543
9.67401194572	543
9.67953705788	-450
9.68673706055	-1420
9.68678808212	-1420
9.68679213524	-1300
9.68871998787	-1420
9.68872594833	-1420
9.68877005577	-1300
9.68940496445	-1420
9.68945217133	-1420
9.68945503235	-1300
9.68949508667	-1420
9.68949699402	-1420
9.68953204155	-1300
9.71307396889	-1420
9.71313405037	-1420
9.71313810349	-1300
9.71629905701	-1420
9.71630311012	-1340
9.71637916565	-1420
9.71638202667	-1340
9.71677398682	-1420
9.71677899361	-1420
9.71681904793	-1420
9.71682095528	-1260
9.72434616089	-1420
9.72435498238	-1420
9.72438406944	-1300
9.747838974	-1420
9.7478890419	-1340
9.74789309502	-1420
9.74791002274	-1340
9.74812507629	-1420
9.74816513062	-1420
9.74816703796	-1300
9.74820208549	-1420
9.74820494652	-1340
9.74846410751	543
9.76680016518	-1420
9.76681613922	-1420
9.76687216759	-1300
9.76989507675	-1420
9.76995301247	-1420
9.76995706558	-1300
9.7813539505	-1420
9.78137016296	-1340
9.78186202049	-1420
9.78186511993	-1420
9.78188800812	-1300
9.78205299377	543
9.78313398361	-1420
9.7831389904	-1420
9.78318095207	-1300
9.78329014778	543
9.79641413689	543
9.80124998093	-1420
9.80125713348	-1420
9.8013010025	-1300
9.80130314827	-1380
9.80732417107	-1420
9.80732917786	-823
9.80743813515	-1380
9.86296415329	-1420
9.86303710938	-1420
9.86307501793	-1300
9.8637881279	543
9.92546510696	-1380
9.9297580719	-1420
9.92982316017	-1420
9.92982602119	-1300
9.92999696732	-1420
9.9300031662	-1340
9.93010616302	-1380
9.93501615524	-62
9.95684099197	-1420
9.95686006546	-1420
9.95689916611	-1420
9.95690202713	-1260
9.95691895485	-1380
9.95705509186	543
9.95764994621	-1420
9.9576561451	-1420
9.95769810677	-1300
9.95775604248	-1380
9.95782494545	543
9.95818710327	-1420
9.95819211006	-1340
9.95834612846	-1380
9.96712613106	-1420
9.96718215942	-1420
9.96718597412	-1300
9.97988414764	-1420
9.97989106178	-1420
9.97994303703	-1300
9.98224306107	-1420
9.9822640419	-1420
9.98226594925	-1420
9.98228216171	-1260
9.98228406906	-1380
9.98235702515	-1380
9.98588109016	543
10.0177359581	-1420
10.0177471638	-1420
10.0177979469	-1300
10.0413770676	-1420
10.0414471626	-1420
10.0414509773	-1300
10.0414881706	-1420
10.041490078	-1420
10.0415251255	-1300
10.0424449444	-1420
10.0424661636	-1420
10.042468071	-1300
10.045415163	-1420
10.0454189777	-1340
10.0454590321	-1380
10.0460000038	543
10.0626759529	-390
10.0785310268	-1420
10.0785989761	-1420
10.0786030293	-1300
10.1579060555	-1420
10.1579220295	-1420
10.1579771042	-1300
10.1579799652	-1420
10.1580221653	-1340
10.1582419872	-1420
10.1582829952	-1340
10.1582860947	-1420
10.1583199501	-1340
10.1584169865	543
10.1633529663	-1420
10.1633601189	-1340
10.1635651588	-1380
10.1664111614	1057
10.1665949821	543
10.1793560982	-1420
10.1793661118	-1340
10.179708004	-1420
10.1797111034	-1340
10.1804661751	-1420
10.1804699898	-1420
10.1804881096	-1300
10.1858761311	543
10.1880121231	543
10.1882050037	543
10.1902041435	-915
10.2016401291	-1420
10.2017030716	-1420
10.2017080784	-1300
10.2368121147	-1420
10.236823082	-1340
10.2566211224	-1420
10.2566349506	-1420
10.2566871643	-1300
10.271777153	-1380
10.2729890347	-1380
10.273127079	-1420
10.2731499672	-1340
10.2733199596	543
10.2734720707	-1420
10.2734770775	-1420
10.2735161781	-1300
10.292112112	543
10.2923719883	1057
10.2971479893	-1420
10.2971529961	-1420
10.2972371578	-1300
10.2972400188	-1420
10.2972750664	-1340
10.2973599434	-1380
10.2976601124	-1420
10.2976629734	-1420
10.2976980209	-1300
10.3059380054	543
10.3181979656	-1420
10.318212986	-656
10.3182561398	-1420
10.3182580471	-1340
10.318431139	543
10.3186020851	543
10.3190209866	543
10.3192090988	543
10.3271081448	-1420
10.3271131516	-1340
10.3885941505	-1420
10.3886151314	-1340
10.3887021542	-1380
10.3887059689	-1420
10.3887410164	-1340
10.3887441158	-1380
10.3889951706	-1420
10.3889989853	-1340
10.3893671036	-1380
10.3894679546	543
10.4187259674	-1420
10.4187409878	-1420
10.4187951088	-1300
10.4259860516	-1420
10.4260370731	-1420
10.4260401726	-1300
10.4461071491	-533
10.4826719761	-1420
10.482738018	-1340
10.5157461166	-1420
10.5158090591	-1420
10.5158140659	-1300
10.5158481598	-1420
10.5158510208	-1420
10.5158860683	-1420
10.5158891678	-1260
10.5159220695	-1420
10.515925169	-1340
10.5159580708	-1420
10.5159611702	-1340
10.5202281475	-1380
10.5205481052	543
10.5447611809	-1420
10.5447740555	-1420
10.5448291302	-1300
10.5449450016	543
10.5737731457	-474
10.5767021179	-1420
10.5767509937	-1420
10.5767550468	-1300
10.5769000053	-1420
10.5769040585	-1340
10.5770170689	-1380
10.5771820545	-1420
10.5772001743	-1420
10.5772020817	-1300
10.5772531033	-1420
10.5772559643	-1420
10.5772709846	-1300
10.5884740353	-1420
10.5885300636	-1420
10.5885341167	-1300
10.6033980846	-1420
10.603413105	-1420
10.6034669876	-1300
10.6036980152	-1420
10.6037199497	-1420
10.6037220955	-1300
10.6043050289	-1420
10.6043100357	-1420
10.6043491364	-1300
10.6062061787	543
10.6323480606	-1420
10.6323661804	-1340
10.6324210167	-1380
10.6406350136	-1380
10.70155406	-975
10.7199311256	-1380
10.7833199501	-1420
10.7833371162	-1420
10.7833790779	-1300
10.7833821774	-1420
10.783408165	-1340
10.7834661007	-1380
10.7835431099	-1380
10.7839920521	-1420
10.7840559483	-1420
10.7840590477	-1300
10.7841510773	-1380
10.7899060249	543
10.8034920692	-1380
10.8219871521	-1420
10.8220529556	-1420
10.8220570087	-1420
10.8221001625	-1260
10.8221020699	-1380
10.822229147	-1380
10.8290359974	-342
10.8470871449	-1420
10.8471000195	-1340
10.8471989632	-1420
10.8472020626	-1420
10.8472280502	-1300
10.8475000858	-1380
10.8476030827	543
10.8476500511	-1420
10.847684145	-1420
10.8477020264	-1300
10.847743988	-1420
10.8477621078	-1340
10.8478579521	543
10.8479571342	-1380
10.8588371277	-1420
10.8588709831	-1340
10.858946085	-1380
10.8769669533	-1420
10.8769800663	-1420
10.8770329952	-1300
10.8778340816	-1420
10.8778800964	-1420
10.8778829575	-1300
10.8780450821	-1380
10.8783349991	-1420
10.8783781528	-1340
10.8858540058	543
10.916615963	-1420
10.9166309834	-1420
10.9166851044	-1300
10.9166879654	-1420
10.9167690277	-1340
10.9167711735	-1420
10.9168081284	-1340
10.9168491364	-1380
10.9169740677	-1380
10.9173259735	-1420
10.9174280167	-1420
10.9174311161	-1300
10.9174711704	-1420
10.9174730778	-1420
10.9175071716	-1300
10.9546411037	-1420
10.9547049999	-1340
10.9563801289	-229
10.972479105	-1420
10.9724960327	-1340
10.9725511074	-1420
10.9725539684	-1420
10.9725921154	-1300
10.9924860001	-1420
10.9925429821	-1420
10.9925479889	-1300
10.9927120209	543
11.0062460899	-1420
11.0062510967	-1420
11.0062930584	-1300
11.0065701008	-1380
11.0068721771	-1420
11.0068750381	-1340
11.0081629753	-1420
11.0081670284	-1420
11.0082030296	-1300
11.037539959	-1420
11.0376091003	-1420
11.0376131535	-1300
11.0398190022	-1380
11.0438170433	-1420
11.0438661575	-1420
11.0438690186	-1300
11.0440139771	543
11.0670080185	-1380
11.067207098	-1420
11.0672490597	-1340
11.0673890114	-1420
11.067428112	-1340
11.067494154	-1380
11.067512989	-1380
11.0675580502	-1420
11.0675749779	-1420
11.0675771236	-1300
11.075895071	543
11.0761160851	543
11.0842959881	-463
11.0936551094	-1420
11.0937139988	-1420
11.0937170982	-1300
11.0940921307	-1420
11.0940959454	-1420
11.0941359997	-1300
11.0942430496	-1420
11.0942821503	-1340
11.0943191051	-1380
11.0965070724	-1420
11.0965120792	-1340
11.0965950489	-1380
11.1048979759	-1420
11.1049489975	-1420
11.1049520969	-1300
11.1798069477	-1420
11.1798231602	-1340
11.1799249649	-1420
11.179929018	-1340
11.1803710461	-1420
11.1803750992	-1420
11.1804120541	-1300
11.1819360256	-1420
11.1819751263	-1420
11.1819770336	-1300
11.1896049976	543
11.2119560242	-974
11.2121210098	-1420
11.2121701241	-1420
11.2121729851	-1300
11.2122581005	-1420
11.2122600079	-1340
11.212485075	-1420
11.2124881744	-1420
11.2125241756	-1300
11.2126569748	-1380
11.2163331509	543
11.2164430618	543
11.2172641754	-1420
11.2172701359	-1420
11.2173099518	-1300
11.2580821514	-1420
11.2581460476	-1340
11.2581501007	-1380
11.2584769726	-1420
11.2584819794	-1340
11.2586050034	-1420
11.2586090565	-1340
11.258908987	-1420
11.2589139938	-1340
11.2760629654	-1420
11.2760710716	-1420
11.2761261463	-1300
11.2767651081	-1420
11.2767860889	-1340
11.276966095	-1420
11.2770030499	-1420
11.2770049572	-1300
11.2770819664	-1420
11.2770850658	-1420
11.2771270275	-1300
11.2771761417	-1380
11.2807531357	543
11.2897119522	543
11.2915990353	-1420
11.2916080952	-1420
11.2916550636	-1300
11.2917661667	543
11.3078570366	-1420
11.3078730106	-1420
11.3079171181	-1300
11.3081049919	-1420
11.3081431389	-1340
11.3082120419	-1380
11.3083701134	-1420
11.3083729744	-1340
11.3085861206	-1380
11.3145430088	543
11.3339619637	-1420
11.3339750767	-1420
11.3340280056	-1300
11.339427948	-480
11.3469159603	-1380
11.3471431732	-1420
11.3471930027	-1340
11.3854150772	-1420
11.3854830265	-1340
11.3854880333	-1420
11.3855249882	-1420
11.3855280876	-1300
11.3902549744	-1420
11.3902671337	-1420
11.3903169632	-1300
11.4146120548	-1380
11.4148581028	-1420
11.4148621559	-1420
11.4149010181	-1300
11.4152419567	-1420
11.4152810574	-1340
11.4152829647	-1380
11.4278180599	-1420
11.4278280735	-1420
11.4278831482	-1300
11.4459171295	1057
11.4498071671	-1420
11.4498121738	-1340
11.4498541355	-1380
11.4499750137	-1420
11.4500041008	-1420
11.4500060081	-1300
11.4500939846	-1420
11.450097084	-1340
11.4501810074	-1380
11.4605131149	543
11.4607770443	1057
11.4618170261	543
11.4619829655	1057
11.466892004	-814
11.4671390057	543
11.4863159657	-1420
11.486328125	-1420
11.4863791466	-1300
11.4868011475	-1420
11.4868459702	-1420
11.4868490696	-1300
11.4869110584	-1420
11.4869141579	-1420
11.4869310856	-1300
11.4870021343	-1420
11.4870231152	-1340
11.4963450432	543
11.5053031445	-1420
11.5053141117	-1420
11.5053620338	-1420
11.5053651333	-1260
11.5054020882	-1380
11.5054049492	-1380
11.5204319954	-1380
11.5206780434	-1420
11.5207090378	-1420
11.5207109451	-1300
11.520884037	-1380
11.5209960938	-1420
11.5210151672	-1340
11.5241081715	-1420
11.5241479874	-1420
11.5241501331	-1300
11.5374491215	543
11.5762951374	-1420
11.5763101578	-1340
11.5766539574	-1420
11.5766580105	-1420
11.5766971111	-1300
11.5767450333	-1420
11.5767650604	-1340
11.5767669678	-1380
11.5807931423	543
11.5946450233	-654
11.6082551479	-1420
11.6083199978	-1420
11.6083240509	-1300
11.6085109711	-1420
11.6085140705	-1420
11.608533144	-1300
11.6086759567	-1420
11.6087141037	-1420
11.608716011	-1300
11.6141171455	-1420
11.6141221523	-1420
11.614164114	-1300
11.6143009663	543
11.6259231567	543
11.6262450218	543
11.6264209747	543
11.6265721321	543
11.6321280003	-1420
11.632133007	-1420
11.6321780682	-1300
11.6331050396	543
11.6393949986	-1420
11.6394071579	-1420
11.639521122	-1300
11.639523983	-1420
11.63956213	-1420
11.639564991	-1300
11.6398320198	543
11.6659309864	-1420
11.6659431458	-1340
11.6660139561	-1380
11.6710531712	-1420
11.6710841656	-1340
11.6711421013	-1380
11.6714801788	-1380
11.6715130806	-1380
11.6719231606	-1420
11.6719260216	-1420
11.671970129	-1300
11.6882779598	-1420
11.6883351803	-1420
11.688338995	-1300
11.6883749962	-1420
11.688377142	-1340
11.6884109974	-1380
11.7036211491	-1380
11.7222261429	-419
11.7223241329	543
11.7871489525	-1420
11.7871630192	-1340
11.8130390644	-1420
11.8130540848	-1340
11.81310606	-1420
11.8131091595	-1420
11.8131430149	-1300
11.8134231567	-1380
11.8135659695	-1420
11.8135690689	-1340
11.8199691772	543
11.8222689629	543
11.8249440193	-1420
11.8249540329	-1420
11.8249850273	-1300
11.8428649902	-1420
11.8429300785	-1420
11.8429350853	-1300
11.842977047	-1420
11.8429801464	-1340
11.8430640697	-1380
11.8431949615	-1420
11.8432149887	-1420
11.8432171345	-1300
11.8434140682	-1420
11.8434181213	-1340
11.8435220718	-1380
11.8499040604	-887
11.8600120544	543
11.8660800457	543
11.8663790226	543
11.8666119576	543
11.9066040516	-1420
11.9066171646	-1420
11.90666008	-1300
11.9066631794	-1420
11.9066879749	-1340
11.9068620205	-1380
11.9442059994	-1380
11.9443049431	-1420
11.9443581104	-1340
11.9642009735	-1420
11.9642651081	-1420
11.9642691612	-1300
11.9645409584	-1420
11.9645450115	-1420
11.964589119	-1300
11.9648771286	543
11.977353096	-121
11.9882910252	-1420
11.9883539677	-1340
11.9883589745	-1380
11.996076107	-1380
11.9966111183	-1420
11.996680975	-1420
11.9966840744	-1300
11.9967460632	-1420
11.9967491627	-1340
11.9968349934	-1380
12.0194261074	-1420
12.0195031166	-1420
12.0195071697	-1300
12.0195529461	-1420
12.0195550919	-1420
12.0195989609	-1300
12.0629711151	-1420
12.0630259514	-1420
12.0630619526	-1300
12.0630979538	-1420
12.063131094	-1420
12.0631661415	-1300
12.0634160042	-1420
12.0634570122	-1420
12.0634930134	-1300
12.0635910034	1057
12.0638501644	-1420
12.0638551712	-1420
12.0638949871	-1300
12.0640339851	543
12.0640940666	-1420
12.0640971661	-1420
12.0640971661	-1300
12.0645170212	543
12.0750141144	-1420
12.0750191212	-1420
12.0750620365	-1300
12.0944621563	-1420
12.0945219994	-1420
12.0945250988	-1300
12.1050779819	-493
12.1107060909	543
12.1125130653	-1420
12.1125190258	-1420
12.1125631332	-1300
12.1291680336	-1420
12.1292209625	-1340
12.1297020912	-1380
12.1308851242	-1380
12.130890131	-1420
12.1309320927	-1340
12.1314170361	543
12.1318981647	-1420
12.1319041252	-1340
12.1336660385	-1380
12.1588041782	-1380
12.1590659618	-1420
12.1590709686	-1340
12.1593799591	-1380
12.1596391201	-1420
12.1596801281	-1340
12.1644699574	-1420
12.1645331383	-1420
12.164536953	-1300
12.1931769848	-1420
12.1931929588	-1420
12.1932480335	-1300
12.1933870316	-1380
12.1935281754	-1420
12.1935319901	-1420
12.1935830116	-1300
12.1935851574	-1420
12.1936810017	-1340
12.1937940121	543
12.1996431351	-1420
12.1996510029	-1420
12.1996760368	-1300
12.2302670479	-1420
12.2303371429	-1420
12.2303421497	-1300
12.2303850651	-1380
12.2322440147	-1380
12.2324020863	-1420
12.2324049473	-1340
12.2328250408	-38
12.2331440449	-1420
12.2331831455	-1340
12.2332651615	-1380
12.2363400459	543
12.2611501217	-1420
12.2611660957	-1340
12.2612271309	-1380
12.2613019943	-1420
12.2613210678	-1340
12.265198946	-1380
12.2653160095	-1420
12.265319109	-1420
12.2653579712	-1300
12.2654950619	543
12.2679920197	-1420
12.2679979801	-1420
12.2680420876	-1300
12.2998139858	-1420
12.299890995	-1420
12.2998960018	-1300
12.2999510765	-1420
12.2999541759	-1420
12.2999970913	-1300
12.3146021366	-1420
12.3146669865	-1420
12.3146710396	-1420
12.3147079945	-1260
12.3147101402	-1420
12.3147439957	-1340
12.3223600388	543
12.3612601757	-1327
12.4083571434	-1380
12.488945961	-1219
12.6468160152	-1420
12.6468670368	-1179
12.7731881142	-1420
12.7732510567	-1340
12.7739441395	-382
12.7821810246	543
12.9015221596	-1086
12.9040770531	1460
12.9041500092	1460
12.9041891098	193
13.0280649662	-1420
13.0280821323	-1340
13.0319850445	-867
13.0320920944	543
13.0484941006	-1420
13.0485041142	-1420
13.0485551357	-1300
13.0489649773	-1420
13.0490109921	-1420
13.0490131378	-1300
13.0753171444	-1380
13.075660944	-1420
13.0757811069	-1420
13.0757851601	-1300
13.0758280754	-1420
13.0758299828	-1420
13.0758719444	-1300
13.0836780071	-1420
13.0837371349	-1420
13.083739996	-1300
13.1040451527	-1380
13.1041190624	-1380
13.1759209633	-180
13.2085251808	-1420
13.2085981369	-1340
13.2495989799	-1420
13.2496640682	-1420
13.2496700287	-1300
13.2669711113	-1380
13.3036930561	-1088
13.3070101738	-1420
13.3070170879	-1340
13.3278360367	-1380
13.3654391766	-1380
13.4310131073	-221
13.4361619949	543
13.4364011288	543
13.4515299797	-1420
13.4515440464	-1340
13.4515860081	-1380
13.489492178	-1380
13.4941151142	-1420
13.494120121	-1340
13.4942531586	-1380
13.5584671497	-1279
13.5608870983	543
13.5674140453	543
13.6068630219	-1420
13.6068789959	-1420
13.6069421768	-1300
13.617110014	-1420
13.6171631813	-1420
13.617166996	-1300
13.6545510292	-1420
13.6545619965	-1420
13.6546220779	-1300
13.6859819889	-90
13.732063055	-1420
13.7320790291	-1340
13.7321150303	-1380
13.8001029491	-1420
13.800121069	-1420
13.8001749516	-1420
13.800178051	-1260
13.800219059	-1380
13.8119990826	-1420
13.8120059967	-1340
13.845510006	543
13.8594810963	-1280
13.8596429825	543
13.8599760532	1460
13.8600301743	111
13.8678350449	-1420
13.8678410053	-1340
13.868227005	-1420
13.8682320118	-1340
13.868596077	-1420
13.8686010838	-1420
13.8686449528	-1300
13.868666172	-1420
13.8687021732	-1340
13.8688061237	-1380
13.8758511543	1460
13.8759710789	111
13.8761861324	1460
13.8762421608	111
13.8818740845	-1420
13.8818790913	-1340
13.8819880486	543
13.8857491016	543
13.8861589432	543
13.886329174	543
13.9878599644	-1119
13.9881789684	543
14.0098221302	-1420
14.0098371506	-1340
14.0190119743	-1420
14.019026041	-1420
14.0190901756	-1300
14.0500199795	-1380
14.0501880646	543
14.0884921551	543
14.0887360573	543
14.0968990326	-1420
14.096914053	-1420
14.0969510078	-1300
14.1156811714	-575
14.1198620796	543
14.1378829479	-1420
14.1378951073	-1420
14.1379511356	-1300
14.2433421612	-573
14.2678661346	-1420
14.2678821087	-1340
14.2961940765	-1420
14.2962219715	-1340
14.2964351177	-1380
14.3076190948	-1420
14.3076319695	-1340
14.3710670471	-1250
14.3736810684	543
14.3738679886	543
14.4328219891	543
14.4846241474	-1420
14.4846401215	-1420
14.4846940041	-1300
14.4860889912	-1420
14.4861769676	-1420
14.4861800671	-1300
14.4862170219	-1420
14.4862191677	-1340
14.4862530231	-1380
14.5013611317	-1420
14.5014669895	-1340
14.5014710426	-472
14.501707077	543
14.5220470428	-1420
14.5220630169	-1340
14.5228111744	-1420
14.5228161812	-1420
14.5228450298	-1300
14.5599830151	-1380
14.614467144	1057
14.6149361134	543
14.6151311398	1460
14.6151759624	1139
14.6293110847	-1146
14.6481380463	1460
14.6482291222	1460
14.648266077	193
14.6538319588	-1420
14.6538381577	-1420
14.6539230347	-1300
14.6539261341	-1420
14.6539621353	-1340
14.6542100906	-1420
14.654250145	-1420
14.654253006	-1300
14.6607570648	543
14.6667690277	-1420
14.6667790413	-1420
14.6668260098	-1300
14.6919550896	-1420
14.6920220852	-1420
14.692027092	-1420
14.6920721531	-1260
14.7316911221	-1380
14.7569351196	-341
14.8693549633	-1380
14.8711621761	-1420
14.8711669445	-1420
14.8712100983	-1300
14.8712129593	-1420
14.8712480068	-1420
14.8712511063	-1300
14.8757960796	543
14.8863110542	-251
14.8876690865	-1420
14.8877310753	-1340
14.8877341747	-1380
14.888048172	-1420
14.8880531788	-1420
14.8881030083	-1300
14.9062070847	-1420
14.9062590599	-1340
14.9262189865	543
14.9264760017	543
14.9604611397	543
14.9607169628	543
15.0138261318	543
15.0139091015	-956
15.0141620636	1057
15.074627161	-1420
15.0746431351	-1340
15.0754311085	-1420
15.0754361153	-1340
15.0755600929	-1380
15.1126141548	-1420
15.1126270294	-1420
15.1126670837	-1300
15.1132800579	543
15.1367781162	-1420
15.1367931366	-1420
15.1368570328	-1300
15.1417410374	-957
15.1418571472	543
15.2695791721	-1086
15.3500189781	-1380
15.3971860409	-220
15.5247299671	-1086
15.6524610519	-543
15.7800631523	-1057
15.7851660252	-1420
15.7851719856	-1340
15.8228371143	-1380
15.8637549877	-1380
15.9063980579	-1420
15.906411171	-1340
15.9066240788	-1420
15.9066271782	-1340
15.9067120552	-1380
15.9077661037	-1118
15.9194800854	-1420
15.9194879532	-1420
15.9195411205	-1300
15.9196970463	-1420
15.9197261333	-1340
15.9439899921	-1380
15.96707201	543
15.9673099518	543
16.0354800224	-1146
16.0440571308	543
16.0544731617	543
16.0775251389	543
16.07776618	543
16.1824979782	-543
16.3486931324	-1380
16.3500151634	1460
16.3500740528	111
16.3531551361	-1248
16.5315101147	-1420
16.5315270424	-1420
16.5315830708	-787
16.5854771137	-1380
16.5961351395	543
16.5963580608	543
16.6096560955	543
16.6235730648	-1420
16.6235840321	-1340
16.6589159966	-88
16.6771039963	1057
16.7681820393	-1420
16.768198967	-1340
16.8049471378	-867
16.8052110672	-1420
16.8052661419	-1340
16.9327139854	-867
16.9853460789	543
16.9856350422	543
16.9869699478	543
16.9871821404	543
17.0363481045	543
17.0366060734	543
17.0480670929	543
17.048279047	1057
17.0808019638	543
17.0814199448	543
17.0816049576	543
17.1061940193	543
17.1064360142	543
17.1361889839	543
17.1364409924	543
17.3061890602	-1420
17.306235075	-151
17.3178870678	543
17.3185200691	543
17.3187451363	543
17.3189439774	543
17.4338531494	-1086
17.4368259907	1460
17.4368941784	1460
17.4369330406	1161
17.4382081032	1117
17.4481241703	543
17.5530841351	-1420
17.5530951023	-1420
17.5531480312	-1300
17.560999155	543
17.5612239838	1460
17.5612781048	111
17.5645480156	-59
17.5904560089	-1380
17.6329669952	-1420
17.6329851151	-1340
17.6421539783	543
17.6426961422	543
17.6705310345	-1380
17.6707370281	543
17.7159841061	543
17.7178890705	-735
17.7263700962	-1380
17.8506419659	-1420
17.850659132	-1420
17.8507139683	-1300
17.8546550274	-735
17.9265551567	-1420
17.9265720844	-1420
17.9266350269	-1300
17.9300639629	543
17.936496973	543
18.0220611095	-1116
18.0501201153	543
18.106347084	-1420
18.1063621044	-1340
18.144682169	-1380
18.1843030453	-1380
18.1890881062	-735
18.210381031	-1420
18.2104001045	-1420
18.2104570866	-1300
18.2104599476	-1420
18.2104940414	-1420
18.2104980946	-1300
18.2223379612	-1420
18.2223510742	-1420
18.2224030495	-1300
18.2662620544	-1420
18.2662761211	-1420
18.26633811	-1300
18.3042769432	-1420
18.3042919636	-1340
18.3164401054	-502
18.3992741108	-1420
18.3992900848	-1420
18.3993530273	-1420
18.3993561268	-1260
18.3993990421	-1420
18.3994021416	-1340
18.3996779919	543
18.4072799683	1057
18.4374771118	-1420
18.4374911785	-1340
18.4375460148	-1420
18.4375491142	-1420
18.4375960827	-1300
18.43759799	-1380
18.4439761639	-1206
18.4506790638	543
18.4720721245	-1380
18.4754991531	-1420
18.4755430222	-1420
18.4755461216	-1300
18.4993350506	-1420
18.4993510246	-1340
18.5131700039	-1420
18.5131850243	-1340
18.5509951115	-1420
18.5510101318	-1340
18.5714550018	-223
18.6058721542	-1380
18.6571221352	-1420
18.6571390629	-1420
18.6571919918	-1300
18.6968669891	-1380
18.6994740963	543
18.7335591316	-897
18.7868320942	-543
18.8049640656	-1380
18.8206751347	-1420
18.8206861019	-1420
18.8207390308	-1300
18.8208441734	-1420
18.8210771084	-1340
18.8211009502	-1380
18.8445401192	543
18.8447649479	543
18.85841012	-1420
18.8584260941	-1420
18.8584630489	-1300
18.8747820854	-1380
18.8748290539	-1380
18.8752801418	-1420
18.8753199577	-1340
18.8754689693	-1420
18.8754899502	-1420
18.8754930496	-1420
18.8755090237	-1260
18.8807959557	543
18.8999080658	-1420
18.8999240398	-1420
18.8999869823	-1300
18.9324541092	-181
18.9558889866	-1420
18.9559020996	-1340
19.047647953	543
19.0619261265	-1420
19.0619440079	-1420
19.0619790554	-1300
19.0621039867	543
19.0706760883	543
19.0758390427	1057
19.0833780766	-926
19.1048221588	-1420
19.1048829556	-1340
19.2005190849	-1420
19.2005369663	-1340
19.2322180271	-1220
19.239770174	543
19.2399971485	543
19.3007740974	543
19.413225174	-1086
19.41405797	1057
19.4265511036	-1420
19.4265620708	-1340
19.4868690968	-1420
19.4868860245	-1340
19.4982099533	-1380
19.5250799656	-1420
19.5251450539	-1340
19.5251500607	-1380
19.5404241085	-384
19.668143034	-1420
19.6681599617	-180
19.7191009521	-1420
19.7191171646	-1340
19.7569410801	-1380
19.7956240177	-544
19.9233951569	-1057
19.9408731461	543
19.9410991669	543
19.9482569695	-543
19.9558320045	1057
19.9948670864	-1420
19.9948849678	-1340
20.0324010849	-1380
20.0325930119	-1420
20.0326449871	-1340
20.0685911179	-354
20.1467921734	-1420
20.1468081474	-1340
20.1908020973	1057
20.1928391457	-1420
20.1928441525	-1420
20.1928870678	-1300
20.1962430477	-412
20.2346260548	-1420
20.2346391678	-1420
20.2346949577	-1300
20.3242771626	-30
20.3286271095	-1420
20.32863307	-1340
20.4162011147	-1420
20.4162180424	-1420
20.4162709713	-1300
20.4162750244	-1420
20.4163100719	-1420
20.4163119793	-1300
20.4164860249	543
20.4169361591	543
20.4311170578	543
20.4417481422	543
20.4431359768	-1420
20.4431421757	-1420
20.4431951046	-1300
20.4520771503	-1420
20.4521210194	-1340
20.4531440735	-1420
20.4531910419	-1420
20.4531941414	-1300
20.4537940025	-1420
20.4537990093	-1340
20.4539351463	-1420
20.4539380074	-1420
20.4539761543	-1300
20.4541270733	-1380
20.4546329975	543
20.4560480118	-314
20.4650640488	-1420
20.4651329517	-1420
20.4651379585	-1300
20.4731750488	543
20.4815890789	-1420
20.4816060066	-1420
20.481659174	-1300
20.4908521175	-1380
20.4909951687	543
20.4925441742	-1420
20.492552042	-1420
20.4925971031	-1300
20.5383450985	-1420
20.5383591652	-1340
20.5384721756	-1380
20.5837769508	-796
20.6045019627	-1420
20.6045181751	-1340
20.6049780846	-1420
20.604984045	-1340
20.6050169468	-1380
20.6421921253	-1420
20.6422059536	-1340
20.6435370445	543
20.7210161686	543
20.721280098	1460
20.7213339806	111
20.7319450378	-1250
20.7943401337	-543
20.8074419498	-1420
20.807459116	-1420
20.8075120449	-1420
20.8075151443	-1260
20.807559967	-1420
20.8075621128	-1340
20.8214859962	-1420
20.8215019703	-1340
20.8215451241	-1380
20.821791172	-1420
20.8218300343	-1340
20.8360769749	-1380
20.8362140656	-1380
20.8407120705	543
20.8477950096	-1420
20.8478021622	-1420
20.8479111195	-1420
20.8479139805	-1420
20.8479571342	-1220
20.8479599953	-1420
20.8480019569	-1420
20.8480050564	-1420
20.8480679989	-1260
20.848072052	-1420
20.8481061459	-1340
20.8482601643	-1380
20.8596670628	-945
20.9378910065	-1420
20.9379069805	-1420
20.9379711151	-1300
20.9382140636	543
20.9875710011	-59
20.9999141693	-1380
21.0002520084	-1420
21.0002579689	-1420
21.000300169	-1420
21.00030303	-1420
21.0003380775	-1220
21.0003399849	-1380
21.0053141117	-1420
21.0053210258	-1340
21.0053620338	-1380
21.0056240559	-1420
21.0056641102	-1420
21.0056660175	-1300
21.0102801323	543
21.0334730148	543
21.0337290764	543
21.0424151421	-1420
21.0424201488	-1340
21.1156289577	-1178
21.1164979935	543
21.1170830727	543
21.2431600094	-543
21.2545349598	543
21.254830122	1057
21.3709449768	-543
21.4126069546	-1420
21.4126181602	-1340
21.4506599903	-1420
21.4506750107	-1420
21.450740099	-1300
21.4988069534	-897
21.5159189701	-1420
21.5159349442	-1340
21.6433911324	-896
21.6513540745	543
21.7353470325	-1380
21.774793148	-1420
21.7748680115	-1420
21.7748739719	-1300
21.7792680264	-735
21.8935461044	-1380
21.961119175	-1420
21.9611361027	-1340
21.9611940384	-1380
21.9614629745	-279
21.9615831375	543
21.9618780613	543
21.9990680218	-1420
21.9990839958	-1420
21.9991459846	-1300
22.0367519855	-1420
22.0368261337	-1340
22.0751969814	-1420
22.0752639771	-1340
22.0880639553	543
22.0888421535	-251
22.0904541016	1057
22.1360321045	1057
22.171434164	-1420
22.1714501381	-1340
22.1717171669	-1420
22.1717209816	-1420
22.171749115	-1300
22.2092051506	-1420
22.2092189789	-1340
22.211438179	543
22.2186319828	-1250
22.3758370876	-1420
22.375854969	-1340
22.3763961792	-1420
22.3764009476	-1340
22.3764631748	-1380
22.3962371349	-897
22.4137239456	-1420
22.4137301445	-1420
22.4137730598	-1300
22.4139120579	543
22.5239880085	-573
22.5877790451	-1420
22.5877900124	-1340
22.6316521168	-1380
22.652089119	-544
22.7800340652	-1086
22.8193900585	-1420
22.819409132	-1340
22.8570690155	-1380
22.9074630737	-544
22.926887989	-1420
22.9269039631	-1340
22.9667589664	-1380
23.0049870014	-1420
23.0049991608	-1420
23.0050489902	-1300
23.0346491337	-31
23.0406200886	543
23.1623120308	-1086
23.1686799526	543
23.1791219711	543
23.1906759739	1057
23.190901041	1057
23.5276269913	-543
23.5708830357	543
23.6141970158	543
23.6275820732	1460
23.6276609898	111
23.628098011	543
23.6283199787	543
23.6439180374	543
23.6596701145	543
23.6986320019	-543
23.8264069557	-1086
23.9939899445	-1420
23.9940590858	-1420
23.9941051006	-1300
23.9941411018	-1420
23.9941761494	-1420
23.9942171574	-1300
23.9970781803	-1420
23.9971251488	-1340
23.9971899986	-1380
23.9974479675	-1420
23.9974520206	-1340
23.9977641106	-1380
24.0189840794	-120
24.0317521095	-1380
24.0319390297	-1380
24.0321140289	-1420
24.0321161747	-1420
24.0321171284	-1420
24.032118082	-1420
24.032118082	-1220
24.0321600437	543
24.0348949432	-1420
24.0349240303	-1420
24.0349271297	-1300
24.0358121395	543
24.065844059	1057
24.0885660648	-1420
24.0885791779	-1340
24.0965950489	543
24.146625042	-1119
24.2011129856	543
24.2013940811	1057
24.2016129494	543
24.2018051147	1057
24.207816124	-1380
24.2078220844	-1380
24.2080011368	-1380
24.2106750011	543
24.2108459473	1460
24.210901022	111
24.2203669548	-1420
24.2203781605	-1420
24.2204289436	-1300
24.2702300549	543
24.2704570293	1460
24.2705039978	111
24.2761659622	-1380
24.3142590523	-765
24.3151409626	543
24.370331049	-1420
24.3703479767	-1340
24.4079430103	-1380
24.4416050911	-544
24.54621315	-1420
24.5462281704	-1420
24.5462930202	-1300
24.5472900867	-1420
24.5473110676	-1420
24.547314167	-1300
24.5478971004	-1420
24.5478999615	-1420
24.5479259491	-1300
24.5480611324	-1420
24.5481071472	-1420
24.5481100082	-1300
24.5690450668	-120
24.5788841248	543
24.5791499615	543
24.5819280148	-1420
24.5819339752	-1420
24.5819761753	-1300
24.582118988	-1380
24.5848309994	-1420
24.5848350525	-1420
24.5848741531	-1420
24.5848770142	-1260
24.5851061344	-1420
24.5851089954	-1420
24.5851280689	-1300
24.5856449604	-1420
24.5856840611	-1340
24.5856859684	-1380
24.5906350613	543
24.603716135	543
24.6129441261	1057
24.624767065	-1380
24.697453022	543
24.6977331638	543
24.7065291405	-150
24.7106399536	543
24.834318161	-1057
24.9264280796	-1420
24.9264440536	-1420
24.9265060425	-1300
24.9619250298	-573
24.9673960209	-1420
24.9674110413	-1420
24.9674429893	-1300
25.0082130432	-1420
25.0082299709	-1340
25.0950081348	-926
25.12779212	-1420
25.127808094	-1340
25.12855196	-1380
25.2361280918	-1380
25.2382121086	543
25.2388100624	1057
25.2553291321	-250
25.2738339901	-1420
25.2739009857	-1340
25.3114750385	-1420
25.3115460873	-1340
25.4016151428	-1220
25.4461829662	543
25.4573531151	1057
25.4807591438	1057
25.5297641754	-1057
25.5308270454	543
25.5310881138	1057
25.5313019753	543
25.5315670967	543
25.5317690372	543
25.53196311	1460
25.5320301056	111
25.6343100071	543
25.6346430779	543
25.6349210739	543
25.635130167	543
25.6577801704	-543
25.7239999771	-1420
25.7240171432	-1340
25.7853341103	-867
25.8182229996	-1420
25.8182389736	-1420
25.8183121681	-1300
25.8183159828	-1420
25.8183531761	-1420
25.8183560371	-1300
25.8225779533	-1420
25.8225851059	-1340
25.8226690292	-1420
25.8226721287	-1420
25.8227081299	-1300
25.8255381584	543
25.8381791115	-1420
25.8381950855	-1420
25.8382489681	-1420
25.8382520676	-1260
25.8467950821	-1420
25.8468101025	-1420
25.8468561172	-1300
25.8468589783	-1420
25.8468821049	-1340
25.8469309807	-1380
25.8508961201	543
25.8598251343	-1420
25.8598401546	-1340
25.8599340916	-1380
25.8599369526	-1380
25.8600931168	-1420
25.8600959778	-1340
25.8760991096	-1420
25.8761150837	-1340
25.8761689663	-1420
25.8761720657	-1340
25.8762331009	-1380
25.8763170242	-1380
25.876568079	-1420
25.8765721321	-1340
25.8766729832	-1380
25.9461181164	-1420
25.9461319447	-1420
25.9461841583	-1420
25.9461870193	-1260
25.9462311268	-1420
25.9462339878	-1420
25.9462690353	-1420
25.9462711811	-1260
25.9463059902	-1380
25.9463579655	-1420
25.9463760853	-1420
25.9463789463	-1300
25.9464771748	-1420
25.9464800358	-1340
25.950065136	-1420
25.9500770569	-1420
25.9501261711	-1300
25.9501290321	-1380
25.9504261017	543
25.950466156	-1083
25.950617075	543
25.9541831017	1057
25.960695982	543
25.9978010654	-1420
25.9978129864	-1340
26.05747509	-1380
26.0674340725	543
26.0679719448	543
26.0681920052	543
26.0785319805	-544
26.1135320663	-1420
26.1135921478	-1340
26.1152160168	-1380
26.160804987	1057
26.2202720642	-1420
26.2202889919	-1340
26.2203271389	-1380
26.2356870174	-1380
26.2376461029	543
26.2409980297	1057
26.2421550751	-251
26.3037850857	-1380
26.4091851711	-1248
26.4176931381	543
26.4358551502	-1420
26.4358661175	-1340
26.4743549824	-1380
26.5586481094	-1380
26.5590331554	-1307
26.5725669861	543
26.6278829575	543
26.6553280354	-1420
26.6553430557	-1340
26.6556630135	-1420
26.6556680202	-1420
26.6557161808	-1300
26.6557831764	-1420
26.6558129787	-1420
26.6558170319	-1300
26.6564600468	543
26.6601610184	1057
26.6683740616	-1420
26.668380022	-1420
26.6684241295	-1300
26.6686310768	-1380
26.6688251495	543
26.6760401726	543
26.6762759686	1460
26.67633605	111
26.6864161491	-120
26.7079761028	-1420
26.7080550194	-1340
26.7548689842	-1420
26.7548811436	-1420
26.7549321651	-1300
26.7551290989	543
26.8112411499	-1420
26.8112540245	-1420
26.8113119602	-1300
26.8357460499	-384
26.978826046	-543
27.076802969	-1380
27.1281700134	-1380
27.1285710335	-1380
27.1460521221	543
27.1521730423	-30
27.2365031242	-1420
27.2365241051	-1340
27.3339891434	-353
27.4613790512	-1086
27.4754581451	543
27.4760801792	1057
27.6394820213	-1057
27.806219101	-1057
27.8166630268	1057
28.0218420029	-543
28.2342121601	-1057
28.2500171661	543
28.2951409817	-543
28.3779599667	-543
28.5007500648	1057
28.5139689445	-1420
28.5140900612	-1340
28.5454120636	-867
28.5500280857	543
28.5558440685	543
28.6729080677	-543
28.6761100292	543
28.8229761124	-1420
28.8229930401	-1420
28.8230540752	-787
28.8332209587	543
28.840487957	-1420
28.8404929638	-1340
28.8599991798	-1420
28.8600130081	-1420
28.8600749969	-1300
28.8606090546	-1420
28.8606519699	-1340
28.8607230186	-1420
28.8607420921	-1340
28.8609111309	-1420
28.8609480858	-1340
28.8658201694	543
28.8778159618	-1380
28.8780839443	-1420
28.8781330585	-1340
28.8984651566	-1420
28.8985309601	-1420
28.8985350132	-1300
28.8986129761	-1420
28.8986160755	-1340
28.8986871243	-1380
28.8988599777	543
28.93385005	-1420
28.9338650703	-1420
28.9339189529	-1300
28.9503719807	-534
29.0405881405	543
29.0538890362	-1420
29.0538949966	-1340
29.1242010593	-382
29.1309580803	543
29.1325480938	1057
29.3026101589	-543
29.4320681095	-1420
29.4320950508	-1340
29.4700741768	-867
29.4739470482	-1380
29.5495450497	543
29.5586030483	1460
29.5587260723	111
29.5976610184	-1219
29.6483280659	-1420
29.6483440399	-1340
29.6483981609	-1420
29.6484200954	-1420
29.6484570503	-1300
29.6484601498	-1380
29.6591501236	-1420
29.659165144	-1420
29.6592280865	-1300
29.67623806	-1420
29.6762461662	-1420
29.676292181	-1300
29.685819149	543
29.714728117	-1420
29.7147431374	-1340
29.7754940987	-502
29.8461520672	543
29.8463900089	543
29.9611070156	-543
30.0886440277	-543
30.3416121006	-1057
30.8269970417	-543
31.0766100883	-543
31.0771450996	1460
31.0771951675	111
31.0803291798	543
31.500754118	1057
31.6408250332	543
31.7281570435	-543
31.7782230377	-1420
31.7782759666	-1340
31.7786340714	-1420
31.778676033	-1420
31.7787120342	-1300
31.8151600361	-1420
31.815212965	-1420
31.8152570724	-1300
31.8153820038	543
31.8337590694	-1420
31.8337640762	-1420
31.8338160515	-1300
31.8339090347	-1420
31.8339550495	-1340
31.834059	543
31.9061169624	-1420
31.906124115	-1420
31.9061729908	-613
32.1309461594	1057
32.5405349731	-1420
32.5406730175	-1420
32.5407910347	-1420
32.5408551693	-747
32.5408890247	-1380
32.5409231186	-1380
32.5778679848	-1420
32.5779340267	-1420
32.5779790878	-1300
32.5964500904	-1380
32.6063489914	543
32.6177060604	1460
32.6178159714	111
32.6680779457	-1420
32.6680920124	-1420
32.6681909561	-1300
32.6681940556	-1420
32.6682300568	-1420
32.6682319641	-1300
32.668266058	-1420
32.6682701111	-1340
32.6683130264	-1380
32.668446064	-1380
32.6771280766	543
32.7053329945	-1420
32.7053501606	-140
32.833258152	-543
33.0165631771	-543
