0	543
3.7505800724	-543
4.1426320076	543
4.15810203552	543
4.40550994873	-543
4.52123188972	-1420
4.52129602432	-1420
4.52139687538	-1264
4.52143502235	-1368
4.52154898643	-1420
4.5215780735	-1316
4.52762103081	-132
4.53118896484	-1420
4.5312230587	-1420
4.53124904633	-1264
4.53299593925	-1368
4.64353299141	-1420
4.64361691475	-1420
4.64366102219	-1420
4.64368104935	-1212
4.64369988441	-1420
4.64370298386	-1316
4.64372801781	-1368
4.64390802383	-1420
4.64395594597	-1420
4.64395904541	-1264
4.64399290085	-1420
4.64399600029	-1316
4.64425086975	543
4.64994692802	-1420
4.64997386932	-1316
4.65124893188	543
4.65346097946	-1420
4.65346598625	-1420
4.65357708931	-1420
4.65357995033	-936
4.65362691879	-1420
4.65363001823	-1316
4.65547895432	-1420
4.65549206734	-1316
4.65982890129	543
4.68111109734	543
4.68166708946	543
4.6819229126	543
4.68217897415	543
4.68239402771	543
4.68270397186	543
4.70200204849	543
4.70361399651	543
4.70382905006	543
4.74205589294	543
4.74232006073	543
4.76601791382	-1420
4.76603293419	-1420
4.76608896255	-1420
4.766092062	-1420
4.76613306999	-1420
4.76613688469	-1108
4.77564001083	-1002
4.77578806877	543
4.89707803726	543
4.93356490135	-543
4.96970105171	543
4.96992993355	543
4.98224592209	543
4.98266005516	543
4.99221801758	543
4.99248409271	543
4.99275898933	543
4.9929599762	543
5.00838398933	-1368
5.02226090431	543
5.02249097824	543
5.05202698708	-1420
5.05203390121	-1316
5.05216193199	-1368
5.05240607262	543
5.05260205269	543
5.05277705193	1460
5.05282187462	625
5.05665707588	-1420
5.05666208267	-1420
5.05670189857	-1264
5.06199002266	543
5.06445002556	-1420
5.06445598602	-1316
5.06447887421	-1368
5.06471586227	-1420
5.0647380352	-1316
5.06650495529	-1420
5.06655097008	-1420
5.0665640831	-1420
5.06660985947	-1212
5.06675100327	543
5.06715893745	543
5.06733489037	543
5.07015800476	-1420
5.07016301155	-1316
5.07040691376	-1368
5.07041192055	-1420
5.07043099403	-1316
5.0717189312	-1368
5.0771920681	543
5.07738208771	543
5.07900595665	-1420
5.07901096344	-1316
5.07916307449	-1420
5.07916688919	-1316
5.07924509048	-1420
5.07924795151	-1316
5.07933187485	543
5.08134198189	-1420
5.08134698868	-1420
5.08139300346	-1264
5.08139491081	-1368
5.08395504951	-1368
5.08680486679	-1368
5.08862495422	-1368
5.09521102905	-1190
5.09593605995	-1368
5.09913301468	-1368
5.10546708107	-1368
5.11151003838	-1368
5.11243486404	-1368
5.1209230423	-1368
5.12558794022	-1420
5.12559294701	-1316
5.12735390663	-1368
5.12741589546	-1368
5.13235998154	-1368
5.1364440918	-1368
5.13657808304	-1368
5.13664293289	543
5.13906693459	-1368
5.13913702965	543
5.14656686783	-1368
5.17015099525	-1420
5.1701900959	-1316
5.17036795616	543
5.17464494705	-1420
5.17464995384	-1420
5.17469096184	-1420
5.17469406128	-1212
5.17543888092	-1420
5.17544388771	-1316
5.17900395393	-1420
5.1790099144	-1420
5.17905402184	-1420
5.17905688286	-1420
5.17909288406	-1160
5.17909502983	-1368
5.17926502228	543
5.18693900108	-1420
5.18694496155	-1420
5.18698692322	-1420
5.18699002266	-1420
5.18703508377	-1160
5.18710303307	-1368
5.18714690208	-1420
5.18715000153	-1316
5.18777894974	543
5.18797588348	543
5.18859696388	-1420
5.18860292435	-1316
5.19429898262	-1368
5.2181699276	-1420
5.21820497513	-445
5.29789805412	-1368
5.30190587044	1460
5.30197691917	111
5.3332669735	-1368
5.35196709633	1460
5.35205101967	625
5.35217094421	-1420
5.352175951	-1420
5.35222387314	-1264
5.35490107536	-1420
5.35494589806	-1420
5.3549489975	-1264
5.35681200027	-1420
5.35681700706	-1420
5.35687804222	-1264
5.37218403816	-1368
5.37343287468	1460
5.3734869957	625
5.37369298935	1460
5.37373709679	625
5.37630009651	-1420
5.37630605698	-1316
5.38250398636	-786
5.38298296928	-1368
5.40403795242	-1368
5.42625308037	-1368
5.4316740036	-1368
5.44372105598	-1420
5.44374704361	-1316
5.44532299042	-1368
5.45080304146	-1368
5.45328688622	-1368
5.45767188072	-1420
5.45767807961	-1316
5.46046495438	-1368
5.46053695679	543
5.46124887466	-1368
5.46552395821	-1368
5.46561098099	543
5.4681019783	-1368
5.46984291077	-1368
5.47260403633	-1420
5.47261095047	-1316
5.47359991074	-1368
5.47583699226	-1420
5.47586393356	-1316
5.47622609138	-1368
5.47721290588	-1420
5.47721886635	-1316
5.47873497009	-1368
5.47890090942	-1368
5.47931289673	-1420
5.47931790352	-1316
5.47955203056	543
5.47960591316	-1368
5.47998785973	543
5.48020195961	543
5.48033499718	-1368
5.48047208786	-1368
5.48063707352	543
5.48124408722	-1368
5.4816429615	-1368
5.4817340374	-1368
5.48216295242	-1420
5.4821870327	-1316
5.48245787621	-1368
5.48253202438	543
5.48632192612	-1368
5.49066591263	-1368
5.50515198708	-663
5.51493787766	-1368
5.52381396294	-1420
5.5238199234	-1316
5.52488589287	-1420
5.52489209175	-1420
5.52491497993	-1264
5.52705407143	-1420
5.52709102631	-1316
5.52767300606	-1368
5.52828407288	-1420
5.52829003334	-1316
5.52887105942	-1368
5.53073692322	-1368
5.53104996681	-1368
5.53111290932	543
5.5313410759	-1368
5.53548502922	-1368
5.53611207008	-1420
5.53611803055	-1316
5.53771996498	-1368
5.54026389122	543
5.54042387009	-1368
5.54048299789	-1368
5.54065799713	-1420
5.54066300392	-1316
5.54302287102	-1420
5.54302787781	-1316
5.54341292381	-1368
5.54797387123	-1368
5.55052304268	-1420
5.55052900314	-1316
5.55796003342	-1368
5.57180500031	-1368
5.58611106873	-1368
5.6272649765	-784
5.65579009056	-1368
5.67875289917	-1420
5.67881393433	-1420
5.67881894112	-1264
5.68422889709	-1420
5.68423604965	-1420
5.68427991867	-1264
5.68565702438	-1368
5.68682408333	-1368
5.68977808952	-1420
5.6898059845	-1316
5.69029903412	543
5.69047498703	-1420
5.69047999382	-1420
5.69052195549	-1264
5.69064593315	543
5.69087696075	543
5.69642996788	-1420
5.696434021	-1316
5.70137405396	-1420
5.70138192177	-1420
5.70140886307	-1264
5.70913791656	-1368
5.70924186707	543
5.71013498306	-1368
5.71225595474	-1368
5.71397995949	-1368
5.7217040062	-1368
5.72672390938	-1420
5.72672986984	-1316
5.72728490829	-1368
5.72778487206	-1368
5.73109292984	-1368
5.73289895058	-1420
5.73294591904	-1420
5.73294997215	-1264
5.73305606842	543
5.74253988266	-1368
5.74260687828	-1368
5.74273705482	-1368
5.74284291267	-1420
5.74286794662	-1316
5.74417996407	-1420
5.74420499802	-1316
5.74805307388	-1368
5.74933886528	-265
5.74954485893	-1368
5.75243091583	-1368
5.75654888153	-1368
5.75674390793	543
5.75683808327	-1368
5.75689792633	-1420
5.75691890717	-1316
5.76143503189	-1368
5.76432991028	-1368
5.76824402809	-1368
5.76833105087	543
5.76845002174	-1368
5.77048397064	-1368
5.7728998661	-1420
5.77290606499	-1316
5.77596998215	-1368
5.78041601181	-1420
5.78044295311	-1316
5.78473305702	-1368
5.78542494774	-1368
5.78549599648	543
5.79210686684	-1368
5.79632902145	-1420
5.79638290405	-1420
5.79638695717	-1264
5.7980389595	-1420
5.79804491997	-1316
5.80926799774	-1420
5.80927705765	-1316
5.81174206734	-1368
5.81998991966	-1420
5.82002091408	-1316
5.82261991501	-1368
5.82612109184	-1368
5.82872700691	-1368
5.82887506485	-1368
5.83060503006	-1368
5.83218789101	-1368
5.83235692978	-1368
5.83338499069	-1368
5.83497786522	543
5.83670401573	-1368
5.83688902855	-1368
5.83963108063	-1420
5.83963799477	-1316
5.8398399353	-1368
5.84229493141	-1368
5.843708992	-1368
5.84498786926	-1368
5.84830904007	-1368
5.85214495659	-1420
5.8521900177	-1316
5.85265493393	543
5.85348796844	-1368
5.85983705521	-1368
5.85989809036	-1420
5.85990190506	-1316
5.86033391953	-1368
5.86562490463	-1420
5.86565303802	-1316
5.86724090576	-1368
5.87143588066	-458
5.87151193619	543
5.87804698944	-1368
5.87957406044	-1368
5.88173794746	-1368
5.88647389412	-1368
5.8892660141	-1368
5.89199590683	-1368
5.89656686783	-1420
5.89657306671	-1316
5.89795303345	-1368
5.90147686005	-1368
5.90160489082	543
5.90210390091	-1368
5.9033510685	-1420
5.9033780098	-1316
5.90627193451	-1368
5.90802288055	-1368
5.90826201439	543
5.91020202637	-1368
5.91255998611	-1368
5.92594408989	-1420
5.92595791817	-1316
5.96707391739	-1420
5.9670920372	-1316
5.98241400719	-1368
5.98483109474	-1420
5.98486495018	-1316
5.98612308502	-1420
5.98614907265	-1316
5.99110794067	-1368
5.99179601669	-1368
5.99224686623	-1368
5.99249792099	-1420
5.99250197411	-1316
5.9928278923	543
5.99341392517	-38
5.99408006668	-1368
5.99538207054	-1368
5.99588489532	-1368
5.99720191956	-1368
5.99814295769	-1368
6.00015306473	-1368
6.00040698051	-1420
6.00043106079	-1316
6.0016579628	-1368
6.00384902954	-1368
6.00395488739	543
6.00399494171	-1368
6.00410699844	-1368
6.00535202026	-1368
6.00751900673	-1368
6.00757288933	-1420
6.00757598877	-1316
6.00795507431	-1368
6.00853800774	-1368
6.00866794586	-1368
6.00873994827	-1420
6.00876498222	-1316
6.00876808167	-1368
6.00884008408	543
6.008893013	-1420
6.00889492035	-1420
6.00889587402	-1264
6.00957989693	-1368
6.00966691971	-1368
6.0111219883	-1420
6.01114606857	-1316
6.01191687584	-1368
6.0132420063	-1368
6.01335906982	-1368
6.01666688919	-1368
6.02340006828	-1368
6.11646389961	-1132
6.12607908249	-1368
6.1288318634	-1368
6.13116788864	-1368
6.13633489609	-1368
6.13814306259	-1420
6.13817596436	-1316
6.13824987411	543
6.14048695564	-1368
6.14474701881	-1368
6.14510989189	-1368
6.15008592606	-1368
6.15243697166	-1368
6.15312194824	543
6.15739488602	-1420
6.15740299225	-1316
6.15886998177	-1368
6.1630859375	-1368
6.16482186317	-1368
6.16818594933	-1368
6.17135190964	-1368
6.17273187637	-1368
6.17671394348	-1420
6.17671895027	-1316
6.17997503281	-1368
6.18292093277	-1368
6.18770599365	-1368
6.18781089783	-1368
6.18788194656	543
6.18881797791	-1420
6.18882393837	-1316
6.18894386292	-1420
6.18894696236	-1316
6.18956804276	-1368
6.19525289536	-1368
6.19788098335	-1368
6.19988799095	1057
6.20049786568	-1420
6.20050287247	-1316
6.20362997055	-1368
6.20775508881	-1368
6.21035504341	-1368
6.21299886703	-1368
6.21417999268	-1368
6.21909189224	-1368
6.22233295441	-1420
6.2223379612	-1316
6.22801089287	-1368
6.22813296318	-1368
6.22908401489	-1368
6.23432087898	-1368
6.23702096939	-1368
6.23883605003	-1143
6.24016809464	-1368
6.2402639389	543
6.24248194695	-1368
6.24254608154	543
6.24672698975	-1368
6.24929189682	-1368
6.25429987907	-1420
6.25430488586	-1316
6.26002502441	-1368
6.26027488708	-1368
6.26450586319	-1368
6.26493406296	-1368
6.26712989807	-1368
6.26763486862	-1420
6.26766991615	-1316
6.26781702042	543
6.26798796654	-1368
6.26816296577	543
6.26820588112	-1368
6.26837396622	-1368
6.26843905449	-1368
6.27006387711	-1420
6.27008509636	-1316
6.27079796791	-1420
6.27081799507	-1316
6.27205896378	-1368
6.27247309685	-1368
6.27379488945	-1368
6.27499294281	-1368
6.27579188347	-1368
6.27652788162	-1368
6.27764105797	-1420
6.27766489983	-1316
6.27906799316	-1368
6.27968907356	-1368
6.28206086159	-1368
6.28414702415	543
6.28712487221	-1368
6.3612780571	-473
6.56619691849	-1420
6.5662150383	-151
6.5664999485	-1368
6.57701396942	-1420
6.57702088356	-1316
6.57994103432	-1420
6.57994604111	-1316
6.60249209404	-543
6.68862605095	-957
6.6888229847	543
6.72190093994	-1368
6.72528386116	-1420
6.72531890869	-1316
6.72671699524	-1368
6.72869205475	-1420
6.72869586945	-1316
6.74775195122	-1368
6.74796485901	-1368
6.75052595139	-1368
6.75589108467	-1368
6.75650191307	-1368
6.76444196701	-1368
6.76462101936	-1368
6.77026987076	-1420
6.77029299736	-1316
6.77699899673	543
6.78041887283	-1368
6.78524398804	-1368
6.79419493675	-1368
6.79937601089	-1368
6.80303287506	-1420
6.80304789543	-1316
6.80994296074	-1368
6.81114697456	-267
6.81175994873	-1368
6.81294488907	-1420
6.81296801567	-1316
6.86306095123	-1368
6.88057088852	-1368
6.89447808266	-1368
6.9336950779	-733
6.93907094002	543
7.00800800323	543
7.04638504982	543
7.05332708359	543
7.06141090393	543
7.06315493584	543
7.06450486183	543
7.06593990326	543
7.11202788353	543
7.12196397781	1057
7.19591403008	-1368
7.19601297379	-1420
7.19606804848	-839
7.21057391167	-1368
7.21709609032	543
7.21729898453	543
7.23190402985	543
7.24394202232	-1368
7.24406290054	-1420
7.24409198761	-1316
7.24427509308	-1420
7.24429702759	-1316
7.24541401863	-1368
7.24625706673	-1368
7.24660086632	543
7.24709296227	-1368
7.24715590477	543
7.24914002419	-1368
7.2521739006	-1420
7.25222086906	-1420
7.25222492218	-1264
7.25556898117	-1420
7.25557494164	-1316
7.25736498833	-1420
7.25737190247	-1420
7.25741505623	-1264
7.25866007805	-1368
7.25881290436	-1420
7.2588160038	-1420
7.25885796547	-1264
7.26078009605	-1420
7.26082587242	-1420
7.26082992554	-1264
7.26605892181	-1420
7.26606488228	-1316
7.27350187302	-1420
7.27350902557	-1316
7.27361392975	543
7.28502488136	-1368
7.317278862	543
7.31751489639	543
7.31826305389	-892
7.32496905327	-1368
7.32851004601	-1368
7.33080887794	-1368
7.33153390884	-1368
7.33225297928	-1368
7.33273887634	-1368
7.33427500725	-1368
7.3360619545	543
7.34248995781	-1420
7.3424949646	-1316
7.35318589211	-1368
7.35576605797	-1420
7.35580086708	-1316
7.35580396652	-1420
7.35582089424	-1316
7.35610389709	-1420
7.35612392426	-1316
7.35848808289	543
7.3624920845	-1420
7.36250805855	-1316
7.36618804932	-1368
7.36902999878	-1368
7.37053799629	543
7.37071895599	543
7.37088394165	543
7.37231397629	-1420
7.37231993675	-1316
7.37271595001	-1368
7.38676905632	-1420
7.38681197166	-1316
7.44050002098	-478
7.441822052	543
7.56558799744	-1368
7.56658792496	-1368
7.56768202782	-1368
7.57625007629	-1420
7.57628393173	-1316
7.57628798485	-1368
7.57726597786	-1368
7.57845187187	-1368
7.57916998863	-1420
7.5791759491	-1316
7.58003091812	-1368
7.58896803856	-1420
7.5889980793	-1316
7.58945798874	-1420
7.58950304985	-1420
7.58950591087	-1264
7.58956408501	-1420
7.58956694603	-1316
7.59382891655	-1420
7.59383487701	-1420
7.59387993813	-1264
7.60043787956	-1420
7.60046291351	-1316
7.60206508636	-984
7.61136698723	-1368
7.62533807755	-1368
7.62586903572	-1420
7.62587499619	-1316
7.63604187965	-1420
7.63605690002	-1316
7.63901495934	-1420
7.63902497292	-1316
7.63928294182	543
7.63960003853	543
7.64028692245	543
7.67782306671	-1368
7.67861700058	-1420
7.67865109444	-1316
7.67925286293	-1368
7.6800570488	-1368
7.68067193031	-1368
7.68081498146	-1368
7.68322896957	543
7.68342399597	1057
7.68351101875	-1368
7.6867890358	-1368
7.68721795082	-1420
7.68722200394	-1316
7.68800997734	-1420
7.68801403046	-1316
7.68846201897	-1368
7.68869996071	-1368
7.6911509037	-1368
7.69178795815	543
7.72464704514	-1216
7.74885606766	-1368
7.75067687035	-1368
7.75290489197	-1368
7.7574839592	-1368
7.7577419281	-1420
7.75776791573	-1316
7.75815391541	-1368
7.75823998451	543
7.76164698601	-1368
7.76353287697	-1368
7.76468586922	-1368
7.76609396935	-1368
7.76869606972	-1420
7.76870107651	-1316
7.77053809166	-1368
7.77219295502	-1368
7.77891898155	-1368
7.77995109558	-1368
7.78009486198	-1368
7.7833609581	-1368
7.78386998177	-1420
7.78387403488	-1316
7.78401207924	543
7.78644895554	-1368
7.78665304184	-1368
7.78930592537	-1368
7.79039096832	-1368
7.79173493385	-1420
7.79173898697	-1316
7.79382491112	-1420
7.79383087158	-1316
7.79555392265	-1368
7.79680204391	543
7.79880094528	-1368
7.79902601242	-1368
7.79930090904	-1420
7.79930591583	-1316
7.79984092712	-1368
7.82124900818	-1368
7.87093997002	-568
7.92704105377	543
7.95851802826	-1368
7.95936703682	-1368
7.96065092087	-1368
7.96326494217	-1368
7.9648900032	-1420
7.96489691734	-1316
7.96649193764	-1368
7.96661496162	543
7.96901392937	-1368
7.9702129364	-1368
7.97353005409	-1368
7.97537708282	-1368
7.97599291801	-1420
7.9759979248	-1316
7.98249292374	-1368
7.98286604881	-1368
7.98318791389	-1368
7.98572301865	-1368
7.98603105545	-1368
7.98642396927	-1368
7.98674201965	-1368
7.98689103127	-1420
7.98691487312	-1316
7.98697590828	543
7.98760390282	-1420
7.98760986328	-1420
7.98769903183	-1264
7.98770189285	-1368
7.98852491379	-1368
7.99074697495	-1420
7.99077391624	-1316
7.99465703964	-1368
7.99512386322	-1368
7.99646806717	-1368
7.99775004387	543
7.99848794937	-1368
8.00089287758	-1368
8.00097703934	543
8.00111508369	-1368
8.00443887711	-1420
8.00448894501	-1316
8.00688004494	-1368
8.00987386703	-1368
8.01099300385	-1368
8.01214289665	-1368
8.01519393921	-1368
8.01664090157	-1420
8.01664686203	-1316
8.01837491989	-1368
8.02040290833	-1368
8.022397995	-1368
8.02410292625	-1368
8.02607989311	-1368
8.02923798561	-1368
8.03071689606	-1420
8.03072309494	-1316
8.03321194649	-1368
8.03328204155	543
8.03401589394	-276
8.03495407104	-1368
8.04205608368	-1368
8.04236602783	-1368
8.0427479744	-1368
8.05471205711	-1368
8.05742692947	-1368
8.05750203133	543
8.06128096581	-1420
8.0612859726	-1316
8.06174206734	-1368
8.06246209145	-1368
8.06537795067	-1368
8.06554698944	-1368
8.06623697281	-1420
8.06624102592	-1316
8.06861591339	-1420
8.06862092018	-1316
8.06899905205	-1368
8.07435894012	-1368
8.07466697693	-1368
8.07473301888	543
8.07504796982	-1368
8.07559895515	-1368
8.07609891891	-1368
8.07641100883	-1420
8.07643699646	-1316
8.07692289352	-1368
8.08386898041	-1368
8.08449101448	-1368
8.09029889107	-1368
8.09122991562	-1368
8.09764289856	-1420
8.09765100479	-1316
8.09879589081	-1368
8.09994697571	-1368
8.10121488571	-1368
8.1020860672	-1368
8.10273504257	-1368
8.10331892967	-1368
8.10368108749	-1420
8.10368609428	-1316
8.10418891907	-1368
8.10780596733	543
8.11331796646	-1368
8.11449790001	-1368
8.11620306969	-1368
8.12197995186	-1368
8.12346386909	-1368
8.12432694435	-1420
8.12434887886	-1316
8.12445998192	543
8.12452101707	-1368
8.12936902046	-1368
8.13106298447	-1368
8.13175201416	-1368
8.13296794891	-1368
8.13659286499	-1368
8.13782286644	-1420
8.13782906532	-1316
8.13841986656	-1368
8.13901686668	-1368
8.13910794258	543
8.13945603371	-1368
8.13973999023	-1368
8.13993096352	-1368
8.14051508904	-1420
8.14053702354	-1316
8.14090299606	-1368
8.14149594307	-1368
8.14201998711	-1368
8.14222192764	543
8.14236307144	-1368
8.14263701439	-1368
8.14288401604	-1368
8.14325904846	-1420
8.14328193665	-1316
8.14335393906	-1368
8.1434969902	-1420
8.14350199699	-1316
8.14383602142	-1420
8.14384007454	-1316
8.14419007301	-1420
8.14419388771	-1420
8.14423108101	-1264
8.14454102516	-1420
8.14455986023	-1316
8.14480996132	-1420
8.14482903481	-1316
8.14701390266	-1420
8.14712285995	-1316
8.14712905884	-1420
8.14716887474	-1420
8.14717102051	-1264
8.14732694626	543
8.1474878788	543
8.14790892601	-1420
8.1479139328	-1316
8.14868593216	-1420
8.14869189262	-1316
8.14975690842	-1420
8.14976191521	-1316
8.15027308464	-1420
8.15027809143	-1420
8.1503200531	-1264
8.15032291412	-1420
8.15035700798	-1316
8.15044307709	543
8.15075087547	-1420
8.15075588226	-1316
8.15117692947	-1420
8.15118098259	-1420
8.15121793747	-1264
8.15147900581	-1420
8.1514980793	-1316
8.15174889565	-1420
8.15176701546	-1316
8.15210390091	-1420
8.1521229744	-1316
8.15258693695	-1420
8.1526260376	-1420
8.15262794495	-1264
8.15295100212	-1420
8.15295505524	-1316
8.1558110714	-1420
8.15581488609	-1316
8.15602302551	543
8.15618801117	-1420
8.15619087219	-1420
8.15622901917	-1218
8.15650486946	-1420
8.15652894974	-1316
8.15695405006	-1420
8.15699601173	-1316
8.15705895424	543
8.15797591209	-1420
8.15798187256	-1316
8.15847802162	-1420
8.15848302841	-1316
8.1585059166	-1368
8.15905094147	-1420
8.1590719223	-1316
8.15950608253	-1420
8.15952801704	-1316
8.16381692886	-1420
8.16386604309	-1420
8.16387009621	-1264
8.16391301155	-1420
8.16391587257	-1316
8.16395688057	-1368
8.16395998001	-1420
8.16399598122	-1316
8.16400003433	-1368
8.16413402557	-1420
8.16413593292	-1316
8.16417002678	-1368
8.17135691643	543
8.17180991173	-1420
8.17181587219	-1420
8.1718609333	-1264
8.17447209358	-1420
8.17451405525	-1420
8.17451691628	-1264
8.19132900238	-1368
8.22204208374	-1368
8.22218394279	543
8.23190402985	543
8.23209691048	543
8.23272204399	-1420
8.23272705078	-1420
8.23277306557	-1420
8.23277592659	-1420
8.23281908035	-1160
8.23282289505	-1420
8.23286104202	-1420
8.23286390305	-1264
8.2329480648	-1368
8.23295092583	-1420
8.23299002647	-1316
8.2332379818	-1420
8.23327898979	-1420
8.23328208923	-1264
8.23366498947	543
8.24380397797	-1420
8.24380993843	-1420
8.24385499954	-1264
8.24485492706	-1420
8.24488186836	-1316
8.24508595467	-1368
8.24812507629	543
8.25876092911	-1368
8.25886106491	543
8.25897502899	543
8.26163506508	543
8.26183390617	543
8.2625310421	543
8.27188801765	543
8.27207708359	543
8.27864098549	-587
8.31712794304	-543
8.41507291794	-1368
8.41616296768	-1368
8.41664409637	-1368
8.41852688789	-1368
8.42014694214	-1420
8.4201529026	-1420
8.42019701004	-86
8.42019987106	-1368
8.42096590996	-1368
8.42302393913	-1368
8.42325997353	-1368
8.42343497276	-1368
8.42681097984	-1420
8.42681908607	-1420
8.42687392235	-1264
8.42695903778	543
8.42750906944	-1420
8.42751502991	-1316
8.42814207077	-1368
8.42936587334	-1368
8.43037009239	-1368
8.4318048954	-1368
8.43288087845	-1420
8.43288707733	-1316
8.4336950779	-1368
8.43478488922	-1368
8.43490505219	-1368
8.43492603302	543
8.43706393242	-1368
8.43750286102	-1368
8.43899106979	-1368
8.44029688835	-1420
8.4403219223	-1316
8.44080090523	-1368
8.44147706032	-1368
8.44154191017	543
8.44163608551	-1368
8.44375896454	-1368
8.44505000114	-1368
8.44548487663	-1420
8.44551086426	-1316
8.44650006294	-1368
8.4469909668	-1368
8.44847297668	-1368
8.44971895218	-1368
8.45050692558	-1368
8.45225596428	-1368
8.45270299911	543
8.45288300514	543
8.45500397682	-1420
8.45500707626	-1316
8.45539307594	-1368
8.45596504211	-1368
8.45677900314	-1368
8.4592089653	-1368
8.46045899391	-1368
8.47013902664	-1368
8.47026205063	543
8.48735404015	543
8.52004408836	-1368
8.52055692673	-1420
8.52059602737	-1316
8.52060008049	-1420
8.52061605453	-1316
8.52070307732	-1420
8.52072286606	-1316
8.52081394196	-1368
8.52135705948	-1420
8.52136206627	-1316
8.52147603035	-1420
8.52148008347	-1316
8.52156305313	543
8.52172589302	-1420
8.52173089981	-1316
8.52355194092	-1420
8.52355599403	-1316
8.52371788025	-1420
8.52372193336	-1316
8.52380609512	-1368
8.52380800247	-1368
8.52606701851	-1368
8.52626800537	-1420
8.52629303932	-1316
8.52670001984	-1368
8.52866292	-1420
8.52866792679	-1316
8.52876901627	543
8.53790998459	-1368
8.54276490211	-817
8.57594609261	-1368
8.57640886307	-1420
8.57645988464	-1420
8.57646298409	-1264
8.57650494576	-1368
8.57674789429	-1368
8.57688188553	-1420
8.57688593864	-1420
8.57692289352	-1264
8.57730197906	-1420
8.57733392715	-1316
8.57773089409	-1420
8.57775187492	-1316
8.5777900219	-1368
8.57822203636	-1420
8.57822608948	-1316
8.57832407951	543
8.57844901085	-1368
8.57850289345	543
8.57866501808	-1420
8.57867002487	-1420
8.57870793343	-1264
8.57919502258	-1420
8.57921695709	-1316
8.57928586006	543
8.58000206947	-1368
8.58012294769	-1420
8.5801448822	-1316
8.58100700378	-1368
8.58139896393	-1368
8.5877559185	543
8.58801007271	-1420
8.58801388741	-1316
8.58812999725	-1368
8.58820104599	543
8.58839988708	543
8.58882188797	-1368
8.58895397186	543
8.5901389122	-1420
8.59014391899	-1316
8.5914580822	-1368
8.59258294106	-1368
8.5939950943	-1420
8.59399986267	-1420
8.59403991699	-1264
8.6009349823	-1368
8.60343790054	-1368
8.6044049263	-1368
8.60921692848	-1368
8.60962986946	543
8.61129403114	-1368
8.61194586754	-1420
8.61196899414	-1316
8.61489391327	-1420
8.61493802071	-1420
8.61494088173	-1264
8.61615586281	-1368
8.61796808243	-1368
8.62005591393	-1420
8.62006187439	-1316
8.62177991867	-1368
8.62596607208	-1368
8.62669992447	-1368
8.62686800957	-1368
8.62696194649	543
8.63014101982	-1368
8.63115096092	-1368
8.63327598572	-1420
8.63328099251	-1316
8.63335394859	543
8.63358688354	-1368
8.63625407219	-1368
8.63792109489	-1368
8.64197206497	-1368
8.64621901512	-1420
8.64622402191	-1316
8.647990942	-1368
8.65648889542	-1368
8.65682005882	543
8.66148495674	-1420
8.66148996353	-1316
8.66334104538	-1368
8.66477108002	-274
8.6648619175	543
8.66569685936	-1368
8.67472505569	-1368
8.67867803574	-1368
8.70711708069	543
8.70763707161	543
8.70783090591	1057
8.72764587402	-1368
8.78699994087	-298
8.79194998741	543
8.84587693214	-1368
8.88715696335	543
8.90631699562	-1420
8.90632891655	-1420
8.90638494492	-1420
8.90638804436	-1212
8.9064218998	-1368
8.90678691864	543
8.90698695183	543
8.90711092949	-1368
8.9072060585	543
8.90738892555	543
8.90811300278	-1368
8.91516304016	-1420
8.91521191597	-1420
8.91521501541	-840
8.91605496407	-1420
8.91606092453	-1316
8.9163069725	-1368
8.91678309441	-1368
8.91828799248	-1368
8.91835188866	543
8.91851687431	-1420
8.9185218811	-1316
8.91865801811	543
8.91935896873	-1368
8.92264389992	-1368
8.92340493202	-1368
8.92409300804	-1420
8.92411708832	-1316
8.92417407036	543
8.92520999908	-1420
8.92521595955	-1420
8.92525887489	-1264
8.92725896835	-1420
8.92728304863	-1316
8.92798399925	-1420
8.92800807953	-1316
8.9290189743	-1420
8.92904496193	-1316
8.92904901505	-1368
8.92936992645	-1420
8.92937493324	-1316
8.9302520752	-1420
8.93025588989	-1420
8.93029499054	-1264
8.93054103851	-1420
8.93058109283	-1420
8.93058395386	-1264
8.93109607697	-1368
8.93181204796	-1420
8.93183302879	-1316
8.93222403526	-1420
8.93226408958	-1420
8.93226695061	-1264
8.94612598419	-1368
8.96531391144	-1368
8.96615886688	-1420
8.96616387367	-1316
8.9670779705	-1368
8.96826601028	-1368
8.96878504753	-1368
8.97060704231	-1368
8.97096896172	-1368
8.97192406654	-1368
8.97386407852	-1420
8.97386789322	-1316
8.97399187088	543
8.97456097603	-1368
8.97503399849	-1368
8.97511005402	543
8.9761800766	-1368
8.97738909721	-1368
8.97765898705	-1368
8.9790520668	-1368
8.98034787178	-1420
8.9803519249	-1316
8.98085904121	-1368
8.98205590248	-1368
8.98295593262	-1368
8.98579096794	-1368
8.98618102074	-1368
8.98632502556	-1368
8.98669600487	-1420
8.98670101166	-1316
8.98852992058	-1368
8.98937296867	-1368
8.99014806747	-1368
8.99115896225	-1368
8.99127292633	543
8.99177789688	-1368
8.9942510128	-1420
8.99427604675	-1316
8.99546098709	-1420
8.99548602104	-1316
8.99635195732	-1368
8.99720191956	-1368
8.99801707268	-1368
8.99949097633	-1368
9.00145697594	-1420
9.00149703026	-1420
9.00149989128	-1264
9.00281906128	-1368
9.0034430027	-1368
9.00413298607	-1368
9.00607895851	-1420
9.00612306595	-1420
9.00612592697	-1264
9.0061609745	-1368
9.00628805161	543
9.01195406914	-1368
9.01211690903	543
9.02021288872	-1368
9.02321505547	-1368
9.02644109726	-1420
9.0264480114	-1316
9.02717208862	-1368
9.02914690971	-1368
9.03086495399	-1368
9.03428697586	-1368
9.03490591049	-1368
9.03735208511	-1368
9.03831005096	-1324
9.03976988792	-1368
9.04165697098	-1368
9.04259705544	-1368
9.04496097565	-1368
9.04507088661	543
9.04698991776	-1368
9.04890489578	-1368
9.05189990997	-1420
9.05190396309	-1316
9.05375790596	-1368
9.05500292778	-1368
9.05894207954	-1368
9.0599219799	-1368
9.06540489197	-1368
9.0656850338	-1368
9.06599092484	-1420
9.06599402428	-1316
9.06645989418	-1368
9.07025289536	-1368
9.07181286812	-1368
9.07368898392	-1368
9.07517194748	-1368
9.07637190819	-1368
9.07647395134	543
9.07943606377	-1420
9.07945108414	-1316
9.08151388168	-1368
9.08380794525	-1368
9.08543395996	-1368
9.08696699142	543
9.0876250267	-1368
9.08938407898	-1368
9.09020805359	-1420
9.09021306038	-1316
9.09335398674	-1368
9.09491491318	-1368
9.09722208977	-1368
9.09916901588	-1368
9.10183596611	-1368
9.10388088226	-1368
9.11321997643	-1420
9.11322903633	-1420
9.11327695847	-1264
9.11668300629	-1420
9.11671996117	-1316
9.11680388451	543
9.11965203285	-1420
9.11965799332	-1316
9.14867901802	-1368
9.15245199203	-1368
9.15353989601	-1368
9.15668797493	-1368
9.15795707703	-1368
9.15800690651	-1368
9.16205787659	-1296
9.1647810936	-1368
9.16637992859	-1368
9.16718101501	-1368
9.16729807854	-1368
9.16794109344	-1420
9.1679918766	-1316
9.16818404198	-1368
9.16828989983	543
9.1685628891	-1420
9.16856908798	-1316
9.1688349247	-1420
9.1688439846	-1420
9.16888809204	-1264
9.16924500465	-1420
9.16933107376	-1316
9.16933393478	-1368
9.16959190369	-1420
9.1695959568	-1316
9.16967797279	543
9.16982507706	-1368
9.16998100281	543
9.17016291618	-1368
9.17060494423	-1420
9.17062902451	-1316
9.17063188553	-1368
9.17172908783	-1420
9.17173409462	-1316
9.17181992531	543
9.17206597328	-1420
9.1720700264	-1316
9.17225193977	-1368
9.17283701897	-1368
9.17294692993	-1368
9.17309689522	543
9.17826795578	-1368
9.17889904976	-1420
9.1789329052	-1316
9.17950391769	-1368
9.18023109436	-1420
9.18023490906	-1420
9.18027591705	-1264
9.18077802658	-1420
9.18079805374	-1316
9.18362689018	-1368
9.1839568615	-1420
9.18396186829	-1316
9.18415188789	-1420
9.18415594101	-1420
9.18419694901	-1264
9.18459606171	-1368
9.18591690063	-1368
9.18639707565	-1368
9.18674397469	-1368
9.18710589409	543
9.18746399879	-1368
9.18768405914	-1368
9.1881980896	-1368
9.19438195229	-1420
9.19443106651	-1316
9.19443488121	-1368
9.19456601143	543
9.19479298592	-1420
9.19479608536	-1420
9.19483590126	-1264
9.1948390007	-1420
9.19487786293	-1316
9.19890403748	-1368
9.19963598251	-1368
9.19991588593	-1368
9.20028305054	-1368
9.20066905022	-1368
9.20094704628	-1420
9.20095205307	-1316
9.2017159462	-1368
9.20202708244	-1368
9.20247387886	-1368
9.20271205902	-1368
9.20279693604	543
9.20298886299	-1368
9.20319986343	-1368
9.20357298851	-1420
9.2035779953	-1420
9.20361804962	-1264
9.20378088951	-1368
9.20386385918	-1420
9.20386695862	-1316
9.20397305489	-1420
9.20397591591	-1316
9.20403790474	543
9.20421290398	-1420
9.20421600342	-1316
9.20440196991	-1420
9.20440506935	-1316
9.20479607582	-1420
9.20480108261	-1420
9.20481991768	-1264
9.20494294167	-1420
9.2049639225	-1316
9.20496606827	-1420
9.20498108864	-1316
9.20504999161	-1420
9.20507097244	-1316
9.20513296127	543
9.20645809174	543
9.2065320015	-1420
9.20653486252	-1420
9.206553936	-1264
9.20658493042	-1368
9.20665788651	-1368
9.20681905746	-1420
9.20685505867	-1420
9.20685791969	-1420
9.20687389374	-1212
9.2069170475	-1368
9.20881485939	-1420
9.20881986618	-1316
9.20913004875	-1368
9.20923399925	-1368
9.20935893059	-1368
9.20964193344	-1420
9.20966696739	-1420
9.20966887474	-1264
9.21043491364	-1368
9.21142888069	-1368
9.21343803406	-1368
9.21396994591	-1368
9.21405005455	543
9.21985292435	-1368
9.22133588791	-1368
9.22286605835	-1420
9.22287106514	-1420
9.22291493416	-1264
9.22360801697	-1368
9.22508907318	-1368
9.22745800018	-1368
9.22763705254	543
9.22813987732	543
9.22833395004	543
9.22975087166	-1368
9.23135685921	-1420
9.23139190674	-1316
9.23277997971	-1368
9.23543405533	-1368
9.246778965	-1368
9.2477478981	543
9.28712296486	-1159
9.28725504875	543
9.28753995895	543
9.40927004814	-543
9.45250988007	-1368
9.4541990757	-1420
9.45424604416	-1316
9.45500802994	-1420
9.45504808426	-1420
9.45504999161	-1264
9.45613098145	-1420
9.45613598824	-1316
9.45980095863	-1420
9.45980906487	-1316
9.46057701111	-1420
9.4605820179	-1316
9.46068406105	543
9.46182394028	-1368
9.46281194687	-1420
9.46284890175	-1316
9.46376204491	-1420
9.46380496025	-1420
9.46380805969	-1420
9.46384596825	-1212
9.46384906769	-1368
9.46396994591	543
9.46519088745	-1420
9.46520400047	-1420
9.4652428627	-1264
9.46524500847	-1420
9.46527886391	-1316
9.46560692787	-1420
9.46562886238	-1316
9.46563196182	-1368
9.46788692474	-1420
9.46789097786	-1316
9.46798491478	543
9.46884989738	-1420
9.46885490417	-1420
9.46889686584	-1264
9.47459888458	-1420
9.47462201118	-1316
9.47468304634	-1368
9.48153686523	-1420
9.48154497147	-1316
9.48167896271	543
9.49705886841	543
9.53624486923	-1368
9.53740596771	-1420
9.53746604919	-1316
9.53823399544	-1368
9.53901386261	-1368
9.54026699066	-1368
9.54136991501	-1368
9.54224205017	-1368
9.54333400726	-1420
9.54333901405	-1316
9.54412102699	-1368
9.54535698891	-1368
9.54592895508	-1368
9.54690694809	-1368
9.54849004745	-1368
9.54902005196	-1368
9.55084705353	-1420
9.55085301399	-1316
9.55095505714	543
9.55156707764	-1368
9.55183792114	-1368
9.55458593369	-1368
9.55514407158	-1368
9.56278204918	-1368
9.56344604492	-1368
9.56388306618	-1420
9.5638859272	-1316
9.56422901154	-1368
9.56445598602	-1368
9.57021594048	-1368
9.57074308395	-1368
9.57114195824	-1420
9.57114696503	-1420
9.5711889267	-734
9.57126688957	543
9.57147288322	-1420
9.57147693634	-1316
9.57155895233	-1368
9.57176399231	-1368
9.57206702232	-1420
9.57207202911	-1316
9.57222795486	-1420
9.57223105431	-1420
9.57226705551	-1264
9.57239508629	-1368
9.57348489761	543
9.57830905914	-1420
9.57832288742	-1316
9.57863807678	-1368
9.57902407646	-1420
9.57906293869	-1420
9.57906508446	-1264
9.5792350769	-1368
9.57940101624	-1420
9.57942795753	-1316
9.57971596718	-1368
9.57993102074	543
9.59736204147	-1420
9.59737801552	-1420
9.59743404388	-1264
9.63007497787	-1420
9.63014006615	-1420
9.63014507294	-1264
9.63017988205	-1368
9.63779091835	-1420
9.63785195351	-1420
9.63785505295	-1264
9.63789105415	-1368
9.63797903061	543
9.64220499992	-1368
9.6787250042	-1368
9.67935585976	-1420
9.67936205864	-1420
9.6794230938	-1264
9.67942595482	-1420
9.67947793007	-1316
9.67948102951	-1420
9.67952299118	-1316
9.67952609062	-1368
9.67983007431	-1420
9.6798350811	-1316
9.67999792099	-1420
9.68000197411	-1316
9.68003106117	-1368
9.68011808395	-1368
9.68019199371	543
9.68038702011	-1420
9.6803920269	-1420
9.6804420948	-1264
9.6804459095	-1368
9.69068789482	-1420
9.6906940937	-1316
9.69271302223	-1420
9.69271707535	-1316
9.69287490845	543
9.69355392456	-790
9.73129606247	543
9.74348807335	-1420
9.74350595474	-1420
9.74356198311	-1420
9.74356603622	-1420
9.74359989166	-1160
9.7436029911	-1368
9.75139808655	-1420
9.75141096115	-1420
9.75147199631	-1264
9.75268101692	-1368
9.76638197899	-1368
9.78043889999	-1368
9.79442596436	-1420
9.79444098473	-1316
9.8081099987	-1368
9.81937098503	-1368
9.82145404816	-1368
9.82172298431	-1368
9.83593606949	-1368
9.83656287193	-1420
9.83661198616	-1316
9.8376429081	-1368
9.83824706078	-1420
9.83825206757	-1316
9.83843493462	543
9.83943891525	-1420
9.83944606781	-1420
9.83947992325	-1264
9.84037208557	-1420
9.84043693542	-1420
9.84044003487	-1264
9.8404750824	-1368
9.84076094627	543
9.84107899666	-892
9.84723305702	-1368
9.8623509407	-1368
9.88953399658	-1368
9.90133404732	-1368
9.90266299248	-1420
9.90271306038	-1316
9.90685391426	-1368
9.91049098969	-1368
9.91370606422	-1368
9.91618490219	-1368
9.91847991943	-1368
9.92281699181	-1420
9.92284107208	-1316
9.92595386505	-1368
9.92828893661	-1368
9.93109703064	-1368
9.93194389343	-1368
9.93785595894	-1368
9.94042491913	-1368
9.94256186485	-1420
9.94257593155	-1316
9.9469139576	-1368
9.94717001915	543
9.94815301895	-1368
9.95402193069	-1368
9.95605397224	-1368
9.95902395248	-1368
9.96161007881	-1368
9.96337008476	-1420
9.96341204643	-1420
9.96341490746	-13
9.96614193916	-1368
9.96643686295	-1368
9.97067308426	-1368
9.972219944	-1368
9.973954916	-1368
9.97616100311	-1368
9.9762840271	543
9.9777328968	-1420
9.97774004936	-1316
9.9899559021	-1368
9.99157786369	-1368
9.99693202972	543
10.0857770443	-1002
10.2313139439	-1420
10.2313308716	-1420
10.2313909531	-787
10.2316820621	-1420
10.2316858768	-1316
10.2322869301	-1368
10.2359690666	543
10.2370178699	-1420
10.2370209694	-1316
10.2387650013	-1368
10.2403800488	-1420
10.2404270172	-1316
10.2544829845	-1368
10.3535499573	-1226
10.4758400917	-1057
10.4996020794	543
11.0032138824	543
11.2398340702	-543
11.6293890476	-1057
11.6319470406	1057
12.0019390583	543
12.0020589828	543
12.0453279018	-543
12.1718509197	-543
12.5584769249	-1420
12.5585360527	-151
12.572177887	-1420
12.5722448826	-1316
12.6807289124	-891
12.6935019493	543
12.7024719715	1057
14.2315890789	-543
14.626584053	-1057
14.6703920364	1057
14.7003400326	1460
14.7004380226	625
14.7259089947	1460
14.7259988785	625
14.7432320118	543
14.7547390461	543
14.8765120506	-543
15.0598859787	-1420
15.0599529743	-151
15.1125950813	-1368
15.1820590496	-1260
15.1847250462	1057
15.2465898991	1057
15.2574369907	-1368
15.2774679661	1057
15.3042590618	-746
15.3135159016	543
15.3371598721	1057
15.4379439354	-543
15.438833952	-1368
15.4396429062	-1420
15.4396469593	-1316
15.4398310184	-1420
15.4398360252	-1316
15.4504790306	-1420
15.4504919052	-1420
15.4505450726	-1264
15.4541230202	-1368
15.4618718624	543
15.5613079071	-1420
15.5613260269	-1420
15.5613808632	-1420
15.5613849163	-1212
15.5616009235	543
15.5618400574	-1420
15.5618438721	-1420
15.5618829727	-1264
15.5618860722	-1368
15.561989069	-1420
15.56199193	-1316
15.5620360374	-1420
15.5621099472	-1316
15.5727279186	-1420
15.5727388859	-1420
15.5727870464	-1420
15.5727899075	-1420
15.5728259087	-1420
15.5728280544	-1108
15.6163740158	-1420
15.6163899899	-1316
15.683562994	-1420
15.6835808754	-1420
15.6836419106	-1264
15.68364501	-1420
15.6836910248	-1420
15.6836938858	-1420
15.6837348938	-1420
15.6837379932	-1160
15.6839239597	543
15.6842579842	-1368
15.684388876	-1420
15.684429884	-1420
15.6844329834	-1420
15.6845400333	-1212
15.6845428944	-1420
15.6845879555	-1420
15.6845910549	-1264
15.6846339703	-1420
15.6846358776	-1420
15.6846780777	-1264
15.684679985	-1420
15.6847140789	-1420
15.6847159863	-1264
15.684748888	-1420
15.6847519875	-1316
15.6849489212	543
15.6950550079	-1420
15.6950619221	-1420
15.6951739788	-1420
15.6951770782	-1420
15.695223093	-1160
15.6952250004	-1368
15.6952669621	-1420
15.6952688694	-1420
15.6953039169	-1420
15.6953060627	-874
15.6953399181	-1420
15.6953420639	-1316
15.7018609047	543
15.7386770248	-1420
15.7386949062	-1420
15.7387630939	-1420
15.7387678623	-1212
15.7874729633	543
15.7877919674	1057
15.8059940338	-1420
15.8060078621	-1420
15.8060619831	-1264
15.8060650826	-1420
15.806098938	-1316
15.8062229156	-1420
15.8063399792	-1316
15.8063430786	-1420
15.8064599037	-1420
15.8064620495	-1264
15.8064980507	-1420
15.806499958	-1420
15.8065328598	-1264
15.8065359592	-1368
15.8066310883	-1420
15.8066339493	-1316
15.8067309856	-1420
15.806732893	-1420
15.8067688942	-1264
15.8119029999	543
15.8122620583	543
15.8158819675	-1368
15.8173670769	-1340
15.8305659294	-1368
15.8546850681	-1368
15.8565299511	-1368
15.8703680038	-1368
15.8861880302	-1368
15.9271020889	1057
15.9394390583	-501
16.090141058	-1057
16.1270229816	1057
16.2118980885	-1420
16.2119159698	-1420
16.2119688988	-1264
16.2120978832	-1420
16.2121379375	-1316
16.2122268677	-472
16.2123348713	-1368
16.2125020027	543
16.2127890587	-1420
16.2127940655	-1316
16.2128379345	-1420
16.2128400803	-1316
16.2132279873	-1420
16.2132329941	-1420
16.2132749557	-1264
16.2173929214	-1420
16.2174398899	-1420
16.2174429893	-1264
16.2187988758	-1420
16.2188029289	-1420
16.2188439369	-1264
16.2191100121	-1420
16.2191479206	-1316
16.2194268703	-1368
16.2199859619	-1420
16.2199890614	-1316
16.2201368809	-1420
16.220140934	-1316
16.2201690674	-1368
16.2202920914	543
16.2206048965	-1368
16.220678091	543
16.2696678638	-1420
16.2696869373	-1316
16.2813570499	-1420
16.281373024	-1420
16.2814290524	-1264
16.2952809334	-1368
16.3346450329	-399
16.4273569584	-1368
16.4296588898	-1368
16.4392409325	-1420
16.4393019676	-1316
16.4411830902	-1420
16.441188097	-1316
16.447026968	1057
16.4567279816	-1189
16.7546920776	-543
16.7552399635	-1368
16.7567660809	-1368
16.7617609501	-1368
16.7618610859	543
16.7620520592	-1368
16.762706995	-1368
16.7652299404	-1420
16.7652349472	-1420
16.7652769089	-1264
16.7695980072	-1368
16.7736079693	-1368
16.7737898827	-1368
16.7739059925	-1368
16.7819130421	-1368
16.8770930767	-554
17.5446078777	-543
18.1949648857	-543
18.4619710445	-543
18.4640948772	-1368
18.4650659561	-1368
18.4665138721	-1368
18.4671740532	-1368
18.4681210518	-1368
18.4689130783	-1368
18.4733970165	-1420
18.4734349251	-1420
18.4734539986	-1264
18.5843379498	-1420
18.5843970776	-1316
18.5848388672	543
18.5863099098	-1420
18.5863158703	-386
18.9514238834	-543
19.0005369186	543
19.0006110668	543
19.0006680489	543
