0	-543
0.364460945129	-543
0.648103952408	-543
2.02633285522	543
2.4694750309	-543
2.47589993477	543
2.91014194489	-1420
2.91015982628	-1420
2.91021895409	-787
2.91206693649	-1420
2.9121029377	-1316
2.91214895248	-1368
2.99124383926	-1420
2.99126195908	-1316
2.99324297905	-1368
3.02674484253	-1189
3.20625090599	-1420
3.20626783371	-1420
3.20632386208	-787
3.20784282684	-1420
3.20788598061	-1420
3.20788884163	-1264
3.22138690948	-1420
3.22139883041	-1316
3.2216219902	-1368
3.22211289406	-1420
3.22213888168	-1316
3.22225093842	-1368
3.2223470211	543
3.22381782532	-1420
3.22382283211	-1420
3.22386288643	-1264
3.32287287712	-807
3.33586287498	543
3.55241394043	-1420
3.55248403549	-1420
3.55252289772	-787
3.55438780785	-1420
3.55443382263	-1420
3.55447101593	-1264
3.56802892685	-1420
3.56809997559	-1420
3.56814599037	-1264
3.56934189796	-1420
3.56939196587	-1316
3.569439888	-1368
3.56957387924	543
3.57378292084	-1420
3.57379484177	-1420
3.57384681702	-1264
3.57470297813	-1420
3.5747358799	-1316
3.57473802567	-1368
3.57486081123	543
3.58190798759	-1420
3.58192491531	-1316
3.66897392273	-707
3.81295180321	-1420
3.81296896935	-1420
3.81302595139	-787
3.81482601166	-1420
3.81483101845	-1316
3.81487298012	-1368
3.82738089561	-1420
3.82738995552	-1420
3.82744598389	-1264
3.82818603516	-1420
3.82819080353	-1316
3.82825303078	-1368
3.82864499092	-1420
3.82864999771	-1316
3.82869100571	-1368
3.82881689072	543
3.82940793037	-1420
3.82941293716	-1316
3.8295378685	-1420
3.82954096794	-1420
3.8295788765	-1264
3.82977390289	-1368
3.8428478241	-1420
3.84285902977	-1316
3.84320497513	-1368
3.84471583366	-1420
3.8447599411	-1316
3.92948102951	-868
4.09476399422	-1420
4.09478187561	-151
4.09496283531	543
4.09769892693	-1420
4.09770393372	-1316
4.09968280792	-1420
4.09968781471	-1420
4.09972691536	-1264
4.1100590229	-1420
4.11011791229	-1420
4.11012196541	-1264
4.11027193069	543
4.11373901367	-1420
4.11374282837	-1420
4.11378598213	-1264
4.11402583122	-1368
4.11537384987	-1420
4.11537694931	-1316
4.11575198174	-1420
4.11575603485	-1420
4.11577296257	-1264
4.11758995056	-1420
4.11762785912	-1420
4.11763095856	-1264
4.1201839447	543
4.12492489815	-1420
4.12492990494	-1420
4.12497591972	-1264
4.12666201591	-1368
4.12729597092	-1420
4.12729883194	-1420
4.12733387947	-1264
4.12864589691	-1368
4.13440895081	543
4.17627692223	543
4.17671895027	543
4.17719101906	543
4.1941139698	-543
4.21121001244	-254
4.32943987846	543
4.60635089874	-543
4.6081469059	543
4.61060190201	1460
4.61066484451	1139
4.62933897972	-1420
4.62934684753	-1316
4.64153599739	-1420
4.64154195786	-1420
4.64158701897	-1264
4.65628480911	-1420
4.65636992455	-1420
4.65637493134	-1264
4.66878199577	-1420
4.66878700256	-1316
4.66895890236	-1368
4.68108987808	-1368
4.68128681183	543
4.68204092979	543
4.69362688065	-1420
4.69363689423	-1316
4.70799994469	-1420
4.70800590515	-1420
4.70807790756	-1264
4.71587181091	543
4.71794390678	-1420
4.71794986725	-1420
4.71801495552	-1264
4.72501683235	-1287
4.72572994232	-1420
4.72573280334	-1316
4.72742390633	-1368
4.74365782738	-1420
4.74373102188	-1420
4.7437338829	-1264
4.74879980087	-1420
4.7488079071	-1316
4.74883794785	-1368
4.7570309639	-1420
4.75708198547	-1316
4.7571978569	-1368
4.75731492043	543
4.76415395737	-1420
4.76417779922	-1316
4.76422786713	-1368
4.77753281593	-1368
4.78891992569	-1368
4.789083004	543
4.79090189934	-1420
4.79090690613	-1316
4.79103398323	543
4.79491281509	-1420
4.79491901398	-1420
4.79496598244	-1264
4.80041480064	-1420
4.80046200752	-1420
4.80046486855	-1264
4.8030629158	-1420
4.80306696892	-1316
4.80322480202	-1368
4.80513286591	-1368
4.8052418232	543
4.81181001663	-1420
4.81181883812	-1420
4.81188488007	-1264
4.81534290314	-1420
4.81538581848	-1316
4.81551289558	-1368
4.81637692451	543
4.8204369545	-1420
4.82044196129	-1316
4.82049894333	-1368
4.82450699806	-1420
4.82455682755	-1420
4.82456088066	-1264
4.83200192451	-1420
4.83200788498	-1420
4.83205199242	-1264
4.83459401131	-1420
4.834638834	-1420
4.83464193344	-1264
4.837059021	-1420
4.83706498146	-1316
4.83848690987	-1368
4.84148788452	-463
4.84285497665	-1420
4.84286093712	-1420
4.84290099144	-1264
4.8429980278	543
4.85533189774	-1368
4.85843086243	-1420
4.85847687721	-1316
4.86017680168	-1420
4.8602399826	-1420
4.86024284363	-1264
4.8654718399	-1420
4.86547994614	-1420
4.86554694176	-1264
4.86940789223	-1420
4.86947584152	-1420
4.86947989464	-1264
4.87684583664	543
4.87714290619	-1420
4.8771469593	-1420
4.87718892097	-1264
4.8772649765	543
4.87750697136	543
4.87790679932	543
4.88041687012	-1420
4.88042187691	-1420
4.88046598434	-1264
4.88788890839	-1368
4.88838481903	543
4.88906788826	-1420
4.88907289505	-1316
4.89200592041	-1420
4.89200997353	-1420
4.89205002785	-1264
4.89212799072	543
4.89614892006	-1420
4.8961558342	-1420
4.89621186256	-1264
4.90048789978	-1420
4.90053486824	-1420
4.90053796768	-1264
4.90108299255	543
4.90781188011	-1420
4.90781784058	-1420
4.90787792206	-1264
4.90997695923	-1420
4.91001582146	-1420
4.91001796722	-1264
4.91139984131	-1368
4.91347193718	-1420
4.91350984573	-1420
4.9135119915	-1264
4.91376590729	543
4.95838594437	-70
4.99298501015	-1420
4.99303483963	-1316
4.99741101265	-1368
5.00345802307	-1420
5.00346302986	-1420
5.00351595879	-1264
5.00595498085	-1420
5.00599789619	-1316
5.00832796097	-1368
5.01096391678	-1420
5.01096987724	-1316
5.01301288605	-1368
5.01314902306	543
5.01516985893	-1420
5.0151758194	-1316
5.01721286774	-1368
5.02181601524	-1420
5.0218629837	-1420
5.02186584473	-1264
5.02351093292	-1420
5.02351593971	-1316
5.02363491058	543
5.02496385574	-1368
5.02590680122	-1420
5.02595496178	-1316
5.02713298798	-1368
5.02860689163	-1420
5.02861094475	-1316
5.02960085869	-1368
5.03233981133	-1420
5.03234195709	-1420
5.03234291077	-1264
5.03254580498	543
5.03266000748	543
5.03309082985	-1420
5.03309392929	-1316
5.03399395943	-1368
5.03432393074	543
5.03537988663	-1368
5.03542494774	-1368
5.03675699234	-1368
5.03806686401	-1368
5.0381360054	-1368
5.0391459465	-1368
5.04231095314	-1420
5.04231595993	-1316
5.0751709938	-779
5.07537293434	543
5.11215996742	-1368
5.11242103577	1057
5.11275696754	543
5.14623689651	543
5.17617988586	543
5.17660593987	543
5.19196295738	-775
5.19213485718	543
5.19227099419	543
5.22938489914	543
5.26724696159	-1420
5.26725792885	-1316
5.2674369812	543
5.30508780479	-1420
5.30509495735	-1316
5.30856990814	-269
5.31189584732	543
5.31210184097	543
5.32718682289	-1420
5.32719397545	-1316
5.32980084419	-1420
5.32980680466	-1420
5.32985186577	-1264
5.33584690094	543
5.34823203087	-1368
5.34839582443	543
5.34955501556	-1420
5.3495619297	-1316
5.3512699604	-1420
5.35127592087	-1420
5.35132002831	-1264
5.35156583786	543
5.35173583031	543
5.35416102409	-1368
5.35702991486	543
5.39258098602	-1368
5.40301084518	543
5.41974496841	-1368
5.419921875	543
5.42207598686	-1420
5.42208194733	-1420
5.42211580276	-1264
5.42537283897	-707
5.42563390732	543
5.42600989342	-1420
5.42601490021	-1316
5.42682695389	-1368
5.43774294853	-1420
5.4377758503	-1316
5.43938994408	-1368
5.51883983612	-1420
5.51885795593	-1420
5.51892185211	-1264
5.5191450119	543
5.52187585831	543
5.52690696716	-1368
5.53286600113	-1420
5.53291893005	-1316
5.53912401199	-1420
5.53912997246	-1420
5.53913092613	-1264
5.53921294212	-1368
5.54182100296	-19
5.54332900047	-1420
5.54333496094	-1420
5.54337882996	-1264
5.55762195587	-1420
5.55766701698	-1316
5.56900191307	-1420
5.56904983521	-1316
5.57586097717	543
5.58398199081	-1368
5.58803701401	543
5.58822584152	543
5.60797286034	-1368
5.61262202263	-1368
5.61316895485	543
5.6142168045	543
5.6569609642	-1368
5.6584918499	-662
5.65867900848	543
5.65882301331	543
5.66814994812	1460
5.66828680038	111
5.67033100128	543
5.67080593109	543
5.67609882355	543
5.69209599495	-1420
5.69210290909	-1316
5.69413900375	-1368
5.7127289772	-1420
5.71278882027	-1316
5.71418881416	-1420
5.71421384811	-1420
5.71421599388	-1264
5.71571183205	-1420
5.71571803093	-1420
5.71577596664	-1420
5.71577882767	-1212
5.71582198143	-1368
5.71646595001	-1368
5.71965003014	-1420
5.71965384483	-1316
5.71995186806	-1368
5.72076296806	-1420
5.72080898285	-1316
5.72125983238	-1368
5.72226500511	543
5.73059892654	-1420
5.73060798645	-1420
5.73065590858	-1264
5.7435798645	-1420
5.74365282059	-1316
5.75695800781	543
5.75721597672	543
5.76873493195	-1420
5.76874089241	-1316
5.77065396309	-1420
5.7706580162	-1420
5.77069592476	-1264
5.77595591545	-1116
5.78266382217	-1420
5.78267002106	-1316
5.78397989273	-1368
5.79585695267	543
5.80575489998	-1420
5.80575990677	-1420
5.80580401421	-1264
5.81151294708	-1420
5.81155991554	-1420
5.81156301498	-1264
5.81210589409	-1420
5.8121099472	-1420
5.81212902069	-1264
5.81254792213	-1420
5.81258702278	-1316
5.81268787384	543
5.81281089783	-1368
5.81335783005	-1420
5.813382864	-1420
5.81338596344	-1264
5.81825494766	-1420
5.81826400757	-1316
5.81831002235	-1368
5.81901097298	-1368
5.81911683083	-1420
5.81911993027	-1316
5.82243990898	-1420
5.8224439621	-1420
5.82248187065	-1420
5.82248401642	-1212
5.82251787186	-1420
5.82252192497	-1420
5.8225569725	-1264
5.8227159977	543
5.82933282852	-1420
5.82936000824	-1420
5.82940888405	-1264
5.82941102982	-1368
5.82991099358	-1420
5.8299138546	-1420
5.82995486259	-1264
5.82998490334	-1368
5.83590292931	543
5.83781099319	-1368
5.83791089058	-1420
5.83795881271	-1316
5.83912682533	-1368
5.84038186073	543
5.86127996445	543
5.87422680855	-1368
5.87446093559	543
5.8776819706	543
5.89254999161	-244
6.00730895996	-1368
6.00753283501	543
6.00960993767	-1289
6.00972080231	543
6.01001691818	543
6.03951191902	-1420
6.03952884674	-1420
6.03957891464	-1264
6.04852890968	-1420
6.04857492447	-1420
6.04857802391	-1264
6.05118489265	-1420
6.05118989944	-1420
6.05122900009	-1264
6.05217480659	-1420
6.05220794678	-1316
6.05296492577	-1368
6.05404996872	-1420
6.05405592918	-1316
6.05467200279	-1368
6.05571699142	-1420
6.05577492714	-1316
6.05628681183	-1368
6.05746889114	-1420
6.05747199059	-1420
6.05750894547	-1264
6.0577788353	-1420
6.05779695511	-1316
6.05839085579	-1368
6.05912899971	-1420
6.05913281441	-1420
6.05915093422	-1264
6.06039881706	543
6.06046581268	-1420
6.0604698658	-1420
6.06048798561	-1264
6.0621650219	-1420
6.06221199036	-1420
6.06221485138	-1264
6.06275987625	-1420
6.06276488304	-1316
6.06280398369	-1368
6.06419801712	-1420
6.06425786018	-1420
6.06426095963	-1264
6.06452798843	-1420
6.06453299522	-1420
6.06457281113	-1264
6.06464290619	543
6.06529283524	-1368
6.06548500061	-1420
6.06550693512	-1316
6.06746482849	-1420
6.06748986244	-1316
6.06825995445	-1420
6.06830382347	-1316
6.06837201118	543
6.0685968399	-1420
6.06860089302	-1420
6.06862282753	-1264
6.06888890266	-1420
6.0689098835	-1316
6.06916379929	-1368
6.07551598549	-1368
6.08096981049	-1368
6.0819208622	-1420
6.08192682266	-1316
6.08204698563	-1368
6.08326983452	-1420
6.08329701424	-1420
6.08329987526	-1264
6.08448982239	-1420
6.08449482918	-1420
6.08453702927	-1264
6.08618187904	-1420
6.08624887466	-1420
6.08625197411	-1264
6.08651685715	-1368
6.0868909359	-1368
6.08705282211	-1368
6.08726787567	-1420
6.08728694916	-1316
6.08738303185	-1368
6.08750295639	-1368
6.09600186348	543
6.0961868763	543
6.12256598473	-1368
6.12615299225	-941
6.13101387024	-543
6.15937185287	543
6.15960001945	543
6.20915794373	543
6.23665881157	-1420
6.23667788506	-1316
6.24288892746	-891
6.25150299072	-1368
6.25917291641	543
6.33267593384	-1368
6.33933496475	543
6.35099482536	-1420
6.35104298592	-1316
6.35216593742	-1420
6.35222196579	-1420
6.35222482681	-1264
6.35260987282	-1420
6.35261297226	-1420
6.35265302658	-1264
6.3526558876	-1368
6.35282588005	-1420
6.35282897949	-1316
6.35289788246	-1368
6.35637283325	-1420
6.35641980171	-1420
6.35642290115	-1264
6.35719799995	-1420
6.35720396042	-1420
6.35724592209	-1264
6.35795903206	-1420
6.35799980164	-1316
6.35833692551	-1420
6.35835695267	-1420
6.35835886002	-1264
6.35874080658	-1420
6.35874390602	-1316
6.35880303383	-1420
6.35880589485	-1316
6.3591170311	-1420
6.35912084579	-1420
6.35913991928	-1264
6.35918593407	-1420
6.35918903351	-1316
6.3593108654	-1420
6.35931396484	-537
6.3597009182	-1368
6.35980391502	-1420
6.35980582237	-1316
6.36012196541	-1420
6.36012482643	-1316
6.36031293869	-1368
6.36064481735	543
6.36076283455	543
6.36369490623	-1420
6.36370182037	-1420
6.36374497414	-1264
6.36494398117	-1420
6.36498880386	-1420
6.36499190331	-1264
6.36529397964	-1420
6.36529684067	-1316
6.36545181274	-1368
6.36576294899	-1420
6.36580085754	-1420
6.36580300331	-1264
6.36661696434	-1420
6.36662101746	-1420
6.36665701866	-1264
6.36684298515	-1368
6.36688995361	-1420
6.36689186096	-1316
6.3677740097	-1420
6.36777687073	-1420
6.3677778244	-1264
6.36862683296	543
6.37457990646	-1420
6.37459588051	-1420
6.37465000153	-1264
6.37552285194	-1420
6.37556791306	-1420
6.3755710125	-1264
6.37560892105	-1368
6.38617396355	-1420
6.38620996475	-1420
6.38621282578	-1264
6.47620391846	-1024
6.47637891769	543
6.51319098473	-1420
6.51320695877	-1316
6.51352787018	-1420
6.51353287697	-1420
6.51357603073	-1264
6.51469087601	-1420
6.51471781731	-1316
6.51475381851	-1368
6.51512289047	-1420
6.51512789726	-1420
6.5151720047	-1264
6.5157790184	-1368
6.51613783836	-1420
6.51614189148	-1316
6.5161819458	-1420
6.51623487473	-1316
6.51635193825	-1368
6.51640796661	543
6.51699185371	-1420
6.51699590683	-1316
6.51726698875	-1368
6.51866793633	-1420
6.51871299744	-1420
6.51871681213	-1420
6.51875495911	-1212
6.51940393448	-1420
6.51944589615	-1420
6.51944899559	-1264
6.51962089539	-1420
6.5196249485	-1316
6.51968097687	-1368
6.52053499222	-1420
6.52057600021	-1316
6.52072691917	-1368
6.52081203461	543
6.52217197418	-1420
6.52217888832	-1316
6.5223429203	-1368
6.52326798439	-1420
6.52331089973	-1420
6.52331280708	-1420
6.52334880829	-1420
6.52335095406	-1160
6.52341294289	-1368
6.52346801758	543
6.52425694466	-1420
6.52426099777	-1420
6.52429986	-1264
6.52973985672	-1420
6.52980089188	-1316
6.52980399132	-1368
6.59014987946	-1368
6.59263086319	-231
6.65099096298	-1420
6.65101003647	-1316
6.65122580528	-1420
6.65123200417	-1420
6.65127301216	-1264
6.65242481232	-1420
6.6524720192	-1420
6.65247488022	-1264
6.65259194374	543
6.65327787399	-1420
6.65328383446	-1420
6.6533229351	-1264
6.65389490128	-1368
6.65428090096	-1420
6.6542840004	-1316
6.65453290939	-1420
6.65453600883	-1420
6.65455389023	-1264
6.6791768074	543
6.69270682335	-1368
6.69943380356	-1420
6.6995010376	-1420
6.69950485229	-1264
6.70655989647	543
6.7091319561	-433
6.71586894989	543
6.84126496315	-1420
6.84128189087	-1420
6.84133887291	-787
6.8561809063	-1420
6.85624194145	-1316
6.85830593109	-1368
6.85843491554	543
6.88033390045	-1368
6.88361692429	-1420
6.88370299339	-1420
6.88370585442	-1264
6.8837518692	-1420
6.88375496864	-1420
6.8837928772	-1264
6.88503789902	-1420
6.8850839138	-1420
6.88508701324	-1264
6.88540482521	-1420
6.885409832	-1316
6.88553190231	-1368
6.88604688644	-1368
6.88651394844	-1420
6.88651895523	-1316
6.88663387299	-1368
6.88668584824	543
6.88702082634	-1420
6.88702583313	-1316
6.88770484924	-1420
6.88770985603	-1420
6.88775086403	-1264
6.89541292191	-1420
6.89546489716	-1420
6.89546895027	-1264
6.95787882805	-1311
6.99217295647	-1420
6.99224185944	-1316
6.99614787102	-1420
6.99623203278	-1420
6.99623680115	-1264
7.0003619194	-1420
7.00036597252	-1420
7.00040793419	-1264
7.00385284424	-1420
7.00389695168	-1420
7.0038998127	-1264
7.00403785706	543
7.00950980186	-1420
7.00951886177	-1420
7.00956702232	-1264
7.00966286659	543
7.02273988724	-1368
7.07459187508	-815
7.07643985748	543
7.09514594078	-1420
7.0951628685	-1316
7.10982394218	-1368
7.1912779808	-66
7.19587898254	-1420
7.19588589668	-1316
7.19748401642	-1420
7.19748783112	-1420
7.19752693176	-1264
7.20619082451	543
7.21117782593	-1420
7.21118402481	-1420
7.2112288475	-1264
7.21244287491	-1368
7.21254491806	543
7.30802989006	-712
7.34600996971	543
7.43596482277	543
7.44916081429	-1420
7.44917297363	-1420
7.44923400879	-787
7.45036482811	-1420
7.45038795471	-1420
7.45039081573	-1420
7.45041680336	-1420
7.45041894913	-1160
7.45043683052	-1368
7.45086097717	-1420
7.45090794563	-1316
7.45090985298	-1368
7.4524769783	-1420
7.45248198509	-1420
7.45250082016	-1264
7.45293188095	-1420
7.45293498039	-1420
7.45293688774	-1264
7.45323801041	-1420
7.45324087143	-1316
7.45359683037	-1368
7.45613884926	-1420
7.4561419487	-1316
7.4564948082	-1368
7.45675587654	543
7.4570608139	543
7.46438288689	-1420
7.46438884735	-1420
7.46443486214	-1264
7.46456098557	-1368
7.46598982811	-1420
7.46599388123	-1420
7.46601390839	-1264
7.46604990959	-1420
7.46606898308	-1316
7.46611690521	-1368
7.46627902985	-1368
7.46639990807	-1420
7.46643686295	-1316
7.46700787544	-1420
7.4670279026	-1420
7.46703100204	-1420
7.46703195572	-1212
7.46838903427	-1420
7.46839189529	-1316
7.46857500076	543
7.46903991699	543
7.46920800209	543
7.46937084198	543
7.46953487396	543
7.53598690033	543
7.53653883934	543
7.56584000587	-4
7.60267686844	543
7.60293102264	543
7.60350894928	543
7.68351387978	-543
7.68371701241	543
7.73945879936	-1420
7.73947501183	-1316
7.75900793076	-1368
7.76099181175	-1420
7.76104688644	-1316
7.76311397552	543
7.77549099922	-1420
7.77550983429	-1420
7.7755689621	-1264
7.80018091202	-509
7.82264184952	-1420
7.82265901566	-1316
7.83739185333	-1420
7.83740496635	-1420
7.8374569416	-1264
7.83757400513	543
7.89204597473	-1420
7.89206385612	-1316
7.91697382927	-1305
7.91712284088	543
7.91741800308	543
8.01081585884	-1420
8.01083397865	-1420
8.01089096069	-1264
8.01323699951	-1420
8.01328396797	-1316
8.01505088806	-1368
8.01674890518	-1420
8.0167529583	-1316
8.0170648098	543
8.01846599579	-1420
8.01847195625	-1420
8.01851391792	-1264
8.02267289162	-1420
8.02272081375	-1316
8.02448701859	-1420
8.02452802658	-1316
8.03352689743	-1329
8.03931283951	543
8.06249690056	543
8.15013885498	-1086
8.15035581589	543
8.15063595772	543
8.31892180443	-1420
8.31894183159	-1420
8.31901502609	-787
8.32076382637	-1420
8.32081484795	-1420
8.32081890106	-1264
8.3330488205	-1420
8.33306384087	-1316
8.3560128212	-1420
8.35602998734	-1316
8.36917591095	-1420
8.36919093132	-1316
8.38592290878	-1420
8.38597893715	-1316
8.38915681839	543
8.43525695801	-32
8.43539595604	543
8.4456589222	543
8.50311994553	543
8.51379179955	543
8.51400279999	543
8.51417589188	543
8.52326583862	543
8.53586292267	543
8.59521985054	-1420
8.59523582458	-1316
8.59528183937	-891
8.59643602371	-1420
8.59647893906	-1316
8.59649991989	-1368
8.59713196754	-1420
8.59713697433	-1316
8.59725499153	-1368
8.59733390808	1057
8.59747290611	-1420
8.5974779129	-1316
8.59751987457	-1368
8.59977483749	-1420
8.59981894493	-1420
8.59982180595	-1264
8.61007094383	-1420
8.61009287834	-1316
8.61029791832	-1368
8.61059188843	-1420
8.61063599586	-1316
8.61071300507	-1368
8.61091780663	-1420
8.61092185974	-1316
8.61120986938	-1368
8.61168289185	-1420
8.61172699928	-1420
8.61172986031	-1264
8.6120288372	-1420
8.61203384399	-1420
8.61207580566	-1264
8.61231398582	-1420
8.61235785484	-1420
8.61236095428	-1264
8.6128218174	-1420
8.61282682419	-1420
8.61284780502	-1264
8.6129360199	543
8.6134519577	-1368
8.64918780327	543
8.65785288811	-1368
8.65796399117	-1368
8.65958285332	-1420
8.65959095955	-1316
8.65970993042	543
8.674669981	-1420
8.67468094826	-1420
8.67473196983	-1264
8.67644500732	-1368
8.68117690086	-1420
8.68118286133	-1420
8.68122696877	-1264
8.68140888214	-1420
8.68143486977	-1316
8.68151593208	1057
8.68552684784	-1368
8.6856648922	543
8.68627691269	-1420
8.68628191948	-1420
8.68630385399	-1264
8.68800783157	-1368
8.68846082687	-1420
8.68846583366	-1420
8.68850588799	-1264
8.68864202499	543
8.68875384331	-1420
8.6887588501	-1316
8.68935084343	-1368
8.69039702415	-1420
8.69041895866	-1316
8.69116902351	-1368
8.69164681435	-1368
8.69630694389	-1420
8.69634890556	-1420
8.69635295868	-1264
8.69664287567	-1420
8.69664788246	-1420
8.69668889046	-1264
8.6967549324	543
8.69698190689	-1420
8.69698691368	-1316
8.69724988937	-1420
8.69725489616	-1316
8.69731497765	-1420
8.69731783867	-1420
8.69735789299	-1264
8.69735980034	-1368
8.69742703438	-1420
8.69743084908	-1316
8.6975479126	-1368
8.70562791824	543
8.70587801933	543
8.70911693573	-1368
8.71323800087	-1036
8.71331381798	543
8.71910381317	543
8.73957800865	-1420
8.73959493637	-1316
8.74005579948	-1420
8.74006080627	-1316
8.74012589455	-1368
8.74022984505	543
8.74173903465	-1420
8.74174189568	-1420
8.74177980423	-1264
8.74389791489	-1420
8.74393701553	-1420
8.74393892288	-1264
8.74421286583	-1368
8.74438881874	543
8.74799394608	-1420
8.74799895287	-1316
8.75418901443	-1420
8.7541949749	-1420
8.75423789024	-1264
8.75812101364	543
8.81718492508	-1420
8.8172018528	-1420
8.81725883484	-1264
8.83177900314	543
8.83219003677	-1420
8.83219385147	-1420
8.832228899	-1264
8.84928393364	-1420
8.84935188293	-1420
8.84935593605	-1420
8.84939599037	-1420
8.84939885139	-1420
8.84943699837	-1108
8.84999680519	-1420
8.85003995895	-1420
8.85004281998	-1264
8.85325884819	-1420
8.8532679081	-1420
8.85331702232	-1264
8.8540019989	-1420
8.85404682159	-1420
8.85404896736	-1264
8.85432696342	-1420
8.85432982445	-1420
8.85436582565	-1264
8.85529184341	-1420
8.85531783104	-1420
8.85532093048	-1264
8.8559679985	-1368
8.85605502129	-1368
8.85633087158	-1420
8.85633587837	-200
8.85687994957	-1420
8.8568918705	-1420
8.85689401627	-1264
8.85709500313	543
8.8572409153	543
8.85739803314	543
8.86487102509	-1420
8.86487603188	-1316
8.86494398117	-1368
8.86746692657	-1420
8.86751198769	-1420
8.86751484871	-1264
8.86993098259	-1420
8.86993789673	-1420
8.86998796463	-1264
8.87007403374	543
8.8761138916	-1420
8.87612700462	-1420
8.87616491318	-1264
8.87646794319	543
8.87721681595	-1368
8.87744092941	-1368
8.87766385078	-1368
8.87891387939	-1420
8.87895488739	-1420
8.87895798683	-1264
8.87997293472	-1420
8.87997698784	-1420
8.88001680374	-1264
8.88086485863	-1420
8.88089179993	-1420
8.88089489937	-1264
8.88127303123	-1420
8.88127684593	-1420
8.88131594658	-1264
8.881939888	-1420
8.88196992874	-1316
8.88197183609	-1368
8.8820579052	543
8.8826789856	-1420
8.88268280029	-1316
8.8828098774	-1368
8.88326001167	-1368
8.88334798813	543
8.88368201256	-1368
8.88408899307	-1420
8.8841149807	-1316
8.88440680504	-1420
8.8844499588	-1420
8.88445186615	-1264
8.88473701477	543
8.88486981392	-1420
8.88487386703	-1316
8.88507699966	-1368
8.88508200645	-1420
8.88510084152	-1316
8.88515782356	-1368
8.88527488708	-1368
8.88548588753	-1420
8.88551092148	-1316
8.88551402092	-1368
8.88562703133	-1420
8.88563084602	-1316
8.8858268261	-1368
8.88592195511	-1420
8.88596701622	-1316
8.88599181175	543
8.886302948	-1420
8.88630890846	-1316
8.88633680344	-1368
8.88652396202	-1368
8.88704299927	-1420
8.88704800606	-1420
8.88708591461	-1264
8.88717699051	-1420
8.88721680641	-1316
8.88735103607	-1368
8.88760185242	-1420
8.88760590553	-1316
8.88770389557	543
8.88774299622	-1368
8.88790798187	-1368
8.88792991638	-1368
8.8883228302	-1368
8.88841700554	543
8.88870286942	-1368
8.94307780266	543
8.97305703163	-1194
9.00030589104	-1420
9.00032091141	-1420
9.00038480759	-1264
9.00284790993	1057
9.00544786453	-1420
9.00545501709	-1316
9.0095808506	-1368
9.01329302788	-1420
9.01333880424	-1316
9.01608085632	-1368
9.01874279976	-1368
9.01880788803	-1368
9.02240896225	-1368
9.02737498283	-1420
9.02742481232	-1420
9.02742791176	-1264
9.0294380188	-1420
9.02944302559	-1316
9.03138303757	-1368
9.03421902657	-1420
9.03426098824	-1316
9.03723096848	-1368
9.03952980042	-1420
9.03953385353	-1316
9.04126000404	543
9.04356384277	-1368
9.05108785629	-1420
9.05116796494	-1420
9.05117201805	-1264
9.05430698395	-1420
9.0543179512	-1420
9.05436897278	-1264
9.05843782425	-1420
9.05849981308	-1420
9.05850291252	-1264
9.06248903275	-1420
9.06250095367	-1420
9.06254887581	-1264
9.0627758503	543
9.07000088692	-1420
9.07001399994	-1420
9.07006788254	-1264
9.07163691521	-1420
9.07165884972	-1420
9.07166099548	-1264
9.07599687576	543
9.07842183113	-1368
9.07863593102	-1420
9.07868099213	-1316
9.08154392242	-1420
9.08158588409	-1420
9.08158898354	-1264
9.08537101746	-1368
9.08712601662	-1368
9.08975791931	-434
9.09125995636	543
9.12966299057	-1420
9.12968087196	-1316
9.15977096558	-1368
9.15995597839	-565
9.16108489037	-1420
9.16113400459	-1420
9.16113591194	-1264
9.16117191315	-1420
9.16117501259	-1420
9.16121101379	-1264
9.16141200066	543
9.17377495766	-1420
9.1737909317	-1316
9.17425394058	-1420
9.17425894737	-1420
9.17429995537	-1264
9.17436385155	-1420
9.17440080643	-1316
9.17454099655	-1368
9.17548894882	-1368
9.17559289932	-1368
9.1758108139	-1368
9.1758749485	-1420
9.17591381073	-1316
9.17591691017	-1368
9.17920899391	543
9.18150687218	-1420
9.18151402473	-1420
9.18155789375	-1264
9.18163490295	-1420
9.18167090416	-1316
9.18206381798	-1368
9.18244695663	-1420
9.18244981766	-1316
9.18266582489	-1368
9.18282103539	-1420
9.18283891678	-1316
9.18308997154	-1368
9.18442797661	543
9.18481898308	543
9.20654082298	-1074
9.23458600044	-543
9.29598999023	543
9.29622483253	543
9.33592796326	543
9.3360388279	543
9.34917998314	543
9.54710388184	-543
9.54732894897	1057
9.55992102623	-1420
9.55993199348	-1316
9.57370996475	-1420
9.57372188568	-1420
9.57377481461	-1264
9.57971692085	-1420
9.57975482941	-1420
9.57975792885	-1264
9.5830488205	-1368
9.58816885948	-1368
9.5896589756	-1368
9.59002685547	-1420
9.5900478363	-1316
9.59178686142	-1420
9.59180688858	-1316
9.59184193611	-1368
9.59256482124	543
9.5927438736	543
9.59441781044	543
9.60952496529	-1368
9.61067795753	-1420
9.61071491241	-1420
9.61071801186	-1264
9.61146783829	-1420
9.61147403717	-1316
9.61215186119	-1368
9.6129488945	-1420
9.61299586296	-1316
9.61312580109	543
9.61351585388	-1368
9.61392188072	-1420
9.6139729023	-1420
9.61397600174	-1264
9.61410093307	-1420
9.61410403252	-1316
9.6142168045	-1368
9.62029480934	543
9.62049603462	543
9.62065792084	543
9.62077593803	-1368
9.62267684937	-1420
9.62272596359	-1420
9.62272882462	-1264
9.62282991409	543
9.62313199043	-1420
9.62313580513	-1420
9.62317585945	-1264
9.62398195267	-1420
9.62402391434	-1420
9.62402701378	-1264
9.62493681908	-1420
9.62494087219	-1420
9.62498283386	-1264
9.62930989265	-1368
9.63063192368	-1420
9.63063788414	-1316
9.63142490387	-1420
9.63142991066	-1316
9.6314868927	-1368
9.63218092918	-1420
9.63223600388	-1420
9.6322388649	-1264
9.63368082047	-1420
9.63368701935	-1420
9.63372993469	-1264
9.63425683975	-1368
9.63526082039	543
9.63798189163	-1420
9.63799190521	-1316
9.63972902298	-1368
9.64171290398	543
9.67632603645	-495
9.8595058918	-1420
9.85952281952	-151
9.88330698013	543
9.88387799263	543
9.89054703712	-1420
9.89055585861	-1316
9.89698600769	-1420
9.89699482918	-1420
9.89704298973	-1264
9.89804697037	-1420
9.89809393883	-1316
9.89809679985	-1420
9.89814090729	-1420
9.89814400673	-1264
9.89857697487	-1368
9.89874196053	-1420
9.89878487587	-1316
9.89878797531	-1368
9.89896392822	-1420
9.8989880085	-1316
9.89913487434	-1368
9.89993000031	-1420
9.89997982979	-1420
9.89998292923	-1264
9.90026092529	-1420
9.90026593208	-1316
9.9009180069	-1368
9.90510702133	-1420
9.90513181686	-1316
9.90549182892	-1368
9.90559101105	543
9.90648293495	-1368
9.93924093246	543
9.97589492798	-536
9.98954296112	-1420
9.98961997032	-1420
9.98962497711	-1264
9.99137592316	-1420
9.99137997627	-1316
9.99318289757	-1368
9.99416995049	-1420
9.99419689178	-1316
10.0007889271	-1368
10.000921011	1057
10.0091018677	543
10.0374619961	-1420
10.0374798775	-1316
10.0405058861	-1420
10.0405139923	-1316
10.0405578613	-1368
10.0427868366	-1420
10.0428388119	-1420
10.0428419113	-1264
10.0448110104	-1420
10.0448188782	-1420
10.0448679924	-1264
10.0489959717	-1368
10.0504419804	-1420
10.0504498482	-1316
10.0556159019	-1420
10.0556309223	-1420
10.0556910038	-1264
10.057600975	-1368
10.0585138798	543
10.0600509644	-1420
10.0600559711	-1316
10.0603218079	-1368
10.0616118908	-1420
10.0616538525	-1420
10.0616559982	-1264
10.0668020248	543
10.0672879219	-1420
10.0672929287	-1420
10.0673158169	-1264
10.0691637993	-1368
10.0918059349	-1420
10.0918209553	-1420
10.0918838978	-1264
10.0927929878	-1420
10.0928189754	-1316
10.0928218365	-1368
10.093708992	-1420
10.0937139988	-1420
10.0937559605	-1264
10.0991039276	543
10.0994229317	-1420
10.0994279385	-1420
10.0994708538	-1264
10.0995538235	543
10.101706028	-1420
10.1017119884	-1420
10.1017370224	-1264
10.1019999981	-1368
10.1022148132	-1420
10.10221982	-1316
10.1038370132	-1420
10.1038408279	-1420
10.1038799286	-1264
10.1059179306	-885
10.1067140102	-1420
10.1067178249	-1316
10.1067810059	-1368
10.1078608036	-1420
10.1078979969	-1420
10.1079008579	-1264
10.1081218719	543
10.108258009	543
10.1085028648	-1420
10.1085078716	-1316
10.1086149216	-1368
10.1101539135	-1420
10.1102030277	-1316
10.1480610371	543
10.1821599007	-1420
10.182174921	-1420
10.1822319031	-1264
10.1846318245	-1420
10.1846740246	-1316
10.1858229637	-1368
10.1859109402	-1420
10.1859138012	-1316
10.1864128113	-1420
10.1864159107	-1420
10.1864528656	-1264
10.1879768372	-1420
10.1879968643	-1316
10.1880428791	-1368
10.1881799698	-1368
10.1884269714	-1420
10.1884298325	-1316
10.1890330315	543
10.1910028458	-1420
10.1910099983	-1420
10.1910328865	-1264
10.1911079884	1057
10.1979799271	-1420
10.197988987	-1420
10.1980400085	-1264
10.2129929066	-543
10.2232680321	-328
10.3351118565	-1420
10.3351290226	-1420
10.3351929188	-1420
10.3351969719	-1420
10.3352398872	-1160
10.3369429111	-1368
10.339236021	-1420
10.3392419815	-1316
10.3395049572	-1420
10.339509964	-1316
10.3395519257	-1368
10.3406100273	-1420
10.3406558037	-1420
10.3406589031	-1264
10.3411359787	-1420
10.3411388397	-1420
10.3411588669	-1264
10.3417019844	-1420
10.341739893	-1420
10.3417418003	-1264
10.3429279327	-1368
10.3432219028	-1420
10.34324193	-1420
10.3432450294	-1420
10.3432610035	-1420
10.3432629108	-1160
10.3436160088	-1420
10.3436188698	-1420
10.3436210155	-1264
10.3439159393	-1420
10.3439188004	-1420
10.3439199924	-1264
10.344399929	-1368
10.3446469307	543
10.3449018002	543
10.3453128338	-1420
10.3453190327	-1316
10.3497788906	-1420
10.3497848511	-1420
10.3498299122	-1264
10.3506908417	-1420
10.3507359028	-1420
10.3507378101	-1264
10.3508489132	543
10.3517458439	-1420
10.3517508507	-1420
10.3517730236	-1264
10.3521018028	-1368
10.3537809849	-1420
10.3537859917	-1420
10.3538248539	-1264
10.3538279533	-1368
10.3538630009	-1368
10.3540589809	-1368
10.3546469212	-1420
10.3546519279	-1316
10.3547058105	-1368
10.3549098969	-1420
10.3549518585	-1420
10.3549540043	-1264
10.3592209816	-1254
10.3592920303	543
10.3744068146	-1420
10.374423027	-1316
10.3749969006	-1420
10.3750019073	-1420
10.375025034	-1264
10.3751268387	543
10.3766310215	-1420
10.3766379356	-1420
10.3766818047	-1264
10.3802568913	-1420
10.3803160191	-1316
10.3820149899	-1420
10.3820488453	-1316
10.388463974	-1420
10.3885428905	-1316
10.3886978626	543
10.4226830006	-1420
10.4227368832	-1420
10.4227948189	-1264
10.4227979183	-1420
10.4228429794	-1316
10.4231538773	-1368
10.4233288765	543
10.4240369797	-1420
10.4240429401	-1316
10.4243488312	-1368
10.4244189262	543
10.4249789715	-1420
10.4249839783	-1316
10.4253509045	-1368
10.425894022	-1420
10.4259209633	-1420
10.4259228706	-1264
10.4383559227	-1368
10.4760370255	-1116
10.4763629436	543
10.5408248901	-1368
10.5455899239	-1420
10.545596838	-1420
10.5456428528	-1264
10.545940876	543
10.5492269993	-1420
10.5492339134	-1316
10.5525069237	-1368
10.554625988	-1420
10.5546748638	-1316
10.5549559593	543
10.5580098629	-1368
10.5605638027	-1368
10.5629079342	-1368
10.5646259785	-1420
10.5646739006	-1420
10.564677	-1264
10.5660529137	-1420
10.5660588741	-1316
10.5680789948	-1368
10.5697398186	-1420
10.5697829723	-1316
10.5698459148	543
10.5712850094	-1368
10.57543993	-1368
10.5931549072	-122
10.6061029434	543
10.6093628407	-543
10.6333370209	-1420
10.6333529949	-1316
10.6361279488	-1420
10.6361379623	-1420
10.6361949444	-1264
10.644603014	-1420
10.6446650028	-1316
10.6608128548	-1368
10.6616208553	-1420
10.6616280079	-1420
10.6616690159	-1264
10.6616718769	-1420
10.6617069244	-1316
10.6620419025	-1368
10.6624898911	-1420
10.6624939442	-1316
10.6626758575	-1368
10.6629548073	-1420
10.6629989147	-1316
10.6636648178	-1368
10.6644258499	543
10.6750068665	-1420
10.6750218868	-1420
10.6750798225	-1264
10.6767239571	1057
10.6992809772	543
10.7098948956	-839
10.9957020283	-1420
10.995775938	-1420
10.9958119392	-787
10.9990229607	-1420
10.9990568161	-1316
11.0025098324	-1368
11.0056388378	-1420
11.0056688786	-1316
11.0081210136	-1368
11.0082409382	543
11.0104949474	-1420
11.0105018616	-1316
11.0124919415	-1368
11.0125689507	543
11.0160558224	-1420
11.0160608292	-1316
11.017220974	-1420
11.0172250271	-1420
11.0172629356	-1264
11.0186228752	-1420
11.018666029	-1420
11.01866889	-1264
11.0244958401	-1420
11.0245018005	-1420
11.024545908	-1264
11.0277118683	-1420
11.027755022	-1420
11.0277578831	-1264
11.0309178829	-1368
11.0344409943	-1420
11.034487009	-1316
11.0362780094	-1420
11.0363218784	-1316
11.0363969803	543
11.0366539955	543
11.0378348827	-1420
11.0378398895	-1316
11.0378789902	-1368
11.0414600372	-1420
11.0415070057	-1420
11.0415098667	-1264
11.0429158211	-1368
11.0441379547	-1368
11.0453510284	-1368
11.0454180241	543
11.0464749336	-1420
11.0464789867	-1316
11.0477390289	-1420
11.0477440357	-1420
11.0477659702	-1264
11.0487828255	-1368
11.1121098995	-1098
11.1196899414	-1420
11.119743824	-1316
11.1207969189	-1420
11.1208398342	-1420
11.12084198	-1264
11.1209909916	543
11.1220879555	-1420
11.1220929623	-1420
11.1221349239	-1264
11.1346759796	-1420
11.1347529888	-1420
11.1347579956	-1264
11.1349418163	543
11.1368160248	-1368
11.157779932	-1368
11.2287678719	-467
11.2382998466	1057
11.2439668179	-1420
11.2439808846	-1316
11.2440400124	-1420
11.2440428734	-1316
11.244232893	-1368
11.2446718216	-1368
11.2448039055	-1420
11.2448079586	-1316
11.2454228401	-1420
11.2454259396	-1420
11.245445013	-1264
11.245680809	-1420
11.2457458973	-1420
11.2457489967	-1264
11.245800972	-1420
11.2458028793	-1420
11.245803833	-1264
11.2493009567	543
11.2584609985	-1420
11.2584769726	-1316
11.2924518585	-1368
11.3554298878	-744
11.5383000374	-1420
11.5383179188	-1420
11.5383749008	-787
11.5437078476	-1420
11.5437150002	-1420
11.5437629223	-1264
11.5466368198	-1368
11.547426939	-1420
11.5474328995	-1316
11.5476369858	543
11.5505359173	-1420
11.5505449772	-1420
11.550593853	-1264
11.5578408241	-1420
11.5579168797	-1420
11.5579218864	-1264
11.5614049435	-1420
11.5614099503	-1316
11.5659458637	543
11.5675528049	543
11.5768928528	-1420
11.5768988132	-1420
11.5769410133	-1264
11.5786068439	-1420
11.5786509514	-1420
11.5786528587	-1264
11.580821991	-1420
11.5808258057	-1420
11.5808649063	-1264
11.5835969448	-1420
11.5836179256	-1316
11.6547319889	-188
11.6989660263	-1368
11.7811069489	-203
12.0991668701	-543
12.1013050079	1057
12.4777789116	-1057
12.5095620155	1057
12.5263140202	1460
12.5264019966	625
12.542375803	1460
12.544698	625
12.5603218079	543
12.5881159306	543
12.9138009548	-1057
12.9273929596	1057
13.0287618637	-1368
13.0448110104	-746
13.0573170185	1057
13.0816309452	-1420
13.0816488266	-1420
13.0817148685	-1264
13.0818119049	-1420
13.0818619728	-1316
13.0829060078	-1368
13.0833849907	-1368
13.0883498192	543
13.0952999592	-1368
13.0974910259	-1368
13.1580109596	-1368
13.1612429619	-488
13.1959760189	1057
13.2219879627	-1420
13.2220058441	-1316
13.2221770287	-1420
13.2221808434	-1420
13.2222180367	-1264
13.2237279415	-1420
13.223747015	-1420
13.2237489223	-1264
13.2292029858	543
13.2365310192	-1420
13.2365379333	-1420
13.2365839481	-1264
13.2366738319	543
13.2371778488	-1368
13.2373719215	-1420
13.2374169827	-1316
13.2382888794	-1420
13.2383320332	-1420
13.2383348942	-1264
13.2776799202	-164
13.3527050018	-1420
13.3527219296	-1420
13.3527779579	-1264
13.3563678265	1057
13.3683159351	-1420
13.3683288097	-1316
13.3706138134	-1368
13.4255988598	-1368
13.4431610107	-364
13.4662568569	1057
13.5846059322	-1420
13.5846219063	-1420
13.5846858025	-787
13.5861418247	-1420
13.5861859322	-1420
13.5861890316	-1264
13.5881288052	-1420
13.588135004	-1316
13.5899608135	-1420
13.5899658203	-1316
13.5902488232	-1368
13.6010630131	-1420
13.6011228561	-1420
13.6011259556	-1264
13.6026859283	-1420
13.602699995	-1420
13.6027398109	-1264
13.6033318043	-1420
13.6033558846	-1316
13.603358984	-1368
13.6058218479	-1420
13.6058278084	-1420
13.6058688164	-1264
13.6060249805	543
13.606169939	-1420
13.6061718464	-1316
13.6061890125	543
13.6598949432	-1368
13.7012398243	-810
13.7086699009	1057
13.8190920353	-543
13.9358639717	-1057
13.9505670071	1057
14.041438818	-1420
14.0414578915	-1316
14.0417478085	-1420
14.0417509079	-1420
14.0417900085	-1264
14.0432989597	-1420
14.0433189869	-1420
14.0433208942	-1264
14.0449428558	543
14.0486760139	-1420
14.0487008095	-1316
14.0487468243	-1368
14.049175024	-1368
14.0495939255	-1420
14.0495970249	-1316
14.0505788326	-1420
14.0505819321	-1316
14.0510020256	-1368
14.0552589893	-1420
14.0552999973	-1316
14.0553729534	-1368
14.0567429066	-1420
14.056748867	-1420
14.0567929745	-1264
14.0568919182	543
14.0569479465	-1368
14.0575609207	-1420
14.0575869083	-1420
14.0575888157	-1264
14.0583508015	-1420
14.0583570004	-1316
14.0588128567	-1368
14.0588829517	543
14.0602388382	-1420
14.0602450371	-1316
14.0677139759	-1008
14.092250824	-1420
14.0923018456	-1316
14.0928239822	-1420
14.0928640366	-1420
14.0928668976	-1264
14.0934209824	-1420
14.0934238434	-1420
14.0934610367	-1264
14.0943310261	-1420
14.0943498611	-1420
14.0943520069	-1264
14.0947229862	-1368
14.0980448723	543
14.1122939587	-1368
14.1847128868	-467
14.3350749016	565
14.3351769447	543
15.1618769169	-543
15.2034988403	-543
15.4415838718	1057
15.8855428696	-1420
15.8855948448	-1420
15.885614872	-787
15.886166811	-1420
15.8862268925	-1316
15.886264801	-1368
15.8863778114	543
15.8991968632	-1420
15.899214983	-1316
15.8992879391	-1368
15.8995490074	-1368
16.0023097992	-1420
16.0023348331	-1420
16.0024518967	-1420
16.0024588108	-1212
16.0025448799	-1420
16.0025520325	-1316
16.0028100014	-1420
16.0028138161	-1420
16.0029149055	-1264
16.0029218197	-1368
16.00304389	-1420
16.0030508041	-1316
16.0036218166	543
16.0159449577	-1420
16.0159609318	-1420
16.0160918236	-1420
16.0160980225	-1212
16.016245842	-1420
16.0163009167	-1420
16.0163958073	-1420
16.0164020061	-1212
16.0168750286	543
16.1191148758	-1420
16.1191368103	-1420
16.1191768646	-1420
16.1191790104	-1420
16.1191999912	-1160
16.1192038059	-1420
16.1192259789	-1420
16.1192288399	-1420
16.119246006	-1212
16.1192688942	-1368
16.119287014	-1420
16.1192889214	-1316
16.1197249889	-1420
16.1197288036	-1316
16.1197550297	-1420
16.1197588444	-1420
16.1197779179	-1023
16.119904995	543
16.1837029457	-1420
16.1837320328	-1316
16.1845378876	-1420
16.1845529079	-1420
16.18460989	-1264
16.1868839264	-1420
16.1869969368	-1420
16.1870038509	-1264
16.1981668472	-1420
16.1981818676	-1420
16.198237896	-1264
16.1994988918	-1368
16.199780941	543
16.2001128197	-1420
16.2001259327	-1316
16.2004330158	-1368
16.2363839149	-330
