0	-543
1.71883583069	-543
2.93682289124	543
2.93700289726	543
3.33174180984	543
3.98163485527	-543
3.98189282417	543
4.53360199928	-543
5.08169579506	-543
5.23842597008	-1057
5.24099779129	543
5.58453083038	-543
5.60070800781	543
5.68478083611	-1380
5.7177798748	-220
5.71799588203	543
5.88235497475	-543
5.91219997406	-1380
5.93758296967	543
6.02904081345	-705
6.039498806	543
6.04009890556	543
6.28416585922	-543
6.29238891602	-1420
6.29243087769	-1340
6.29985284805	-1420
6.2999060154	-1420
6.29990887642	-1300
6.38206982613	-1380
6.40888690948	-60
6.88289785385	-543
6.88994479179	-1420
6.88999795914	-1340
6.89805793762	-1420
6.89811086655	-1420
6.89811491966	-1300
6.89814281464	-1420
6.8981449604	-1340
6.89816379547	-1380
6.89837789536	-1380
6.89839696884	543
6.92807197571	543
6.92844200134	543
6.92876386642	543
6.92905497551	543
6.92932200432	543
6.9467048645	543
7.00696992874	-1420
7.00698494911	-1240
7.38149690628	-543
7.39734196663	-1380
7.49781894684	-1420
7.49783492088	-1340
7.51411581039	-1087
7.60342788696	-1380
7.67006492615	-220
7.78680682182	-1086
7.78710699081	543
8.3843858242	-543
8.40181589127	543
8.43387293816	-543
8.49600982666	-1420
8.4960269928	-1340
8.51898980141	-896
8.51911497116	543
8.60243487358	543
8.6361348629	-543
8.63633990288	543
8.637185812	1460
8.63723492622	111
9.28195095062	-543
9.44141292572	-1057
9.44846200943	543
9.44867300987	543
9.44879579544	543
9.44895601273	543
9.44918584824	1460
9.4492328167	625
9.44937181473	1460
9.44941687584	111
9.44953989983	1057
9.54774785042	1460
9.54783892632	111
9.57251191139	1460
9.57296180725	111
9.57317280769	1460
9.57321882248	111
9.68220281601	-543
9.68794584274	-1420
9.68798494339	-1340
9.69580602646	-1420
9.69585680962	-1420
9.69586086273	-1420
9.6958990097	-1260
9.69590091705	-1380
9.69593691826	-1420
9.69593882561	-1340
9.80490899086	-1420
9.80492687225	-1340
9.80497288704	-1420
9.80497598648	-1420
9.80500197411	-1420
9.80500483513	-1260
9.81260585785	-1420
9.81261086464	-1420
9.81266999245	-1300
9.81267285347	-1420
9.81271481514	-1340
9.81280589104	-1420
9.81284379959	-1340
9.81292295456	-1420
9.81294178963	-1420
9.81294393539	-1300
9.81296086311	-1380
9.81308889389	-1380
9.8131878376	-1380
9.81319189072	-1380
9.81721401215	543
9.92183899879	-1420
9.92185997963	-1420
9.92193198204	-1300
9.92197179794	-1420
9.92201781273	-1420
9.92202091217	-1300
9.92208194733	-1420
9.92208600044	-1340
9.92234897614	-1420
9.92235279083	-1420
9.92239379883	-1300
9.92239689827	-1380
9.92285394669	543
9.92959284782	-1420
9.92961001396	-1420
9.92965483665	-1420
9.9296579361	-1260
9.92967700958	-1420
9.92967891693	-1340
9.92969489098	-1420
9.92969679832	-1340
9.92983484268	-1420
9.9298388958	-1340
9.92995691299	-1420
9.92996096611	-1420
9.92996287346	-1300
9.93018102646	-1420
9.93018484116	-1420
9.93018579483	-1300
9.93025279045	-1420
9.93025779724	-1340
9.93036580086	-1420
9.9303689003	-1420
9.93037080765	-1300
9.93046593666	-1420
9.93046879768	-1420
9.93046998978	-965
9.93796491623	543
9.93984985352	543
9.94137787819	543
9.94187688828	543
10.0859379768	-543
10.1038489342	-1380
10.1505959034	-543
10.1935129166	-1420
10.1935288906	-1340
10.1958968639	543
10.1989769936	543
10.1995968819	543
10.2002038956	543
10.2007918358	543
10.2008910179	-1380
10.2009849548	543
10.208083868	543
10.2204978466	-764
10.3821139336	-543
10.3901758194	-1420
10.390182972	-1340
10.3956689835	-1420
10.3956739902	-1420
10.3957128525	-1300
10.3958499432	-1380
10.4004340172	-1420
10.400439024	-1340
10.4007489681	1460
10.4007968903	111
10.4009130001	543
10.4089229107	543
10.4192559719	-1420
10.4192619324	-1340
10.4828279018	-1380
10.487913847	-1420
10.4879457951	-1340
10.4880149364	-1420
10.4880390167	-1340
10.4880409241	-1380
10.4913318157	-1420
10.4913380146	-1420
10.4914000034	-1300
10.4914028645	-1420
10.4914429188	-1340
10.4915189743	-1420
10.4915578365	-1340
10.4916188717	-1420
10.4916219711	-1420
10.4916238785	-1300
10.49178195	-1380
10.4918630123	543
10.4987869263	-1420
10.4987919331	-1420
10.4988319874	-1300
10.4988348484	-785
10.4988739491	-1420
10.4988758564	-1340
10.4989669323	-1380
10.4991149902	543
10.4994668961	-1420
10.4994719028	-1340
10.4995667934	-1380
10.4997928143	-1420
10.4998369217	-1420
10.499838829	-1300
10.514539957	-1380
10.5824329853	-1420
10.5824508667	-1340
10.5824890137	-1420
10.5828638077	-1340
10.5829229355	-1420
10.5829257965	-1420
10.5829629898	-1300
10.5829658508	-1380
10.5868418217	-1420
10.5868480206	-1340
10.5870709419	543
10.6046588421	-1420
10.6046688557	-1340
10.6047430038	-1420
10.6047458649	-1340
10.604954958	-1420
10.604957819	-1420
10.6049978733	-1300
10.6050009727	-1420
10.6050019264	-1420
10.6050028801	-1300
10.6051769257	-1420
10.605178833	-1340
10.6052799225	-1420
10.6052830219	-1340
10.6055300236	-1380
10.6057898998	-1380
10.6058518887	-1420
10.6058549881	-1420
10.6058568954	-1420
10.6058578491	-1260
10.6059749126	-1420
10.6059780121	-1340
10.6060278416	-1420
10.606030941	-1420
10.6060318947	-1300
10.6060988903	-1420
10.6061019897	-1340
10.6130568981	543
10.6132478714	543
10.6139810085	-1380
10.6155509949	-820
10.6844949722	-1420
10.6845078468	-1420
10.6845619678	-1300
10.6845648289	-1380
10.6850709915	-1380
10.6855669022	-1380
10.6863048077	-1380
10.6891918182	-1380
10.6893558502	-1420
10.6893599033	-1340
10.6894118786	-1420
10.689414978	-1340
10.6927168369	-1420
10.6927227974	-1420
10.6927239895	-1300
10.6928977966	-1420
10.6929008961	-1340
10.693007946	-1420
10.6930098534	-1340
10.6931478977	-1420
10.6931509972	-1340
10.6932308674	-1420
10.6932339668	-1340
10.6933419704	-1420
10.6933448315	-1340
10.6934418678	-1420
10.6934440136	-1340
10.6944088936	543
10.6946868896	543
10.7001647949	-1420
10.7001709938	-1420
10.7002120018	-1300
10.700865984	-1420
10.7009048462	-1420
10.7009079456	-1300
10.7009778023	-1420
10.7009809017	-1340
10.7076039314	1057
10.7104539871	543
10.7172129154	-1420
10.7172179222	-1340
10.732323885	-551
10.7841420174	-1420
10.7841567993	-1420
10.7842049599	-1300
10.7842078209	-1420
10.7842488289	-1420
10.7842519283	-1300
10.7843358517	-1380
10.7877168655	-1380
10.787801981	-1420
10.7878468037	-1340
10.7919399738	-1380
10.7920408249	-1420
10.7920429707	-1340
10.8895030022	-1368
10.957531929	543
10.9576399326	543
10.9895739555	-1420
10.9895899296	-1420
10.9896538258	-1300
10.9976789951	-1420
10.9976849556	-1420
10.9977350235	-1300
11.0048878193	-1380
11.005040884	543
11.0462999344	-1279
11.0980889797	-1380
11.1385219097	-543
11.2032968998	-220
11.2885258198	-1420
11.2885417938	-1420
11.2885968685	-1300
11.2886009216	-1420
11.2886459827	-1340
11.2944648266	-1420
11.2944698334	-1420
11.2945148945	-1300
11.2945179939	-1420
11.294552803	-1420
11.2945549488	-1300
11.2946078777	-1380
11.2965698242	-1420
11.2965738773	-1340
11.2967219353	-1420
11.2967247963	-1340
11.296779871	-1380
11.298473835	543
11.2987189293	543
11.3037428856	-1420
11.3037478924	-1420
11.3037919998	-1300
11.3037948608	-1380
11.3199419975	-239
11.3832988739	-1420
11.3833768368	-1340
11.3834838867	-1420
11.3835039139	-1340
11.3835690022	-1380
11.3892309666	-1420
11.3892757893	-1420
11.3893117905	-1300
11.3988819122	-1420
11.3989248276	-1420
11.3989608288	-1300
11.3990049362	-1380
11.4365890026	-91
11.7824919224	-543
11.7866909504	-1380
11.7870769501	-1380
11.7960968018	-1380
11.796754837	-1380
11.7977747917	-1380
11.7978758812	-1420
11.7979238033	-1420
11.7979638577	-1300
11.8130118847	-1420
11.8130569458	-1420
11.8130748272	-1300
11.8143107891	543
11.8993258476	-957
11.901376009	-1380
12.0181570053	-191
12.0275068283	543
12.1861729622	-543
12.1939809322	-1420
12.1940438747	-1340
12.2007169724	-1420
12.2007668018	-1420
12.2007699013	-1300
12.2008888721	543
12.2033269405	-1420
12.2033309937	-1420
12.203389883	-1420
12.2033917904	-1260
12.2034289837	-1380
12.2034318447	-1380
12.2034668922	-1380
12.2074999809	543
12.2084088326	1460
12.2084608078	625
12.2091379166	-1380
12.2837870121	-1380
12.2995479107	-1420
12.2996189594	-1340
12.3108389378	-341
12.3920269012	-1380
12.4275569916	-191
12.4896459579	-1420
12.4897229671	-1340
12.5049219131	-1420
12.5049848557	-1340
12.5446507931	-706
12.7617998123	-543
13.2829248905	-543
13.3191649914	-1420
13.319231987	-1340
13.3198039532	-1380
13.3983318806	-1420
13.3983809948	-1420
13.398401022	-1300
13.399435997	-603
13.9818298817	-543
13.9918580055	-1420
13.9919259548	-1340
13.9973599911	-1420
13.9974148273	-1420
13.9974589348	-1300
13.9994997978	-1420
13.9995439053	-1340
13.9995808601	-1420
13.9996159077	-1340
13.9997458458	543
14.0985968113	-1420
14.0986139774	-1340
14.1086390018	-1420
14.1086528301	-80
14.1088278294	543
14.1092698574	543
14.1339988708	543
14.2885708809	-1420
14.2885890007	-1420
14.2886528969	-787
14.293492794	-1420
14.2935428619	-1420
14.2935459614	-1300
14.2975468636	543
14.3052299023	-1380
14.4053888321	-221
14.4855549335	-1420
14.4856278896	-1340
14.5009529591	-1420
14.5010128021	-1340
14.5222439766	-706
14.5917418003	-1420
14.5918078423	-1420
14.5918447971	-1300
14.5977468491	-1380
14.6391789913	-735
14.7821228504	-543
14.7979538441	-1380
14.8817739487	-1380
14.8974478245	-1380
14.898968935	-573
14.9982948303	-1420
14.9983618259	-1340
15.0156838894	-382
15.0777277946	543
15.1874809265	-543
15.1877708435	543
15.1880049706	543
15.1884558201	543
15.2276358604	543
15.2278678417	543
15.2280449867	543
15.2632939816	543
15.2635397911	543
15.3821048737	-543
15.3866989613	-1420
15.3867340088	-1340
15.3945479393	-1420
15.3945908546	-1340
15.3945939541	-1380
15.3949239254	-1420
15.3949298859	-1420
15.3949718475	-1300
15.394974947	-1380
15.39514184	543
15.3952059746	-1420
15.3952078819	-1420
15.3952088356	-1300
15.3952579498	-1420
15.3952598572	-1420
15.3953130245	-1300
15.3954229355	543
15.3954589367	-1420
15.3973088264	-1340
15.4019048214	-1420
15.4019110203	-1340
15.4021389484	543
15.402192831	-1380
15.4028339386	-1380
15.4935019016	543
15.5036439896	-1420
15.5036878586	-1420
15.503731966	-1300
15.5037338734	-1420
15.5037698746	-1420
15.503772974	-1300
15.5116438866	-1420
15.5116529465	-1340
15.511813879	-1420
15.5118169785	-1340
15.5118608475	-1420
15.5118639469	-1420
15.5118999481	-1300
15.511977911	-1380
15.5120959282	-1420
15.5120999813	-1340
15.5121369362	-1420
15.5121397972	-1340
15.5122079849	543
15.5122768879	-1420
15.5122969151	-1420
15.5122978687	-1300
15.5123519897	-1420
15.5124008656	-1420
15.5124030113	-1207
15.5125658512	-1420
15.5125689507	-1340
15.5127580166	543
15.5127940178	-1380
15.5128908157	-1420
15.5129299164	-1420
15.5129318237	-1420
15.5129668713	-1260
15.5778198242	543
15.5812849998	-1380
15.5931999683	-1420
15.5932478905	-1340
15.6006188393	-1420
15.6006669998	-1340
15.6007039547	-1420
15.6007399559	-1340
15.6292829514	-473
15.6880948544	-1420
15.6881840229	-1420
15.6882219315	-1300
15.6882658005	-1420
15.6883168221	-1340
15.6883637905	-1380
15.6919629574	-1420
15.6920030117	-1340
15.6920378208	-1420
15.6920728683	-1340
15.6921358109	-1380
15.692373991	543
15.703316927	-1380
15.7951209545	-120
15.8116459846	543
16.0836229324	-543
16.0929999352	-1420
16.0930519104	-1340
16.0991828442	-1380
16.2004728317	-544
16.2184779644	543
16.3833069801	-543
16.3903849125	-1420
16.3904428482	-1340
16.4019799232	-1420
16.4020349979	-1340
16.402037859	-1380
16.4023039341	-1420
16.4023079872	-1340
16.4023640156	-1420
16.4023668766	-1420
16.4024009705	-1300
16.4024038315	-1380
16.4024569988	-1380
16.4025759697	-1420
16.4025948048	-1340
16.4026949406	-1420
16.4027318954	-1340
16.4027738571	-1380
16.403637886	-1420
16.4036409855	-1340
16.4037129879	-1380
16.4070079327	543
16.4071338177	543
16.4255058765	-1420
16.4255218506	-1420
16.4255800247	-1300
16.5070469379	-20
16.6653158665	-543
16.6709079742	1057
16.6931660175	-1420
16.6931798458	-1420
16.6932368279	-1300
16.6932389736	-1420
16.6932837963	-1340
16.7008337975	-1380
16.7008678913	-1420
16.7008709908	-1420
16.7008988857	-1300
16.7009029388	-1420
16.7009198666	-1340
16.7009220123	-1380
16.7010469437	-1420
16.7010498047	-1340
16.7011928558	543
16.7015049458	-1380
16.7083837986	-1380
16.7821109295	-855
17.0837419033	-543
17.1818039417	-1380
17.1974170208	-1380
17.1974768639	-1380
17.1978299618	1057
17.1980948448	543
17.2005348206	-59
17.382463932	-543
17.3886268139	-1420
17.3886749744	-1340
17.3935918808	-1420
17.3936419487	-1420
17.3936808109	-1300
17.3938179016	543
17.3967609406	-1420
17.396766901	-1420
17.3967888355	-1300
17.3968598843	-1420
17.3969008923	-1340
17.3969039917	-1380
17.3969638348	-1380
17.3970890045	-1420
17.3971288204	-1420
17.3971319199	-1300
17.3971660137	-1380
17.3972020149	-1380
17.3980848789	-1420
17.398088932	-1340
17.3981659412	-1380
17.4027748108	543
17.4050319195	-1420
17.4050388336	-1420
17.4050869942	-1300
17.4138498306	-1380
17.4830830097	-1420
17.4830989838	-1340
17.4892389774	-1420
17.4892458916	-1340
17.4893169403	-1380
17.4929800034	-1380
17.4992749691	-300
17.5003449917	-1380
17.5565879345	1057
17.5570678711	543
17.6161808968	-705
17.7835409641	-543
17.7902460098	-1420
17.7902958393	-1340
17.7979238033	-1420
17.7979738712	-1420
17.7980349064	-1300
17.798571825	-1420
17.7986118793	-1340
17.7986488342	-1380
17.7987518311	-1420
17.7987890244	-1340
17.7988498211	-1380
17.7989590168	-1420
17.7989618778	-1340
17.7990689278	-1380
17.8004410267	-1420
17.8004620075	-1420
17.8004639149	-1300
17.8065710068	-1420
17.8065760136	-1420
17.8066158295	-1300
17.8067448139	543
17.806896925	543
17.8171498775	-1380
17.8275330067	543
17.8816409111	-1420
17.8816578388	-1420
17.8817248344	-1300
17.8817279339	-1380
17.881855011	-1380
17.8913588524	-1420
17.8914089203	-1420
17.8914129734	-1420
17.8914308548	-1260
17.8914330006	-1420
17.8914499283	-1340
17.8915657997	-1420
17.891587019	-1340
17.8917479515	-1380
17.8980529308	-1420
17.8980658054	-1340
17.9070329666	-1007
17.9375219345	543
18.0984659195	-543
18.1829109192	-1420
18.1829259396	-1340
18.1907989979	-1420
18.190805912	-1420
18.1908519268	-1300
18.1975009441	543
18.1983559132	-1420
18.1983618736	-1420
18.1983909607	-1300
18.2552969456	-384
18.2554898262	543
18.9825599194	-543
18.986989975	-1420
18.9870460033	-1340
18.9952819347	-1420
18.9953269958	-1420
18.9953298569	-1300
18.9953658581	-1420
18.9953680038	-1340
18.9954209328	-1420
18.9954228401	-1340
18.9955220222	-1380
18.9956259727	-1420
18.995652914	-1340
18.9957439899	-1420
18.9957818985	-1340
18.9983057976	-1380
19.0076580048	543
19.0995810032	-1178
19.0999879837	543
19.9374909401	543
20.0825369358	-543
20.2392628193	-543
20.5137159824	543
20.6829149723	-543
20.6878809929	-1420
20.6879298687	-1340
20.6961109638	-1420
20.6961538792	-1340
20.6961898804	-1420
20.6962368488	-1420
20.6962869167	-1300
20.6963319778	-1380
20.6964249611	-1380
20.7075409889	543
20.7997529507	-1420
20.799767971	-1340
20.8047919273	-1420
20.8047959805	-1420
20.8048357964	-1420
20.8048388958	-1260
20.8132939339	-1420
20.8133029938	-1340
20.8133478165	-1420
20.8133499622	-1340
20.8133928776	-1380
20.8134338856	-1380
20.8135738373	-1380
20.8135769367	-1420
20.8136138916	-1340
20.8137629032	-1420
20.8138020039	-1340
20.8138048649	-1420
20.8138489723	-1340
20.8140189648	543
20.8140640259	-1380
20.9167919159	-1420
20.9168088436	-1340
20.9169778824	-1420
20.9169809818	-1156
20.9172599316	543
20.9215679169	-1420
20.9215738773	-1420
20.921640873	-1300
20.9216430187	-1420
20.9216828346	-1420
20.9216859341	-1300
20.9219110012	-1420
20.921916008	-1340
20.9308288097	-1420
20.9308350086	-1420
20.9308879375	-1300
20.9308907986	-1380
20.9318678379	-1420
20.9318709373	-1420
20.9318978786	-1300
20.9319498539	-1420
20.9319679737	-1340
20.9320919514	-1420
20.9321289062	-1340
20.9321320057	-1380
20.9322419167	-1420
20.9322450161	-1340
20.933565855	543
20.9835979939	-1380
21.0336399078	-1135
21.0575888157	543
21.0583767891	543
21.187556982	543
21.3275878429	543
21.32782197	1460
21.327865839	111
21.3280348778	543
21.3282189369	1057
21.4881858826	-543
21.4883439541	543
21.4886939526	-1420
21.4886989594	-1340
21.4933109283	-1420
21.4933159351	-1420
21.4933559895	-1300
21.4936828613	-1420
21.4937319756	-1340
21.4937348366	-1380
21.5015208721	-1420
21.5015339851	-1420
21.5015659332	-1300
21.5831108093	-1380
21.5855469704	543
21.5892570019	-1420
21.5892629623	-1340
21.5976679325	-1420
21.5976748466	-1420
21.5977289677	-1300
21.5977318287	-1420
21.5977759361	-1420
21.5977787971	-1300
21.5978209972	-1420
21.5978238583	-1340
21.5979278088	-1420
21.5979318619	-1420
21.5979750156	-1300
21.5979778767	-1380
21.5981209278	-1420
21.5981249809	-1340
21.5982048512	-1380
21.5983808041	543
21.6045730114	-1420
21.6045780182	-1340
21.6050078869	-1420
21.6050128937	-1127
21.6067488194	-1420
21.6067538261	-1420
21.6067919731	-1300
21.6822128296	-1420
21.68222785	-1420
21.6822938919	-1420
21.6822969913	-1260
21.682341814	-1420
21.6823449135	-1340
21.6825828552	543
21.6826989651	543
21.6908400059	-1420
21.6908459663	-1420
21.6909048557	-1300
21.6909070015	-1420
21.6909430027	-1340
21.691013813	-1380
21.6911418438	-1420
21.6911449432	-1340
21.6912009716	-1380
21.6914598942	-1420
21.6915237904	-1340
21.6915268898	-1420
21.691562891	-1420
21.6915659904	-1300
21.7060949802	-1420
21.7061018944	-1420
21.7061569691	-1420
21.7061598301	-1260
21.7063448429	543
21.7131769657	-1380
21.7216079235	-490
21.7530579567	-543
21.7531638145	543
21.7536008358	543
21.7893958092	-1380
21.8382928371	-191
21.898116827	-1380
21.9550919533	-220
22.0160899162	-543
22.0717909336	-543
22.4830830097	-543
22.4882018566	-1420
22.4882500172	-1340
22.4960939884	-1420
22.4961419106	-1420
22.4961788654	-1300
22.4962220192	-1420
22.4962589741	-1340
22.4963920116	-1380
22.497895956	-1380
22.5998198986	-1118
22.6021649837	543
22.8811979294	-543
22.9208769798	543
22.9888999462	-1420
22.9889678955	-1420
22.9890179634	-1300
22.9932978153	-1420
22.9933409691	-1340
22.9935560226	-1380
22.9936318398	543
22.9945559502	-1420
22.9945619106	-1340
22.9948439598	-1380
22.9961438179	-1420
22.996188879	-1340
22.9973618984	-1380
22.9994208813	-1420
22.9994268417	-1420
22.9994678497	-1300
23.0005710125	-1380
23.0007038116	-1380
23.0017039776	-1380
23.0032329559	-1420
23.003237009	-1340
23.0048890114	-1380
23.0051999092	-1420
23.0052418709	-1340
23.0073838234	543
23.038038969	-1077
23.0802628994	543
23.0831270218	-1380
23.083220005	-1420
23.0832619667	-1340
23.0906288624	-1420
23.0906348228	-1420
23.0906748772	-1300
23.0982899666	-1380
23.1549119949	-765
23.2717118263	-1086
23.2720057964	543
23.6827478409	-543
23.6901299953	-1380
23.6971888542	-1420
23.6971960068	-1420
23.6972398758	-1300
23.6979799271	-1420
23.6980090141	-1420
23.6980118752	-1300
23.6980798244	-1420
23.6980829239	-1340
23.698196888	-1380
23.6983690262	-1380
23.7055749893	-1380
23.7057909966	543
23.7059118748	543
23.8009259701	-1380
23.8068068027	-340
23.9374790192	543
23.9873390198	-543
23.9873559475	-1420
23.9874157906	-1340
23.9914228916	-1420
23.9914669991	-1420
23.9914708138	-1300
23.9915750027	-1420
23.9915778637	-1340
23.9916529655	-1380
23.9975538254	543
24.0024039745	-1420
24.0024089813	-1420
24.0024487972	-1300
24.1040718555	-957
24.2057228088	-1420
24.2057368755	-1420
24.205799818	-1300
24.2603018284	-573
24.6001489162	-543
24.6994068623	-1420
24.699477911	-1420
24.6995308399	-1300
24.7167599201	-30
24.9499378204	543
24.9890890121	-543
24.9894809723	-1420
24.9895298481	-1340
24.9911618233	-1420
24.9912009239	-1420
24.9912359715	-1300
25.0076417923	-1380
25.0078139305	543
25.0784208775	241
25.1058249474	-574
25.2097408772	-749
25.2103087902	126
25.3465240002	-51
25.3575489521	38
25.4837629795	-1420
25.4837808609	-74
25.4842000008	1057
25.5935850143	-1420
25.5936608315	-1420
25.5937068462	-787
25.5996749401	-1420
25.5997388363	-1340
25.5997757912	-1380
25.606418848	-1420
25.6064629555	-1340
25.6066730022	-1380
25.6070759296	-1380
25.6134908199	-543
25.6138749123	543
25.6139698029	543
25.7103238106	-1420
25.7103388309	-1420
25.7103970051	-1420
25.7103998661	-190
25.7708859444	-543
25.7726268768	543
25.8987967968	-543
25.9453709126	-543
25.9577670097	543
26.0552809238	-1057
26.2819769382	-543
26.2868669033	-1420
26.2868947983	-1340
26.290045023	-1420
26.2900958061	-1420
26.2901449203	-1300
26.290282011	543
26.2974128723	-1420
26.2974188328	-1340
26.2976357937	-1380
26.3823218346	-1380
26.3986799717	-633
26.4984278679	-543
26.4986069202	543
26.5833148956	-543
26.5980539322	-1420
26.5981149673	-1340
26.5997338295	-1380
26.7002909184	-1058
26.7007648945	543
26.7155628204	543
26.9375009537	543
27.0944588184	-543
27.0947649479	-1368
27.1811950207	-543
27.1969158649	-1420
27.1969828606	-1340
27.2197070122	-1231
27.3137450218	-353
27.3898370266	-543
27.3907828331	-1420
27.3908059597	-1316
27.423530817	-1420
27.4235959053	-1316
27.5142538548	-269
27.6898448467	-543
27.6982409954	-1380
27.7242429256	-543
27.7296459675	-1368
27.7339608669	-1368
27.737680912	-1420
27.7377288342	-1316
27.7405059338	-1368
27.7938058376	-543
27.807104826	-1219
27.8486249447	-986
27.8490679264	-1420
27.8491129875	-1316
27.8540480137	-1368
27.9375197887	543
27.9376318455	543
27.9376878738	543
27.97296381	-66
28.4892280102	-543
28.4896829128	-1420
28.4897079468	-1340
28.497579813	-1420
28.4976308346	-1420
28.4976558685	-1300
28.4976789951	-1420
28.4976968765	-1340
28.4977998734	-1380
28.4986078739	543
28.5048558712	-1380
28.6061120033	-1420
28.6061739922	-1240
28.9387228489	543
29.4974939823	-1420
29.4975628853	-1179
29.4977447987	1057
29.6142618656	-543
29.7833127975	-543
29.9827349186	-543
29.9878377914	-1420
29.9878869057	-1340
29.9926328659	-1420
29.9926769733	-1420
29.9927139282	-1300
29.9956159592	-1420
29.995661974	-1420
29.9956970215	-1300
30.0995078087	-1380
30.0995550156	-1420
30.0995748043	-1340
30.1045928001	-1420
30.104598999	-1137
30.2158708572	-543
30.3900740147	-543
30.5069978237	-1057
30.7824969292	-543
30.7907648087	-1380
30.7909059525	-1380
30.7912478447	-1420
30.7912898064	-1420
30.7913279533	-1300
30.8050858974	-1420
30.8051497936	-1420
30.8051929474	-1300
30.8053839207	543
30.8993079662	-927
31.7076020241	543
32.7821848392	-543
33.4822130203	-543
33.4936988354	-1420
33.4937579632	-1340
33.5017960072	-1420
33.5018420219	-1420
33.5018849373	-1300
33.5072669983	-1420
33.507311821	-1340
33.5073318481	-1420
33.5073490143	-1340
33.5991020203	-1420
33.5991690159	-1340
33.6105589867	-1420
33.6106109619	-1420
33.6106479168	-1420
33.6106908321	-1260
33.6109199524	1057
33.6185538769	-1420
33.618560791	-1420
33.6186079979	-1420
33.6186108589	-1260
33.6187260151	-1420
33.6187279224	-1340
33.6240608692	-1420
33.6240689754	-1340
33.6241948605	-1420
33.6242008209	-1340
33.6242280006	-1420
33.6242308617	-1420
33.6242539883	-1300
33.6242568493	-1380
33.7159769535	-1420
33.7159938812	-745
34.6834459305	-543
34.6991779804	-1380
34.8003129959	-1219
34.8004817963	543
34.9820489883	-543
34.9869248867	-1420
34.9869577885	-1340
34.9918429852	-1420
34.9918749332	-1340
34.9918789864	-1420
34.9919028282	-1420
34.9919059277	-1300
34.9921209812	-1380
35.1038498878	-956
35.2820429802	-543
35.3988900185	-1057
36.8104839325	543
36.8197038174	543
36.8205449581	543
36.8211948872	543
36.8279168606	543
38.2828090191	-543
38.2830967903	543
38.3134047985	-1368
38.3136518002	1057
38.4073009491	-775
38.4075579643	543
38.4076898098	543
38.7822468281	-543
38.7826068401	-1420
38.7826399803	-1316
38.7827680111	-1420
38.7827908993	-1316
38.7829909325	-1368
38.8195798397	-1420
38.8195970058	-1420
38.8196349144	-1264
38.8777039051	-1368
38.9074749947	-1420
38.9075469971	-1420
38.907586813	-1420
38.9076318741	-1212
38.908041954	543
38.9182538986	-1420
38.9182698727	-1420
38.9183080196	-255
38.9373989105	543
38.9441440105	-1420
38.9442238808	-1420
38.9442279339	-1420
38.9442658424	-1212
38.9442689419	-1368
38.9445989132	543
39.032353878	-1420
39.0323719978	-1420
39.0324289799	-1420
39.0324318409	-1212
39.0324678421	-1368
39.0326299667	543
39.0428709984	-1420
39.042883873	-1420
39.0429358482	-1188
39.1245639324	-1420
39.1245818138	-1420
39.1246459484	-1264
39.1569619179	-1420
39.1569769382	-1420
39.1570420265	-1264
39.1570448875	-1420
39.1570868492	-1420
39.1570909023	-1264
39.1571269035	-1420
39.157130003	-1316
39.1678798199	-604
39.179569006	-1420
39.17958498	-1316
39.1816380024	-543
39.1904518604	-1420
39.1904919147	-1340
39.2022387981	-1420
39.2023079395	-1420
39.2023458481	-1300
39.2132918835	-1380
39.2140820026	-1380
39.2252409458	-1420
39.2252528667	-1420
39.225301981	-1264
39.225304842	-1368
39.2256579399	543
39.2491669655	-1420
39.2491829395	-1316
39.2492418289	-1368
39.2928709984	-799
39.2983570099	-736
39.2985060215	543
39.3879258633	-1420
39.3880038261	-1420
39.388053894	-1420
39.3880968094	-1212
39.3881418705	-1368
39.3893070221	-1420
39.3893527985	-1420
39.3893899918	-1264
39.390324831	-1420
39.3903689384	-1420
39.390406847	-1264
39.3908319473	-1368
39.3909389973	1057
39.3910508156	-1420
39.3910558224	-1316
39.4174919128	-1184
39.4243388176	-1420
39.4243879318	-1420
39.4243929386	-1264
39.5124847889	-1368
39.5420207977	-269
39.5518779755	-1420
39.5518929958	-1316
39.589771986	-1368
39.5903949738	-1368
39.666520834	-812
39.684388876	-543
39.6931388378	-1420
39.6932058334	-1420
39.6932108402	-1264
39.6932549477	-1420
39.693256855	-1316
39.6986238956	-1420
39.6986308098	-1420
39.6986818314	-1264
39.7027828693	-1420
39.7028319836	-1420
39.7028348446	-1264
39.7064847946	-1368
39.7065780163	543
39.7083799839	-1420
39.7083849907	-1316
39.715089798	-1420
39.7151038647	-1420
39.7151589394	-1264
39.8177587986	-1420
39.8178389072	-1420
39.817884922	-1264
39.8179328442	-1420
39.8179769516	-1420
39.8180208206	-1420
39.8180639744	-683
39.8232150078	-1420
39.8232688904	-1420
39.8233067989	-1264
39.8233439922	-1420
39.8233788013	-1316
39.8235118389	543
39.8330919743	-1420
39.8330988884	-1316
39.9380588531	-1368
39.9384539127	-1420
39.9384858608	-1316
39.9386429787	-1420
39.9386868477	-1420
39.9386899471	-1264
39.9387989044	543
39.9423909187	-1420
39.9423978329	-1420
39.9424498081	-1420
39.9424529076	-1212
39.9424908161	-1420
39.9424939156	-1316
39.9425778389	-1420
39.942581892	-236
39.947783947	-1420
39.9477908611	-1420
39.9478390217	-1264
39.947840929	-1368
39.9478878975	-1420
39.9478909969	-1316
39.9479548931	-1368
39.9479579926	-1368
39.9577569962	-1420
39.9577679634	-1420
39.9578158855	-1264
39.9578177929	-1420
39.9578537941	-1316
39.9579567909	543
40.0633499622	-1420
40.0633709431	-1420
40.0634269714	-1264
40.0673229694	-1105
40.2097578049	-1420
40.209774971	-1316
40.2318749428	-920
40.2504339218	-1420
40.2504999638	-1420
40.2505040169	-1264
40.2506449223	543
40.3564479351	-1123
40.3568258286	543
40.8720548153	-543
40.8722338676	-1420
40.8722789288	-1316
40.8722829819	-1420
40.8723168373	-1316
40.8723208904	-1368
40.8724458218	543
40.9089319706	-1420
40.908946991	-1420
40.9090127945	-1264
40.9097239971	-1368
40.9374079704	543
40.9964330196	-198
41.5870568752	-543
41.6266298294	-1420
41.6266798973	-1420
41.6267819405	-1420
41.6268239021	-1420
41.6268689632	-1420
41.6269199848	-1420
41.6269569397	-1420
41.6269929409	-1420
41.6270298958	-1060
41.6272728443	543
41.7098670006	-1420
41.7098829746	-1420
41.7099440098	-1300
41.7099478245	-1380
41.709995985	-1420
41.7099988461	-1340
41.7203788757	-1420
41.7203948498	-1420
41.7204508781	-1420
41.7204539776	-574
41.8572459221	-543
41.9836938381	-543
41.9992909431	-1420
41.999341011	-1340
42.0146489143	-1420
42.014703989	-1340
42.1005268097	-192
42.881513834	-543
42.8816809654	543
42.9983057976	-1057
44.1847319603	-543
44.1925318241	-1420
44.1925728321	-1340
44.2001018524	-1420
44.2001569271	-1420
44.2001979351	-1300
44.2002418041	-1380
44.2003397942	-1420
44.2003698349	-1340
44.2158198357	-1380
44.3015618324	-1118
45.0825109482	-543
45.0986628532	-1420
45.0987408161	-1340
45.098788023	-1380
45.0989618301	543
45.1992619038	-30
45.4725430012	-543
45.4816308022	-543
45.5980448723	-1380
45.5982308388	-249
46.0834708214	-543
47.2538719177	-543
47.4823579788	-543
47.4908239841	-1420
47.4908738136	-1340
47.4977619648	-1420
47.4977970123	-1340
47.5991449356	-192
47.5993359089	543
47.7817828655	-543
47.9822750092	-543
47.9975299835	-1420
47.9975829124	-1340
48.0131978989	-1380
48.0988500118	-30
48.9359250069	543
48.9360799789	543
48.9362158775	543
49.3552558422	-543
49.391302824	-1420
49.3913497925	-151
49.7654469013	-543
49.8863708973	-543
49.8972978592	-1380
49.9071679115	-543
50.0031089783	-1219
50.4383378029	-565
50.5606238842	-543
51.2829008102	-543
51.2986018658	-1380
51.3997528553	-1219
51.5166659355	-543
51.6845037937	-543
51.8013648987	-1057
51.9373869896	543
51.9375088215	565
52.2616279125	-543
52.4854857922	-543
52.9369850159	543
53.1886658669	-543
53.3040909767	-1057
53.4826638699	-543
53.4983148575	-1420
53.4983639717	-1340
53.5065670013	-1420
53.5066208839	-1420
53.5066578388	-1300
53.5085008144	-1380
53.5086348057	-1420
53.5086770058	-1420
53.508713007	-1300
53.508838892	543
53.5993938446	-1420
53.599408865	-1340
53.6151349545	-1420
53.6151490211	-1420
53.6152119637	-1300
53.6152148247	-1380
53.6234269142	-179
53.8429589272	-543
53.9373278618	543
54.8820819855	-543
54.9081640244	-1380
55.024823904	-1219
55.0775468349	-543
55.1869800091	-543
55.1971869469	-1380
55.303855896	-1219
55.3978209496	-1380
55.4204678535	-220
55.4206290245	543
56.0817699432	-543
56.091105938	-1420
56.0911538601	-1340
56.0944299698	-1420
56.0945270061	-1420
56.0945298672	-1300
56.0945680141	-1420
56.0945699215	-1340
56.0946059227	-1380
56.0947709084	543
56.0972750187	-1380
56.2079839706	-1420
56.2080328465	-1240
56.582146883	-543
56.5976970196	-1420
56.5977458954	-1420
56.5977668762	-1300
56.6987359524	-30
56.6992738247	543
56.7173879147	543
58.344465971	-543
58.7844569683	-543
58.9373099804	543
58.9409818649	-1057
59.081938982	-543
59.0915358067	-1420
59.0915908813	-1340
59.0976519585	-1420
59.09770298	-1420
59.0977478027	-1300
59.1135838032	-1420
59.1136379242	-1340
59.1985559464	-736
60.9373538494	543
61.2899827957	-543
61.3836038113	-543
61.3838059902	543
61.5002219677	-1057
61.5005269051	543
62.0862448215	-543
62.086359024	-1420
62.0863618851	-1316
62.1229279041	-1420
62.1229770184	-1316
62.2109098434	-269
64.4801518917	-543
64.5009279251	-543
64.5011839867	-1420
64.5012187958	-1420
64.5012438297	-1420
64.50126791	-1420
64.5012888908	-1160
64.9638459682	-1420
64.9639239311	-623
65.0334839821	-543
65.8276968002	-543
67.8049509525	-543
68.3878948689	-543
72.3055310249	-543
72.3342988491	-543
72.9372630119	543
74.9372649193	543
74.9373719692	543
77.9372558594	543
80.9372448921	543
81.1638548374	-543
81.4893229008	-543
81.9372489452	543
81.9373519421	543
82.0668709278	-543
82.1264870167	-543
82.9364449978	543
87.9372158051	543
89.0572659969	-543
89.9384288788	543
94.3787999153	-543
96.7649478912	-543
98.5859549046	-543
98.9371538162	543
99.2280728817	-543
99.477396965	-543
99.6018619537	-543
100.494292021	-543
100.93727684	543
101.397135019	-543
101.936453819	543
101.936554909	543
101.936604023	543
103.188796997	-543
103.438513994	-543
104.936365843	543
111.265153885	-543
111.937073946	543
112.114341021	-543
117.181819916	-543
117.936733007	543
118.937064886	543
118.93716979	543
