0	543
0.000107049942017	543
0.328253030777	-543
3.04917001724	-543
3.48015403748	543
3.50396299362	543
3.66926908493	-543
3.99999809265	543
4.99998402596	543
7.08779811859	-543
7.09081697464	-1420
7.09084320068	-1176
7.09255003929	-1420
7.0925951004	-1420
7.09263014793	-1054
7.11504912376	-1298
7.1152009964	-1420
7.11522316933	-1176
7.12297511101	543
7.12390398979	-1298
7.15194511414	543
7.17026805878	543
7.17050909996	543
7.21486115456	-1298
7.21499609947	-1298
7.21716308594	543
7.21765112877	-1298
7.21769213676	-1298
7.21778607368	543
7.21815919876	543
7.21957206726	-1420
7.21957802773	-1420
7.21961903572	-1420
7.21962213516	-932
7.24171805382	-1298
7.24186110497	-1298
7.24209713936	-1420
7.24210214615	-1176
7.24217009544	-1420
7.24217414856	-1176
7.24226999283	543
7.24651813507	543
7.24683499336	543
7.29074215889	-1420
7.29075503349	-1176
7.34190917015	-1298
7.34192705154	-1183
7.4168009758	-1420
7.41681814194	-1176
7.4213180542	-1420
7.42132401466	-1420
7.42137312889	-1054
7.42149305344	543
7.42311120033	-1298
7.42332816124	-1420
7.4233520031	-1176
7.42978215218	-1298
7.44025611877	543
7.44045805931	543
7.44842815399	-1298
7.4530570507	543
7.46475815773	-1420
7.46476507187	-1176
7.46748018265	-1298
7.46876502037	-378
7.47092700005	-1298
7.48036503792	543
7.5003721714	543
7.50577998161	-1298
7.53183102608	-1420
7.53187417984	-1176
7.53421497345	-1298
7.59535908699	-880
7.61007213593	543
7.61029601097	543
7.61043906212	543
7.61060404778	543
7.61075997353	543
7.61092019081	543
7.61107301712	543
7.61123108864	1460
7.61127305031	625
7.6142551899	1057
7.61472296715	543
7.61490011215	543
7.7226331234	-1086
7.73895716667	-1420
7.73899817467	-1176
7.74330401421	-1420
7.74334907532	-1420
7.74335217476	-1054
7.74498701096	-1298
7.74690008163	-1420
7.7469420433	-1420
7.74694514275	-1054
7.7491080761	-1298
7.76250505447	-1420
7.76253819466	-1176
7.76263904572	543
7.76998996735	-1298
7.77395105362	1460
7.77401518822	111
7.77421307564	543
7.7746629715	543
7.77487516403	543
7.77511310577	543
7.85076904297	-1420
7.85078716278	-1420
7.85082197189	-1054
7.85316610336	-1420
7.85319113731	-1176
7.85328912735	-1298
7.85470318794	-1420
7.85470700264	-1420
7.85474419594	-1054
7.855271101	-1298
7.86591410637	-1420
7.86592006683	-1420
7.86596798897	-1054
7.86607313156	-1298
7.8696680069	-1420
7.86967206001	-1176
7.86982607841	-1420
7.86982917786	-1176
7.87277007103	543
7.87361502647	-1420
7.87362098694	-42
7.87484717369	-1420
7.87485218048	-1176
7.87580919266	-1298
7.87588500977	543
7.88933610916	-1420
7.8893430233	-1176
7.89223003387	-1298
7.8967730999	-1420
7.8968231678	-1420
7.89682602882	-1054
7.92071509361	543
7.92136216164	543
7.97768306732	-1298
7.97770214081	-1420
7.97774004936	-1176
7.97779202461	-1298
7.97994804382	-1420
7.97996306419	-1176
7.98150610924	-1420
7.98152017593	-1176
7.98155498505	-1298
7.9816660881	-1420
7.9816839695	-1176
7.98173809052	-1298
7.99267601967	-1420
7.99269199371	-1420
7.99272704124	-1054
7.99287414551	-1298
7.99615502357	-1298
7.9963259697	-1420
7.99636602402	-1420
7.99637007713	-1054
7.99642896652	-1420
7.99643206596	-1176
7.99652814865	-1420
7.99653220177	-1176
8.00068306923	-1420
8.00069618225	-1176
8.00180506706	-1420
8.00180912018	-1176
8.00202512741	543
8.00207400322	-1420
8.00207614899	-1176
8.01622200012	-1420
8.0162320137	-1176
8.01625919342	-1298
8.01636505127	-1298
8.01647114754	543
8.02349996567	-1420
8.02350497246	-1176
8.02361416817	-1420
8.02361798286	-1176
8.02785396576	-1298
8.10496807098	-1420
8.1049861908	-1420
8.10503911972	-1420
8.10504198074	-932
8.1050760746	-1298
8.10688614845	-1298
8.10699701309	-1420
8.10700106621	-1176
8.10720300674	-1298
8.10821199417	-1420
8.10823607445	-1176
8.10852599144	-1420
8.10856413841	-1420
8.10856699944	-1420
8.10860109329	-932
8.11238002777	-1298
8.11956214905	-1420
8.11957716942	-1176
8.11965298653	-1298
8.11965608597	-1420
8.11969208717	-1176
8.12283110619	-1298
8.12312412262	-1420
8.12312912941	-1420
8.12316799164	-1054
8.12327003479	543
8.12330698967	-1298
8.12331008911	-1420
8.1233651638	-1176
8.12344813347	543
8.12348413467	-1298
8.12361907959	-1420
8.12363910675	-1176
8.12372207642	-1298
8.1238219738	-1298
8.12726902962	-1420
8.12729215622	-1176
8.1274831295	-1298
8.12760901451	-1298
8.12853002548	-1298
8.12857317924	-1298
8.12875103951	-1420
8.12877106667	-1176
8.12886619568	-1420
8.12888598442	-1176
8.14334011078	-1420
8.14340615273	-1420
8.14341115952	-1054
8.14353513718	-1420
8.14353919029	-1176
8.14365005493	-1298
8.14374399185	1057
8.15023899078	-1298
8.15054297447	-1420
8.15058398247	-1420
8.15058708191	-1054
8.15064811707	-1420
8.15065002441	-1176
8.19463515282	-1420
8.19465208054	-1176
8.2318520546	-1298
8.23186898232	-1420
8.23190617561	-1176
8.23222112656	-1420
8.23227000237	-1420
8.23227310181	-1054
8.23254799843	543
8.23300409317	543
8.23398303986	-1420
8.23398804665	-1420
8.23402619362	-1420
8.23402905464	-932
8.23416209221	543
8.23497915268	-1420
8.23498511314	-1176
8.23511719704	-1420
8.2351231575	-1176
8.23548698425	-1420
8.23549509048	-1176
8.23558998108	543
8.23562717438	-1420
8.23562908173	-1176
8.2356801033	-1420
8.23568415642	-1176
8.24613118172	-1298
8.24629306793	-1420
8.24633312225	-1420
8.24633598328	-1054
8.24645805359	-1420
8.24646115303	-1420
8.24649906158	-1054
8.24655103683	-1298
8.24977898598	-1298
8.24983906746	-1420
8.24986219406	-1176
8.25025200844	-1420
8.2502951622	-1420
8.25029802322	-1054
8.25033402443	-1420
8.25033712387	-1420
8.25037717819	-1054
8.25038003922	-1298
8.25048613548	-1298
8.25058197975	543
8.25069117546	-1420
8.25069618225	-1420
8.25073409081	-1054
8.25096416473	-1298
8.25104808807	-1298
8.2543861866	-1420
8.25443696976	-1420
8.25444316864	-1420
8.2544760704	-932
8.25480914116	-1420
8.25482916832	-1176
8.25541114807	-1420
8.25543403625	-1176
8.25573801994	-1420
8.25577902794	-1420
8.25578212738	-1054
8.2562110424	-1420
8.25621414185	-1420
8.2562520504	-1054
8.25628900528	-1420
8.25630807877	-1176
8.25647211075	543
8.27066516876	-1420
8.27067613602	-1420
8.27072811127	-1054
8.27073097229	-1298
8.27079796791	-1298
8.2709441185	-1420
8.27096509933	-1176
8.27120399475	-1298
8.277739048	-1420
8.27775096893	-1420
8.27779817581	-1420
8.27780199051	-1420
8.27784800529	-810
8.27785015106	-1420
8.2778840065	-1176
8.27793598175	-1298
8.27875614166	543
8.28225302696	543
8.28277611732	543
8.3200609684	543
8.32032513618	1057
8.32069206238	-1298
8.32143211365	-1420
8.32145500183	-1176
8.32181406021	-1298
8.33791708946	543
8.33816599846	543
8.3590400219	-1420
8.35905599594	-1420
8.35911297798	-1054
8.35911607742	-1420
8.35916304588	-1420
8.359167099	-1054
8.35920000076	-1298
8.3592979908	-1298
8.36084008217	-1420
8.36084699631	-1420
8.36089015007	-1054
8.36093401909	-1420
8.36097097397	-1176
8.3610200882	-1298
8.3619081974	-1298
8.36196708679	-1298
8.36214804649	-1420
8.36215305328	-1176
8.36221909523	-1420
8.36222314835	-1176
8.36257314682	-1298
8.3626241684	-1420
8.36262798309	-99
8.37020516396	543
8.37122011185	1057
8.3793721199	-1298
8.38619399071	-1420
8.38622117043	-1176
8.38622403145	-1298
8.38772916794	-1298
8.38788604736	-1420
8.38791918755	-1176
8.40380597115	543
8.40406012535	1057
8.40753698349	-1420
8.40754508972	-1176
8.40762114525	-1298
8.41066908836	-1298
8.41106700897	543
8.45260119438	1460
8.45267701149	1139
8.45579004288	-1298
8.45999002457	1057
8.4601919651	1057
8.46146917343	-1298
8.46163702011	-1298
8.4700551033	1057
8.47054409981	543
8.47072005272	543
8.48150610924	-1420
8.4815120697	-1420
8.48156499863	-1054
8.48203516006	1057
8.48747205734	-1298
8.48930096626	-1171
8.5391960144	-1420
8.53921413422	-1420
8.53925204277	-1054
8.53935408592	-1420
8.53937315941	-1176
8.53952097893	-1298
8.54264497757	-1420
8.54265117645	-1420
8.54269218445	-1054
8.56005501747	-1420
8.56012296677	-1420
8.56012797356	-1054
8.56053805351	-1298
8.5606341362	543
8.56410908699	-1420
8.56411719322	-1420
8.5641810894	-1054
8.5716149807	-1420
8.57164406776	-1176
8.57169413567	-1298
8.57263898849	-1420
8.57264518738	-1176
8.57330918312	-1298
8.59014201164	-1420
8.59019804001	-1420
8.59020209312	-1054
8.64147305489	-1420
8.64149403572	-1420
8.64154005051	-1054
8.64167308807	543
8.65438508987	-1420
8.65440201759	-1176
8.65511417389	-1298
8.65636014938	-434
8.66193604469	-1420
8.66195297241	-1176
8.66583299637	-1420
8.66583800316	-1176
8.66587018967	-1298
8.66760110855	-1298
8.66763520241	-1420
8.66763901711	-1176
8.66778612137	543
8.66909599304	543
8.67073011398	-1420
8.6707341671	-1176
8.67079901695	-1298
8.67496609688	-1420
8.67502498627	-1420
8.67502903938	-1054
8.67923212051	-1298
8.67982816696	-1298
8.68052697182	-1298
8.68191719055	-1298
8.68619513512	-1420
8.68620800972	-1176
8.6875770092	543
8.68875598907	543
8.6893851757	-1420
8.6893901825	-1420
8.68943119049	-1054
8.68950104713	543
8.69014120102	-1298
8.69021296501	543
8.6912779808	-1298
8.69134712219	-1298
8.69268608093	-1298
8.69383001328	-1420
8.69387507439	-1420
8.69387817383	-1054
8.70214319229	-1298
8.70371198654	-1420
8.70375919342	-1420
8.70376110077	-1054
8.70578408241	-1420
8.70579004288	-1176
8.70692706108	-1298
8.70880699158	-1420
8.70884919167	-1420
8.70885205269	-1054
8.71304011345	-1298
8.71322917938	-1420
8.71325397491	-1176
8.71583914757	-1298
8.71594214439	543
8.71773409843	-1420
8.71773910522	-1420
8.71778297424	-1054
8.71951818466	-1420
8.71954107285	-1176
8.72080302238	-1298
8.72183012962	-1298
8.72337412834	-1420
8.7233979702	-1176
8.72348308563	-1298
8.72448205948	-1298
8.72466206551	-1420
8.72468209267	-1176
8.72715497017	-1420
8.72719597816	-1420
8.72719812393	-1054
8.72834801674	-1298
8.72926712036	-1298
8.72942018509	-1298
8.7304520607	543
8.73090600967	-1298
8.73105096817	-1420
8.7310731411	-1176
8.73330116272	-1420
8.73332810402	-1176
8.73337316513	-1298
8.73631310463	-1420
8.73631906509	-1176
8.73634505272	-1298
8.73666501045	-1298
8.73729300499	-1298
8.73750114441	-1298
8.73805999756	-1298
8.74051618576	-1420
8.74055504799	-1420
8.7405591011	-1054
8.74276614189	543
8.7432911396	543
8.74347019196	543
8.74514102936	-1420
8.74514698982	-1176
8.76012611389	1057
8.78269815445	-111
8.79870605469	543
8.79893398285	543
8.79949998856	543
8.79973602295	543
8.7999920845	543
8.80019497871	543
8.84190702438	543
8.84216213226	543
8.90985918045	-543
8.92002511024	-1420
8.92007112503	-1176
8.94809508324	-1298
8.95973515511	-1298
8.97378015518	543
8.97594404221	-1298
8.97873306274	543
8.99430799484	-1298
8.99539208412	-1298
8.99555516243	-1298
8.99583601952	-1298
8.99855113029	-1420
8.99855709076	-1176
8.99862408638	-1298
8.99879813194	543
9.00094914436	-1420
9.00095319748	-1176
9.00175619125	-1298
9.00833511353	-1298
9.00849413872	-1420
9.00849819183	-1176
9.01252818108	-1298
9.01269412041	543
9.01273703575	-1420
9.01273918152	-1176
9.01362705231	543
9.01390600204	-1298
9.01410913467	-1420
9.01413202286	-1176
9.01564311981	-1420
9.01566505432	-1176
9.01713609695	-1298
9.01834011078	-1420
9.01834416389	-1420
9.01838111877	-1054
9.02094817162	-1298
9.0210621357	-1420
9.02106618881	-1176
9.0211250782	543
9.02275300026	-1298
9.02387499809	-1420
9.02390003204	-1176
9.02545905113	-1298
9.02564716339	-1298
9.02624416351	-1298
9.02638816833	-1298
9.02639198303	-1298
9.02799701691	-1298
9.03654813766	-780
9.03841805458	543
9.03907608986	543
9.07885599136	-1298
9.07892608643	-1298
9.08035302162	-1420
9.08035802841	-1420
9.08038806915	-1054
9.08146905899	-1298
9.08171796799	-1420
9.0817220211	-1176
9.08534908295	-1298
9.09411597252	-1298
9.09599614143	-1420
9.09601211548	-1176
9.09615707397	-1298
9.10479617119	-1298
9.11344003677	-1298
9.11538720131	-1298
9.11607098579	1460
9.11612010002	625
9.13201999664	543
9.1327381134	543
9.13296318054	-1298
9.13516116142	-1298
9.13524007797	543
9.13745808601	-1420
9.1374630928	-1176
9.14058113098	-1298
9.143253088	-1420
9.14330220222	-1176
9.14351701736	-1298
9.14780497551	-1420
9.14781904221	-1420
9.14787101746	-1054
9.14974713326	-1298
9.15110707283	-1298
9.15129899979	-1420
9.15133714676	-1176
9.15515613556	-1420
9.15518116951	-1176
9.15523219109	-1298
9.15641212463	-1420
9.1564180851	-1420
9.15645813942	-1054
9.1590950489	-1420
9.15914511681	-1420
9.15914797783	-1054
9.16029715538	-1298
9.16264104843	543
9.16322398186	-623
9.16557908058	-1298
9.1891541481	-1298
9.19418811798	-1298
9.19455313683	-1298
9.19663119316	-1420
9.19666600227	-1176
9.19718718529	-1298
9.19827699661	-1298
9.19863009453	-1420
9.1986720562	-1176
9.22051119804	-1420
9.22057414055	-1420
9.22057914734	-1054
9.23508000374	-1420
9.23509502411	-1420
9.23514819145	-1054
9.23632407188	-1298
9.2399930954	1057
9.24631500244	-1298
9.25297117233	543
9.27254414558	-1420
9.27255606651	-1420
9.27258896828	-1054
9.29012608528	-991
9.29386305809	-1298
9.30487298965	-1298
9.32053399086	-1298
9.32754898071	-1298
9.33154916763	-1298
9.33720517159	-1298
9.34634208679	-543
9.35482001305	-1298
9.37514901161	-1298
9.37519812584	-1298
9.37544512749	-1420
9.37548708916	-1176
9.38237810135	543
9.4169781208	-1063
9.49079418182	-1420
9.49081110954	-1176
9.49765300751	-1298
9.50057911873	-1298
9.50670909882	-1420
9.50675702095	-1176
9.50676012039	-1298
9.51280903816	-1298
9.51300311089	-1420
9.51304602623	-1176
9.51630806923	-1298
9.51901912689	-1298
9.52132606506	-1420
9.52136802673	-1176
9.52207708359	-1298
9.52352714539	-1298
9.52874302864	-1420
9.52880120277	-1420
9.52880597115	-1054
9.53143310547	-1298
9.53635215759	-1298
9.53649616241	-1420
9.53653717041	-1176
9.53910803795	-1298
9.54223918915	-1298
9.54380202293	-512
9.54513597488	543
9.54674911499	-1298
9.54862713814	-1420
9.54867005348	-1176
9.55357313156	-1298
9.56199812889	-1298
9.56381106377	-1298
9.56990504265	543
9.57429599762	-1298
9.57456111908	-1298
9.5773370266	-1298
9.58438205719	-1298
9.58498597145	-1298
9.59552001953	-1298
9.60179400444	-1298
9.60820603371	-1298
9.61262702942	-1298
9.61341619492	-1298
9.61357307434	-1298
9.62585711479	-1298
9.62864017487	-1298
9.63006997108	-1298
9.63683915138	-1298
9.63807201385	-1298
9.64247608185	-1298
9.65904998779	-1298
9.66330909729	-1298
9.66514110565	-1298
9.66988015175	-1298
9.67023015022	543
9.67221713066	-523
9.67605519295	-1298
9.67899799347	-1298
9.68699502945	-1298
9.69822716713	-1298
9.70106506348	-1420
9.70112013817	-1176
9.70338797569	-1420
9.70344400406	-1176
9.7255961895	-1420
9.72566604614	-1176
9.72865819931	-1420
9.72869706154	-1176
9.79474496841	-1298
9.79923701286	-552
9.79943704605	543
9.82201814651	-1298
9.847479105	-1298
9.88372397423	-1420
9.88375210762	-1176
9.89866399765	-1420
9.89867305756	-1176
9.91127610207	-1298
9.91359615326	543
9.92614817619	-427
9.96904611588	-1298
9.99857115746	-1298
10.0108721256	-1298
10.011079073	543
10.0251791477	-1298
10.0526800156	-122
10.1793880463	-543
10.2327561378	-1298
10.2568120956	-1298
10.3106210232	-1298
10.3389050961	-1298
10.3555321693	-151
10.3672749996	-1298
10.4052660465	-1298
10.4313910007	-1298
10.4314661026	-1298
10.4483530521	-1298
10.4507820606	-1298
10.4678211212	-1298
10.4726531506	-1298
10.4822630882	-215
10.526168108	-1298
10.5280740261	-1298
10.5812411308	-1298
10.5837171078	-1298
10.6090180874	-151
10.6129791737	-1298
10.7356350422	-302
11.0565361977	-543
11.1835520267	-543
11.2213850021	543
11.2626821995	1057
11.2629671097	543
11.2661950588	543
11.2664120197	543
11.2665941715	543
11.3352591991	543
11.3355400562	543
11.5094790459	-543
11.5122711658	-1298
11.512430191	-1298
11.5142550468	-1420
11.5143191814	-1176
11.514332056	-1298
11.5162911415	-1420
11.516297102	-1420
11.51633811	-1054
11.5203170776	-1420
11.5203499794	-1176
11.5205681324	-1298
11.5225031376	-1298
11.5226140022	543
11.5254781246	-1298
11.5256390572	-1298
11.5259511471	-1298
11.5328099728	-1420
11.5328431129	-1176
11.53323102	-1298
11.5366060734	-1420
11.5366110802	-1420
11.5366470814	-1054
11.536837101	543
11.5371329784	-1420
11.5371370316	-1176
11.5371639729	-1298
11.5403990746	-1298
11.5429441929	-1420
11.5429480076	-1420
11.5429840088	-1054
11.545550108	-1298
11.5457980633	-1298
11.5460660458	-1298
11.5488159657	-1420
11.5488209724	-1420
11.5488591194	-1054
11.5509111881	-1420
11.5509531498	-1420
11.5509572029	-1054
11.5515601635	-1298
11.5598921776	543
11.5694830418	-1298
11.5706021786	-1420
11.5706541538	-1176
11.5707600117	-1298
11.5747311115	-1298
11.5750081539	-1298
11.5759651661	-1420
11.5759701729	-1420
11.5760200024	-1054
11.5760991573	-1298
11.5761899948	543
11.578715086	-1298
11.5789179802	-1420
11.5789489746	-1176
11.5811359882	-1420
11.5811781883	-1420
11.5811800957	-1054
11.5821511745	543
11.58507514	-1420
11.5850851536	-1420
11.5851120949	-1054
11.5882620811	-1420
11.5883080959	-1420
11.5883111954	-1054
11.5885820389	-1298
11.5888471603	-1298
11.5890481472	-1420
11.5890510082	-1176
11.6039071083	-1420
11.6039230824	-1420
11.603976965	-1054
11.6096920967	-1298
11.6098120213	-1298
11.6099040508	-1298
11.6100561619	543
11.6142950058	-1420
11.6143009663	-1420
11.6143419743	-1054
11.6156179905	-1420
11.6156561375	-1176
11.6157341003	-1298
11.6159420013	-1298
11.6272900105	-1298
11.6273300648	-1298
11.6329221725	-1298
11.639332056	-439
11.6491661072	-1420
11.6492171288	-1420
11.6492211819	-1054
11.691049099	543
11.6916291714	543
11.6918330193	543
11.7327051163	543
11.7329411507	543
11.733164072	1460
11.7332069874	111
11.7664060593	-276
11.7843801975	543
11.7899010181	1460
11.7899560928	111
11.7947711945	543
11.8251361847	543
11.8253951073	543
11.9016129971	-1298
11.9017241001	-1420
11.9017751217	-1176
11.9029130936	-1420
11.9029500484	-1420
11.9029550552	-1054
11.9054169655	-1298
11.9055562019	-1420
11.9055840969	-1176
11.9080021381	-1298
11.9081201553	543
11.9085540771	-1298
11.908823967	-1420
11.908864975	-1176
11.9106431007	-1298
11.9108281136	543
11.9138050079	-1420
11.9138100147	-1420
11.9138510227	-1054
11.914137125	-1420
11.9141771793	-1176
11.9142651558	-1298
11.917288065	-1420
11.9172949791	-1420
11.9173190594	-1054
11.9174370766	-878
11.9284451008	-1420
11.9284601212	-1420
11.9285161495	-1054
11.929418087	-1298
12.0035510063	-1420
12.0035769939	-1176
12.0363180637	-1298
12.0384840965	-1298
12.0386781693	-1298
12.0552721024	-1060
12.0630390644	543
12.0632560253	543
12.0926730633	543
12.1070640087	-1298
12.1208100319	-1298
12.1415860653	-1298
12.1418511868	-1298
12.1421530247	-1298
12.1446070671	1460
12.1446590424	625
12.1823120117	-967
12.1953439713	-1298
12.1956231594	-1298
12.2223100662	-1298
12.3221840858	-363
12.3890650272	-1420
12.3890810013	-1176
12.4952600002	-32
12.5218081474	543
12.5232381821	543
12.5249590874	-1298
12.5519042015	-1298
12.578138113	-1298
12.5953969955	-1298
12.6222741604	-1208
12.6802580357	-1298
12.688462019	543
12.7473011017	-1298
12.7773602009	-90
12.8000171185	543
12.8327841759	543
12.8333370686	543
12.8335540295	543
12.8792359829	-1420
12.879253149	-1420
12.8792970181	-1054
12.9044141769	-819
12.922109127	543
12.9532849789	-1298
13.0315680504	-816
13.0533781052	543
13.1579730511	543
13.1589100361	-543
13.1705131531	543
13.1761419773	543
13.2523679733	543
13.252614975	543
13.2861580849	-543
13.299932003	543
13.3002541065	543
13.3680450916	-1298
13.4130730629	-331
13.5213451385	-1298
13.5401489735	-845
13.5423920155	543
13.542714119	543
13.5431861877	543
13.577586174	543
13.5981731415	-1298
13.6323120594	543
13.6668870449	-331
13.7942430973	-543
13.8609831333	-1298
13.8950932026	-1298
13.902613163	543
13.9193701744	-1298
13.9228231907	-1298
13.9245250225	-1298
13.9248950481	-1298
13.9249961376	-1420
13.9250001907	-1176
13.9275979996	-1298
13.9277989864	-1298
13.9309341908	-1420
13.9309380054	-1176
13.9312691689	-1298
13.9320931435	-1298
13.9322631359	543
13.9327330589	-1420
13.9327380657	-1176
13.9350860119	-1420
13.935090065	-1176
13.9351830482	-1298
13.940762043	543
13.9490811825	-1420
13.9490880966	-1420
13.949131012	-1054
13.9519071579	-1420
13.9519500732	-1420
13.9519541264	-1054
13.9520611763	543
13.9522190094	-1420
13.9522240162	-1420
13.9522621632	-1054
13.9551930428	-1298
13.9586720467	-1420
13.9586770535	-1420
13.9587140083	-1054
13.960198164	-222
13.9603121281	543
13.9613599777	-1298
13.9615221024	-1298
13.9620940685	-1298
13.9814190865	-1420
13.9814841747	-1420
13.9814879894	-1054
13.9893431664	-1298
13.9907741547	-1298
13.9918839931	-1420
13.9918870926	-1176
13.9950351715	-1298
13.9956569672	-1298
13.9995760918	-1298
14.0000860691	543
14.0001430511	543
14.0003240108	543
14.0065670013	-1298
14.0066981316	-1298
14.0069680214	-1298
14.0073320866	-1298
14.0885059834	-384
14.1573400497	-1298
14.2553260326	-302
14.2649140358	543
14.2653980255	543
14.3291010857	-1298
14.3399071693	543
14.3526351452	543
14.3532311916	-1298
14.3822860718	-90
14.3830270767	543
14.3832230568	543
14.5094549656	-543
14.54134202	-1298
14.6124022007	-1420
14.6124191284	-1420
14.6124839783	-1054
14.6678271294	-64
14.7948491573	-543
14.8478350639	543
14.8481421471	543
14.8699171543	543
14.9887290001	543
15.0300111771	-543
15.1569721699	-543
15.1733481884	543
15.1752610207	1057
15.2063391209	-1298
15.2120850086	543
15.2248930931	543
15.2343289852	-1298
15.234568119	-1298
15.2604441643	-1420
15.260461092	-1420
15.2605221272	-1054
15.2664752007	543
15.2676851749	1460
15.2677340508	625
15.2736201286	-1298
15.2742230892	-1420
15.2742681503	-1176
15.274392128	-1298
15.278534174	-1420
15.2785451412	-1176
15.278594017	-1420
15.2785961628	-1176
15.280105114	-1298
15.2804701328	-1420
15.2805051804	-1176
15.2805800438	543
15.2823181152	-1420
15.282323122	-1176
15.2825341225	-1298
15.2876811028	-1420
15.2877361774	-1176
15.2877390385	-1298
15.3009951115	-994
15.3011260033	543
15.3022100925	-1420
15.302216053	-1176
15.302489996	-1298
15.3029720783	-1298
15.3038539886	-1420
15.3038589954	-1176
15.3043429852	-1420
15.3043560982	-1176
15.304404974	-1298
15.3063189983	-1298
15.3087170124	-1420
15.3087220192	-1176
15.3093361855	-1298
15.3094260693	-1298
15.3095610142	-1298
15.3126840591	-1298
15.3145301342	-1420
15.3145370483	-1420
15.3145821095	-1054
15.3147790432	-1420
15.314822197	-1176
15.3148779869	543
15.315002203	-1298
15.3434350491	-1298
15.4278299809	-936
15.4393970966	-1298
15.4459621906	-1298
15.4498920441	543
15.4599530697	-1420
15.4599611759	-1176
15.4824039936	-1298
15.5019330978	543
15.5093669891	-1298
15.509925127	543
15.5103130341	543
15.5105190277	543
15.5550529957	-697
15.6817440987	-543
15.7376179695	-1420
15.7376351357	-1420
15.737691164	-1054
15.740363121	-1298
15.7405371666	543
15.7432870865	543
15.7434740067	543
15.7450091839	-1420
15.7450141907	-1420
15.7450711727	-1054
15.7508571148	-1420
15.7508940697	-1176
15.7511661053	-1298
15.7560300827	-1298
15.7560381889	-1298
15.7563431263	543
15.7592589855	-1298
15.7615690231	-1420
15.7616181374	-1420
15.7616209984	-1054
15.7641761303	-1298
15.7644071579	-1298
15.7677481174	-1298
15.7678420544	543
15.7702009678	-1420
15.7702071667	-1420
15.7702300549	-1054
15.774793148	-1420
15.7748441696	-1420
15.7748470306	-1054
15.7790241241	-1298
15.7810041904	-1298
15.781167984	-1298
15.7828559875	-1420
15.7828981876	-1420
15.7829020023	-1054
15.7847189903	-1298
15.7860701084	-1420
15.786096096	-1176
15.7878131866	-1298
15.7905161381	-1298
15.7927470207	-1420
15.7927861214	-1176
15.7943000793	-1298
15.7944471836	-1298
15.7944700718	543
15.7967960835	-1298
15.796929121	-1298
15.7989020348	-1420
15.7989070415	-1176
15.7990071774	543
15.8005421162	-1420
15.8005490303	-1176
15.8024401665	-1298
15.8025860786	-1420
15.802628994	-1176
15.8039960861	-1298
15.805339098	-1420
15.8053450584	-1176
15.8074061871	-1298
15.8090081215	-1420
15.8090531826	-1420
15.8090560436	-1054
15.8126521111	-1298
15.8138570786	-1298
15.8139970303	-1298
15.815570116	-1298
15.8156940937	543
15.8157510757	-1420
15.8157541752	-1176
15.8172430992	-1298
15.8193480968	-1420
15.8193740845	-1176
15.8207900524	-1298
15.8221430779	-1298
15.8222231865	-1298
15.8224179745	-1298
15.8270671368	-1298
15.8296031952	-1420
15.8296101093	-1420
15.8296530247	-1054
15.8312849998	-1420
15.8313109875	-1176
15.8329601288	-1298
15.8344330788	-1420
15.8344449997	-1420
15.8345000744	-1054
15.8372120857	-1420
15.8372380733	-1176
15.8372910023	-1298
15.8399829865	-1298
15.841173172	-1298
15.8425841331	543
15.8427391052	543
15.8428690434	-1298
15.8430230618	-1298
15.8441870213	-1298
15.8459041119	-1420
15.8459570408	-1176
15.845968008	-1298
15.8473069668	-1420
15.8473100662	-1176
15.847507	-1298
15.8500990868	-1420
15.8501241207	-1176
15.8503570557	-1298
15.8512601852	-1298
15.8522391319	-1420
15.8522660732	-1176
15.8531031609	-1298
15.853798151	543
15.855369091	-1420
15.8553841114	-1176
15.8556301594	-1298
15.8563051224	-1298
15.8563261032	-1420
15.8563292027	-1176
15.8573169708	-1420
15.8573219776	-1176
15.8576881886	-1298
15.8646261692	-1420
15.8646490574	-1176
15.8647141457	-1420
15.8647441864	-1176
15.8673391342	-1420
15.8673791885	-1176
15.8689420223	-1298
15.8716011047	-1298
15.8717701435	-1298
15.8718061447	-1298
15.8776600361	-1298
15.8777141571	-1420
15.8777179718	-1176
15.8778290749	-1298
15.8828999996	-1420
15.8829431534	-1176
15.8838579655	-1298
15.8841571808	-1298
15.8863461018	-1298
15.8865120411	543
15.886685133	543
15.8881471157	-1298
15.8883039951	-1420
15.8883481026	-1420
15.888351202	-1054
15.8884620667	-1298
15.8911850452	-1298
15.891381979	-1298
15.8968710899	-1298
15.8971030712	-1298
15.8972220421	-1298
15.8972980976	-1420
15.8973011971	-1420
15.8973281384	-1054
15.8974070549	543
15.9017140865	-1298
15.9019570351	-1420
15.9020149708	-1176
15.9020180702	-1298
15.9072890282	-1298
15.9075090885	-1298
15.9098670483	-1420
15.9098711014	-1420
15.9099421501	-1054
15.9099450111	-1420
15.9100041389	-1176
15.9126629829	-1298
15.9127020836	-1298
15.9127039909	-1298
15.9128410816	-1420
15.9128451347	-1176
15.9174571037	-1298
15.9176290035	-1298
15.9195241928	-1420
15.9195389748	-1420
15.9196109772	-1054
15.9196140766	-1298
15.9197800159	543
15.9199011326	543
15.9212841988	-1420
15.9212920666	-1176
15.9223680496	-1298
15.9238431454	-1298
15.9255831242	-1420
15.925588131	-681
15.9279601574	-1420
15.9279639721	-1176
15.9335939884	-1298
15.9339220524	-1420
15.9339561462	-1176
15.9347221851	-1298
15.935172081	-1420
15.9351761341	-1176
15.9359300137	-1298
15.9362680912	-1298
15.9364070892	-1420
15.9364101887	-1176
15.9424431324	-1420
15.9424500465	-1420
15.9424901009	-1054
15.9425871372	543
15.9428889751	-1420
15.9428939819	-1176
15.9430451393	-1298
15.9483690262	-1420
15.9484131336	-1420
15.9484159946	-1420
15.9484500885	-932
15.9516019821	-1420
15.9516510963	-1176
15.9516541958	-1298
15.9533820152	-1420
15.9533860683	-1176
15.9534480572	-1298
15.9576790333	-1420
15.9577240944	-1420
15.9577260017	-1054
15.9584331512	-1298
15.9585220814	543
15.960914135	-1298
15.9610021114	-1298
15.9658629894	-1298
15.9665160179	-1298
15.968059063	-1298
15.9681720734	-1298
15.9701480865	-1298
15.9702751637	543
15.9725301266	-1298
15.9747550488	-1298
15.9765059948	-1298
15.9765851498	-1298
15.9782471657	-1298
15.9783351421	543
15.9799630642	-1298
15.9808900356	-1298
15.9821109772	-1298
15.9833571911	-1420
15.9833869934	-1176
15.9842960835	-1298
15.9853050709	-1298
15.9863510132	-1298
15.9875481129	-1298
15.9884910583	-1298
15.9885590076	-1298
15.9898440838	-1298
15.9908809662	-1298
15.9924399853	-1298
15.9930250645	-1298
15.9978480339	-1420
15.9978899956	-1176
16.0019791126	-1420
16.0020151138	-1176
16.0031471252	-1420
16.0031900406	-1420
16.00319314	-1054
16.0042011738	-1298
16.0043811798	543
16.0068781376	-1298
16.0070431232	-1298
16.0074579716	-1298
16.0076620579	-1420
16.0077040195	-1176
16.0279920101	-1420
16.0280411243	-1176
16.0505111217	-32
16.1101150513	543
16.1106660366	543
16.1109130383	543
16.111164093	543
16.1681079865	543
16.1911461353	-1298
16.1913821697	543
16.1995329857	543
16.2203631401	-331
16.2873260975	543
16.3618171215	-1298
16.363350153	-1420
16.3633561134	-1420
16.3634030819	-1054
16.3652100563	-1420
16.3652150631	-1176
16.3671340942	-1420
16.3671500683	-1420
16.3671941757	-1054
16.3680131435	-1298
16.3822100163	-1420
16.3822200298	-1176
16.3829081059	-1298
16.3859980106	-1298
16.3878650665	-1298
16.3880400658	-1298
16.3966941833	-654
16.4082779884	543
16.4088411331	543
16.4091260433	543
16.4094040394	543
16.4156692028	-1298
16.4188191891	-1298
16.4206330776	543
16.4207751751	-1420
16.4207801819	-1176
16.4209280014	543
16.4262020588	-1420
16.4262089729	-1420
16.4262530804	-1054
16.4279081821	-1298
16.4280230999	543
16.4280800819	-1420
16.4280819893	-1176
16.4356400967	-1298
16.4357070923	-1298
16.4357969761	-1298
16.4366931915	-1298
16.4396409988	-1298
16.4398829937	-1420
16.4399280548	-1176
16.4412920475	-1420
16.4413330555	-1176
16.4414241314	-1298
16.4445850849	-1298
16.4475021362	-1420
16.4475381374	-1176
16.4475421906	-1298
16.4477331638	543
16.4495890141	-1420
16.4495940208	-1176
16.4519581795	-1298
16.4520390034	543
16.4540131092	-1298
16.4541380405	-1420
16.4541699886	-1176
16.4695110321	-1420
16.4695630074	-1176
16.5236001015	-1192
16.564027071	-1420
16.5640521049	-1420
16.5641009808	-1054
16.5662760735	-1420
16.5662829876	-1176
16.5663151741	-1298
16.5783791542	-1420
16.5783929825	-1176
16.5787920952	-1298
16.5798010826	-1420
16.5798070431	-1420
16.5798270702	-1054
16.5901250839	-1420
16.5901360512	-1176
16.5901651382	-1298
16.5964310169	-1420
16.5964369774	-1420
16.5964820385	-1054
16.5966181755	543
16.6008579731	-1420
16.600864172	-1420
16.6009089947	-1054
16.6013410091	-1298
16.6034221649	-1298
16.6034910679	-1298
16.6037561893	-1298
16.608836174	-1298
16.6088590622	-1298
16.6088969707	-1298
16.611328125	-1420
16.6113331318	-1420
16.6113750935	-1054
16.6164541245	-1298
16.6164810658	-1298
16.6164841652	-1298
16.6226270199	-1420
16.6226329803	-1176
16.6230840683	-1420
16.6230971813	-1176
16.6269171238	-1420
16.6269230843	-1420
16.6269631386	-1054
16.6270530224	543
16.6272201538	543
16.6312930584	-1420
16.6312980652	-1420
16.6313431263	-1054
16.6326639652	-1420
16.6327030659	-1176
16.6329081059	-1298
16.6389040947	-1420
16.6389081478	-1420
16.6389451027	-1054
16.6397931576	-1298
16.6442930698	-1420
16.6442980766	-1420
16.6443359852	-1054
16.6481711864	-1298
16.6483511925	-1298
16.6489369869	-1298
16.6489691734	-1298
16.6491580009	-543
16.6492311954	-1298
16.6495780945	-1298
16.6562721729	-1420
16.6563000679	-1176
16.6563911438	-1298
16.6564640999	543
16.6652970314	-1420
16.665304184	-1420
16.6653470993	-1054
16.6657171249	-1298
16.6665830612	543
16.667057991	543
16.6690611839	-1420
16.6690671444	-1420
16.6691160202	-1054
16.6712059975	-1420
16.6712441444	-1420
16.6712470055	-1054
16.6749880314	-613
16.6750621796	543
16.6785299778	-1298
16.6787149906	-1298
16.6789040565	-1298
16.6792590618	-1298
16.6794641018	-1298
16.6799170971	-1298
16.6799969673	543
16.6801559925	-1298
16.6831431389	-1420
16.6831650734	-1176
16.6864700317	-1298
16.6864950657	-1420
16.6864981651	-1176
16.6904060841	-1298
16.6905751228	-1420
16.6905970573	-1176
16.6920001507	-1420
16.6920230389	-1176
16.6920731068	-1298
16.6979291439	-1420
16.6979341507	-1420
16.6979820728	-1054
16.6982531548	-1298
16.6989381313	-1298
16.6991350651	-1298
16.699308157	-1298
16.7069091797	-1298
16.7070879936	543
16.7072219849	-1420
16.7072250843	-1176
16.7130980492	-1420
16.7131040096	-1176
16.7184000015	-1298
16.7205140591	-1298
16.7285599709	-1298
16.730681181	543
16.734703064	-1298
16.7413420677	-1298
16.7415950298	-1298
16.7454180717	-1298
16.7552800179	-1420
16.7552950382	-1176
16.7665500641	-1420
16.7665660381	-1420
16.7666189671	-1054
16.7667770386	543
16.7694621086	-1298
16.7727100849	-1420
16.7727370262	-1176
16.7789971828	-1298
16.7823460102	-1298
16.7880730629	1057
16.7890741825	-1298
16.793637991	-1298
16.7937409878	543
16.7995500565	-1298
16.799669981	-1298
16.8019361496	-269
16.8036251068	-1298
16.8082950115	-1298
16.8095750809	-1298
16.8179659843	-1298
16.8208241463	-1420
16.8208510876	-1176
16.8210320473	543
16.8238430023	-1298
16.8372859955	-1298
16.8558490276	-1298
16.8635060787	-1298
16.8996841908	543
16.9263281822	-1420
16.9263401031	-1420
16.9263951778	-1054
16.9270441532	543
16.9272491932	1057
16.9288241863	-921
16.9288961887	543
16.9406170845	-1298
16.940816164	-1298
16.9437551498	-1298
16.9438641071	-1420
16.9438941479	-1176
16.9438970089	-1298
16.9483959675	-1420
16.94840312	-1176
16.9488899708	543
17.0004031658	543
17.0006990433	543
17.0048320293	-1298
17.050796032	-543
17.0554339886	-314
17.12809515	-1420
17.1281101704	-1176
17.1284689903	-1298
17.1324241161	-1420
17.1324300766	-1176
17.1326701641	-1298
17.1333091259	-1298
17.1335961819	-1298
17.1338410378	-1298
17.1338961124	-1298
17.1340010166	-1420
17.1340050697	-1176
17.1349270344	-1298
17.1378161907	543
17.1486520767	-1420
17.148660183	-1420
17.1487030983	-1054
17.1545240879	-1420
17.1545670033	-1420
17.1545710564	-1054
17.1585671902	543
17.1824979782	-901
17.2825381756	-1420
17.2825570107	-1420
17.2826211452	-1054
17.3078591824	-1298
17.3078711033	-1420
17.3079111576	-1176
17.3080060482	-1298
17.3093600273	-340
17.325658083	543
17.3258621693	1057
17.3398489952	543
17.3903319836	-1420
17.3903501034	-1176
17.3904051781	-1298
17.3928940296	-1420
17.3929400444	-1420
17.3929440975	-1054
17.3969841003	-1298
17.3971199989	-1298
17.397988081	-1298
17.3980870247	543
17.4116590023	-1298
17.411894083	-1298
17.4129750729	-1298
17.4360280037	-105
17.4826221466	1460
17.4826991558	1460
17.4827361107	1161
17.4828221798	89
17.5027530193	543
17.503015995	543
17.5957300663	-543
17.6301021576	-1420
17.6301510334	-1176
17.631029129	-1420
17.6310560703	-1176
17.6594569683	-1298
17.695567131	543
17.7165260315	-1298
17.722205162	-154
17.7480230331	-1298
17.7489011288	-1298
17.7496922016	-1420
17.7496960163	-1176
17.7535181046	-1420
17.7535250187	-1420
17.7535631657	-1054
17.7542860508	543
17.7566530704	-1420
17.7566599846	-1420
17.7567021847	-1054
17.7631549835	-1420
17.763199091	-1420
17.7632031441	-1054
17.763272047	-1298
17.7654690742	-1420
17.7654941082	-1420
17.7654960155	-1054
17.7712759972	-1420
17.771281004	-1176
17.7715291977	-1298
17.7735381126	-1420
17.7735621929	-1176
17.773856163	-1298
17.7754051685	-1420
17.7754101753	-1176
17.7756099701	-1298
17.7756140232	-1298
17.7798490524	543
17.7806119919	-1420
17.7806181908	-1420
17.7806580067	-1054
17.7809782028	-1420
17.7810020447	-1176
17.7841751575	-1298
17.7949790955	-1420
17.7949860096	-1176
17.795014143	-1298
17.7992801666	-1298
17.8049461842	-1420
17.8049511909	-1176
17.8050689697	-1298
17.8054640293	-1420
17.8054921627	-1176
17.8065299988	-1298
17.8126041889	543
17.8170871735	-1420
17.8170940876	-1420
17.8171460629	-1054
17.8272871971	-1420
17.8273329735	-1420
17.8273370266	-1054
17.8274991512	-1298
17.8316459656	-1298
17.8317871094	543
17.8319020271	-1298
17.8392281532	-1420
17.8392801285	-1420
17.8392841816	-1054
17.8393189907	-1298
17.8432581425	-1298
17.8433179855	-1298
17.8436131477	-1298
17.8478360176	-1298
17.8478419781	-1298
17.8479161263	-1298
17.8482739925	543
17.8487451077	-810
17.8557891846	-1298
17.8559470177	-1298
17.85602808	-1298
17.8589169979	-1420
17.858921051	-1420
17.8589580059	-1054
17.8634371758	-1298
17.8636879921	-1420
17.863694191	-1176
17.8715891838	-1420
17.8715951443	-1420
17.8716380596	-1054
17.8719611168	-1298
17.8772571087	-1420
17.8772711754	-1176
17.8773021698	-1298
17.8821110725	-1298
17.882171154	-1298
17.8833050728	-1298
17.8883280754	-1420
17.8883361816	-1176
17.8883690834	-1298
17.8885650635	543
17.8893351555	-1420
17.889341116	-1420
17.8893830776	-1054
17.8894650936	543
17.8945741653	-1298
17.8998281956	-1420
17.8998801708	-1176
17.901859045	-1420
17.9018959999	-1176
17.9022841454	-1298
17.9023091793	-1298
17.9052131176	-1298
17.9053740501	-1298
17.9144210815	-1420
17.9144740105	-1420
17.9144771099	-1054
17.9168181419	-1298
17.9220349789	-1420
17.9220731258	-1176
17.9274291992	-1298
17.9315960407	-1298
17.9325971603	-1298
17.9329509735	-1298
17.9359920025	1057
17.9364659786	543
17.948570013	-1420
17.9485781193	-1176
17.9526970387	543
17.9531831741	543
17.9534080029	543
17.9754290581	-301
17.9900569916	543
17.9906020164	543
18.1406769753	-543
18.1509811878	-1298
18.1715071201	-1420
18.1715180874	-1176
18.1715481281	-1298
18.1728801727	-1420
18.1729021072	-1176
18.1730849743	-1298
18.1784060001	-1420
18.1784110069	-1420
18.1784529686	-1054
18.1815099716	-1420
18.1815340519	-1176
18.1816101074	543
18.185158968	-1298
18.1852910519	-1298
18.1853699684	-1298
18.1857061386	-1298
18.1860671043	-1420
18.1860711575	-1176
18.1909570694	-1298
18.1911821365	543
18.196917057	-1420
18.1969270706	-1420
18.1969730854	-1054
18.2004611492	-1420
18.2005059719	-1176
18.2005090714	-1298
18.2025849819	-1420
18.2025911808	-1420
18.2026321888	-1054
18.2121810913	-1420
18.2122139931	-1176
18.2123479843	-1420
18.2123761177	-1176
18.2123980522	543
18.2352561951	-1420
18.2352700233	-1176
18.2353951931	-1298
18.2779140472	-440
18.2841830254	543
18.4052350521	-1086
18.4931399822	-1298
18.5195710659	-1298
18.5317261219	-119
18.6587500572	-543
19.0424540043	-543
19.4471211433	-543
19.4704561234	-543
19.8403589725	543
19.8408920765	1460
19.8409421444	1139
19.8432710171	-543
19.876499176	-543
19.9999530315	543
20.0291070938	-543
20.0327839851	-1298
20.0333311558	-1298
20.033894062	-1298
20.03404212	-1420
20.0340640545	-1176
20.0689661503	-1420
20.0690431595	-1420
20.0690920353	-1054
20.0763521194	-1298
20.0783581734	-1298
20.0785140991	-1420
20.0785341263	-1176
20.0813360214	-1420
20.0813751221	-1176
20.0832841396	-1420
20.0832901001	-1176
20.0845999718	-1298
20.0862240791	543
20.0868501663	-1420
20.0868561268	-1176
20.1566460133	-1420
20.1566631794	-1176
20.1583411694	543
20.1599650383	-1360
20.2493491173	-1298
20.2880401611	-845
20.4184510708	-1086
20.4223799706	543
20.4286820889	-1420
20.4286901951	-1420
20.4287340641	-1054
20.4325661659	-1298
20.4328861237	-1420
20.4328920841	-1420
20.4329400063	-1054
20.446860075	-1420
20.4469201565	-1420
20.4469251633	-1054
20.4482610226	-1298
20.4503979683	-1298
20.5494949818	-76
20.7165122032	-1086
20.7233760357	543
20.8858749866	-543
20.9156541824	-1420
20.9157011509	-1176
21.0429081917	-1089
21.0519850254	543
21.0733251572	543
21.0938200951	1057
21.2727510929	543
21.2729480267	543
21.3631050587	543
21.3634011745	1057
21.3636541367	543
21.3638620377	1057
21.6234910488	-543
21.633272171	-1298
21.6384341717	-1420
21.6384401321	-1176
21.6452870369	-1298
21.6538760662	-1298
21.6561660767	-1298
21.6583080292	-1298
21.7601799965	-970
21.7622730732	543
21.8899531364	-543
22.0098750591	543
22.0099771023	543
22.0563001633	-1086
22.0612471104	1460
22.061314106	111
22.0674731731	543
22.2036881447	-543
22.233287096	-1420
22.2333440781	-1176
22.2585031986	-543
22.2728691101	543
22.2730381489	543
22.3001890182	-1298
22.360352993	-334
22.5375480652	-543
22.5668420792	-1298
22.6933271885	-273
22.6937201023	1057
22.7199430466	1057
22.8211960793	-543
22.9993610382	543
23.0662610531	-543
23.2729361057	1460
23.2730250359	111
23.5029411316	-543
23.5305950642	-1298
23.5615711212	-1298
23.5729060173	1057
23.6295981407	-575
23.6299901009	1057
23.8883461952	-543
24.262155056	-543
24.2633430958	543
24.2784411907	1460
24.2785210609	111
24.2891001701	-1420
24.2891151905	-1176
24.3907060623	-3
24.390884161	543
24.8067321777	-543
24.8574411869	543
25.0367820263	-543
25.0480730534	-1420
25.0481221676	-1176
25.0681099892	-1298
25.0716040134	-1298
25.0790112019	1057
25.0945580006	-1420
25.0945770741	-1176
25.164288044	-67
25.1644380093	543
25.3825471401	-543
25.4073081017	-1420
25.4073550701	-1176
25.4092121124	-1298
25.534044981	-305
25.5727820396	1057
25.5826480389	1057
25.7018311024	543
25.7229690552	543
25.7298810482	-543
25.7594501972	-1420
25.7594981194	-1176
25.7885940075	-1298
25.8101570606	1057
25.8163480759	-1420
25.8163540363	-1176
25.8613700867	543
25.862126112	543
25.8623180389	1057
25.8863911629	-308
26.3006260395	-543
26.4274351597	-543
26.5541980267	-1086
26.5556750298	-1298
26.6027510166	-1298
26.6104969978	1057
26.6813731194	-575
26.8484079838	-543
26.848981142	543
26.8537011147	543
27.2830681801	-543
27.3112821579	-1420
27.3113319874	-1176
27.3157331944	543
27.3160521984	543
27.3167080879	543
27.3169941902	1057
27.4386110306	-546
27.5205571651	-1420
27.520647049	-1176
27.5701060295	-1089
27.8269929886	-543
27.8519279957	-1420
27.8520030975	-1420
27.8520481586	-1054
27.8679690361	1057
27.9538049698	-276
28.0648741722	-1420
28.0649290085	-1176
28.12541008	-1060
28.1259970665	1057
28.1365361214	543
28.6812970638	-543
28.8287940025	-1420
28.8288509846	-1176
28.8491740227	-32
28.870016098	1057
29.5530669689	-543
29.554156065	1460
29.5542230606	111
29.5833439827	-1298
29.5834321976	-1298
29.6717860699	543
29.681481123	-3
29.8613331318	543
29.9998481274	543
30.0670001507	-543
30.0835790634	-1420
30.0836269855	-1176
30.0993990898	-543
30.189396143	-1420
30.1894521713	-1420
30.18948102	-1054
30.2103321552	-337
30.210501194	543
30.2109751701	1057
30.2299950123	543
30.3351039886	543
30.3353672028	1057
30.3373091221	-1086
30.6085681915	-543
30.7555639744	-543
30.9235050678	-543
30.9853460789	-1420
30.9853990078	-1176
30.9865059853	1460
30.986574173	111
30.9998450279	543
31.0503129959	-546
31.2236871719	-543
31.3505811691	-543
31.3623070717	-543
31.5452921391	-543
31.5462970734	543
31.5660040379	543
31.5733070374	-1420
31.573321104	-1176
31.6721141338	-546
31.6904211044	543
31.6906950474	543
31.8721961975	-543
32.0458550453	-1057
32.1399359703	-1298
32.1726500988	-302
32.1735701561	543
32.1800351143	543
32.3230111599	543
32.3709161282	-543
32.4920170307	-1298
32.5504441261	-302
33.065557003	-543
34.8724310398	543
35.0786850452	-543
35.0822510719	-1298
35.0824379921	-1298
35.0831511021	-1298
35.1005160809	-1420
35.1005790234	-1420
35.100618124	-1054
35.1017591953	-1298
35.1070661545	-1420
35.1071321964	-1176
35.2054960728	-1420
35.2055590153	-1176
35.2057230473	543
35.2090420723	-1298
35.2093451023	-1420
35.2093830109	-1420
35.2093861103	-1054
35.2096691132	-352
35.3970720768	-565
35.9996230602	543
