0	-543
0.395295858383	543
4.00384998322	240
4.15482997894	-751
4.15537881851	126
4.30614995956	-51
4.313975811	38
4.46189594269	-1420
4.46191287041	-100
4.47451496124	1057
4.62400889397	-543
4.6251449585	543
4.78156900406	-543
4.78459501266	543
5.19803380966	-543
5.20419883728	543
5.39867901802	543
5.60816788673	-543
5.6139228344	543
5.63674688339	-543
6.10911202431	-543
6.11018395424	-1420
6.11025500298	-1316
6.11712694168	-1420
6.11719298363	-1420
6.11719799042	-1264
6.12507200241	-1420
6.12509393692	-1420
6.12512993813	-1264
6.14397788048	-1420
6.14403486252	-1420
6.14403986931	-1264
6.14405584335	-1368
6.1506819725	543
6.1588640213	543
6.16258192062	543
6.20912098885	543
6.20955681801	543
6.25745487213	-1420
6.25746893883	-1420
6.25752997398	-1264
6.25753283501	-1420
6.25756692886	-1316
6.26445198059	-1420
6.26448893547	-1420
6.2645008564	-1264
6.26451992989	-1420
6.26465892792	543
6.26470088959	-1316
6.27098083496	543
6.27217388153	-1368
6.27243590355	-1420
6.27249097824	-1420
6.27249479294	-1264
6.2725288868	-1368
6.28490281105	543
6.29097795486	-1368
6.3243329525	543
6.35683083534	-138
6.47193980217	-543
6.47440695763	543
6.60342788696	-1086
6.60363793373	543
6.60376882553	543
6.75065398216	-1086
6.75086593628	543
6.75099992752	543
6.84435486794	-1420
6.84437298775	-1420
6.84442996979	-1264
6.84461593628	543
6.99179601669	-1181
6.99398183823	543
6.99595499039	543
7.01545000076	-1368
7.01545786858	-1368
7.03614783287	-1368
7.03717494011	-1420
7.03722381592	-1420
7.03722786903	-1264
7.0375289917	-1420
7.03753399849	-1420
7.03757500648	-1264
7.03757786751	-1420
7.03761196136	-1316
7.03769302368	543
7.03954696655	543
7.04349899292	-1368
7.04670000076	543
7.05179095268	-1420
7.05179595947	-1316
7.08271884918	-1420
7.08273291588	-1316
7.10566401482	-1368
7.12799596786	-1420
7.12805700302	-1420
7.12806081772	-1264
7.1337749958	543
7.13564896584	543
7.14677286148	-1368
7.2403948307	-1420
7.24041986465	-1316
7.26573681831	-1368
7.29402589798	-731
7.29602098465	543
7.29790401459	543
7.4038438797	543
7.44136786461	-1086
7.44158196449	543
7.54338097572	-543
7.66680598259	-1368
7.66717886925	543
7.79054784775	-804
7.79077982903	543
7.86554980278	-543
7.88624191284	-1368
7.8864428997	543
8.03743982315	-1289
8.08272099495	-1368
8.27006983757	-746
8.29626488686	-1368
8.36777496338	-1420
8.36779093742	-1316
8.36907792091	1057
8.51491689682	-667
8.51516699791	543
8.58052992821	543
8.61657595634	-543
8.61677694321	543
8.69351482391	-1420
8.69353890419	-1420
8.69358491898	-1264
8.69383502007	-1420
8.69387578964	-1316
8.70058989525	-1420
8.70065498352	-1420
8.70065999031	-1264
8.70097780228	-1420
8.70098185539	-1316
8.70100283623	-1368
8.70803689957	-1420
8.70809197426	-1420
8.70809578896	-1264
8.72168588638	-1368
8.72176384926	-1368
8.72194695473	-1368
8.72200393677	543
8.72215986252	543
8.72634196281	-1420
8.72634792328	-1316
8.72669291496	-1368
8.72940182686	-1420
8.72943687439	-1316
8.86857390404	-1150
8.92449879646	-1420
8.92456102371	-1316
8.9507188797	-1368
9.05324602127	-1368
9.06029200554	-1420
9.06034183502	-1316
9.0614168644	1460
9.06147098541	1460
9.0615170002	1161
9.06158280373	1460
9.06164884567	1460
9.06171584129	767
9.06921887398	1460
9.06936001778	1139
9.07907295227	543
9.19506692886	-1368
9.20891189575	-422
9.23643183708	543
9.25399780273	1460
9.25408482552	625
9.25460600853	543
9.33716392517	-1420
9.33717989922	-1420
9.33722496033	-1264
9.33747601509	-1420
9.33749985695	-1316
9.34490180016	-1368
9.34517288208	-1420
9.34517788887	-1316
9.35899400711	543
9.36213779449	-1368
9.36302495003	-1368
9.36328196526	-1420
9.36328697205	-1420
9.36332702637	-1420
9.36332988739	-1212
9.36336398125	-1368
9.36464595795	-1420
9.36469292641	-1420
9.36469602585	-1420
9.36473083496	-1212
9.36479997635	543
9.36894798279	543
9.37372779846	-1420
9.37373280525	-1420
9.37375497818	-1264
9.37398695946	-1420
9.37401580811	-1316
9.37405085564	-1368
9.37414479256	543
9.38085484505	-1420
9.38085985184	-1316
9.39356899261	-1420
9.39357590675	-1420
9.393627882	-1264
9.39378595352	-1420
9.39380788803	-1316
9.39380979538	-1368
9.40098595619	-1420
9.40099191666	-1420
9.401034832	-1264
9.4021859169	-220
9.40857195854	-1420
9.40857696533	-1420
9.40859985352	-1264
9.42184591293	-1368
9.42201280594	-1420
9.42201781273	-1316
9.42206192017	543
9.42214894295	-1420
9.4221508503	-1316
9.42230582237	-1368
9.42980790138	-1420
9.42985391617	-1316
9.43013691902	-1368
9.44372987747	-1368
9.44393992424	-1420
9.44398379326	-1316
9.44425201416	-1420
9.44435501099	-1316
9.44435787201	-1368
9.44465994835	-1368
9.44482684135	-1420
9.44486784935	-1316
9.45098996162	-1368
9.45118379593	-1420
9.45118880272	-1316
9.45130181313	1057
9.48434281349	-1420
9.48435592651	-1316
9.48439693451	-1368
9.48482584953	-1420
9.48485183716	-1316
9.49216794968	-1420
9.49219489098	-1316
9.50936985016	-1420
9.50939893723	-1316
9.51029992104	-1368
9.51054787636	-1420
9.51055288315	-1420
9.51060080528	-1420
9.51060390472	-1212
9.51072001457	543
9.51178193092	-1420
9.51179599762	-1420
9.51184082031	-1264
9.51185202599	-1420
9.51188802719	-1316
9.52114701271	-1368
9.52145600319	-1420
9.52146196365	-1420
9.52150297165	-1420
9.521504879	-1212
9.52153992653	-1368
9.52844190598	-1420
9.52848291397	-1316
9.54123592377	-1420
9.54130387306	-1420
9.54130792618	-1264
9.54134488106	-1420
9.5413479805	-1316
9.54863190651	-1420
9.54864287376	-1420
9.54868483543	-1420
9.54868793488	-1212
9.55631899834	-1420
9.5563249588	-1420
9.55637192726	-1264
9.5565237999	543
9.55692696571	543
9.56932091713	-1420
9.56933093071	-1420
9.56938886642	-1264
9.56939101219	-1420
9.56942796707	-1420
9.56943082809	-1420
9.56946396828	-1212
9.56960701942	543
9.56972885132	543
9.57721090317	-1420
9.57721781731	-1420
9.57726502419	-1420
9.57726788521	-1212
9.57730293274	-1368
9.59130096436	-1420
9.59136199951	-1420
9.59136581421	-1420
9.59140396118	-1212
9.59140586853	-1420
9.59143996239	-1420
9.59144186974	-1264
9.5914440155	-1420
9.59144496918	-1316
9.59181380272	-1420
9.59181880951	-1316
9.59189486504	-1420
9.59189796448	-1316
9.59231996536	-1420
9.59232497215	-1420
9.59245586395	-1264
9.59245896339	-1420
9.59249186516	-1420
9.5924949646	-1264
9.59252691269	-1368
9.59848093987	-1420
9.59853386879	-1420
9.59853792191	-1420
9.59857988358	-1420
9.59858179092	-1160
9.59874987602	1057
9.63165283203	-1368
9.6316819191	-1368
9.63186383247	-1420
9.6318769455	-1316
9.63229084015	-1420
9.63229489326	-1316
9.63235998154	-1368
9.63940000534	-1420
9.63945889473	-1316
9.65726184845	-1420
9.65733289719	-1316
9.65770792961	-1420
9.65775299072	-1420
9.65775585175	-1420
9.65779685974	-1212
9.65779995918	-1368
9.65874695778	-1368
9.65895795822	-1420
9.65896201134	-1316
9.6589858532	543
9.65960884094	-1368
9.65977692604	-1368
9.6684718132	-1420
9.66848492622	-1420
9.66853880882	-1420
9.66854190826	-1212
9.66857790947	-1368
9.67558693886	-1368
9.6757349968	-1420
9.6757478714	-1316
9.68813800812	-1420
9.68814682961	-1316
9.68823885918	-1420
9.68824291229	-1316
9.68830895424	-1368
9.69572091103	-1368
9.69576597214	-1420
9.69576883316	-1420
9.69578695297	-1264
9.70379495621	-1420
9.70384693146	-1420
9.70384979248	-1264
9.70862984657	543
9.71680784225	-1420
9.71682190895	-1420
9.7168648243	-1420
9.71686697006	-1212
9.71690297127	-1420
9.71690583229	-1420
9.71693992615	-1264
9.7169418335	-1420
9.71698284149	-1316
9.7171227932	543
9.72441101074	-1420
9.72442579269	-1420
9.72447991371	-1264
9.72448301315	-1420
9.72451686859	-1420
9.72451901436	-1264
9.72488594055	543
9.73869085312	-1420
9.73870682716	-1420
9.73877096176	-1264
9.73885393143	-1420
9.73898291588	-1420
9.73898601532	-1264
9.73910784721	-1420
9.73911094666	-1420
9.73914480209	-1264
9.73914694786	-1368
9.7391808033	-1420
9.73918390274	-1420
9.73921585083	-1264
9.73921990395	-1420
9.73925495148	-1420
9.73925685883	-1264
9.73939394951	-1368
9.73966884613	-1420
9.73974299431	-1316
9.73974585533	-1420
9.73984098434	-1420
9.73984384537	-1264
9.7398788929	-1368
9.73988080025	-1420
9.73991394043	-1316
9.74003195763	-1420
9.74008989334	-1420
9.74009299278	-1420
9.74016690254	-1212
9.74017000198	-1420
9.74020385742	-1420
9.74020695686	-1264
9.74024987221	-1420
9.74025297165	-1316
9.74062991142	1057
9.74577498436	-1420
9.74579596519	-1420
9.74584102631	-1264
9.74584388733	-1420
9.74586987495	-1420
9.74587202072	-1264
9.74588799477	-1368
9.74628090858	-1368
9.74641895294	-1368
9.74883985519	543
9.77897596359	-1368
9.77911400795	-1420
9.77917695045	-1420
9.77917981148	-1264
9.77921581268	-1420
9.77921891212	-1316
9.77925300598	-1420
9.77925491333	-1316
9.77952480316	-1420
9.77952885628	-1316
9.77972793579	-1420
9.77973079681	-1316
9.78660798073	-1368
9.78685688972	-1420
9.78691482544	-1420
9.78691887856	-1420
9.78695487976	-1212
9.78706479073	543
9.78719592094	543
9.80418586731	-1420
9.80420184135	-1316
9.80488681793	-1420
9.80489301682	-1420
9.80493402481	-1264
9.80506896973	-1420
9.80511784554	-1420
9.8051199913	-1264
9.80515480042	-1368
9.80562591553	-1368
9.80577492714	-1368
9.80611395836	-1420
9.80616784096	-1420
9.8061709404	-1420
9.80621480942	-1420
9.80621790886	-1160
9.80625295639	-1368
9.80706882477	-1420
9.80711698532	-1420
9.80711984634	-1264
9.80715680122	-1368
9.80725693703	543
9.81570696831	-1420
9.81571578979	-1420
9.81576395035	-1420
9.81576681137	-1212
9.81580090523	-1420
9.81580400467	-1316
9.8159558773	543
9.82262992859	-1368
9.82290196419	-1420
9.82294583321	-1420
9.82294893265	-1264
9.82300186157	-1420
9.82300496101	-1420
9.82304096222	-1264
9.82304286957	-1368
9.83530497551	-1368
9.83546590805	-1420
9.83557295799	-1420
9.83557581902	-1264
9.83561086655	-1368
9.83570790291	543
9.83588480949	-1420
9.83588981628	-1420
9.83592987061	-1264
9.84286284447	-1368
9.84310102463	-1420
9.84310388565	-1420
9.8431429863	-1264
9.84314584732	-1368
9.84421682358	543
9.84738993645	543
9.85084891319	-1420
9.85085487366	-1420
9.85090780258	-1264
9.86427402496	-1420
9.86434388161	-1420
9.86434793472	-1420
9.86438679695	-1420
9.86438894272	-1160
9.86443185806	-1368
9.8644349575	-1420
9.86447882652	-1420
9.86448192596	-1264
9.87192583084	-1420
9.87193989754	-1316
9.87201285362	-1420
9.87201595306	-1420
9.8720510006	-1264
9.87205600739	-1368
9.87905788422	543
9.88600182533	-1420
9.88601183891	-1420
9.88606595993	-1420
9.88606882095	-1212
9.88610291481	-1420
9.88610601425	-1316
9.8862760067	-1420
9.8862798214	-1420
9.88630700111	-1264
9.88636398315	-1420
9.88638281822	-1420
9.88638496399	-1264
9.88640093803	-1368
9.88656401634	-1420
9.88656592369	-1420
9.88656687737	-1264
9.88658094406	543
9.88660979271	-1420
9.88661193848	-1420
9.88666200638	-1264
9.8866648674	-1368
9.88675093651	-1420
9.88675284386	-1420
9.88675379753	-1264
9.88683891296	-1368
9.8869228363	-1420
9.88692378998	-1316
9.88721895218	-1420
9.88723993301	-1316
9.88727402687	-1368
9.88737988472	-1420
9.88738179207	-1316
9.88756895065	-1420
9.88757181168	-1420
9.88762593269	-1264
9.88771700859	-1420
9.88773488998	-1316
9.88788199425	-1420
9.88788485527	-1420
9.88788580894	-1264
9.88788700104	-1368
9.88797497749	-1368
9.88826179504	-1420
9.88826489449	-1420
9.88826680183	-1420
9.88826799393	-1212
9.88835287094	-1420
9.88835501671	-1420
9.88835692406	-1264
9.88847494125	-1420
9.8884768486	-1420
9.88847780228	-1264
9.88874983788	-1420
9.88875389099	-1420
9.88875579834	-1420
9.88875699043	-1420
9.88875794411	-1160
9.88952183723	1057
9.88981890678	543
9.89011979103	1460
9.89018082619	654
9.89028787613	543
9.89318585396	-1420
9.89319086075	-1420
9.89327597618	-1264
9.89329695702	-1420
9.89333295822	-1420
9.89333486557	-1264
9.89336895943	-1368
9.89345479012	-1420
9.89347290993	-1316
9.89347481728	-1420
9.89348983765	-1316
9.8938639164	-1420
9.89390182495	-1316
9.89390492439	-1368
9.92630982399	-1368
9.92648291588	-1420
9.92661595345	-1420
9.92661881447	-1264
9.92665481567	-1420
9.92665791512	-1420
9.92670083046	-1264
9.9267039299	-1420
9.92674088478	-1420
9.92674279213	-1264
9.92677783966	-1420
9.92677998543	-1420
9.92681479454	-1264
9.92681789398	-1420
9.92692995071	-1420
9.92693281174	-1264
9.92696690559	-1420
9.92697882652	-1420
9.92701482773	-1420
9.9270169735	-1212
9.92701792717	-1368
9.92711687088	-1420
9.92711901665	-1420
9.92711997032	-1264
9.927120924	-1368
9.92743587494	1057
9.93372488022	-1420
9.93373084068	-1316
9.933811903	-1420
9.93381500244	-1420
9.93383288383	-1264
9.93402290344	-1420
9.934060812	-1316
9.95176887512	-1420
9.95183086395	-1420
9.95183491707	-1420
9.95187902451	-1212
9.95248889923	-1420
9.95260691643	-1420
9.95261001587	-1264
9.95264482498	-1420
9.95264697075	-1420
9.95279288292	-1264
9.95279598236	-1420
9.95283198357	-1420
9.95283389091	-1420
9.95286679268	-1212
9.95286893845	-1368
9.95312595367	-1368
9.95340681076	-1368
9.9536049366	-1420
9.95361590385	-1420
9.95371699333	-1264
9.95371890068	-1420
9.95375490189	-1316
9.95408082008	-1368
9.95422887802	-1368
9.95440483093	-1368
9.95457100868	-1368
9.95932388306	543
9.95946788788	543
9.96301102638	-1420
9.96301579475	-1420
9.96307587624	-1264
9.963078022	-1420
9.96314096451	-1420
9.96314382553	-1264
9.96317791939	-1368
9.97032690048	-1420
9.97037196159	-1316
9.97037482262	-1420
9.97039198875	-1316
9.97051095963	-1420
9.97054886818	-1420
9.97055101395	-1264
9.97082281113	543
9.97097802162	543
9.98248696327	-1420
9.98250079155	-1420
9.98255085945	-1420
9.98255395889	-1420
9.98258781433	-1160
9.98349499702	-1420
9.98353886604	-1420
9.98354196548	-1420
9.98357582092	-1212
9.99040794373	-1420
9.99046182632	-1420
9.99046587944	-1420
9.99048185349	-1212
9.99129295349	543
9.99805879593	-1420
9.99806880951	-1420
9.99812293053	-1420
9.99812579155	-1212
10.0114839077	-1420
10.0114989281	-1420
10.0115618706	-1420
10.01156497	-1212
10.0116019249	-1420
10.0116050243	-1420
10.0116479397	-1420
10.011649847	-1212
10.0116858482	-1368
10.018750906	1057
10.0190188885	-1420
10.0190238953	-1420
10.0190718174	-1264
10.0190780163	-1420
10.0191190243	-1316
10.0192220211	543
10.0267908573	-1420
10.0268039703	-1316
10.0332808495	-1420
10.0332889557	-1420
10.0333409309	-1264
10.033343792	-1420
10.0333778858	-1420
10.0333797932	-1264
10.0335478783	-1420
10.0335597992	-1420
10.0335979462	-1264
10.0336008072	-1420
10.0337808132	-1316
10.0337839127	-1420
10.0338978767	-1316
10.0339000225	-1368
10.0340049267	-1368
10.0340080261	-1420
10.0340518951	-1420
10.0340538025	-1264
10.0341029167	-1420
10.0341048241	-1420
10.0341420174	-1264
10.0341439247	-1420
10.0341639519	-1420
10.0341658592	-1264
10.0341668129	-1420
10.034168005	-1316
10.0342509747	-1368
10.0344378948	-1420
10.0344409943	-1316
10.0344758034	-1368
10.0347559452	543
10.0348198414	-1420
10.0348238945	-1420
10.0348408222	-1420
10.0348439217	-1420
10.0348718166	-1160
10.0348768234	-1420
10.0348927975	-1420
10.0348949432	-1264
10.0349099636	-1420
10.034911871	-1316
10.0351099968	-1420
10.0351128578	-1420
10.0351138115	-1264
10.0351150036	-1368
10.0353028774	543
10.0353410244	-1420
10.0353429317	-1420
10.0353438854	-1420
10.0353448391	-1212
10.0353958607	-1420
10.0353980064	-1316
10.0354459286	-1368
10.0356519222	-1420
10.0356738567	-1316
10.0358250141	-1368
10.0359489918	-1420
10.0359518528	-1420
10.0359899998	-1420
10.0359919071	-1212
10.0360929966	-1420
10.0360949039	-1420
10.0361299515	-1420
10.0361318588	-1212
10.0361700058	-1420
10.0361719131	-1316
10.0362958908	-1420
10.0362989902	-1420
10.0363359451	-1264
10.0363960266	-1420
10.036413908	-1420
10.0364170074	-1264
10.0364308357	-1368
10.0366559029	-1420
10.036659956	-1420
10.0366609097	-1420
10.0366618633	-1212
10.036662817	-1368
10.0368518829	-1368
10.0369348526	543
10.0369699001	-1420
10.0369718075	-1420
10.0369729996	-1264
10.0370008945	-1420
10.0370018482	-1420
10.0370028019	-1420
10.037003994	-1212
10.0370469093	-1368
10.0371990204	-1420
10.0372018814	-1420
10.0372028351	-1420
10.0372040272	-1212
10.0373339653	1057
10.0376448631	-1420
10.0376479626	-1420
10.0376908779	-1264
10.0376939774	-1420
10.037694931	-1316
10.0377299786	-1420
10.0377328396	-718
10.0378940105	543
10.0405709743	-1420
10.0405759811	-1420
10.040615797	-1264
10.0407049656	-1420
10.0407419205	-1420
10.0407450199	-1264
10.0408439636	-1368
10.0408468246	-1420
10.0408818722	-1420
10.0408840179	-1264
10.0409238338	-1368
10.0410168171	-1420
10.0410540104	-1316
10.0411348343	-1420
10.0411708355	-1420
10.0411739349	-1264
10.0412068367	-1420
10.0412099361	-1316
10.0413680077	-1420
10.0413708687	-1420
10.0414068699	-1264
10.0414869785	-1368
10.0414879322	-1420
10.0414898396	-1316
10.0414907932	-1368
10.048842907	543
10.0490128994	543
10.0493028164	543
10.0744028091	-1420
10.0744190216	-1420
10.0744748116	-1264
10.074477911	-1420
10.0745120049	-1420
10.0745229721	-1420
10.0746798515	-1212
10.074682951	-1368
10.0747230053	-1420
10.0747249126	-1420
10.0747599602	-1264
10.0747618675	-1368
10.0749008656	-1368
10.0749759674	-1368
10.0797250271	-1368
10.0807938576	-1420
10.0808448792	-1316
10.0815429688	-1420
10.0815458298	-1316
10.0815629959	543
10.0817658901	-1368
10.0818059444	543
10.0820379257	-1420
10.0820419788	-1420
10.082062006	-1264
10.0823898315	-1368
10.0832397938	-1420
10.0832448006	-1420
10.0832679272	-1264
10.0835549831	-1420
10.0835778713	-1420
10.0835800171	-1264
10.084307909	-1420
10.0843138695	-1316
10.0846610069	-1368
10.0886929035	-1368
10.0888679028	-1420
10.0888719559	-1316
10.0891449451	-1420
10.0891478062	-1316
10.0892698765	-1420
10.0892729759	-1316
10.0899128914	-1420
10.0899159908	-1420
10.0899338722	-1420
10.089936018	-1212
10.0899507999	-1368
10.091053009	543
10.0913529396	-1368
10.0914368629	-1420
10.0914587975	-1316
10.0919790268	-1368
10.0925548077	-1420
10.0925598145	-1316
10.0956809521	-1368
10.0974597931	-1368
10.0975940228	543
10.0977339745	-1420
10.0977389812	-1316
10.0977590084	-1368
10.1013178825	-1420
10.1013658047	-1420
10.1013689041	-1264
10.1015048027	543
10.1015639305	-1420
10.1015667915	-1316
10.1021008492	-1420
10.1021058559	-1420
10.1021649837	-1264
10.1023299694	-1420
10.1023509502	-1316
10.1024968624	-1368
10.1029210091	-1420
10.1029260159	-1420
10.1029639244	-1264
10.1071689129	-1420
10.1072309017	-1420
10.1072349548	-1264
10.1075699329	-1420
10.1075739861	-1420
10.107613802	-1264
10.1076848507	543
10.107932806	-1420
10.1079359055	-1420
10.1079750061	-1264
10.1103069782	-1420
10.1103518009	-1420
10.1103549004	-1264
10.123459816	-1420
10.12347579	-1420
10.1235129833	-1264
10.1238520145	-1420
10.1238949299	-1420
10.1238977909	-1264
10.1299510002	-1368
10.129971981	-1420
10.1300239563	-1316
10.1301989555	-1368
10.1303219795	543
10.1311388016	-1420
10.1311438084	-1420
10.1311860085	-1264
10.1312439442	-1368
10.1313228607	-1368
10.1313538551	543
10.1382358074	-1420
10.1382420063	-1420
10.138283968	-1264
10.1396348476	-1420
10.1396818161	-1420
10.1396849155	-1420
10.1397218704	-1212
10.1467068195	-1420
10.1467499733	-1420
10.1467528343	-1264
10.1623089314	-1368
10.1625328064	543
10.1625850201	-1420
10.1625878811	-1316
10.1637468338	-1420
10.1637527943	-1316
10.1637938023	-1420
10.1637969017	-1420
10.1638379097	-1264
10.1643788815	-1420
10.1644248962	-1420
10.1644279957	-1264
10.1667869091	-1164
10.1682918072	-1420
10.1683359146	-1420
10.1683390141	-1264
10.1683750153	-1420
10.1683769226	-1420
10.1684119701	-1264
10.1707890034	-1420
10.1708300114	-1316
10.1737158298	-1420
10.1737699509	-1420
10.1737728119	-1264
10.1738100052	-1368
10.1739258766	543
10.180768013	-1420
10.1807868481	-1420
10.1808438301	-1420
10.1808469296	-1212
10.1808819771	-1420
10.1808838844	-1420
10.1809179783	-1264
10.1809208393	-1368
10.1810958385	543
10.1821389198	-1420
10.1821448803	-1420
10.1821668148	-1264
10.1826369762	543
10.1848897934	-868
10.1982970238	-1368
10.1988627911	-1368
10.1990349293	-1368
10.2004618645	-1368
10.23052001	-1420
10.230588913	-1420
10.2305929661	-1420
10.230618	-1212
10.2309148312	-1420
10.2309558392	-1316
10.2344748974	-1368
10.2348167896	-1420
10.2348198891	-1316
10.2442688942	1460
10.2443218231	1139
10.2455999851	1460
10.2456488609	1139
10.2488520145	-1097
10.2517888546	-1368
10.272233963	-1420
10.2722499371	-1316
10.2888948917	543
10.3216328621	-1123
10.3340988159	543
10.3594009876	543
10.4955649376	-543
10.4997198582	-1368
10.5214350224	-1420
10.521447897	-1420
10.521502018	-1264
10.5220680237	-1420
10.5221159458	-1316
10.5221199989	-1368
10.5224509239	-1420
10.5224559307	-1420
10.5224938393	-1264
10.5228350163	-1368
10.5230858326	-1420
10.5230898857	-1420
10.5231277943	-1264
10.5232448578	543
10.5255308151	-1420
10.525537014	-1420
10.5255789757	-1264
10.5273849964	-1368
10.5484368801	-1368
10.5486869812	-1368
10.5488128662	-1420
10.5488169193	-1316
10.5488948822	-1368
10.5504369736	543
10.5505750179	-1368
10.5513849258	-1368
10.551628828	-1420
10.5516328812	-1420
10.5516610146	-1264
10.5517919064	-1420
10.5518298149	-1420
10.5518329144	-1264
10.5520088673	-1368
10.5523509979	-1420
10.5523939133	-1316
10.5530109406	-1420
10.5530548096	-1420
10.553057909	-1264
10.5555288792	543
10.5559577942	-1368
10.5563008785	-1420
10.5563349724	-1316
10.5568389893	-1420
10.5568788052	-1420
10.5568809509	-1264
10.5571208	-1420
10.5571238995	-1420
10.5571599007	-1264
10.557366848	-1368
10.5575258732	-1420
10.5575289726	-1316
10.5594689846	-1368
10.5596280098	-1420
10.5596690178	-1420
10.5596709251	-1264
10.5598678589	543
10.5602328777	543
10.5633168221	-1368
10.586316824	-1368
10.5865859985	-1420
10.5865898132	-1316
10.5871539116	-1368
10.5872340202	543
10.5875058174	-1420
10.5875098705	-1316
10.5876488686	-1368
10.5883708	-1420
10.5884168148	-1420
10.5884199142	-1264
10.5888288021	-1368
10.5889968872	-1368
10.5892088413	-1420
10.5892138481	-1316
10.589632988	-1368
10.5898599625	-1368
10.5904688835	-1368
10.590597868	-1420
10.5906369686	-1316
10.5934119225	-1420
10.5934329033	-1420
10.5934348106	-1264
10.5935468674	-1368
10.5943558216	-1420
10.5943939686	-1420
10.5943968296	-1264
10.5944459438	-1368
10.59461689	-1368
10.5949919224	543
10.5951030254	-1420
10.5951049328	-1420
10.5951058865	-1264
10.5953378677	-1420
10.5953598022	-1420
10.5953629017	-1264
10.5954418182	543
10.5967798233	-1368
10.5971169472	-1420
10.5971438885	-1316
10.5973639488	-1420
10.597386837	-1420
10.5973889828	-1264
10.597468853	-1368
10.6011548042	-1420
10.6011788845	-1420
10.6011819839	-1264
10.6086099148	543
10.6118547916	-1420
10.6118597984	-1420
10.6118998528	-1264
10.612528801	-1420
10.6125738621	-1420
10.6125769615	-1264
10.6128308773	-1420
10.6128349304	-1420
10.6128950119	-1420
10.6128969193	-1212
10.6129410267	-1420
10.6129438877	-1316
10.6185069084	-1368
10.6263959408	-1368
10.6268239021	-1420
10.6268279552	-1420
10.6268749237	-1420
10.6268768311	-1212
10.6274228096	-1368
10.6276869774	-1420
10.6277389526	-1420
10.6277418137	-1420
10.6277768612	-1212
10.6277799606	-1368
10.6281168461	-1420
10.6281218529	-1420
10.6281619072	-1420
10.6281650066	-1212
10.6282749176	543
10.6298379898	-1420
10.6298429966	-1420
10.6298868656	-1264
10.633302927	-1420
10.6333389282	-1316
10.6437859535	543
10.6782288551	-1368
10.6790947914	-1420
10.6791448593	-1316
10.6797919273	-1420
10.6798357964	-1420
10.6798388958	-1264
10.6801908016	-1420
10.6801948547	-1420
10.6802349091	-1264
10.6804118156	-1368
10.6806468964	-1420
10.6806519032	-1316
10.6809329987	-1368
10.6820068359	-1420
10.6820428371	-1316
10.6826548576	-1420
10.6826968193	-1420
10.6826999187	-1264
10.6831078529	-1420
10.6831109524	-1420
10.6831469536	-1264
10.68379879	543
10.6862518787	-1420
10.6862568855	-1420
10.6862888336	-1264
10.6867468357	-1368
10.6869268417	-1420
10.6869299412	-1316
10.6872029305	-1420
10.6872088909	-1420
10.6872448921	-1264
10.6944727898	-1420
10.6945269108	-1420
10.6945300102	-1420
10.6945638657	-1212
10.6953120232	543
10.7191879749	-1420
10.7191998959	-1316
10.728238821	-1368
10.7283279896	543
10.7285358906	-1420
10.7285499573	-1316
10.7290978432	-1368
10.7292330265	-1420
10.7292759418	-1316
10.7296619415	-1368
10.729820013	-1420
10.7298238277	-1316
10.7308309078	-1368
10.7310287952	-1420
10.7310698032	-1316
10.7315440178	-1420
10.7316420078	-1316
10.7316458225	-1368
10.7320928574	-1368
10.7322278023	-1420
10.7322568893	-1316
10.732560873	-1368
10.7327950001	-1420
10.7327978611	-1316
10.7350168228	543
10.7356498241	-1368
10.7357549667	-1420
10.7357769012	-1316
10.7368838787	-1368
10.7369668484	-1368
10.7370510101	-1368
10.7374558449	-1420
10.737459898	-1420
10.7374999523	-1264
10.7379858494	-1420
10.7380290031	-1420
10.7380318642	-1264
10.7397248745	-1420
10.7397289276	-1420
10.7397768497	-1264
10.7398498058	-1420
10.7398869991	-1420
10.7398889065	-1264
10.7400279045	543
10.7402248383	-1420
10.7402279377	-1420
10.7403268814	-1264
10.7403299809	-1420
10.7403728962	-1316
10.7448139191	-1420
10.7448399067	-1316
10.7448430061	-1368
10.7452399731	-1420
10.7452428341	-1316
10.7456989288	-1420
10.7457029819	-1420
10.7457408905	-1264
10.7459158897	-1420
10.7459619045	-1316
10.7459638119	-1368
10.7459979057	-1420
10.7459998131	-1420
10.7460429668	-1264
10.7476599216	-1420
10.7477037907	-1420
10.7477068901	-1264
10.7479429245	-1420
10.7479469776	-1420
10.7479848862	-1264
10.7480390072	543
10.7482140064	-1420
10.7482178211	-1316
10.7521297932	-1420
10.7521348	-1420
10.7521748543	-1264
10.752177	-1368
10.7586200237	543
10.7813858986	-1420
10.7813990116	-1420
10.781457901	-1420
10.7814610004	-1212
10.7814958096	-1420
10.781498909	-1316
10.7815518379	-1368
10.7822937965	-1420
10.7823319435	-1420
10.7823348045	-1264
10.7828679085	-1420
10.7828719616	-1420
10.7828998566	-1264
10.7831687927	-1420
10.7832078934	-1316
10.7833359241	-1368
10.7840709686	543
10.7842028141	543
10.786965847	-1420
10.7869729996	-1316
10.7871189117	-1368
10.82523489	-43
10.8957970142	-543
10.895996809	543
10.9623739719	543
10.9870548248	543
11.0785138607	543
11.0790629387	543
11.0851738453	-1420
11.0851898193	-1420
11.0852439404	-1264
11.0853648186	-1420
11.0854020119	-1316
11.0861129761	-1368
11.086771965	-1420
11.0867760181	-1420
11.0868189335	-1264
11.0870699883	-1368
11.0875430107	-1420
11.0875489712	-1316
11.0926668644	-1420
11.0926849842	-1316
11.0927388668	-1420
11.0927419662	-1316
11.0927779675	-1368
11.0931429863	-1368
11.0935108662	-1420
11.0935139656	-1316
11.0936419964	-1368
11.0962939262	1057
11.1240589619	-1420
11.1240739822	-1316
11.1241188049	-1420
11.1241219044	-1316
11.1246669292	-1420
11.1246759892	-1420
11.1247169971	-1264
11.1252558231	-1420
11.1252889633	-1316
11.1254599094	-1368
11.1255989075	-1420
11.1256039143	-1316
11.1256518364	-1368
11.1259119511	-1368
11.1269319057	-1420
11.1269378662	-1316
11.1278319359	-1420
11.1278369427	-1420
11.1278789043	-1264
11.1319098473	-1420
11.131953001	-1420
11.131955862	-1264
11.1320970058	543
11.1322829723	-1420
11.1322870255	-1420
11.1323268414	-1264
11.1324179173	-1368
11.1326599121	-1368
11.1328098774	-1420
11.1328499317	-1420
11.1328527927	-1264
11.1642558575	-1368
11.1644499302	-1368
11.2177100182	-1420
11.2177269459	-1316
11.2440049648	-1368
11.2984750271	543
11.3707458973	-1080
11.3710207939	543
11.3775339127	543
11.5179049969	-543
11.5238687992	543
11.691795826	-543
11.6919269562	543
11.7891669273	-1420
11.7892010212	-1420
11.7892439365	-1264
11.7994058132	543
11.9365010262	-1152
11.9410560131	543
11.9412419796	543
11.9624969959	-1420
11.9625070095	-1316
11.9893898964	-1368
12.1838300228	-1152
12.1863789558	543
12.1865949631	543
12.2665398121	-1420
12.2665569782	-1420
12.2666258812	-1264
12.2733728886	-1420
12.2734320164	-1316
12.2734370232	-1420
12.2734718323	-1420
12.2734749317	-1264
12.3037309647	-1368
12.3111100197	-1368
12.3112428188	-1368
12.3231508732	-1420
12.3231949806	-1420
12.3231987953	-1264
12.3237609863	-1368
12.3239169121	-1368
12.3241989613	-1420
12.3242018223	-1316
12.3243758678	-1420
12.324379921	-1420
12.3244028091	-1264
12.3244059086	-1368
12.3247668743	-1368
12.3256528378	-1420
12.3256728649	-1316
12.3262820244	-1420
12.3263008595	-1316
12.3264858723	-1368
12.327231884	543
12.3298509121	-1368
12.3300688267	-1420
12.3300948143	-1316
12.340474844	-1368
12.3405849934	543
12.3632478714	-1368
12.363503933	-1420
12.3635690212	-1316
12.3713309765	-1420
12.3713829517	-1420
12.3713858128	-1264
12.3714978695	543
12.3802909851	-1420
12.3802959919	-1420
12.3803369999	-1264
12.4878129959	-1264
12.6274700165	543
12.6278820038	543
12.6647179127	-543
12.7213459015	-1420
12.7213640213	-1420
12.7214159966	-1264
12.7214188576	-1420
12.7214598656	-1316
12.7218849659	-1420
12.7218899727	-1316
12.7219128609	-1368
12.7226920128	-1420
12.7226979733	-1420
12.7227509022	-1264
12.7227549553	-1368
12.7278368473	-1368
12.7278988361	-1368
12.7357668877	-1368
12.7358570099	543
12.7367389202	-1420
12.7367448807	-1316
12.7371778488	-1420
12.7371828556	-1316
12.7378640175	-1420
12.737869978	-1420
12.7379119396	-1264
12.7381868362	-1368
12.7387459278	-1420
12.7387499809	-1316
12.7438278198	-1420
12.7438340187	-1420
12.7438750267	-1264
12.820045948	-1368
12.8202629089	543
12.8204078674	543
12.8338959217	543
12.963452816	-1368
12.9812238216	-175
12.9819498062	543
13.0175938606	543
13.0184500217	543
13.063616991	1057
13.0836048126	1057
13.1277339458	-1420
13.1277489662	-1420
13.1278159618	-1264
13.1279509068	-1420
13.1280109882	-1420
13.128015995	-1264
13.1282198429	543
13.1285829544	-1420
13.1285889149	-1316
13.1287939548	-1368
13.1349480152	-1420
13.1350159645	-1420
13.1350200176	-1264
13.1428468227	543
13.1681818962	-1420
13.1681969166	-1420
13.1682629585	-1264
13.2543399334	-1368
13.2564358711	-1368
13.2567868233	-1368
13.2574319839	-1420
13.2574539185	-1316
13.2576768398	-1420
13.2576990128	-1316
13.2577018738	-1368
13.2580399513	-1420
13.2580440044	-1316
13.2581470013	-1420
13.2581498623	-1420
13.2581889629	-1264
13.2582478523	-1368
13.2621228695	-1368
13.2825798988	-175
13.296173811	-1368
13.3517968655	-1368
13.3530290127	-1368
13.3536469936	-1420
13.3536520004	-1316
13.3542609215	-1420
13.3542649746	-1316
13.3548269272	-1420
13.3548309803	-1420
13.3548779488	-1264
13.3551278114	543
13.3551700115	-1420
13.3551719189	-1316
13.35521698	-1368
13.3553159237	543
13.3556818962	-1420
13.355686903	-1420
13.355727911	-1264
13.3563168049	-1368
13.3565139771	-1420
13.3565177917	-1316
13.357036829	-1368
13.3588988781	-1420
13.3589448929	-1420
13.3589479923	-1264
13.3614089489	-1420
13.361413002	-1420
13.3614549637	-1420
13.3614578247	-1212
13.3614919186	-1420
13.361495018	-1316
13.3630478382	543
13.3661808968	-1420
13.3661878109	-1316
13.4189548492	-1420
13.4189720154	-1420
13.4190268517	-1420
13.4190299511	-1212
13.4302527905	-1420
13.4302659035	-1316
13.4392068386	543
13.4395868778	543
13.4424908161	-1368
13.4451768398	543
13.4496660233	-1368
13.4501309395	-1368
13.5184869766	-1368
13.5929539204	-1293
13.6042428017	543
13.6223080158	543
13.6293199062	543
13.7838468552	-543
13.7840328217	543
13.9739029408	-543
13.9790987968	543
14.0264298916	543
14.0547878742	-1368
14.0549819469	543
14.1637628078	543
14.2030389309	-1289
14.2081890106	1460
14.2082738876	1139
14.2084238529	543
14.3101518154	-1368
14.3103718758	543
14.3105199337	543
14.3176469803	-1420
14.3176548481	-1316
14.3513379097	-1420
14.3513569832	-1316
14.354008913	543
14.3561549187	-16
14.3865218163	543
14.4659898281	-1368
14.4735188484	543
14.5977709293	-804
14.6087119579	543
14.6103239059	543
14.610948801	543
14.6143219471	-1420
14.6143279076	-1316
14.6184489727	-1368
14.6216208935	-1420
14.621683836	-1420
14.6216878891	-1264
14.6688129902	-1420
14.6688289642	-1420
14.6688919067	-1264
14.6701638699	-1368
14.6702888012	543
14.6965358257	-1420
14.6965548992	-1420
14.6966118813	-1264
14.7038989067	-1368
14.7134478092	543
14.7204890251	543
14.7222750187	543
14.723484993	543
14.7382178307	-1420
14.73822999	-1420
14.738286972	-1264
14.7436079979	-543
14.7452588081	543
14.7584369183	-338
14.765971899	543
14.768778801	543
14.8712348938	-1086
14.8717889786	-1368
14.8758637905	-1420
14.8758699894	-1316
14.8826549053	543
14.8831748962	543
14.9144158363	-1420
14.9144318104	-1316
15.0218307972	-1420
15.0218479633	-1316
15.0285918713	543
15.0291960239	543
15.0583939552	-1368
15.066701889	-1368
15.0668590069	1460
15.0669178963	1139
15.0708448887	543
15.0766768456	543
15.0886309147	-1420
15.0886368752	-1316
15.0932128429	-1368
15.0959978104	-1368
15.1257228851	543
15.1831009388	-1420
15.1831188202	-1316
15.1925148964	543
15.2149329185	-504
15.2625617981	543
15.2733209133	-1086
15.3545758724	-1368
15.4349370003	-1368
15.4356229305	-1420
15.4356780052	-1420
15.4356808662	-1264
15.4426729679	-1420
15.4426779747	-1316
15.4429969788	543
15.4484088421	1460
15.448515892	111
15.451146841	-1368
15.4534039497	543
15.4539179802	543
15.4687008858	-1368
15.4757390022	-1368
15.4834318161	543
15.4837038517	543
15.5099039078	-1420
15.5099158287	-1316
15.573830843	-1368
15.5795648098	543
15.5957949162	-127
15.5959568024	543
15.6315209866	-543
15.6316998005	543
15.6810820103	-1368
15.6830368042	543
15.7819769382	-1368
15.8319859505	-1368
15.8334159851	543
15.8383979797	-1368
15.8422348499	543
15.8822379112	-543
15.8936109543	-1368
15.8940649033	-1420
15.8941168785	-1420
15.8941218853	-1420
15.8941648006	-1212
15.8941679001	-1368
15.9011650085	-1420
15.9011759758	-1420
15.9012248516	-1264
15.92659688	-1368
15.9321718216	-1368
15.9321818352	-1368
15.9323718548	-1368
15.9327030182	-1368
15.9342730045	-1420
15.9342780113	-1420
15.9343278408	-1264
15.9732439518	-1368
15.9733009338	-1420
15.9733059406	-1316
15.9734728336	543
16.0289359093	-1368
16.0365059376	-1368
16.0466139317	-1368
16.0540997982	-1420
16.0541548729	-1316
16.054158926	-1368
16.0616779327	-1368
16.0704858303	543
16.0806908607	543
16.0838758945	1057
16.0868258476	-1420
16.0868418217	-1316
16.0869598389	543
16.1022880077	543
16.1691308022	543
16.2348418236	-1161
16.2440907955	1057
16.2446169853	543
16.2943878174	-1368
16.2986729145	543
16.3015458584	-1368
16.3017089367	-1368
16.318969965	-1368
16.3247709274	-1420
16.3248198032	-1316
16.3384230137	-1420
16.3384749889	-1316
16.3388018608	-1368
16.3388388157	-1368
16.3389909267	-1368
16.3454959393	-1420
16.3455059528	-1420
16.3455548286	-1264
16.3505399227	-1368
16.3530349731	-1420
16.3530609608	-1420
16.3530988693	-1264
16.3601398468	-1368
16.3888428211	543
16.3910160065	543
16.3920519352	-715
16.3971159458	-1368
16.3972837925	-1368
16.397454977	-1420
16.3974578381	-1420
16.397495985	-1264
16.3975639343	543
16.4039239883	-1420
16.4039349556	-1420
16.4039838314	-1264
16.4093739986	-543
16.4182319641	-1368
16.4193518162	-1420
16.419356823	-1316
16.4194889069	-1368
16.4236528873	-1420
16.4236969948	-1316
16.4238219261	-1368
16.426609993	-1368
16.4271628857	-1368
16.4301378727	-1368
16.4302268028	543
16.4337279797	-1368
16.4339308739	-1368
16.4345188141	-1368
16.4346380234	-1368
16.44135499	-1420
16.4413778782	-1420
16.4414110184	-1264
16.442636013	543
16.4731938839	-1420
16.4732189178	-1316
16.4732549191	-1368
16.5389809608	-797
16.5991308689	-1368
16.599323988	543
16.6011478901	543
16.6329989433	-1420
16.6330258846	-1420
16.6330888271	-1264
16.6330919266	-1368
16.6331288815	-1368
16.6332938671	-1420
16.6333248615	-1316
16.6334478855	543
16.637857914	-1420
16.6378660202	-1420
16.6379020214	-1264
16.6381537914	-1420
16.6381978989	-1420
16.6381998062	-1264
16.6393549442	-1368
16.6394388676	543
16.6457438469	-1420
16.6457529068	-1420
16.6457998753	-1264
16.6465778351	-1420
16.6466178894	-1420
16.6466197968	-1264
16.6473059654	-1420
16.6473100185	-1420
16.6473529339	-1264
16.6476998329	-1420
16.6477339268	-1420
16.6477370262	-1264
16.6479208469	-1368
16.6480557919	-1420
16.6480967999	-1316
16.6481368542	543
16.6482570171	-1368
16.6491119862	-1420
16.6491348743	-1316
16.6491379738	-1420
16.6491639614	-1316
16.6492648125	-1368
16.6512608528	543
16.6533849239	-1420
16.6533908844	-1316
16.6534938812	543
16.6537439823	-1368
16.6539359093	-1420
16.6539788246	-1316
16.6587808132	-1368
16.6589448452	-1420
16.6589488983	-1420
16.6589868069	-1264
16.6590487957	-1368
16.6595528126	543
16.6596968174	-1420
16.6597008705	-1316
16.6599919796	-1368
16.6601707935	-1420
16.6602139473	-1316
16.6603198051	543
16.6612780094	-1420
16.6612839699	-1420
16.6613268852	-1264
16.6615138054	-1368
16.664083004	-1368
16.6643199921	-1420
16.6643569469	-1316
16.6644489765	-1368
16.664498806	543
16.6649179459	-1420
16.6649229527	-1316
16.6649448872	-1368
16.6650879383	-1368
16.6651740074	-1368
16.6704878807	-1368
16.6729409695	-1420
16.6729469299	-1420
16.6729798317	-1264
16.67304492	543
16.674628973	-1368
16.6748328209	-1420
16.6748788357	-1316
16.6754980087	-1420
16.6755609512	-1420
16.6755638123	-1264
16.6756119728	-1420
16.6756238937	-1316
16.6756579876	-1368
16.6808187962	-1368
16.680934906	-1368
16.6812608242	-1420
16.6813018322	-1316
16.6814749241	543
16.6879668236	-1420
16.6879758835	-1316
16.7000789642	-1368
16.7075238228	-1420
16.7075948715	-1316
16.7867980003	-1368
16.8076767921	-1002
16.8083229065	543
16.8088138103	543
16.8239300251	543
16.8704898357	-1420
16.8705079556	-1316
16.8865399361	543
16.8929209709	-1368
16.892936945	-1420
16.892993927	-1316
16.8969938755	-1420
16.8970367908	-1316
16.897040844	-1368
16.9003958702	-1368
16.9034109116	543
16.9087309837	543
16.9485969543	543
16.982077837	-770
17.0135028362	1057
17.0143778324	1057
17.0889708996	-1368
17.0891668797	543
17.1615099907	-261
17.1616888046	543
17.2305078506	-1368
17.2333619595	543
17.2380177975	-1368
17.2718930244	-1368
17.2794368267	-1368
17.2797248363	1460
17.2797758579	1139
17.2799639702	543
17.3163340092	-1368
17.3165819645	543
17.3832960129	1057
17.3889768124	543
17.3985939026	543
17.4276089668	-1131
17.5887539387	-1368
17.5892179012	-1420
17.5893318653	-1420
17.5893359184	-1264
17.596752882	-1368
17.5969779491	543
17.6052238941	1057
17.6793539524	-1368
17.6827878952	543
17.6874239445	-1420
17.6874289513	-1316
17.687874794	543
17.7129437923	-1420
17.7129619122	-1316
17.7931838036	-1420
17.7932009697	-1420
17.7932548523	-1264
17.7986898422	543
17.8001639843	-1368
17.8344769478	-1420
17.8345339298	-1316
17.8405628204	543
17.8408718109	1057
17.9087469578	1460
17.9088389874	111
17.9186918736	1460
17.9187588692	625
17.9818649292	-823
18.0053489208	543
18.0056858063	543
18.0568258762	-543
18.1187999249	-1368
18.1528739929	-1420
18.1528890133	-1316
18.1598358154	1057
18.259239912	-1368
18.2596018314	-1368
18.265308857	543
18.2737169266	543
18.3516700268	-1420
18.3516879082	-1316
18.4989178181	-1023
18.5504038334	-1368
18.5618209839	1057
18.6419038773	-1368
18.7173299789	-1368
18.8216660023	-1368
18.8288419247	543
18.9760019779	-928
19.0061128139	543
19.1540429592	-543
19.3804910183	-1086
19.3844439983	543
19.3886899948	543
19.3985788822	543
19.5278580189	-543
19.5280408859	543
19.6309390068	-543
19.6636769772	543
19.778113842	-543
19.7814137936	543
19.7838687897	543
19.9256188869	-543
20.0729768276	-543
20.1022458076	-1420
20.1023008823	-1316
20.1149318218	-1368
20.1224329472	-1368
20.2695479393	-841
20.2735588551	543
20.2920978069	543
20.3036658764	543
20.4209268093	-543
20.5119178295	-1420
20.5119359493	-1316
20.5120170116	-1368
20.5462858677	-1420
20.5463018417	-1420
20.5463719368	-1264
20.6693019867	-704
20.673584938	543
20.6749939919	543
20.6833889484	543
20.6846048832	543
20.7342619896	-1368
20.8324589729	-1289
20.8351697922	1460
20.8352208138	625
20.9795370102	-543
21.0824518204	-543
21.0931580067	-1368
21.2259459496	-232
21.3019249439	543
21.343873024	543
21.3623869419	-543
21.3629939556	543
21.3986568451	543
21.3987579346	543
21.5242259502	-543
21.663918972	543
21.6718409061	-1086
21.6719717979	543
21.8059108257	543
21.8192448616	-543
21.9304327965	543
21.9666068554	-543
21.9668338299	543
22.0490589142	543
22.0496399403	543
22.0991568565	543
22.0997328758	543
22.1075599194	543
22.1086819172	543
22.1091108322	543
22.1137568951	-1086
22.1138958931	543
22.1140220165	543
22.1168189049	543
22.1983268261	-1420
22.1983449459	-1316
22.2571818829	-435
22.2573239803	543
22.2826008797	543
22.2829089165	543
22.2986528873	543
22.2991068363	-1420
22.2991127968	-1420
22.2991569042	-1264
22.2997908592	-1420
22.2998440266	-1420
22.2998468876	-1264
22.2998819351	-1420
22.2998838425	-1420
22.29991889	-1264
22.3060829639	-1420
22.3061280251	-1316
22.306208849	-1368
22.3064699173	-1368
22.3067219257	-1420
22.3068239689	-1420
22.3068258762	-1264
22.3068709373	-1420
22.3068749905	-1420
22.3069097996	-1420
22.306912899	-1212
22.3324098587	-1368
22.3374388218	543
22.3389759064	-1368
22.3624119759	543
22.3653569221	-1368
22.3655109406	1460
22.3655588627	1460
22.3656020164	1161
22.3656828403	1460
22.3657197952	1460
22.3657619953	767
22.3658618927	-1420
22.3658638	-1420
22.3658649921	-1264
22.3667650223	-1420
22.3668270111	-1316
22.3668298721	-1420
22.3668758869	-1420
22.3668789864	-1264
22.3669128418	-1368
22.3672139645	-1368
22.3672959805	-1368
22.3674249649	-1368
22.3675107956	543
22.3729689121	-1420
22.3729739189	-1420
22.3730149269	-1264
22.4059009552	-1420
22.4059488773	-1316
22.4234318733	-1368
22.4249448776	-1420
22.4249498844	-1420
22.4249889851	-1264
22.4260189533	-1420
22.4261269569	-1420
22.426129818	-1264
22.426170826	-1420
22.4261739254	-1316
22.4263489246	-1368
22.4272320271	-1420
22.4272708893	-1420
22.4272727966	-1264
22.4280359745	-1420
22.4280388355	-1420
22.4280757904	-1264
22.4307718277	-1368
22.4309678078	-1368
22.4312047958	543
22.4312458038	-1368
22.4322168827	-1420
22.4322638512	-1420
22.4322669506	-1264
22.4324288368	543
22.4331998825	-1420
22.433205843	-1420
22.4332489967	-1264
22.4334080219	-1420
22.4334468842	-1316
22.4334499836	-1368
22.4335849285	-1420
22.4335877895	-1420
22.4336328506	-1264
22.4404509068	-1420
22.4404959679	-1420
22.4404988289	-1264
22.4409008026	543
22.4449620247	-1368
22.4521949291	-1368
22.4523649216	-1368
22.4798619747	-1368
22.4799048901	-1420
22.4799079895	-1420
22.4799258709	-1264
22.4810659885	-1420
22.4811069965	-1420
22.4811098576	-1264
22.4811429977	-1420
22.4811449051	-1316
22.4835519791	543
22.4870889187	-1368
22.5131738186	-973
22.5701899529	-543
22.5899829865	-1368
22.5930960178	-543
22.5973849297	-1368
22.6131830215	-1368
22.6205890179	-1368
22.6372158527	-1368
22.6380558014	-1420
22.6380629539	-1420
22.6381080151	-1264
22.6385848522	543
22.6394150257	543
22.6418488026	-1420
22.6418550014	-1420
22.6418948174	-1264
22.6445128918	-1420
22.6445569992	-1420
22.6445598602	-1264
22.6745200157	-1420
22.6745269299	-1316
22.6812808514	543
22.6816079617	-1368
22.685697794	543
22.6885778904	543
22.6887760162	543
22.7161397934	-1368
22.74801898	-1368
22.7553999424	-1420
22.7554059029	-1316
22.774050951	543
22.7769899368	-1420
22.7769958973	-1316
22.8020358086	-1368
22.8021798134	543
22.8097128868	-1420
22.8097288609	-1316
22.8104088306	1057
22.8366019726	-109
22.8586139679	543
22.8589680195	543
22.8596379757	543
22.8628559113	-1368
22.8711519241	-1368
22.9215497971	-1420
22.9215679169	-1420
22.9216308594	-1264
22.9277307987	-1368
22.9279839993	-1420
22.927989006	-1316
22.9282569885	543
22.9545209408	-1420
22.9545350075	-1420
22.9545898438	-1264
22.9574668407	-1368
23.0066900253	-923
23.073294878	-1420
23.073335886	-1420
23.0733728409	-1264
23.1430819035	-1368
23.1508169174	-1420
23.1508259773	-1316
23.1788699627	-1420
23.178883791	-1316
23.2040920258	543
23.2254869938	-1420
23.2254970074	-1420
23.2255527973	-1264
23.2284908295	-1420
23.2285308838	-1316
23.3131599426	-1368
23.3292529583	543
23.3979408741	543
23.4239759445	543
23.4538090229	543
23.4724550247	-1358
23.4726150036	543
23.4876868725	-1368
23.5733978748	543
23.6198279858	-1289
23.6201109886	543
23.6287529469	1460
23.6288108826	1460
23.6288468838	1161
23.6289839745	89
23.6679718494	543
23.6937098503	543
23.6939690113	543
23.6950719357	-543
23.7672288418	-543
23.7674379349	543
23.7757530212	1460
23.7758100033	1460
23.7758460045	1161
23.7759239674	89
23.8417108059	-543
23.8418929577	543
23.8486800194	1460
23.8487348557	1460
23.8487708569	1161
23.848845005	89
23.8716988564	-1420
23.8717160225	-1316
23.8722298145	-1368
23.8748919964	543
23.8836228848	1460
23.8836989403	1460
23.8837358952	193
23.8988618851	543
23.922110796	-1368
23.9232149124	-899
23.9265630245	543
23.9368038177	543
23.9665210247	-1368
23.9666469097	-1420
23.9666998386	-1316
23.9671258926	-1420
23.9671528339	-1316
23.9674429893	543
23.9730889797	-1420
23.9730978012	-1420
23.9731459618	-1264
23.9966208935	-1023
24.0104529858	-1420
24.0104768276	-1316
24.0106208324	543
24.0111429691	-1368
24.0112278461	-1420
24.0112609863	-1316
24.0112638474	-1368
24.0113799572	-1420
24.0113840103	-1420
24.0114347935	-1264
24.0114378929	-1368
24.0115559101	-1420
24.0115599632	-1316
24.0118329525	-1420
24.0118370056	-1420
24.0118758678	-1264
24.0121369362	-1420
24.0122489929	-1420
24.0122518539	-1264
24.0122859478	-1420
24.0122878551	-1316
24.0126819611	543
24.0132009983	543
24.0167889595	-1420
24.01679492	-1420
24.016835928	-1264
24.0169308186	543
24.0313029289	-325
24.032864809	-1420
24.0329189301	-1420
24.0329217911	-1264
24.0333769321	-1420
24.0333809853	-1420
24.0334179401	-1264
24.0541708469	-1368
24.0549829006	-1420
24.0549888611	-1316
24.0560348034	-1420
24.0560488701	-1316
24.0560729504	-1420
24.0560758114	-1420
24.0560998917	-1264
24.0563127995	-1368
24.056801796	-1420
24.0568048954	-1420
24.0568418503	-1264
24.0573308468	-1368
24.0579237938	-1420
24.0579268932	-1316
24.0585069656	-1420
24.0585110188	-1420
24.0585479736	-1264
24.0587599277	-1420
24.0587978363	-1420
24.0588009357	-1264
24.0589468479	543
24.0591709614	543
24.0621988773	-1420
24.0622079372	-1420
24.0622668266	-1264
24.0633308887	-1368
24.0634889603	-1368
24.0636208057	-1420
24.0636398792	-1316
24.0638179779	-1420
24.0638558865	-1316
24.0638577938	-1420
24.063934803	-1316
24.0639369488	-1420
24.0639719963	-1316
24.0670537949	543
24.0672988892	-1420
24.067303896	-1316
24.0673940182	-1368
24.0711100101	-1368
24.1292469501	-1368
24.1316490173	-1368
24.1318488121	543
24.1685287952	-1368
24.1688168049	-1368
24.2047410011	-1420
24.2047569752	-1316
24.2112169266	-1368
24.2117788792	-1368
24.2141590118	543
24.2195618153	-1420
24.2195668221	-1316
24.2458069324	-1368
24.253207922	-1368
24.2797930241	-1368
24.2916829586	-1368
24.2945899963	-1368
24.2998268604	-1368
24.3129668236	-1368
24.3474018574	-1368
24.3816828728	-1368
24.3892087936	-1420
24.3892588615	-1316
24.4534549713	1057
24.4629650116	543
24.5251657963	-1368
24.5969388485	543
24.6036708355	543
24.6043148041	543
24.6957108974	543
24.6960129738	543
24.7001450062	-461
24.7091529369	543
24.7097458839	543
24.827395916	-1420
24.8274219036	-1316
24.8476428986	-920
24.9374899864	-1368
24.9377179146	1057
24.9378600121	543
24.9708299637	-1368
24.9791648388	-1368
24.9793817997	543
25.0856819153	-1210
25.232724905	-543
25.2402639389	543
25.2585539818	1460
25.2586359978	111
25.2603228092	543
25.26095891	543
25.2629258633	543
25.3492999077	-1368
25.3495018482	543
25.3510658741	-1420
25.3510708809	-1316
25.3568749428	-1368
25.3959748745	-1368
25.4109129906	-617
25.4128718376	543
25.4190778732	-1368
25.4192218781	-1420
25.4192578793	-1316
25.4301400185	1460
25.4302089214	111
25.5029489994	-1368
25.5099079609	543
25.5110869408	543
25.5781769753	-841
25.5785729885	543
25.5797958374	543
25.5808289051	543
25.6477358341	-1368
25.6479699612	543
25.7256569862	-1347
25.7260768414	543
25.8148670197	-1420
25.8148839474	-1316
25.8411679268	-1368
25.8414108753	543
25.8749349117	-1420
25.8749518394	-1316
25.8749988079	-1368
25.8756289482	-1368
25.8762238026	543
25.9095878601	-1368
25.9137878418	543
25.9139900208	1460
25.9140338898	625
25.9166278839	-1368
25.9170877934	543
26.050262928	-1368
26.0505847931	543
26.0576708317	-1420
26.0576779842	-1316
26.0618870258	-467
26.0647809505	-1368
26.1710138321	-1420
26.1710298061	-1316
26.1742489338	543
26.195941925	-1368
26.2058579922	-1368
26.3510968685	-1368
26.3548560143	543
26.3551859856	1460
26.3552339077	625
26.3589680195	-1420
26.3589818478	-1420
26.3590068817	-1264
26.3590099812	-1420
26.3590250015	-1420
26.3590269089	-1264
26.361951828	-1420
26.3619580269	-1420
26.3619849682	-1264
26.4518659115	-1368
26.5066668987	-1279
26.5076828003	543
26.5310277939	1057
26.5545408726	-1420
26.5545608997	-1316
26.579020977	-1368
26.588092804	-1368
26.5925679207	543
26.6767868996	-1368
26.6770598888	-1368
26.6771218777	-1368
26.6778399944	-1420
26.677947998	-1316
26.6781029701	-1368
26.6781949997	-1420
26.6782009602	-1420
26.6782829762	-1264
26.6785650253	543
26.6844408512	-1420
26.6844558716	-1316
26.6845629215	-1368
26.6977729797	-1368
26.7051188946	-1420
26.7051348686	-1316
26.8240377903	-686
26.8241519928	543
26.9128029346	-1368
26.9201538563	-785
