0	-543
2.00644207001	543
2.0270049572	543
2.22292208672	-543
2.52191305161	-1368
2.5219810009	-1420
2.52202105522	-839
2.52209711075	-1420
2.52214097977	-1316
2.52224111557	-1368
2.52239918709	543
2.53513908386	-1420
2.53515601158	-1316
2.53523516655	-1368
2.5562081337	-1368
2.56775808334	1057
2.57841396332	1057
2.58619713783	543
2.60776209831	543
2.65848302841	-1420
2.6585111618	-1316
2.65856003761	-1368
2.65873217583	-1420
2.65878605843	-1316
2.6588549614	-1368
2.65911507607	-1368
2.65927815437	-1420
2.65931200981	-1316
2.65937709808	-1368
2.65956902504	-1420
2.65957212448	-1316
2.65963602066	543
2.67191910744	-1420
2.67194509506	-1420
2.67203903198	-1264
2.67204213142	-1368
2.67433595657	543
2.67459917068	543
2.68303012848	543
2.68331599236	543
2.68359208107	543
2.68379116058	543
2.69296813011	-1420
2.69297409058	-1316
2.69304609299	-1245
2.70338201523	543
2.70366811752	543
2.70394611359	543
2.70416998863	543
2.7979581356	-543
2.84099698067	-543
2.85935902596	-1420
2.85940599442	-1316
2.8793451786	-1368
2.87997317314	-1368
2.88002514839	-1368
2.88022112846	-1368
2.88079714775	-1368
2.88090515137	-1368
2.88137412071	-1368
2.88148999214	-1420
2.88149309158	-1316
2.89098215103	-1420
2.89099502563	-1316
2.8910381794	-1368
2.89120006561	1057
2.8918170929	543
2.89208507538	543
2.95327115059	-1368
2.96634912491	-1368
2.96652507782	-1368
2.96674013138	-1368
2.96698617935	-1368
2.96734404564	-1420
2.96739506721	-1316
2.96740603447	-1368
2.99601602554	-694
3.00268507004	543
3.00471115112	543
3.00496006012	543
3.01093411446	543
3.0126709938	543
3.01757216454	543
3.05676698685	-1420
3.05678915977	-1316
3.05684113503	-1368
3.06086206436	-1368
3.06444907188	-1420
3.06445813179	-1316
3.06791901588	-1368
3.0711619854	543
3.07131409645	-1420
3.07133102417	-1316
3.0713801384	-1368
3.07433915138	-1368
3.08337306976	-1368
3.08344101906	-1368
3.08354401588	-1368
3.08671116829	543
3.08696198463	543
3.1150431633	543
3.12271904945	543
3.12333202362	543
3.12357401848	543
3.13283896446	-1213
3.13508296013	543
3.23383402824	-1368
3.23385214806	-1368
3.23666214943	1057
3.23789811134	543
3.23811507225	543
3.23969912529	-1420
3.23970413208	-1316
3.28880119324	-1368
3.29465317726	-1368
3.30977797508	-762
3.36207509041	-1368
3.36216402054	-1368
3.36728596687	-1368
3.40181899071	-1420
3.40186309814	-1316
3.41428112984	543
3.44644713402	-1102
3.50728297234	-1420
3.50730419159	-1316
3.50788617134	-1368
3.50796413422	-1368
3.50845909119	-1368
3.50917410851	-1368
3.50937509537	-1420
3.50937914848	-1316
3.50999617577	-1368
3.51011013985	-1368
3.51023817062	-1368
3.51075100899	-1368
3.51320004463	543
3.52026414871	-1368
3.52027916908	-1368
3.52040505409	-1368
3.52460813522	-543
3.54170012474	-1420
3.54176497459	-1316
3.54189801216	543
3.54375910759	-1420
3.54376506805	-1316
3.55619001389	-1420
3.55619907379	-1316
3.55624604225	-1420
3.55624914169	-1316
3.58307909966	-839
3.69214200974	-1368
3.72088909149	-746
3.72141504288	543
3.72374415398	543
3.80323219299	1057
3.94246912003	-1420
3.94248509407	-1420
3.94255304337	-273
4.00247502327	1460
4.00259613991	1460
4.00265216827	1161
4.00270915031	1460
4.00277996063	1460
4.00282597542	1161
4.00287914276	1460
4.0029501915	231
4.00633811951	1460
4.00638818741	1460
4.00642299652	1161
4.00882697105	89
4.05050206184	-1368
4.08094501495	-1231
4.10550808907	543
4.10576200485	543
4.12597298622	-1420
4.12598109245	-1316
4.12630414963	-1368
4.12640714645	-1368
4.12653708458	-1368
4.12671613693	-1420
4.12674403191	-1316
4.12741017342	-1420
4.12744808197	-1420
4.12744998932	-1264
4.1275241375	-1368
4.127628088	-1368
4.12978601456	-1368
4.13000607491	-1368
4.14422011375	-1368
4.14433813095	543
4.14439606667	-1420
4.14439916611	-1316
4.14646816254	-1420
4.146474123	-1316
4.14664316177	-1368
4.14736318588	-1368
4.14749312401	-1368
4.14753603935	543
4.14772200584	-1420
4.14772701263	-1316
4.14830303192	-1368
4.1484310627	-1368
4.15756416321	-1368
4.15854310989	-1420
4.1585931778	-1316
4.15881896019	-1368
4.15897417068	-1368
4.15908098221	-1368
4.1600291729	-1368
4.16012215614	-1368
4.16031098366	-1368
4.16041207314	-1368
4.16139101982	-1420
4.16139698029	-1316
4.16152596474	-1368
4.16264009476	-1420
4.16268801689	-1316
4.1627600193	-1368
4.16288304329	-1368
4.16300702095	-1368
4.16313910484	-1368
4.16332197189	-1368
4.17291617393	543
4.18713116646	-1420
4.18715405464	-1316
4.26409506798	-1420
4.26412200928	-1316
4.26422715187	-1420
4.26423096657	-1316
4.26449012756	-1368
4.26456308365	-1368
4.26573204994	-1420
4.26573610306	-1420
4.26577496529	-1264
4.2658290863	-1420
4.2658560276	-1316
4.2661011219	-1420
4.26613903046	-1316
4.26636004448	-1420
4.26638007164	-1316
4.26652407646	-1368
4.26667404175	-1420
4.26667714119	-1316
4.26688218117	-1368
4.26701307297	-1420
4.26703310013	-1316
4.26733016968	-1420
4.26736712456	-1316
4.26743006706	-1368
4.26753306389	-1368
4.26762509346	-1368
4.26815199852	-1368
4.26834797859	543
4.26842808723	-1420
4.26843214035	-1420
4.26846909523	-1264
4.26860618591	543
4.28317403793	-1368
4.28329110146	-1368
4.28345799446	-1368
4.28353714943	-1368
4.2835650444	-1368
4.28380012512	-1368
4.28512001038	-1368
4.2852191925	-1420
4.28525900841	-1316
4.2854180336	-1368
4.2859480381	-1368
4.28609108925	-1368
4.28616905212	-1368
4.28622817993	-1368
4.28641915321	-1420
4.28642201424	-1316
4.28650808334	-1368
4.28670310974	-1368
4.28678917885	-1368
4.28702497482	-1368
4.28731012344	-1420
4.28731298447	-1316
4.28738498688	-1420
4.28738713264	-1316
4.29276704788	543
4.29307103157	543
4.29402303696	543
4.29580497742	-1420
4.29581999779	-1316
4.29595398903	-1368
4.29615616798	-1368
4.29645109177	-1420
4.29645609856	-1316
4.29701113701	-1420
4.2970161438	-1316
4.29721403122	-1420
4.29721808434	-1316
4.29824995995	-1368
4.2983481884	-1368
4.29843497276	-1368
4.29864501953	-1368
4.29883217812	-1420
4.29883599281	-1316
4.29900503159	-1368
4.29907417297	-1368
4.29954695702	-1420
4.29955005646	-1316
4.2997469902	-1368
4.29979300499	-1368
4.29991912842	-1368
4.30001807213	-1368
4.30022096634	-1368
4.30032300949	-1368
4.30047607422	-1420
4.30047917366	-1316
4.30066514015	-1368
4.30081105232	-1420
4.30084896088	-1316
4.30102515221	-1368
4.30116510391	-1368
4.30129313469	-1368
4.30133318901	543
4.3014190197	-1420
4.30142211914	-1316
4.30166006088	543
4.30184006691	-1420
4.30184316635	-1316
4.30192804337	543
4.32424998283	-1420
4.32427597046	-1420
4.32432603836	-1264
4.32442116737	-1420
4.32446908951	-1316
4.3246011734	-1368
4.40120697021	-1420
4.40122413635	-1420
4.40129804611	-1264
4.40130114555	-1368
4.40134906769	-1368
4.40135216713	-1368
4.40149712563	-1368
4.40150117874	-1368
4.40172219276	-1368
4.40182209015	-1368
4.40205311775	-1420
4.40205717087	-1316
4.40247106552	-1368
4.40269303322	-1420
4.40271615982	-1316
4.40281510353	-1368
4.40292906761	-1368
4.40305614471	-1368
4.40331697464	-1368
4.40341210365	-1368
4.40363311768	-1368
4.40366911888	-1368
4.40374898911	-1368
4.40392398834	-1368
4.40424418449	1057
4.40428805351	-1420
4.40428996086	-1420
4.40429115295	-1264
4.40439105034	-1368
4.40449118614	-1368
4.40458106995	-1368
4.4051861763	-1368
4.40533709526	-1420
4.40537714958	-1316
4.40552806854	-1368
4.40560698509	-1368
4.40576314926	-1368
4.40594100952	-1420
4.40594506264	-1316
4.40612101555	-1368
4.40626502037	-1368
4.40636706352	-1368
4.40647697449	-1368
4.4065849781	-1368
4.40675616264	-1368
4.40686511993	-1420
4.40686798096	-1316
4.40701603889	-1368
4.40714216232	-1368
4.40730905533	-1420
4.40731215477	-1316
4.40807318687	-1368
4.40820717812	-1420
4.40822601318	-1316
4.40836501122	-1368
4.40846610069	-1368
4.40860915184	-1368
4.40876698494	-1420
4.40877008438	-1316
4.40902113914	-1420
4.40902400017	-1316
4.41012001038	543
4.41026997566	543
4.41164708138	543
4.42039513588	-1420
4.42040205002	-1316
4.4204390049	-1368
4.42057418823	-1368
4.4206840992	543
4.42098498344	-1368
4.42113900185	-1368
4.42120814323	-1368
4.42136597633	-1368
4.42152404785	-1420
4.42152905464	-1316
4.42167711258	-1368
4.42183899879	-1368
4.42204713821	-1420
4.42205119133	-1316
4.4221739769	-1368
4.42235517502	-1420
4.4223780632	-1316
4.42261600494	-1420
4.42264413834	-1316
4.42281508446	-1368
4.42295598984	-1420
4.42296004295	-1316
4.42314004898	-1368
4.42329406738	-1368
4.42339897156	-1368
4.42350006104	-1368
4.42363715172	-1368
4.42366909981	543
4.42379307747	-1368
4.42387914658	-1368
4.42396616936	-1368
4.42412018776	-1420
4.42414212227	-1316
4.42439413071	-1420
4.42441415787	-1316
4.42457818985	-1368
4.42473602295	-1420
4.42473912239	-1316
4.42492508888	-1368
4.42502307892	-1368
4.42520499229	-1368
4.42534303665	543
4.42538714409	-1420
4.42539000511	-1316
4.42554807663	-1368
4.42563915253	-1420
4.42566108704	-1316
4.42574095726	543
4.42587018013	-1368
4.42601203918	-1368
4.42646503448	-1368
4.43255901337	-1420
4.43259501457	-1316
4.43268799782	-1368
4.43277096748	-1368
4.43296599388	-1420
4.43299102783	-1316
4.43309903145	-1368
4.43323302269	-1420
4.43323802948	-1316
4.43345618248	-1368
4.43355298042	-1368
4.43367314339	-1368
4.43387198448	-1420
4.43389701843	-1316
4.43416714668	-1420
4.43419098854	-1316
4.43428516388	-1368
4.43436312675	-1368
4.43442511559	543
4.43450307846	-1368
4.43461608887	-1368
4.43531918526	-1420
4.43532419205	-1316
4.43553113937	-1368
4.43562412262	-1368
4.43574309349	-1368
4.4358561039	-1368
4.4359691143	-1368
4.43612098694	-1368
4.43627309799	-1420
4.43627595901	-1316
4.43640208244	-1368
4.43660712242	-1368
4.43684196472	-1420
4.43684506416	-1316
4.43708205223	-1420
4.43708395958	-1420
4.43713617325	-1264
4.43724012375	-1368
4.43732714653	-1368
4.43739414215	543
4.43743109703	-1368
4.4375910759	543
4.43760704994	-1368
4.43771600723	-1368
4.43782901764	-1368
4.43802213669	-1368
4.43813896179	-1420
4.43814396858	-1316
4.43831515312	-1420
4.43832015991	-1316
4.43857002258	-1368
4.43867111206	-1368
4.43880796432	-1420
4.43881106377	-1316
4.43899607658	-1368
4.43909311295	-1368
4.43927502632	-1368
4.43939709663	-1420
4.43943500519	-1316
4.43956398964	-1368
4.43972706795	-1420
4.43973016739	-1316
4.43997311592	-1368
4.44009017944	-1368
4.44020199776	-1368
4.44035005569	-1420
4.44038796425	-1316
4.44044804573	-1368
4.44063210487	-1368
4.44078207016	-1368
4.4409160614	-1420
4.44091796875	-1316
4.44117617607	-1420
4.44117903709	-1316
4.44135403633	543
4.44155907631	-1420
4.44156312943	-1316
4.44164896011	543
4.44177103043	-1420
4.44177508354	-1316
4.44198107719	543
4.46121096611	-1420
4.46122598648	-1316
4.46127700806	-1368
4.46149301529	-1420
4.4615240097	-1316
4.46161413193	-1368
4.46176815033	-1368
4.4619140625	-1420
4.46195697784	-1316
4.46221017838	-1368
4.4735519886	543
4.47751808167	543
4.50087714195	-1368
4.50090003014	-1368
4.53792405128	-1420
4.5379421711	-1316
4.53799915314	-1368
4.53810405731	-1420
4.53815102577	-1316
4.53824901581	-1368
4.53839707375	-1368
4.53846001625	543
4.53850507736	-1368
4.53864717484	-1420
4.53868818283	-1316
4.53890109062	-1420
4.53895115852	-1316
4.53902697563	-1368
4.53930306435	-1368
4.53937005997	-1368
4.53947615623	-1368
4.53954195976	543
4.53967618942	-1420
4.53968000412	-1316
4.53994417191	-1368
4.54002118111	-1368
4.54010605812	-1368
4.54011011124	-1368
4.54024600983	-1368
4.54039406776	-1368
4.54052996635	-1368
4.54060101509	543
4.54063916206	-1368
4.54078412056	-1368
4.54087615013	-1420
4.54088115692	-1316
4.54120898247	-1420
4.54121518135	-1316
4.54130601883	-1368
4.54142904282	-1368
4.54167819023	-1420
4.54168200493	-1316
4.54170298576	-1368
4.54194116592	-1368
4.54207706451	-1420
4.54208111763	-1316
4.54224705696	-1368
4.54239201546	-1420
4.54241609573	-1316
4.54265213013	-1368
4.5427801609	-1420
4.54278302193	-1316
4.54294419289	-1368
4.54302310944	-1420
4.54304409027	-491
4.54567313194	543
4.55283117294	543
4.56288099289	1460
4.56296515465	625
4.56318306923	1460
4.56322717667	1139
4.57999801636	543
4.59556007385	543
4.75599312782	-1420
4.75601816177	-151
4.75802612305	-1368
4.75817298889	-1368
4.75888800621	-1420
4.758893013	-1316
4.75934004784	-1368
4.75934505463	-1420
4.75937509537	-1316
4.75946998596	543
4.75960612297	-1368
4.77187108994	-1368
4.77216410637	-1420
4.77216911316	-1316
4.77219319344	-1368
4.78049015999	-1368
4.78089213371	-1368
4.78118801117	-1420
4.78123402596	-1316
4.78155016899	-1420
4.78159403801	-1420
4.78159713745	-1264
4.78187608719	-1368
4.78197216988	-1368
4.78211903572	-1368
4.78223109245	-1368
4.78248000145	-1420
4.78248500824	-1316
4.78257513046	-1368
4.78271698952	-1368
4.78283810616	-1368
4.79028916359	-1420
4.79033303261	-1316
4.79033613205	-1368
4.79049515724	543
4.79063010216	-1368
4.81168699265	-1368
4.81174707413	-1368
4.81182718277	-1368
4.81219315529	-1420
4.81219816208	-1316
4.81240296364	-1368
4.81281614304	-1368
4.81292200089	-1368
4.81312799454	-1368
4.81320595741	-1368
4.81332707405	-1368
4.81344604492	-1368
4.81352496147	543
4.81385612488	-1420
4.81386113167	-1420
4.81388306618	-1264
4.81401395798	-1368
4.81414818764	-1368
4.81428003311	-1368
4.81436800957	543
4.81442809105	-1420
4.81443119049	-1316
4.81462001801	-1420
4.8146250248	-1316
4.81483316422	-1368
4.81541800499	-1368
4.81595396996	-1368
4.81611204147	-1368
4.81623005867	-1368
4.81723999977	-1368
4.81751418114	-1420
4.81751704216	-1316
4.81810998917	-1368
4.8182079792	-1368
4.81829619408	-1368
4.82720112801	-1420
4.82725715637	-1316
4.82813715935	-1368
4.85224914551	-1420
4.85226416588	-1316
4.852684021	-1368
4.85289502144	-1420
4.85295009613	-1316
4.85611009598	-1368
4.85637712479	-1368
4.85895705223	-1420
4.85899996758	-1316
4.85905313492	-1368
4.86168813705	-1368
4.86179113388	543
4.86182999611	-1368
4.86212301254	-1420
4.86216306686	-1316
4.86943411827	-1420
4.86948204041	-1316
4.86956810951	-1368
4.86990404129	-1368
4.86997199059	-1368
4.870221138	-1420
4.87022399902	-1316
4.87028717995	-1368
4.87047815323	-1368
4.87095713615	-1420
4.87095999718	-1316
4.87103796005	-1368
4.87324404716	543
4.8753349781	-1368
4.875426054	-1368
4.87554311752	-1368
4.8756301403	-1368
4.8757250309	543
4.8768889904	-1420
4.87689399719	-1316
4.87816119194	-1368
4.87824296951	-1368
4.87830305099	-1368
4.87846112251	-1368
4.8787150383	-1420
4.87871813774	-1316
4.87906813622	-1368
4.87924718857	-1420
4.87926506996	-1316
4.87970995903	-1368
4.88028502464	-1368
4.88036799431	-1368
4.88042712212	-1368
4.88084816933	-1368
4.88091611862	-1368
4.88111996651	-1368
4.88141703606	543
4.88462901115	-1420
4.88463497162	-1316
4.88483309746	-1368
4.88593196869	-1420
4.88595700264	-1316
4.88600111008	-1368
4.88610315323	543
4.88834118843	-1420
4.88834810257	-1420
4.88839316368	-1264
4.8886590004	-1420
4.88869810104	-1316
4.88877606392	-1368
4.88899803162	-1368
4.88910102844	-1368
4.88925600052	-1368
4.88930606842	-1368
4.8894340992	-1368
4.88956308365	-1420
4.8896009922	-1316
4.88999319077	-1420
4.89003205299	-1420
4.89003396034	-1264
4.89026713371	-1420
4.89027118683	-1316
4.89087796211	-1420
4.89088106155	-1316
4.89104604721	-1368
4.89126515388	-1368
4.89139604568	-1368
4.89154005051	-1368
4.89182806015	-1368
4.89250707626	-1420
4.89254617691	-1316
4.89274597168	-1368
4.89351701736	543
4.89355802536	-42
4.89467597008	-1368
4.8947429657	-1368
4.89488601685	-1368
4.89498114586	543
4.89511919022	-1368
4.89512300491	-1368
4.89526414871	-1368
4.89643502235	-1368
4.89655208588	-1368
4.89670300484	-1368
4.89710998535	543
4.89864015579	-1420
4.89864611626	-1420
4.89868807793	-1264
4.89977502823	-1368
4.89988803864	-1368
4.89999508858	-1368
4.90130805969	-1368
4.90152406693	-1368
4.90252709389	-1368
4.9029250145	-1368
4.90301203728	-1368
4.90331602097	-1368
4.90347719193	-1368
4.90362215042	-1368
4.90643811226	-1368
4.90655612946	-1368
4.90686798096	-1368
4.90703606606	-1420
4.90706205368	-1316
4.90724110603	-1368
4.90738296509	-1368
4.90773701668	-1368
4.90782618523	-1368
4.9079720974	-1368
4.90863704681	-1368
4.9087600708	-1368
4.9088549614	-1368
4.90899205208	-1368
4.90913009644	-1368
4.90958619118	-1368
4.90968108177	543
4.91109013557	-1420
4.91109514236	-1316
4.91128611565	-1368
4.91285014153	-1368
4.91296505928	-1368
4.91316008568	-1368
4.91452908516	-1420
4.91453504562	-1316
4.91482710838	-1368
4.91489815712	543
4.91642808914	-1368
4.91658210754	-1368
4.91689610481	-1368
4.92086005211	-1368
4.92100811005	-1368
4.92111206055	-1368
4.92403912544	-1368
4.92413210869	-1368
4.92424798012	-1368
4.92653012276	-1420
4.92655515671	-1316
4.92669510841	-1368
4.92818498611	-1420
4.928191185	-1316
4.92949414253	-1368
4.92964601517	-1368
4.92981314659	-1368
4.92995119095	-1368
4.9302380085	-1368
4.93127298355	543
4.93143701553	543
4.93155503273	-1420
4.93155813217	-1316
4.93174004555	-1368
4.93275809288	-1368
4.93299818039	-1368
4.93300318718	-1368
4.93587708473	-1368
4.93595314026	-1368
4.93613219261	-1368
4.93811702728	-1420
4.93814206123	-1316
4.93850111961	-1368
4.93975996971	-1368
4.93990707397	-1368
4.94001317024	-1368
4.94099807739	-1368
4.94111704826	-1368
4.94142913818	-1368
4.94168996811	-1420
4.94169306755	-1316
4.94328713417	-1368
4.94419908524	-1368
4.9443731308	-1420
4.94437718391	-1316
4.94446897507	1057
4.94546914101	-1368
4.94561910629	-1420
4.94564199448	-1316
4.94767618179	-1420
4.94770097733	-1316
4.94770407677	-1368
4.94930100441	-1420
4.9493060112	-1316
4.95111513138	-1420
4.95112013817	-1316
4.95131516457	-1368
4.95323514938	-1368
4.95351815224	-1420
4.95352101326	-1316
4.95513701439	-1368
4.95533704758	-1368
4.95680212975	-1368
4.95694708824	-1368
4.95762205124	543
4.96133303642	-1368
4.96153306961	-1420
4.96156001091	-1316
4.9616060257	-1368
4.96354818344	-1368
4.96364402771	-1368
4.96384501457	-1368
4.96590614319	-1368
4.96602296829	-1368
4.96855306625	-1368
5.03006100655	-178
5.17220807076	543
5.26987314224	543
5.27944207191	543
5.27990102768	543
5.40583896637	-543
5.43930196762	-1420
5.43938302994	-1420
5.43942308426	-787
5.442456007	-1420
5.442497015	-1316
5.44258308411	-1368
5.44331502914	543
5.45276403427	-1368
5.4638030529	-1420
5.46384501457	-1316
5.46400117874	-1368
5.46410918236	-1368
5.46616101265	-1420
5.46622514725	-1316
5.46874499321	-1368
5.46876811981	-1368
5.46886610985	-1368
5.46888709068	-1368
5.46973896027	-1368
5.4717001915	-1420
5.4717040062	-1316
5.47389698029	543
5.47414302826	-1368
5.47644615173	-1368
5.47862505913	-1420
5.47862911224	-1316
5.47878599167	-1368
5.48029017448	-1368
5.48088407516	-1368
5.48233509064	-1420
5.48238015175	-1316
5.48862314224	-1420
5.48868918419	-1420
5.48869204521	-1264
5.48872900009	-1420
5.48873209953	-1316
5.48892498016	-1368
5.48914718628	-1420
5.4891910553	-1316
5.4893450737	-1368
5.49085402489	-1368
5.49094200134	-1368
5.49612116814	543
5.50870609283	-1420
5.50872302055	-1316
5.50877118111	-1368
5.56373000145	-1368
5.56375813484	-1368
5.5638051033	-1368
5.56397414207	543
5.56435012817	-1368
5.56435513496	-1420
5.56439614296	-1316
5.56469702721	-1368
5.56482100487	-1420
5.56482410431	-1316
5.5656940937	-1368
5.56581711769	-1368
5.56590819359	-1368
5.56614017487	-1368
5.5662779808	-1368
5.56658411026	-1368
5.56672000885	-1420
5.56672310829	-1316
5.56696200371	-1368
5.56772208214	-1420
5.56778717041	-1316
5.56778907776	-1368
5.57615613937	-835
5.5790681839	-1368
5.5792760849	-1368
5.57942008972	-1368
5.57949995995	-1368
5.57989311218	543
5.58305597305	-1368
5.58314013481	-1368
5.58325505257	-1368
5.58525800705	-1368
5.58590507507	-1368
5.58591008186	-1368
5.58721113205	-1368
5.58731818199	-1368
5.58782815933	-1368
5.59075307846	-1420
5.59080910683	-1316
5.59137701988	-1368
5.59199213982	-1368
5.5920791626	-1368
5.59214305878	-1368
5.59300518036	-1420
5.59307312965	-1316
5.59331417084	543
5.59343314171	543
5.5935151577	-1368
5.59457015991	-1368
5.5946290493	-1368
5.59480214119	-1368
5.59486818314	-1368
5.59494805336	-1368
5.59527301788	-1368
5.59550309181	-1368
5.59574699402	-1420
5.5957531929	-1316
5.60749411583	-1368
5.607817173	-1368
5.60792517662	-1368
5.60840415955	-1420
5.60843205452	-1316
5.608533144	-1368
5.60881900787	-1368
5.60895895958	-1368
5.60912418365	-1368
5.60961008072	-1420
5.60965108871	-1316
5.60978198051	-1368
5.60990810394	-1368
5.6141731739	-1368
5.61430311203	-1368
5.63954901695	-1420
5.63960909843	-1316
5.63990807533	-1368
5.64003896713	-1368
5.64008498192	-1368
5.64031195641	-1368
5.64046406746	-1368
5.64067316055	-1420
5.64067602158	-1316
5.64102816582	-1368
5.64120602608	-1368
5.64141917229	-1368
5.64150714874	-1368
5.6415719986	543
5.64166903496	543
5.64198899269	-1368
5.64216518402	-1368
5.64256501198	-1368
5.64889717102	-1368
5.6489341259	-1368
5.6513261795	543
5.68532514572	-1420
5.6853351593	-1316
5.68571996689	1460
5.68577098846	111
5.68626999855	543
5.68644118309	543
5.7132999897	-366
5.88651418686	543
5.88674998283	543
5.90831899643	-543
5.92623615265	543
5.92646503448	543
6.04633712769	-543
6.09354305267	-1420
6.09355211258	-1316
6.10754799843	543
6.10786819458	543
6.10818099976	543
6.10837316513	543
6.18328905106	-1368
6.18330717087	-1368
6.18342208862	-1368
6.18349719048	-1368
6.18366599083	-1368
6.18379402161	-1368
6.18389701843	-1368
6.18419313431	-1368
6.18430805206	-1420
6.1843111515	-1316
6.19557213783	-1292
6.1973900795	-1368
6.1974439621	-1368
6.19764113426	-1368
6.21731114388	-1368
6.2811460495	-1368
6.33197402954	-472
6.33449316025	-1420
6.33454108238	-1316
6.33545613289	-1368
6.33563804626	-1368
6.33570504189	-1368
6.33631110191	-1368
6.33637213707	-1368
6.33650898933	-1368
6.33781504631	-1368
6.33793401718	-1368
6.33809304237	-1368
6.33819198608	-1368
6.33835816383	-1420
6.3383769989	-1316
6.34021902084	543
6.35525512695	-1368
6.35531115532	-1368
6.38560914993	-1420
6.38562512398	-1420
6.38568210602	-1264
6.42464399338	-1368
6.42802500725	543
6.43037796021	543
6.45908212662	-1368
6.46830010414	-491
6.48051905632	-1420
6.48053503036	-1316
6.48069810867	-1368
6.61708712578	-66
6.61903715134	543
6.63289117813	543
6.74838900566	-1420
6.74840712547	-1420
6.74846410751	-1264
6.75057697296	-1368
6.75061011314	-1368
6.75168204308	-1420
6.75172710419	-1316
6.75622010231	-1334
6.76008915901	-1420
6.76009511948	-1316
6.76015210152	-1368
6.78301811218	-1368
6.89278912544	-812
6.90975403786	543
6.94222807884	543
6.97905898094	-1368
6.9798271656	-1420
6.97988915443	-1316
6.980479002	-1368
6.98085999489	-1420
6.98086619377	-1316
6.98145318031	-1420
6.98145699501	-1420
6.98149418831	-1264
6.98202514648	-1368
6.98208713531	-1420
6.98209118843	-1316
6.98226499557	-1368
6.98535513878	543
6.992000103	-1420
6.99200606346	-1316
7.01347517967	-1420
7.0134871006	-1316
7.02277898788	543
7.04664611816	-193
7.1832921505	-1086
7.19277095795	543
7.19301605225	1057
7.19324016571	1057
7.19373607635	543
7.19395899773	543
7.2287299633	1057
7.32571315765	-1368
7.3304810524	-232
7.40630602837	-1368
7.4375641346	-1420
7.43761396408	-1316
7.4376180172	-1368
7.44051814079	-1420
7.44052600861	-1316
7.4408121109	-1368
7.44087409973	-1420
7.44089603424	-1316
7.441188097	-1368
7.44343304634	543
7.44687104225	-1420
7.44687795639	-1316
7.44699406624	-1368
7.44936609268	-1368
7.44940114021	-1420
7.44940519333	-1316
7.4501581192	543
7.45482397079	-1420
7.45482897758	-1316
7.45520114899	-1368
7.45746016502	-1420
7.45750212669	-1316
7.45750403404	-1368
7.45939016342	-1368
7.45945715904	-1368
7.45957708359	-1368
7.45969605446	543
7.46335196495	-1420
7.46335697174	-1316
7.46344208717	-1368
7.46488118172	-1420
7.46490097046	-1316
7.46690702438	-1420
7.46695113182	-1420
7.46695303917	-1420
7.46698904037	-570
7.46922111511	-1368
7.46932697296	543
7.46953606606	543
7.47178506851	-1420
7.47179102898	-1316
7.47210216522	543
7.47235298157	543
7.475908041	-1368
7.47845005989	-1368
7.47848010063	-1368
7.50195598602	-1420
7.50202012062	-1316
7.50202512741	-1368
7.53412103653	-1368
7.60042715073	-1420
7.600440979	-1316
7.60048508644	-1368
7.60340309143	543
7.6034450531	-11
7.60401511192	1086
7.60434412956	543
7.61283111572	543
7.61880207062	543
7.61899709702	543
7.62359309196	-1368
7.67542695999	543
7.67598414421	543
7.67624616623	543
7.67650103569	543
7.67686796188	543
7.67707109451	543
7.70085096359	-1368
7.70086812973	-1420
7.70090603828	-1316
7.71197104454	543
7.7182559967	543
7.71853399277	543
7.73453211784	-1368
7.74029898643	-986
7.77614998817	543
7.84889411926	-1368
7.87684297562	-232
7.89047503471	-1420
7.89048600197	-1316
7.89054012299	-1368
7.89221596718	543
7.89290308952	543
7.90269708633	-1368
7.90276908875	-1368
7.90285110474	-1368
7.92351913452	-1368
7.9247341156	-1368
7.95090103149	-1368
7.95367598534	-1420
7.95368099213	-1316
7.96328496933	543
7.96354699135	543
7.98498010635	543
7.98566699028	-1420
7.98567199707	-1316
8.00931096077	543
8.00999712944	543
8.01023602486	543
8.01364898682	-1126
8.04048705101	-1368
8.04056215286	-1368
8.06383705139	-1368
8.08503818512	543
8.09669709206	-1368
8.09811496735	-1368
8.10278105736	543
8.10290002823	543
8.10403800011	543
8.1043741703	543
8.10459208488	543
8.13525009155	543
8.14287209511	543
8.15032911301	-472
8.15619111061	543
8.15689396858	543
8.19982099533	-1368
8.19983696938	-1368
8.19987297058	-1368
8.21234703064	-543
8.21637511253	-1368
8.23241615295	-1368
8.2432410717	543
8.24347901344	543
8.26223111153	-1368
8.26267504692	-1368
8.26902198792	543
8.27488708496	-1368
8.27931118011	543
8.27955102921	543
8.28298306465	543
8.28320908546	543
8.28510212898	-1368
8.28518795967	-1368
8.28537416458	-1368
8.2876200676	-177
8.30867815018	-1368
8.30947303772	-1420
8.30953097343	-1316
8.31585597992	543
8.31607604027	543
8.38259911537	-1368
8.3840379715	-1368
8.38408207893	-1368
8.38427114487	-1368
8.40566301346	1460
8.40575313568	111
8.41512799263	-1368
8.41520404816	-1368
8.42500805855	-828
8.43273901939	543
8.44996619225	-1368
8.44997906685	-1368
8.46131205559	-1368
8.46840214729	543
8.46970701218	543
8.46988916397	543
8.4891409874	543
8.49319696426	543
8.49341011047	543
8.51898002625	-1368
8.55713701248	-1420
8.5572040081	-1316
8.56184005737	-1218
8.5649960041	543
8.59899401665	-1368
8.60051107407	543
8.61262512207	-1368
8.61263513565	-1368
8.6127641201	-1368
8.6308400631	-543
8.64556908607	-1368
8.64717698097	-1368
8.66400814056	543
8.6692340374	-1368
8.67064499855	-1368
8.6710729599	-1420
8.67107701302	-1316
8.67193818092	-1420
8.67194318771	-1316
8.67228102684	-1368
8.67357802391	-1420
8.67360401154	-1316
8.67625212669	-1420
8.67627906799	-1316
8.67635703087	543
8.67648100853	-1368
8.68160104752	-1368
8.69844818115	-201
8.69907617569	-1368
8.70144510269	-1420
8.70144915581	-1316
8.70164299011	-1368
8.70384311676	-1368
8.70411300659	-1368
8.70411896706	-1368
8.70421695709	543
8.70655703545	-1420
8.70656299591	-1316
8.70684409142	-1368
8.71280097961	1057
8.75360608101	-1368
8.8352329731	-662
8.85618495941	543
8.89046907425	-543
8.92510509491	-1368
8.95958900452	-1420
8.95965218544	-1316
8.96007704735	543
8.96163415909	543
8.97192311287	-1181
9.05873799324	-1368
9.05995607376	1057
9.06627106667	-1420
9.0662779808	-1316
9.06632208824	-1368
9.06870508194	543
9.07889413834	-1368
9.07894301414	-1368
9.10874509811	-132
9.12320017815	1057
9.17835211754	543
9.19095516205	-1420
9.1909661293	-1316
9.19101500511	-1368
9.19136404991	1057
9.19386315346	-1420
9.19386816025	-1316
9.19394111633	-1368
9.19740009308	-1420
9.1974439621	-1316
9.19770908356	-1368
9.20569300652	-1420
9.20569801331	-1420
9.20573806763	-1264
9.21609306335	-1420
9.21614909172	-1316
9.2234120369	-1368
9.22446107864	-1420
9.22446513176	-1316
9.22681212425	-1368
9.22688508034	-1368
9.22723007202	-1368
9.22741913795	-1368
9.22749519348	-1368
9.22769403458	-1368
9.22776317596	-1368
9.22788214684	-1368
9.22808003426	-1368
9.23319411278	1057
9.23985695839	-1420
9.23986315727	-1316
9.23990416527	-1368
9.24507212639	-399
9.2542951107	-1420
9.25430107117	-1420
9.25434112549	-1264
9.25496196747	-1368
9.25505900383	-1368
9.25589299202	-1368
9.25616002083	-1420
9.25616312027	-1316
9.25860309601	-1368
9.25882411003	-1420
9.25886511803	-1316
9.25889897346	543
9.26252508163	-1368
9.31656718254	-1368
9.32031202316	-1368
9.33396697044	-1420
9.33398318291	-1316
9.33456206322	-1368
9.33512711525	-1368
9.33519816399	-1368
9.38214206696	-1084
9.41683697701	-1368
9.41750001907	543
9.41883397102	-1368
9.41904807091	-1368
9.41911506653	1057
9.45160317421	-1368
9.45161914825	-1368
9.45171809196	-1368
9.45184111595	543
9.48656105995	543
9.48802614212	-1368
9.49087405205	543
9.5000641346	543
9.50034117699	543
9.519313097	-878
9.54340195656	543
9.54364299774	543
9.56282901764	543
9.5710811615	543
9.65587711334	-543
9.66628408432	543
9.66684317589	543
9.66707897186	543
9.71976304054	543
9.72006797791	543
9.74624609947	543
9.74650597572	1057
9.78623604774	-1368
9.79384899139	-775
9.80078005791	-1368
9.83544611931	-1368
9.83953499794	1057
9.86996006966	-1368
9.8700761795	-1368
9.87014102936	-1368
9.87225008011	-1368
9.87231898308	-1368
9.87487697601	-1368
9.87495112419	-1368
9.88590502739	-1420
9.88591814041	-1316
9.88598704338	-1368
9.88602900505	543
9.88643407822	543
9.88660311699	-1368
9.88694405556	-1368
9.88951396942	-1420
9.8895201683	-1316
9.88985419273	-1368
9.88995218277	-1368
9.89011216164	-1368
9.89027714729	-1368
9.89035511017	-1420
9.89035797119	-1316
9.89060497284	-1368
9.89077401161	-1368
9.89089918137	-1420
9.89090299606	-1316
9.89101815224	-1368
9.89114809036	-1368
9.89126396179	-1368
9.89138817787	-1368
9.89150714874	-1368
9.8916041851	-1368
9.89274311066	543
9.89448404312	-1368
9.8946750164	-1368
9.89685797691	-1420
9.8968629837	-1316
9.89697813988	1057
9.89711403847	-1368
9.89719605446	-1368
9.8972799778	-1420
9.89728307724	-1316
9.89751911163	-1368
9.89880013466	-1368
9.89887619019	-1368
9.89917612076	-1368
9.89951395988	-1368
9.89989113808	-1368
9.89996409416	-1368
9.9000749588	-1368
9.90020799637	-1368
9.90031599998	-1368
9.9009771347	-1368
9.90115809441	-1368
9.9022591114	-1420
9.90226411819	-1316
9.90236401558	543
9.90240001678	-1368
9.90283417702	-1368
9.90311217308	-1368
9.90402698517	-1368
9.9041390419	-1368
9.90470719337	-1368
9.90483999252	-1368
9.90501999855	-1420
9.90506005287	-1316
9.90569496155	-1368
9.90585017204	-1368
9.90599918365	-1368
9.90608596802	-1368
9.90625905991	-1368
9.90656995773	-1368
9.90678811073	-1420
9.90682697296	-1316
9.90721797943	-1368
9.90729904175	543
9.90735912323	-1368
9.90750598907	-1420
9.90754413605	-1316
9.90760302544	543
9.90884208679	-1368
9.90898418427	-1368
9.9093079567	-1368
9.91442418098	-1420
9.91447901726	-1316
9.91452097893	-1368
9.91597008705	-1368
9.93056106567	-1094
9.94350218773	-1368
9.99729013443	-1420
9.9973089695	-1316
9.99736618996	-1368
10.0529661179	543
10.0598740578	-1368
10.0673570633	-1015
10.0746331215	543
10.1236391068	-1368
10.1445040703	-1368
10.1495859623	-1368
10.1641011238	-1420
10.1641440392	-1316
10.1641490459	-1368
10.2039170265	-248
10.2050220966	543
10.2062489986	543
10.2227840424	-1420
10.2228000164	-1316
10.2368311882	-1368
10.2525789738	-1368
10.2528691292	-1368
10.252959013	-1368
10.2554290295	543
10.2627751827	543
10.2665920258	-1368
10.2710561752	-1368
10.3134191036	-1368
10.3134360313	-1368
10.3404569626	-401
10.3410301208	1460
10.3410971165	1460
10.341135025	1161
10.3411991596	1460
10.3412561417	1199
10.4925351143	-543
10.5479941368	-1368
10.5561101437	-1420
10.5561611652	-1316
10.557516098	543
10.6786110401	-1152
10.6805529594	1057
10.6994590759	543
10.7479560375	-1368
10.747975111	-1420
10.7480130196	-1316
10.7481760979	543
10.8155770302	-1420
10.81559515	-246
10.8161940575	543
10.8229210377	1057
10.9523661137	-1057
10.9564011097	543
11.0538389683	-1368
11.1285791397	-203
11.1434650421	1057
11.3046691418	-1086
11.3062701225	1057
11.4193491936	-1368
11.4263520241	1057
11.440983057	-232
11.553374052	543
11.5534720421	543
11.5775120258	-543
11.647698164	-1420
11.6477150917	-1316
11.6574389935	-543
11.6579329967	-1368
11.6832430363	-1368
11.7557721138	-1355
11.7581260204	543
11.759761095	543
11.7666649818	-1420
11.7666721344	-1316
11.7890870571	-1420
11.7891039848	-1316
11.7891700268	-1368
11.8009150028	-1420
11.8009669781	-1316
11.8009710312	-1368
11.8039290905	543
11.8042089939	543
11.8340060711	-1368
11.893294096	-1226
11.8953709602	543
11.9034321308	1057
12.0560491085	-1420
12.056068182	-665
12.1657881737	-1368
12.1926729679	-1289
12.2744820118	-1368
12.3046340942	543
12.326225996	543
12.329264164	-1260
12.3666369915	543
12.3669309616	543
12.3671929836	543
12.3673770428	543
12.5039701462	-543
12.5561110973	543
12.6347591877	-1368
12.6433181763	543
12.643540144	543
12.6796500683	-1420
12.6796600819	-1420
12.6797161102	-1264
12.6801841259	-1420
12.6802430153	-1316
12.6802461147	-1368
12.6805620193	-1368
12.6807789803	-1420
12.680822134	-1316
12.6811010838	-1368
12.6813960075	-1420
12.6814010143	-1316
12.6818311214	-1368
12.6818940639	543
12.6820561886	-1368
12.6826920509	-1368
12.6881690025	-591
12.6924331188	-1420
12.6924781799	-1316
12.6925120354	-1368
12.6959171295	-543
12.7081041336	-1368
12.7083539963	-1368
12.8249940872	-957
12.8251399994	543
12.8360171318	543
12.9368669987	-1420
12.9368829727	-1420
12.9369740486	-1264
12.9372520447	-1368
12.9373621941	-1368
12.9375240803	-1368
12.9387931824	-1368
12.9389970303	-1420
12.9390511513	-1316
12.9457271099	543
12.9472181797	-1368
12.9474651814	-1368
12.9477190971	-1368
12.9613220692	-264
12.9713311195	-1368
13.0296020508	1460
13.0297100544	1460
13.0297510624	193
13.0628399849	1460
13.0629291534	625
13.0632591248	543
13.0634491444	1460
13.0634951591	1139
13.086192131	543
13.0965151787	543
13.0967671871	543
13.097921133	-1260
13.1112811565	543
13.1118969917	543
13.1121771336	543
13.1124401093	543
13.1126401424	543
13.14767313	543
13.1480000019	543
13.1482720375	543
13.1484661102	543
13.2483320236	-543
13.2986941338	-1420
13.2987120152	-1316
13.3303751945	-1368
13.341078043	543
13.3521430492	-1368
13.3525431156	-1368
13.3526949883	-1368
13.3527350426	-1368
13.3529741764	-1368
13.353053093	-1368
13.3533229828	-1420
13.3533270359	-1316
13.3534431458	-1368
13.3537590504	-1368
13.355255127	-1368
13.3553709984	-1368
13.3554391861	-1368
13.3580629826	-1368
13.3581199646	-1368
13.3585031033	-1368
13.3585631847	-1368
13.3586351871	543
13.3590409756	-1368
13.3673231602	543
13.3677999973	543
13.368666172	543
13.3691570759	543
13.3744461536	-1368
13.3801620007	-1420
13.3802089691	-1316
13.380300045	543
13.3806970119	-1420
13.3807020187	-1316
13.3817369938	-1368
13.3820211887	-1368
13.3821430206	-1368
13.3823881149	-1368
13.3826971054	-1368
13.3829841614	-1368
13.3832859993	-1368
13.3838481903	-1420
13.3838791847	-1316
13.3844549656	-1368
13.3845210075	-1368
13.3847150803	-1368
13.3848640919	-1420
13.3848769665	-1316
13.3851120472	-1420
13.3851161003	-1316
13.3853440285	-1420
13.3853471279	-1316
13.3854310513	-1368
13.3855810165	-1368
13.3857650757	-1420
13.3857681751	-1316
13.386382103	-1420
13.3863861561	-1316
13.3865871429	-1368
13.3868391514	-1420
13.3868780136	-1316
13.3870551586	-1420
13.3870751858	-1316
13.3872401714	-1420
13.3872771263	-1316
13.3874151707	-1368
13.3876149654	-1368
13.3877429962	-1368
13.3894131184	543
13.3895909786	543
13.3919780254	-1368
13.392111063	-1420
13.3921370506	-1316
13.3925430775	-1368
13.3928520679	-1420
13.3928561211	-1316
13.405287981	-1368
13.4054579735	-1368
13.4089701176	-1368
13.4097280502	-1420
13.4097540379	-1316
13.4098570347	-1368
13.4103779793	-1368
13.4106810093	-1368
13.4108181	-1420
13.4108231068	-1316
13.4111959934	-1420
13.4112010002	-1316
13.4113991261	-1368
13.4121801853	543
13.414285183	-1420
13.4142911434	-1316
13.4144129753	-1368
13.4183571339	543
13.4262621403	543
13.4327580929	543
13.4351980686	-414
13.4357481003	543
13.4362611771	-1368
13.4382841587	543
13.4385790825	543
13.4566550255	-1368
13.4869260788	-543
13.4912140369	-1368
13.5142481327	-543
13.5311121941	-1420
13.5311291218	-1316
13.5371441841	-1368
13.5628480911	543
13.5629451275	543
13.5630540848	543
13.5631270409	543
13.5712571144	-1420
13.5713331699	-1316
13.5730199814	-596
13.5788099766	543
13.5795030594	543
13.6113049984	-1368
13.6113200188	-1420
13.6113781929	-1316
13.6219830513	-1368
13.6335220337	-1368
13.6562271118	543
13.6984801292	-1368
13.6986281872	1057
13.7092151642	-219
13.7534711361	-1420
13.7534840107	-1316
13.7535259724	-1368
13.7885770798	-1368
13.7890791893	-1420
13.7891511917	-1420
13.7891550064	-1264
13.7891931534	-1420
13.7891960144	-1316
13.8033430576	-1368
13.8033971786	-1368
13.8866710663	-90
13.9453451633	543
13.9459040165	1057
13.9735209942	543
14.0129880905	543
14.0232989788	-543
14.1371190548	-1420
14.137139082	-1316
14.146720171	543
14.146941185	543
14.1600780487	-406
14.1716430187	-1420
14.1716899872	-1316
14.2333979607	543
14.2336211205	543
14.2780251503	-1420
14.2780401707	-1316
14.2780990601	-1368
14.2805500031	-1368
14.2973711491	-1189
14.3460741043	1057
14.3562350273	543
14.4340910912	-543
14.4405961037	1460
14.4406449795	1460
14.4406809807	1161
14.4407391548	1460
14.4407761097	171
14.4782509804	543
14.5112249851	-543
14.5201640129	-1368
14.5329720974	1460
14.5330581665	1460
14.533105135	1161
14.5331990719	1460
14.5332360268	171
14.5537171364	543
14.5704331398	-232
14.6055281162	-1368
14.6748921871	-1368
14.6886250973	-1368
14.7073361874	-1210
14.7178590298	1460
14.7227480412	1460
14.7227950096	1161
14.7228450775	1460
14.7229011059	171
14.7234220505	1057
14.723886013	1057
14.7242610455	1057
14.7411541939	543
14.7558979988	1057
14.7568731308	-1420
14.7568790913	-1316
14.757668972	-1420
14.7576730251	-1316
14.7577600479	-1368
14.7579760551	-1420
14.7579960823	-1316
14.7582039833	-1368
14.7583761215	-1368
14.7584741116	-1368
14.758589983	-1368
14.7629420757	543
14.7698440552	-1368
14.7758710384	-1420
14.77592206	-1316
14.7759251595	-1368
14.7760951519	-1368
14.7761881351	-1368
14.7762751579	-1368
14.7764930725	-1368
14.7767591476	-1420
14.7767620087	-1316
14.7779431343	-1420
14.7779459953	-1316
14.7782270908	-1420
14.778231144	-1316
14.7783081532	-1368
14.7785480022	-1368
14.7786231041	-1368
14.7788619995	-1420
14.7789001465	-1316
14.7790520191	-1368
14.7791621685	-1368
14.784924984	543
14.7896411419	-1368
14.7898111343	-1420
14.7898571491	-1316
14.7911970615	-1368
14.7913150787	-1368
14.7924220562	543
14.795372963	-1368
14.7955751419	-1368
14.7963380814	-1368
14.7966680527	-1420
14.7966890335	-1316
14.7969090939	-1368
14.7969770432	-1368
14.7974290848	-1368
14.7975301743	-1368
14.7980871201	-1420
14.7981300354	-1316
14.7981331348	-1368
14.7983460426	-1368
14.7985110283	-1368
14.7986311913	-1368
14.7987730503	-1368
14.7989451885	-1420
14.7989480495	-1316
14.7991399765	-1368
14.7991991043	-1368
14.7992920876	-1368
14.7998650074	-1368
14.7999820709	-1368
14.8000741005	-1368
14.8002121449	-1368
14.8003220558	-1368
14.8005051613	-1368
14.8006131649	-1368
14.8007280827	-1368
14.8008480072	-1368
14.8009819984	-1368
14.8018100262	1057
14.8104419708	-1368
14.810459137	-1368
14.8106281757	-1420
14.8106310368	-1316
14.8107919693	-1420
14.8107950687	-1316
14.8108580112	543
14.8299760818	-1368
14.8451561928	-506
14.8665771484	-1420
14.8665881157	-1316
14.8666391373	-1368
14.8787071705	-1420
14.8787591457	-1316
14.8790099621	-1368
14.8883180618	-1368
14.8961911201	543
14.899116993	-1368
14.9136769772	-1368
14.9463961124	543
14.946639061	543
14.9581110477	-1368
14.9818570614	-944
15.0654160976	-1368
15.0789101124	-1420
15.078979969	-1420
15.0789849758	-1264
15.0855140686	-1368
15.0855271816	-1368
15.0857381821	543
15.0857810974	-1368
15.0884141922	-1368
15.0923821926	-1368
15.0924329758	-1368
15.092564106	-1368
15.0990149975	-1368
15.0990440845	-1368
15.1062481403	543
15.1082720757	543
15.1124670506	-1368
15.1134049892	543
15.1137261391	543
15.1189579964	-757
15.1476461887	-1368
15.2553720474	-717
15.3562881947	1057
15.4263031483	-543
15.5628950596	543
15.5630321503	-1086
15.639136076	-1420
15.6391530037	-1316
15.6392130852	-1368
15.660859108	1057
15.6619610786	1057
15.6731231213	543
15.699434042	-66
15.880906105	-1420
15.8809239864	-151
15.9512281418	-1368
15.9512441158	-1368
15.9512841702	-1368
16.0178031921	-609
16.026045084	543
16.1095881462	-1368
16.1338090897	1460
16.1338920593	111
16.1371541023	1460
16.1427180767	625
16.1445450783	1057
16.1466710567	1057
16.1551680565	-1260
16.1987230778	1057
16.2045400143	-543
16.3369290829	-543
16.3577721119	-1368
16.3923799992	-1368
16.3939990997	543
16.3951079845	1057
16.4093191624	-1368
16.4111990929	543
16.4271919727	-1420
16.4272069931	-1420
16.4272689819	-1264
16.4281060696	1460
16.4282100201	111
16.4295220375	-1368
16.4572379589	-1368
16.4585211277	-1420
16.4585371017	-1316
16.4612021446	-1368
16.4630410671	-1368
16.4694371223	543
16.4943711758	-894
16.6134960651	-1368
16.6153771877	543
16.6163229942	1460
16.6163790226	625
16.6564400196	-1368
16.6814110279	-435
16.6897921562	-1368
16.6898961067	-1368
16.6917290688	-1420
16.6917440891	-1420
16.6918041706	-1264
16.6919481754	-1368
16.6921670437	543
16.7013339996	-1420
16.70134902	-1316
16.7014100552	-1368
16.7203540802	-1368
16.72047019	-1420
16.7204771042	-1316
16.7210891247	-1368
16.7269511223	543
16.7939779758	-1368
16.8216049671	-670
16.8303050995	1057
16.9223620892	-1368
16.9224879742	-1420
16.9225580692	-1420
16.9225649834	-1420
16.9226071835	-1212
16.9226131439	-1368
16.9226510525	-1368
16.9228351116	-1368
16.9229571819	-1368
16.9234821796	-1420
16.9235851765	-1316
16.9235911369	-1368
16.9242241383	-1420
16.9242351055	-1316
16.924475193	-1368
16.9508471489	1057
16.951570034	1057
16.9528830051	-1368
16.9530930519	543
16.9532310963	-1368
16.9532361031	-1368
16.9532389641	-1368
16.9533209801	-1368
16.953441143	-1368
16.9535861015	-1368
16.953744173	-1368
16.9538891315	-1368
16.9547991753	-1420
16.9548091888	-1420
16.9548561573	-1264
16.9548611641	-1368
16.9550249577	-1420
16.9550321102	-1316
16.9552471638	543
16.9561450481	-1368
16.9562950134	-1420
16.956444025	-1420
16.9564499855	-1264
16.9565780163	-1368
16.9565839767	-1368
16.9568929672	-1368
16.9569010735	-1368
16.9570510387	-1368
16.9572980404	-1420
16.9574410915	-1316
16.9574489594	-1368
16.9575791359	-1368
16.9576821327	-1368
16.9578280449	-1368
16.9580140114	-1420
16.9580640793	-1316
16.9581940174	543
16.9582791328	-1368
16.9582841396	-1368
16.9584059715	-1368
16.958561182	-1368
16.9596409798	-1122
16.9827020168	-1368
16.982779026	-1368
16.9832839966	-1368
16.9833331108	-1420
16.9833381176	-1316
16.9835841656	-1368
16.9837031364	-1368
16.9839291573	-1368
16.9840700626	543
16.98569417	-1368
16.9863140583	-1420
16.9863581657	-1316
16.9865100384	-1420
16.9865291119	-1316
16.9867291451	-1368
16.9882969856	-1420
16.9883031845	-1316
16.9884340763	-1368
16.9884691238	543
16.9885289669	-1368
16.9888560772	-1368
16.9890711308	-1368
16.9891290665	-1368
16.9892191887	543
16.9905660152	-1420
16.9905731678	-1316
16.9906451702	-1368
16.9907491207	-1368
16.990885973	-1368
16.9910070896	-1368
16.991122961	-1368
16.9913141727	-1420
16.9913539886	-1316
16.9914801121	-1368
17.0012321472	-1368
17.0013229847	-1368
17.0014600754	-1368
17.0998880863	-1368
17.1013391018	-46
17.2119321823	-1368
17.2384221554	-232
