0	543
1.03367900848	-543
1.36440205574	543
1.38822102547	543
1.71843099594	-543
1.96347212791	-543
1.99738311768	-1420
1.99743914604	-1316
2.00822401047	-1420
2.00828909874	-1316
2.00924515724	-1420
2.00929808617	-1316
2.04552197456	1057
2.04932308197	1057
2.10256004333	-1368
2.10389995575	-1420
2.10396099091	-1316
2.11269712448	543
2.11703801155	-1420
2.11706018448	-1316
2.14698505402	543
2.14763712883	543
2.14792704582	543
2.14825296402	543
2.14846014977	543
2.15101218224	-1420
2.15101718903	-1316
2.16190910339	-1420
2.16192007065	-1420
2.16197109222	-1420
2.16197514534	-1212
2.1627240181	-1420
2.16272997856	-1316
2.16631698608	-1368
2.18447899818	543
2.18479514122	543
2.20442914963	543
2.20468115807	543
2.23322701454	543
2.23350906372	543
2.25757098198	-1420
2.25758600235	-1420
2.25764203072	-1264
2.26409316063	543
2.2693669796	-1368
2.27085208893	-1420
2.27090001106	-1420
2.2709031105	-1264
2.27102398872	543
2.30473303795	-1420
2.30475616455	-1316
2.31165218353	-1368
2.31542897224	-1420
2.31547808647	-1420
2.31548118591	-448
2.35283303261	-1368
2.37932014465	-1368
2.37941002846	-1420
2.3794131279	-1316
2.37945103645	-1368
2.38055109978	-1420
2.38058114052	-1316
2.39407205582	543
2.39467906952	543
2.39488816261	543
2.41183209419	-1420
2.41184210777	-1420
2.41189002991	-1420
2.41189217567	-1212
2.42449212074	-1420
2.42450118065	-1420
2.42454910278	-1420
2.42455196381	-1212
2.42703509331	543
2.42983818054	543
2.43413805962	543
2.45202898979	-1368
2.45845198631	-1420
2.45851111412	-1316
2.46879315376	-27
2.47840118408	-1420
2.47840714455	-1316
2.47887206078	-1368
2.47915196419	-1420
2.47917604446	-1316
2.53308606148	-1420
2.53310418129	-1420
2.53315997124	-1264
2.53316307068	-1420
2.53321218491	-1420
2.53321504593	-1264
2.53410315514	-1420
2.53410696983	-1316
2.54020500183	543
2.54729914665	543
2.54906702042	543
2.54990911484	543
2.55021810532	543
2.55044102669	543
2.56782317162	-1420
2.5678319931	-1420
2.567882061	-1264
2.58628797531	543
2.58820199966	543
2.58846998215	543
2.63197803497	-1163
2.63906502724	543
2.70341110229	-1368
2.72518014908	-1368
2.72915697098	-1368
2.77063703537	-1368
2.80858111382	-1368
2.83911204338	-1189
2.89435505867	-1368
2.93222212791	-1420
2.93228316307	-1316
2.99265313148	-153
3.00558400154	1057
3.01721000671	-1368
3.14629817009	-1289
3.14727210999	543
3.36638617516	-543
3.36729598045	-1368
3.36733913422	-1368
3.36778903008	-1420
3.36783409119	-1316
3.37517499924	-1368
3.37524199486	-1420
3.37524604797	-1420
3.37527513504	-1264
3.37527704239	-1368
3.40568709373	-1420
3.40570306778	-1420
3.40576100349	-1264
3.40608906746	-1420
3.4061319828	-1316
3.40632009506	-1368
3.40670108795	-1368
3.40678596497	543
3.4069609642	-1420
3.40696406364	-1316
3.4074139595	-1368
3.41909217834	-1420
3.41915106773	-1420
3.41915416718	-1264
3.45721507072	-1368
3.51999497414	-810
3.52048802376	543
3.52730917931	543
3.52851700783	543
3.52871704102	543
3.53401517868	543
3.54420304298	1460
3.54428100586	1460
3.54431915283	707
3.54449605942	1460
3.54454898834	625
3.54474711418	1460
3.54479217529	625
3.5449950695	1460
3.54504013062	1460
3.54507517815	193
3.61461997032	543
3.62658905983	543
3.77576398849	-543
3.77643704414	-1368
3.77693796158	-1368
3.7770049572	-1368
3.7776620388	-1368
3.7835021019	-1420
3.78354907036	-1420
3.7835521698	-1264
3.78366613388	543
3.78541207314	-1368
3.80450296402	543
3.80480504036	543
3.80509018898	543
3.80531096458	543
3.8151550293	-1368
3.81531214714	-1420
3.81535506248	-1420
3.81535816193	-1264
3.81633901596	-1420
3.81634402275	-1316
3.81639814377	-1368
3.81645917892	-1368
3.81656718254	-1368
3.82388710976	-1420
3.82393908501	-1420
3.8239440918	-1264
3.82407712936	-1420
3.82407999039	-1316
3.82452511787	-1420
3.82453107834	-1316
3.84000396729	-1420
3.84001207352	-1420
3.84006714821	-1264
3.85849714279	-1420
3.8585729599	-1420
3.85857701302	-1264
3.85862112045	-1420
3.85862398148	-1316
3.85878705978	543
3.93021607399	-1420
3.93023300171	-1316
3.93062114716	-1420
3.93062615395	-1420
3.93066000938	-1264
3.93066310883	-1368
3.93728518486	-1420
3.93729805946	-1420
3.93735003471	-1420
3.93735313416	-1212
3.93749713898	543
3.9389321804	-1420
3.93893909454	-1316
3.93905997276	543
3.9408659935	-1368
3.96906614304	-1420
3.9691259861	-1420
3.96913003922	-1420
3.96917510033	-1420
3.96917700768	-1160
3.96988916397	-1420
3.96989512444	-1316
3.97017908096	-1420
3.97018408775	-1420
3.97023296356	-1420
3.970236063	-1212
3.97061705589	543
3.97082614899	543
3.97749996185	-1420
3.97750806808	-1420
3.97757697105	-1420
3.9775891304	-1212
3.97762799263	-1420
3.9776301384	-1420
3.97766399384	-1264
3.97772216797	-1368
3.97791910172	543
3.97796702385	-1420
3.97797012329	-1316
3.98402118683	-1368
3.98953199387	543
3.99361014366	-1420
3.99361610413	-1420
3.99366307259	-1264
3.99568009377	-1368
3.99818205833	543
4.0120639801	-1420
4.01207399368	-1420
4.01212501526	-1264
4.01212716103	-1420
4.01216316223	-1420
4.01216816902	-1420
4.01221203804	-1212
4.08403110504	-1420
4.08404898643	-1316
4.08421516418	-1368
4.08432817459	543
4.08442902565	-1420
4.08444213867	-1420
4.08448815346	-1264
4.08456397057	543
4.08564209938	-1368
4.0908370018	-1420
4.0908870697	-1420
4.09089112282	-1420
4.09092903137	-1212
4.09093117714	-1368
4.0925090313	-1420
4.09251499176	-1420
4.09255814552	-1420
4.09256005287	-1212
4.1041431427	543
4.12265515327	-1420
4.12266612053	-1316
4.12270998955	-1420
4.12271308899	-1316
4.12274003029	-1420
4.12275099754	-1420
4.12277698517	-1264
4.12281918526	-1368
4.12352013588	-1420
4.12352609634	-1316
4.12369203568	-1420
4.12369608879	-1316
4.12379908562	-1420
4.12380218506	-1316
4.12383818626	-1368
4.12390708923	-1368
4.1312110424	-1420
4.13121700287	-1420
4.1312789917	-1420
4.13128209114	-1212
4.13131809235	-1420
4.13131999969	-1420
4.13135719299	-1264
4.13136005402	-1368
4.131524086	543
4.13170313835	-1420
4.13171696663	-1420
4.13177800179	-1264
4.13178396225	543
4.13181805611	-1368
4.1346950531	-1368
4.14370799065	-1368
4.14722418785	-1420
4.14728713036	-1420
4.14728999138	-1420
4.14732599258	-1212
4.15042901039	-1368
4.16575598717	-1420
4.16576600075	-1420
4.16581916809	-1420
4.16582107544	-1420
4.16586613655	-1160
4.1658680439	-1368
4.16590619087	-1420
4.16590809822	-1316
4.16597008705	-1368
4.16619896889	543
4.17628717422	-1368
4.23784303665	-1420
4.23786115646	-1420
4.23792695999	-1264
4.23793005943	-1420
4.23797512054	-1316
4.23808312416	-1420
4.23812103271	-1316
4.24434995651	-1420
4.2443549633	-1420
4.24442696571	-1264
4.24443006516	-1420
4.24449205399	-1316
4.24471712112	-1420
4.24471998215	-1420
4.24471998215	-1264
4.24606919289	-1420
4.24607610703	-1420
4.24615597725	-1264
4.24615812302	-1420
4.24619412422	-1316
4.24619603157	-1368
4.24666404724	1057
4.27642011642	-1420
4.27643013	-1420
4.27648210526	-1264
4.2764840126	-1420
4.27650904655	-1420
4.27651119232	-1264
4.27665996552	-1420
4.27666306496	-1420
4.27670812607	-1264
4.27671217918	-1368
4.27717709541	-1420
4.27718114853	-1316
4.27730417252	-1420
4.27730703354	-1316
4.277354002	-1420
4.27740001678	-1316
4.27744698524	-1368
4.27757811546	-1420
4.27764511108	-1420
4.27764701843	-1264
4.27769303322	-1420
4.27769613266	-1316
4.27802705765	543
4.28501796722	-1420
4.28502297401	-1420
4.28511500359	-1420
4.28511810303	-1420
4.28515410423	-1160
4.28516507149	-1420
4.28520107269	-1420
4.28520298004	-1420
4.2852370739	-1212
4.28523898125	-1368
4.2854681015	-1420
4.28547096252	-1420
4.28553509712	-1264
4.28554606438	-1368
4.28578400612	1057
4.28825116158	-1420
4.28825712204	-1420
4.28827810287	-1264
4.28832316399	-1368
4.30092096329	-1420
4.30093812943	-1420
4.30099105835	-1420
4.30099415779	-1212
4.30103206635	-1420
4.30103397369	-1316
4.31961512566	-1420
4.31962418556	-1420
4.31968998909	-1264
4.31969213486	-1420
4.31975603104	-1420
4.31975913048	-1264
4.3198120594	-1420
4.31981515884	-1316
4.31990718842	-1420
4.31991004944	-1316
4.31994605064	-1420
4.3199570179	-1316
4.32010817528	543
4.32038903236	-1420
4.32039403915	-1316
4.37036418915	-1420
4.37038111687	-1316
4.39160299301	-1420
4.39161801338	-1420
4.39171695709	-1420
4.39172005653	-1420
4.39175605774	-1420
4.39176011086	-1108
4.39180207253	-1368
4.39180397987	-1420
4.39184117317	-1420
4.39184403419	-1264
4.39804697037	-1420
4.39807415009	-1420
4.39812517166	-1420
4.39813017845	-1212
4.39816498756	-1368
4.3982591629	-1420
4.39830899239	-1316
4.39831113815	-1420
4.39834499359	-1420
4.39834713936	-1264
4.39841103554	-1420
4.39842200279	-1316
4.39852619171	1057
4.39966416359	-1420
4.39966917038	-1420
4.3997399807	-1264
4.39974212646	-1420
4.39978718758	-1316
4.39978909492	-1368
4.4000890255	543
4.43034005165	-1420
4.43035507202	-1420
4.4304189682	-1420
4.43042206764	-1212
4.43057012558	-1420
4.4305741787	-1420
4.43059515953	-1264
4.43060612679	-1420
4.43062210083	-1420
4.43062400818	-1264
4.4307551384	-1420
4.43075799942	-1420
4.43079519272	-1264
4.43079710007	-1368
4.43086218834	-1420
4.43086409569	-1420
4.43090009689	-1264
4.43091201782	-1368
4.43102502823	-1420
4.43102908134	-1420
4.4310669899	-1264
4.43107914925	-1420
4.43112611771	-1316
4.43123197556	-1420
4.43127608299	-1420
4.43127918243	-1264
4.43153810501	-1420
4.43154096603	-1316
4.43157196045	543
4.43167710304	-1420
4.43168115616	-1420
4.43168210983	-1264
4.43168616295	-1368
4.43184399605	543
4.43206310272	543
4.43889904022	-1420
4.43890810013	-1420
4.43899703026	-1264
4.43899917603	-1420
4.43906402588	-1420
4.43906712532	-1264
4.43911099434	-1368
4.43912196159	-1420
4.43918895721	-1420
4.43919205666	-1264
4.43924713135	-1420
4.4392721653	-1316
4.43931818008	-1420
4.43932104111	-1316
4.43935608864	-1420
4.43935918808	-1316
4.44184398651	-1420
4.44185805321	-1420
4.44193196297	-1420
4.44193410873	-1212
4.44197297096	-1420
4.44197511673	-1316
4.44227099419	543
4.44265604019	543
4.45449709892	-1420
4.45450901985	-1420
4.45461916924	-1420
4.45462107658	-1212
4.45465803146	-1420
4.45466017723	-1420
4.45469713211	-1264
4.45469903946	-1368
4.45492506027	1057
4.4733581543	-1420
4.47337317467	-1420
4.47345614433	-1264
4.47345900536	-1420
4.47351312637	-1420
4.4735159874	-1420
4.4736161232	-1212
4.47361803055	-1420
4.47366309166	-1420
4.4736661911	-1264
4.47370219231	-1420
4.47370505333	-1420
4.47376704216	-1264
4.47376918793	-1420
4.47380399704	-1420
4.47380614281	-1264
4.47384905815	-1420
4.47385215759	-1316
4.47409200668	-1420
4.4740960598	-1316
4.47832918167	-1368
4.48229312897	543
4.52405714989	-1420
4.52407312393	-1420
4.52413702011	-1264
4.54538917542	-1420
4.54549407959	-1420
4.54549717903	-1264
4.54554605484	-1420
4.54554796219	-1420
4.54558515549	-1264
4.54558801651	-1420
4.54566216469	-1420
4.54566407204	-1264
4.54570007324	-1420
4.54570198059	-1316
4.54592299461	-1420
4.54593515396	-1420
4.54597306252	-1264
4.55204415321	-1420
4.55209612846	-1420
4.55209898949	-1420
4.55217003822	-1212
4.55218100548	-1420
4.55222702026	-1316
4.55222916603	-1368
4.5522711277	-1368
4.55227303505	-1420
4.55231714249	-1316
4.55242204666	-1420
4.55246806145	-1420
4.5524699688	-1264
4.55253314972	-1368
4.55254411697	-1420
4.55254507065	-1316
4.55329012871	-1420
4.55329298973	-1420
4.5532951355	-1264
4.55390906334	-1420
4.55391097069	-1420
4.55391216278	-1264
4.55425596237	543
4.55430603027	-1420
4.55430912971	-1316
4.5544860363	543
4.5553650856	543
4.58287215233	-543
4.58417510986	-1420
4.58418297768	-1420
4.58427715302	-1264
4.58428001404	-1420
4.58432102203	-1316
4.58443617821	-1368
4.58458900452	-1420
4.58459210396	-1420
4.58463001251	-1264
4.58463311195	-1420
4.58466696739	-1316
4.58475804329	-1420
4.58480596542	-1420
4.5848171711	-1264
4.58485412598	-1420
4.58485603333	-1420
4.58492302895	-1264
4.58492517471	-1420
4.58499097824	-1420
4.58499503136	-1264
4.58503603935	-1420
4.58503818512	-1316
4.58518910408	-1420
4.58520102501	-1420
4.58524012566	-1264
4.5852560997	-1420
4.58529496193	-1316
4.58543610573	543
4.58557915688	543
4.58567714691	-1420
4.58568000793	-1420
4.58571815491	-1264
4.5857219696	-1420
4.58575701714	-1420
4.5857591629	-1420
4.58583903313	-1212
4.58584213257	-1420
4.58584308624	-1420
4.58584403992	-1264
4.58584499359	-1368
4.58592009544	-1420
4.58592295647	-1316
4.59262299538	-1420
4.59263396263	-1420
4.5926361084	-1420
4.59263706207	-1212
4.59263801575	-1368
4.59284496307	-1368
4.59295010567	-1420
4.59295296669	-1420
4.59295415878	-1420
4.59295606613	-1212
4.59295701981	-1420
4.59295797348	-1420
4.59295916557	-1264
4.59307003021	-1368
4.59316515923	-1420
4.59316897392	-1420
4.59317016602	-1420
4.59317111969	-1420
4.59317207336	-1420
4.59317302704	-1108
4.59348607063	543
4.59372997284	543
4.5954220295	-1420
4.59542798996	-1420
4.59547305107	-1264
4.59547495842	-1420
4.59551215172	-1420
4.59551405907	-1264
4.59633708	543
4.60828614235	-1420
4.60830307007	-1420
4.60844802856	-1420
4.60845112801	-1420
4.60848617554	-1420
4.60848903656	-1420
4.60852313042	-1056
4.60852503777	-1420
4.60855913162	-1420
4.60856103897	-1264
4.62373399734	543
4.62704801559	-1420
4.62705516815	-1420
4.62711215019	-1420
4.62711501122	-1212
4.62715101242	-1420
4.62715315819	-1420
4.62719702721	-1264
4.62719917297	-1420
4.62726211548	-1316
4.62735509872	-1420
4.62739300728	-1420
4.62739515305	-1264
4.62770318985	-1420
4.62771511078	-1420
4.62778401375	-1420
4.62779808044	-1212
4.62784409523	-1420
4.62784600258	-1420
4.62788200378	-1264
4.62788414955	-1420
4.6279361248	-1420
4.62793898582	-1264
4.62901997566	-1420
4.62903809547	-1316
4.62999916077	543
4.63022208214	543
4.63035798073	543
4.63651800156	-1420
4.6365339756	-1316
4.63691902161	543
4.64117002487	1460
4.64126896858	1139
4.64756608009	1460
4.64764904976	625
4.67779803276	-1420
4.67781496048	-1316
4.69925308228	-1420
4.69926810265	-987
4.70139813423	543
4.70310306549	543
4.7270720005	-1420
4.72708702087	-1420
4.72714400291	-1264
4.72812414169	-1420
4.72816705704	-1316
4.72989797592	-1368
4.73086905479	-1420
4.73087406158	-1316
4.73121714592	-1368
4.732817173	-1420
4.73284912109	-1420
4.73285102844	-1264
4.73515415192	-1420
4.73516011238	-1316
4.73583197594	-1368
4.73958802223	-1420
4.73963809013	-1316
4.7400290966	543
4.74139213562	-1420
4.74139714241	-1420
4.74145197868	-1264
4.74609613419	-1368
4.74632716179	-1420
4.74633097649	-1316
4.74642205238	543
4.74884605408	-1420
4.74885702133	-1420
4.7489221096	-1264
4.75404405594	-1420
4.75409913063	-1316
4.75476002693	-1420
4.75480413437	-1420
4.75480914116	-1264
4.75612401962	-1420
4.75613117218	-1316
4.75768208504	-1368
4.76096010208	-1420
4.7610039711	-1420
4.76100707054	-1264
4.76112604141	543
4.76143717766	-1420
4.76144218445	-1316
4.76171207428	-1368
4.76254415512	-1368
4.76302814484	-1420
4.76303315163	-1316
4.76331996918	-1420
4.76332402229	-1316
4.7634100914	-1368
4.7648730278	-1420
4.76489710808	-1316
4.76517510414	-1420
4.76521801949	-1420
4.76522111893	-1264
4.76613712311	-1420
4.7661421299	-1420
4.76618909836	-1264
4.76670312881	-1420
4.76672816277	-1316
4.76729011536	-1420
4.76731395721	-1316
4.76778817177	-1368
4.76781105995	-1420
4.76781511307	-1316
4.76814007759	-1368
4.77751207352	543
4.80846595764	-1368
4.85294508934	-1241
4.85745000839	543
4.88886904716	543
4.90642118454	543
4.90800905228	543
4.9324760437	-1368
4.93276500702	-1420
4.93280816078	-1316
4.93303203583	-1368
4.93313217163	-1420
4.93313503265	-1316
4.93347501755	-1420
4.93348813057	-1420
4.9335360527	-1264
4.93387007713	-1420
4.93390202522	-1420
4.93390512466	-1264
4.93487215042	-1420
4.93487715721	-1316
4.93495416641	-1368
4.93517208099	-1420
4.93519496918	-1316
4.93522810936	-1368
4.93585395813	-1420
4.93585705757	-1316
4.9361770153	-1420
4.93618011475	-1420
4.93619918823	-1264
4.93646812439	-1420
4.93650698662	-1316
4.93654298782	-1368
4.93708014488	-1420
4.93708300591	-1420
4.93711996078	-1264
4.93753004074	-1420
4.93758106232	-1420
4.93758416176	-1264
4.93772697449	543
4.95466899872	-1420
4.95470714569	-1420
4.95477318764	-1264
4.95477604866	-1368
4.95513510704	-1420
4.95513916016	-1316
4.95542311668	-1420
4.9554271698	-1316
4.95547413826	-1368
4.95569610596	-1368
4.95661902428	-1420
4.95662498474	-1316
4.95664596558	-1368
4.95675516129	-1420
4.95679402351	-1420
4.95679712296	-1264
4.95683312416	-1420
4.95687103271	-1316
4.95692515373	-1368
4.95769309998	1057
4.95853900909	-1420
4.95854616165	-1316
4.95873403549	-1368
4.97388601303	-1420
4.97394299507	-1316
4.97394895554	-1420
4.97398209572	-1420
4.97398495674	-1264
4.97406196594	-1420
4.97406506538	-1420
4.9740831852	-1264
4.97436308861	-1420
4.97441601753	-1420
4.9744181633	-1264
4.97464299202	543
4.97482419014	-1420
4.97482609749	-1420
4.9748749733	-1264
4.97490596771	-1420
4.97493314743	-1316
4.97517299652	-1368
4.9765150547	-1368
4.97659301758	543
4.97668504715	-1420
4.97668814659	-1316
4.97815418243	-1420
4.9781601429	-1316
4.97818398476	-1368
4.97865319252	-1368
4.97885107994	-1420
4.97885608673	-1316
4.97894310951	-1420
4.97894597054	-1316
4.97898411751	-1368
4.97919797897	-1368
4.97930502892	-1420
4.97930812836	-1316
4.98408913612	543
4.9931910038	-1420
4.99319696426	-1420
4.99325203896	-1264
4.99405097961	-1368
4.99445319176	-1420
4.99445700645	-1316
4.9945230484	-1368
4.99482512474	-1420
4.9948720932	-1420
4.99487400055	-1264
4.99525499344	-1420
4.99525809288	-1316
4.99561405182	-1420
4.99561715126	-1420
4.99567198753	-1264
4.9956741333	-1420
4.99570918083	-1420
4.99571108818	-1264
4.99574613571	-1368
4.99797606468	543
4.99934697151	-1420
4.9993519783	-1420
4.99939608574	-1264
4.99971818924	-1368
5.00074005127	-1420
5.00074315071	-1316
5.00103712082	-1420
5.00103998184	-1316
5.00110507011	-1368
5.0013229847	-1368
5.00145196915	-1420
5.00145506859	-1316
5.00655603409	-1032
5.00688004494	543
5.01472997665	-1420
5.01473712921	-1316
5.01501512527	-1368
5.01534700394	-1420
5.01537704468	-1316
5.0154709816	-1420
5.01551008224	-1316
5.01572918892	-1420
5.01576709747	-1420
5.0157699585	-1264
5.01582407951	-1368
5.01603507996	-1368
5.0166990757	-1420
5.01670217514	-1316
5.01708507538	-1368
5.01722216606	-1420
5.01727604866	-1316
5.0172791481	-1368
5.01796102524	-1420
5.01796412468	-1420
5.01800298691	-1264
5.01814603806	-1420
5.01816916466	-1316
5.01826715469	543
5.01868605614	-1420
5.01869106293	-1316
5.01894807816	-1368
5.02107095718	-1368
5.02114295959	-1420
5.02114605904	-1316
5.02126097679	543
5.0213830471	-1368
5.02192497253	-1368
5.02688908577	543
5.03453397751	-1420
5.03455114365	-1316
5.03522515297	-1420
5.03523111343	-1316
5.0362970829	-1368
5.08646011353	-1420
5.08647203445	-1420
5.08651399612	-1420
5.08652615547	-1212
5.0865790844	-1420
5.08659100533	-1316
5.08697509766	-1420
5.08697915077	-1316
5.08711409569	-1420
5.0871181488	-1316
5.08744907379	-1420
5.08745312691	-1420
5.08751606941	-1264
5.08752799034	-1368
5.08844017982	-1420
5.08844399452	-1316
5.08869695663	-1420
5.08870005608	-1316
5.08875918388	-1420
5.08876204491	-1316
5.08877897263	-1368
5.0888941288	-1368
5.08945012093	-1420
5.08945298195	-1316
5.08978104591	-1420
5.08978414536	-1420
5.08982110023	-1264
5.08982396126	-1368
5.09001612663	-1368
5.0901529789	543
5.09019112587	-1368
5.09049510956	543
5.0906431675	-1420
5.09064507484	-1420
5.09068608284	-1264
5.09109210968	-1368
5.09111404419	-1420
5.09111618996	-1420
5.091132164	-1264
5.09117913246	-1368
5.0978269577	543
5.10820007324	-1420
5.10821509361	-1420
5.10826516151	-1420
5.10826802254	-1212
5.10860896111	-1420
5.1086139679	-1316
5.10900807381	-1420
5.1090130806	-1420
5.10906100273	-1264
5.10906410217	-1368
5.10920715332	543
5.10926103592	-1420
5.10926318169	-1316
5.11045908928	-1420
5.11046504974	-1420
5.11049509048	-1264
5.11055111885	-1368
5.1601691246	-69
5.23609519005	-1420
5.23612117767	-1420
5.23616909981	-1264
5.23815798759	-1420
5.23816418648	-1420
5.23820996284	-1264
5.24015116692	-1368
5.24127316475	-1420
5.24130606651	-1316
5.24235415459	-1420
5.2424030304	-1420
5.24240612984	-1264
5.2434489727	-1420
5.24345207214	-1316
5.24434018135	-1420
5.24435210228	-1420
5.24439501762	-1264
5.24631309509	-1420
5.24635195732	-1316
5.24646997452	-1420
5.24651002884	-1316
5.24668908119	543
5.24673700333	-1368
5.24688601494	543
5.24711704254	-1368
5.24735713005	-1420
5.24739098549	-1316
5.2482149601	-1420
5.24826598167	-1420
5.24826908112	-1264
5.24894809723	-1420
5.24895405769	-1316
5.24990415573	-1420
5.2499101162	-1420
5.24995207787	-1264
5.25036406517	-1420
5.25040912628	-1316
5.26018810272	-1420
5.26023316383	-1316
5.26154017448	-1420
5.26162600517	-1316
5.26162815094	-1368
5.26346302032	-1368
5.26493597031	-1420
5.2649731636	-1316
5.26675009727	-1420
5.26679611206	-1420
5.26679897308	-1264
5.26729202271	-1368
5.26900100708	-1420
5.26905298233	-1420
5.2690551281	-1264
5.26993513107	-1420
5.26994109154	-1316
5.27084302902	-1368
5.27084803581	-1420
5.27089214325	-1420
5.27089500427	-1264
5.27248311043	-1420
5.27248907089	-1420
5.27252316475	-1264
5.27316498756	-1368
5.27358913422	-1420
5.27359318733	-1316
5.27421808243	-1420
5.27422213554	-1316
5.27427816391	-1368
5.27734899521	-1420
5.27738904953	-1420
5.27739214897	-1264
5.27764296532	-1368
5.27776813507	1057
5.28000116348	-1420
5.28000807762	-1316
5.28019213676	-1420
5.28019714355	-1420
5.28023910522	-1264
5.28252005577	-1420
5.28258013725	-1420
5.28258419037	-1264
5.28262901306	-1420
5.28263115883	-1420
5.28266596794	-1264
5.2833070755	543
5.28475213051	-1420
5.28475809097	-1420
5.28481507301	-1264
5.28481817245	-1368
5.29957699776	-1420
5.2995929718	-1316
5.30266809464	-1368
5.31386208534	-227
5.31518816948	-1368
5.41187214851	543
5.44410204887	543
5.45158696175	543
5.46760702133	-1231
5.47450399399	543
5.47474217415	543
5.71489095688	-543
5.71603512764	-1420
5.71609115601	-1420
5.71609401703	-1264
5.71636509895	-1420
5.71637010574	-1316
5.71641016006	-1368
5.71730113029	-1420
5.71732997894	-1316
5.71766114235	-1420
5.71768212318	-1420
5.71768498421	-1264
5.71843314171	-1368
5.71941113472	-1420
5.71944904327	-1316
5.72126507759	-1420
5.72131800652	-1316
5.7214140892	-1368
5.72342514992	-1420
5.72344303131	-1316
5.72452116013	543
5.7248301506	543
5.72633218765	-1420
5.72634100914	-1420
5.7263879776	-1264
5.72837996483	-1420
5.7284309864	-1420
5.72843408585	-1264
5.72960019112	-1420
5.72960615158	-1420
5.72964811325	-1264
5.7302801609	-1368
5.73066997528	-1368
5.73107218742	-1368
5.73865413666	-1420
5.73867917061	-1316
5.73928403854	-1368
5.73974704742	-1420
5.73978209496	-1316
5.74056506157	-1368
5.74139618874	543
5.75742912292	-1368
5.7574441433	-1420
5.75750112534	-1316
5.75796103477	-1420
5.75801205635	-1316
5.75801515579	-1368
5.75817203522	-1420
5.75817608833	-1420
5.75820612907	-1264
5.75828909874	543
5.75877904892	-1420
5.75878405571	-1316
5.75922417641	-1420
5.7592291832	-1316
5.75940299034	-1368
5.75964307785	-1420
5.75967812538	-1316
5.76001310349	-1420
5.76005315781	-1316
5.76011109352	-1420
5.76014900208	-1316
5.81268501282	543
5.81297302246	543
5.82443404198	543
5.82469010353	543
5.84485697746	-1420
5.84486603737	-1316
5.86971902847	-661
5.87488698959	543
5.89378905296	1460
5.89387607574	111
5.89435315132	543
5.8945581913	543
5.92590713501	-1420
5.92591905594	-1420
5.92597103119	-1264
5.92605996132	-1368
5.9264550209	-1420
5.92646002769	-1316
5.92654895782	-1368
5.92683911324	-1420
5.92687916756	-1316
5.9271261692	-1420
5.92718410492	-1316
5.92718815804	-1368
5.94722509384	-1420
5.94724011421	-1420
5.94730496407	-1264
5.9668610096	-1368
6.02906298637	-1105
6.15285396576	-1420
6.1528711319	-1420
6.15293502808	-1264
6.18594813347	-1368
6.20403599739	-1368
6.20759916306	543
6.20845198631	543
6.22171998024	-74
6.22183513641	543
6.22532200813	-1368
6.22790813446	-1420
6.22795605659	-1316
6.27020096779	-1368
6.27729701996	543
6.2775080204	543
6.37921905518	-841
6.49171900749	-1368
6.51414012909	-1368
6.51467514038	-1420
6.51472997665	-1420
6.51473402977	-1264
6.51567602158	-1368
6.51649212837	-1420
6.51649808884	-1316
6.51657009125	-1368
6.517786026	-1420
6.51779198647	-1420
6.51783514023	-1264
6.52843618393	-1368
6.53265810013	-40
6.55628299713	-1368
6.68672418594	-746
6.69678902626	543
6.72446799278	-1368
6.72547912598	-1420
6.7255461216	-1420
6.72554898262	-1264
6.72575998306	-1420
6.7257630825	-1316
6.72601604462	-1368
6.72660899162	-1420
6.72664904594	-1316
6.72705411911	-1420
6.72710108757	-1420
6.72710418701	-1264
6.72743415833	-1368
6.73444199562	543
6.73891305923	-1420
6.7389190197	-1420
6.73896098137	-1264
6.76059508324	-1368
6.7640941143	543
6.84031701088	-765
6.99303007126	543
6.99365711212	543
6.99375605583	-543
6.99401903152	543
6.99560403824	1057
7.00526118279	1057
7.00976109505	1057
7.14732909203	-543
7.26323318481	-1368
7.26376104355	-1420
7.2638220787	-1420
7.26382613182	-1264
7.26389813423	-1368
7.26401209831	543
7.26416707039	543
7.26467299461	-1420
7.2646791935	-1420
7.26473903656	-1264
7.26475000381	-1420
7.26478695869	-1316
7.26556801796	-1420
7.2656121254	-1420
7.26561498642	-1264
7.26611208916	-1420
7.26611804962	-1316
7.26624011993	-1420
7.26624298096	-1316
7.26652407646	-1420
7.26652908325	-1316
7.26657104492	-1368
7.26670908928	-1420
7.26675105095	-1316
7.26706004143	-1420
7.26710414886	-1316
7.2671790123	543
7.2672150135	-1420
7.26721811295	-1316
7.26728200912	-1368
7.27237415314	-1420
7.27242302895	-1420
7.27242708206	-1264
7.27258205414	-1420
7.27258610725	-1316
7.28133296967	-1368
7.28176116943	543
7.29777812958	-1420
7.29778718948	-1316
7.29795312881	-1368
7.29799509048	543
7.29870200157	543
7.29890012741	543
7.30152010918	-1368
7.30448913574	-1368
7.30479812622	-1368
7.30517411232	-1368
7.30561208725	-1420
7.30561614037	-1316
7.30619907379	-1368
7.30827999115	543
7.34159517288	-845
7.4170320034	543
7.41731715202	543
7.42291498184	-1368
7.42704796791	-1368
7.44038414955	-1368
7.44118213654	543
7.44758701324	543
7.44781899452	543
7.47061800957	-1420
7.47064304352	-1316
7.48184704781	543
7.482172966	543
7.48551917076	543
7.4870121479	543
7.48738408089	543
7.48762702942	543
7.49492907524	-74
7.5000770092	543
7.51469707489	543
7.51504015923	543
7.51532912254	543
7.51553416252	543
7.67548918724	-543
7.71609401703	-1368
7.72805213928	-1420
7.72806715965	-1316
7.72977399826	-543
7.73858213425	-1420
7.7386071682	-1316
7.73864507675	-1368
7.74225306511	-1420
7.74226498604	-1316
7.742385149	-1368
7.74391007423	-1368
7.75847697258	-1420
7.75850296021	-1316
7.75876712799	-1368
7.76962804794	543
7.79466795921	-1368
7.79477214813	-1368
7.80028915405	-1420
7.80029416084	-1316
7.80067205429	-1368
7.80854010582	-1368
7.8178331852	543
7.82038211823	543
7.8206140995	543
7.82729697227	1057
7.84855508804	-1420
7.8485751152	-1316
7.86355614662	-1368
7.8698091507	-412
7.89201211929	543
7.89236903191	543
7.89259696007	543
7.90578007698	-1368
7.98119306564	543
7.98416018486	543
7.98445415497	543
7.98466396332	543
8.00076818466	-543
8.00601315498	543
8.00629496574	543
8.02308011055	-1289
8.0589029789	-1368
8.0957300663	-1368
8.1002240181	-1420
8.1002831459	-1316
8.11002898216	543
8.11034417152	543
8.11039304733	-1368
8.11118602753	-1368
8.1216340065	543
8.12251615524	543
8.1227221489	543
8.13279700279	-1420
8.13280415535	-1316
8.15532517433	-1368
8.17674899101	-944
8.1889359951	543
8.19527602196	543
8.19554400444	543
8.28906917572	-1368
8.29301404953	-1368
8.29338502884	543
8.29864001274	-1368
8.29961204529	-1368
8.29971504211	-1368
8.30506515503	-1368
8.309278965	-1420
8.30928897858	-1316
8.32135295868	-1368
8.32136917114	-1368
8.32448911667	543
8.32627010345	543
8.33019208908	-604
8.34938812256	-1368
8.40924501419	-1368
8.41189002991	1460
8.41194701195	625
8.4274430275	1460
8.42752218246	111
8.42813396454	543
8.4283490181	543
8.45089197159	-1420
8.45090508461	-1316
8.45094513893	-1368
8.45591115952	-1368
8.46445202827	543
8.46576404572	1057
8.49495697021	-1420
8.4949760437	-1316
8.49580407143	-1368
8.49757099152	543
8.50277996063	-828
8.64047718048	-1368
8.64835810661	543
8.65651202202	-261
8.70811605453	-1420
8.70812511444	-1316
8.74382996559	-1368
8.74600195885	-1368
8.74689006805	-1368
8.74862718582	-1368
8.74939012527	-1368
8.75034117699	-1420
8.75038814545	-1420
8.75039100647	-1264
8.75129103661	-1420
8.7512960434	-1316
8.75146508217	-1368
8.75232696533	-1420
8.75236201286	-1316
8.75250315666	-1368
8.77518200874	-1420
8.77520298958	-1316
8.77599406242	-1368
8.77753615379	-1420
8.77754211426	-1316
8.77830815315	-1368
8.77934718132	-1420
8.77935314178	-1316
8.77947115898	543
8.78585600853	-1420
8.78586602211	-1316
8.78615403175	543
8.79785704613	-1368
8.80410408974	1460
8.80415701866	111
8.80994510651	-283
8.84024000168	-1368
8.92130804062	-1368
8.96383404732	-1368
8.9938211441	-667
9.00413608551	543
9.00447511673	543
9.00518012047	-1368
9.01422810555	543
9.0379691124	-1368
9.04052710533	543
9.10584902763	-1368
9.14725899696	-153
9.29450917244	-1368
9.29480218887	-1420
9.29480695724	-1420
9.2948679924	-1264
9.29487109184	-1368
9.29551506042	-1420
9.29551911354	-1420
9.29559111595	-1264
9.29560208321	-1420
9.29564619064	-1316
9.29574418068	1460
9.2957971096	111
9.29649209976	1057
9.3051211834	-1420
9.30513310432	-1420
9.30518603325	-1264
9.30586314201	543
9.31653213501	-1368
9.31815099716	-1368
9.31831908226	-1368
9.31859612465	-1420
9.31863617897	-1316
9.31979799271	-1420
9.31984615326	-1420
9.31984901428	-1264
9.32080698013	-1368
9.32124614716	-1368
9.32213306427	-1368
9.32227706909	543
9.32274007797	-1368
9.32330918312	-1368
9.32333707809	-1420
9.32334017754	-1316
9.32343316078	543
9.32402205467	-1420
9.32402610779	-1316
9.32461214066	-1420
9.32461500168	-1316
9.32507395744	-1368
9.32547616959	-1420
9.32552814484	-1316
9.3256289959	543
9.32567000389	-1420
9.32567214966	-1420
9.32567310333	-1264
9.33597207069	-1420
9.33603715897	-1420
9.33604097366	-1264
9.33740210533	-1368
9.33796215057	-1420
9.33799004555	-1316
9.34243702888	-1420
9.34246611595	-1316
9.34252810478	-1368
9.34772396088	543
9.35831308365	-1420
9.3583240509	-1420
9.35837316513	-1264
9.37022614479	-1122
9.37473511696	543
9.37497401237	543
9.41690015793	-1368
9.52908706665	-1289
9.5478451252	543
9.65992808342	543
9.66020202637	543
9.69675517082	-1368
9.7218811512	-261
9.78820800781	-1368
9.87555003166	-1347
9.96265006065	-1420
9.9626660347	-1420
9.96273112297	-1264
10.0046701431	543
10.0089020729	543
10.0097501278	543
10.0227429867	-1368
10.0462319851	543
10.0740861893	-870
10.1302270889	1057
10.1351499557	1057
10.144231081	1057
10.1454031467	1057
10.1813461781	-1368
10.1821250916	543
10.1827890873	1057
10.2082459927	-1420
10.2082650661	-1420
10.2083311081	-1264
10.2084400654	-1368
10.2230131626	-1368
10.2275700569	-733
10.2276871204	543
10.2295651436	543
10.2304720879	543
10.2597301006	-1420
10.259745121	-1316
10.2615430355	-1368
10.2634949684	-1368
10.265048027	-1420
10.2650539875	-1316
10.2681210041	-1420
10.2681281567	-1316
10.2702481747	-1368
10.2723841667	-1420
10.2724220753	-1316
10.2741060257	-1368
10.2742140293	543
10.2762110233	-1368
10.2778451443	-1368
10.2800481319	-1420
10.2800681591	-1316
10.2832791805	-1420
10.2832911015	-1420
10.2833430767	-1264
10.285243988	-1420
10.2852840424	-1316
10.2874550819	-1420
10.2875020504	-1316
10.2901091576	-1368
10.2938051224	-1368
10.2943789959	-1420
10.2944500446	-1316
10.2974641323	-1368
10.2976269722	-1368
10.2992660999	-1420
10.2993161678	-1316
10.3003740311	-1420
10.3004171848	-1316
10.3004920483	543
10.3033981323	-1420
10.3034110069	-1420
10.3034520149	-1264
10.3055100441	-1368
10.3077740669	-1368
10.3080971241	-1420
10.3081400394	-1316
10.3082020283	543
10.3104729652	-1420
10.3104860783	-1420
10.3105070591	-1264
10.3119831085	-1420
10.3120250702	-1316
10.3130540848	-1368
10.3153941631	-1368
10.3172581196	-1368
10.3187510967	-1368
10.3201611042	-1420
10.3202030659	-1316
10.3202660084	543
10.3215520382	-1420
10.3215551376	-1316
10.322756052	-1420
10.3227701187	-1316
10.324545145	-1420
10.3245501518	-1316
10.32538414	-1420
10.3253881931	-1316
10.3267080784	-1368
10.3278641701	-1368
10.3293609619	-1368
10.3310940266	-1368
10.3313190937	-1420
10.3313231468	-1316
10.33279109	-1420
10.3327951431	-1316
10.3328340054	-1368
10.3347191811	-1368
10.3363809586	-1420
10.3363859653	-1316
10.3364770412	543
10.3392419815	-1420
10.3392481804	-1316
10.3408670425	-1420
10.3408720493	-1316
10.342372179	-1368
10.3445560932	-1420
10.3445820808	-1316
10.3446500301	543
10.346681118	-1420
10.3466870785	-1316
10.3489899635	-1368
10.3847200871	-1181
10.4303200245	543
10.4841971397	-1368
10.4843699932	543
10.522906065	-1368
10.533260107	-1368
10.5381581783	-725
10.5748500824	-1368
10.5845191479	1057
10.5944960117	1057
10.6919181347	-1318
10.693914175	-1368
10.6993970871	-1420
10.6994140148	-1316
10.7409861088	-1420
10.7410051823	-1316
10.8235430717	-1368
10.8262059689	543
10.8275799751	543
10.8379399776	-1420
10.8379631042	-1316
10.838009119	-1368
10.8474600315	-857
10.8655350208	-1368
10.9156501293	-1368
11.0010001659	-978
11.0012969971	543
11.0018160343	1460
11.0018751621	1460
11.0019211769	1161
11.0019881725	1460
11.0020360947	1460
11.0020711422	253
11.0459840298	543
11.1545391083	-543
11.1903681755	-1368
11.3129081726	-717
11.3139071465	1057
11.3840401173	-1368
11.4232561588	-1420
11.4233310223	-1316
11.4662511349	-124
11.4674789906	543
11.4687170982	543
11.5250389576	-1368
11.5758471489	-1420
11.5758590698	-1316
11.6608810425	-153
11.7209370136	-1368
11.721544981	543
11.853479147	-1420
11.8535101414	-1316
11.8742389679	-182
11.8756740093	543
11.895537138	-1368
12.0041739941	543
12.0491511822	-232
12.0677211285	1057
12.2012240887	-1368
12.2021961212	1057
12.221642971	-261
12.2412490845	543
12.7147991657	-543
12.7962760925	-1368
12.8037121296	1057
12.905246973	-1420
12.9052641392	-1316
12.9054391384	-1368
12.9057030678	-1368
12.9057731628	543
12.9088971615	-1368
12.9125261307	-1368
12.9125800133	-1368
12.9200291634	-712
12.9221570492	543
12.9359951019	-1368
12.9379980564	543
12.946062088	543
12.9463140965	543
13.0053110123	-543
13.0735239983	-261
13.0760080814	543
13.2162749767	-1368
13.2167019844	-1368
13.225965023	1460
13.2260651588	625
13.227063179	-1420
13.2270691395	-1316
13.2388551235	-1368
13.2625091076	-1420
13.2625720501	-1316
13.2647111416	-1368
13.2647521496	-625
13.2704591751	543
13.2751410007	543
13.2804620266	-1368
13.418639183	-1289
13.572232008	-543
13.7518851757	-1368
13.7653040886	-775
13.8140280247	-1368
13.8354949951	543
13.8675911427	543
13.8992540836	543
13.9044120312	543
13.9188210964	-1318
13.9248521328	543
13.9251170158	543
14.1120431423	-543
14.264621973	543
14.2648730278	543
14.2654721737	-543
14.3531711102	-1420
14.3531820774	-1316
14.3532271385	-1368
14.3553600311	-1420
14.3553659916	-1316
14.3554611206	-1368
14.3559231758	-1420
14.3559281826	-1316
14.3560659885	-1420
14.356069088	-1316
14.3561520576	-1368
14.3572130203	-1420
14.3572201729	-1420
14.3572621346	-1264
14.3584401608	-1420
14.3584461212	-1316
14.358602047	-1368
14.3595051765	-1420
14.359511137	-1420
14.3595530987	-1264
14.3596971035	543
14.3946809769	-1368
14.3948130608	543
14.4242250919	543
14.4542160034	543
14.4588999748	-491
14.5432231426	543
14.5435199738	1460
14.5435740948	1139
14.5439770222	543
14.5441989899	1460
14.5442450047	1139
14.6670491695	-1086
14.7344620228	-1420
14.7345311642	-1420
14.7345790863	-1264
14.7423350811	-1420
14.7423801422	-1420
14.7424161434	-1264
14.7428209782	543
14.7440299988	543
14.7443470955	543
14.7446219921	543
14.7448630333	543
14.7485251427	-1420
14.7485301495	-1316
14.7488191128	-1368
14.7569131851	543
14.7571630478	543
14.7658920288	-1420
14.7658979893	-1316
14.7771170139	-1420
14.7771260738	-1316
14.7808420658	-1368
14.7844121456	543
14.7850341797	543
14.7852909565	543
14.8197741508	-1368
14.8205680847	-902
14.8561429977	543
14.8564481735	543
14.9277021885	543
14.9281721115	543
14.9285211563	543
14.9872579575	-543
15.0265960693	-1368
15.0347561836	-1368
15.0366401672	-1420
15.0366940498	-1420
15.0366971493	-1264
15.0376009941	-1420
15.0376060009	-1316
15.0377600193	-1368
15.0379259586	-1420
15.0379650593	-1316
15.0382070541	-1368
15.0385169983	-1420
15.0385301113	-1316
15.0386931896	-1368
15.0391631126	-1420
15.0391850471	-1316
15.0393650532	-1368
15.0394899845	-1420
15.0394940376	-1316
15.0398101807	-1420
15.0398139954	-1316
15.0476980209	543
15.0527830124	-1420
15.0527951717	-1316
15.0528321266	-1368
15.0529820919	543
15.06321311	543
15.0638871193	543
15.0642120838	543
15.0644171238	543
15.0680420399	-1420
15.068046093	-1316
15.0683231354	-1368
15.068734169	-1420
15.068775177	-1316
15.0690460205	-1368
15.0694019794	-1420
15.0694060326	-1316
15.0699510574	-1420
15.0699541569	-1316
15.0793249607	-1420
15.0793349743	-1316
15.0793740749	-1420
15.0793759823	-1420
15.0793941021	-1264
15.0795531273	543
15.0797140598	-1420
15.0797171593	-1420
15.0797481537	-1264
15.0798401833	-1368
15.0805561543	-1420
15.080561161	-1420
15.080602169	-1264
15.0810210705	-1420
15.0810639858	-1420
15.0810661316	-1264
15.0811030865	-1368
15.0812211037	-1368
15.0942771435	-1420
15.0942840576	-1420
15.0943350792	-1264
15.0946991444	-1420
15.0947301388	-1316
15.0947840214	-1368
15.0952279568	-1368
15.0953350067	-1420
15.095375061	-1316
15.0959160328	-1420
15.0959551334	-1420
15.0959579945	-1264
15.0964021683	-1420
15.0964050293	-1316
15.0964431763	-1420
15.0964460373	-1316
15.0979709625	543
15.0981459618	543
15.1208910942	-1420
15.1209030151	-1420
15.1209640503	-1264
15.1210541725	-1368
15.1212091446	-1368
15.1470551491	543
15.1574380398	-1368
15.1594321728	543
15.1623430252	-1368
15.1801080704	-1049
15.2017111778	-1368
15.2038550377	-1368
15.2095441818	-1368
15.2140350342	-1420
15.2140760422	-1316
15.2142651081	-1420
15.2142679691	-1316
15.2142860889	543
15.2244069576	543
15.2254221439	543
15.23665905	-1420
15.2366690636	-1420
15.2367300987	-1264
15.2486281395	-1420
15.2486891747	-1420
15.2486929893	-1264
15.3395459652	-543
15.355148077	-1420
15.3551681042	-1335
15.3642749786	543
15.3663430214	543
15.3665831089	543
15.3989491463	543
15.4659161568	-1368
15.5013461113	-1420
15.5014061928	-1316
15.5160191059	-1368
15.516849041	-899
15.558907032	-1420
15.5589251518	-1420
15.5589811802	-1264
15.587583065	543
15.5882019997	543
15.5884540081	543
15.6708400249	-1152
15.6847231388	543
15.6849880219	543
15.7346491814	543
15.7349059582	543
15.7448539734	-1368
15.7451450825	-1420
15.7452001572	-1316
15.7558720112	-1368
15.7560100555	543
15.7771420479	-1368
15.788187027	543
15.7884571552	543
15.7889001369	543
15.7891170979	543
15.8237450123	-1368
15.8240790367	-1420
15.8241221905	-1316
15.8241260052	-1368
15.8243100643	-915
15.8875780106	-1368
15.9041390419	543
15.9778289795	543
15.9780759811	-775
15.9841771126	543
16.0142290592	543
16.2895390987	-543
16.3075931072	1460
16.3076770306	1460
16.3077151775	1161
16.3078520298	603
16.3109929562	-1368
16.3164360523	-1368
16.3197071552	-1368
16.3217861652	-1420
16.3218240738	-1316
16.3239300251	1460
16.3239860535	1460
16.3240411282	1161
16.3241500854	603
16.3243181705	1460
16.3243620396	625
16.3245401382	1460
16.3245911598	1460
16.3246350288	1161
16.3247280121	603
16.327229023	-1368
16.3275871277	543
16.3277790546	1057
16.3294169903	-1368
16.3349399567	-1368
16.3841371536	543
16.3845150471	543
16.3958110809	-1368
16.4510521889	-1420
16.4510660172	-1316
16.4512319565	-1420
16.4512360096	-1316
16.4518170357	-1368
16.4528081417	-1420
16.4528131485	-1420
16.4528610706	-1264
16.453261137	-1420
16.4532661438	-1420
16.4533281326	-1264
16.4535050392	543
16.4536941051	-1420
16.4536991119	-1316
16.4537470341	-1368
16.4552359581	-1368
16.4553949833	-1368
16.4557411671	-1420
16.4557609558	-1316
16.4558520317	-1368
16.4563801289	-1420
16.4563829899	-1420
16.4564201832	-1264
16.4568891525	-1420
16.4569261074	-1420
16.4569289684	-1264
16.4616851807	-792
16.4618761539	543
16.4870531559	-1420
16.4870641232	-1316
16.4880480766	-1368
16.4897611141	543
16.4904530048	-1420
16.4904580116	-1420
16.4904999733	-1264
16.490926981	-1368
16.4917290211	-1420
16.4917340279	-1316
16.4917991161	-1368
16.495290041	-1420
16.4953510761	-1316
16.4953551292	-1420
16.4953901768	-1420
16.4953930378	-1264
16.4957549572	-1368
16.4958701134	-1420
16.4959280491	-1420
16.4959311485	-1420
16.4959759712	-1212
16.495978117	-1368
16.496407032	-1420
16.4964110851	-1316
16.4964911938	-1420
16.4964950085	-1316
16.4971649647	543
16.4972140789	-1368
16.5002071857	-1420
16.5002501011	-1316
16.5019741058	-1420
16.5020270348	-1420
16.5020301342	-1264
16.5037550926	-1368
16.5040950775	-1420
16.5041441917	-1316
16.5045650005	-1420
16.5046131611	-1420
16.5046241283	-1420
16.5046610832	-1212
16.5046629906	-1368
16.5049750805	-1420
16.5049781799	-1420
16.5050151348	-1264
16.5058150291	-1420
16.5058631897	-1420
16.5058660507	-1264
16.5093870163	543
16.5094311237	-1368
16.5100820065	543
16.5462861061	-1368
16.6155459881	-824
16.6168041229	543
16.6173870564	543
16.6176381111	543
16.6773719788	-1368
16.6877300739	-1420
16.6878020763	-1420
16.6878089905	-1264
16.6953730583	-1420
16.6953790188	-1316
16.7050600052	-1368
16.708687067	-1420
16.7087380886	-1316
16.7120440006	-1368
16.7164001465	-1368
16.7192840576	-1420
16.7193410397	-1316
16.7343320847	-1368
16.7476940155	-1420
16.7477190495	-1316
16.7560451031	-1368
16.7610270977	-1368
16.7690811157	-570
16.7774021626	-1368
16.7804479599	-1368
16.797768116	-1368
16.8112711906	-1420
16.8112881184	-1316
16.8256220818	-1368
16.8460900784	-1368
16.8527281284	-1368
16.8528439999	543
16.9228031635	-1255
16.9349529743	1057
16.9356210232	1057
16.9373600483	543
17.0074830055	543
17.0845341682	1057
17.0849301815	1057
17.1001911163	-543
17.1298840046	1057
17.2137739658	-1368
17.2146689892	543
17.2152490616	1057
17.2271671295	-1420
17.2271809578	-1316
17.2928850651	-124
17.3192331791	-1420
17.3193030357	-1316
17.3193149567	-1368
17.3400349617	-1420
17.3400480747	-1316
17.3401031494	-1368
17.3473300934	-1368
17.4726550579	-393
17.4789190292	543
17.6330831051	-1086
17.7576451302	-1368
17.7603421211	1057
17.8261640072	-804
17.83852005	-1368
17.880079031	-1368
17.9920799732	-949
18.2332680225	543
18.2596299648	1057
18.2609610558	543
18.2744181156	543
18.3091630936	1057
18.3256089687	543
18.3265910149	543
18.3443481922	1460
18.3444449902	625
18.3461539745	1057
18.348304987	1057
18.5383629799	-543
18.5554070473	-1420
18.555480957	-1420
18.5555250645	-1264
18.5666201115	-1368
18.5834159851	543
18.5860700607	543
18.5952069759	-1420
18.5952241421	-1316
18.6336481571	-1368
18.6397740841	-1420
18.6398169994	-1420
18.6398220062	-1264
18.6404511929	543
18.6409711838	1057
18.6420891285	-1368
18.6552491188	-1368
18.6734981537	-1368
18.676831007	-1368
18.6770591736	-1368
18.6795661449	-1368
18.6798231602	-1368
18.6875	543
18.68770504	1460
18.6877501011	111
18.6883740425	543
18.6886081696	543
18.6916229725	-425
18.7562260628	-1368
18.8854160309	-1318
18.8962101936	543
18.8972201347	1460
18.8972690105	625
18.9291751385	-1368
18.9293911457	-1368
18.9308130741	543
18.9515731335	-1420
18.9515891075	-1420
18.9516570568	-1264
18.9516589642	-1368
18.9519431591	543
19.012114048	-1368
19.0165841579	543
19.0514850616	-1023
19.0754551888	-1420
19.0755331516	-1420
19.0755419731	-1264
19.1348381042	-1368
19.203660965	-1368
19.2041740417	-1420
19.2042851448	-1420
19.2042930126	-1264
19.2044789791	-1420
19.2045691013	-1316
19.2046160698	-1368
19.204843998	-1420
19.2049341202	-1316
19.2088780403	543
19.2128190994	-1420
19.2128260136	-1316
19.2128591537	-1368
19.2289750576	-193
19.2457711697	-1420
19.2457849979	-1316
19.2460269928	-1368
19.2462530136	-1420
19.2463710308	-1316
19.2463781834	-1368
19.246669054	543
19.2469410896	-1420
19.2469520569	-1316
19.2470521927	-1368
19.2473859787	-1368
19.2474370003	-1368
19.254431963	-1420
19.2545061111	-1420
19.2545120716	-1264
19.2547149658	-1368
19.2549300194	-1368
19.2550261021	-1420
19.2550320625	-1316
19.2875499725	-1420
19.2875721455	-1316
19.2883751392	-1368
19.2890820503	-1420
19.2891299725	-1316
19.2893431187	-1368
19.2944800854	543
19.29479599	-1420
19.2948060036	-1316
19.2949101925	-1368
19.2952649593	543
19.2961671352	-1420
19.2961809635	-1420
19.2962839603	-1264
19.2967660427	-1420
19.2968699932	-1316
19.2970151901	-1368
19.3195421696	-1420
19.3195590973	-1316
19.3319339752	-1420
19.3319461346	-1316
19.3580601215	-1420
19.3580770493	-1420
19.3581390381	-1420
19.3581421375	-1212
19.3582661152	-1420
19.3582689762	-1316
19.358299017	-1368
19.358435154	-1420
19.3584840298	-1316
19.3584971428	-1420
19.3585419655	-1316
19.3585779667	-1368
19.3587110043	543
19.3663401604	-1420
19.3663620949	-1316
19.3771800995	-1368
19.382871151	-1420
19.382912159	-1420
19.38291502	-1264
19.3993799686	-1420
19.3993971348	-1316
19.3997671604	-1420
19.3997790813	-1316
19.3998279572	-1368
19.399834156	-1368
19.4002370834	-1420
19.4002451897	-1316
19.40041399	543
19.4004991055	-1368
19.4007971287	543
19.400881052	-1420
19.4008870125	-1420
19.4009711742	-1264
19.4009821415	-1420
19.4010660648	-1316
19.4080879688	-1420
19.4081561565	-1420
19.4081630707	-1420
19.4082040787	-1420
19.4082081318	-1420
19.408244133	-1108
19.4084541798	-1420
19.4084591866	-1316
19.4086489677	-1420
19.4086520672	-1316
19.4086539745	-1420
19.4086551666	-1308
