0	-543
0.928097009659	543
2.92730617523	543
3.547134161	543
3.76540493965	-543
3.77545404434	543
4.12524294853	-543
4.13105297089	-1368
4.13149499893	-1420
4.13150215149	-1316
4.13274097443	-1368
4.13352012634	-1420
4.13355517387	-1316
4.13361096382	-1368
4.13422608376	-1368
4.16023612022	-1368
4.16935706139	543
4.18599510193	543
4.19043302536	543
4.26388812065	-1420
4.26390314102	-1316
4.26395201683	-1420
4.26395511627	-1316
4.26426911354	-1420
4.26427412033	-1420
4.26431298256	-1420
4.264316082	-1212
4.26639008522	-1420
4.2664411068	-1420
4.26648211479	-1264
4.26648402214	-1420
4.26651906967	-1420
4.26652216911	-1264
4.26667404175	543
4.26729512215	-1420
4.26730108261	-1420
4.26734304428	-1420
4.26734495163	-1212
4.27770805359	543
4.30262708664	-1420
4.30264210701	-1316
4.32599616051	543
4.32655596733	543
4.32701206207	543
4.36753106117	543
4.39674711227	-1232
4.40517711639	543
4.55156803131	-1368
4.5554959774	543
4.55564808846	543
4.56824994087	-261
4.56841301918	543
4.70148801804	-1086
4.70171713829	543
4.70186305046	543
4.73256397247	-1420
4.73257899284	-1420
4.73263406754	-1264
4.75940108299	-1368
4.7594871521	-1368
4.7594909668	-1368
4.75969600677	-1420
4.75969910622	-1316
4.7598490715	543
4.76227617264	543
4.76319098473	-1420
4.76319813728	-1420
4.76322793961	-1264
4.77577900887	543
4.79783606529	-1420
4.79785108566	-1420
4.79791116714	-1264
4.83433294296	-757
4.84147500992	-1420
4.84148216248	-1420
4.84152412415	-1264
4.86718511581	543
4.9212641716	-1420
4.92128109932	-1420
4.92134213448	-1264
4.92779803276	543
4.92786717415	543
4.92798614502	543
4.92984700203	543
4.96725010872	-675
5.00450706482	-1420
5.00457811356	-1420
5.00458407402	-1264
5.03797507286	-1420
5.03799104691	-1420
5.03803610802	-1264
5.10019612312	-1218
5.2190849781	-1368
5.21928906441	543
5.21943712234	543
5.32978701591	-261
5.45860600471	-1368
5.50185894966	-746
5.62107896805	-1368
5.6349811554	-746
5.63584399223	1057
5.82042002678	-543
5.82220506668	-1420
5.82225513458	-1420
5.82225894928	-1420
5.82229399681	-1420
5.82229614258	-1160
5.82235693932	-1420
5.82236003876	-1316
5.822453022	-1368
5.82269501686	-1420
5.82273697853	-1316
5.8250541687	-1420
5.82509207726	-1316
5.82551908493	-1420
5.82558608055	-1420
5.82558894157	-1264
5.82562494278	-1368
5.82801795006	543
5.82814598083	543
5.82916998863	-1420
5.8291759491	-1420
5.82921504974	-1264
5.85545611382	-1420
5.85552406311	-1420
5.85552811623	-1264
5.9280731678	543
5.95506596565	-1208
8.50741505623	543
8.51518917084	543
8.52280306816	-543
8.52744102478	543
8.52829813957	543
8.74516701698	-543
8.83187198639	-1368
8.87786698341	-261
8.87808203697	543
9.13263511658	-543
9.30485796928	-543
9.45364904404	-543
9.45386195183	543
9.50932502747	1460
9.50941801071	1460
9.50945496559	1161
9.50958299637	89
9.58635997772	-543
9.5865521431	543
9.69094204903	-1420
9.69096112251	-1420
9.69099712372	-1264
9.71941113472	-609
9.72141504288	543
9.72215294838	543
9.85226798058	-1086
9.94409203529	-1420
9.94416499138	-1420
9.94420313835	-1264
9.98516011238	-609
9.98751497269	543
9.98831605911	543
10.1206691265	-543
10.2536211014	-543
10.425868988	-1086
10.426748991	1460
10.426815033	1460
10.4268610477	1161
10.4269931316	1460
10.4270300865	1460
10.4270710945	253
10.4279270172	1460
10.4279720783	625
10.5158410072	543
10.6118531227	-543
10.6132819653	-1420
10.6133389473	-1316
10.6137721539	-1420
10.6138181686	-1420
10.6138210297	-1264
10.6218190193	-1420
10.6218249798	-1420
10.6218700409	-1264
10.6490180492	-1368
10.7463440895	-1420
10.7463619709	-1420
10.7464160919	-1420
10.7464189529	-1420
10.7464621067	-1420
10.7464649677	-1108
10.746571064	-1420
10.7465741634	-1420
10.7466089725	-1264
10.746612072	-1420
10.746655941	-1316
10.7466580868	-1368
10.7546930313	-1420
10.7547061443	-1420
10.7547559738	-1420
10.7547590733	-1212
10.7547931671	-1420
10.7547950745	-1316
10.7550671101	543
10.7552959919	543
10.7759740353	543
10.7764310837	543
10.8290729523	-1420
10.8290929794	-1316
10.8790931702	-1420
10.8791129589	-1420
10.8791911602	-1264
10.8791940212	-1420
10.8792490959	-1316
10.8792519569	-1420
10.8793151379	-1420
10.8793179989	-1264
10.8793511391	-1420
10.8793540001	-1420
10.8794410229	-1264
10.8794431686	-1420
10.8794760704	-1420
10.8794870377	-1264
10.8795220852	-1368
10.8796541691	543
10.87976408	-1420
10.8797681332	-1316
10.8798551559	-1420
10.8798561096	-1420
10.8798930645	-1264
10.8798949718	-1420
10.879928112	-1316
10.8801579475	543
10.8874299526	-1420
10.8874361515	-1420
10.8874671459	-1420
10.8874690533	-1212
10.8875300884	-1420
10.8875319958	-1420
10.8875491619	-1264
10.8875510693	-1420
10.8875751495	-1420
10.8875770569	-1264
10.8877210617	-1420
10.8877251148	-1420
10.8877620697	-1264
10.8878531456	-1368
10.8879220486	543
10.9280469418	543
10.9281339645	543
10.9618899822	-1420
10.9618990421	-1420
10.9619510174	-1420
10.9619541168	-1212
10.9621360302	543
11.0120990276	-1420
11.0121071339	-1420
11.012196064	-1264
11.0121991634	-1420
11.0122401714	-1420
11.0122430325	-1420
11.0122959614	-1212
11.0122990608	-1420
11.0123419762	-1316
11.0123450756	-1420
11.0124411583	-1420
11.0124430656	-1264
11.012485981	-1420
11.0124890804	-1420
11.0125219822	-1264
11.0125250816	-1368
11.0125980377	-1420
11.0126011372	-1420
11.0126421452	-1264
11.0127110481	-1420
11.0127661228	-1420
11.0127689838	-1264
11.0128030777	-1368
11.013048172	-1420
11.0130870342	-1420
11.0130901337	-1264
11.0131411552	-1420
11.0131430626	-1420
11.0131771564	-1420
11.0131790638	-1420
11.0132141113	-1160
11.0132160187	-1420
11.0132169724	-1316
11.0132191181	-1420
11.0132391453	-1316
11.0134689808	543
11.0135030746	-1368
11.0135760307	-1420
11.0135991573	-1420
11.0136020184	-1264
11.0137059689	-1420
11.013710022	-1420
11.0137450695	-1264
11.0138320923	-1420
11.0138349533	-1316
11.0138511658	543
11.0187561512	543
11.0192501545	543
11.0203700066	-1420
11.0203750134	-1420
11.0204269886	-1264
11.0204291344	-1420
11.0204739571	-1420
11.0204761028	-1264
11.0205090046	-1420
11.0205111504	-1316
11.0206291676	-1420
11.0206320286	-1420
11.0206689835	-1264
11.0208661556	-1420
11.0209269524	-1420
11.0209290981	-1420
11.0209619999	-1420
11.0209641457	-1420
11.0210411549	-1108
11.0210440159	-1368
11.0210781097	-1420
11.0210800171	-1420
11.021116972	-1264
11.0211191177	-1420
11.0211529732	-1316
11.0211551189	-1420
11.0211880207	-1420
11.0211901665	-1264
11.0212490559	543
11.0213220119	-1420
11.0213251114	-1316
11.0215101242	543
11.0216920376	543
11.0245521069	543
11.0906870365	-543
11.0946810246	-1420
11.0946900845	-1420
11.0947699547	-1420
11.0947730541	-1212
11.0948081017	-1420
11.0948109627	-1420
11.0948560238	-1264
11.0948619843	-1368
11.1452951431	-1420
11.1453120708	-1420
11.1453671455	-1420
11.1453690529	-1420
11.1454031467	-1420
11.1454060078	-1108
11.1455681324	-1420
11.1455719471	-1420
11.1456091404	-1264
11.1456871033	-1420
11.1457331181	-1420
11.1457359791	-1264
11.1457970142	-1368
11.1458001137	-1420
11.1458411217	-1316
11.1458451748	-1368
11.1459610462	-1420
11.1459641457	-1420
11.1460080147	-1264
11.1460111141	-1368
11.1462850571	-1420
11.1462981701	-1420
11.1463341713	-1264
11.1463360786	-1368
11.146420002	-1420
11.1464231014	-1420
11.1464791298	-1420
11.1464819908	-1420
11.1465160847	-1160
11.146517992	-1420
11.1465699673	-1420
11.146572113	-1264
11.1465740204	-1420
11.1465749741	-1316
11.1465761662	-1420
11.1465771198	-1316
11.1466519833	-1420
11.146654129	-1316
11.1470460892	-1420
11.1470489502	-1420
11.147051096	-1420
11.1470611095	-1420
11.1470620632	-1160
11.1471540928	-1368
11.1471560001	-1368
11.1471581459	-1368
11.1473610401	-1420
11.1473641396	-1316
11.1475429535	-1420
11.1475460529	-1420
11.1475470066	-1420
11.1475479603	-1420
11.147550106	-1420
11.1475510597	-1420
11.1475520134	-1056
11.1504020691	-1420
11.1504051685	-1420
11.1504070759	-1420
11.1504080296	-1420
11.1504089832	-1420
11.1504101753	-1420
11.150411129	-1420
11.1504120827	-1420
11.1504130363	-1420
11.15041399	-1420
11.1504161358	-1420
11.1504170895	-1420
11.1504180431	-1420
11.1504189968	-1420
11.1504199505	-1420
11.1504211426	-1420
11.1504340172	-1420
11.1504371166	-1420
11.1504380703	-1420
11.150439024	-1420
11.1504399776	-1420
11.1504421234	-1420
11.1504430771	-1420
11.1504440308	-1420
11.1504459381	-1420
11.1504471302	-1420
11.1504480839	-1420
11.1504490376	-1420
11.1504530907	-1420
11.1504540443	-1420
11.150454998	-1420
11.1504559517	-1124
11.1508610249	543
11.1511130333	543
11.1513450146	543
11.1516690254	543
11.1518599987	543
11.1520409584	543
11.1523561478	543
11.1537539959	-1420
11.1537599564	-1420
11.1538009644	-1420
11.1538040638	-1420
11.1538369656	-1160
11.1539750099	-1420
11.1540131569	-1420
11.1540150642	-1420
11.154047966	-1420
11.1540501118	-1420
11.1540939808	-1108
11.1542310715	-1420
11.1542680264	-1420
11.1542701721	-1420
11.1543021202	-1420
11.1543040276	-1420
11.1543371677	-1420
11.1543390751	-1420
11.1543731689	-1004
11.1544761658	-1420
11.1545231342	-1420
11.1545250416	-1420
11.1545569897	-1420
11.1545591354	-1420
11.1545989513	-1420
11.1546010971	-1056
11.1547629833	-1420
11.1547660828	-1420
11.154802084	-1420
11.1548039913	-1420
11.1548359394	-1420
11.1548380852	-1420
11.1548390388	-1420
11.1548399925	-1420
11.1548409462	-952
11.1549711227	-1420
11.1549830437	-1420
11.154984951	-1420
11.1549861431	-1420
11.1549870968	-1420
11.1549880505	-1420
11.1549890041	-1056
11.1551320553	543
11.1552200317	-1420
11.1552240849	-1420
11.1552250385	-1420
11.1552259922	-1420
11.1552269459	-1420
11.155228138	-1420
11.1552290916	-1420
11.1552300453	-1420
11.155230999	-952
11.1554031372	543
11.1554880142	-1420
11.1554920673	-1420
11.155493021	-1420
11.1554939747	-1212
11.1557221413	-1368
11.1557900906	543
11.1561491489	1460
11.1562070847	169
11.1563341618	543
11.1564371586	543
11.2276110649	-1420
11.2276289463	-1420
11.2276690006	-1420
11.2276721001	-1420
11.2276880741	-1160
11.2276911736	-1368
11.2277059555	-1420
11.2277081013	-1420
11.2277231216	-1264
11.2277340889	-1368
11.2279100418	-1420
11.2279131413	-1316
11.2279500961	-1420
11.2279529572	-1316
11.2310740948	543
11.2312660217	543
11.2314219475	543
11.2315559387	543
11.2678050995	-1420
11.2678210735	-1316
11.2783970833	-1420
11.278470993	-1420
11.2785151005	-1420
11.2785170078	-1420
11.278550148	-1420
11.2785520554	-1108
11.2785849571	-1420
11.2785871029	-1420
11.2786200047	-1264
11.2786221504	-1420
11.2786540985	-1420
11.2786560059	-1264
11.2787561417	-1420
11.2787680626	-1420
11.2788040638	-1264
11.2788059711	-1368
11.2788779736	-1420
11.278881073	-1316
11.2794160843	-1420
11.2794201374	-1409
11.2825629711	-1420
11.2825670242	-1420
11.2826030254	-1264
11.282793045	543
11.2829091549	-1420
11.2829120159	-1316
11.2837150097	-1368
11.2841961384	543
11.2843229771	543
11.2845649719	543
11.2905580997	-1368
11.3132829666	-1368
11.4122569561	-1110
11.4124829769	543
11.4243819714	-1420
11.4243969917	-1420
11.4244501591	-1264
11.4259901047	-1420
11.4260370731	-1316
11.4261670113	-1420
11.426197052	-1316
11.4262640476	-1368
11.4353210926	543
11.4356400967	543
11.4454901218	-1368
11.4474771023	543
11.4481720924	1460
11.4482271671	1139
11.4533729553	-1368
11.4535200596	-1368
11.4571590424	543
11.4577281475	1460
11.4577741623	625
11.46251297	543
11.4656760693	-1368
11.4677231312	-1420
11.4677670002	-1420
11.4677700996	-1264
11.4682171345	-1420
11.4682209492	-1420
11.4682610035	-1264
11.4684619904	-1368
11.4761490822	543
11.4786300659	-1368
11.4790101051	543
11.4791769981	543
11.4795019627	1460
11.4795479774	625
11.4845600128	-1420
11.4845659733	-1316
11.5216860771	-1420
11.5217051506	-1420
11.5217621326	-1264
11.5242171288	543
11.524474144	1460
11.5245189667	1139
11.5571930408	-905
11.5596590042	543
11.6415309906	-1368
11.641685009	543
11.6420819759	-1368
11.6423070431	-1368
11.6430411339	-1420
11.6430470943	-1316
11.6434931755	-1420
11.6434979439	-1420
11.6435379982	-1264
11.6438691616	-1420
11.6439230442	-1316
11.6440620422	-1420
11.6441121101	-1316
11.6442661285	-1420
11.6442990303	-1316
11.6443009377	-1368
11.644382	543
11.6444280148	-1420
11.6444301605	-1316
11.64498806	-1420
11.6449940205	-1420
11.6450340748	-1264
11.6450371742	-1368
11.6452150345	-1420
11.6452200413	-1316
11.6453590393	-1368
11.6454510689	-1420
11.6454720497	-1316
11.6455600262	-1368
11.6458740234	-1420
11.6458799839	-1316
11.6461350918	-1420
11.6461400986	-1316
11.6461591721	-1368
11.6462910175	-1420
11.6463270187	-1420
11.6463301182	-1264
11.6466770172	-1420
11.6466801167	-1420
11.6467151642	-1264
11.646887064	-1368
11.647413969	-1420
11.6474170685	-1316
11.6496851444	-1420
11.6496880054	-1316
11.6503691673	543
11.6505310535	543
11.6589641571	-1420
11.6589801311	-1420
11.6590330601	-1264
11.6814670563	-1420
11.6815321445	-1420
11.6815359592	-1264
11.6908431053	-1420
11.6908521652	-1316
11.6982460022	-1420
11.6982519627	-1420
11.6982941628	-1264
11.7051131725	-1368
11.7068059444	-1420
11.7068109512	-1420
11.7068510056	-1264
11.7084801197	-1420
11.7085261345	-1420
11.7085289955	-1264
11.7087011337	-543
11.7109839916	-1420
11.7109899521	-1420
11.7110500336	-1264
11.7111101151	-1420
11.7111461163	-1420
11.7111489773	-1264
11.7135970592	-1420
11.7136011124	-1316
11.7143461704	543
11.7156100273	-1368
11.7160949707	-1368
11.7169880867	-1420
11.7169940472	-1420
11.7170350552	-1264
11.7177491188	-1368
11.7196080685	-1420
11.7196121216	-1420
11.7196500301	-1264
11.7198190689	-1420
11.7198581696	-1420
11.7198610306	-1264
11.7199959755	543
11.7226929665	-1368
11.7233631611	-1420
11.7234079838	-1420
11.7234110832	-1264
11.7243490219	-1420
11.724353075	-1420
11.7243890762	-1264
11.7249100208	-1420
11.7249469757	-1316
11.7264480591	543
11.7274050713	-1420
11.7274110317	-1420
11.7274529934	-1264
11.7287180424	-1420
11.7287640572	-1420
11.7287681103	-1264
11.7291090488	-1420
11.7291140556	-1420
11.7291669846	-1264
11.7297780514	-1420
11.7298240662	-1420
11.7298271656	-1264
11.7317039967	-1420
11.7317211628	-1420
11.7317459583	-1264
11.7333199978	-1368
11.7352831364	-1368
11.7352900505	-1420
11.7353329659	-1316
11.7355530262	543
11.7362141609	-1420
11.7362201214	-1420
11.7362611294	-1264
11.7365591526	-1420
11.7366030216	-1316
11.7369070053	-1420
11.7369511127	-1420
11.7369539738	-1264
11.7372250557	-1420
11.7372291088	-1420
11.7372670174	-1264
11.7374191284	-1368
11.7376480103	-1420
11.7376511097	-1316
11.7376849651	-1368
11.737965107	-1368
11.73822999	-1420
11.7382330894	-1316
11.7383811474	543
11.7385821342	543
11.7387311459	-1368
11.7453420162	-1420
11.7453970909	-1420
11.745401144	-1264
11.7467660904	-1368
11.7473731041	-1420
11.7474141121	-1316
11.7493131161	-1420
11.7493550777	-1316
11.7495770454	-1420
11.7496130466	-1420
11.749614954	-1264
11.7496960163	-1420
11.7496981621	-1316
11.7497551441	-1420
11.7497570515	-1316
11.7498381138	-1368
11.7504570484	-1420
11.7504849434	-1316
11.7505280972	-1368
11.7512209415	-1420
11.751224041	-1316
11.7515330315	-1368
11.7523159981	-1420
11.7523519993	-1420
11.7523541451	-1264
11.752931118	-1420
11.7529370785	-1420
11.7529730797	-1264
11.7532529831	543
11.7532920837	-1420
11.7532939911	-1420
11.7532939911	-1264
11.7532949448	-1368
11.7533950806	-1368
11.7535870075	543
11.7536220551	-1420
11.7536239624	-349
11.7538940907	-1420
11.7538990974	-1316
11.7540080547	-1368
11.7542090416	-1420
11.7542290688	-1316
11.7543370724	543
11.7545120716	-1420
11.7545170784	-1420
11.7545721531	-1264
11.7545740604	-1368
11.7547030449	-1368
11.754873991	-1420
11.7548999786	-1316
11.7550091743	-1420
11.7550289631	-1316
11.7752799988	-1420
11.7753310204	-1420
11.7753341198	-1420
11.7753591537	-1212
11.7758359909	-1420
11.7758860588	-1316
11.7763280869	-1420
11.7763741016	-1420
11.776376009	-1264
11.7764191628	-1368
11.7768931389	-1420
11.7769560814	-1420
11.7769579887	-1264
11.7769920826	-1368
11.7771000862	-1420
11.7771351337	-1316
11.7773790359	-1420
11.7774150372	-1420
11.7774181366	-1264
11.7774691582	-1368
11.7779090405	-1420
11.7779259682	-1420
11.7779281139	-1420
11.7779431343	-1212
11.7780120373	-1368
11.7781791687	-1420
11.7781829834	-1420
11.7782001495	-1264
11.7783989906	-1368
11.7784161568	543
11.7785379887	-1368
11.7786650658	543
11.778799057	-1420
11.7788031101	-1316
11.7789390087	-1368
11.7789421082	-1420
11.7789781094	-1420
11.7789800167	-1264
11.7790400982	-1420
11.7790429592	-1316
11.7790939808	543
11.7791731358	-1420
11.7791759968	-1420
11.7792110443	-1264
11.7792150974	-1368
11.7794270515	-1368
11.779528141	-1368
11.7800991535	-1420
11.7801041603	-1316
11.7801880836	-1420
11.7801921368	-1316
11.7802729607	543
11.7826149464	-1420
11.7826199532	-1316
11.7917971611	-1420
11.7918071747	-1420
11.7918550968	-1420
11.7918570042	-1212
11.814332962	-1420
11.8143451214	-1316
11.8143880367	-1420
11.8143911362	-1316
11.8146071434	543
11.8236589432	-1420
11.8236670494	-1316
11.8306410313	-1368
11.830976963	-1420
11.8310339451	-1420
11.8310360909	-1264
11.8397860527	-1420
11.8398029804	-1420
11.8398590088	-1420
11.8398621082	-1212
11.8412749767	-1420
11.8412780762	-1420
11.8413131237	-1420
11.8413150311	-1212
11.8423011303	543
11.8437850475	-1420
11.843791008	-1420
11.8438940048	-1420
11.8438971043	-1212
11.8439350128	-1420
11.8439381123	-1316
11.8465020657	-1420
11.8465080261	-1420
11.8465499878	-1420
11.8465521336	-1212
11.8488919735	-1420
11.8489019871	-1316
11.8498029709	-1420
11.849807024	-1420
11.8498430252	-1420
11.849845171	-1212
11.8506071568	543
11.8523571491	-1420
11.8523640633	-1420
11.8524060249	-1264
11.8524091244	-1368
11.8527750969	-1420
11.8527801037	-1420
11.852820158	-1264
11.852823019	-1368
11.8529381752	543
11.8561229706	-1420
11.8561301231	-1420
11.8561739922	-1420
11.8561770916	-1212
11.8573300838	-1420
11.857334137	-1420
11.8573689461	-1420
11.8573710918	-1212
11.857612133	-1420
11.857614994	-1316
11.8602411747	-1420
11.8602440357	-1420
11.8602991104	-1264
11.8603010178	-1368
11.860574007	543
11.8614909649	-1420
11.8614959717	-1316
11.8619520664	-1420
11.8619570732	-1420
11.8620049953	-1420
11.8620080948	-1212
11.8628621101	-1420
11.8628680706	-1420
11.8628921509	-1264
11.8629231453	-1368
11.864593029	-1420
11.8645980358	-1420
11.8646390438	-1420
11.8646421432	-1212
11.8682720661	-1420
11.8682770729	-1316
11.8683290482	-1420
11.8683309555	-1316
11.8693981171	-1420
11.8694009781	-1420
11.8694369793	-1420
11.8694391251	-1420
11.8694741726	-1420
11.8694770336	-1108
11.8698210716	-1420
11.8698241711	-1420
11.8698589802	-1420
11.869863987	-1212
11.8699700832	-1420
11.8699729443	-1420
11.8700101376	-1264
11.8700680733	543
11.8701300621	-1368
11.8702349663	543
11.8703911304	-1420
11.8703939915	-1316
11.8707001209	-1420
11.8707051277	-1420
11.8707439899	-1420
11.8707461357	-1212
11.8708510399	-1420
11.870855093	-1316
11.8711330891	543
11.8717570305	-1420
11.8717620373	-1316
11.8779940605	-1420
11.878000021	-1316
11.880215168	-1420
11.8802211285	-1420
11.8802621365	-1420
11.8802649975	-1212
11.8823840618	-1420
11.8823890686	-1420
11.8824100494	-1264
11.8824760914	-1420
11.8824989796	-1420
11.882502079	-1264
11.8825180531	-1368
11.8826270103	-1420
11.8826639652	-1420
11.882666111	-1264
11.8827190399	-1420
11.8827209473	-1316
11.8831560612	-1420
11.8831591606	-1316
11.8839280605	-1420
11.88393116	-1316
11.8840329647	-1420
11.8840360641	-1316
11.885242939	-1420
11.8852469921	-1316
11.8853290081	-1420
11.8853321075	-1316
11.8861839771	543
11.8863301277	-344
11.8863601685	543
12.1129000187	-543
12.1617159843	543
12.1654419899	543
12.3301711082	543
12.3453171253	-543
12.3457651138	-1368
12.3466360569	-1368
12.346724987	-1420
12.3467571735	-1316
12.3467991352	543
12.3473889828	-1420
12.3473930359	-1420
12.3474321365	-1264
12.3483719826	-1420
12.3484120369	-1316
12.3486959934	-1420
12.3487360477	-1316
12.3489170074	-1420
12.3489561081	-1420
12.3489580154	-1264
12.3494739532	-1420
12.3494801521	-1316
12.3496179581	-1368
12.354735136	-1420
12.3547770977	-1420
12.3547799587	-1264
12.3548591137	-1368
12.3549690247	-1420
12.3550140858	-1316
12.3550169468	-1420
12.3550510406	-1316
12.3552441597	-1420
12.3552720547	-1316
12.3553240299	-1368
12.3648600578	543
12.3651030064	543
12.3809540272	-1420
12.3809630871	-1420
12.3810091019	-1264
12.3891730309	-1420
12.3892240524	-1420
12.3892271519	-1264
12.4784910679	-415
12.6459159851	543
12.6537821293	-1086
12.6654660702	543
12.6655890942	543
12.6757481098	543
12.813313961	543
12.8184089661	543
12.8589019775	-543
12.8654260635	543
12.8764100075	-1368
12.8770861626	-1368
12.8779759407	-1368
12.8790421486	-1420
12.8790800571	-1420
12.8790831566	-1264
12.879335165	-1420
12.8793389797	-1420
12.8793649673	-1264
12.880079031	-1420
12.8801071644	-1316
12.8801651001	-1368
12.8812201023	-1420
12.8812229633	-1420
12.881248951	-1264
12.8815369606	-1420
12.8815720081	-1316
12.8822259903	-1368
12.8833200932	-1420
12.8833250999	-1420
12.8833630085	-1264
12.8839230537	-1368
12.8840241432	543
12.8846149445	-1420
12.8846211433	-1420
12.8846600056	-1264
12.8912320137	-1420
12.8912889957	-1420
12.8912930489	-1264
12.906594038	-1420
12.9066059589	-1420
12.9066381454	-1264
12.9100170135	-1420
12.9100761414	-1420
12.9100790024	-1264
12.9101221561	-1368
12.9110710621	-1420
12.911108017	-1316
12.9115371704	-1420
12.9115819931	-1420
12.9115850925	-1420
12.9116170406	-1212
12.9118299484	-1420
12.9118659496	-1316
12.9119720459	-1420
12.9120070934	-1420
12.9120099545	-1264
12.9121451378	-1420
12.9121501446	-1316
12.9121849537	-1368
12.9122591019	-1420
12.9122941494	-1420
12.9122960567	-1264
12.9145359993	-1368
12.9254360199	543
12.9257040024	543
12.9272811413	543
12.9507780075	-1420
12.9507861137	-1420
12.9508299828	-1264
12.9986250401	-711
13.0148999691	543
13.0582020283	543
13.1108169556	-1368
13.1129219532	-1368
13.1135489941	-1368
13.1143779755	-1420
13.1144320965	-1316
13.1144461632	-1368
13.114825964	-1420
13.1148290634	-1316
13.1149680614	-1420
13.1149711609	-1316
13.1186389923	543
13.118778944	543
13.1190090179	543
13.1193301678	-1420
13.1193351746	-1420
13.1193759441	-1264
13.1450419426	-1420
13.145113945	-1420
13.1451179981	-1264
13.1453230381	543
13.2060861588	-678
13.3194551468	-1368
13.319920063	-1368
13.3200790882	-1368
13.3207600117	-1420
13.3207659721	-1316
13.3211171627	-1420
13.3211221695	-1316
13.3213610649	-1368
13.3221051693	-1368
13.3221559525	-1368
13.3234519958	-1420
13.3234570026	-1316
13.3235740662	-1368
13.3243551254	-1368
13.3262741566	-1368
13.3274590969	-1368
13.3278541565	-1368
13.3289921284	-1368
13.336053133	543
13.3362791538	543
13.3363640308	-1368
13.3504340649	-1368
13.3835310936	-694
13.4364171028	-1368
13.4372661114	-1368
13.4376151562	543
13.4462449551	-1420
13.446267128	-1316
13.5163660049	-899
13.6920471191	-1086
13.6941399574	543
13.6960990429	543
13.8417320251	-543
13.842867136	-1420
13.8429031372	-1316
13.8431079388	-1368
13.8431799412	-1420
13.8431830406	-1316
13.8438770771	-1368
13.8519330025	-1420
13.851981163	-1316
13.8521211147	-1368
13.8607959747	-1420
13.8608119488	-1316
13.8609640598	-1420
13.8609759808	-1316
13.8611030579	543
13.86156106	-1420
13.8615660667	-1316
13.8622291088	-1368
13.8622989655	543
13.862844944	-1420
13.8628499508	-1316
13.8643140793	-1420
13.8643190861	-1316
13.8649170399	-1420
13.864921093	-1316
13.8652729988	-1420
13.8652780056	-1420
13.8653190136	-1264
13.8655860424	-1420
13.8656101227	-1316
13.8692910671	-1420
13.8693470955	-1316
13.8696429729	-1420
13.8696770668	-1316
13.8754589558	-1368
13.8759980202	-1420
13.876003027	-1316
13.8771400452	-1420
13.8771460056	-1316
13.8772640228	543
13.8780441284	-1420
13.8780491352	-1316
13.8787810802	-1368
13.8790390491	-1368
13.8858361244	-1368
13.9109499454	-1420
13.9109950066	-1316
13.9746630192	-816
14.0033969879	-1420
14.0034141541	-1316
14.0034611225	-1420
14.0034639835	-1316
14.0035970211	-1368
14.0040171146	-1420
14.0040581226	-1316
14.0041120052	-1368
14.0043370724	-1420
14.0043411255	-1420
14.004376173	-1264
14.0072200298	-1420
14.0072619915	-1316
14.007392168	-1368
14.0154361725	543
14.0352320671	-1420
14.0352470875	-1420
14.0353009701	-1264
14.0454390049	543
14.0505940914	543
14.0649371147	543
14.1360239983	-736
14.3057789803	543
14.3167259693	-543
14.3261289597	1460
14.3261880875	111
14.3531990051	-543
14.4040441513	-1368
14.4042479992	-1420
14.4042880535	-1316
14.4044010639	543
14.4045670033	-1420
14.4045701027	-1420
14.4046089649	-1264
14.4060959816	-1420
14.4061379433	-1420
14.4061410427	-1264
14.4129841328	-1368
14.4386839867	-1420
14.4387309551	-1316
14.4496700764	-322
14.4583940506	543
14.6238379478	-543
14.6281161308	543
14.6656241417	543
14.6662230492	543
14.6895229816	1057
14.6897921562	1057
14.6911239624	-1368
14.6970009804	-1420
14.6970331669	-1316
14.6979081631	-1368
14.6996481419	-1368
14.7019879818	-1420
14.7020580769	-1316
14.7020609379	-1368
14.7082540989	-1368
14.7552940845	-1368
14.7565290928	-633
14.8828151226	-1368
14.8829481602	-1420
14.8830211163	-1316
14.8836791515	543
14.8848209381	-1368
14.8849241734	543
14.8883810043	543
14.8888969421	543
14.8891191483	-327
14.8910729885	-1368
14.8933830261	-1420
14.8933870792	-1420
14.8934249878	-1264
14.8937420845	-1420
14.8937699795	-1420
14.8937721252	-1264
14.8944280148	543
14.8944730759	-1420
14.8944749832	-1316
14.8949019909	-1420
14.8949069977	-1420
14.894947052	-1264
14.896048069	-1420
14.8960809708	-1316
14.8962769508	-1420
14.8963069916	-1316
14.8964071274	-1368
14.8971309662	-1420
14.8971371651	-1316
14.8978421688	-1420
14.8978481293	-1420
14.897906065	-1264
14.8979079723	-1368
14.8980481625	543
14.8996231556	-1368
14.8998830318	-1420
14.899930954	-1316
14.9014439583	-1368
14.9014720917	-1368
14.9016251564	-1368
14.9017269611	-1368
14.9021401405	-1420
14.9021780491	-1316
14.9091260433	543
14.9198219776	-1420
14.9198350906	-1420
14.9198889732	-1264
14.9270920753	-1368
14.927380085	543
14.9274990559	543
14.9283051491	-1368
14.9469881058	543
14.965692997	-1420
14.9657161236	-1316
15.0146391392	543
15.0238361359	-916
15.0756571293	543
15.076141119	543
15.0892219543	-1368
15.095359087	543
15.1188211441	543
15.1585140228	-1368
15.2138571739	-1036
15.2255871296	543
15.2257339954	543
15.3334100246	-1368
15.3336570263	543
15.3338069916	543
15.3867590427	-261
15.3869609833	543
15.433465004	-1420
15.4334831238	-1420
15.4335451126	-1264
15.4455111027	543
15.4457521439	543
15.4876639843	-1368
15.4890961647	543
15.4895319939	543
15.4908850193	543
15.5039510727	-1368
15.5041339397	543
15.5197031498	-1073
15.5216081142	-1368
15.5230960846	-1368
15.5364730358	1460
15.5365581512	111
15.5385291576	-1420
15.5385351181	-1316
15.6161110401	543
15.6323571205	-1368
15.6503241062	-1420
15.6503679752	-1316
15.6505391598	543
15.6544101238	-1081
15.6654660702	543
15.6809630394	-1368
15.6812541485	543
15.6958861351	-1368
15.6976139545	-1420
15.697674036	-1316
15.6999239922	-1368
15.7194640636	-1420
15.7194859982	-1316
15.7525451183	-1368
15.757433176	543
15.7634029388	543
15.7796640396	543
15.7984361649	-1420
15.7984471321	-1316
15.7985861301	-119
15.7987430096	543
15.7988770008	543
15.8473141193	-1368
15.9247629642	-1420
15.9247770309	-1420
15.9248330593	-1264
15.9250240326	543
15.9331741333	1057
15.9341449738	543
15.9425590038	-1368
15.9773380756	543
15.9801001549	-1131
15.9876160622	543
16.0321929455	-1368
16.0416650772	543
16.0423440933	543
16.0872321129	-1368
16.0874559879	543
16.0875170231	-1420
16.0875279903	-1420
16.0875301361	-1264
16.0956399441	-1368
16.1059811115	543
16.1130621433	-820
16.1131169796	543
16.1327359676	543
16.1346571445	543
16.1448090076	-1368
16.1449501514	-1368
16.1498081684	543
16.1659519672	-1368
16.1738591194	-1420
16.1739599705	-1420
16.1739730835	-1264
16.209387064	543
16.2156169415	543
16.2459039688	-1334
16.2655391693	543
16.2699401379	543
16.2716810703	543
16.3410451412	-1368
16.3454151154	543
16.3641700745	-1420
16.3641819954	-1420
16.3642401695	-1264
16.3722331524	-1368
16.3990161419	-1102
16.4009599686	543
16.4085199833	543
16.4571139812	543
16.4573831558	543
16.4675500393	-1368
16.4836950302	543
16.5176291466	-1368
16.5178999901	543
16.5180180073	543
16.5317339897	-1065
16.5354990959	-1368
16.5364899635	-1368
16.5487041473	543
16.549519062	543
16.5690960884	-1420
16.5691161156	-1316
16.6235160828	-1368
16.6237781048	543
16.6683740616	-1131
16.6694910526	543
16.7064621449	-1420
16.7064790726	-1420
16.7065351009	-1264
16.7073700428	-1368
16.7080709934	-1420
16.7080841064	-1420
16.7081229687	-1264
16.7150821686	-1420
16.7151250839	-1420
16.7151279449	-1264
16.7306611538	-1368
16.7314460278	-1368
16.7316451073	-1420
16.7316491604	-1420
16.7316889763	-1264
16.7393121719	-1420
16.7393741608	-1420
16.7393779755	-1264
16.7395591736	543
16.7654790878	-1420
16.7654931545	-1420
16.765556097	-1264
16.7796111107	-1368
16.7797839642	543
16.7879951	-1368
16.8014149666	-528
16.8106410503	-1368
16.8222539425	543
16.8300130367	543
16.8749389648	-1420
16.8749661446	-1316
16.9197461605	-1368
16.9207341671	543
16.9281570911	-1368
16.9341881275	-559
16.93542099	1057
17.0669391155	-543
17.0671100616	543
17.170634985	-1368
17.1712830067	543
17.1717131138	-1420
17.1717171669	-1316
17.1718599796	543
17.172342062	-1420
17.1723480225	-1420
17.1723899841	-1264
17.17289114	-1420
17.1729359627	-1420
17.1729390621	-1264
17.1789081097	-1420
17.1789269447	-1420
17.1789650917	-1264
17.1852669716	543
17.1951870918	-1420
17.1951930523	-1316
17.1993689537	-1368
17.1994531155	543
17.1996510029	-902
17.2019879818	-1368
17.2031280994	-1420
17.2031340599	-1420
17.2031750679	-1264
17.2036340237	-1420
17.2036681175	-1316
17.204198122	-1368
17.2045681477	-1420
17.2045710087	-1316
17.2057180405	-1420
17.2057211399	-1420
17.2057580948	-1264
17.2134699821	-1420
17.2135009766	-1316
17.2140719891	-1368
17.2149569988	-1420
17.2149600983	-1316
17.2153439522	-1368
17.2161121368	-1368
17.2174069881	-1420
17.2174100876	-1316
17.2214670181	-1368
17.2216491699	543
17.2218229771	543
17.2276940346	-1368
17.2279641628	-1368
17.2281980515	-1368
17.2285029888	-1368
17.2285320759	-1368
17.2322249413	-1420
17.2322640419	-1420
17.2322671413	-1264
17.2342939377	-1368
17.2348520756	543
17.2781460285	543
17.2942199707	-1368
17.3280920982	543
17.3286850452	-1368
17.3326499462	-987
17.3825750351	-1420
17.3825919628	-1420
17.3826470375	-1264
17.3826510906	-1368
17.3859331608	-1420
17.3859450817	-1420
17.3860020638	-1264
17.4143490791	-1368
17.4152641296	543
17.4657580853	-1139
17.4754340649	543
17.4965159893	543
17.5691521168	-1368
17.5755779743	543
17.5834650993	-1368
17.5844521523	-1420
17.5845069885	-1316
17.5850679874	-1420
17.5851120949	-1316
17.5852980614	-1368
17.5858221054	-1420
17.5858261585	-1316
17.5859489441	-1368
17.5869021416	-1420
17.5869290829	-1420
17.5869319439	-1264
17.5884530544	-1368
17.590430975	-1420
17.5904660225	-1420
17.5904691219	-1420
17.5905029774	-1212
17.5906009674	-1420
17.5906381607	-1316
17.590775013	543
17.5909171104	543
17.5911910534	1057
17.5942931175	-1420
17.5942981243	-1420
17.5943360329	-1264
17.5961620808	-1368
17.5963740349	-1420
17.596378088	-1316
17.5965621471	-1420
17.5965650082	-1420
17.596583128	-1264
17.5968780518	-1420
17.5969159603	-1420
17.5969190598	-1264
17.5984971523	-1269
17.5985651016	543
17.5987181664	-1420
17.598721981	-1316
17.5989351273	-1368
17.6015839577	-1420
17.6016221046	-1316
17.6038639545	-1420
17.6039130688	-1420
17.6039171219	-1264
17.6045019627	-1420
17.6045069695	-1316
17.6046299934	-1368
17.6048309803	-1420
17.604872942	-1420
17.6048760414	-1264
17.6053960323	-1420
17.6054010391	-1420
17.6054291725	-1264
17.6057021618	-1420
17.6057310104	-1316
17.6057901382	543
17.6058609486	-1368
17.6059360504	543
17.6061480045	-1420
17.6061530113	-1316
17.6061720848	-1368
17.6063270569	-1368
17.6064510345	-1368
17.6071679592	-1420
17.6071939468	-1316
17.607970953	-1420
17.6080091	-1420
17.608011961	-1264
17.6092410088	-1420
17.6092441082	-1420
17.6092810631	-1264
17.6094839573	-1420
17.6095080376	-1420
17.609511137	-1264
17.6102819443	-1420
17.6102859974	-1420
17.6103060246	-1264
17.6110651493	-1420
17.6111061573	-1420
17.6111080647	-1264
17.6112380028	543
17.611618042	-1420
17.6116321087	-1316
17.6133270264	-543
17.6149001122	-1420
17.6149029732	-1420
17.6149401665	-1264
17.6150200367	-1420
17.6150560379	-1316
17.615128994	-1368
17.6212151051	543
17.7316119671	-919
17.8125879765	-1368
17.8646359444	-804
17.8650319576	543
17.8767001629	1057
17.9617750645	-1420
17.9617919922	-1420
17.9618570805	-1264
17.9714610577	-1368
17.9716660976	543
17.9974460602	-870
17.999434948	543
18.1675920486	-1086
18.1678080559	543
18.1810679436	-1368
18.1894330978	-1368
18.1900091171	1460
18.1900701523	1139
18.1978480816	-1420
18.1978781223	-1420
18.1979310513	-1264
18.1980719566	-1368
18.2927720547	1460
18.2951271534	111
18.3008961678	-762
18.3073561192	543
18.3170881271	543
18.3214001656	1460
18.3214540482	625
18.3659119606	-1420
18.3659281731	-1316
18.3767960072	-1420
18.3768110275	-1420
18.3768670559	-1264
18.433216095	-1368
18.4334590435	-190
18.4356291294	543
18.4365980625	543
18.546790123	-1420
18.5468089581	-1316
18.5663771629	-435
18.5970070362	-1368
18.643695116	-1368
18.6450731754	1057
18.6869001389	-1368
18.6941850185	-1368
18.6948580742	543
18.69531703	543
18.6982240677	-1368
18.6991040707	-675
18.7072460651	1057
18.7639889717	-1368
18.8320541382	-775
18.8327021599	1057
18.8354129791	543
18.9650919437	-1086
19.0979011059	-1086
19.1614861488	-1368
19.1788511276	543
19.2708499432	-804
19.2710499763	543
19.2711889744	543
19.4437770844	-543
19.4446721077	543
19.5765020847	-543
19.5844559669	543
19.6714479923	-1368
19.6986830235	-1368
19.6994249821	-1368
19.7003951073	543
19.7008831501	-1420
19.7008881569	-1420
19.70093894	-1264
19.7018721104	543
19.748896122	-1334
19.7508561611	543
19.7514829636	543
19.8840000629	-543
19.8842840195	543
19.9549450874	-1420
19.9549620152	-1420
19.9550161362	-1264
19.961648941	-1368
19.9641849995	543
19.9903371334	-1368
19.9922921658	543
20.0345730782	-1368
20.0628349781	-248
20.0638720989	543
20.1955709457	-543
20.1957070827	543
20.2845871449	-1368
20.2930829525	-1420
20.2931320667	-1316
20.2936480045	-1420
20.2936730385	-1316
20.3475580215	-1368
20.349640131	543
20.35029006	1460
20.3503570557	625
20.3907620907	-277
20.3912191391	1460
20.391272068	625
20.4841201305	-1368
20.4966721535	543
20.5243370533	-261
20.710504055	-543
20.8432481289	-543
20.880808115	-1368
20.9279999733	543
20.9920649529	-1368
20.9995820522	543
21.0132901669	-493
21.3144631386	-543
21.4472661018	-1086
21.4475209713	543
21.5655310154	-543
21.644972086	-543
21.6541531086	-1420
21.6542010307	-1316
21.7537620068	-1420
21.7538421154	-1420
21.7538859844	-1264
21.7868261337	-414
21.7890911102	543
21.7952570915	543
21.9280130863	543
21.9281070232	543
21.9281630516	543
21.9858260155	-543
22.0203461647	-543
22.1520090103	-1368
22.1727590561	-232
22.2467479706	543
22.3130791187	543
22.3135170937	543
22.6850430965	543
22.8454620838	543
22.8753819466	543
22.9456009865	543
22.9479660988	543
23.0181889534	543
23.0187511444	543
23.0322949886	-543
23.0701551437	-1368
23.1650960445	-717
23.1664299965	543
23.1668729782	543
23.1672699451	543
23.1676609516	543
23.1900689602	543
23.1907579899	543
23.2157440186	543
23.282804966	543
23.2832860947	543
23.3018951416	-543
23.3379540443	-1368
23.4170000553	-1368
23.4172830582	1460
23.4173431396	1139
23.4174799919	1460
23.4175209999	1139
23.418792963	-1368
23.4200079441	-1420
23.4200439453	-1420
23.4200470448	-1264
23.4273719788	-1420
23.4273769855	-1420
23.4274160862	-1264
23.4531641006	-1420
23.4532320499	-1316
23.4537920952	-1368
23.4540150166	-1368
23.4544391632	-1420
23.4544811249	-1316
23.4544839859	-1420
23.4545190334	-1420
23.4545209408	-1264
23.4545919895	-1368
23.4546899796	-1368
23.454832077	-1420
23.454834938	-1316
23.4549510479	543
23.455078125	543
23.4615721703	-1420
23.4615869522	-1316
23.4616191387	-1420
23.4616210461	-1316
23.462138176	-1368
23.4708080292	-1420
23.4708571434	-1420
23.4708609581	-1420
23.470895052	-620
23.5507199764	-1420
23.5507380962	-1316
23.5528521538	-1420
23.5528581142	-1420
23.5529329777	-1420
23.5529360771	-1212
23.5529921055	-1420
23.5529949665	-1420
23.5530309677	-1264
23.5530331135	-1368
23.5602300167	-1420
23.5602390766	-1420
23.5603339672	-1420
23.5603370667	-1212
23.5603711605	-1420
23.5603740215	-1316
23.5606191158	543
23.5861110687	-1368
23.5861830711	-1420
23.586220026	-1420
23.5862231255	-1264
23.5868811607	-1420
23.5868840218	-1420
23.5869510174	-1264
23.5869619846	-1420
23.5870001316	-1420
23.587002039	-1264
23.587033987	-1420
23.5870361328	-1316
23.5871851444	-1420
23.5871880054	-1316
23.587293148	-1420
23.5872950554	-1420
23.5873291492	-1264
23.5873780251	-1368
23.5875091553	-1420
23.58751297	-1316
23.5875620842	-1420
23.5875649452	-1316
23.5876710415	-1368
23.6037700176	-460
23.6040861607	543
23.6042480469	543
23.6649980545	543
23.729197979	-1368
23.7296471596	543
23.7297940254	543
23.7366399765	-261
23.7367801666	543
23.7526381016	-1368
23.7528531551	543
23.7529809475	543
23.8052260876	-1368
23.8054959774	-1368
23.8153979778	543
23.8156270981	543
23.8157589436	543
23.8417949677	-1368
23.860514164	-1368
23.8608560562	543
23.8694419861	-161
23.8718860149	543
23.8986461163	543
23.9646761417	-1368
23.9666941166	-1368
23.9832391739	-1368
23.9844551086	-1368
23.9865710735	-1368
23.9868750572	-1368
23.9883100986	-1420
23.9883260727	-1316
23.9889111519	-1420
23.988918066	-1420
23.9889700413	-1264
23.9889719486	-1368
23.989700079	-1420
23.9897141457	-1316
23.9900579453	-1368
23.9906470776	-1368
23.99081707	-1420
23.9908189774	-1420
23.990860939	-1264
23.991590023	-1420
23.9916341305	-1420
23.9916369915	-1264
24.0114979744	-1420
24.0115139484	-1316
24.0116801262	543
24.0319550037	-963
24.032104969	543
24.0467801094	-1420
24.0467960835	-1420
24.0468530655	-1264
24.0523159504	-1368
24.0556271076	-1368
24.0557830334	-1368
24.0607311726	-1420
24.0607440472	-1420
24.0607960224	-1264
24.0687980652	543
24.0808401108	-1368
24.1068079472	-1368
24.1106240749	543
24.1152911186	-1420
24.1152951717	-1316
24.1161751747	543
24.1164190769	543
24.1361711025	543
24.1794800758	-583
24.1817641258	543
24.182557106	543
24.2142751217	-1368
24.2144761086	543
24.2321710587	-1368
24.2588641644	-1368
24.2608830929	543
24.2683410645	543
24.3118720055	-1368
24.31219697	-928
24.3373939991	-1420
24.3374111652	-1420
24.3374681473	-1264
24.3684489727	-1368
24.393020153	-1420
24.3930470943	-1316
24.4096260071	-1420
24.4096410275	-1316
24.4378809929	-1368
24.4451341629	-314
24.4740209579	-1368
24.4747099876	543
24.4954099655	543
24.4971649647	-1420
24.4971721172	-1420
24.4972281456	-1264
24.4979989529	-1420
24.4980549812	-1420
24.4980580807	-1264
24.5249459743	-1368
24.5674760342	-543
24.5778651237	-1197
24.587927103	543
24.5882060528	1057
24.668653965	543
24.7107160091	-1086
24.7536711693	-1368
24.7543849945	-1420
24.754390955	-1316
24.7544829845	543
24.7548999786	-1368
24.7551670074	-1420
24.7551910877	-1316
24.7552599907	-1368
24.7556910515	-1368
24.756029129	-1420
24.7561011314	-1316
24.7561039925	-1368
24.7637579441	-1420
24.7637741566	-1316
24.7855839729	543
24.80499506	-1368
24.8259251118	543
24.8625540733	-1368
24.8827171326	-135
25.055544138	1460
25.055629015	625
25.0654821396	1057
25.0681061745	543
25.0686740875	543
25.0691649914	543
25.0867171288	-543
25.0868740082	543
25.0953950882	1460
25.0954661369	1139
25.2195470333	-543
25.2197289467	543
25.2199840546	1460
25.2200291157	1139
25.2634570599	-1420
25.263479948	-1420
25.2635481358	-1264
25.2635500431	-1420
25.2636041641	-1316
25.2636070251	-1368
25.2679929733	543
25.268362999	1460
25.2684149742	1139
25.2712650299	-1420
25.2712700367	-1420
25.2713079453	-1264
25.2807190418	-1420
25.2807600498	-1316
25.2817111015	-1420
25.2817590237	-1420
25.2817621231	-1264
25.2827191353	-1420
25.28272295	-1420
25.282761097	-1264
25.2835040092	-1420
25.2835431099	-1420
25.2835450172	-1264
25.2869739532	-1420
25.2869901657	-1316
25.2870440483	-1420
25.2870471478	-1316
25.2875950336	-1420
25.2875990868	-1316
25.2885479927	-1420
25.2885520458	-1420
25.2885890007	-1264
25.2889530659	-1420
25.2889900208	-1420
25.2889931202	-1264
25.289055109	-1368
25.2940750122	-1368
25.2941360474	-1420
25.2941410542	-1316
25.2943911552	-1420
25.2943949699	-1420
25.2944641113	-1264
25.2944669724	-1368
25.2945599556	543
25.2947020531	-1420
25.2947061062	-1316
25.2950310707	-1368
25.2950670719	543
25.2952041626	543
25.2952711582	-1420
25.2952849865	-1316
25.2953460217	-1368
25.295855999	-1420
25.2959001064	-1316
25.2959029675	-1368
25.2961471081	-1420
25.2961521149	-1316
25.2965700626	-1368
25.2970869541	-1420
25.2971119881	-1316
25.2974491119	-1420
25.2974691391	-1420
25.2974710464	-1264
25.2982721329	-1420
25.2982771397	-1316
25.2984499931	543
25.3524291515	-1420
25.3524420261	-1316
25.3963410854	-1420
25.3963601589	-1420
25.39646101	-1420
25.3964641094	-1212
25.3965499401	-1420
25.3965530396	-1316
25.3965871334	-1420
25.3965899944	-1420
25.3966240883	-1264
25.3966259956	-1368
25.3968009949	543
25.3970000744	543
25.4016389847	-1420
25.4016611576	-1316
25.4040060043	-1302
25.4041810036	543
25.4043259621	543
25.408657074	1460
25.4087100029	1139
25.4088771343	1460
25.4089181423	1139
25.40914011	543
25.4096529484	543
25.4953291416	-1368
25.4955129623	543
25.4958300591	1460
25.4958751202	625
25.5302500725	-1420
25.5302629471	-1316
25.53729105	-211
25.5383720398	-1368
25.5706551075	-1368
25.571472168	-1368
25.5767130852	-1368
25.6273341179	-1368
25.6709899902	-161
25.6752140522	543
25.7041561604	-1368
25.7086131573	-1368
25.7125301361	-1368
25.7230041027	-1368
25.7263829708	-1368
25.7306480408	-1368
25.7394750118	-1368
25.7707829475	-1368
25.7856769562	543
25.8094451427	-1368
25.8104481697	-1368
25.8110711575	543
25.8115751743	543
25.815746069	-1368
25.8369419575	-1039
25.8466851711	543
25.8531460762	543
25.8656730652	543
25.8998301029	-1368
25.9133620262	-1420
25.9134171009	-1316
25.9189209938	-1368
25.9196310043	543
25.9201359749	543
25.9266309738	-1368
25.9447820187	-1368
25.9535260201	-1368
25.9699580669	-538
26.0586090088	-1420
26.0586271286	-1316
26.1197171211	-1368
26.1199691296	543
26.142922163	-1181
26.1430780888	543
26.1648659706	-1368
26.1885299683	543
26.1971819401	-1368
26.275714159	-1007
26.2796521187	543
26.3781850338	-1368
26.3954279423	543
26.4239740372	-1420
26.4239859581	-1316
26.4447641373	-1368
26.4548959732	-1368
26.4605660439	-16
26.4676749706	543
26.5715081692	543
26.5933830738	-543
26.6054241657	1057
26.6464860439	543
26.6655180454	1460
26.6656091213	111
26.6673710346	543
26.668118	543
26.6702921391	543
26.6918251514	-1420
26.6918439865	-1316
26.7002220154	-1368
26.7017440796	543
26.7088079453	-1420
26.7088279724	-1420
26.7088620663	-1264
26.7387120724	-219
26.856801033	-1368
26.860063076	543
26.9035191536	-1368
26.9037110806	-1368
26.9051170349	543
26.9062640667	543
26.9217269421	-211
26.9219281673	543
26.9335000515	543
26.9384901524	-1368
26.9844830036	-1368
26.9847409725	543
27.0081169605	1460
27.0081989765	111
27.0713939667	-522
27.0716431141	543
27.1480090618	-1368
27.1520271301	-1368
27.1547019482	-1420
27.154708147	-1420
27.1547520161	-1264
27.1549229622	543
27.1561989784	-1368
27.1564791203	-1368
27.1572699547	-1368
27.1578521729	-1368
27.1583030224	-1368
27.1589131355	-1368
27.1592960358	-1368
27.1621501446	543
27.1651301384	-1420
27.1651351452	-1316
27.1776230335	-1420
27.1776399612	-1316
27.1973209381	-1368
27.1979870796	-1420
27.1980390549	-1420
27.1980421543	-1264
27.2042319775	-549
27.2196850777	1057
27.3049640656	-1368
27.3071539402	543
27.3094511032	543
27.3103690147	1460
27.310418129	625
27.3370380402	-804
27.3460140228	-1420
27.3461470604	-1420
27.3461551666	-1264
27.3840460777	-1368
27.3842740059	-1420
27.3843231201	-1420
27.3843259811	-1264
27.3905410767	543
27.3918681145	-1368
27.3956160545	1460
27.3956861496	625
27.4700961113	-1197
27.4728040695	543
27.5843291283	-1368
27.603085041	-261
27.660228014	-1368
27.6609461308	543
27.6893179417	-1420
27.6893351078	-1420
27.6894450188	-1264
27.6909799576	-1420
27.6910829544	-1420
27.691090107	-1264
27.6915841103	-1420
27.6915960312	-1316
27.6923241615	-1420
27.6923360825	-1420
27.6923840046	-1264
27.6925480366	-1420
27.692595005	-1316
27.6925990582	-1420
27.6926341057	-1316
27.6929121017	543
27.6937689781	-1420
27.6937839985	-1420
27.693846941	-1264
27.6940920353	-1420
27.694188118	-1420
27.6941950321	-1264
27.6949510574	-1420
27.6949651241	-1420
27.6950240135	-1264
27.6952590942	-1420
27.6953520775	-1420
27.6953580379	-1264
27.6956739426	543
27.6963760853	-1420
27.696390152	-1316
27.6974220276	-1420
27.697437048	-1316
27.6974930763	-1420
27.6974980831	-1316
27.6980719566	-1368
27.6982440948	543
27.698428154	-1420
27.6984381676	-1420
27.6984810829	-1264
27.6989290714	-1420
27.6989970207	-1420
27.6990029812	-1264
27.6993141174	-1420
27.6993219852	-1420
27.6994121075	-1264
27.6999220848	-1420
27.6999900341	-1420
27.6999969482	-1264
27.7008180618	-1420
27.7008330822	-1316
27.7008900642	-1368
27.7014801502	-1420
27.7015321255	-1420
27.7015390396	-1264
27.7019400597	-1420
27.7019519806	-1316
27.7021729946	-1420
27.7021811008	-1316
27.7022249699	-1368
27.7025699615	-1420
27.7026641369	-1420
27.7026700974	-1264
27.7028851509	-1420
27.7028939724	-1420
27.7029340267	-1264
27.7033360004	-1420
27.7034270763	-1316
27.7041940689	-1420
27.7042911053	-1420
27.7042970657	-1264
27.7043790817	-1420
27.7043850422	-1420
27.7044661045	-1264
27.704939127	-1420
27.7050380707	-1420
27.7050459385	-1264
27.7051260471	-1368
27.7052960396	-1420
27.7053880692	-1316
27.7069599628	543
27.7074680328	543
27.707942009	543
27.7135901451	-1368
27.7360451221	-1420
27.7360801697	-1420
