0	543
6.89029693604e-05	543
0.642614841461	-543
0.803843975067	-543
0.999948978424	543
1.00001597404	543
1.00005102158	543
2.21886205673	-543
3.76397800446	1057
3.99964404106	543
4.09403586388	-543
4.09412884712	-1368
4.09557104111	-1368
4.09559893608	-1368
4.09562802315	-1368
4.0956530571	-1368
4.09796094894	-1368
4.09804201126	-1368
4.09932684898	-1368
4.09941291809	-1368
4.14691400528	-1368
4.14698600769	-1368
4.14699602127	-1368
4.14700484276	-1368
4.14814901352	-1368
4.14820384979	-1368
4.14821696281	-1368
4.14822292328	-1368
4.14822983742	-1368
4.14825201035	-1368
4.14826989174	-1368
4.14829683304	-1368
4.14922094345	543
4.15082883835	-1368
4.15087103844	-1368
4.15089392662	-1368
4.15090298653	-1368
4.15191102028	-1368
4.15194702148	-1368
4.15196800232	-1368
4.15197300911	-1224
4.20182394981	1368
4.20185804367	746
4.21361088753	1368
4.21624398232	1368
4.22084283829	-1057
4.25460004807	435
4.34637904167	1057
4.51332402229	-543
4.60991597176	-1368
4.61003804207	-1368
4.61005997658	-891
4.61007404327	-1368
4.61069989204	543
4.61784100533	1368
4.62485599518	-1368
4.62487387657	-1368
4.62489891052	-1368
4.65623092651	-1368
4.66019105911	-1368
4.66027283669	-1368
4.66033101082	-1368
4.66278886795	-1368
4.66284799576	-1368
4.66285800934	-1368
4.66286993027	-1368
4.6628780365	-1368
4.66291093826	-1368
4.66379499435	-699
4.66386198997	-1368
4.66389703751	232
4.66524791718	-1368
4.67763805389	-1368
4.70155096054	1368
4.72411489487	-1094
4.7254679203	-1368
4.72548103333	232
4.73564100266	-1368
4.73565602303	-1368
4.73660993576	-1368
4.73664188385	-1368
4.73666787148	-1368
4.76435995102	-1368
4.77800893784	-907
4.77807688713	543
4.83210086823	-1057
4.83212900162	1057
5.0756418705	-543
5.12161493301	-1368
5.15921592712	-1368
5.1624648571	1057
5.16544795036	-949
5.22577786446	-543
5.24572300911	-1368
5.26461696625	-1260
5.26704597473	543
5.31746792793	-543
5.39267301559	-1368
5.40879702568	-717
5.52572703362	-1368
5.52578091621	-1368
5.52581596375	-891
5.52582287788	-1368
5.52583384514	-1368
5.52584004402	-1368
5.52585291862	-1368
5.52680492401	543
5.52718901634	-1368
5.52746200562	-1368
5.52767586708	-1368
5.52785897255	-1368
5.5280418396	-1368
5.52821683884	-1368
5.52841305733	-1368
5.52899599075	-1368
5.52911305428	-1368
5.52913689613	-1368
5.57827091217	-1368
5.57832694054	-844
5.62110304832	-1368
5.62114286423	543
5.62116003036	-1368
5.63113284111	-377
5.76543593407	-1368
5.76549482346	-1368
5.76553702354	-891
5.8183350563	-1368
5.8568918705	-232
5.86948490143	543
5.95836901665	1086
6.22088885307	-543
6.31414985657	543
6.31432890892	1368
6.31461405754	1368
6.31462192535	1368
6.31508302689	1368
6.3150908947	1368
6.31520700455	1368
6.31521201134	1368
6.3163318634	1368
6.31715798378	1368
6.35750603676	-543
6.36621594429	1368
6.36622190475	1368
6.36634302139	1368
6.36634802818	380
6.59473800659	-1368
6.59476089478	-1368
6.59477901459	-891
6.61251401901	-1368
6.61264801025	-1368
6.61609983444	-1368
6.61617088318	-1368
6.61735796928	-1368
6.61739993095	-1368
6.61740899086	-1368
6.61860084534	-1368
6.64747905731	-1368
6.64751505852	-1368
6.64752197266	-1368
6.64754486084	-1368
6.6652610302	-1368
6.66535997391	-1368
6.6653740406	-1368
6.66538596153	-1368
6.66598701477	543
6.66887497902	-1368
6.66890287399	-1368
6.6689388752	-1368
6.66895699501	-1368
6.67032599449	-1368
6.67035102844	-1368
6.67037582397	-1368
6.67040395737	-1368
6.67043089867	-1368
6.6704659462	-1368
6.67049193382	-1368
6.67052102089	-1368
6.70021986961	-1368
6.70027899742	-1368
6.70031499863	-1368
6.70032000542	-1368
6.7003288269	-1368
6.70033502579	-1368
6.70035099983	-1368
6.70037794113	-1368
6.71929097176	-1368
6.71933889389	-1368
6.71938300133	-1368
6.71975588799	-1368
6.71998000145	-1368
6.72021102905	-1368
6.72040891647	-1368
6.72041893005	1086
6.72059988976	-1368
6.72092103958	-1368
6.72132492065	-1368
6.72169494629	-1368
6.72173905373	-1368
6.72177886963	-1368
6.7218208313	-1368
6.7218708992	-1368
6.72191500664	-1368
6.72196602821	-1368
6.72200989723	-1368
6.72271800041	-1368
6.72274184227	-1368
6.72277283669	-1368
6.72279882431	-1368
6.7228269577	-1368
6.72398090363	-1368
6.72400403023	-1368
6.72403287888	-1368
6.72406101227	-1368
6.72406888008	-213
6.72651386261	-1368
6.72655797005	-1368
6.72660684586	-1368
6.72664785385	-1368
6.72669792175	-1368
6.7278008461	-1368
6.75423693657	-1368
6.75426602364	-1368
6.75428700447	-1368
6.75431895256	-1368
6.75436592102	-1368
6.75441193581	-1368
6.75466489792	1368
6.75471782684	-1368
6.7549059391	-1368
6.75512194633	-1368
6.75532603264	-1368
6.75551199913	-1368
6.7559659481	-1368
6.7560198307	-1368
6.75604605675	-1368
6.75609183311	-1368
6.75619196892	-1368
6.77425885201	-1368
6.77434492111	-1368
6.77436685562	-1368
6.77437782288	-1368
6.77439188957	-1368
6.77440190315	-1368
6.77441287041	-1368
6.77442097664	-1368
6.77445888519	-1368
6.77448105812	-1368
6.77451586723	-1368
6.77546191216	-1368
6.77548789978	1318
6.77549386024	-1368
6.77550983429	-1368
6.7755420208	-1368
6.77556991577	-1368
6.77560591698	-1368
6.77563691139	-1368
6.77567005157	-1368
6.77568793297	-1368
6.77571702003	-1368
6.77575182915	-1368
6.77577900887	-1368
6.77671289444	-1368
6.77675294876	-1368
6.77678489685	-1368
6.77684688568	-1368
6.77688694	-1368
6.77715492249	-1368
6.77734994888	-1368
6.77753591537	-1368
6.77774786949	-1368
6.77792596817	-1368
6.77811789513	-1368
6.77870583534	-1368
6.7789349556	-1368
6.77897882462	-1368
6.77933096886	-1368
6.77953100204	-1368
6.77970004082	-1368
6.77986192703	-1368
6.78003287315	-1368
6.78019690514	-1368
6.78039193153	-1368
6.78059792519	-1368
6.78125786781	-1368
6.78133893013	-1368
6.78137588501	-1368
6.78144001961	-1368
6.78148388863	-1368
6.78173494339	-1368
6.78190302849	-1368
6.78206300735	-1368
6.78224802017	-1368
6.78240299225	-1368
6.78256392479	-1368
6.78272891045	-1368
6.78288602829	-1368
6.78304386139	-1368
6.78320002556	-1368
6.78335905075	-1368
6.78355693817	-1368
6.78374791145	-1368
6.78398895264	1356
6.78468799591	-1368
6.78483700752	-1368
6.78486704826	-1368
6.78488492966	-1368
6.78495693207	-1368
6.80464482307	1368
6.80931687355	-1368
6.80933594704	-1368
6.80935502052	-1368
6.80939292908	-1368
6.80940794945	-1368
6.81020784378	-1368
6.81023097038	-1368
6.81026005745	-1368
6.81028485298	-1368
6.81031394005	-1368
6.81036400795	-1368
6.81040287018	-1368
6.81044793129	-1368
6.81048488617	-1368
6.81270194054	-1368
6.81272697449	-1368
6.81275391579	-1368
6.81279993057	-1368
6.81284499168	-1368
6.81287288666	-1368
6.81370091438	1368
6.81422686577	-1368
6.81425786018	-1368
6.81428289413	-1368
6.81429100037	-1368
6.81432294846	-1368
6.81435489655	-1368
6.81438589096	-1368
6.81441402435	-1368
6.81443190575	-1368
6.81446099281	-1368
6.81524801254	-1368
6.81527495384	-1368
6.82748293877	-1368
6.82750988007	-1368
6.82752895355	-1368
6.82754397392	-1368
6.82756996155	-1368
6.8276040554	-1368
6.82763290405	-1368
6.827657938	-1368
6.82768893242	-1368
6.82771396637	-1368
6.82774806023	-1368
6.82871603966	-1368
6.82873296738	-218
6.83845090866	1309
6.8412399292	-1368
6.8413169384	-1368
6.84135985374	-1368
6.84137201309	-1368
6.84138393402	-1368
6.84222102165	-1368
6.8422498703	-1368
6.84227204323	-1368
6.84229683876	-1368
6.84353303909	-1368
6.84356403351	-1368
6.84358882904	-1368
6.84361290932	-1368
6.84364295006	-1368
6.84460496902	-1368
6.84462404251	-1368
6.84464001656	-1368
6.8446700573	-1368
6.84585595131	-1368
6.84591293335	-1368
6.84593105316	-1368
6.84596300125	-1368
6.84600687027	-1368
6.84603691101	-1368
6.84607005119	-1368
6.84721589088	-1368
6.84724402428	-1368
6.84846782684	-1368
6.84848999977	-1368
6.86538696289	-1368
6.86541986465	-1368
6.86543798447	-1368
6.86546802521	-1368
6.86667585373	-1368
6.86909890175	-1368
6.86912894249	-1368
6.87023305893	-1368
6.87033891678	-1368
6.87035393715	-1368
6.87037301064	-1368
6.87038087845	-1368
6.87039089203	-1368
6.87039804459	-1368
6.87115192413	1368
6.87136697769	-1368
6.87139391899	-1368
6.87142205238	-1368
6.8714530468	-1368
6.87147784233	-1368
6.87271094322	-1368
6.87275290489	-1368
6.87276005745	-1368
6.8727889061	-1368
6.87281489372	-1368
6.87284898758	-1368
6.87287592888	-1368
6.87290287018	-1368
6.87295198441	-1368
6.87300395966	-1368
6.87306499481	-1368
6.87372684479	-1368
6.87375402451	-1368
6.87378191948	-1368
6.87381887436	-1368
6.87386488914	-1368
6.87389397621	-1368
6.87500786781	-1368
6.87504386902	-1368
6.87506604195	-1368
6.87509989738	-1368
6.87511897087	-1368
6.87514901161	-1368
6.87860703468	-1368
6.87863302231	-1368
6.87980604172	-1368
6.87990999222	-1368
6.87992882729	-1368
6.87996482849	-1368
6.87998199463	-1368
6.88001298904	-1368
6.88013792038	1368
6.88109087944	-1368
6.88112688065	-1368
6.88117098808	-1368
6.88218903542	-1368
6.8822119236	-1368
6.88224196434	-1368
6.88226985931	-1368
6.88335204124	-1368
6.88336396217	-1368
6.88342285156	-1368
6.88468503952	-1368
6.88471388817	-1368
6.88474202156	-1368
6.88583397865	-1368
6.88587999344	-1368
6.88686084747	-1368
6.88930392265	-1368
6.88932991028	-1368
6.89047694206	-1368
6.89050292969	-1368
6.89052891731	-1368
6.89055800438	-1368
6.89058899879	-1368
6.89160895348	-1368
6.89163088799	-1158
6.89164304733	1065
6.89296603203	-1368
6.89320588112	-1368
6.89323997498	-1368
6.89410495758	-1368
6.89413785934	-1368
6.89416384697	-1368
6.8941988945	-1368
6.89526104927	-1368
6.8953139782	-1368
6.89532184601	-1368
6.89648199081	-1368
6.89650201797	-1368
6.89651703835	-1368
6.8965549469	-1368
6.89657282829	-1368
6.89760184288	-1368
6.89763593674	-1368
6.89764904976	-1368
6.89768195152	-1368
6.89769887924	-1368
6.8977329731	-1368
6.89775800705	-1368
6.89779090881	-1368
6.89841485023	1368
6.8987159729	-1368
6.89874100685	-1368
6.89876794815	-1368
6.89882493019	-1368
6.89885783195	-1368
6.89888501167	-1368
6.89891290665	-1368
6.89999103546	-1368
6.90008187294	-1368
6.90009188652	-1368
6.90010285378	-1368
6.90010905266	-1368
6.90012192726	-1368
6.90014386177	-1368
6.90109491348	-1368
6.9011528492	-1368
6.90148687363	-1368
6.9017059803	-1368
6.90190005302	-1368
6.90208482742	-1368
6.90227103233	-1368
6.90248203278	-1368
6.90299487114	-1368
6.90316486359	-1368
6.90319395065	-1368
6.90322899818	-1368
6.90326595306	-1368
6.90328884125	-1368
6.90334105492	-1368
6.90349698067	-1368
6.90353083611	-1368
6.90356492996	-1368
6.90362286568	-1368
6.90367484093	-1368
6.90370202065	-1368
6.92309403419	1368
6.9281668663	1368
6.92817902565	1368
6.9283118248	1368
6.92831802368	1368
6.94437193871	-1225
6.94447588921	1363
6.99705600739	-543
6.99712586403	1057
7.05525994301	-1368
7.05529403687	543
7.05530786514	-1368
7.0553150177	-891
7.05627298355	-1368
7.05630397797	-1368
7.05633997917	-1368
7.05735898018	-1368
7.05739402771	-1368
7.05742096901	-1368
7.05745196342	-1368
7.05750584602	-1368
7.05869293213	-1368
7.05872392654	-1368
7.0587580204	-1368
7.05879282951	-1368
7.05882000923	-1368
7.0588619709	-1368
7.05888104439	-1368
7.05986690521	-1368
7.0598988533	-1368
7.05992484093	-1368
7.05995583534	-1368
7.05998182297	-1368
7.06099390984	-1368
7.06103587151	-1368
7.06111097336	-1368
7.06112790108	-1368
7.06229090691	-1368
7.06233406067	-1368
7.0623729229	-1368
7.063341856	-1368
7.06339502335	-1368
7.06340289116	-1368
7.06341791153	-1368
7.06344294548	-1368
7.06347894669	-1368
7.08646702766	-1368
7.08655405045	-1368
7.08760404587	-1368
7.08764886856	-1368
7.08765983582	-1368
7.08768296242	-1368
7.08770489693	-1368
7.08812689781	1368
7.08871603012	-1368
7.08874201775	-1368
7.08876800537	-1368
7.0888068676	-1368
7.0888209343	-1368
7.08998703957	-1368
7.09001588821	-1368
7.09121394157	-1368
7.09124302864	-1368
7.0912668705	-1368
7.09130191803	-1368
7.09131789207	-1368
7.10818886757	-268
7.10823988914	804
7.15503883362	-1368
7.15515184402	-1368
7.15622186661	-1368
7.15625596046	-1368
7.15752387047	-1368
7.15758395195	-1368
7.15760803223	-1368
7.15875101089	-1368
7.15881204605	-1368
7.16002297401	-1368
7.16007184982	-1368
7.16116285324	-517
7.16122698784	-1368
7.16126298904	-1368
7.16382884979	-1368
7.16395282745	-1368
7.16497802734	-1368
7.16500282288	-1368
7.16502594948	-1368
7.16560983658	543
7.16647696495	-1368
7.16652297974	-1368
7.16748189926	-1368
7.16751289368	-1368
7.16870999336	-1368
7.17500400543	-1368
7.17521095276	-1368
7.17997503281	-1368
7.17999601364	-1368
7.18000292778	-1368
7.18110203743	-1368
7.18114304543	-1368
7.18117189407	-1368
7.18235301971	-1368
7.18239998817	-1368
7.18240594864	-1368
7.18242383003	-1368
7.18244695663	-1368
7.18248295784	-1368
7.18360185623	-1368
7.18362402916	-1368
7.18364095688	-1368
7.18488502502	-1368
7.18513989449	1368
7.1862308979	-1368
7.18627595901	-1368
7.18631005287	-1368
7.1863489151	-1368
7.18636488914	-1368
7.21344995499	-444
7.21496295929	-1368
7.23727297783	261
7.26613688469	-203
7.29627203941	-1368
7.2963039875	543
7.29631900787	-1368
7.29632592201	-1368
7.29633784294	-1368
7.29634094238	-1368
7.29748487473	-1368
7.29750585556	-1368
7.29752182961	-1368
7.29753494263	-1368
7.2975628376	-1368
7.29759597778	-1368
7.29762387276	-1368
7.29764890671	-1368
7.29767799377	-1368
7.29881095886	-1368
7.29893183708	-1368
7.29895091057	-1368
7.2991130352	-1368
7.29930305481	-1368
7.29951882362	-1368
7.29970788956	-1368
7.30012488365	-1368
7.30029582977	-1368
7.30036497116	-1368
7.30071997643	-1368
7.3008890152	-1368
7.30107402802	-1368
7.3012650013	-1368
7.30139183998	-1368
7.30155205727	-1368
7.30175900459	-1368
7.30194282532	-1368
7.30271291733	-1368
7.30288600922	-1368
7.30291891098	-1368
7.30293488503	-1368
7.302973032	-1368
7.30298805237	-1368
7.30304503441	-1368
7.30314993858	-1368
7.30320096016	-1368
7.30322098732	-1368
7.30325484276	-1368
7.30327296257	-1368
7.30370187759	-1368
7.30374002457	-1368
7.30377197266	-1368
7.30383300781	-1368
7.30404305458	-1368
7.30421590805	-1368
7.30437493324	-1368
7.30458688736	-1368
7.30473995209	-1368
7.30490994453	1348
7.30492591858	-1368
7.30548501015	-1368
7.30570888519	-1368
7.30573892593	-1368
7.30582904816	-1368
7.30587291718	-1368
7.3061029911	-1368
7.30629491806	-1368
7.30649089813	-1368
7.30680894852	-1368
7.30696487427	-1368
7.3069870472	-1368
7.30701398849	-1368
7.30706191063	-1368
7.30710601807	-1368
7.30735588074	-1368
7.30736589432	1356
7.30751895905	-1368
7.30771803856	-1368
7.30793404579	-1368
7.30831384659	-1368
7.30845689774	-1368
7.30848383904	-1368
7.30885195732	-1368
7.3088889122	-1368
7.30891895294	-1368
7.30894684792	-1368
7.30897498131	-1368
7.30901002884	-1368
7.30903196335	-1368
7.3100938797	-1368
7.31012105942	-1368
7.31014800072	-1368
7.31017303467	-1368
7.31020402908	-1368
7.31023383141	-1368
7.31027984619	-1368
7.3103158474	-1368
7.31147503853	-1368
7.31152296066	-1368
7.31156897545	-1368
7.31161689758	-1368
7.31166386604	-1368
7.3117108345	-1368
7.31175088882	-1368
7.31226992607	1368
7.31259989738	-1368
7.31262183189	-1368
7.31264185905	-1368
7.31270194054	-1368
7.31273603439	-1368
7.31277489662	-1368
7.31279087067	-1368
7.31393098831	-1368
7.31418585777	-1368
7.31425094604	-1368
7.31884098053	-1368
7.32009792328	-1368
7.32013082504	-1368
7.3201520443	-1368
7.32017087936	-1368
7.32019901276	-1368
7.3202290535	-1368
7.32025790215	-1368
7.32142686844	-1368
7.32145404816	-1368
7.3215098381	-1368
7.3215379715	-1368
7.32156395912	-1368
7.32159304619	-1368
7.32259082794	-1368
7.32261395454	-1368
7.32385182381	-1368
7.32389903069	-1368
7.32392382622	-1368
7.32395386696	-1368
7.32509303093	-1368
7.32511687279	-1368
7.32514405251	-1368
7.32518005371	-1368
7.32519698143	-1368
7.32522988319	-1368
7.32525587082	-1368
7.32576584816	1368
7.32645392418	-1368
7.32656693459	-1368
7.32660484314	-1368
7.32663083076	-1368
7.32665896416	-1368
7.32758688927	-1368
7.3276078701	-1368
7.32763886452	-1368
7.32766199112	-1368
7.32769083977	-1368
7.32772183418	-1368
7.32881999016	-1368
7.32885503769	-1368
7.32888698578	-1368
7.32891201973	-1368
7.33032202721	-1368
7.33035302162	-1368
7.33039093018	-1368
7.33042788506	-1368
7.3304579258	-1368
7.33048892021	-1368
7.3305170536	-1368
7.33262705803	-1368
7.33672189713	-1368
7.33674287796	-1368
7.33678483963	-1368
7.33680105209	-1368
7.33682990074	-1368
7.33904504776	-1368
7.33906984329	-1368
7.34141397476	-1368
7.34162998199	-1368
7.34169697762	-1368
7.34184193611	1368
7.34888982773	-314
7.34890699387	251
7.40068888664	543
7.42305994034	-1057
7.42309594154	-1368
7.42312288284	-1368
7.42315101624	-1368
7.42317795753	-1368
7.42321205139	-1368
7.42359685898	-1368
7.42443585396	-1368
7.42450594902	-1368
7.42453098297	-1368
7.42457699776	-1368
7.42520284653	-1368
7.42539405823	-1368
7.42561197281	-1368
7.42581605911	-1368
7.42614603043	-1368
7.42631697655	-1368
7.42633485794	-1368
7.42638683319	-1368
7.42643094063	-1368
7.42646288872	-1368
7.42659902573	-1368
7.42669796944	-1368
7.42674088478	-1368
7.42683792114	-1368
7.42687082291	-1368
7.42785596848	-1368
7.42788100243	-1368
7.42791104317	-1368
7.42795491219	-1368
7.42802405357	-1368
7.42805504799	-1368
7.42810201645	-1368
7.428139925	-1368
7.42919588089	-1368
7.42942500114	-1368
7.42947888374	-1368
7.42951202393	-1368
7.42955183983	-1368
7.42957687378	-1368
7.42961287498	-1368
7.4296309948	-1368
7.42977905273	1368
7.43523001671	-1368
7.43524694443	-1368
7.4352710247	-1368
7.476115942	-671
7.47614789009	261
7.55686283112	-1368
7.55688595772	-203
7.64902901649	-543
7.65034389496	-1368
7.6503739357	-1368
7.65040183067	-1368
7.65535402298	-1368
7.65537905693	-1368
7.65670084953	-1368
7.65673398972	-1368
7.65675401688	-1368
7.65678882599	-1368
7.65680503845	-1368
7.65783286095	-1368
7.65786004066	-1368
7.65788888931	-1368
7.65791702271	-1368
7.69435882568	-1368
7.69438791275	-1368
7.69439387321	-1368
7.69442486763	-1368
7.69444990158	-1368
7.69448399544	-1368
7.69451189041	-1368
7.69480705261	543
7.69558787346	-1368
7.69561386108	-1368
7.69563984871	-1368
7.6956679821	-1368
7.69569897652	-1368
7.69572901726	-1368
7.69575595856	-1368
7.69578385353	-1368
7.69580984116	-1368
7.69583702087	-1368
7.69587302208	-1368
7.69683003426	-1368
7.69686388969	-1368
7.69688200951	-1368
7.69690990448	-1368
7.69727087021	-1368
7.69838404655	-1368
7.69844484329	-1368
7.69847393036	-1368
7.69849991798	-1368
7.6985449791	-1368
7.69883298874	-1368
7.69902682304	-1368
7.69921803474	-1368
7.69928693771	-1368
7.70305991173	-1019
7.72459101677	-1368
7.7380759716	1368
7.75570297241	-203
7.75574088097	775
7.80722689629	-1368
7.80965900421	-203
7.94164299965	1057
7.94823288918	1368
7.99954795837	543
8.00032782555	746
8.1974439621	-543
8.30568695068	-1368
8.30572295189	-1368
8.30573105812	-377
8.30675792694	-1368
8.31044793129	-1368
8.31047201157	-1368
8.31073999405	543
8.31196784973	-1368
8.31313204765	-1368
8.31314992905	-1368
8.31317305565	-1368
8.31423401833	-1368
8.31424593925	-1368
8.31429004669	-1368
8.31432700157	-1368
8.31545686722	-1368
8.31547904015	-1368
8.315502882	-1368
8.31684684753	-1368
8.31686592102	-1368
8.31688404083	-1368
8.31690597534	-1368
8.31833291054	-1368
8.31844687462	-1368
8.31847286224	-1368
8.31851482391	-1368
8.31855297089	-1368
8.31870698929	1368
8.31924295425	-1368
8.32044887543	-1368
8.32047486305	-1368
8.32050585747	-1368
8.32053184509	-1368
8.32056283951	-1368
8.32183599472	-1368
8.32184886932	-1368
8.32186293602	-1368
8.32189488411	-1368
8.32192087173	-1368
8.3219628334	-1368
8.32298398018	-1368
8.3230009079	-1368
8.32422304153	-1368
8.32423591614	-1368
8.32426095009	-1368
8.32428884506	-1368
8.32431483269	-1368
8.32435584068	-1368
8.32437491417	-1368
8.32545685768	-1368
8.32548499107	-1368
8.32551503181	-1368
8.32554197311	-1368
8.32556986809	-1368
8.32672595978	-1368
8.32674884796	-1368
8.32678794861	-1368
8.32682991028	-1368
8.32687282562	-1368
8.34944105148	-1368
8.35794901848	-189
8.3643989563	1347
8.38585591316	-1368
8.38696503639	-1368
8.38700389862	-1368
8.38701987267	-1368
8.38820290565	-1368
8.38822698593	-1368
8.38957691193	-1368
8.38961696625	-1368
8.38964295387	-1368
8.38967299461	-1368
8.38970589638	-1368
8.38973283768	-1368
8.41704392433	-749
8.4170730114	543
8.42829203606	-1368
8.42837786674	-1368
8.42843103409	-1368
8.42843794823	-1368
8.42844986916	-1368
8.42845582962	-1368
8.42949390411	-1368
8.42952895164	-1368
8.42955303192	-1368
8.42955899239	-1368
8.42958593369	-1368
8.42963504791	-1368
8.42967987061	-1368
8.42971587181	-1368
8.43069696426	-1368
8.43072104454	-1368
8.43074703217	-1368
8.45192289352	-1368
8.45198082924	-1368
8.4532418251	-1368
8.45341992378	-1368
8.45343899727	-1368
8.46918487549	-578
8.46927905083	543
8.55752396584	1368
8.55855584145	232
8.61020994186	-543
8.6111779213	1057
8.65387296677	1368
8.66422104836	746
8.72881793976	-543
8.84328103065	-543
8.98243784904	-1057
8.98395586014	543
8.99222302437	-1368
8.9922440052	-1368
8.99225997925	-1368
8.99344086647	-1368
8.99346494675	-1368
9.00076389313	-1368
9.00088000298	-1368
9.00090098381	-1368
9.00320982933	-1368
9.0032248497	-1368
9.00325083733	-1368
9.00328183174	-1368
9.0042309761	-1368
9.00424599648	-1368
9.00425982475	-1368
9.00429582596	-1368
9.00431394577	-1368
9.00545096397	-1368
9.00547885895	-1368
9.00550794601	-1368
9.0055308342	-1368
9.03235197067	-1368
9.0323779583	-1368
9.03239798546	-1368
9.03345990181	-1368
9.03348493576	-1368
9.03351187706	-1368
9.0335419178	-1368
9.03356790543	-1368
9.03360104561	-1368
9.03479886055	-1368
9.03713488579	-863
9.03714585304	543
9.03780889511	1368
9.06150197983	-1368
9.06154990196	-1368
9.06273698807	-1368
9.06276893616	-1368
9.08906602859	-754
9.08912682533	261
9.10743689537	-1368
9.10750699043	-1368
9.14157700539	-891
9.14191389084	543
9.23348093033	-1368
9.23352789879	-1368
9.23357796669	-891
9.33648085594	-543
9.33654284477	-1368
9.33659005165	-1368
9.33660292625	-1368
9.33787989616	-1368
9.33790493011	-1368
9.33792996407	-1368
9.33793783188	-1368
9.33909583092	-1368
9.33911585808	-1368
9.33913803101	-1368
9.33917999268	-1368
9.33920288086	-1368
9.34033489227	-1368
9.34038305283	-1368
9.34039092064	-1368
9.34040284157	-1368
9.34144592285	-1368
9.34149098396	-1368
9.34150385857	-1368
9.34152293205	-1368
9.34155082703	-1368
9.34207701683	543
9.34271597862	-1368
9.34274792671	-1368
9.34277391434	-1368
9.34279584885	-1368
9.34281897545	-1368
9.34285783768	-1368
9.34397888184	-1368
9.34400701523	-1368
9.34403085709	-1368
9.34406399727	-1368
9.34408402443	-1368
9.3441119194	-1368
9.34535384178	-1368
9.34541893005	-1368
9.34544897079	-1368
9.34546399117	-1368
9.34547901154	-1368
9.34549283981	-1368
9.34550690651	-1368
9.34667801857	-1368
9.34773683548	-1368
9.39032888412	-584
9.43516802788	1086
9.46219396591	-1368
9.48284602165	-203
9.51786589622	-1368
9.51791095734	-1368
9.51795005798	-1368
9.5179579258	-1368
9.51911592484	-1368
9.51914095879	-1368
9.51916503906	-1368
9.51960802078	-1368
9.51982498169	-1368
9.51999187469	-1368
9.52031803131	-1368
9.52043294907	-1368
9.52049183846	-1368
9.52053594589	-1368
9.52059483528	-1368
9.52072787285	-1368
9.52135586739	-1368
9.52140283585	-1368
9.52143788338	-1368
9.52262997627	-1368
9.5226650238	-1368
9.52268385887	-1368
9.52385282516	-1368
9.52388691902	-1368
9.52390003204	-1368
9.53459501266	-159
9.56540298462	-1368
9.56543183327	-1368
9.56545686722	-1368
9.56571388245	543
9.5764939785	-1368
9.58756899834	-1297
9.61714696884	1368
9.61720299721	1368
9.64954400063	1368
9.66666793823	638
9.80036282539	1057
9.80764889717	1368
9.85228800774	1289
10.035351038	-543
10.0416009426	1057
10.1664848328	-543
10.1975908279	-1368
10.197619915	-1368
10.1976418495	-1368
10.2024438381	-1368
10.2024619579	-1368
10.2028470039	543
10.2039120197	-1368
10.203938961	-1368
10.2039749622	-1368
10.20399189	-1368
10.204020977	-1368
10.2040510178	-1368
10.2050819397	-1368
10.2051119804	-1368
10.2062008381	-1368
10.2062239647	-1368
10.2062530518	-1368
10.2062819004	-1368
10.2063109875	-1368
10.2075309753	-1368
10.2075479031	-1368
10.2075788975	-1368
10.2076039314	-1368
10.2076289654	-1368
10.2076640129	-1368
10.2086999416	-1368
10.2087700367	-1368
10.208781004	-1368
10.2087910175	-1368
10.2087960243	-1368
10.2088320255	-1368
10.2088668346	-1368
10.2099568844	-1368
10.209980011	-1368
10.2211649418	1368
10.233579874	-1368
10.2335999012	-1368
10.2348148823	-1368
10.2348399162	-1368
10.2423460484	-1368
10.2435560226	-1368
10.2436878681	-1368
10.2437138557	-1368
10.2448430061	-1368
10.2448658943	-1368
10.2449350357	1368
10.2459859848	-1368
10.2485108376	-1368
10.2486958504	-1368
10.249737978	-1368
10.2498209476	-1280
10.2597808838	1368
10.2657568455	-1368
10.2657799721	153
10.2657868862	-1368
10.291465044	-1368
10.2915129662	-1368
10.2915329933	-1368
10.300372839	1368
10.3025119305	1368
10.3124530315	-1368
10.3124659061	-675
10.3260600567	-1368
10.326086998	1007
10.3643448353	-1289
10.4274430275	-1368
10.4370758533	1057
10.4684319496	-232
10.5638399124	-1368
10.5638608932	-203
10.5650720596	-1368
10.5650999546	-1368
10.5651240349	-1368
10.5651528835	-1368
10.5663309097	-1368
10.5663568974	-1368
10.5717630386	543
10.6164748669	-1189
10.6251499653	1057
10.629119873	-1368
10.6781818867	-1260
10.6943528652	-1368
10.700619936	543
10.7306668758	-232
10.7444720268	-1368
10.7445578575	-1368
10.7483329773	-1368
10.7483508587	-1368
10.7483839989	-1368
10.7484009266	-1368
10.7494258881	-1368
10.759691	-1368
10.7596988678	1086
10.7597079277	-1368
10.7895300388	1368
10.7910768986	-1368
10.7911019325	-1368
10.7911260128	-1368
10.7936320305	1368
10.7971608639	-836
10.8206989765	1368
10.842181921	153
10.8735940456	-1057
10.8772728443	1368
10.9293079376	232
10.9481918812	-1368
10.948251009	-1368
10.9482929707	-891
10.9536039829	1368
11.0093228817	232
11.0628259182	-543
11.0913579464	-1368
11.0913939476	-1368
11.0914008617	-1368
11.0914218426	-1368
11.0914478302	-1368
11.092692852	-1368
11.1059389114	543
11.1298799515	-1368
11.1298959255	-1368
11.135504961	1368
11.1444540024	-1139
11.1463229656	1368
11.1583850384	1368
11.1777279377	-1368
11.1777629852	667
11.198636055	-1289
11.2010400295	-1368
11.201061964	-1368
11.2192268372	-1368
11.2530989647	-1123
11.2531239986	1086
11.2919499874	-1368
11.3053560257	-232
11.3053820133	1086
11.3577289581	-1368
11.3590848446	-1260
11.3949568272	543
11.4057939053	-1368
11.4117529392	-203
11.421710968	-1368
11.464345932	-1260
11.4698150158	543
11.4912269115	-1368
11.5070579052	-1368
11.5167620182	-1036
11.520624876	-1368
11.527755022	-1368
11.5278520584	543
11.5733070374	-435
11.5740580559	1368
11.5868558884	1368
11.6001169682	-1368
11.6001329422	464
11.6001410484	-1368
11.6268758774	-406
11.6524629593	1086
11.679404974	-543
11.7312610149	-1368
11.7324638367	-1368
11.7325189114	-1368
11.7325549126	-1368
11.7325868607	-1368
11.7326118946	-1368
11.7326478958	-1368
11.7326729298	-1368
11.7338359356	-1368
11.7338728905	-1368
11.7339069843	-1368
11.7339169979	-1368
11.7339339256	-1368
11.7341990471	543
11.7342150211	-1368
11.7344510555	-1368
11.7346379757	-1368
11.7347960472	-1368
11.7350008488	-1368
11.7355020046	-1368
11.7509579659	-1368
11.7782819271	-1287
11.7804069519	1368
11.7809510231	1368
11.781193018	1368
11.834197998	696
11.8546860218	-1368
11.8547258377	-203
11.8643598557	-1368
11.9075770378	-232
11.9076738358	543
11.9798309803	-1057
11.9823949337	1057
12.0355010033	-1057
12.0393798351	543
12.0950958729	-543
12.1563329697	-1368
12.1563620567	-1368
12.1569719315	1057
12.1613788605	-1368
12.1628038883	-1368
12.1656320095	1368
12.1774439812	1368
12.1851458549	-327
12.1900968552	-1368
12.1901838779	-1368
12.193833828	-1368
12.1938610077	-1368
12.1950728893	-1368
12.1950900555	-1368
12.2000799179	-1368
12.2090008259	-1368
12.2176430225	464
12.236440897	-1368
12.2364718914	-1368
12.2376759052	-1368
12.2377018929	-1368
12.2377250195	-1368
12.2391068935	-1368
12.2391269207	-1368
12.2391569614	-1368
12.2391929626	-1368
12.2392189503	-1368
12.2392539978	-1368
12.2392799854	-1368
12.2393088341	-1368
12.2393360138	-1368
12.239372015	-1368
12.239413023	-1368
12.2403218746	-1368
12.2403490543	-1368
12.240377903	-1368
12.2404270172	-1368
12.2406718731	1368
12.2407288551	-1368
12.2409539223	-1368
12.241163969	-1368
12.2414829731	-1368
12.2417190075	-1368
12.2417519093	-1368
12.2420330048	-1368
12.2422130108	-1368
12.2423830032	-1368
12.2425489426	-1368
12.2427208424	-1368
12.2428889275	-1368
12.2430870533	-1368
12.2432889938	-1368
12.2438700199	-1368
12.2441749573	-1368
12.2442548275	-1368
12.2442598343	-447
12.2443258762	-1368
12.2443509102	1368
12.2940909863	1036
12.2969708443	-1231
12.3231139183	-1368
12.3232660294	-1368
12.3494269848	-377
12.3494570255	1086
12.3721609116	-1368
12.4009728432	-1368
12.4010100365	-1368
12.4010150433	-1368
12.4010410309	-1368
12.4010658264	-1368
12.4011018276	-1368
12.4020779133	-335
12.4022488594	543
12.4610569477	-1057
12.4802470207	543
12.5715520382	1057
12.5756428242	-1368
12.5756709576	-203
12.6282298565	-1086
12.6293718815	1057
12.6556890011	-1368
12.6557149887	-1368
12.6818709373	-406
12.6819779873	1057
12.6908109188	-1368
12.7285149097	1368
12.7346270084	-746
12.7347500324	203
12.736700058	1368
12.7441990376	1368
12.7868118286	406
12.8044679165	-1368
12.8044939041	-1368
12.8045108318	-891
12.8107180595	1368
12.8633739948	232
12.8798019886	-543
12.8798480034	-1368
12.8798780441	-1368
12.8799049854	-1368
12.8810899258	-1368
12.8811199665	-1368
12.8811399937	-1368
12.8821778297	-1368
12.88220191	-1368
12.8822278976	-1368
12.8822619915	-1368
12.8822789192	-1368
12.8826549053	1368
12.8861179352	-1368
12.8861808777	-1368
12.8862118721	-1368
12.8862190247	-1368
12.8872368336	-1368
12.8872768879	-1368
12.8872990608	-1368
12.8873050213	-1368
12.8873128891	-1368
12.8873398304	-1368
12.8873579502	-1368
12.8885679245	-1368
12.8888039589	-1368
12.8897199631	-1368
12.8897788525	-1368
12.8897869587	-1368
12.8897969723	-1368
12.8898010254	-1368
12.8909549713	-1368
12.8909850121	-1368
12.8910038471	-1368
12.8915200233	1368
12.8946919441	-1368
12.8959870338	-1368
12.8960859776	-1368
12.8960978985	-1368
12.8975720406	-1368
12.8976318836	-1368
12.8987360001	-1368
12.8987879753	-1368
12.8988189697	-1368
12.8988249302	-1368
12.8988349438	-1368
12.8988678455	-1368
12.8988978863	-1368
12.8996698856	-1368
12.8997018337	-1368
12.8997299671	-1368
12.8997478485	-1368
12.8997759819	-1368
12.8998088837	-1368
12.9009430408	-543
12.9010579586	-1368
12.9100120068	-1368
12.9100708961	-1368
12.910107851	-1368
12.9101400375	-1368
12.9101798534	-1368
12.9102139473	-1368
12.9110560417	-1368
12.9110798836	-1368
12.9111068249	-1368
12.9111349583	-1368
12.9111628532	-1368
12.9111950397	-1368
12.9123280048	-1368
12.9325180054	-1368
12.9326460361	1036
12.9326839447	-1368
12.9327049255	-1368
12.9327280521	-1368
12.93273592	-1368
12.9327478409	-1368
12.9327549934	-1368
12.932765007	-1368
12.9335649014	-1368
12.9336369038	-1368
12.93364501	-1368
12.9336578846	-1368
12.9348380566	-1368
12.9348900318	-912
13.0235979557	1086
13.0332429409	-1368
13.0332958698	-1368
13.0339999199	-377
13.0781788826	-1368
13.0868108273	-1289
13.0905518532	-1368
13.0906898975	-1368
13.0907149315	-1368
13.1103279591	543
13.1249680519	-1368
13.1324310303	-1368
13.132491827	-1368
13.1395759583	-190
13.1497900486	-1368
13.1498949528	-1368
13.1926438808	-377
13.1926999092	1086
13.264770031	-1368
13.2648620605	-203
13.2736558914	543
13.3175239563	-1086
13.3790099621	-1368
13.3801219463	-1368
13.3901019096	-1368
13.3901529312	-1368
13.4089848995	-1326
13.4934959412	-1368
13.49355793	-203
13.5597379208	-1368
13.5597920418	-203
13.5598258972	-1368
13.6084690094	-1368
13.6101748943	1368
13.6103138924	717
13.6122038364	-920
13.7215018272	-1368
13.7263929844	-232
13.737664938	543
13.79260993	1057
13.8293738365	-543
13.8979308605	-543
13.9894258976	-543
14.1262040138	-543
14.1272490025	543
14.2777659893	-543
14.2780580521	543
14.4447238445	-1368
14.4447729588	-203
14.4701609612	1057
14.6814439297	-543
14.773679018	1057
14.79368186	1368
14.826638937	746
14.9577019215	-543
14.9873690605	1057
15.0722620487	-1368
15.0722868443	-1368
15.0723090172	-891
15.1012539864	543
15.153637886	-1057
15.1616299152	543
15.1670608521	-1368
15.1792578697	-543
15.1973538399	-1368
15.1973948479	-1368
15.1974079609	-1368
15.1985809803	-1368
15.1986420155	-1368
15.1986789703	-1368
15.1986980438	-1368
15.1987450123	-1368
15.198786974	-1368
15.1998729706	-1368
15.1998999119	-1368
15.1999249458	-1368
15.200001955	-1368
15.2000379562	-1368
15.200067997	-1368
15.2001030445	-1368
15.2001469135	-1368
15.2001819611	-1368
15.2010519505	-1368
15.2010819912	-1368
15.2144188881	-976
15.2144498825	543
15.2548940182	1368
15.2549078465	1368
15.2550330162	1368
15.2593970299	1368
15.2594089508	1368
15.2834448814	1368
15.2834579945	1368
15.3015239239	-1368
15.301555872	849
15.3024399281	-717
15.3250420094	1368
15.3288919926	1368
15.3336880207	1368
15.3534770012	1210
15.4063060284	1057
15.4162349701	-543
15.5309660435	-543
15.5900850296	-1368
15.5900988579	-1368
15.5901269913	-1368
15.5901458263	-1368
15.5901739597	-1368
15.591285944	-1368
15.5913169384	-1368
15.5913369656	-1368
15.5928888321	-1368
15.592913866	-1368
15.5929379463	-1368
15.5988638401	-1368
15.5988869667	-1368
15.5989120007	-1368
15.5990998745	543
15.6190040112	-1368
15.621505022	-873
15.6277940273	-1368
15.6366200447	-1368
15.6366398335	-1368
15.6452548504	-1368
15.6452820301	-1368
15.6516180038	1086
15.6540589333	-1368
15.6540820599	-1368
15.6553058624	-1368
15.6553478241	-1368
15.6554000378	-1368
15.655452013	-1368
15.6554858685	-1368
15.6567969322	-1368
15.6568179131	-1368
15.6568529606	-1368
15.6568758488	-1368
15.6569049358	-1368
15.6569378376	-1368
15.6569628716	-1368
15.6569929123	-1368
15.6570198536	-1368
15.6578040123	-1368
15.6578319073	-1368
15.6590468884	-1368
15.659070015	-1368
15.6590960026	-1368
15.6591248512	-1368
15.6591508389	-1368
15.6591868401	-1368
15.6592140198	-1368
15.6592440605	-1368
15.6596539021	1368
15.6603000164	-1368
15.660326004	-1368
15.660353899	-1368
15.660378933	-1368
15.66040802	-1368
15.6604418755	-1368
15.6616618633	-1368
15.6616849899	-1368
15.6617109776	-1368
15.661741972	-1368
15.6617670059	-1368
15.669960022	1368
15.6699738503	1368
15.6740460396	-1368
15.6740729809	-1368
15.6740939617	-1368
15.6741240025	-1368
15.6892328262	-1368
15.6893188953	-1368
15.6893818378	-1368
15.6893918514	-1368
15.6902630329	1368
15.6981840134	-1368
15.6982069016	-1368
15.6982219219	-1368
15.6982500553	-1368
15.7041859627	-1368
15.7042069435	414
15.7042169571	-1368
15.7068798542	-1368
15.7069129944	-1368
15.7069299221	-1368
15.7069590092	-1368
15.7079238892	-1368
15.7079520226	-1368
15.707983017	-1368
15.7080080509	-1368
15.7080368996	-1368
15.7080760002	-1368
15.7080929279	-1368
15.7081208229	-1368
15.7091739178	-1368
15.7091958523	-1368
15.7092280388	-1368
15.709250927	-1368
15.7092819214	-1368
15.7093119621	-1368
15.7093410492	-1368
15.7105169296	-1368
15.7105498314	-1368
15.7105638981	-854
15.7181940079	-1368
15.7218060493	-1368
15.7218568325	-1368
15.7218878269	-1368
15.722440958	1368
15.7569358349	804
15.7606959343	-1368
15.7607269287	-1368
15.7607619762	-1368
15.771283865	-335
15.8101420403	1086
15.864440918	-1368
15.8656878471	-717
15.8695888519	543
15.8905630112	-1368
15.8905889988	-1368
15.8906059265	-1368
15.9190788269	-66
15.9644470215	-1368
15.9717700481	-1231
16.0183439255	-1368
16.0254778862	-232
16.0548288822	-1368
16.0548529625	-1368
16.0592098236	543
16.0779938698	-406
16.1336328983	-1368
16.1336529255	1086
16.1771349907	-1231
16.191795826	-1368
16.2191488743	543
16.244560957	-1289
16.2491109371	1368
16.3021719456	-543
16.3022780418	232
16.3348629475	-1368
16.3548779488	-775
16.3549859524	543
16.3950710297	-1368
16.3950948715	-1368
16.4077749252	-377
16.4164438248	-1368
16.4165730476	-1368
16.4690418243	-377
16.5161738396	543
16.5470399857	-1368
16.5471508503	-1368
16.5471909046	-891
16.5507259369	-1368
16.5619859695	-1368
16.5620269775	-1368
16.562032938	-1368
16.5996689796	-327
16.6297838688	-1368
16.6522848606	-1289
16.6532728672	1057
16.653908968	1368
16.6648159027	-1368
16.6648409367	-1368
16.6648650169	-1368
16.6880970001	1368
16.7049520016	-580
16.7061429024	493
16.7300610542	1368
16.7501978874	1368
16.75877285	435
16.8179810047	-1057
16.8180718422	1057
16.8181049824	-1368
16.8181228638	-1368
16.8217909336	-1368
16.8706200123	-66
16.8707199097	1086
16.9661710262	-1368
16.9661979675	-203
16.9672820568	-1368
16.9673109055	-1368
16.9673490524	-1368
16.9673850536	-1368
16.9674098492	-1368
16.9895720482	-1368
16.9896910191	-1368
16.9897069931	-1368
16.9897279739	-1368
16.9897329807	-1368
16.9897429943	-1368
16.9906518459	-1368
16.9906890392	-1368
16.990694046	-1368
16.9907238483	-1368
16.9907548428	-1368
16.9909160137	543
16.991961956	-1368
16.9919829369	-1368
16.9920139313	-1368
16.9920449257	-1368
16.9921000004	-1368
16.992431879	-1368
16.992702961	-1368
16.9929449558	-1368
16.9931650162	-1368
16.9935238361	-1368
16.993710041	-1368
16.99376297	-1368
17.0127899647	-1368
17.0128190517	-1368
17.0140378475	-1368
17.0140628815	-1368
17.0140910149	-1368
17.014125824	-1368
17.0141439438	-1368
17.0151660442	-1368
17.0151889324	-1368
17.0152249336	-1368
17.015239954	-1368
17.0164120197	-1368
17.0164408684	-1368
17.0164718628	-1368
17.0177669525	-1368
17.017788887	-1368
17.0188388824	-555
17.0189199448	-1368
17.0189509392	-1368
17.0201728344	-1368
17.0202288628	-1368
17.0205528736	1368
17.0213549137	-1368
17.0214519501	-1368
17.0225548744	-1368
17.0225749016	-1368
17.0226359367	-1368
17.0261809826	-1368
17.0262269974	-1368
17.0262708664	-1368
17.0263030529	-1368
17.0263290405	-1368
17.0274999142	-1368
17.0275230408	-1368
17.0275578499	-1368
17.027577877	-1368
17.0287599564	-1368
17.0287828445	-1368
17.0288109779	-1368
17.0297758579	-1368
17.0298030376	-1368
17.0298309326	-1368
17.0298600197	-1368
17.0298850536	-1368
17.0299229622	-1368
17.0395729542	-1368
17.0711109638	-681
17.0711438656	1347
17.0807058811	-1368
17.0807819366	-1368
17.0849590302	1368
17.092414856	-1368
17.1008219719	1368
17.1016788483	1368
17.1237869263	-95
17.1238260269	95
17.1261780262	1368
17.1276628971	-1368
17.1336679459	-1368
17.1343188286	1368
17.1343269348	1368
17.1344430447	1368
17.1762928963	-464
17.1763219833	1326
17.2046649456	-1368
17.2293310165	-746
17.2293469906	1086
17.2455399036	-1368
17.2816748619	-1318
17.2816948891	543
17.2817239761	1368
17.2820458412	1368
17.2822499275	1368
17.2851238251	1368
17.285807848	1368
17.3060898781	1368
17.3225519657	1368
17.3242759705	1368
17.3342418671	-1057
17.3342750072	712
17.4245369434	-1057
17.4747779369	-1368
17.4806768894	-1368
17.4807288647	-1368
17.5068049431	-1368
17.5169489384	-1368
17.5169818401	-1368
17.5169889927	-1368
17.5280358791	-393
17.5394518375	-1368
17.5396120548	-1368
17.5921459198	-891
17.5947709084	-1368
17.5947918892	-1368
17.5948450565	-1368
17.6026320457	-543
17.6160490513	-1368
17.6160948277	-1368
17.6236519814	-1368
17.6298949718	-1368
17.6300468445	-1368
17.6300828457	-1368
17.630120039	-1368
17.6449279785	-1368
17.6449589729	-1368
17.6449830532	-952
17.644990921	-1368
17.6450200081	-1368
17.6450510025	-1368
17.6499528885	543
17.6537630558	-1368
17.6974649429	-812
17.729061842	-1368
17.7290949821	543
17.7291100025	-1368
17.7327508926	-1368
17.7328028679	-1368
17.7330269814	1368
17.7515668869	-269
17.7528049946	-1368
17.7528328896	-1368
17.7593889236	-1368
17.785271883	232
17.8043060303	-1368
17.8055870533	-783
17.8740968704	543
18.0453939438	543
18.1555359364	-543
18.244410038	-1057
18.3093738556	-1057
18.3159308434	543
18.3282330036	1368
18.3682699203	775
18.3946609497	1368
18.3965549469	1368
18.4119758606	1368
18.4209048748	95
18.4236190319	-543
18.5377759933	-1057
18.5414848328	543
18.6809568405	-1057
18.7962620258	-1368
18.7963519096	-203
18.797950983	543
18.8364319801	-1368
18.843971014	-1368
18.8440449238	-1368
18.8440680504	-1368
18.8440828323	-1368
18.8455660343	1368
18.8488500118	-501
18.8864300251	1260
18.9392929077	-1057
18.9682910442	-1368
18.9683680534	-1368
18.9683890343	-1368
18.9757809639	543
18.9763889313	1368
19.0207028389	-580
19.0297689438	717
19.0535018444	-1368
19.0535600185	-1368
19.0536019802	-1368
19.0823049545	-66
19.0903868675	-1368
19.0905070305	-1368
19.0905339718	-1368
19.1341159344	-66
19.1866018772	-1057
19.2127890587	-1368
19.2140300274	-1368
19.2140648365	-1368
19.2140779495	-1368
19.2391428947	-1326
19.2512848377	1057
19.3246028423	-1057
19.3246629238	1057
19.3951079845	-1057
19.3951630592	543
19.3960750103	-1368
19.3961210251	-1368
19.3973789215	-1368
19.3974080086	-1368
19.3974449635	-1368
19.3974809647	-1368
19.3985249996	-1368
19.3985519409	-1368
19.3986129761	-1368
19.3989589214	-1368
19.3991909027	-1368
19.3994090557	-1368
19.3996059895	-1368
19.3997979164	-1368
19.4003100395	-1368
19.4262139797	-1368
19.4262769222	-1368
19.4262969494	-1368
19.4274320602	-1368
19.4274759293	-1368
19.4274978638	-1368
19.4275138378	-1368
19.4275188446	-1368
19.4286718369	-1368
19.4287159443	-1368
19.4287378788	-1368
19.428757906	-1368
19.4287638664	-1368
19.428798914	-1368
19.4288258553	-1368
19.4288370609	-1368
19.4299938679	-1368
19.4300220013	-1368
19.431167841	-1368
19.4311978817	-1368
19.4312298298	-1368
19.4312398434	-1368
19.4316108227	1368
19.4324109554	-1368
19.4324400425	-1368
19.4337098598	-1368
19.4337329865	-1368
19.4337630272	-1368
19.4477219582	-1368
19.4477798939	261
19.4478030205	-1368
19.4488639832	-1368
19.4490258694	-1368
19.4490540028	-1368
19.4490818977	-1368
19.4500448704	-1368
19.4500720501	-1368
19.4501059055	-1368
19.4501399994	-1368
19.4501490593	-666
19.4616339207	-1368
19.4625740051	-1368
19.4626319408	-1368
19.4626419544	-1368
19.462654829	-1368
19.4626629353	-1368
19.4637949467	-1368
19.4638168812	-1368
19.463837862	-1368
19.4638679028	-1368
19.4638898373	-1368
19.4639389515	-1368
19.4652879238	-1368
19.4653270245	-1368
19.4653530121	-1368
19.4653599262	-1368
19.4653959274	-1368
19.465679884	-1368
19.4658968449	-1368
19.4661109447	-1368
19.4664158821	-1368
19.4668200016	1368
19.4789910316	-1368
19.4790508747	-1368
19.4790878296	-1368
19.4790968895	-1368
19.4791119099	-1368
19.4791300297	-1368
19.4801528454	-1368
19.4801778793	-1368
19.4802019596	-1368
19.480232954	-1368
19.4802658558	-1368
19.4802968502	-1368
19.4803249836	-1368
19.4803519249	-1368
19.4803779125	-1368
19.4804089069	-1368
19.481402874	-1368
19.4814279079	-1368
19.4814529419	-1368
19.48148489	-1368
19.5001218319	1347
19.5029220581	-1148
19.6347239017	-1057
19.8502688408	-543
