0	543
6.98566436768e-05	543
0.956382036209	235
1.08258295059	-752
1.08424687386	126
1.20821595192	-51
1.2085340023	38
1.33116197586	-1298
1.33119082451	-207
1.33202695847	1057
1.45863485336	-543
1.45923304558	543
1.59591889381	-543
1.59652090073	543
1.82512187958	-543
1.82585000992	1057
2.29413199425	-543
2.59164881706	-1298
2.59169793129	-273
2.61012196541	543
2.71522903442	-543
2.73444986343	1057
3.16481184959	-543
3.37010788918	-1298
3.3701570034	-273
3.47290992737	-1298
3.49235391617	-816
3.50143289566	543
3.62450003624	1057
3.93085289001	-543
4.09276604652	-543
4.209182024	-1298
4.21503686905	-273
4.33762383461	-1057
4.34144186974	543
5.30854582787	-1298
5.30867290497	-273
5.40024995804	-1298
5.43031787872	1057
5.43077087402	-302
5.55261182785	1057
5.98037481308	-543
6.18292403221	-1298
6.18308186531	-273
6.27732801437	-1298
6.30561995506	-787
6.31329798698	543
6.31356191635	1298
6.43565702438	273
6.74138498306	-543
8.12521386147	-1298
8.12528395653	-273
8.12531900406	-1298
8.1255698204	-1298
8.12562799454	-1298
8.12565588951	-1298
8.12582302094	-1298
8.18239188194	1057
8.24754881859	-851
8.24843287468	-1298
8.24854302406	-1298
8.24855804443	-1298
8.24858498573	-1298
8.32727503777	-1298
8.32737994194	-1298
8.32786083221	-1298
8.32792901993	-1298
8.3282058239	-1298
8.32861590385	-1298
8.33402681351	1057
8.36988997459	-1298
8.36993694305	-1298
8.37051296234	-1298
8.37071990967	-1298
8.3707818985	-1298
8.37080597878	-1298
8.37082386017	-1168
8.37179994583	-1298
8.37184000015	-1298
8.3718559742	-1298
8.44951987267	-1298
8.44958782196	-1298
8.44964599609	-1298
8.49210500717	1086
8.49417185783	-9
8.53180503845	-1298
8.53241181374	-1298
8.53323197365	-1298
8.53389692307	-1298
8.53433203697	-1298
8.53435897827	-1298
8.53448987007	-1298
8.5346570015	-1298
8.54094696045	-1298
8.61647486687	-886
8.61661887169	543
8.63252997398	-1298
8.73867702484	-302
8.74034690857	1298
8.7404859066	273
8.83426904678	-543
9.00006484985	543
9.24366497993	-1298
9.24369001389	-273
9.36581993103	-1086
9.38727593422	1298
9.38739395142	273
9.50955796242	1057
9.82454991341	-1298
9.82461190224	-787
9.94705200195	-543
10.1536388397	-1298
10.1536958218	-273
10.2450039387	-1298
10.2760269642	-816
10.2848739624	543
10.2850530148	1298
10.4072389603	273
10.7179458141	-543
10.9342298508	-1298
10.9342708588	-787
12.839758873	-543
12.8910899162	-543
13.0007789135	543
13.0008108616	543
13.0008358955	543
13.4576158524	-543
14.0941069126	-543
15.1672749519	-543
16.6363739967	-543
16.9095439911	-543
17.000620842	543
17.0008189678	543
17.7400519848	-543
18.0147609711	1057
18.1382279396	238
18.2638800144	-745
18.2648608685	126
18.3926260471	-51
18.3930008411	38
18.5185279846	-1448
18.5186748505	-54
18.5203649998	1057
18.6448118687	-543
18.6460399628	543
18.7466490269	-543
18.7797849178	-543
18.7808020115	543
18.9306509495	-543
18.9319269657	1368
18.9320440292	717
19.0003449917	543
19.0003938675	543
19.0004220009	543
19.0004448891	543
19.1233808994	-1448
19.1235368252	-1151
19.1318728924	-1448
19.1319060326	-1288
19.1388938427	-1368
19.1447408199	543
19.144826889	-1368
19.1449840069	543
19.2471878529	-269
19.2558159828	1368
19.3056499958	232
19.3707799911	-543
19.4933509827	-1448
19.493491888	-1288
19.5342929363	-435
19.5362780094	543
19.5535829067	-1298
19.5536198616	-273
19.6492600441	-543
19.675978899	-1057
19.6781458855	-1448
19.6781668663	-1288
19.6781759262	-891
19.6781919003	1368
19.6782939434	717
19.6821689606	-543
19.6876628399	-1448
19.6877138615	-1288
19.6937739849	-1368
19.700881958	-1448
19.7009379864	-1288
19.7011628151	-1368
19.7078239918	-1448
19.7078509331	-1288
19.7086868286	-1368
19.8018770218	-1448
19.8019180298	-1288
19.8020238876	-61
19.8442678452	-1448
19.8443820477	-1288
19.852891922	-1448
19.8529648781	-1288
19.8529748917	-1368
19.8657839298	-1448
19.8658249378	-1288
19.865860939	-1368
19.8721699715	-1448
19.8722038269	-1288
19.8723640442	-1368
19.9256038666	-546
19.9259300232	-1448
19.9259798527	-1288
19.9263019562	-1448
19.9263319969	-1288
19.9264349937	-1368
19.9264650345	-1448
19.9264829159	-1288
19.9266500473	-1368
19.9266870022	-1448
19.9267139435	-1288
19.9267468452	-1368
19.9268088341	-1368
19.9269928932	-1448
19.927052021	-1288
19.927175045	1057
19.935281992	-1368
19.9680399895	-1448
19.968075037	-1288
19.9680860043	-1448
19.968091011	-1288
19.9767558575	-1448
19.9768538475	-1288
19.9768619537	-1448
19.9768648148	-1288
19.9769339561	-1448
19.9769940376	-1288
19.9894769192	-1448
19.989511013	-1288
19.9895379543	-1448
19.9895708561	-1288
19.9896678925	-1448
19.9896960258	-1288
19.9960458279	-1448
19.9960689545	-1288
19.9961168766	-1448
19.9961419106	-1288
19.9962339401	-1448
19.9962668419	-1288
20.0006580353	543
20.049298048	-1448
20.0493328571	-1288
20.0495209694	-1448
20.0495479107	-1288
20.0495929718	-1448
20.0496280193	-1288
20.049957037	-1448
20.0499718189	-1288
20.0500409603	-1448
20.0500609875	-1288
20.0501928329	-1448
20.0502200127	-1288
20.0502548218	-1448
20.0503070354	-1288
20.0503530502	-1448
20.0503590107	1368
20.050413847	-1288
20.0504589081	-1448
20.0504770279	-1288
20.050536871	-1448
20.0505418777	-1288
20.0505700111	-1448
20.0505878925	-1288
20.050632	-1448
20.0506608486	-1288
20.0507040024	-1448
20.0507209301	-1288
20.0507628918	-1448
20.0507819653	-1288
20.0509209633	-1448
20.0509300232	232
20.0509660244	-1288
20.0916349888	-1448
20.0917220116	-1288
20.0917918682	-1448
20.0918679237	-1288
20.0919220448	-1448
20.0919399261	-1288
20.0919759274	-1448
20.0919950008	-1288
20.1005978584	-1448
20.10064888	-1288
20.1006798744	-1448
20.1006908417	-629
20.1009039879	-1448
20.1009199619	-1288
20.1009788513	-1448
20.1009979248	-1288
20.1010499001	-1368
20.1010680199	-1448
20.1010830402	-1288
20.1012599468	-1368
20.1012749672	-1448
20.1012969017	-1288
20.1014399529	1368
20.1132860184	-1448
20.1133580208	-1288
20.1134169102	-1448
20.1134269238	-1288
20.113437891	-1448
20.1134548187	-1288
20.1134660244	-1448
20.1134738922	-1288
20.1135048866	-1448
20.1135129929	-1288
20.1135318279	-1448
20.1135599613	-1288
20.1198179722	-1448
20.1198718548	-1288
20.1199059486	-1448
20.1199128628	-1288
20.1199429035	-1448
20.1199498177	-1288
20.1199889183	-1448
20.1200888157	-1288
20.1201438904	-1448
20.1201488972	-1288
20.1201758385	-1448
20.120249033	-1288
20.1340270042	-543
20.1730649471	-1448
20.1731200218	-1288
20.1731710434	-1448
20.1731739044	-1288
20.1732158661	-1448
20.1732509136	-1288
20.173306942	-1448
20.1733410358	-1288
20.173377037	-1448
20.1734068394	-1288
20.1734569073	-1448
20.1734619141	-1288
20.173635006	-1448
20.1736500263	-1288
20.1736829281	-1448
20.1737480164	-1288
20.1737849712	-1448
20.1738498211	-1288
20.1738858223	-1448
20.1739180088	-1288
20.1742148399	1368
20.1742558479	-1448
20.1743018627	-1288
20.1743528843	-1448
20.1743578911	-1288
20.1743938923	-1448
20.1744120121	-1288
20.1744630337	-1448
20.1744680405	-1288
20.1745040417	-1448
20.1745219231	-1288
20.1745588779	-1448
20.1745769978	-1288
20.174612999	-1448
20.1746358871	-1288
20.1747238636	-1448
20.1747319698	-1288
20.1747748852	-1448
20.1747839451	464
20.1747870445	-1288
20.1748299599	-1448
20.1748399734	-1288
20.174861908	-1368
20.175096035	-1448
20.1751508713	-1288
20.1751859188	-1368
20.1822969913	-1448
20.1823449135	-1288
20.1823809147	-1368
20.1828489304	1368
20.1888549328	-1448
20.1888928413	-1288
20.1889178753	-1368
20.2012598515	-1448
20.2013828754	-1288
20.20144701	-1368
20.2067399025	-1448
20.2067739964	-1288
20.2067968845	-1368
20.2174048424	-1448
20.2174408436	-1288
20.2174470425	-1368
20.2235639095	-1448
20.2235920429	-1288
20.2236089706	-1368
20.22438097	-620
20.2326989174	-1448
20.2327339649	-1288
20.2428588867	-1448
20.2429139614	-1288
20.2429478168	-1368
20.2498528957	-1448
20.2499339581	-1288
20.2499940395	-1368
20.2926409245	-1368
20.2983460426	804
20.3479290009	-198
20.4220218658	543
20.5803658962	-1448
20.5804040432	-1151
20.5884459019	-1448
20.5884749889	-1288
20.5944778919	-1368
20.5947568417	543
20.6030490398	-1448
20.603071928	-1288
20.6119029522	-1448
20.6119349003	-1448
20.6119549274	-1208
20.6205279827	-1448
20.6205649376	-1448
20.6205699444	-1208
20.6292159557	-1448
20.6292450428	-1448
20.6292588711	-1208
20.6373009682	-1448
20.6373438835	-1448
20.6373648643	-1208
20.6442148685	-1448
20.6442439556	-1448
20.6442809105	-1208
20.6552989483	-1448
20.6553359032	-1448
20.6554338932	-1208
20.6620488167	-1448
20.6620848179	-1448
20.6621098518	-1208
20.6621499062	-1368
20.6757218838	-1448
20.6757469177	-1288
20.676017046	-1368
20.6817970276	-1448
20.681830883	-1288
20.6932308674	-1448
20.6933088303	-1448
20.6933169365	-1208
20.6999080181	-1448
20.6999349594	-1448
20.6999490261	-1208
20.7039899826	-1140
20.7042729855	1368
20.708698988	-1448
20.708717823	-1288
20.7087938786	-1368
20.7143440247	-1448
20.7143650055	-1288
20.7143919468	-1368
20.7256278992	-1448
20.7256429195	261
20.7257068157	-1288
20.7257788181	-1368
20.7341239452	-1448
20.7341339588	-1288
20.7342278957	-1368
20.7404580116	-1448
20.7404668331	-1288
20.7404968739	-1368
20.7501878738	-1448
20.7503008842	-1288
20.7565619946	-1448
20.7566189766	-1448
20.7566218376	-1208
20.7566459179	1368
20.7653129101	-1448
20.7653310299	-1448
20.7653918266	-1208
20.7655248642	1368
20.7735898495	-1448
20.7736239433	-1448
20.7736568451	-1208
20.7736649513	-1368
20.7800760269	-1448
20.7801339626	-1288
20.7801709175	-1368
20.7924189568	-1448
20.7924869061	-1288
20.7928340435	-1368
20.7983379364	-1448
20.7983820438	-1288
20.7984519005	-1368
20.8107259274	-1448
20.8107838631	-1288
20.812032938	-1368
20.8152730465	-1448
20.8153078556	-1288
20.8156409264	-1368
20.8253278732	-1448
20.8253839016	-1288
20.8276379108	-1272
20.8340959549	-1448
20.8341529369	-1288
20.834223032	-1368
20.8346099854	1368
20.8423638344	-1448
20.8424079418	-1288
20.8424780369	-1368
20.8515570164	-1448
20.8516178131	182
20.8516318798	-1288
20.8518769741	-1368
20.8573179245	-1448
20.857352972	-1288
20.8573949337	-1368
20.8699469566	-1448
20.8699958324	-1288
20.9513919353	-1184
20.9543299675	-1448
20.954351902	-1288
20.9551098347	1368
20.9751720428	775
21.0600838661	-1368
21.0648658276	1368
21.0753638744	-66
21.0988960266	232
21.1753208637	-1448
21.1753818989	-1288
21.1844718456	-1448
21.1845288277	-1288
21.1846590042	-1368
21.1857700348	-1448
21.1858258247	-1448
21.1858479977	-1208
21.1894378662	-1448
21.1895089149	-1448
21.189538002	-1208
21.1928069592	-1448
21.1928808689	-1448
21.1928930283	-1208
21.1933989525	-1448
21.1934418678	-1448
21.1934628487	-1208
21.1936659813	-1448
21.1937530041	-1448
21.1937668324	-1208
21.199051857	-1448
21.1991109848	-1448
21.1991429329	-1208
21.2003369331	-1448
21.2003929615	-1448
21.2004008293	-1208
21.2005579472	-1368
21.2007098198	-1448
21.2007730007	-1288
21.2008128166	-1448
21.2008769512	-1448
21.2008888721	-1208
21.2010288239	-1448
21.2010710239	-1448
21.2010819912	-1208
21.2048590183	-1448
21.2049338818	-1448
21.204944849	-1208
21.205384016	1368
21.2112329006	-1368
21.2114579678	-1448
21.2114908695	-1288
21.2118430138	-1448
21.2118809223	-1448
21.2118878365	-1208
21.2125258446	-1448
21.2125658989	-1448
21.2126040459	-1208
21.2129449844	-1448
21.212980032	-1448
21.2129869461	-1208
21.213039875	-1368
21.2189848423	-1448
21.2190599442	-1288
21.2192909718	-1448
21.2193589211	-1448
21.219370842	-1208
21.2202768326	-1448
21.2203240395	-1448
21.2203478813	-1208
21.2227268219	-1088
21.2227740288	804
21.225705862	-1448
21.2257368565	-1288
21.2257618904	-1368
21.2359199524	-1448
21.2359929085	-1448
21.2360079288	-1208
21.2368068695	-1448
21.2368438244	-1288
21.237046957	-1368
21.2373650074	-1448
21.2374260426	-1288
21.2378258705	-1368
21.2407338619	-1448
21.2407929897	-1288
21.2408289909	-1368
21.2433228493	-1368
21.243885994	-1368
21.2439978123	-1448
21.2440378666	-1448
21.2440559864	-1208
21.2446298599	-1448
21.2446539402	-1448
21.244674921	-1208
21.2446808815	-1368
21.2498629093	-1448
21.249920845	-1288
21.2514419556	-1368
21.2525379658	-1368
21.253166914	-1448
21.2531969547	-1288
21.2533929348	-1448
21.2534120083	-1288
21.2536108494	-1368
21.2538349628	-1448
21.25385499	-1288
21.2539908886	-1368
21.2544298172	1368
21.2570898533	-1448
21.2571229935	-1288
21.2571499348	-1368
21.260589838	-1368
21.2609870434	-1448
21.2610290051	-1288
21.2664070129	-1448
21.2664718628	-1288
21.2751569748	-1448
21.2751948833	-1448
21.2752189636	-1208
21.3463740349	-310
21.3464369774	1347
21.4701669216	543
21.4951598644	-543
21.6449320316	1298
21.6449458599	1298
21.6450710297	517
21.6452548504	1298
21.6452639103	1298
21.6467008591	1057
21.6471829414	1368
21.6475319862	1368
21.6803319454	1368
21.7400839329	-543
21.7671158314	1031
21.7704479694	1181
21.8028688431	-1448
21.8029539585	-1448
21.8029780388	-1208
21.8366229534	-1368
21.880551815	-1368
21.8867468834	1368
21.8883588314	-1448
21.888409853	-1448
21.8884379864	-1208
21.8937058449	-1448
21.8937489986	-1448
21.8937609196	-1208
21.893999815	-90
21.8940148354	261
21.9314558506	1368
21.9314689636	1368
21.9384160042	1368
21.9384279251	1368
21.9781179428	-1448
21.9781579971	-1288
22.0177199841	-920
22.0177538395	1326
22.0301430225	-1448
22.030230999	-1448
22.0302858353	-1208
22.0383179188	1368
22.0628049374	-1368
22.0828018188	-1298
22.0828378201	-273
22.0869419575	-1448
22.0869779587	-1448
22.0869829655	-1208
22.0905358791	-1448
22.0905840397	-1288
22.0910658836	-1448
22.0910840034	-1288
22.0917568207	-1448
22.0918169022	-1448
22.0918319225	-1208
22.0937099457	-1448
22.0938668251	-1448
22.0938909054	-1208
22.0981659889	-1448
22.0982298851	-1448
22.0982699394	-1208
22.0986089706	1368
22.1000139713	-1368
22.10648489	-1448
22.1065499783	-1448
22.1065659523	-1208
22.1124148369	-1448
22.112434864	-1288
22.1127228737	-1368
22.1362810135	-1448
22.1363070011	-1448
22.1363148689	-1208
22.1364138126	-1448
22.1364789009	-1448
22.136548996	-1208
22.1411738396	-1448
22.1412148476	-1448
22.1412220001	-1208
22.1415128708	-821
22.1415350437	1036
22.1427910328	-1448
22.1428208351	-1288
22.1430299282	-1368
22.1437819004	-1448
22.1438269615	-1448
22.1438820362	-1208
22.1439218521	-1448
22.1440730095	-1288
22.1441009045	-1368
22.1490268707	-1448
22.1490619183	-1288
22.1492989063	-1368
22.1520729065	-1448
22.1520848274	-1288
22.1521759033	-1368
22.1607038975	-1368
22.1676239967	-1448
22.1677508354	-1288
22.1692399979	-1368
22.1696720123	-1368
22.1698260307	-1368
22.1699509621	-1368
22.1745898724	-1448
22.1747150421	-1288
22.1754219532	1368
22.1767249107	-1368
22.1768100262	-1368
22.1793029308	-1368
22.1799039841	-1448
22.1799368858	-1288
22.1825168133	-1368
22.1909968853	-1448
22.1910178661	-1288
22.2050428391	-543
22.2105870247	-1368
22.2455089092	-1368
22.2604269981	-1368
22.265226841	-191
22.2652659416	261
22.2654528618	-1298
22.2736208439	-1368
22.2778589725	-1298
22.2893078327	-1448
22.2893438339	-1288
22.3272409439	-604
22.3888869286	-609
22.3889198303	1057
22.3947148323	1057
22.5602629185	-1448
22.5603559017	-1448
22.5603899956	-731
22.7222399712	-543
22.7452049255	543
22.8329629898	-1298
22.8330099583	-273
22.8688030243	543
22.9018399715	-543
22.9553828239	-1086
23.0193879604	-1448
23.0195128918	-1288
23.0215268135	-1368
23.0623450279	-580
23.0679399967	543
23.0680270195	543
23.2094449997	-543
23.4741530418	-1298
23.474257946	-273
23.5964369774	-1057
23.5978388786	543
23.7436099052	-1448
23.743696928	-1448
23.7437210083	-731
23.7535369396	-1448
23.7536020279	-1288
23.7595999241	-1368
23.7663450241	-1448
23.7664089203	-1288
23.7669219971	-1368
23.7722988129	-1368
23.8674938679	-849
23.9077160358	1368
23.9078359604	203
23.9207339287	1368
23.9320209026	1368
23.9368288517	1368
23.9434978962	1368
23.9501848221	1368
23.9530210495	1368
24.0003609657	543
24.0314569473	248
24.0617828369	-543
24.0717430115	-1448
24.0717718601	-1288
24.0782320499	-1368
24.0871109962	-1368
24.1005280018	-1448
24.1005580425	-1288
24.1005678177	-1368
24.104626894	1368
24.1067438126	-1448
24.1067798138	-1288
24.106844902	-1368
24.1099228859	-1448
24.1099638939	-1288
24.115238905	-1448
24.1152839661	-1288
24.115350008	-1368
24.123390913	-1368
24.1361758709	-1368
24.1405699253	1368
24.1456329823	-1448
24.1456718445	-1288
24.1457760334	-1368
24.1465029716	1368
24.1468698978	1368
24.1485159397	1368
24.1527519226	1057
24.1871089935	-1287
24.1872348785	1160
24.1897289753	-1448
24.1897568703	-1288
24.1908009052	-1368
24.1953108311	1368
24.1954388618	-1368
24.2368478775	-1448
24.2368898392	-1288
24.2369089127	-1368
24.2446739674	-1368
24.2600078583	-1368
24.2816338539	-1368
24.3053040504	-1368
24.311234951	-1205
24.311342001	1318
24.3289849758	-1368
24.3334829807	-1448
24.3335158825	-1288
24.333521843	-1368
24.3472540379	1368
24.3624818325	-1448
24.3625929356	-1288
24.3697810173	-543
24.3737509251	1368
24.3762860298	1368
24.4229049683	-1448
24.42293787	-1288
24.4257259369	1368
24.4258108139	1368
24.4350848198	-82
24.4352238178	45
24.4703040123	-1368
24.5178530216	-1448
24.5179920197	-1288
24.5220010281	1368
24.554970026	-1448
24.5550248623	-1288
24.5550558567	-1368
24.5589489937	-219
24.5589869022	746
24.56731987	1368
24.5677978992	-1368
24.5829310417	-1448
24.5829648972	-1288
24.5838019848	1368
24.5844929218	1368
24.5893399715	-1298
24.5893828869	-787
24.5937559605	-1368
24.6328690052	-1368
24.6348769665	1368
24.6358158588	1368
24.6635959148	1368
24.6694898605	-1368
24.6829500198	-704
24.6829829216	820
24.7115979195	-543
24.7542278767	-1368
24.7764759064	-1448
24.7765238285	-1288
24.7848148346	1368
24.7974669933	-1448
24.7975218296	-1288
24.7975709438	-1368
24.8069078922	-1247
24.8069288731	1289
24.8312628269	-1448
24.8313019276	-1288
24.8313338757	-1368
24.8365559578	-1368
24.8951349258	-1448
24.8952229023	-1288
24.8952679634	-1368
24.8954529762	-1368
24.9024128914	1368
24.9306018353	-24
24.9306399822	775
25.0544779301	-1086
25.0545098782	543
25.055768013	-1448
25.0557818413	-1288
25.0559790134	-1368
25.0888829231	-1368
25.1243460178	-1448
25.1243770123	-1288
25.1258819103	1368
25.1785418987	-1189
25.1785709858	775
25.183909893	543
25.2869768143	-1448
25.2870128155	-1288
25.287031889	-1368
25.2931900024	-1368
25.3023908138	-1326
25.3024179935	543
25.3317220211	1368
25.3484618664	-1368
25.4261250496	-232
25.4263148308	775
25.4302659035	1368
25.4418070316	1368
25.5274569988	-1368
25.5500500202	-1260
25.5500938892	978
25.5895929337	-1298
25.5896828175	-273
25.6014590263	-1448
25.601500988	-1288
25.601526022	-1368
25.6075568199	-1448
25.607626915	-1288
25.6610929966	-1368
25.6634469032	1368
25.673719883	-161
25.6738100052	232
25.7088270187	-1448
25.7088530064	-1288
25.7088809013	-1368
25.7118699551	-1057
25.7719650269	1298
25.7719779015	1298
25.7721288204	1298
25.772135973	790
25.7973649502	-609
25.7974100113	543
25.9525158405	-1448
25.9525580406	1086
25.9525809288	-123
26.1143379211	-1086
26.2381248474	-1057
26.2404239178	1057
26.364084959	1057
26.4016778469	-543
26.4032678604	1368
26.416271925	-1298
26.4163808823	-273
26.4879848957	746
26.5383548737	-543
26.5605518818	-543
26.5974378586	1368
26.5974488258	1368
26.6412899494	-1448
26.6413559914	920
26.6413869858	-1288
26.6414029598	-1368
26.6606619358	-543
26.7212710381	-609
26.7384309769	-1448
26.7385189533	-1288
26.7470178604	-1448
26.7470908165	-1288
26.7471179962	-1368
26.7475600243	-1448
26.7476069927	-1288
26.7477400303	-1368
26.7531650066	-1448
26.7532429695	-1288
26.7532558441	-1368
26.7609229088	-1448
26.7609729767	-1288
26.8017640114	1086
26.8197870255	-1368
26.8288018703	-1368
26.8620018959	-330
27.0344150066	-543
27.7252650261	1298
27.725288868	1298
27.7254829407	1298
27.7254989147	276
28.692013979	-1298
28.6921000481	-273
28.8920259476	-543
29.5929570198	-543
30.2887530327	1057
