0	-543
0.151034116745	543
0.285577058792	-543
2.1467730999	543
2.14687418938	543
3.47394514084	543
3.5047390461	543
4.12094020844	-543
4.30651903152	-1420
4.30656909943	-1316
4.31314516068	-920
4.36519503593	543
4.38641405106	-1420
4.38648414612	-1420
4.38652300835	-1264
4.38655805588	-1420
4.38659214973	-1420
4.38662910461	-1264
4.38973212242	543
4.40620112419	543
4.40653419495	543
4.4070110321	543
4.40722107887	543
4.43140006065	543
4.43165206909	543
4.45893001556	-1368
4.4654340744	-364
4.53392601013	-1420
4.53394317627	-1316
4.53463697433	-1420
4.53464317322	-1420
4.53468799591	-1264
4.61782407761	-986
4.62663698196	-1420
4.62664604187	-1420
4.62670111656	-1264
4.64469408989	-1368
4.64492106438	543
4.75646209717	-1420
4.75648617744	-1420
4.75654220581	-1420
4.75654602051	-1420
4.75659012794	-1420
4.75659298897	-1108
4.76104307175	543
4.77910017967	-430
4.8006811142	-1420
4.80074214935	-1420
4.80074715614	-1264
4.83597302437	-1420
4.83598303795	-1420
4.83604001999	-1264
4.83638811111	-1420
4.83641409874	-1316
4.83648920059	-1368
4.91155719757	-1420
4.91156816483	-1420
4.91161799431	-1264
4.91168808937	-1368
4.93166899681	-525
4.96450710297	543
4.96533107758	543
4.96558117867	543
4.98104810715	-1420
4.98105597496	-1420
4.9811091423	-1264
4.98121213913	-1368
4.98137116432	-1420
4.98137497902	-1420
4.9814221859	-1420
4.98142504692	-1420
4.98150801659	-1160
4.98151111603	-1420
4.98155617714	-1316
4.98172616959	543
4.98176598549	-1368
5.02235102654	-1420
5.02241110802	-1420
5.02241516113	-1264
5.06102609634	-1420
5.06105017662	-1420
5.06113314629	-1420
5.06113600731	-1420
5.06118011475	-1420
5.06118297577	-1108
5.06122517586	-1368
5.08235907555	543
5.08414411545	-694
5.09095001221	1057
5.23698401451	-543
5.23807120323	1057
5.2522380352	-1420
5.25225019455	-1420
5.25231218338	-1264
5.29170608521	-1420
5.29171609879	-1420
5.29175806046	-1420
5.2917611599	-1420
5.29177904129	-1420
5.29178118706	-1108
5.36095404625	-1420
5.36098313332	-1420
5.36103200912	-1264
5.39473819733	-1368
5.40473604202	-1068
5.44058704376	-1420
5.44060206413	-1316
5.4531211853	-1420
5.45313000679	-1420
5.45319414139	-1264
5.45319700241	-1420
5.45324015617	-1316
5.45335316658	-1420
5.45340108871	-1420
5.45340418816	-1264
5.45345902443	-1420
5.45346212387	-1316
5.4555990696	543
5.50538015366	-1420
5.50539803505	-1316
5.50547218323	-1368
5.51812720299	-1368
5.51824116707	-1420
5.51824498177	-1316
5.51827311516	-1368
5.51853704453	-1420
5.51858520508	-1316
5.51867008209	-1368
5.5191860199	-1420
5.51918911934	-1420
5.51922512054	-1264
5.52912402153	-1420
5.52918505669	-1420
5.5291891098	-1420
5.52923107147	-1212
5.52953100204	543
5.52970719337	543
5.55722618103	-486
5.62532401085	-1368
5.62788915634	-1420
5.6279540062	-1420
5.62795710564	-1264
5.65142416954	543
5.65202903748	543
5.65221810341	543
5.65257906914	543
5.65275812149	543
5.65310120583	543
5.65329313278	543
5.67917203903	-1420
5.67919707298	-1420
5.67926502228	-1420
5.67926812172	-1212
5.67935609818	-1420
5.67936015129	-1316
5.67940020561	-1420
5.67940306664	-1420
5.67944407463	-1264
5.67944598198	-1420
5.67948198318	-1316
5.70793819427	-1368
5.70799708366	-1368
5.70809698105	-1368
5.7361240387	-1420
5.7361471653	-1316
5.73636317253	543
5.75718903542	-288
5.80918312073	543
5.80943799019	1057
5.84818100929	-543
5.85684299469	-1420
5.85685515404	-1420
5.85691308975	-1264
5.86722016335	-1420
5.86722517014	-1420
5.86726808548	-1264
5.88100409508	543
5.90705513954	-1420
5.9070751667	-1420
5.90715408325	-1420
5.90715718269	-1212
5.90720510483	-1368
5.90750598907	-1420
5.9075551033	-1420
5.90755820274	-1264
5.90763998032	-1420
5.90764307976	-1420
5.90767717361	-1420
5.90767908096	-1212
5.90772008896	-1368
5.9077231884	-1420
5.90776014328	-1316
5.90798902512	543
5.90834212303	543
5.90881299973	543
5.94619512558	-1420
5.94621014595	-1420
5.94626808167	-1420
5.94627118111	-1420
5.94631314278	-1160
5.95420098305	-963
5.96476006508	-1368
6.11728620529	-232
6.13115406036	1460
6.13123512268	111
6.14773011208	543
6.14779520035	543
6.17158102989	543
6.17181706429	543
6.23997497559	-1420
6.23999404907	-1420
6.24003314972	-1264
6.28403115273	-609
6.29111719131	543
6.29291319847	-1420
6.29292011261	-1420
6.2929520607	-1264
6.44524502754	-609
6.48296999931	-1368
6.48755598068	-1368
6.48766207695	-1420
6.48771309853	-1420
6.48771619797	-1264
6.48776197433	-1420
6.48776507378	-1316
6.48781108856	-1368
6.5063149929	-1368
6.50638604164	-1420
6.50643515587	-1316
6.56767010689	-1420
6.56768703461	-1316
6.573387146	-1368
6.57840418816	-1420
6.57845211029	-1316
6.59789013863	-1221
6.68949604034	-1368
6.71425509453	-1420
6.71427512169	-1420
6.71433115005	-1420
6.71433401108	-1420
6.71437001228	-1420
6.71437311172	-1108
6.71464920044	543
6.72659015656	-1420
6.72659611702	-1420
6.72663998604	-1264
6.78994512558	-944
6.82556414604	-1368
6.83104205132	543
6.93612718582	-1420
6.93614411354	-1420
6.93620204926	-1264
6.94211912155	-1420
6.94218206406	-1420
6.94218707085	-1420
6.94220519066	-1420
6.94220709801	-1160
6.94223308563	-1420
6.94223499298	-1420
6.94225120544	-1264
6.94235706329	-1420
6.94239711761	-1316
6.94240808487	-1420
6.9424431324	-1316
6.95822906494	543
6.97144913673	1460
6.97151613235	111
6.97239398956	-1420
6.97239899635	-1420
6.97242212296	-1264
6.97804117203	-1200
7.01111507416	1460
7.01120400429	111
7.01144599915	1460
7.01149916649	111
7.01203918457	543
7.01225113869	1057
7.05831098557	-1368
7.08144497871	543
7.0817360878	543
7.10186100006	-1368
7.10188913345	-1368
7.11631798744	1460
7.11872220039	625
7.16457700729	-1152
7.16667699814	-1420
7.16671299934	-1316
7.16818118095	-1420
7.16821599007	-1420
7.16821813583	-1264
7.1685230732	-1420
7.16853618622	-1420
7.16859507561	-1264
7.16859817505	-1420
7.16864299774	-1420
7.16864609718	-1264
7.16877913475	-1420
7.16878318787	-1420
7.16882109642	-1264
7.16887021065	543
7.16905713081	543
7.16909098625	-1420
7.16909408569	-1420
7.16913700104	-1264
7.21055102348	-1420
7.21060204506	-1420
7.21060705185	-1264
7.24825620651	-1420
7.24828410149	-1420
7.2483561039	-1420
7.24835920334	-1420
7.24840497971	-1420
7.24840712547	-1420
7.24844908714	-1056
7.24845218658	-1368
7.24852609634	-1368
7.24852800369	-1420
7.24857807159	-1316
7.2612361908	543
7.27941608429	-1368
7.28017401695	543
7.28039908409	543
7.31902313232	-38
7.31965303421	543
7.31986498833	543
7.33105516434	-1420
7.33106017113	-1316
7.42670297623	-1420
7.42672920227	-1316
7.4267771244	-1420
7.42677998543	-1316
7.42699217796	543
7.47133398056	-161
7.51998806	-1420
7.52001309395	-1316
7.54001402855	-1420
7.54004120827	-1316
7.54023003578	-1420
7.54023504257	-1316
7.55101919174	543
7.55116820335	-1420
7.55117607117	-1420
7.55122518539	-1264
7.55176711082	543
7.55198216438	543
7.61947798729	-1420
7.61948513985	-1420
7.61956501007	-1420
7.61956810951	-1212
7.61960506439	-1368
7.61969518661	543
7.67265105247	-185
7.69079017639	-1420
7.69086909294	-1420
7.69087409973	-1264
7.74321508408	-1420
7.74323010445	-1420
7.74329209328	-1264
7.76602602005	-1420
7.7661011219	-1420
7.76610612869	-1264
7.76909399033	-1420
7.76910614967	-1420
7.76915812492	-1420
7.76916098595	-1212
7.77012610435	1460
7.77017498016	1139
7.80214214325	-1420
7.80215811729	-1420
7.80221605301	-1264
7.83537817001	543
7.83567905426	543
7.83595204353	543
7.8361530304	543
7.84313321114	-1163
7.85102820396	543
7.85323309898	-1420
7.85324001312	-1420
7.85330104828	-1264
7.85338997841	-1420
7.85344600677	-1316
7.85344910622	-1420
7.85348415375	-1420
7.85348701477	-1264
7.85351014137	-1368
7.87158918381	543
7.8718521595	543
7.90833115578	-1368
7.91823410988	-1420
7.91829919815	-1420
7.91830515862	-1264
7.91835212708	-1420
7.91835403442	-1316
7.91840720177	-1420
7.91841006279	-1316
7.98050999641	-1420
7.98052501678	-1420
7.98058819771	-1420
7.98059201241	-1420
7.98063516617	-1160
7.98975920677	-1420
7.98980903625	-1420
7.9898121357	-1264
7.98998212814	543
7.99011301994	543
7.99240612984	-1420
7.99241399765	-1420
7.99244999886	-1264
7.9924530983	-1368
7.99274420738	-1420
7.99274897575	-1420
7.99278903008	-1264
7.99718904495	-1420
7.9972410202	-1420
7.99724507332	-1420
7.99729418755	-1212
7.99729704857	-1420
7.99734020233	-1316
8.00573611259	-199
8.00705909729	543
8.06835198402	-1420
8.06837010384	-1420
8.06841802597	-1264
8.06940603256	-1368
8.0708861351	-1368
8.08942103386	-1420
8.08949017525	-1420
8.08949398994	-1264
8.14153003693	-1420
8.14155220985	-1420
8.14161515236	-1420
8.14161920547	-1420
8.1416580677	-1420
8.14165997505	-1420
8.14169597626	-1420
8.14170002937	-1004
8.14896416664	-1420
8.14897704124	-1420
8.14902305603	-1264
8.15031719208	-1420
8.15035915375	-1420
8.15036201477	-1264
8.15061616898	543
8.15067601204	543
8.1508409977	543
8.15986418724	-151
8.19033503532	1057
8.24013113976	-1420
8.24014520645	-1420
8.24020504951	-1264
8.26553320885	543
8.26580309868	543
8.29109215736	543
8.29166698456	543
8.29186201096	543
8.29222512245	543
8.2924311161	543
8.29278516769	543
8.29297208786	543
8.29333209991	543
8.29352617264	543
8.30628108978	-1420
8.30629014969	-1420
8.30633997917	-1264
8.30647611618	543
8.30678200722	-1420
8.30678701401	-1420
8.30682897568	-1264
8.30690312386	543
8.30731010437	543
8.30750918388	543
8.30905604362	-1420
8.30906105042	-1316
8.30931806564	543
8.3096780777	543
8.30986118317	543
8.34377908707	-1176
8.35650920868	-1368
8.35678219795	543
8.38749599457	-1420
8.38751006126	-1420
8.38757419586	-1264
8.38848614693	-1420
8.38852405548	-1316
8.38858413696	-1368
8.42030715942	-1368
8.42046713829	543
8.42053818703	-1420
8.42055010796	-1316
8.46685218811	-1420
8.46686816216	-1420
8.46691203117	-1420
8.46691513062	-1212
8.46695804596	-1420
8.46696019173	-1316
8.47904706001	543
8.50898098946	-1192
8.53736019135	-1420
8.53741812706	-1420
8.53742218018	-1264
8.53972005844	-1420
8.53977513313	-1420
8.53983211517	-1264
8.5398349762	-1420
8.53988599777	-1420
8.53988909721	-1264
8.53992509842	-1368
8.53992819786	-1368
8.54016304016	543
8.54648113251	-1420
8.54648709297	-1420
8.54653120041	-1264
8.60861706734	-1420
8.60862612724	-1420
8.60868215561	-1420
8.60868501663	-1212
8.60966610909	-1420
8.60967206955	-1420
8.60972714424	-1264
8.63813209534	543
8.63844108582	543
8.64901304245	-1420
8.64901804924	-1420
8.64906907082	-1420
8.64907217026	-1212
8.65621614456	543
8.65649318695	543
8.68605303764	-1420
8.6860640049	-1420
8.68611598015	-1264
8.68944501877	-1420
8.68950510025	-1420
8.68950819969	-1420
8.68955206871	-1212
8.68972206116	-1420
8.68975806236	-1420
8.68976020813	-1264
8.68977808952	-1420
8.68977999687	-769
8.68988800049	543
8.70892810822	-1420
8.70893597603	-1420
8.7090010643	-1264
8.70901203156	-1368
8.70915699005	-1368
8.70948815346	-1368
8.72069215775	-1420
8.72069811821	-1420
8.72075104713	-1264
8.73035407066	-1420
8.7303981781	-1420
8.73040103912	-1264
8.73052620888	543
8.76599216461	-1420
8.76599812508	-1316
8.7863471508	-1368
8.78644919395	-1420
8.78649306297	-1316
8.83178806305	-1420
8.83179497719	-1316
8.84213709831	-1368
8.8421421051	-831
8.84492206573	-1420
8.8449280262	-1316
8.84498000145	-1368
8.86605501175	-1420
8.86606121063	-1420
8.86615514755	-1420
8.86615800858	-1212
8.86619305611	-1420
8.86619710922	-1316
8.879956007	-1368
8.88007807732	-1420
8.88016414642	-1420
8.88016700745	-1264
8.88025212288	-1420
8.8802549839	-1420
8.88029503822	-1264
8.88866615295	-1420
8.88867402077	-1420
8.88872313499	-1264
8.8905479908	543
8.89077711105	543
8.91676020622	-1420
8.91676998138	-1420
8.91682815552	-1264
8.92610216141	-1420
8.92615008354	-1316
8.92675209045	543
8.9272711277	543
8.92750000954	543
8.94285702705	-1420
8.94286203384	-1420
8.94290518761	-1264
8.9588830471	-1420
8.95893597603	-1316
8.96131300926	-1368
8.96146798134	-1420
8.96147108078	-1316
8.97132110596	543
8.99466300011	-784
9.0294342041	-1420
9.0295021534	-1420
9.02950716019	-1264
9.04918408394	-1420
9.04919815063	-1420
9.04925608635	-1264
9.07786107063	-1420
9.07791399956	-1316
9.07814407349	-1368
9.07820701599	-1420
9.07821011543	-1420
9.07822799683	-1264
9.07835507393	-1420
9.07839417458	-1316
9.07844901085	543
9.08330702782	-1420
9.08332204819	-1420
9.0833671093	-1264
9.08337020874	-1368
9.09548211098	-1368
9.09557318687	-1420
9.09560608864	-1316
9.09560918808	-1420
9.09562516212	-1316
9.0957570076	-1368
9.09908008575	-1420
9.09908604622	-1420
9.09912610054	-1264
9.15102505684	543
9.15612411499	-1368
9.15661001205	-1368
9.15678501129	-1368
9.15695500374	-1420
9.15696001053	-1316
9.15699911118	-1420
9.15701007843	-1420
9.15704607964	-1264
9.15704917908	-1420
9.15708303452	-1316
9.15719604492	-1420
9.15723609924	-1316
9.15723919868	-1420
9.1572971344	-1316
9.15743613243	543
9.15747404099	-1420
9.15747618675	-1316
9.15765404701	543
9.17505407333	-1420
9.17506098747	-1420
9.17511415482	-1420
9.17511701584	-1212
9.17515206337	-1368
9.18129706383	-173
9.18767309189	-1420
9.18768715858	-1316
9.18773508072	-1368
9.23700904846	-1420
9.23704814911	-1420
9.23711109161	-1264
9.23711419106	-1420
9.23718619347	-1316
9.23718905449	-1420
9.23724508286	-1420
9.2372469902	-1264
9.23737716675	-1368
9.25117015839	543
9.25187516212	543
9.2520840168	543
9.26468515396	543
9.26693511009	-1368
9.26701903343	-1420
9.26706218719	-1316
9.27608704567	-1420
9.27614498138	-1420
9.27614808083	-1264
9.27628302574	543
9.31114411354	-1420
9.31115198135	-1420
9.31120705605	-1420
9.31121015549	-1212
9.31679105759	-1420
9.31679701805	-1316
9.32277202606	-1368
9.32343506813	-1420
9.32348608971	-1420
9.32349014282	-1264
9.32352805138	-1368
9.32362818718	543
9.33115911484	543
9.33383512497	-1029
9.33942508698	-1420
9.33947610855	-1316
9.33998918533	-1368
9.34018301964	-1420
9.34018707275	-1420
9.3402261734	-1420
9.34022903442	-1212
9.34721899033	-1420
9.34722709656	-1420
9.34727907181	-1264
9.3475420475	543
9.39039301872	-1420
9.39040803909	-1420
9.39047408104	-1420
9.39047813416	-1212
9.39052510262	-1368
9.39052820206	-1368
9.39382004738	543
9.40224909782	-1420
9.40225601196	-1420
9.4023141861	-1420
9.40231609344	-1212
9.40236210823	-1420
9.40236401558	-1420
9.40241003036	-1264
9.40241217613	-1368
9.4187271595	-1420
9.41873502731	-1316
9.41962003708	-1368
9.41983318329	-1420
9.41987609863	-1316
9.41988706589	-1420
9.41993308067	-1420
9.41993498802	-1264
9.41998004913	-1420
9.41998314857	-1316
9.42036414146	-1420
9.42036700249	-1316
9.43114113808	543
9.48710298538	-879
9.48725318909	543
9.4992120266	-1420
9.49922013283	-1420
9.49927210808	-1420
9.49927520752	-1212
9.4993751049	-1420
9.49937915802	-1316
9.531001091	-1420
9.53100609779	-1316
9.54795312881	-1368
9.57104611397	-1420
9.57112216949	-1316
9.57113409042	-1368
9.5715470314	-1420
9.57155203819	-1420
9.57159900665	-1264
9.57201099396	-1420
9.57206106186	-1420
9.5720641613	-1264
9.57217001915	-1368
9.57224106789	543
9.58022904396	-1420
9.58023500443	-1420
9.58028006554	-1264
9.59535717964	-1420
9.59540319443	-1420
9.59540605545	-1264
9.60960006714	-1420
9.60960507393	-1316
9.60965704918	-1368
9.63963413239	-913
9.64226198196	-1368
9.75394821167	-1368
9.7923309803	-1036
9.85601615906	-1420
9.85603117943	-1420
9.85609006882	-1264
9.86436414719	-1368
9.86563301086	1057
9.89628100395	-1368
9.89645504951	543
9.90094208717	543
9.90165901184	543
9.90192317963	543
9.90215110779	543
9.9023501873	543
9.90254306793	543
9.90272712708	543
9.90442419052	543
9.91571712494	543
9.91600203514	543
9.94483208656	-559
9.98048400879	-543
10.0591850281	-1368
10.0592031479	-1420
10.0592610836	-1316
10.0621180534	543
10.0863010883	-1420
10.0863161087	-1420
10.0863721371	-1264
10.0937230587	-1420
10.0937731266	-1316
10.112473011	-1420
10.1125240326	-1316
10.1610250473	543
10.1728770733	-1002
10.2052731514	-1368
10.2687821388	-1420
10.2687962055	-1420
10.2688610554	-1264
10.2735381126	-1420
10.2735960484	-1316
10.2788951397	-1368
10.2789020538	-1420
10.2789471149	-1316
10.3158080578	-1368
10.3255181313	-1002
10.3294010162	543
10.3316781521	543
10.3637940884	543
10.4484870434	-1368
10.4778881073	-746
10.4953410625	-1368
10.4955801964	-1368
10.4957280159	-1420
10.495732069	-1420
10.4957690239	-1264
10.5125060081	543
10.5127940178	543
10.5320219994	-1420
10.5320360661	-1420
10.5320911407	-1264
10.5917210579	1057
10.5938150883	-1420
10.5938210487	-1316
10.6304240227	-32
10.7193360329	-1420
10.719353199	-1420
10.7194111347	-1264
10.7534651756	-1368
10.7541651726	543
10.7563199997	543
10.7909960747	543
10.8023409843	-1368
10.8025372028	-1420
10.8025870323	-1316
10.8446831703	543
10.8478200436	-907
10.8612132072	543
10.9135231972	-1420
10.9135420322	-1420
10.913613081	-1264
10.9186420441	-543
11.0253620148	-1368
11.0293931961	543
11.0411400795	543
11.0414390564	543
11.0661170483	-1355
11.1112830639	543
11.1510000229	543
11.2472321987	-543
11.2927451134	543
11.2930262089	543
11.3560891151	543
11.3717010021	543
11.4012100697	-1368
11.4012241364	-1420
11.4012980461	-1316
11.4683680534	-1420
11.4683821201	-1420
11.4684431553	-1264
11.4824101925	-1420
11.4824280739	-1420
11.4824850559	-1420
11.4824881554	-1212
11.4825320244	-1368
11.482801199	-1420
11.4828431606	-1316
11.4828460217	-1368
11.4898340702	-699
11.5147521496	543
11.5154721737	543
11.5157570839	543
11.5316021442	543
11.5529181957	-1420
11.5529270172	-1420
11.5529761314	-1264
11.5529789925	-1420
11.5530049801	-1420
11.5530080795	-1264
11.5562980175	543
11.5565559864	543
11.5620031357	-1420
11.5620172024	-1420
11.5620601177	-1264
11.6103470325	-1420
11.6103570461	-1316
11.61237216	-1420
11.6123781204	-1316
11.6358640194	-1368
11.6358790398	-1420
11.6359901428	-1316
11.6359930038	-1420
11.6360311508	-1420
11.6360352039	-1264
11.640887022	-1420
11.6408929825	-1316
11.6421802044	-1034
11.6512801647	543
11.7244081497	-1420
11.7244260311	-1316
11.7787821293	-1420
11.7787971497	-1420
11.7788519859	-1264
11.8010690212	543
11.8042461872	-472
11.8327600956	-1368
11.8415219784	-1420
11.8415310383	-1420
11.8415892124	-1264
11.8583891392	-1420
11.8584520817	-1316
11.8696041107	-1420
11.8696491718	-1316
11.8760089874	-1420
11.8760690689	-1420
11.876073122	-1264
11.8810231686	543
11.882527113	543
11.9277911186	-1420
11.9278070927	-1316
11.9386920929	-1420
11.9387061596	-1420
11.9387631416	-1264
11.9852120876	-106
11.9895210266	543
11.9997401237	543
12.0181369781	-1368
12.0184621811	-1420
12.0185182095	-1316
12.0973031521	-1420
12.0973210335	-1316
12.0978040695	-1420
12.0978081226	-1316
12.0978760719	-1368
12.1034421921	543
12.1300280094	-1420
12.1300430298	-1420
12.1300990582	-1264
12.1409339905	543
12.1423749924	-662
12.1444489956	543
12.1446461678	543
12.1510281563	543
12.151086092	543
12.1769750118	-1420
12.1769831181	-1420
12.1770381927	-1264
12.2139360905	-1420
12.213958025	-1316
12.2973949909	-986
12.3136541843	1057
12.3171241283	543
12.3179161549	543
12.3181600571	543
12.3371200562	-1368
12.379404068	-1420
12.379420042	-1420
12.3794701099	-1420
12.3794732094	-1420
12.3795080185	-1160
12.3914320469	543
12.3945930004	543
12.4356620312	-1368
12.4699180126	-422
12.546667099	-1368
12.6224741936	-1347
12.6247951984	543
12.7083160877	-543
12.7468421459	-1420
12.74685812	-1420
12.746915102	-1264
12.8512802124	-1368
12.8564500809	-1368
12.8799011707	-1368
12.8892591	-277
12.9215540886	-543
13.0420291424	-543
13.0726130009	543
13.0734651089	543
13.0917930603	543
13.1020941734	-1368
13.1293451786	543
13.1872601509	-1420
13.1872770786	-1420
13.187333107	-1420
13.1873362064	-1420
13.1873791218	-1160
13.1892130375	-1368
13.1893191338	-1420
13.1893219948	-1420
13.1893591881	-1264
13.1894381046	-1368
13.1896281242	-1420
13.189633131	-1316
13.1900370121	-1420
13.1900420189	-1420
13.1900839806	-1264
13.1902821064	-1420
13.1903140545	-1316
13.1905350685	-1420
13.190582037	-1316
13.1905851364	-1368
13.19373703	543
13.2130930424	-1368
13.213103056	-1420
13.2131509781	-1316
13.2259089947	-1042
13.2667360306	-1420
13.2667531967	-1420
13.2668089867	-1264
13.2668130398	-1420
13.266849041	-1420
13.2668521404	-1420
13.266887188	-1212
13.268351078	-1368
13.2687780857	-1420
13.2687821388	-1420
13.2688751221	-1420
13.2688779831	-1212
13.2689261436	-1420
13.2689290047	-1420
13.268982172	-1264
13.2689940929	-1368
13.2690401077	-1420
13.2690420151	-1316
13.2690870762	-1368
13.2737801075	543
13.2740340233	543
13.3243610859	-1368
13.378455162	-288
13.4359891415	-1368
13.5311961174	-746
13.5517590046	543
13.5520610809	543
13.6080319881	-1420
13.6080510616	-1420
13.6081171036	-1420
13.6081211567	-1420
13.6081650257	-1160
13.6108531952	-1368
13.6110320091	-1420
13.6110360622	-1420
13.6110830307	-1264
13.6110851765	-1368
13.6114461422	-1420
13.6114590168	-1420
13.6114971638	-1264
13.6115000248	-1420
13.6115410328	-1316
13.611700058	-1420
13.6117291451	-1316
13.6123681068	-1420
13.6124060154	-1316
13.612662077	-1420
13.6126651764	-1420
13.6126670837	-1264
13.6139850616	543
13.6141550541	543
13.6149241924	543
13.6151471138	543
13.6835939884	-665
13.6876552105	-1420
13.6877110004	-1420
13.6877150536	-1264
13.6881802082	-1420
13.6881849766	-1420
13.6882669926	-1264
13.6882781982	-1420
13.6883151531	-1316
13.6910040379	-1420
13.6910760403	-1420
13.6910791397	-1264
13.6911330223	-1368
13.6912760735	-1420
13.6913051605	-1316
13.6913070679	-1420
13.6913230419	-1420
13.6913251877	-1264
13.6914350986	-1420
13.6914381981	-1420
13.6914741993	-1264
13.7010531425	543
13.718996048	-1420
13.7190110683	-1420
13.719066143	-1264
13.7300519943	-543
13.7676861286	-1420
13.7677299976	-1316
13.7677910328	-1420
13.7677950859	-1316
13.7678420544	-1368
13.7710380554	-1420
13.7710411549	-1316
13.8301410675	-1420
13.8301610947	-1420
13.8302211761	-1264
13.8400771618	-241
13.840337038	543
13.8431460857	543
13.843403101	543
13.9962770939	-543
14.0575771332	-1420
14.0575940609	-1316
14.1370060444	-1420
14.1370232105	-1420
14.1370890141	-1264
14.1510150433	543
14.1540710926	-1420
14.1540791988	-1316
14.1541140079	-1368
14.1681091785	-1368
14.1814851761	543
14.1890161037	-770
14.2231650352	543
14.2310090065	543
14.2312860489	1057
14.3315839767	543
14.3318490982	1057
14.3820221424	-1086
14.3978700638	543
14.3986341953	-1368
14.4026370049	543
14.4158930779	-1420
14.4159080982	-1316
14.4317891598	-1368
14.4958941936	543
14.4968659878	543
14.4971170425	543
14.534607172	-899
14.5374770164	543
14.7670631409	-1086
14.797396183	-1420
14.7974510193	-1316
14.8068721294	-1420
14.8069410324	-1420
14.8069460392	-1264
14.8071269989	-1420
14.8071300983	-1316
14.807459116	-1368
14.8096630573	-1420
14.8097200394	-1420
14.8097231388	-1264
14.8097610474	-1368
14.8099870682	-1420
14.8100290298	-1420
14.8100321293	-1264
14.8101651669	-1420
14.8101680279	-1420
14.8102061749	-1264
14.8108620644	543
14.8201889992	543
14.8393712044	-1420
14.8393890858	-1420
14.8394351006	-1264
14.8444349766	543
14.8854839802	-1420
14.8855011463	-1420
14.885584116	-1264
14.885586977	-1368
14.8857161999	-1420
14.8857200146	-1420
14.8857741356	-1264
14.8857760429	-1420
14.8858671188	-1316
14.8861970901	-1420
14.8862400055	-1420
14.8862431049	-1264
14.8895289898	-1368
14.8898591995	-1420
14.8898980618	-1316
14.8899850845	-1420
14.8900060654	-1420
14.8900091648	-1264
14.8902451992	543
14.8903841972	-1420
14.8903861046	-1420
14.8903870583	-1264
14.8905730247	543
14.8911151886	-1420
14.8911201954	-1316
14.8911840916	-1368
14.9160301685	-1368
14.9160821438	-1420
14.9160861969	-1316
14.9195041656	-1027
14.966012001	-1420
14.9660241604	-1420
14.9660689831	-1264
14.9661409855	-1420
14.9661781788	-1316
14.9664900303	-1368
14.9666211605	-1420
14.9666240215	-1316
14.9668672085	-1420
14.9668710232	-1316
14.9689011574	-1420
14.9689052105	-1420
14.9689509869	-1264
14.9689540863	-1420
14.9689881802	-1316
14.9690761566	-1368
14.9692261219	-1420
14.9692289829	-1316
14.9693729877	-1368
14.9695281982	-1420
14.9695301056	-1316
14.969825983	-1368
14.9700791836	543
14.9702851772	543
15.0269451141	-1420
15.0269720554	-1420
15.0270140171	-1264
15.0448541641	-1420
15.0449500084	-1420
15.0449550152	-1264
15.0450091362	-1420
15.0450119972	-1316
15.045083046	-1368
15.0461251736	-1368
15.046254158	-1420
15.0462582111	-1316
15.0484611988	-1368
15.0486900806	-1420
15.0487411022	-1420
15.0487442017	-1264
15.0487880707	-1420
15.0487911701	-1316
15.0489420891	-1420
15.04895401	-1420
15.0489900112	-1264
15.049213171	-1420
15.0492630005	-1420
15.0492660999	-1264
15.0500230789	543
15.1128921509	-1280
15.1247241497	-1420
15.1247930527	-1420
15.1247990131	-1420
15.1248362064	-1420
15.1248390675	-1160
15.1251001358	-1420
15.1251041889	-1420
15.1251330376	-1264
15.1253871918	-1420
15.125426054	-1420
15.1254291534	-1264
15.1255440712	-1368
15.1261470318	543
15.1275250912	-1420
15.1275420189	-1316
15.1278870106	-1368
15.1280691624	-1420
15.1281030178	-1316
15.1283900738	-1420
15.1284329891	-1420
15.1284351349	-1264
15.1288130283	-1420
15.1288180351	-1316
15.1291310787	-1368
15.1291351318	-1368
15.1304440498	543
15.1337761879	543
15.1549441814	-1420
15.1549601555	-1420
15.1550161839	-1264
15.2049541473	-1420
15.2049670219	-1420
15.2050290108	-1264
15.2050321102	-1420
15.2051100731	-1316
15.2055411339	-1368
15.2059919834	-1420
15.2059981823	-1316
15.2064352036	-1368
15.2078280449	-1368
15.2079610825	-1420
15.2079641819	-1420
15.2080101967	-1264
15.2080411911	-1368
15.2082509995	-1368
15.2083091736	-1420
15.208327055	-1420
15.2083389759	-1264
15.2089211941	-1420
15.2089250088	-1420
15.2089600563	-1264
15.210999012	543
15.2111730576	543
15.2311360836	1460
15.2312669754	111
15.266023159	-1420
15.2660410404	-1420
15.2661070824	-1264
15.2702591419	543
15.2770171165	-724
15.286345005	-1420
15.2864170074	-1420
15.2864210606	-1264
15.2869770527	-1420
15.2869820595	-1316
15.2876241207	-1368
15.2882311344	-1420
15.2882640362	-1316
15.2887041569	-1368
15.2896690369	-1420
15.28967309	-1420
15.2897000313	-1264
15.2900722027	-1420
15.2901110649	-1316
15.2903389931	-1368
15.290705204	-1420
15.290708065	-1316
15.2914021015	-1368
15.2919461727	-1420
15.2919499874	-1316
15.2924580574	-1368
15.2938961983	543
15.320002079	-1420
15.3200139999	-1420
15.3200740814	-1264
15.3375751972	543
15.338353157	543
15.3386421204	543
15.3392450809	543
15.3418850899	543
15.3632771969	-1420
15.3632891178	-1420
15.3633420467	-1264
15.3635010719	-1420
15.3635971546	-1420
15.3636000156	-1264
15.3636360168	-1420
15.3636381626	-1316
15.3637731075	543
15.3638350964	-1368
15.3661000729	-1420
15.3661341667	-1420
15.3661370277	-1264
15.3662600517	543
15.3666460514	-1368
15.3667891026	-1420
15.3668410778	-1316
15.3672130108	-1420
15.3672630787	-1420
15.3672661781	-1264
15.3673021793	-1420
15.3673050404	-1420
15.3673770428	-1264
15.3673801422	-1368
15.3675620556	543
15.3766641617	-1420
15.3766720295	-1316
15.4389271736	-1143
15.4434080124	-1420
15.4435391426	-1420
15.4435441494	-1420
15.443582058	-1420
15.4435861111	-1160
15.4436330795	-1368
15.443636179	-1420
15.4436872005	-1316
15.4436900616	-1368
15.4485001564	-1420
15.448513031	-1420
15.4485940933	-1420
15.4485960007	-1212
15.4486432076	-1420
15.4486451149	-1316
15.4486911297	-1368
15.4487020969	-1420
15.4487550259	-1316
15.4490070343	543
15.4490461349	-1420
15.449048996	-1316
15.4491541386	-1420
15.4491660595	-1420
15.4492030144	-1264
15.4492080212	-1368
15.4493880272	543
15.4586880207	543
15.4879410267	-1420
15.4879560471	-1316
15.5099360943	543
15.5954589844	-449
15.5961971283	543
15.6111011505	1057
15.7103071213	-1368
15.7193601131	-1420
15.7194240093	-1420
15.7194771767	-1264
15.7195210457	-1420
15.7195241451	-1316
15.7636051178	-1368
15.7639729977	-480
15.7788701057	-1420
15.778878212	-1420
15.7789301872	-1264
15.7790532112	-1368
15.7795929909	-1420
15.779597044	-1420
15.7796330452	-1420
15.779635191	-1212
15.7797880173	-1420
15.7797911167	-1316
15.7798490524	-1368
15.7909719944	543
15.791285038	543
15.8008861542	543
15.8030991554	543
15.8211929798	-1368
15.8988091946	-543
15.9165949821	-865
15.918598175	543
15.9680690765	543
16.040459156	1460
16.0405900478	111
16.0691800117	-1086
16.1573791504	-1420
16.1573951244	-1316
16.2216410637	-920
16.2329070568	-1420
16.2329230309	-1420
16.2330191135	-1264
16.2330219746	-1420
16.2330591679	-1420
16.2330620289	-1264
16.2331101894	-1368
16.2331130505	-1368
16.2371411324	-1368
16.2373261452	543
16.2686941624	-1420
16.2687120438	-1420
16.2687699795	-1264
16.3163070679	-1368
16.3165700436	543
16.3854620457	-1010
16.4015371799	-1368
16.4244301319	-1420
16.4244480133	-1420
16.4245171547	-1264
16.498265028	-543
16.5151491165	1057
16.5381259918	-327
16.5723831654	-1368
16.574007988	543
16.5960772038	1057
16.6452901363	-1420
16.6453061104	-1420
16.6453690529	-1264
16.6831622124	-1368
16.6833481789	1460
16.6833970547	111
16.6906070709	-588
16.7061090469	543
16.7064361572	543
16.7285270691	-1420
16.7285439968	-1420
16.7285990715	-1420
16.7286021709	-1420
16.7286400795	-1160
16.7286419868	-1420
16.7286851406	-1420
16.7286901474	-1264
16.7939221859	-1420
16.7939400673	-1420
16.7939970493	-1420
16.7940001488	-1212
16.8263180256	-1368
16.8263440132	-1368
16.8429460526	-185
16.887953043	-1420
16.8880121708	-1316
16.9054009914	-1420
16.9054751396	-1316
16.9609692097	543
16.9955570698	-298
17.0513091087	-1420
17.0513269901	-1316
17.1482670307	-920
17.1611700058	-1420
17.1611800194	-1316
17.1798410416	-1420
17.1798570156	-1420
17.1799211502	-1264
17.1810150146	-1420
17.1810209751	-1420
17.1810750961	-1264
17.1853420734	-1420
17.1854021549	-1420
17.185406208	-1264
17.1854870319	-1368
17.1854901314	-1420
17.1855430603	-1316
17.1855461597	-1368
17.1857361794	543
17.1858890057	-1420
17.1859030724	-1420
17.1859490871	-1264
17.1863911152	-1420
17.186424017	-1316
17.186519146	-1368
17.1865880489	543
17.1869699955	-1420
17.1869740486	-1316
17.1870541573	-1368
17.1880161762	1460
17.1880671978	111
17.2599711418	-1420
17.2599990368	-1420
17.2601130009	-1264
17.260117054	-1420
17.2601630688	-1420
17.2601671219	-1264
17.2652909756	-1368
17.2656681538	-1420
17.2657060623	-1316
17.2659680843	-1420
17.2659921646	-1316
17.2659950256	-1368
17.266256094	-1368
17.2663490772	543
17.2665011883	-1420
17.2665040493	-1420
17.2665359974	-1264
17.2669620514	-1420
17.2670071125	-1316
17.2676041126	-1368
17.2678711414	-1420
17.2678761482	-1316
17.2681031227	-1368
17.2683801651	-1420
17.2684230804	-1316
17.2684731483	-1368
17.2685611248	543
17.3135399818	-745
17.3400921822	-1420
17.3401629925	-1420
17.3401691914	-1420
17.3402161598	-1420
17.3402180672	-1160
17.3402581215	-1420
17.3402609825	-1420
17.3403031826	-1264
17.3455860615	-1368
17.3457651138	-1420
17.3457691669	-1316
17.3459410667	543
17.3460130692	-1368
17.3461971283	-1420
17.3462181091	-1316
17.3463790417	-1420
17.3464281559	-1420
17.3464310169	-1264
17.3467400074	-1420
17.3467450142	-1420
17.3467850685	-1264
17.3689920902	-1420
17.3690621853	-1420
17.369066	-1264
17.401802063	-1420
17.4018170834	-1420
17.4018750191	-1264
17.4190680981	-1368
17.4191360474	-1368
17.4251070023	543
17.4287390709	543
17.4289360046	1460
17.429008007	111
17.4308030605	543
17.4311280251	543
17.4923651218	-826
17.4925570488	543
17.498363018	1460
17.4995470047	-1420
17.4995501041	-1420
17.4995510578	-1420
17.4995510578	-1212
17.5031421185	1460
17.5032100677	707
17.5042471886	543
17.5047562122	543
17.5049991608	543
17.5140690804	-1420
17.514083147	-1420
17.5141351223	-1264
17.5144920349	-1420
17.5145361423	-1420
17.5145390034	-1264
17.5148282051	543
17.6448750496	-915
17.6605350971	-1420
17.6605901718	-1316
17.7973060608	-406
17.8963131905	-1420
17.8963282108	-1420
17.8963851929	-1420
17.8963880539	-1212
17.9184641838	-1368
17.9185731411	-1420
17.9186341763	-1316
17.9186370373	-1368
17.9187860489	-1368
17.9189209938	543
17.9191441536	-1368
17.9195129871	-1420
17.9195580482	-1420
17.9195611477	-1264
17.9201099873	-1420
17.9201161861	-1420
17.9201581478	-1264
17.9202849865	-1420
17.9203281403	-1316
17.92040205	-1420
17.9204421043	-1316
17.9342880249	-1420
17.9343299866	-1420
17.9343340397	-1264
17.9671502113	543
17.9711201191	543
17.9713890553	543
17.9897651672	-441
17.9982140064	-1420
17.9982771873	-1420
17.9982821941	-1420
17.9983000755	-1420
17.9983019829	-1420
17.9983181953	-1108
17.9987921715	-1420
17.9988410473	-1420
17.9988441467	-1264
17.9988892078	-1420
17.9989011288	-1316
17.9990580082	-1420
17.9990611076	-1316
17.9992730618	543
17.9993200302	-1420
17.9994730949	-1420
17.9995110035	-1264
17.9995160103	-1420
17.9995510578	-1420
17.9995541573	-1264
17.9995901585	-1420
17.9995920658	-1316
17.9996910095	543
18.0136899948	-1420
18.0137062073	-1420
18.013764143	-1264
18.0195081234	-1420
18.0195641518	-1420
18.0195670128	-1264
18.0662829876	1460
18.0664031506	111
18.0780379772	-1420
18.0780529976	-1420
18.078109026	-1420
18.0781121254	-1420
18.0781490803	-1160
18.0781509876	-1368
18.0783360004	543
18.0786511898	-1420
18.0786550045	-1420
18.078687191	-1264
18.0786890984	-1420
18.0787050724	-1316
18.0790271759	-1420
18.0790882111	-1420
18.0790910721	-1264
18.1507751942	-750
18.1510941982	543
18.1531260014	543
18.1538829803	543
18.165979147	-1368
18.1678130627	-1420
18.1678631306	-1316
18.2047371864	1057
18.2271749973	543
18.2795732021	-1368
18.2797300816	-1420
18.2797851562	-1316
18.3070881367	-190
18.466946125	-1420
18.4669630527	-1420
18.4670200348	-1420
18.4670231342	-1212
18.4672141075	543
18.5061950684	-812
18.6293921471	-1368
18.6345641613	-1420
18.6345791817	-1316
18.635032177	-1420
18.6350381374	-1316
18.6351130009	-1420
18.635117054	-1316
18.6352360249	-1420
18.635240078	-1316
18.6950631142	-1420
18.6950800419	-1420
18.6951370239	-1420
18.695141077	-1420
18.6951770782	-1160
18.7010262012	543
18.714769125	-1420
18.7147769928	-1420
18.7148211002	-1264
18.7168810368	-823
18.7346200943	-1420
18.7346310616	-1420
18.7346789837	-1264
18.8736300468	-1420
18.8736581802	-1316
18.8737220764	-1368
18.8872051239	-1218
18.8894011974	543
18.891395092	543
18.9311361313	1460
18.9312150478	111
19.0398139954	-543
19.0433821678	543
19.4795310497	-543
19.5908391476	-1368
19.6321082115	-1260
19.6716990471	-1420
19.6717691422	-1420
19.6718101501	-1420
19.6718540192	-1212
19.6720190048	543
19.7019810677	-1420
19.701996088	-1420
19.7020599842	-1264
19.7512509823	-1420
19.751294136	-1316
19.7845480442	-256
19.7847430706	543
19.8129360676	-1368
19.8212630749	-543
19.8413259983	1460
19.8414092064	111
19.869492054	543
19.9653170109	-232
20.4044940472	-543
20.4045641422	-1368
20.5572199821	-717
20.5574171543	543
20.5638661385	-1420
20.5638740063	-1316
20.6438171864	-1420
20.6438350677	-1420
20.6439270973	-1264
20.6439301968	-1420
20.6439681053	-1316
20.6439712048	-1368
20.6750771999	-1368
20.7105240822	-1284
20.7228121758	543
20.7558810711	1460
20.7559711933	111
21.0719611645	-543
21.0721230507	-1420
21.0721640587	-1316
21.1513991356	-1420
21.1514651775	-1420
21.1515130997	-1420
21.1515500546	-1212
21.1515841484	-1420
21.1516191959	-1316
21.1626961231	-1420
21.1627709866	-1420
21.1628160477	-1264
21.1832470894	-1420
21.1833200455	-1420
21.1833891869	-1420
21.1834330559	-1420
21.1834750175	-1160
21.1835169792	-1420
21.1835210323	-1420
21.1835651398	-1264
21.22479105	-1084
21.2250030041	543
21.3263671398	-543
21.4430701733	-543
21.554172039	-1368
21.5543320179	543
21.6349861622	-232
21.7025501728	1460
21.7026441097	111
22.0212759972	-543
22.2607440948	-543
22.2608280182	-1420
22.2608561516	-1316
22.3409020901	-1420
22.3409609795	-1420
22.3409891129	-1264
22.3413591385	543
22.3510451317	543
22.3714230061	-1420
22.3714380264	-1316
22.4133040905	-1363
22.632848978	-543
22.6520411968	1057
23.2376701832	-543
23.3513929844	1460
23.351473093	625
23.4754900932	-1420
23.4755589962	-1420
23.4756062031	-439
23.6280369759	-920
23.7080950737	-1420
23.7081429958	-1316
23.8184859753	-1420
23.8185360432	-1316
23.8198590279	-298
23.9469871521	-1420
23.9470801353	-1420
23.9471271038	-1420
23.947191	-1420
23.9472401142	-1420
23.9472839832	-1108
23.9725589752	-704
24.1251029968	-543
24.1808390617	-1420
24.1808609962	-1316
24.2604241371	-1420
24.2604410648	-1420
24.2605001926	-1264
24.2776930332	-986
24.2778902054	543
24.2916572094	-1420
24.2916710377	-1316
24.4126420021	-1420
24.4126610756	-1316
24.430450201	-1326
24.540222168	-1368
24.6229290962	-1260
24.7115850449	1057
24.7207541466	543
24.7610480785	1057
24.7969810963	543
24.7972609997	543
24.8629031181	543
24.8710231781	543
24.9018220901	543
24.9944291115	543
24.9947891235	543
25.0683031082	-543
25.1510181427	543
25.2918791771	-543
25.4444630146	-543
25.4469120502	-543
25.529405117	-1420
25.5294661522	-1316
25.5307221413	-1368
25.5307841301	-1420
25.5308020115	-1420
25.5308201313	-1264
25.5534200668	-1420
25.5534670353	-1316
25.5798711777	543
25.5801720619	543
25.5969040394	-1139
25.5969891548	543
25.6627020836	-1368
25.8151881695	-775
25.8166441917	543
25.8833379745	-1368
25.9947080612	-1420
25.9947271347	-1316
26.0110390186	1460
26.0111010075	111
26.0358161926	-1152
26.0487320423	-1420
26.0488181114	-1316
26.0488231182	-1420
26.048869133	-1316
26.1085951328	-1368
26.109416008	-1368
26.161367178	543
26.1840910912	-1420
26.1841051579	-1316
26.1905009747	-111
26.194024086	-1420
26.1940310001	-1316
26.2079350948	-1420
26.2079410553	-1316
26.218569994	-1368
26.2227962017	543
26.2230250835	543
26.3464531898	-16
26.4133651257	-1368
26.4728791714	-543
26.4926931858	-1420
26.4927091599	-1316
26.5240900517	-1368
26.5241060257	-1420
26.5241601467	-1420
26.5241630077	-1264
26.5390090942	-393
26.6522901058	-1420
26.6523041725	-1420
26.6523640156	-1420
26.6523680687	-1420
26.6524040699	-1420
26.6524071693	-1108
26.6530029774	1057
26.7329921722	-1247
26.733091116	543
26.8836381435	-1420
26.8836510181	-1420
26.8837230206	-1264
26.8841090202	-1420
26.884155035	-1316
26.8841581345	-1368
26.9251201153	-704
26.9253799915	543
26.9261732101	543
26.9950339794	-1368
27.0774161816	-261
27.2469420433	543
27.6615300179	-543
27.6616032124	-1368
27.8142940998	-203
27.8346660137	1057
27.9667210579	-1086
27.9721250534	543
28.4142820835	-543
28.6231122017	-543
28.7425210476	-1420
28.7425971031	-1420
28.7426440716	-1264
28.7754461765	-95
28.9280982018	-1086
28.9386441708	543
28.9391701221	543
28.9402852058	543
28.9407150745	543
29.0802280903	-543
29.314027071	-543
29.3644001484	543
29.3646609783	543
29.5172011852	-543
29.6295771599	-1368
29.669629097	-261
29.6838200092	543
29.6840879917	543
29.7405002117	-1368
29.8220410347	-739
