0	543
6.60419464111e-05	543
0.999573945999	543
0.999639034271	543
2.051623106	-543
2.20155000687	-543
2.51311898232	-543
2.51883101463	543
2.91803097725	-543
2.91830801964	543
3.31029605865	-543
3.31138896942	-1368
3.31147289276	-1368
3.31176710129	-1368
3.31181502342	-1368
3.32145309448	-1368
3.32164311409	-1368
3.32167100906	-1368
3.32239508629	543
3.4032959938	1368
3.41086792946	-1368
3.41090106964	-1368
3.44071888924	-1368
3.44084405899	-1368
3.44086003304	-177
3.45120096207	804
3.50545597076	-1368
3.50548410416	-1368
3.50550794601	-1368
3.50903201103	-1368
3.50906801224	-1368
3.50907301903	-1368
3.58031606674	-704
3.59575510025	-1368
3.59578800201	-1368
3.6038210392	-1368
3.60412096977	543
3.61656188965	-1368
3.63456988335	-1368
3.63627696037	-1368
3.64314889908	-1368
3.64318203926	-1368
3.64318799973	-1368
3.64645290375	-1368
3.64647507668	-1368
3.6580851078	-1368
3.65812110901	-1368
3.65814805031	-1368
3.65819096565	-1368
3.73280096054	-1368
3.73290991783	-1368
3.73297405243	-1368
3.73298692703	-1368
3.73299694061	-1368
3.73300504684	-1368
3.7724609375	-1368
3.77249503136	-1368
3.77251195908	-1368
3.77251696587	-615
3.77283811569	543
3.78760194778	-1368
3.78763103485	-1368
3.78764796257	-1368
3.7892780304	-1368
3.78930211067	-1368
3.79700088501	-1368
3.79703807831	-1368
3.79704499245	-1368
3.81281089783	-1368
3.81283402443	-1368
3.81286406517	-1368
3.81288409233	-1368
3.86187911034	-1368
3.86190199852	-1368
3.86192393303	-1368
3.90189695358	-902
3.90234994888	1368
3.94045090675	261
3.99991703033	543
4.03091096878	-1086
4.03148603439	1368
4.07388091087	775
4.16042995453	-543
4.28453207016	543
4.3264799118	-543
4.37910890579	-1368
4.37913608551	-1368
4.38973402977	-1368
4.44502997398	-1368
4.44505691528	-1368
4.44507908821	-1368
4.44556689262	-1368
4.44559288025	-1368
4.44562101364	-1368
4.45545101166	-1368
4.45547103882	-1368
4.49442100525	-148
4.49608397484	-1368
4.4961309433	-1368
4.49828100204	-1368
4.50379109383	-1368
4.50382399559	-1368
4.61298203468	-1368
4.6130259037	-1368
4.61636805534	-1368
4.61642289162	-1368
4.61909008026	-1368
4.62380003929	-1031
4.62395906448	-1368
4.62565588951	-1368
4.62588405609	543
4.62794089317	-1368
4.62797307968	-1368
4.62988901138	-1368
4.62991690636	-1368
4.62993693352	-1368
4.63336992264	-1368
4.63351106644	-1368
4.64489388466	-1368
4.64496994019	-1368
4.64498305321	-1368
4.65542292595	1368
4.67367100716	-1368
4.67370200157	-1368
4.68354201317	1368
4.68566703796	-1368
4.6856880188	-1368
4.68571710587	-1368
4.68574595451	-1368
4.68577194214	-1368
4.68580389023	-1368
4.68583297729	-1368
4.75291109085	-1368
4.75294208527	-1368
4.75297999382	-1368
4.75301599503	-1368
4.75304698944	-1368
4.75305104256	-478
4.78450202942	522
4.79633498192	-1368
4.79636311531	-1368
4.79637908936	-1368
4.80464601517	-1368
4.80467295647	-1368
4.80468797684	-1368
4.82933092117	-1368
4.82967400551	-1368
4.82970309258	-1368
4.83001589775	-1368
4.83084988594	-1368
4.83101701736	-1368
4.83107709885	-1368
4.83109402657	-1368
4.83127498627	-1368
4.83130407333	-1368
4.8313729763	-1368
4.83152699471	1368
4.84062004089	-1368
4.84063696861	-1368
4.8406701088	-1368
4.84068894386	-1368
4.85468792915	-1368
4.85471701622	-1368
4.85473608971	-1368
4.88111805916	1368
4.88186597824	-731
4.93866705894	-1368
4.93867897987	978
4.94312095642	-1368
4.94313907623	-1368
4.95080208778	-1368
4.95082092285	-1368
4.95084190369	-1368
4.98746609688	-1368
4.98749709129	-1368
4.98750495911	-1368
4.98888587952	-1368
4.98891305923	-1368
4.98926591873	-1368
4.98929905891	-1368
4.98932695389	-1368
4.99690699577	-1368
4.99692606926	-1368
4.99695110321	-1368
4.99882602692	-1368
4.99885606766	-1368
4.99888300896	-1368
5.05844688416	-433
5.06794095039	1086
5.11036300659	-1368
5.1105389595	-1368
5.14632987976	-1368
5.18765306473	-725
5.18806004524	1368
5.19751310349	804
5.26137089729	1368
5.26755905151	1368
5.27294301987	1368
5.31663203239	-543
5.31693100929	1368
5.32644295692	841
5.34815907478	-1368
5.34817910194	-1368
5.34820508957	-1368
5.41827607155	1368
5.42775511742	-1368
5.43302202225	-1368
5.44596910477	-45
5.44644093513	1368
5.44644904137	1368
5.49240803719	696
5.57539391518	-543
5.57557702065	1368
5.59200906754	-1368
5.59725189209	-1368
5.59728288651	-1368
5.59730911255	-1368
5.60034990311	-1368
5.60037708282	-1368
5.60311388969	-1368
5.60508704185	-1368
5.6051170826	-1368
5.60758209229	-1368
5.61201691628	-1368
5.61226701736	-1368
5.61250901222	-1368
5.61423707008	-1368
5.6144630909	-1368
5.61636400223	-1368
5.61828398705	-1368
5.618309021	-1368
5.61833810806	-1368
5.65364789963	-1368
5.65367293358	1318
5.65368008614	-1368
5.65371799469	-1368
5.66058206558	-1368
5.66060805321	-1368
5.66062688828	-1368
5.6854839325	1368
5.70480108261	-1368
5.70482993126	-1368
5.7048470974	-1368
5.70487999916	-1368
5.70491409302	-1368
5.70495009422	-1368
5.70495510101	-436
5.72603011131	-1368
5.7260620594	-1368
5.72607493401	-1368
5.74269795418	-1368
5.74321508408	-1368
5.74328994751	-1368
5.74481105804	-1368
5.74489998817	-1368
5.7449119091	-1368
5.74492311478	-1368
5.7474489212	-1368
5.74748301506	-1368
5.7545979023	-1368
5.75481510162	-1368
5.75483798981	-1368
5.75752401352	1368
5.78316903114	-1368
5.78319001198	522
5.80945205688	-1368
5.80956602097	-1368
5.80963611603	-1368
5.80969691277	-1368
5.81171607971	1368
5.81919503212	-1368
5.81935811043	-1368
5.81943011284	-1368
5.82736301422	1368
5.83154201508	-1368
5.83157300949	-1368
5.83159399033	-1368
5.8316180706	-1368
5.83164405823	-1368
5.83168005943	-1368
5.83170390129	-1368
5.83173298836	-1368
5.83175992966	-1368
5.83394193649	1368
5.85484910011	-1368
5.85496902466	-531
5.89696192741	-1368
5.9041659832	-1368
5.90420103073	-1368
5.9042069912	-1368
5.90450000763	1368
5.90450191498	-1368
5.9051759243	-1368
5.9051990509	-1368
5.90646910667	-1368
5.90649604797	-1368
5.90652394295	-1368
5.90976309776	-1368
5.90978598595	-1368
5.90980792046	-1368
5.91174793243	-1368
5.91178393364	-1368
5.9118270874	-1368
5.93886089325	-1368
5.93888902664	414
5.93889808655	-1368
5.93890404701	-1368
5.93893098831	-1368
5.93895888329	-1368
5.93901705742	-1368
5.93905210495	-1368
5.93906903267	-1368
5.97146391869	-1368
5.98045802116	-1368
5.98049807549	-1368
5.98051905632	-1368
5.98052406311	-1368
5.98057508469	-1368
5.98408508301	-1319
5.99731302261	-1368
5.9974629879	-1368
5.99757790565	-1368
5.99922990799	-1368
5.99926400185	-1368
5.99969005585	543
6.00186300278	-1368
6.03319406509	-1368
6.03327989578	-1368
6.03335499763	-1368
6.03336906433	-1368
6.03338503838	-1368
6.03339505196	-1368
6.03341293335	-1368
6.03344607353	-1368
6.03387188911	1368
6.04560208321	-1368
6.04599809647	-1368
6.06125092506	-1368
6.06128191948	-1368
6.06130409241	-1368
6.07586407661	-1368
6.07589197159	804
6.11324691772	-976
6.20511698723	543
6.22244310379	-1368
6.22246289253	-1368
6.22256302834	-1368
6.27285504341	-1368
6.27288198471	-1368
6.27289795876	-1368
6.28214597702	-1368
6.28217792511	-1368
6.29007101059	-1368
6.29436397552	-1368
6.29438400269	-1368
6.29451990128	-1118
6.3054049015	-1368
6.30991411209	-1368
6.30995297432	-1368
6.31016993523	1368
6.31176710129	-1368
6.31345510483	-1368
6.31357002258	-1368
6.31519508362	-1368
6.31526589394	-1368
6.31527996063	-1368
6.31800699234	-1368
6.31804609299	-1368
6.31810092926	-1368
6.31925010681	-1368
6.32039093971	-1368
6.3204190731	-1368
6.32159590721	-1368
6.32192397118	1368
6.32332706451	-1368
6.32335710526	-1368
6.323376894	-1368
6.32414698601	-1368
6.32417392731	-1368
6.32519507408	-1368
6.32583498955	-1368
6.32586097717	-1368
6.32661604881	-1368
6.32724809647	-1368
6.3273088932	-1368
6.33409690857	-1368
6.33412408829	1036
6.33413410187	-1368
6.33417010307	-1368
6.33420300484	-1368
6.33423304558	-1368
6.34079909325	-1368
6.34082102776	-1368
6.35344600677	-1368
6.37079000473	-1368
6.37092709541	-1368
6.38569092751	-1368
6.38572192192	-1368
6.38572788239	-1368
6.38575696945	-1368
6.38578295708	-1368
6.38582706451	-1368
6.38585090637	-1368
6.38586997986	-1368
6.3859000206	-1368
6.38592600822	-1368
6.38595890999	-1368
6.3938601017	1368
6.40120506287	-1368
6.40123200417	-1368
6.40987110138	-1368
6.40989899635	-1368
6.40993499756	-1368
6.40996003151	-1368
6.41835308075	-1368
6.41837596893	-1368
6.41839790344	-1368
6.43516492844	-1368
6.4352619648	-1368
6.43528389931	-1368
6.43530607224	-1368
6.43531489372	-1368
6.43537306786	-1368
6.43540692329	-1368
6.43545293808	-1368
6.44703698158	-1368
6.44725799561	-1368
6.44730591774	-1368
6.44733810425	-92
6.44844388962	1368
6.45343589783	-1368
6.45349192619	-1368
6.4559340477	-1368
6.45595598221	-1368
6.45992803574	-1368
6.45995593071	-1368
6.46273899078	-1368
6.46439504623	-1368
6.46442103386	522
6.46614599228	-1368
6.46617388725	-1368
6.46815705299	-1368
6.47016310692	-1368
6.47019100189	-1368
6.47021603584	-1368
6.50187206268	-1368
6.50343108177	-1368
6.50345802307	-1368
6.50508189201	-1368
6.50521588326	-1368
6.50523495674	-1368
6.51328802109	1368
6.51476597786	-1368
6.51485896111	-1368
6.51492190361	-1368
6.51493597031	-1368
6.51496100426	-1368
6.51496911049	-1368
6.51498794556	-1368
6.5574491024	1368
6.57754588127	-196
6.5792529583	-1368
6.59172105789	-1368
6.6161839962	-1368
6.61621308327	522
6.61622190475	-1368
6.64596605301	-1368
6.65645599365	-1368
6.66407704353	-1368
6.66410303116	-1368
6.66412901878	-1368
6.6671769619	-1368
6.66724610329	-1368
6.66727089882	-1368
6.67312097549	-1368
6.67313790321	-1368
6.67321205139	-1368
6.67738890648	-1368
6.6774160862	-1368
6.67744088173	-1368
6.6820731163	-1368
6.6841199398	-1368
6.6841480732	-1368
6.68746590614	-1368
6.68749809265	-1368
6.68752408028	-1368
6.69122290611	-1368
6.69126796722	-1368
6.69133996964	-1368
6.69289708138	-1368
6.69292402267	-1368
6.69295096397	-1368
6.69548010826	-1368
6.69550991058	-1368
6.69758296013	-1368
6.69760704041	-1368
6.69763708115	-1368
6.69834303856	-1368
6.69837093353	-1368
6.6984360218	-1368
6.70009589195	-1368
6.70014405251	-1368
6.70017409325	-1368
6.7022049427	-1368
6.70312094688	-1368
6.70662093163	-1243
6.70784306526	-1368
6.70786499977	-1368
6.70944190025	-1368
6.70949292183	-1368
6.70952510834	-1368
6.71201205254	-1368
6.71203589439	-1368
6.71232199669	1368
6.71394991875	-1368
6.71498298645	-1368
6.71606111526	-1368
6.71610689163	-1368
6.72073793411	-1368
6.72075605392	-1368
6.73314404488	-1368
6.73319196701	-1368
6.73320603371	-1368
6.74249601364	-1368
6.74253106117	-1368
6.74258208275	-1368
6.74262690544	-1368
6.74267196655	-1368
6.74272203445	-1368
6.74277091026	-1368
6.7428150177	-1368
6.76091194153	-1368
6.76092910767	1347
6.76100111008	-1368
6.7610270977	-1368
6.77246999741	-1368
6.77249288559	-1368
6.77252793312	-1368
6.77256608009	-1368
6.772605896	-1368
6.77264499664	-1368
6.78286099434	-1368
6.78287291527	-1368
6.78289890289	-1368
6.78307104111	1368
6.792979002	-1368
6.79299998283	-1368
6.79302597046	-1368
6.79304599762	-1368
6.79307103157	-1368
6.79310393333	-1368
6.82016396523	-1368
6.82019305229	-1368
6.82023000717	-1368
6.82025909424	-1368
6.82028698921	-1368
6.82032394409	-1368
6.82182502747	-1368
6.82917499542	-1368
6.8291990757	-1368
6.82921910286	-1368
6.8371360302	-529
6.87952208519	-1368
6.87954807281	-1368
6.88223600388	-1368
6.88569998741	-1368
6.88571810722	-1368
6.88574409485	-1368
6.8902258873	-1368
6.89023804665	1347
6.89024400711	-1368
6.8916349411	-1368
6.89377593994	-1368
6.89380502701	-1368
6.89572405815	-1368
6.89575910568	-1368
6.89578795433	-1368
6.89732503891	-1368
6.90300393105	-1368
6.90305495262	-1368
6.90308690071	-1368
6.90746903419	-1368
6.90748596191	-1368
6.90751600266	-1368
6.90807104111	-1368
6.90810799599	-1368
6.90853691101	-1368
6.90903997421	-1368
6.91937494278	-1368
6.93746590614	-1368
6.93829202652	-1368
6.9383161068	-1368
6.93848609924	-1368
6.93874907494	-1368
6.94773602486	-1368
6.94776511192	-1368
6.94779396057	-1368
6.94796705246	1368
6.95217490196	-1368
6.95220994949	-1368
6.95222806931	-1368
6.95270991325	-1368
6.95273804665	-1368
6.95276403427	-1368
6.98599600792	-543
6.98934102058	-1368
6.98936605453	-1368
6.98939490318	-1368
6.99021196365	-1368
6.99239897728	-1368
6.99242591858	-1368
6.99253892899	-1368
6.99980807304	-1368
6.99983000755	543
6.99983596802	-1368
6.99986600876	-1368
7.00248408318	-811
7.01562190056	-1368
7.01564502716	-1368
7.01567411423	-1368
7.02506089211	-1368
7.02507805824	804
7.0273399353	-1368
7.02771711349	-1368
7.02774500847	-1368
7.02777504921	-1368
7.03638505936	-1368
7.03641104698	-1368
7.03643989563	-1368
7.04143190384	-1368
7.04148101807	-1368
7.04149794579	-1368
7.04167294502	-1368
7.04607701302	-1368
7.0799779892	-1368
7.08166193962	-1368
7.08168888092	-1368
7.08886909485	-1368
7.0893740654	1368
7.09002304077	1368
7.14456892014	-433
7.16553902626	-1368
7.16555500031	522
7.17819595337	-1368
7.1782310009	-1368
7.19187903404	1368
7.29465889931	-1181
7.29469108582	804
7.42368507385	-543
7.4237139225	1086
7.5527100563	-543
7.61090803146	-1368
7.61723804474	-1368
7.6273059845	-1368
7.62733387947	-1368
7.62735390663	-1368
7.63167405128	-1368
7.63171291351	-1368
7.6317191124	-1368
7.64005494118	-1368
7.64010000229	-1368
7.64013504982	-1368
7.66211605072	-1368
7.66240000725	543
7.66515898705	1368
7.67800498009	-1368
7.71840190887	-69
7.72130393982	1368
7.72230410576	1368
7.72470498085	-1368
7.72473406792	-1368
7.72475290298	-1368
7.7250430584	-1368
7.7250790596	-1368
7.72509598732	-1368
7.73553299904	-1368
7.79417705536	211
7.80470490456	-1368
7.80473709106	-1368
7.8188829422	-1368
7.84751296043	-488
7.96042490005	543
7.9671049118	-1368
7.9680249691	-1368
7.97299289703	-1368
7.9735751152	-1368
7.9736020565	-1368
7.97573208809	-1368
7.97667503357	-820
7.97946310043	1368
7.98960900307	-1368
8.00057196617	543
8.09837388992	261
8.10613894463	-1289
8.12301301956	-1368
8.12830710411	-1368
8.12962007523	-1368
8.12964105606	-1368
8.13797307014	-1368
8.13863301277	-1368
8.1386590004	-1368
8.16012406349	1368
8.16120505333	-1368
8.23529696465	-1255
8.23533391953	804
8.27769589424	-1368
8.27772808075	-1368
8.27775502205	-1368
8.28488206863	-1368
8.28569793701	-1368
8.28572010994	-1368
8.2943251133	-1368
8.29435610771	-1368
8.29437303543	-1368
8.36453008652	-799
8.36456203461	543
8.38274502754	-1368
8.38277292252	-1368
8.38285303116	-1368
8.4935400486	-638
8.49356603622	543
8.50851988792	-1368
8.582228899	-1368
8.58228111267	-1368
8.58230996132	-1368
8.58558511734	-1368
8.59156608582	-1368
8.59158802032	-1368
8.59160590172	-1368
8.59414505959	-1368
8.59628891945	-1368
8.61128091812	-1368
8.61130404472	-1368
8.61134505272	-1368
8.61153507233	1368
8.62245488167	-554
8.62246990204	261
8.68082904816	-1368
8.68085002899	-1368
8.68222808838	-1368
8.68225598335	-1368
8.6870470047	-1368
8.68940401077	-1368
8.68943810463	-1368
8.68945789337	-1368
8.75166988373	-1081
8.75170493126	543
8.78672003746	-1368
8.78674602509	-1368
8.83314800262	-1368
8.83364009857	1368
8.84679603577	-1368
8.84687900543	-1368
8.84707093239	-1368
8.84712100029	-1368
8.84716701508	-1368
8.84875106812	-1368
8.84885787964	-1368
8.8488740921	-1368
8.8492770195	1368
8.87128996849	-1368
8.87131500244	-1368
8.88076710701	-69
8.88078999519	522
8.99216389656	-1368
8.9959321022	-1368
8.99630594254	-1368
9.01001906395	-1268
9.01004290581	1086
9.0134999752	-1368
9.01352310181	-1368
9.01354193687	-1368
9.04700493813	-1368
9.0470468998	-1368
9.06771588326	1368
9.08499407768	-1368
9.08535790443	-1368
9.08537507057	-1368
9.13893508911	-1052
9.13897204399	1347
9.19213604927	-1368
9.19216394424	-1368
9.1921889782	-1368
9.19251704216	-1368
9.19254207611	-1368
9.25429797173	-1368
9.25432300568	-1368
9.26125597954	-1368
9.2661690712	-1368
9.2662050724	-1368
9.26821494102	-1118
9.26824307442	1086
9.28383898735	-1368
9.28386592865	-1368
9.28388404846	-1368
9.34533691406	-1368
9.34536600113	-1368
9.34539198875	-1368
9.35610890388	-1368
9.35615205765	-1368
9.35616111755	-1368
9.3564479351	1368
9.37623095512	-1368
9.37633395195	-1368
9.39714407921	-119
9.39717507362	261
9.49943995476	-1368
9.52650809288	-1347
9.52654290199	543
9.60011911392	-1368
9.60014510155	-1368
9.60016703606	-1368
9.61187410355	-1368
9.61195898056	-1368
9.61197209358	-1368
9.61616897583	-1368
9.61619710922	-1368
9.61621594429	-1368
9.6232149601	-1368
9.65547299385	-973
9.65550088882	1086
9.68435406685	-1368
9.69604206085	-1368
9.6960709095	-1368
9.70580792427	-1368
9.70583295822	-1368
9.70583701134	-1368
9.71751594543	-1368
9.71753406525	-1368
9.71754693985	-1368
9.77589488029	-1368
9.77721691132	-1368
9.77724003792	-1368
9.77742409706	-1368
9.77748990059	-1368
9.77751088142	-1368
9.7782869339	1368
9.784897089	-989
9.78491902351	261
9.78575801849	-1368
9.7857708931	-1368
9.78578305244	-1368
9.78671789169	-1368
9.78673601151	-1368
9.84765601158	-1368
9.84897899628	-1368
9.84899997711	-1368
9.86013889313	-1368
9.86020588875	-1368
9.89335203171	-1368
9.89471793175	-1368
9.89474010468	-1368
9.89476704597	-1368
9.89885091782	-1368
9.898884058	-1368
9.89890599251	-1368
9.90278506279	-1368
9.9028069973	-1368
9.90283107758	-1368
9.90588402748	-1368
9.90598011017	-1368
9.90716099739	-1368
9.90718698502	-1368
9.90721797943	-1368
9.90725398064	-1368
9.90761208534	-1368
9.90764689445	-1368
9.90767598152	-1368
9.90770411491	-1368
9.9080760479	1368
9.91383910179	-892
9.91386604309	804
9.9287250042	-1368
9.92875599861	-1368
9.92877697945	-1368
9.93867993355	-1368
9.93872308731	-1368
9.9387280941	-1368
9.98822593689	-1368
9.98830199242	-1368
9.98925304413	-1368
9.98936510086	-1368
9.98939704895	-1368
9.99265003204	-1368
9.99274611473	-1368
9.99277496338	-1368
9.99285197258	-1368
9.99287891388	-1368
9.99290990829	-1368
9.99293708801	-1368
9.99297094345	-1368
9.99302101135	-1368
9.99336600304	-1368
9.99339103699	-1368
9.99342107773	-1368
9.99472904205	-1368
9.99476599693	-1368
9.99480390549	-1368
10.0030810833	-1368
10.0031130314	-1368
10.0031569004	-1368
10.0130369663	-1368
10.0159709454	-1368
10.0160019398	-1368
10.0429389477	-125
10.0430738926	1086
10.1978189945	1368
10.208386898	261
10.2197980881	-543
10.2222130299	-1368
10.2222490311	-1368
10.2237269878	-1368
10.2901029587	-1368
10.2901320457	-1368
10.3030130863	-1368
10.3512530327	-762
10.3515660763	543
10.3582389355	1368
10.3782939911	-1368
10.4803540707	-232
10.4874908924	232
10.6095108986	-1086
10.6523919106	1086
10.6569960117	-1368
10.6570129395	-1368
10.6570360661	-1368
10.7782530785	-638
10.7826900482	543
10.9115540981	543
10.9156351089	-543
10.9280729294	-1368
10.9422829151	-1368
10.992677927	-1368
10.9926989079	-1368
10.9927260876	-1368
10.9995789528	543
10.999612093	543
11.0569810867	-1102
11.0570120811	1086
11.0634479523	1368
11.0935270786	-543
11.1858639717	-543
11.1858990192	775
11.3150808811	-1086
11.3167600632	543
11.4457890987	-1086
11.5099790096	-1368
11.5100140572	-1368
11.5100231171	-1368
11.5102789402	543
11.5728108883	-1368
11.5728371143	-1368
11.5831520557	-1368
11.5845429897	-1368
11.5845689774	-1368
11.5857610703	-1368
11.5857870579	-1368
11.5858199596	-1368
11.5927960873	-1368
11.593487978	-1368
11.5935409069	-1368
11.5942471027	-1368
11.5942730904	-1368
11.6052069664	1368
11.6100699902	-1368
11.6102879047	-1368
11.6103649139	-1368
11.6105310917	-1368
11.6105759144	-1368
11.6106209755	-1368
11.6110479832	-1368
11.6110770702	-1368
11.6110990047	-1368
11.6140909195	-1368
11.6143479347	-1368
11.6143810749	-1368
11.6145000458	-1368
11.6145188808	-1368
11.621117115	-1368
11.6212460995	-1368
11.6388070583	-639
11.6672539711	-1368
11.6672821045	1347
11.6672918797	-1368
11.6675291061	-1368
11.6675789356	-1368
11.6676239967	-1368
11.6678249836	-1368
11.6678550243	-1368
11.6783180237	-1368
11.6783359051	-1368
11.6970551014	-1368
11.6973478794	-1368
11.6973700523	-1368
11.6974079609	-1368
11.6975030899	-1368
11.6976709366	-1368
11.6993880272	-1368
11.6994850636	-1368
11.6995151043	-1368
11.6995809078	-1368
11.6996109486	-1368
11.6997199059	-1368
11.7002420425	-1368
11.7002689838	-1368
11.7072401047	-1368
11.7072811127	-1368
11.7451329231	-1368
11.7451610565	-1368
11.7540810108	-1368
11.754101038	-1368
11.7546830177	-1368
11.7547121048	-1368
11.7547469139	-1368
11.7547650337	-1368
11.7563240528	-1368
11.756346941	-1368
11.7563889027	-1368
11.7963519096	-1140
11.7963809967	1086
11.7982060909	1368
11.8609309196	1368
11.9253749847	-543
11.9254078865	1036
11.9884479046	-1368
11.9885349274	-1368
12.0022559166	-1368
12.0543570518	-95
12.0544540882	1086
12.1166551113	-1368
12.1167590618	-1368
12.1168599129	-1368
12.161698103	-1368
12.1617240906	-1368
12.1617479324	-1368
12.1620099545	1368
12.1835930347	-733
12.1836190224	261
12.2667529583	-1368
12.2670691013	1368
12.2811870575	-1368
12.2812120914	-1368
12.281234026	-1368
12.3126080036	-899
12.312638998	1347
12.3170800209	-1368
12.3189609051	-1368
12.3190019131	-1368
12.3190090656	-1368
12.3196520805	-1368
12.3196699619	-1368
12.3201849461	-1368
12.3217279911	-1368
12.3217530251	-1368
12.3237950802	-1368
12.3249220848	-1368
12.3249740601	-1368
12.3254609108	-1368
12.3265810013	-1368
12.3866930008	1368
12.3974449635	-1368
12.4416620731	-989
12.4416968822	261
12.5709650517	-543
12.5712499619	543
12.6225969791	-1368
12.6278450489	-1368
12.6278800964	-1368
12.6369550228	-1368
12.6369919777	-1368
12.6369979382	-1368
12.6412770748	1368
12.6415660381	1368
12.6450328827	-1368
12.6482479572	-1368
12.6482810974	-1368
12.6520540714	1368
12.7001640797	-828
12.7002010345	696
12.7189040184	-1368
12.7190229893	-1368
12.7203691006	-1368
12.7230069637	-1368
12.7230379581	-1368
12.7239449024	-1368
12.7239670753	-1368
12.7239949703	-1368
12.7265770435	-1368
12.7266058922	-1368
12.7266280651	-1368
12.7269659042	1368
12.7294039726	-1368
12.7295091152	-1368
12.73001194	-1368
12.7307920456	-1368
12.7308409214	-1368
12.731566906	-1368
12.7316100597	-1368
12.7316160202	-1368
12.7331130505	-1368
12.7331430912	-1368
12.7331669331	-1368
12.7350919247	-1368
12.7354059219	1368
12.7361340523	-1368
12.7373321056	-1368
12.7373609543	-1368
12.7387320995	-1368
12.7481250763	-1368
12.7481529713	-1368
12.7615458965	-1368
12.7625238895	-1368
12.762583971	-1368
12.7633569241	-1368
12.7642579079	-1368
12.7650899887	-1368
12.7651178837	-1368
12.7662000656	-1368
12.7662220001	-1368
12.7673830986	-1368
12.7674059868	-1368
12.7690939903	-1368
12.7817020416	-1368
12.7817430496	-1368
12.782337904	-1368
12.7823519707	-1368
12.7923529148	-1368
12.7925000191	-1368
12.7925710678	-1368
12.7925798893	-1368
12.7925949097	-1368
12.7926020622	-1368
12.7934110165	1368
12.8095390797	-1368
12.8095629215	-1368
12.8096530437	-1368
12.8179531097	-1368
12.8180680275	-1368
12.8295629025	-1312
12.8296899796	240
12.8345370293	-1368
12.8414130211	-1368
12.8417890072	-1368
12.8418400288	-1368
12.8427190781	-1368
12.8427410126	-1368
12.8458220959	-1368
12.8458480835	-1368
12.8481760025	-1368
12.8481988907	-1368
12.8482251167	-1368
12.8482561111	-1368
12.8482830524	-1368
12.867923975	-1368
12.8679540157	-1368
12.8695878983	-1368
12.870609045	-1368
12.8706359863	-1368
12.8714389801	-1368
12.8714640141	-1368
12.8717041016	-1368
12.8717389107	-1368
12.871792078	-1368
12.8718860149	-1368
12.8830831051	-1368
12.8882229328	-1368
12.888258934	-1368
12.895553112	-1368
12.8959670067	-1368
12.9069740772	-1368
12.9073998928	1368
12.9075798988	-1368
12.9076070786	-1368
12.9336879253	-1368
12.9337201118	-1368
12.9337649345	-1368
12.9384870529	-1368
12.9385159016	-1368
12.9385249615	-1368
12.94094491	-1368
12.9419939518	-1368
12.9420199394	-1368
12.9433488846	-1368
12.9444839954	-1368
12.9460821152	-1368
12.9461100101	-1368
12.9461369514	-1368
12.947535038	-1368
12.9556930065	-1368
12.955728054	-1368
12.9589149952	-1180
12.9589929581	804
12.9633729458	-1368
12.9634029865	-1368
12.96342206	-1368
12.9651949406	-1368
12.965898037	-1368
12.96595788	-1368
12.9666700363	-1368
12.9680540562	-1368
12.968118906	-1368
12.9681339264	-1368
12.9692630768	-1368
12.9747788906	-1368
12.9893269539	-1368
12.9893550873	-1368
12.9937911034	-1368
12.9979560375	-1368
12.9989290237	-1368
12.9989519119	-1368
12.9989728928	-1368
12.9992930889	543
13.0019989014	-1368
13.0160028934	1368
13.0248699188	-1368
13.025290966	-1368
13.069396019	1368
13.0694088936	1368
13.0695381165	1368
13.0702660084	1368
13.0878040791	-14
13.0878300667	45
13.1292779446	-1368
13.129308939	-1368
13.129365921	-1368
13.1302649975	-1368
13.1303389072	-1368
13.1303479671	-1368
13.1347970963	-1368
13.1348190308	-1368
13.1348340511	-1368
13.1379408836	-1368
13.1379868984	-1368
13.1380050182	-1368
13.1408660412	-1368
13.140889883	-1368
13.1409139633	-1368
13.1411859989	1368
13.141810894	-1368
13.1487350464	-543
13.1985180378	-1368
13.198579073	-1368
13.21240592	-1368
13.2167379856	-143
13.2168459892	261
13.2335920334	1368
13.345635891	-543
13.3456668854	203
13.3988549709	-1368
13.4003500938	-1368
13.4006199837	-1368
13.4006719589	-1368
13.4006989002	-1368
13.4007270336	-1368
13.4007589817	-1368
13.400785923	-1368
13.4008319378	1368
13.4018321037	-1368
13.4019138813	-1368
13.4019389153	-1368
13.402659893	-1368
13.4027340412	-1368
13.4028429985	-1368
13.4028699398	-1368
13.4028999805	-1368
13.4050331116	-1368
13.4050519466	-1368
13.4050829411	-1368
13.4112660885	-1368
13.4112989902	-1368
13.4115850925	1368
13.4438149929	-1368
13.4748339653	-1324
13.4749140739	435
13.552957058	1368
13.5797960758	-1368
13.579832077	-1368
13.5798540115	-1368
13.5871369839	-1368
13.5872271061	-1368
13.5872399807	-1368
13.5887899399	-1368
13.5888199806	-1368
13.5888381004	-1368
13.5937669277	-1368
13.6038570404	-459
13.6038899422	261
13.6402599812	-1368
13.6403150558	-1368
13.6403648853	-1368
13.6561579704	-1368
13.6706089973	-1368
13.6710460186	-1368
13.6710729599	-1368
13.6711480618	-1368
13.6711800098	-1368
13.6712079048	-1368
13.6712388992	-1368
13.67126894	-1368
13.6713058949	-1368
13.6715080738	-1368
13.6715610027	-1368
13.6715860367	-1368
13.6717619896	-1368
13.6718089581	-1368
13.67197299	-1368
13.6719989777	-1368
13.6720280647	-1368
13.6723279953	-1368
13.6724190712	-1368
13.6724638939	-1368
13.6724989414	-1368
13.6725180149	-1368
13.6728000641	-1368
13.6728188992	-1368
13.6728479862	-1368
13.6729910374	-1368
13.6730189323	-1368
13.6744999886	-1368
13.6745240688	-1368
13.6745889187	-1368
13.6829819679	-1368
13.7136249542	-1368
13.7136878967	-1368
13.7141149044	-1368
13.7142460346	-1368
13.7142729759	-1368
13.7330420017	-808
13.7330698967	1086
13.7557730675	-1368
13.7557981014	-1368
13.7561268806	-1368
13.7566869259	-1368
13.7567141056	-1368
13.7567379475	-1368
13.7582840919	-1368
13.7583179474	-1368
13.7583448887	-1368
13.7585890293	-1368
13.7586169243	-1368
13.7586688995	-1368
13.7592120171	-1368
13.7592439651	-1368
13.7592699528	-1368
13.7601079941	-1368
13.7601830959	-1368
13.7604799271	-1368
13.7605240345	-1368
13.7605550289	-1368
13.7607650757	-1368
13.7608349323	-1368
13.7608630657	-1368
13.7609930038	1368
13.7613511086	-1368
13.7613859177	-1368
13.7614049911	-1368
13.7694220543	-1368
13.7694549561	-1368
13.7694690228	-1368
13.7694940567	-1368
13.7695229053	-1368
13.7695569992	-1368
13.7695829868	-1368
13.7696099281	-1368
13.7777559757	1368
13.8021569252	-1368
13.8021800518	-1368
13.8022150993	-1368
13.8142869473	-1368
13.8460869789	-1368
13.8461239338	-1368
13.8461499214	-1368
13.8461539745	-1368
13.846173048	-1368
13.8462359905	-1368
13.8462600708	-1368
13.8467140198	1368
13.8499429226	-1368
13.8500010967	-1368
13.8514521122	-1368
13.851500988	-1368
13.8515329361	-1368
13.8523681164	-1368
13.8524029255	-1368
13.8524079323	-1368
13.8544440269	-1368
13.8545091152	-1368
13.8585660458	-1368
13.8596711159	-1368
13.859744072	-1368
13.8597579002	-1368
13.8597769737	-1368
13.8597829342	-1368
13.8599169254	-1368
13.8599450588	-1368
13.8599710464	-1368
13.8607990742	-1368
13.8608400822	-1368
13.8608629704	-1368
13.8622210026	-1368
13.8622860909	1268
13.8623080254	-1368
13.8623180389	-266
13.8847410679	-1368
13.9872169495	-1368
13.987612009	1368
13.9913899899	-522
13.9914150238	261
14.0506489277	-1368
14.0507559776	-1368
14.050786972	-1368
14.0512039661	-1368
14.0512349606	-1368
14.0514850616	-1368
14.0602209568	-1368
14.0602440834	-1368
14.0602650642	-1368
14.0607259274	-1368
14.0607531071	-1368
14.1205101013	-604
14.1205449104	1086
14.2040660381	-1368
14.2040979862	-1368
14.2041211128	-1368
14.2230420113	-1368
14.223099947	-1368
14.2231099606	-1368
14.2389481068	-1368
14.2389719486	-1368
14.2469880581	-1368
14.247013092	-1368
14.2470319271	-1368
14.249630928	-148
14.2496550083	543
14.2502999306	-1368
14.2503290176	-1368
14.2504661083	-1368
14.2504999638	-1368
14.2505300045	-1368
14.250731945	-1368
14.2507500648	-1368
14.2510499954	-1368
14.2612938881	1368
14.2916400433	-1368
14.2917640209	-1368
14.3543279171	-1368
14.3545060158	-1368
14.3545660973	-1368
14.3601999283	-1368
14.3602800369	-1368
14.3603050709	-1368
14.3663549423	-1368
14.3674669266	-1368
14.3675029278	-1368
14.3684849739	-1368
14.3685069084	-1368
14.3685610294	-1368
14.3787209988	-665
14.3787510395	804
14.4190030098	-1368
14.5078709126	-775
14.5306499004	1368
14.5308001041	203
14.5521130562	-543
14.5601220131	-1368
14.5619840622	-1368
14.562016964	-1368
14.6151399612	-1368
14.6344120502	1368
14.636868	-327
14.6598739624	775
14.6973319054	-1368
14.6973669529	-1368
14.6973929405	-1368
14.7006270885	-1368
14.7006969452	-1368
14.7007069588	-1368
14.7007160187	-1368
14.7007279396	-1368
14.7007439137	-1368
14.7009019852	-1368
14.7025020123	-1368
14.7031879425	-1368
14.7032148838	-1368
14.7039198875	-1368
14.7039439678	-1368
14.7057650089	-1368
14.7057960033	-1368
14.7058169842	-1368
14.7058799267	-1368
14.7059071064	-1368
14.7059340477	-1368
14.7059679031	-1368
14.7059850693	-1368
14.7060210705	-1368
14.7060480118	-1368
14.7060730457	-1368
14.7061300278	-1368
14.7061679363	-1368
14.7062280178	-1368
14.7062540054	-1368
14.7062830925	-1368
14.7063660622	-1368
14.7065300941	-1368
14.7066640854	-1368
14.7067170143	-1368
14.7067439556	-1368
14.7067699432	-1368
14.7101380825	1368
14.7838339806	-1368
14.7839069366	-1368
14.7852070332	-1368
14.7890040874	-294
14.7891290188	261
14.7951331139	-1368
14.795167923	-1368
14.8067340851	-1368
14.8964691162	-1368
14.9181380272	-327
14.918170929	543
14.9996778965	543
15.0141990185	-1368
15.0142250061	-1368
15.0142409801	-1368
15.0470879078	-95
15.0538580418	543
15.0545430183	1368
15.0797240734	-1368
15.0797510147	-1368
15.0797729492	-1368
15.0891358852	-1368
15.0891680717	-1368
15.0891981125	-1368
15.1115911007	-1368
15.1116189957	-1368
15.176117897	-1081
15.183784008	746
15.2338609695	1368
15.2835149765	-1368
15.3129210472	-261
15.3129808903	746
15.4420220852	-543
15.4421839714	543
15.6076788902	-543
15.6938860416	-1368
15.7826609612	-1289
15.8485860825	-1368
15.849337101	-1368
15.8493590355	-1368
15.84938097	-1368
15.8495800495	543
15.85850811	-1368
15.858536005	-1368
15.8585560322	-1368
15.8900339603	1368
15.9022669792	-1368
15.9023339748	-1368
15.9117500782	-1313
16.0164530277	1318
16.2416388988	-543
16.2970840931	-1368
16.3080289364	-1368
16.3162789345	543
16.3199100494	-1368
16.3199369907	-1368
16.3706638813	-870
16.4452130795	543
16.4882628918	1368
16.5739719868	203
16.60206604	-543
16.660998106	-543
16.7310080528	-543
16.815130949	543
16.8986349106	-543
16.9804470539	543
16.9942829609	-1368
16.9966049194	-1368
16.9966390133	-1368
16.9992148876	-1368
16.9992470741	-1368
16.9992649555	-1368
17.0028269291	-1368
17.0028600693	-1368
17.0028839111	-1368
17.007776022	-1368
17.0078508854	-1368
17.0078670979	-1368
17.0131630898	-1368
17.0182609558	-1368
17.0237169266	-1368
17.0260369778	-1368
17.0260698795	-1368
17.0737791061	-1368
17.0739550591	-1368
17.0740799904	-1368
17.0740990639	-1368
17.0748159885	1368
17.0884370804	-1368
17.0885128975	-1368
17.0885698795	-1368
17.106415987	-101
17.148542881	261
17.1782119274	1368
17.2777929306	775
17.2911310196	-543
17.6657509804	-543
17.7948679924	-1086
17.7952520847	543
17.795675993	1368
17.9236910343	-543
17.9241480827	1289
18.0533819199	-543
18.1167500019	-1368
18.1168999672	-1368
18.2184760571	-920
18.2236349583	543
18.3472778797	-543
18.3613119125	-1368
18.3613409996	1086
18.3613519669	-1368
18.3613569736	-1368
18.3721010685	-1368
18.3721261024	-1368
18.3721458912	-1368
18.4102289677	-1368
18.4102699757	-1368
18.4508469105	-1368
18.4514460564	-1368
18.4903049469	-1002
18.4903390408	543
18.5133440495	1368
18.6194040775	-543
18.6194469929	261
18.7202000618	-1368
18.7483170033	-261
18.748349905	543
18.7578868866	-1368
18.7579278946	-1368
18.7941870689	-1368
18.7950229645	-1368
18.7950549126	-1368
18.7968099117	-1368
18.800369978	-1368
18.800424099	-1368
18.8004739285	-1368
18.8009910583	-1368
18.8010799885	-1368
18.8010969162	-1368
18.8012580872	-1368
18.8012928963	-1368
18.8015420437	-1368
18.8015680313	-1368
18.8016281128	-1368
18.8026590347	-1368
18.8026940823	-1368
18.8027229309	-1368
18.8030219078	1368
18.8035449982	-1368
18.806219101	-1368
18.8062579632	-1368
18.820027113	-1368
18.82020998	-1368
18.8202369213	-1368
18.8740758896	-1368
18.874106884	-1368
18.8741230965	-1368
18.8772668839	-660
18.877300024	261
18.8844649792	-1368
18.8844881058	-1368
18.8845119476	-1368
18.9683330059	-1368
18.9683699608	-1368
19.0065999031	-1044
19.006633997	543
19.0510749817	-1368
19.1356859207	-775
19.1360800266	543
19.2359309196	-1368
19.2647790909	-261
19.304418087	1086
19.3937590122	-543
19.4562089443	-1368
19.4562458992	-1368
19.5703349113	-920
19.5746788979	543
19.6994810104	-543
19.7403740883	543
19.7782280445	-1368
19.7783339024	-1368
19.7899000645	-1368
19.8577430248	-1368
19.8577721119	-1368
19.8577969074	-1368
19.8662889004	-733
19.8688149452	-1368
19.9084808826	1057
19.9954109192	-1289
20.1164751053	543
20.1664009094	-1086
20.2952899933	-543
20.5640380383	543
20.5999550819	-543
20.6873109341	-1368
20.6873409748	-1368
20.6950960159	-1368
20.7662129402	-95
20.8954389095	-543
21.0244390965	-543
21.024739027	543
21.0582840443	1368
21.1872520447	746
21.413036108	-543
21.4132549763	543
21.500797987	-1368
21.5008370876	-1368
21.5422210693	-920
21.5828869343	-1368
21.5847120285	-1368
21.5847840309	-1368
21.5848090649	-1368
21.5862720013	-1368
21.6283500195	1057
21.6286120415	-1368
21.6286299229	-1368
21.6286420822	-1368
21.7117369175	-596
21.73290205	-1368
21.7329421043	-1368
21.7329590321	-1368
21.7331280708	-1368
21.7331650257	-1368
21.73320508	-1368
21.736907959	-1368
21.7475130558	-1368
21.7475318909	-1368
21.7475500107	-1368
21.8325219154	-1368
21.8330049515	-1368
21.8338730335	543
21.8411130905	-894
21.8804190159	-1368
21.8804659843	-1368
21.8804740906	-1368
21.8897891045	-1368
21.889852047	-1368
21.8899021149	-1368
21.89230299	-1368
21.8923470974	-1368
21.8923530579	-1368
21.9300649166	-1368
21.9300899506	-1368
21.9301130772	-1368
21.9335410595	-1368
21.9341700077	-1368
21.9341950417	-1368
21.940928936	-1368
21.9409561157	-1368
21.962446928	-1368
21.9630980492	1086
22.0094749928	-599
22.0443909168	-1368
22.0453538895	-1368
22.0453810692	-1368
22.0482430458	-1368
22.0482850075	-1368
22.0483109951	-1368
22.0483400822	-1368
22.0483660698	-1368
22.0559830666	-1368
22.0590829849	-1368
22.0591108799	-1368
22.0835239887	-1368
22.0835530758	-1368
22.0847730637	-1368
22.0848009586	-1368
22.0918450356	-1368
22.0918750763	-1368
22.0919001102	-1368
22.0940980911	-1368
22.0944440365	543
22.1735351086	-1287
22.1818809509	1368
22.2178111076	-1368
22.2178320885	-1368
22.2178521156	-1368
22.2197709084	-1368
22.2198081017	-1368
22.221544981	-1368
22.2442979813	-1368
22.2443320751	804
22.2443449497	-1368
22.2462520599	-1368
22.2462859154	-1368
22.2463009357	-1368
22.2553009987	-1368
22.255325079	-1368
22.2553389072	-1368
22.2957489491	-1368
22.2958180904	-1368
22.2958750725	-1368
22.3062109947	-1368
22.310765028	-541
22.3201060295	1368
22.3801250458	-1368
22.3801701069	804
22.380177021	-1368
22.3801848888	-1368
22.4397630692	-1181
22.5123479366	543
22.6063990593	-543
22.7357869148	-543
22.7361168861	543
22.8651340008	-1086
22.8651630878	1086
22.8656010628	1368
22.9685161114	-1368
22.9720509052	-1368
22.9722049236	-1368
22.9942340851	-1152
22.9942619801	775
23.1233251095	-543
23.2187290192	-1368
23.2187740803	-1368
23.2188029289	-1368
23.2830870152	-1368
23.2865679264	543
23.2923181057	-1368
23.2923429012	-1368
23.2923679352	-1368
23.2944889069	-422
23.3047790527	-1368
23.3047990799	-1368
23.4233379364	-920
23.4233679771	1086
23.5779380798	-543
23.5779659748	1086
23.6138079166	-1368
23.6138269901	-1368
23.6239440441	-1368
23.6958880424	-1368
23.696007967	-1368
23.6960780621	-1368
23.7072820663	-190
23.7091069221	-1368
23.7091269493	-1368
23.709141016	-1368
23.8360259533	-66
23.8382160664	1057
23.8410749435	-1368
23.8410990238	-1368
23.841121912	-1368
23.858299017	-1368
23.858330965	-1368
23.8583440781	-1368
23.9275538921	-1368
23.9276540279	-1368
23.9384400845	-1368
23.9651889801	-1342
23.9656260014	1368
23.9969489574	-1368
23.9971048832	232
23.9979929924	-1368
23.9980258942	-1368
24.0001840591	-1368
24.000262022	-1368
24.0003139973	-1368
24.0007100105	-1368
24.0013699532	-1368
24.0014081001	-1368
24.001447916	-1368
24.0099089146	-1368
24.0100469589	-1368
24.0100669861	-1368
24.0402789116	-1368
24.0943100452	-1329
24.1263289452	1086
24.4225320816	-543
24.5621809959	-1368
24.5903019905	-775
24.6184089184	543
24.6814520359	-1368
24.7190461159	-261
24.7473120689	543
25.0179579258	-543
25.0182960033	543
25.1476318836	-1086
25.2701010704	543
25.3381719589	-543
25.4671230316	-543
25.6194109917	-1368
25.6194589138	-1368
25.619492054	-1368
25.6347179413	-66
25.6421000957	543
25.7638170719	-1086
25.7707619667	543
25.8996529579	543
26.0235888958	-543
26.0286560059	543
26.1576709747	-543
26.2626779079	-1368
26.3223900795	-1368
26.3305819035	-493
26.3339281082	1057
26.9440839291	-543
26.9536271095	543
26.9548249245	-1368
26.9548799992	-1368
27.0345981121	-1368
27.0363240242	-1368
27.0363500118	-1368
27.0829799175	-472
27.1078169346	-1368
27.1078529358	-1368
27.1151111126	-1368
27.1151349545	-1368
27.1151509285	-1368
27.1179389954	-1368
27.1179640293	-1368
27.1180510521	-292
