0	543
0.634253025055	-543
3.58741497993	543
3.97211909294	-543
3.97236204147	543
4.35711598396	-1420
4.35713410378	-1420
4.3571369648	-1420
4.35713791847	-1420
4.35736298561	-1420
4.35736703873	-631
4.36700797081	-1420
4.36703300476	-1420
4.36706995964	-1264
4.40088105202	543
4.45544910431	543
4.48524212837	-1420
4.48525691032	-1420
4.48526000977	-405
4.49813604355	543
4.49853610992	543
4.57055497169	-1420
4.57058501244	-1420
4.57058811188	-1420
4.57058906555	-1420
4.57059001923	-1160
4.58113408089	-1420
4.58114504814	-1420
4.58119297028	-1264
4.58707308769	-1420
4.58712100983	-1420
4.58712506294	-1264
4.5872490406	543
4.61304497719	-546
4.78632092476	-1086
4.79024910927	543
4.79047393799	-1420
4.79048013687	-1420
4.7904920578	-1420
4.79049301147	-1420
4.79049491882	-1160
4.79049992561	543
4.79763913155	-1420
4.79765796661	-1316
4.79953193665	543
4.89206314087	-1368
4.91847491264	-509
4.91866898537	543
4.96217012405	-1420
4.96219706535	-1316
4.9643099308	543
4.96977710724	-1368
5.00506806374	565
5.00871896744	-1420
5.00881004333	-1420
5.00881409645	-1264
5.00881505013	-1420
5.0088160038	-1420
5.00881910324	-1264
5.01930212975	-1420
5.01931500435	-1420
5.01938891411	-1420
5.01939201355	-1212
5.01939296722	-1368
5.01939511299	-1368
5.01960206032	543
5.02513408661	-1368
5.04635500908	-19
5.22398209572	-1420
5.22399997711	-1420
5.22400307655	-273
5.22423601151	-1420
5.2242500782	-1420
5.22430109978	-1264
5.2243039608	-1368
5.22474193573	-1368
5.23509693146	-1420
5.23515605927	-1420
5.23516011238	-1264
5.24074006081	-1420
5.24075698853	-1420
5.24080991745	-1420
5.24081301689	-1212
5.2759809494	543
5.28663492203	1057
5.30388092995	-1420
5.30389499664	-1420
5.30389809608	-1420
5.30389904976	-1420
5.30390000343	-1160
5.31346797943	-1420
5.31347703934	-1316
5.31363296509	-1368
5.31369805336	543
5.32032895088	-1420
5.32033395767	-1420
5.32037496567	-1264
5.35188412666	-296
5.40293097496	-1420
5.40295004845	-1316
5.40353798866	-1420
5.40354299545	-1420
5.40358901024	-1264
5.4142639637	-1420
5.41432404518	-1420
5.4143280983	-1264
5.42028093338	-1420
5.42029500008	-1420
5.42036795616	-1264
5.47993206978	-1420
5.47994804382	-1316
5.49660611153	-1368
5.52672505379	-1420
5.52675199509	-1420
5.52675509453	-1420
5.52675700188	-1212
5.52675795555	-1420
5.52675890923	-1420
5.52676010132	-1264
5.52676105499	-1420
5.52676200867	-1316
5.52707099915	543
5.53073501587	-267
5.53733611107	-1420
5.53735303879	-1420
5.53735613823	-1264
5.63777112961	-1420
5.63778996468	-1420
5.63783407211	-1420
5.63783597946	-1420
5.63783812523	-1160
5.6378390789	-1368
5.64025092125	543
5.64326190948	543
5.6436920166	543
5.64412808418	543
5.64853596687	-1420
5.64855313301	-1420
5.64855599403	-1264
5.64878106117	543
5.65477800369	-1420
5.65478396416	-1420
5.65482711792	-1264
5.65646409988	543
5.66507196426	-330
5.69538497925	543
5.71735692024	-1420
5.71736693382	-1316
5.73448014259	-1420
5.73448705673	-1316
5.82533311844	543
5.83373999596	-754
5.86215806007	-1420
5.86217093468	-1420
5.86217308044	-1420
5.86217498779	-1420
5.86217594147	-1160
5.87112092972	-1368
5.8713080883	-1420
5.87136101723	-1316
5.87165403366	-1420
5.8716571331	-1420
5.87165808678	-1264
5.87171196938	-1368
5.88028502464	-1420
5.88029098511	-1316
5.92843914032	-1420
5.92846703529	-1420
5.9285030365	-1264
5.93552398682	-1420
5.9355609417	-1420
5.93556404114	-1264
5.95563602448	-1368
5.9901061058	-947
6.02293300629	1460
6.02304601669	111
6.07298707962	-1420
6.0729970932	-1420
6.07299995422	-1264
6.07320213318	543
6.08172893524	543
6.08950591087	-1368
6.08964395523	543
6.08978199959	543
6.11813998222	-841
6.11830091476	543
6.11844396591	543
6.24738001823	-543
6.25510692596	1057
6.27119898796	-1368
6.39911198616	-717
6.45091509819	-1420
6.45092391968	-1420
6.45092701912	-1420
6.45092892647	-1212
6.45093011856	-1368
6.45109796524	543
6.46755194664	-1420
6.46755814552	-1316
6.46768093109	543
6.50504493713	1460
6.50511908531	111
6.50532698631	1057
6.50587892532	543
6.51320099831	543
6.51702213287	-1368
6.54979610443	-1420
6.5498650074	-1420
6.54986906052	-1264
6.55007910728	543
6.55659508705	-1368
6.57540893555	-235
6.58598899841	-1368
6.59851002693	-1420
6.59852600098	-1420
6.59852910042	-1420
6.59853005409	-1212
6.59864592552	-1368
6.60297703743	-1420
6.60302209854	-1420
6.60302495956	-1264
6.60603713989	-543
6.6258790493	-1420
6.62590003014	-1420
6.62593102455	-1264
6.64672708511	-1420
6.64677500725	-1316
6.6572599411	-1420
6.65731310844	-1420
6.65731596947	-1264
6.66328907013	-1420
6.66329503059	-1420
6.66334414482	-1264
6.69655394554	-1368
6.69703602791	1057
6.70325493813	-947
6.72503709793	1460
6.72510409355	1460
6.72513914108	193
6.7329211235	543
6.7332110405	543
6.73343491554	543
6.73413395882	543
6.7345161438	543
6.73485398293	543
6.80550503731	543
6.80600690842	543
6.81041812897	-1420
6.81042313576	-1420
6.81043410301	-1420
6.81043601036	-1212
6.81043696404	-1420
6.81043791771	-1420
6.8104391098	-1420
6.81044101715	-1212
6.81382703781	1057
6.82763314247	-1420
6.82764911652	-1420
6.82765102386	-1264
6.82785606384	1057
6.83121991158	-546
6.86780810356	-1420
6.86789011955	-1420
6.86789512634	-1264
6.86789608002	-1420
6.86789703369	-1316
6.87139296532	-1420
6.87139797211	-1420
6.87143802643	-1264
6.88824295998	-1420
6.88830804825	-1420
6.88831210136	-1264
6.89524197578	543
6.91714310646	-1420
6.91715598106	-1420
6.91721010208	-1264
6.91843008995	-1368
6.93569493294	-1420
6.93571400642	-1316
6.99148893356	-1221
6.99190998077	543
6.99486112595	1460
6.9949491024	1460
6.99498510361	707
7.04657793045	-1420
7.04660606384	-1420
7.04660892487	-1264
7.04690313339	1057
7.04704403877	-1420
7.04704904556	-1420
7.04705095291	-1264
7.04918599129	543
7.04995012283	-1420
7.0499560833	-1420
7.04995703697	-1264
7.05122804642	-1420
7.05123209953	-1316
7.05129694939	-1420
7.05130004883	-1316
7.05202412605	-1420
7.05203795433	-1420
7.05208706856	-1420
7.05208992958	-1420
7.05209112167	-1160
7.05209302902	-1368
7.05752491951	543
7.06701612473	-1420
7.06702208519	-1420
7.06702399254	-1264
7.0750849247	543
7.11221194267	-1420
7.11222910881	-1420
7.11223292351	-1420
7.1122341156	-1420
7.11223506927	-1420
7.11223602295	-1108
7.11223697662	-1420
7.11223912239	-1316
7.11242198944	-1368
7.12241411209	-1420
7.12246799469	-1420
7.12247109413	-1264
7.12346410751	-415
7.13518810272	543
7.14305400848	-1420
7.14307808876	-1420
7.14308094978	-1264
7.151471138	-1420
7.15147995949	-1420
7.15152406693	-1264
7.15985393524	-1420
7.15991210938	-1316
7.18238592148	-1420
7.18245100975	-1420
7.18245506287	-1264
7.18547391891	543
7.18919205666	-1368
7.20276093483	-1368
7.20609402657	-1420
7.20609903336	-1316
7.21519994736	543
7.21964502335	-1420
7.21965193748	-1420
7.21970391273	-1264
7.22662997246	543
7.23222494125	-1368
7.24008011818	-1420
7.24009299278	-1420
7.24009513855	-1264
7.24706912041	543
7.26190400124	-1420
7.26191997528	-1316
7.26192212105	-1368
7.26223301888	-1420
7.26223707199	-1420
7.26223802567	-1264
7.26420307159	-768
7.26492810249	-1420
7.26493096352	-1420
7.26493191719	-1264
7.26520895958	543
7.26535391808	543
7.26594901085	-1420
7.26596307755	-1420
7.26600503922	-1420
7.26600813866	-1420
7.26600909233	-1160
7.26601004601	-1420
7.26601099968	-1316
7.26605606079	-1420
7.26605796814	-1420
7.26606011391	-1264
7.26606106758	-1420
7.26606202126	-1316
7.2661421299	-1420
7.26614403725	-1420
7.2662191391	-1264
7.2664399147	543
7.28671503067	543
7.2887339592	543
7.28905200958	-1368
7.31599903107	-1420
7.31602096558	-1420
7.31602406502	-1264
7.31649494171	-1420
7.31650114059	-1420
7.31654191017	-1264
7.31857800484	-1420
7.3186249733	-1420
7.31862807274	-1420
7.31862998009	-1212
7.31870412827	-1420
7.31870603561	-1420
7.31870698929	-1264
7.31870794296	-1368
7.32132911682	-1420
7.32133603096	-1420
7.32142400742	-1420
7.32142591476	-1212
7.32142806053	-1420
7.32142901421	-1420
7.32142996788	-1264
7.32504200935	543
7.32522892952	543
7.32630300522	-1420
7.32630991936	-1316
7.33372998238	-1420
7.33374214172	-1420
7.33379292488	-1264
7.34533596039	543
7.36582398415	-1420
7.36584496498	-1420
7.36584711075	-1264
7.3721511364	-1420
7.372164011	-1420
7.37216496468	-1264
7.39237093925	-1368
7.39272713661	-239
7.39667892456	1057
7.40269899368	-1420
7.40271401405	-1316
7.40873408318	-1420
7.40874195099	-1316
7.44472813606	-1420
7.44473791122	-1420
7.4447889328	-1264
7.46175003052	-1420
7.46180009842	-1420
7.46180391312	-1264
7.48619198799	-1420
7.48620605469	-1420
7.48626995087	-1264
7.48770809174	-1420
7.48771214485	-1420
7.4877140522	-1264
7.49165892601	-1368
7.51367306709	-543
7.52100491524	-678
7.56048512459	-1420
7.5605340004	-1316
7.56070899963	543
7.56765198708	-1368
7.57503414154	543
7.5754609108	1460
7.57551503181	111
7.57570791245	543
7.57622909546	543
7.57663607597	543
7.57702803612	543
7.57743000984	543
7.62745499611	-1420
7.62748193741	-1316
7.63519692421	543
7.63577103615	543
7.64892601967	-986
7.65520906448	-1420
7.65523004532	-1420
7.65523314476	-1264
7.65933394432	-1420
7.65934896469	-1316
7.65989899635	-1420
7.65990400314	-1420
7.65990495682	-1264
7.66906094551	-1420
7.66907596588	-1420
7.66912794113	-1264
7.66947007179	-1420
7.66947412491	-1420
7.66947603226	-1264
7.67013812065	-1420
7.67014312744	-1420
7.67016506195	-1264
7.67950701714	-1420
7.67954993248	-1420
7.67955303192	-1264
7.69003605843	-1420
7.69004511833	-1420
7.69009113312	-1264
7.69305300713	-1420
7.69309401512	-1420
7.69309711456	-1264
7.69740509987	543
7.72072100639	-1420
7.72073292732	-1316
7.72107005119	-1420
7.72107505798	-1420
7.72111606598	-1264
7.73002791405	-1420
7.73007512093	-1420
7.73007798195	-1264
7.73021602631	543
7.73796010017	-1368
7.76953911781	-1420
7.76960492134	-1420
7.76960992813	-1264
7.76976299286	543
7.78301310539	-1082
7.7902970314	543
7.79329109192	-1368
7.8467271328	-1420
7.84674811363	-1420
7.84675097466	-1420
7.84675312042	-1212
7.8467540741	-1368
7.85167598724	543
7.85244011879	543
7.85700011253	-1368
7.86146593094	-1368
7.86345291138	-1420
7.86345911026	-1420
7.86349892616	-1264
7.88915300369	-1368
7.92147111893	-749
7.93412899971	-1368
7.94194102287	-1420
7.94195008278	-1420
7.94199514389	-1420
7.94199800491	-1212
7.94199895859	-1368
7.94499397278	-1420
7.94500112534	-1420
7.94504404068	-1264
7.95174598694	-1420
7.95181703568	-1420
7.95182204247	-1420
7.95182299614	-1212
7.95268392563	543
7.95295190811	543
7.99822211266	-1368
8.04037094116	-1420
8.04038000107	-1420
8.04038310051	-1420
8.04038405418	-1420
8.04038500786	-1160
8.05018901825	-1113
8.05330109596	-1420
8.05330705643	-1420
8.05330896378	-1264
8.05340909958	-1420
8.05341100693	-1420
8.05341100693	-1264
8.05343604088	-1368
8.05361700058	1057
8.05374908447	1057
8.05723690987	-1420
8.05725002289	-1420
8.05729603767	-1264
8.06781411171	-1420
8.06785607338	-1420
8.0678589344	-1420
8.06786108017	-1212
8.06794214249	-1420
8.06794404984	-1316
8.06815314293	543
8.06828308105	1057
8.07835698128	-1420
8.07836198807	-1420
8.07836413383	-1264
8.08502292633	-1368
8.17358398438	-1420
8.17359209061	-1420
8.17359399796	-1264
8.17377209663	543
8.17439293861	-1420
8.1743979454	-1420
8.17440009117	-1264
8.1777780056	-1420
8.17778396606	-1420
8.17782497406	-1264
8.17789506912	543
8.1792371273	-971
8.18629598618	-1420
8.18634200096	-1420
8.18634605408	-1264
8.20272302628	543
8.25140404701	-1420
8.25141906738	-1420
8.25142192841	-1420
8.2514231205	-1212
8.25142407417	-1420
8.25142598152	-1316
8.26843810081	-1368
8.26864600182	-1368
8.29338812828	-1368
8.30766010284	-778
8.30785608292	543
8.38333296776	-1420
8.38335108757	-1420
8.38335394859	-1420
8.38335514069	-1420
8.38335609436	-1420
8.38335800171	-1108
8.38363695145	543
8.38377904892	543
8.39302611351	-1420
8.3930311203	-1420
8.39307308197	-1264
8.39362096786	-1420
8.39362406731	-1420
8.39362502098	-1264
8.39369010925	-1368
8.39747095108	543
8.39811491966	-1368
8.43579912186	-728
8.47106099129	-1420
8.47107791901	-1420
8.4711329937	-1420
8.47113609314	-1212
8.47113704681	-1368
8.47708106041	-1420
8.4771001339	-1420
8.47713804245	-1264
8.48744106293	-1368
8.54051494598	-1420
8.54053211212	-1420
8.54053497314	-1264
8.54653501511	-1368
8.56444501877	-496
8.59770607948	-1420
8.59772396088	-1316
8.60434007645	-1420
8.60435199738	-1420
8.60440206528	-1264
8.6044049263	-1420
8.60440611839	-1316
8.60451602936	-1420
8.6045191288	-1420
8.6045191288	-1264
8.60460305214	-1420
8.60460591316	-1420
8.60460710526	-1264
8.60465812683	-1420
8.60466098785	-1316
8.60491514206	543
8.61282801628	-1420
8.61283397675	-1420
8.61287593842	-1420
8.61287808418	-1212
8.61366200447	-1420
8.61366796494	-1420
8.61372709274	-1420
8.61372900009	-1212
8.61372995377	-1368
8.61462807655	-1420
8.61463308334	-1420
8.61467504501	-1264
8.61474609375	543
8.6227209568	-1420
8.62272596359	-1420
8.62276792526	-1264
8.63984394073	-1420
8.63988399506	-1316
8.69209694862	-1420
8.69210410118	-1420
8.69210600853	-1264
8.6921069622	-1368
8.69215798378	-1368
8.69235610962	-966
8.69248104095	543
8.69391512871	-1420
8.69392108917	-1420
8.69396305084	-1264
8.70174503326	-1420
8.70179104805	-1420
8.70179390907	-1264
8.72890806198	-1368
8.7592189312	1057
8.76171708107	-1368
8.82199001312	-53
8.82223796844	543
8.83074903488	-1420
8.83076000214	-1420
8.83076310158	-1420
8.83076405525	-1420
8.83076500893	-1160
8.84653902054	-1420
8.8465590477	-1420
8.84661793709	-1420
8.84662103653	-1420
8.8466219902	-1160
8.84683012962	543
8.84752106667	-1420
8.84752702713	-1420
8.84754991531	-1264
8.85076212883	543
8.85097312927	-1420
8.85097503662	-1420
8.85097813606	-1264
8.85532212257	1460
8.85538005829	625
8.88528108597	-1420
8.88529801369	-1420
8.88529992104	-1264
8.88563609123	543
8.88608694077	543
8.90199112892	-1368
8.91330313683	-1420
8.91330909729	-1420
8.91331195831	-1420
8.91331291199	-1212
8.91331410408	-1368
8.923183918	-1420
8.92318892479	-1420
8.92324995995	-1264
8.92325305939	-1368
8.92343902588	-1420
8.92344212532	-1316
8.92353391647	-1368
8.92356610298	543
8.92458796501	-1420
8.9245929718	-1316
8.95862603188	-871
9.0511200428	-1368
9.09038805962	-1420
9.09039711952	-1420
9.09040093422	-1264
9.10762405396	-1420
9.107640028	-1420
9.10771608353	-1264
9.13136005402	-1420
9.13137602806	-1420
9.1313791275	-1420
9.13138103485	-1420
9.13138198853	-1420
9.1313829422	-1108
9.13170695305	543
9.1402759552	-409
9.14785909653	-1368
9.16881895065	-1420
9.16882491112	-1316
9.1690261364	1057
9.26833891869	-580
9.2880859375	-1420
9.28809094429	-1316
9.30509591103	-1368
9.32197809219	-1420
9.32202196121	-1420
9.32202506065	-1264
9.3388440609	-1368
9.35571813583	-1420
9.35575914383	-1316
9.40032100677	-1420
9.40033698082	-1420
9.40033912659	-1264
9.40059900284	543
9.40660905838	-1368
9.41532611847	543
9.41581392288	543
9.41673707962	-438
9.50250506401	-1420
9.5025229454	-1316
9.51919794083	-1368
9.54535198212	-66
9.60075712204	543
9.60498595238	-1420
9.60499310493	-1420
9.60499596596	-1264
9.61068296432	-1368
9.61087298393	-1420
9.6108789444	-1316
9.61104798317	543
9.6111869812	543
9.64586901665	543
9.66502213478	1057
9.66750311852	543
9.67335104942	-675
9.69542908669	543
9.73284697533	543
9.82133412361	-1420
9.82134795189	-1420
9.82135105133	-1264
9.821352005	-1420
9.82135295868	-1420
9.82135605812	-1264
9.82968997955	543
9.83034300804	-1420
9.83034896851	-1420
9.83038902283	-1264
9.83186006546	-1368
9.83282709122	543
9.83754897118	-1420
9.83756399155	-1316
9.84245610237	-778
9.9151301384	543
9.97057509422	-1086
9.97127008438	543
9.97646713257	543
10.0571260452	-1420
10.0571439266	-1420
10.0571470261	-1264
10.058357954	543
10.0602560043	-1368
10.0813040733	-1420
10.0813159943	-1420
10.08131814	-1420
10.0813190937	-1420
10.0813210011	-1160
10.0813241005	-1368
10.0925140381	-1420
10.0925281048	-1316
10.0985660553	-1368
10.0987911224	-952
10.1021430492	543
10.1116969585	543
10.2274880409	-1086
10.2350759506	543
10.2352070808	543
10.249753952	-1420
10.2497620583	-1316
10.2664780617	-1368
10.3738379478	-1420
10.3738560677	-1420
10.3738589287	-1264
10.3777279854	-675
10.3835670948	-1420
10.3836319447	-1420
10.3836350441	-1264
10.3836359978	-1420
10.3836381435	-1316
10.3837299347	-1368
10.383947134	543
10.4300761223	-1420
10.4300949574	-1420
10.4300980568	-1420
10.4300990105	-1420
10.4301009178	-1420
10.4301021099	-1108
10.4304890633	-1420
10.4304931164	-1420
10.4304940701	-1264
10.4465799332	-1420
10.4465961456	-1316
10.4729170799	543
10.477216959	543
10.4783599377	543
10.4960260391	543
10.5058939457	-1221
10.5107650757	-1420
10.5107791424	-1316
10.5175330639	543
10.5281219482	-1368
10.5451550484	543
10.5942540169	-1420
10.5942709446	-1420
10.594274044	-1264
10.5975189209	543
10.6137521267	-1420
10.613765955	-1420
10.6137690544	-1264
10.638628006	-169
10.6427481174	-1420
10.6427910328	-1316
10.6437630653	-1420
10.6437671185	-1420
10.6437690258	-1264
10.6641190052	-1368
10.7349021435	-1368
10.7464561462	-1420
10.7464621067	-1420
10.7464649677	-1264
10.7470870018	-1420
10.7470910549	-1420
10.7470920086	-1420
10.7470939159	-1212
10.747426033	-1368
10.7524180412	-1420
10.7524220943	-1420
10.752423048	-1264
10.7707819939	-881
10.787749052	543
10.788433075	543
10.8206870556	-1420
10.8207070827	-1420
10.8207089901	-1264
10.8214399815	543
10.8215470314	543
10.8231260777	-1368
10.8989861012	-841
10.8992590904	543
10.9554021358	-1420
10.9554169178	-1420
10.9554381371	-1264
10.9554400444	-1420
10.9554409981	-1420
10.9554419518	-1264
10.9554431438	-1368
10.9555120468	-1368
10.9563391209	-1420
10.9563441277	-1316
10.9563920498	-1420
10.9563949108	-1420
10.9563961029	-1264
10.9564509392	-1420
10.9564540386	-1420
10.9564549923	-1264
10.9566709995	543
10.9567549229	-1420
10.956758976	-1420
10.9567599297	-1264
10.956815958	-1368
10.958286047	-1420
10.9583489895	-1420
10.9583520889	-1264
10.9583530426	-1420
10.9583539963	-1316
10.9584901333	-1420
10.9584951401	-1316
10.9586629868	-1420
10.9586660862	-1316
10.9587409496	543
10.9730911255	-1420
10.9730989933	-1420
10.9731609821	-1264
10.9731631279	-1420
10.9731640816	-1420
10.9731650352	-1264
10.9731659889	-1368
10.9732151031	-1420
10.9732179642	-1420
10.9732189178	-1264
10.9733409882	-1420
10.9733440876	-1316
10.9738519192	-1420
10.9738559723	-1420
10.973856926	-1264
10.9739170074	-1420
10.9739189148	-1420
10.9739201069	-1264
10.9852690697	543
10.9853920937	543
11.0270650387	-310
11.1284480095	-1368
11.128690958	543
11.145211935	-1420
11.1452240944	-1316
11.1856100559	-1368
11.1944019794	-298
11.196721077	-1420
11.1967270374	-1420
11.1967301369	-1420
11.1967310905	-1212
11.1967639923	-1368
11.1987249851	-1368
11.2011890411	543
11.2054820061	543
11.2854731083	543
11.3018429279	-1420
11.3018579483	-1316
11.3051791191	543
11.3224430084	-1052
11.3370809555	543
11.3817980289	-1420
11.3818180561	-1316
11.3931820393	543
11.3988280296	-1368
11.411812067	543
11.4914660454	-609
11.5449841022	543
11.6201491356	-543
11.622633934	-1420
11.6226429939	-1316
11.6228780746	543
11.6398611069	-1368
11.6819150448	-1368
11.6895880699	543
11.7495660782	-812
11.7555649281	543
11.7986991405	-1420
11.7987120152	-1316
11.8252980709	-1420
11.8253149986	-1420
11.8253719807	-1264
11.8491270542	-1368
11.8783090115	-132
11.9134020805	-1420
11.913449049	-1316
11.9251070023	543
11.9300251007	-1368
11.9451489449	543
12.0065231323	-609
12.0087020397	1460
12.0087790489	1139
12.0458879471	-1368
12.0911040306	-543
12.1351161003	-717
12.1364569664	543
12.173828125	-1420
12.1738460064	-1420
12.1738479137	-1420
12.1738500595	-1420
12.1738510132	-1420
12.1738519669	-1108
12.1741170883	543
12.1775670052	543
12.1787059307	-1420
12.1787121296	-1420
12.1787140369	-1264
12.1792879105	-1420
12.1792910099	-1420
12.1792919636	-1420
12.1792929173	-1212
12.179377079	-1420
12.17937994	-1420
12.1793811321	-1264
12.1794140339	-1368
12.1801271439	-1420
12.1801300049	-1420
12.1801309586	-1264
12.180742979	-1420
12.1807460785	-1316
12.1811230183	-1420
12.1811261177	-1420
12.1811270714	-1420
12.1811280251	-1420
12.1811289787	-1420
12.1811311245	-1420
12.1811320782	-1056
12.1844520569	-1420
12.1844549179	-1420
12.1845340729	-1264
12.1847059727	543
12.1907660961	-1420
12.1907730103	-1420
12.1908159256	-1264
12.190819025	-1420
12.1908199787	-1420
12.1908209324	-1264
12.1909921169	543
12.1960380077	-1420
12.1960449219	-1420
12.1960470676	-1264
12.1965379715	-1420
12.1965429783	-1316
12.1966340542	-1420
12.1966369152	-1316
12.1967461109	-1420
12.1967489719	-1316
12.1967749596	543
12.1968591213	-1420
12.1968619823	-1316
12.1969361305	-1420
12.1969380379	-1316
12.2012720108	-1368
12.2631819248	-239
12.3354799747	543
12.3915369511	-1086
12.4171380997	-1420
12.4171550274	-1420
12.4171581268	-1264
12.4171590805	-1420
12.4171609879	-1316
12.4230749607	-1420
12.4230809212	-1420
12.4231219292	-1420
12.4231240749	-1212
12.4231250286	-1420
12.423126936	-1316
12.4275550842	-1420
12.427560091	-1420
12.4276030064	-1264
12.4338901043	-1420
12.433893919	-1420
12.4338951111	-1264
12.4451079369	543
12.4498031139	543
12.4900770187	543
12.5136871338	-1368
12.5199041367	-881
12.5601549149	-1420
12.560172081	-1316
12.5800340176	1460
12.5801250935	111
12.5987670422	-1420
12.5987861156	-1316
12.605246067	543
12.6057009697	543
12.6453289986	-543
12.6482729912	-240
12.7233250141	543
12.7546269894	543
12.7551400661	543
12.761275053	-1368
12.7614209652	543
12.7770020962	-746
12.8337891102	543
12.8467750549	-1368
12.8470101357	1057
12.8471579552	1460
12.8472309113	1460
12.847276926	707
12.8473141193	-1420
12.8473160267	-1420
12.8473169804	-1264
12.8473989964	-1368
12.8474011421	-1368
12.8573350906	-1420
12.8573510647	-1420
12.8573861122	-1264
12.8575110435	543
12.8640360832	-1420
12.86404109	-1420
12.8640899658	-1264
12.8641810417	543
12.9056520462	-293
12.9093589783	543
12.9693379402	-1420
12.9693551064	-1420
12.9693589211	-1264
12.9697589874	-1420
12.9697620869	-1420
12.9697630405	-1264
12.9698319435	-1420
12.969835043	-1316
12.9738850594	-1420
12.9738879204	-1420
12.9738900661	-1264
12.9739439487	-1420
12.9739460945	-1316
12.9740540981	-1420
12.9740569592	-1420
12.9740569592	-1264
12.9749951363	-1420
12.9750001431	-1420
12.9750571251	-1264
12.9750590324	-1420
12.9750599861	-1420
12.9750621319	-1264
12.9751031399	-1368
12.9752039909	-1420
12.9752070904	-1420
12.9752089977	-1264
12.9753289223	-1420
12.975331068	-1316
12.975440979	543
12.9762461185	-1420
12.9762511253	-1420
12.976295948	-1264
12.9866139889	-1368
12.9867179394	-1420
12.9867219925	-1420
12.9867229462	-1420
12.9867241383	-1420
12.9867250919	-1160
12.9872660637	-1420
12.9872689247	-1420
12.9872701168	-1420
12.9872710705	-1212
12.9872720242	-1368
12.9917271137	-1420
12.9917309284	-1420
12.9917321205	-1264
12.99178195	-1420
12.9917840958	-1316
12.9921519756	-1368
12.9921560287	-1420
12.9921579361	-1420
12.9921591282	-1420
12.9921600819	-1212
12.9922571182	-1420
12.9922599792	-1420
12.9922609329	-1264
12.9923870564	-1420
12.9923899174	-1316
12.9925191402	-1420
12.9925220013	-1420
12.9925239086	-1264
12.9926419258	543
12.9927270412	-1420
12.9928150177	543
12.9928510189	-1316
12.9931111336	543
13.0030770302	-1368
13.0033099651	-1420
13.0033929348	-1420
13.0033979416	-1420
13.0033991337	-1420
13.003401041	-1420
13.0034019947	-1420
13.0034029484	-1056
13.0034041405	-1420
13.0034050941	-1420
13.0034060478	-1420
13.0034070015	-1212
13.0035910606	543
13.0086269379	-1420
13.0086319447	-1420
13.008671999	-1264
13.0086741447	-1420
13.0086760521	-1420
13.0086770058	-1264
13.0088660717	543
13.0089199543	-1420
13.0089221001	-1316
13.0089890957	-1420
13.008991003	-1420
13.008991003	-1420
13.0089919567	-1212
13.0090389252	-1368
13.0092759132	-1420
13.0093309879	-1420
13.0093340874	-1264
13.009335041	-1420
13.0093359947	-1420
13.0093369484	-1264
13.0093650818	-1420
13.0093669891	-1316
13.0094079971	-1368
13.009606123	543
13.0201220512	-1420
13.0201289654	-1420
13.0201931	-1420
13.0201950073	-1212
13.020195961	-1420
13.0201969147	-1316
13.0203289986	-1420
13.0203330517	-1420
13.0203340054	-1264
13.0204129219	-1420
13.0204160213	-1420
13.020416975	-1264
13.0204889774	-1420
13.0205390453	543
13.0205700397	-1420
13.0205719471	-1264
13.0207619667	543
13.0260391235	-1420
13.026047945	-1420
13.0260500908	-1264
13.0260510445	-1420
13.0342991352	-1420
13.0343120098	-1264
13.0343139172	-257
13.0346119404	543
13.056743145	-1420
13.0567569733	-1316
13.0589520931	-1420
13.0589590073	-1420
13.0589609146	-1264
13.0668449402	-1368
13.0740499496	543
13.0774970055	1460
13.0775749683	111
13.09739995	-1420
13.0974180698	-1420
13.0974209309	-1264
13.0993330479	543
13.1110670567	543
13.1116220951	543
13.1432070732	-1368
13.1457531452	543
13.1629970074	-430
13.1932790279	-1368
13.200371027	543
13.255366087	543
13.2919960022	-1318
13.2922439575	543
13.2950999737	1460
13.2951600552	1460
13.2952051163	707
13.3052799702	-1368
13.3083639145	-1420
13.3083679676	-1316
13.3110089302	543
13.3255620003	-1368
13.3278949261	543
13.3280861378	543
13.3822181225	-1420
13.3822360039	-1420
13.3822419643	-1264
13.3824949265	543
13.392332077	-1420
13.3923399448	-1420
13.3923840523	-1420
13.3923859596	-1212
13.3929569721	-1420
13.3929629326	-1420
13.3929920197	-1264
13.3994960785	-1420
13.399559021	-1316
13.4001920223	543
13.4203770161	-1163
13.4490129948	-1420
13.4490289688	-1316
13.4661619663	-1368
13.4737589359	543
13.4779999256	1460
13.4780540466	111
13.4841759205	-1368
13.5067980289	-1368
13.5101480484	543
13.5240521431	-1420
13.524064064	-1420
13.5240659714	-1264
13.5271680355	543
13.5274679661	-1420
13.5274739265	-1420
13.5274760723	-1264
13.5342020988	-1420
13.5342071056	-1420
13.5342609882	-1264
13.5343630314	543
13.5359930992	-1420
13.5359990597	-1420
13.536000967	-1264
13.5484769344	-736
13.5952630043	1057
13.6727149487	-1368
13.6767640114	-775
13.677726984	543
13.715929985	-1420
13.7159590721	-1316
13.7233169079	-1420
13.7233240604	-1420
13.7233729362	-1264
13.7233760357	-1420
13.7233769894	-1420
13.7233800888	-1264
13.7233810425	-1420
13.7233819962	-1316
13.7234730721	-1368
13.7263989449	-1420
13.7264261246	-1420
13.7264289856	-1264
13.7325041294	-1420
13.7325129509	-1316
13.7492101192	-1368
13.8052990437	-1250
13.8505170345	-1420
13.8505339622	-1316
13.8603870869	-1420
13.8604009151	-1420
13.8604531288	-1264
13.8674869537	-1420
13.8674929142	-1420
13.8674941063	-1264
13.8695819378	543
13.9215590954	-1368
13.9335360527	-741
13.9337120056	543
13.9410090446	-1420
13.9410150051	-1316
13.9583361149	-1420
13.958356142	-1420
13.9583930969	-1264
13.9660129547	-1420
13.9660480022	-1420
13.9660511017	-1420
13.9660520554	-1420
13.966053009	-1160
13.9661300182	-1420
13.9661331177	-1420
13.9661340714	-1264
13.9661619663	-1368
13.9688940048	-1420
13.9688980579	-1420
13.9688990116	-1264
13.9689500332	-1420
13.9689519405	-1420
13.9689531326	-1264
13.9690060616	-1420
13.9690079689	-1420
13.9690089226	-1264
13.9691209793	-1420
13.9691250324	-1316
13.969244957	543
13.9696209431	543
13.974738121	-1420
13.9747440815	-1316
13.9749159813	-1368
13.9826109409	-1368
14.0050289631	543
14.0623400211	-370
14.1903319359	-543
14.3573861122	-543
14.525370121	-543
15.1617650986	-543
15.3981161118	-543
15.505284071	543
15.5975279808	1057
15.5982589722	1460
15.5983071327	625
15.6151909828	1460
15.6152560711	111
15.6355209351	543
15.6378231049	-543
15.6835520267	543
15.7857010365	-1420
15.7857489586	-1420
15.7857670784	-1420
15.7857921124	-1420
15.7858080864	-683
15.7858231068	-1368
15.7860119343	543
15.7964060307	-1420
15.796423912	-1420
15.7964270115	-1264
15.8023641109	-1420
15.8023700714	-1420
15.8024129868	-1264
15.802546978	-1368
15.8026559353	-1420
15.8026590347	-1420
15.8026599884	-1420
15.8026621342	-1212
15.8027880192	-1420
15.8027920723	-1316
15.8109531403	543
15.8390109539	-1420
15.8390259743	-1420
15.8390870094	-1264
15.8390901089	-1420
15.8390910625	-1420
15.8390920162	-1420
15.8390939236	-1212
15.8393640518	543
15.8395140171	543
15.8396480083	543
15.841105938	-1420
15.8411121368	-1316
15.8412649632	-1420
15.8412699699	-1420
15.8413081169	-1264
15.8413100243	-1420
15.8413109779	-1420
15.8413131237	-1264
15.8413140774	-1368
15.8502840996	-1420
15.8503000736	-1420
15.8503580093	-1264
15.8560121059	-1420
15.8560740948	-1420
15.8560779095	-1264
15.8562140465	543
15.8917651176	-1420
15.8917820454	-1316
15.9136879444	-663
15.9251420498	543
15.9851090908	543
16.0253779888	-1368
16.0361280441	543
16.0429170132	-261
16.0430939198	543
16.0537409782	-1420
16.0537569523	-1420
16.0537600517	-1264
16.0598480701	-1420
16.0598571301	-1420
16.0599040985	-1264
16.0617361069	543
16.06574893	1460
16.0658020973	111
16.0874969959	-1420
16.0875151157	-1420
16.0875170231	-1264
16.0987870693	543
16.0990269184	543
16.1051161289	543
16.1712441444	-198
16.1767201424	543
16.1769189835	1460
16.1769640446	111
16.225383997	543
16.2453479767	-1420
16.2453660965	-1316
16.2556939125	-1420
16.255710125	-1316
16.2569410801	543
16.2584049702	543
16.2762920856	-1420
16.2763140202	-1420
16.2763180733	-1264
16.277130127	-1420
16.2771339417	-1420
16.2771749496	-1264
16.2772529125	-1420
16.277256012	-1420
16.2772579193	-1264
16.2773079872	-1420
16.277310133	-1316
16.2773859501	-1420
16.2773890495	-1420
16.2774529457	-1264
16.2774569988	-1368
16.2774789333	543
16.2776300907	-1420
16.2776329517	-1420
16.2776341438	-1264
16.2776350975	-1420
16.2776989937	-1420
16.2777011395	-1264
16.2777030468	-1368
16.2778091431	-1420
16.2778120041	-1316
16.2779231071	-1420
16.2779259682	-1316
16.2780499458	-1420
16.2780530453	-1420
16.2780549526	-1264
16.2781090736	-1368
16.2781999111	543
16.2784321308	543
16.279020071	-1420
16.2790260315	-1316
16.2931129932	-1420
16.2931339741	-1420
16.293172121	-1264
16.2941291332	-1420
16.2941510677	-1316
16.2941999435	-1420
16.294203043	-1316
16.294342041	543
16.2943749428	-1420
16.2943780422	-1316
16.2964251041	-1420
16.2964301109	-1316
16.2992651463	-281
16.3549649715	543
16.35552001	543
16.4019651413	-1420
16.401982069	-1420
16.40198493	-1420
16.4019861221	-1420
16.4019880295	-1160
16.4019911289	-1368
16.4024209976	-1420
16.4024260044	-1420
16.4024269581	-1264
16.4026639462	543
16.4032030106	-1420
16.4032180309	-1420
16.4032640457	-1264
16.4205460548	-1420
16.420593977	-1316
16.4277489185	-699
16.4715781212	-1420
16.471601963	-1316
16.4883129597	-1368
16.505439043	-1420
16.5054979324	-1316
16.5480120182	-1368
16.5482110977	543
16.5558691025	-646
16.5751829147	1460
16.5752720833	111
16.6294951439	-1368
16.6653239727	-1368
16.6822590828	-1420
16.6822760105	-1420
16.6823329926	-1264
16.6825420856	543
16.6826579571	543
16.6843159199	-501
16.6878221035	-1420
16.6878290176	-1420
16.687830925	-1264
16.698777914	-1420
16.6987919807	-1420
16.6988251209	-1264
16.7039370537	543
16.7045609951	1057
16.8127570152	-646
16.8324649334	543
16.8684120178	-1420
16.8684289455	-1316
16.8851420879	1057
16.8871951103	-1368
16.9050540924	543
16.9141349792	-1420
16.9141490459	-1420
16.9141509533	-1264
16.9161090851	543
16.916369915	543
16.9243330956	-1420
16.9243469238	-1420
16.9243490696	-1264
16.9312479496	-1420
16.9312639236	-1420
16.9313189983	-1264
16.9410560131	-807
16.9821469784	-1420
16.9821650982	-1316
16.9826641083	-1420
16.9826691151	-1420
16.9827151299	-1420
16.9827170372	-1420
16.9827189445	-1160
16.9827740192	-1420
16.9827759266	-1420
16.9827759266	-1264
16.9828369617	-1368
16.9829969406	543
16.9926149845	-1368
16.9990339279	-1368
17.0417969227	-1420
17.0418159962	-1420
17.0418739319	-1264
17.0420439243	543
17.0585730076	-1368
17.0698239803	-193
17.0983030796	-1420
17.0983231068	-1316
17.1286990643	-1420
17.1287169456	-1420
17.1287710667	-1264
17.1287739277	-1420
17.1287751198	-1420
17.1287779808	-1264
17.1287789345	-1420
17.1287801266	-1316
17.1288900375	-1420
17.128893137	-1316
17.1289989948	-1420
17.1290020943	-1316
17.129034996	-1368
17.1309080124	-1420
17.1309111118	-1420
17.1309130192	-1264
17.1309859753	-1420
17.1309890747	-1420
17.1309900284	-1264
17.1310279369	-1368
17.1311719418	-1420
17.1311750412	-1420
17.1311759949	-1264
17.1312401295	-1368
17.1312870979	-1368
17.1314980984	-1420
17.1315009594	-1316
17.1350109577	-1420
17.1350150108	-1420
17.1350159645	-1420
17.1350169182	-1212
17.1352009773	543
17.1355791092	543
17.1466341019	-1420
17.1466479301	-1316
17.1467020512	-1420
17.1467049122	-1420
17.1467061043	-1264
17.1467080116	-1420
17.1467089653	-1420
17.146709919	-1264
17.146928072	543
17.1873209476	543
17.198112011	-1264
17.2159309387	1460
17.2160110474	625
17.2276380062	1460
17.2348849773	111
17.3263170719	-543
17.3500850201	1460
17.3501830101	111
17.365899086	-1368
17.4187369347	-1420
17.4187579155	-1316
17.4193189144	-1420
17.4193251133	-1420
17.4193780422	-1264
17.4201729298	-1420
17.4201791286	-1420
17.420181036	-1264
17.420249939	-1420
17.4202520847	-1420
17.4202530384	-1264
17.4203550816	-1368
17.4204089642	-1420
17.4204111099	-1420
17.4204130173	-1264
17.420591116	-1420
17.4205949306	-1420
17.4205961227	-1420
17.4205970764	-1212
17.4205980301	-1368
17.4206519127	-1368
17.4222741127	-1420
17.4223361015	-1316
17.4223389626	-1420
17.4223399162	-1420
17.4223411083	-1264
17.4224839211	543
17.422852993	-1420
17.4228570461	-1420
17.422878027	-1264
17.436412096	-1420
17.4365410805	-1420
17.4365451336	-1420
17.4365470409	-1212
17.4365479946	-1420
17.4365489483	-1420
17.4365501404	-1264
17.4365510941	-1420
17.4365530014	-1420
17.4365539551	-1264
17.4367399216	543
17.4371380806	-1420
17.4371430874	-1420
17.4371960163	-1264
17.4371979237	-1420
17.4372091293	-1316
17.4372870922	-1420
17.4372889996	-1420
17.4372899532	-1264
17.437333107	-1368
17.4375059605	-1420
17.4375090599	-1420
17.4375109673	-1264
17.4375469685	543
17.4376380444	-1420
17.4376411438	-1316
17.4406239986	-1420
17.4406290054	-1420
17.4406659603	-1264
17.440737009	-1420
17.4407389164	-1420
17.4407410622	-1264
17.4407429695	-1368
17.4408240318	-1420
17.4408271313	-1316
17.4410099983	543
17.4532780647	-1420
17.453289032	-1420
17.4532921314	-1264
17.4532930851	-1420
17.4532940388	-1420
17.4532959461	-1420
17.4532971382	-1420
17.4532980919	-1420
17.4532990456	-1108
17.4533789158	-1420
17.4533820152	-1316
17.454335928	-1368
17.4544289112	-1420
17.4544320107	-1420
17.4544329643	-1420
17.454433918	-1212
17.4546411037	-1420
17.4546449184	-1420
17.4546489716	-1420
17.4546499252	-1420
17.4546511173	-1160
17.4549069405	-1368
17.4549100399	-1420
17.4549109936	-1420
17.4549131393	-1420
17.454914093	-1420
17.4549150467	-1160
17.4594700336	-1420
17.4594750404	-1420
17.4594769478	-1420
17.4594781399	-1420
17.4594790936	-1420
17.4594800472	-1420
17.4594810009	-1420
17.4594819546	-1420
17.4594829082	-1420
17.4594841003	-940
17.4596669674	543
17.4598801136	543
17.4703059196	-1420
17.4703230858	-1420
17.4703791142	-1264
17.4703819752	-1420
17.4703829288	-1316
17.4751169682	543
17.5018091202	-1368
17.5838189125	-330
17.5871899128	543
17.6433300972	-1368
17.6549501419	-1420
17.6549589634	-1316
17.6554160118	-1420
17.6554191113	-1420
17.6554210186	-1264
17.6593699455	-1420
17.6593739986	-1420
17.6593749523	-1264
17.659455061	-1420
17.6594569683	-1420
17.6594591141	-1264
17.6594901085	-1368
17.6595959663	-1420
17.6595981121	-1420
17.6596000195	-1264
17.6597831249	-1420
17.6597859859	-1420
17.6597881317	-1264
17.6605689526	-1420
17.6605730057	-1420
17.6605739594	-1264
17.6751549244	543
17.6753380299	543
17.6784100533	-1368
17.7118239403	-839
17.8405790329	-1057
17.840873003	1057
17.8637869358	-1420
17.8638041019	-1316
17.8805251122	-1420
17.8805410862	-1420
17.8805980682	-1264
17.923167944	543
17.9695560932	-957
17.98772192	543
18.0049791336	543
18.0053241253	1057
18.005562067	1057
18.0061340332	543
18.2050061226	-1057
18.2149980068	1057
18.2346150875	-1420
18.2346339226	-1316
18.2406151295	-1420
18.2406251431	-1420
18.2406740189	-1264
18.2518949509	-1420
18.2519540787	-1420
18.2519581318	-1264
18.2619249821	-1420
18.2619431019	-1420
18.2619819641	-1264
18.2620401382	-1420
18.2620420456	-1420
18.2620439529	-1264
18.2631030083	543
18.2688269615	-1420
18.2688350677	-1420
18.2688801289	-1264
18.2690110207	1460
18.2690551281	111
18.2887670994	-1420
18.2887809277	-1420
18.2888350487	-1264
18.3626580238	-1258
18.3766961098	543
18.4624121189	-1420
18.4624290466	-1420
18.4624321461	-1264
18.4911520481	543
18.5264720917	-609
18.5289299488	543
18.5374200344	543
18.6548640728	-543
18.6637599468	-1420
18.6637699604	-1316
18.7028319836	-1420
18.7028551102	-1316
18.7032520771	-1420
18.7032561302	-1420
18.7032580376	-1264
18.7199010849	-1420
18.7199089527	-1420
18.7199599743	-1264
18.7831120491	-857
18.7953550816	543
18.7955629826	543
18.7957620621	543
18.884403944	-543
18.9060709476	-1368
18.9238479137	-775
18.9606130123	-1420
18.9606239796	-1420
18.960627079	-1420
18.9606289864	-1212
18.96062994	-1420
18.9606311321	-1420
18.9606320858	-1420
18.9606330395	-1420
18.9606339931	-1160
18.9607579708	-1420
18.9607601166	-1420
18.9607610703	-1264
18.9609589577	543
18.9610610008	-1420
18.9610641003	-1316
18.9611201286	-1420
18.961122036	-1420
18.9611229897	-1264
18.9611489773	-1368
18.9612529278	-1420
18.9612629414	-1316
18.9613630772	-1420
18.9613659382	-1316
18.961466074	-1420
18.961468935	-1420
18.9614710808	-1264
18.9615800381	543
18.9617679119	543
18.9767529964	-1420
18.9767680168	-1420
18.9768221378	-1420
18.9768249989	-1212
18.9843280315	543
19.0233640671	543
19.0524671078	-457
19.1354930401	-1420
19.1355121136	-1316
19.1810319424	-377
19.304569006	-1368
19.3483970165	-1260
19.3486881256	543
19.3491940498	543
19.3550109863	543
19.3653950691	-1420
19.3654069901	-1420
19.3654100895	-1264
19.4764771461	-609
19.4875719547	543
19.489798069	543
19.5196769238	-1420
19.5196940899	-1316
19.5368270874	-1368
19.537776947	543
19.5383610725	543
19.5619380474	543
19.6163361073	-66
19.6193640232	543
19.6267199516	543
19.752425909	-1420
19.7524440289	-1316
19.8005280495	-920
19.8019590378	543
19.8869481087	-1368
19.8871281147	-1368
19.9035451412	-1420
19.9035539627	-1420
19.9035570621	-1264
19.9214539528	-1368
19.9284470081	-132
19.9380819798	-1420
19.9380891323	-1420
19.9380919933	-1264
19.9787559509	-1368
20.004981041	543
20.0563180447	-269
20.0650379658	543
20.0782251358	-1420
20.0782310963	-1316
20.0956521034	-1420
20.0956690311	-1316
20.1067090034	543
20.1127939224	-1420
20.112803936	-1316
20.1174690723	543
20.117866993	543
20.1842429638	-132
20.1847090721	543
20.3369729519	543
20.3609800339	-543
20.5771429539	-1420
20.5772259235	-1420
20.5772759914	-787
20.577862978	-1420
20.5779070854	-1420
20.5779430866	-1264
20.5881581306	-1420
20.5882279873	-1420
20.5882639885	-1264
20.59486413	-1420
20.5949280262	-1316
20.650316	-1368
20.7049539089	-1420
20.7050080299	-1420
20.7050349712	-1420
20.7050521374	-622
20.7053070068	543
20.7075219154	543
20.7220051289	-1368
20.8022320271	-1420
20.8022511005	-1420
20.8022530079	-1420
20.8022549152	-1420
20.8022561073	-1420
20.8022580147	-1420
20.8022589684	-1420
20.802259922	-1004
20.8065419197	-1420
20.8065519333	-1420
20.8065979481	-1264
20.8066971302	543
20.8126730919	-1368
20.8190860748	-1368
20.8330600262	-670
20.8335440159	543
20.838050127	1460
20.8381121159	111
21.0436830521	-1420
21.0436959267	-1420
21.0436990261	-1420
21.0437009335	-735
21.0437021255	-1420
21.0437030792	-1316
21.0439360142	543
21.0539491177	-1420
21.053964138	-1420
21.0540189743	-1420
21.0540211201	-1212
21.0540220737	-1420
21.0540230274	-1316
21.0544819832	-1420
21.05448699	-1316
21.0545890331	-1368
21.0611031055	-1420
21.0611550808	-1420
21.0611600876	-1420
21.0611610413	-1420
21.0611619949	-1420
21.0611629486	-1420
21.0611641407	-1056
21.061166048	-1368
21.0612590313	-1420
21.0612621307	-1420
21.0612630844	-1420
21.0612659454	-1420
21.0612671375	-1420
21.0612680912	-1108
21.0613639355	-1368
21.0617170334	543
21.0707039833	-1420
21.070720911	-1420
21.070759058	-1420
21.0707609653	-1420
21.070761919	-1420
21.0707631111	-1108
21.0957989693	-1420
21.0958161354	-1316
21.0959970951	543
21.1495559216	-1420
21.1495699883	-1420
21.1496229172	-1264
21.1716361046	-141
21.1718671322	543
21.1849160194	543
21.185778141	543
21.2365729809	543
21.2687160969	543
21.2754321098	543
21.3045630455	-1420
21.3045809269	-1316
21.3139629364	-891
21.324244976	-1420
21.3242990971	-1420
21.3243019581	-1264
21.3454351425	543
21.3899009228	543
21.452244997	-66
21.5289559364	-1420
21.5289750099	-1420
21.5289781094	-1420
21.5289800167	-1420
21.5289809704	-1160
21.5292029381	543
21.5455040932	-1420
21.5455129147	-1420
21.5455150604	-1264
21.5651180744	543
21.6204209328	-1023
21.675467968	543
21.6817541122	-1420
21.6817600727	-1316
21.6983320713	-1368
21.7022209167	-1420
21.702270031	-1316
21.7149839401	-1368
21.7250931263	1057
21.7376549244	-1368
21.7491190434	-335
21.7550981045	543
21.7585179806	-1420
21.7585260868	-1420
21.7585279942	-1420
21.7585301399	-1212
21.7585880756	-1368
21.7652490139	-1368
21.7653560638	-1420
21.7654049397	-1316
21.766559124	-1420
21.766561985	-1316
21.7666771412	-1420
21.7666800022	-1316
21.7838349342	-1420
21.7838521004	-1316
21.795014143	543
21.8777930737	-127
21.8850049973	1460
21.8850641251	111
21.9817450047	-1368
21.9819149971	-1368
21.982336998	-1420
21.9823410511	-1420
21.9823420048	-1264
21.9911351204	-1420
21.9911520481	-1420
21.9912180901	-1420
21.9912209511	-1420
21.9912230968	-1420
21.9912240505	-1108
21.9912250042	-1420
21.9912281036	-1420
21.9912290573	-1264
21.9923489094	-1420
21.9923539162	-1420
21.9923560619	-1264
21.9944579601	543
21.9986860752	-1420
21.9987020493	-1420
21.9987609386	-1264
21.9987640381	-1368
21.9990429878	543
22.0058710575	-462
22.1333250999	-1368
22.1346189976	-232
22.1347849369	543
22.1967151165	-1368
22.204980135	-1420
22.2049920559	-1420
22.204996109	-1264
22.2054610252	543
22.2115910053	-1420
22.2115979195	-1420
22.2116000652	-1264
22.2626450062	-306
22.297631979	543
22.3011181355	543
22.4112780094	-1368
22.4285299778	-1420
22.4285471439	-1420
22.428550005	-1264
22.4288361073	-269
22.4303839207	543
22.4450309277	543
22.5459311008	-1420
22.545951128	-1316
22.5574810505	-891
22.6714799404	-1420
22.6714990139	-1420
22.6715021133	-1264
22.6818571091	-1420
22.6818709373	-1420
22.6819140911	-1264
22.6862721443	-646
22.688560009	-1368
22.6951339245	543
22.6988449097	-1420
22.6988530159	-1316
22.7063679695	-1368
22.7130990028	-1368
22.7763199806	-1420
22.7763369083	-1420
22.7764029503	-1264
22.7931871414	-1420
22.7932550907	-1420
22.7932600975	-1264
22.7963449955	543
22.796569109	543
22.7968261242	543
22.7969889641	543
22.8165440559	-575
22.8472969532	543
22.9886310101	-543
23.0027749538	-1420
23.0027980804	-1316
23.0130670071	-1420
23.0130810738	-1420
23.0131349564	-1420
23.0131390095	-1212
23.0131399632	-1420
23.0131430626	-1316
23.0196471214	-1368
23.0849370956	1057
23.1167471409	-741
23.1206810474	1057
23.2258889675	-1420
23.2259070873	-1420
23.2259099483	-1264
23.2274479866	543
23.2304470539	-1420
23.2304649353	-1316
23.2305150032	-1368
23.2327270508	543
23.2536821365	-1368
23.2829630375	-543
23.3246951103	-849
23.3284580708	543
23.337403059	543
23.5454449654	-1420
23.5454599857	-665
23.6734759808	-1057
23.6867759228	-1368
23.8148300648	-203
23.8556210995	543
23.8953831196	-1420
23.8954479694	-1420
23.8954949379	-1420
23.8955309391	-1212
23.8955750465	-1368
23.9085681438	-1420
23.908657074	-1420
23.9087021351	-1420
23.9087350368	-1212
23.9087679386	-1420
23.9088020325	-1316
23.9090089798	543
23.9132640362	-1368
23.9344439507	-1420
23.9344921112	-1316
23.9745180607	543
23.9833319187	-641
23.9845459461	543
24.1114389896	-543
24.1270899773	-1420
24.1271071434	-1420
24.1271119118	-1420
24.1271131039	-1420
24.1271140575	-1160
24.1271150112	-1420
24.1271159649	-1420
24.1271169186	-1264
24.1384019852	-1420
24.1384260654	-1420
24.1385190487	-1420
24.138520956	-1212
24.1385219097	-1420
24.1385240555	-1420
24.1385250092	-1264
24.1385259628	-1368
24.1385269165	-1368
24.144297123	-1420
24.1443049908	-1420
24.1443560123	-1264
24.144452095	543
24.1667239666	-1420
24.1667521	-1316
24.2186939716	-543
24.2419660091	-636
24.3317620754	-1368
24.3320040703	543
24.3328080177	-1420
24.3328230381	-1420
24.3328249454	-1420
24.3328261375	-1420
24.3328270912	-1160
24.3438460827	-1368
24.3438689709	-1420
24.343914032	-1316
24.3483431339	-1420
24.3483960629	-1420
24.3483989239	-1264
24.3549809456	543
24.370609045	-264
24.3780779839	543
24.8252019882	543
24.8256030083	-1420
24.8256089687	-1420
24.8256111145	-787
24.897313118	-1368
24.8995559216	543
24.9197170734	-543
24.9203240871	543
24.9535939693	-746
25.1908371449	-543
25.1912181377	543
25.3199970722	-543
25.4264760017	-1368
25.4876320362	-1260
25.4892969131	1057
25.6349089146	543
25.7606511116	-543
25.9131219387	-1420
25.9131920338	-1420
25.9132289886	-1420
25.9132630825	-1420
25.9132959843	-1160
25.9133291245	-543
25.9230649471	-1420
25.9231300354	-1420
25.9231650829	-1264
25.9283390045	-1023
25.9299509525	-1420
25.9299910069	-1420
25.9300251007	-1264
25.9988489151	543
26.056319952	-580
26.1176631451	543
26.134125948	-1420
26.1341979504	-1420
26.1342020035	-1420
26.1342039108	-1420
26.1342060566	-1160
26.1363720894	-1368
26.1364691257	543
26.1365430355	-1420
26.1365461349	-1316
26.136879921	-1420
26.1368839741	-1316
26.1369600296	-1368
26.1436340809	-1368
26.1512219906	-1368
26.184481144	-467
26.3413770199	-1420
26.3413960934	-1420
26.3414640427	-1420
26.3414680958	-1420
26.3414690495	-683
26.3414709568	-1420
26.3414719105	-1316
26.3415551186	-1420
26.3415579796	-1316
26.3416380882	-1420
26.3416409492	-1316
26.3417019844	-1420
26.341711998	-1420
26.3417129517	-1264
26.3417439461	-1368
26.3419520855	543
26.3421740532	543
26.3517091274	-1420
26.3517169952	-1420
26.3517620564	-1264
26.3576600552	-1420
26.3576900959	-1316
26.4694590569	-1250
26.4702451229	543
26.5687749386	-1420
26.5687921047	-1420
26.5687940121	-1420
26.5687959194	-158
