0	543
0.645725011826	-543
3.9528529644	543
4.12786602974	-543
4.12883591652	543
4.29687404633	-543
4.31999206543	-1368
4.44645190239	-1231
4.45654702187	543
4.62068009377	543
4.6217648983	-543
4.78818297386	-543
4.7890329361	543
4.97445106506	-543
5.1385550499	-543
5.13960599899	543
5.16312789917	242
5.32315897942	-759
5.32417297363	126
5.48100996017	-51
5.48154997826	38
5.58093810081	-543
5.59007692337	-1368
5.636302948	-1368
5.63635993004	-156
5.63721990585	1057
5.67914390564	-1368
5.67972397804	-1368
5.68008708954	-1368
5.68051600456	-1368
5.68091607094	-1368
5.68626689911	-1368
5.6868519783	-1368
5.71642398834	-654
5.73017692566	543
5.79882097244	-543
5.80016303062	543
5.84269809723	-1086
6.00929903984	-543
6.01031708717	543
6.02018094063	-543
6.02057099342	543
6.19399189949	-543
6.21872806549	-1368
6.22393202782	-1368
6.22396993637	-1368
6.23236393929	-543
6.34501504898	-66
6.35197806358	543
6.47823596001	543
6.49212503433	-543
6.6546049118	-1086
6.65672898293	1368
6.65684509277	1231
6.8099629879	-543
6.81100010872	-1368
6.81103301048	-1368
6.81158900261	-1368
6.81931495667	-1368
6.81999492645	-1368
6.82005691528	-1368
6.82008910179	-1368
6.82508707047	-1368
6.82512307167	-1368
6.82523298264	-1368
6.82653689384	-1368
6.82656311989	-1368
6.82921695709	-1368
6.93728208542	-981
6.94148492813	-1368
6.94151997566	-1368
6.94168806076	-1368
6.94171690941	-1368
6.94174408913	-1368
6.94183111191	-1368
6.94185805321	-1368
6.94188690186	-1368
6.94191789627	-1368
6.94194602966	-1368
6.94197702408	-1368
6.94211792946	543
6.94625496864	-1368
6.94632196426	-1368
6.94634604454	-1368
6.9463789463	-1368
6.94648003578	-1368
6.9465110302	-1368
6.94654798508	-1368
6.9465880394	-1368
6.95143198967	-1368
6.95151495934	-1368
6.95160698891	-1368
6.95164108276	-1368
6.95275211334	-1368
6.95278000832	-1368
6.9528439045	-1368
6.95286893845	-1368
6.95544099808	-1368
6.95552992821	-1368
6.9555850029	-1368
6.95559501648	-1368
7.06849098206	-1368
7.06853103638	-1368
7.06856799126	-1368
7.06860589981	-1368
7.06863307953	-1368
7.06863689423	-531
7.06883907318	-1368
7.06886911392	-1368
7.0688970089	-1368
7.0689060688	1086
7.0689239502	-1368
7.06900596619	-1368
7.06904292107	-1368
7.06907391548	-1368
7.06910610199	-1368
7.0691640377	-1368
7.06919288635	-1368
7.06922006607	-1368
7.06924891472	-1368
7.06968212128	-1368
7.06971907616	-1368
7.06975293159	-1368
7.06978201866	-1368
7.06984806061	-1368
7.06987810135	-1368
7.07270002365	-1368
7.07272601128	-1368
7.07274389267	-1368
7.07274794579	-1368
7.07275605202	-1368
7.07279396057	-1368
7.07282495499	-1368
7.0728559494	-1368
7.07289195061	-1368
7.07293009758	-1368
7.07297205925	-1368
7.07300901413	-1368
7.07304000854	-1368
7.0730741024	-1368
7.07310509682	-1368
7.07314610481	-1368
7.0732820034	1368
7.07781100273	-1368
7.07791590691	-1368
7.07797598839	-1368
7.07798504829	-1368
7.07816290855	-1368
7.0782020092	-1368
7.07822394371	-1368
7.07824707031	-1368
7.0792388916	-1368
7.07927107811	-1368
7.07930994034	-1368
7.07931804657	-1368
7.07996201515	-1368
7.0800049305	-1368
7.08161997795	-1368
7.0816988945	-1368
7.0818939209	-1368
7.08192610741	-1368
7.08195209503	-1368
7.08198904991	-1368
7.08205699921	-1368
7.08209109306	-1368
7.08211302757	-1368
7.08213996887	-1368
7.1948390007	-1368
7.194865942	-1368
7.19488191605	-1368
7.19490909576	-1368
7.19500494003	-1368
7.19503688812	-1368
7.19506502151	-1368
7.19509291649	-1368
7.19516897202	1368
7.19521307945	-988
7.19759106636	1368
7.1997089386	240
7.37842392921	543
7.4015750885	-543
7.40677309036	-1368
7.5048289299	543
7.51545095444	1368
7.53288507462	-232
7.64186096191	1289
7.69405698776	-1368
7.69411110878	-1368
7.6952290535	-1368
7.69842910767	-124
7.74167895317	-1368
7.74616289139	1368
7.80494809151	261
7.82481503487	-775
7.899766922	-1368
7.89980196953	-1368
7.94275999069	-1368
7.94281506538	1086
7.96783304214	-1368
7.96933698654	-1368
7.9693980217	-1368
7.96943902969	-1368
7.96958398819	-1368
7.97293710709	-1368
7.98150801659	-1368
7.98222208023	-1368
7.98224806786	-1368
7.98276805878	-1368
7.98279094696	-1368
7.9828441143	-1368
7.98295903206	1368
7.98340702057	-1368
7.98343706131	-1368
7.98594403267	-1368
7.98596811295	-1368
7.98599290848	-1368
7.98612689972	-1368
7.98642206192	-1368
7.98656892776	-1368
7.98660206795	-1368
7.98668003082	-1368
7.98692703247	-1368
7.98705005646	-1368
7.98707795143	-1368
7.98710894585	-1368
7.9904820919	-544
7.99228692055	-1368
7.99240803719	-1368
7.99241709709	-1368
7.99295091629	-1368
7.99310588837	-1368
7.99313092232	-1368
8.00132894516	-1368
8.00141096115	-1368
8.00142598152	-1368
8.00153303146	-1368
8.00154304504	-1368
8.00567412376	-1368
8.0059928894	-1368
8.00601911545	-1368
8.00829195976	-1368
8.00869488716	-1368
8.00873494148	-1368
8.00875306129	-1368
8.00947904587	-1368
8.00950789452	-1368
8.00961494446	-1368
8.0103969574	-1368
8.01042699814	-1368
8.01063704491	1368
8.01304292679	-1368
8.01361203194	-1368
8.01365399361	-1368
8.01376795769	-1368
8.01613712311	-1368
8.01615905762	-1368
8.01618695259	-1368
8.01959609985	-1368
8.01967597008	-1368
8.0197520256	-1368
8.0200419426	-1368
8.02006912231	-1368
8.02175807953	-1368
8.02236795425	-1368
8.02239608765	-1368
8.02544307709	-1368
8.02636909485	-1368
8.02639293671	-1368
8.02753710747	-1368
8.02815389633	-1368
8.02859592438	-1368
8.028621912	-1368
8.02971601486	-1368
8.02973890305	-1368
8.02983403206	-1368
8.03086590767	-1368
8.03089690208	-1368
8.03100609779	-1368
8.03113508224	1368
8.03233504295	-1368
8.03235912323	-1368
8.03245806694	-1368
8.03282809258	-1368
8.03321099281	-1368
8.0332429409	-1368
8.03329396248	-1368
8.03333711624	-1368
8.0335021019	-1368
8.07181310654	-1368
8.07195901871	240
8.07197999954	-1368
8.07199192047	-1368
8.07382011414	-1368
8.07388401031	-1368
8.07391500473	-1368
8.07399606705	-1368
8.07401895523	-1368
8.07406806946	-1368
8.07411694527	-1368
8.07414698601	-1368
8.07418394089	-1368
8.07581210136	-1368
8.07594490051	-1368
8.07597208023	-1368
8.07692694664	-1368
8.07700490952	-1368
8.07713389397	-1368
8.0771689415	-1368
8.07719707489	-1368
8.07722806931	-1368
8.07731389999	-1368
8.07734298706	-1368
8.07737112045	-1368
8.07861399651	-1368
8.07865095139	-1368
8.07882499695	-1368
8.07901096344	1368
8.09561300278	-1368
8.09739398956	-1368
8.10831999779	-1368
8.1185529232	-778
8.12888407707	1368
8.15879702568	-1368
8.15891909599	-1368
8.20552706718	522
8.22731900215	-1368
8.23341608047	1368
8.24475908279	-667
8.33022904396	-1368
8.36002707481	775
8.36904597282	-1368
8.41056799889	-1036
8.52476406097	543
8.58174204826	-543
8.58404493332	-1368
8.58411407471	-1368
8.59714508057	-1368
8.59729909897	-1368
8.59947896004	-1368
8.5995490551	-1368
8.60654807091	-1368
8.60661292076	-1368
8.65110111237	543
8.68025708199	-1368
8.68560004234	-1368
8.68677592278	-1368
8.70784211159	-119
8.7294960022	1368
8.81199193001	232
8.91495895386	-543
9.07917404175	-1086
9.08038496971	543
9.20675992966	1057
9.22951006889	-543
9.23832511902	-1368
9.24779605865	-1368
9.36471700668	-949
9.37798810005	543
9.49116206169	-543
9.54060697556	543
9.65447092056	-543
9.78068304062	-543
9.78096795082	543
9.93348503113	-543
10.0986421108	-543
10.1114089489	1057
10.3120009899	-543
10.4746570587	-543
10.4854691029	543
10.6739549637	-543
10.6742939949	543
10.8704149723	-543
10.8869509697	-1368
10.8946139812	-1368
11.0132009983	-949
11.0216019154	543
11.1478829384	543
11.181440115	-543
11.3465809822	-1086
11.3486940861	543
11.5605010986	-543
11.7267410755	-1057
11.7715260983	543
11.9558000565	-543
11.9567959309	543
12.1325058937	-543
12.1372408867	-1368
12.1373419762	-1368
12.2639079094	-891
12.2719500065	543
12.3984780312	543
12.426692009	-543
12.590667963	-1086
12.5955109596	543
12.8031671047	-543
12.966586113	-543
12.9789950848	543
13.205739975	-543
13.2060880661	543
13.3951380253	-543
13.3980460167	-1368
13.39812994	-1368
13.413973093	-1368
13.4201850891	543
13.5244219303	-95
13.5464410782	543
13.6728711128	-1086
13.678276062	543
13.8066470623	-543
13.9718649387	-543
13.9978339672	543
14.1649179459	543
14.3462300301	-543
14.3638060093	-1368
14.3662779331	-1368
14.3663361073	-1368
14.4496068954	-1368
14.4496619701	-1368
14.4900751114	-501
14.491549015	543
14.7500269413	-543
14.7583060265	-1368
14.884745121	-1289
14.885281086	543
