0	543
0.317502975464	-543
0.317703008652	543
0.638700962067	-1420
0.63872218132	-1420
0.638784170151	-273
0.640931129456	543
0.650171995163	543
0.66685795784	543
0.969566106796	-543
1.12559103966	-543
1.12969398499	543
1.24320316315	-543
1.24339818954	543
1.40436911583	-1057
1.59462213516	-1420
1.59468817711	-1420
1.59472513199	-273
1.59665799141	543
1.59724998474	543
1.91239309311	-543
2.2068271637	-1420
2.20687198639	-151
2.32455396652	-543
2.33281517029	-1298
2.33287000656	-1298
2.36739516258	543
2.38325810432	-1298
2.38344502449	-1420
2.38350510597	-1176
2.39546608925	543
2.42472314835	-1298
2.44176316261	-9
2.46664404869	-1298
2.55879306793	-273
2.72067403793	-543
2.7208969593	543
2.83836698532	-543
2.83855009079	543
2.95579099655	-1298
2.95581007004	-1298
2.95601916313	-517
2.95809817314	543
2.96482801437	543
3.12169408798	-1420
3.12171316147	-1420
3.12176799774	-273
3.12393808365	543
3.12965202332	543
3.24744296074	-543
3.40908312798	-1057
3.52620315552	-543
3.64327216148	-543
3.64348697662	543
3.93754196167	-1057
3.93860912323	1460
3.93867206573	1139
4.36603617668	-1298
4.36625409126	-1420
4.36630702019	-909
4.36640501022	543
4.41086816788	-1420
4.41088604927	-1176
4.41147708893	-1298
4.41585707664	-1420
4.41588306427	-1176
4.41604399681	-1298
4.4165661335	-1298
4.48351407051	-1420
4.48357200623	-1176
4.48359799385	-1298
4.48378109932	-1420
4.48382711411	-1176
4.52903103828	-1298
4.52909207344	-1420
4.52911996841	-1176
4.53299403191	-1298
4.53314399719	-1420
4.53318405151	-1420
4.53318715096	-1054
4.53380513191	-1298
4.5340461731	-1298
4.53415107727	-1298
4.54062795639	543
4.60069012642	-1420
4.60071611404	-1176
4.60075116158	-1298
4.60119009018	-1420
4.60123109818	-1420
4.6012339592	-1054
4.60130310059	-1298
4.64626812935	-1420
4.64628005028	-1176
4.64638400078	-1298
4.64662313461	-1298
4.65009999275	-1298
4.65038609505	-1298
4.65046310425	543
4.65058302879	-1420
4.65058612823	-1420
4.6506049633	-1054
4.65065217018	-1298
4.65080308914	543
4.65148806572	-1420
4.65149307251	-1420
4.65153312683	-1054
4.65824818611	-1420
4.65829110146	-1176
4.71790599823	-1298
4.7179980278	-1420
4.71800017357	-1176
4.71844816208	-1298
4.71885108948	-1420
4.71885609627	-1420
4.71890711784	-1054
4.7190489769	-1298
4.75791501999	-1298
4.75806212425	-1298
4.76364398003	-1420
4.76365709305	-1176
4.7637181282	-1420
4.76372098923	-1176
4.76376199722	-1420
4.76377511024	-1176
4.76396918297	543
4.76754117012	-1298
4.76763796806	-1298
4.76787495613	-1420
4.76787900925	-1176
4.76791810989	-1298
4.76800203323	-1298
4.76805615425	-1298
4.76860713959	-1420
4.76864695549	-1176
4.76877403259	-1420
4.76885700226	-1176
4.7688601017	-1298
4.7757191658	-1420
4.7757370472	-1176
4.81483197212	-1420
4.81484508514	-1176
4.83513617516	-1298
4.83515095711	-1420
4.83520197868	-1420
4.83520412445	-1054
4.83537697792	543
4.83555316925	543
4.83576011658	-1298
4.83606600761	-1420
4.83608913422	-1420
4.83610010147	-1054
4.83611702919	-1298
4.87531399727	-1420
4.87532711029	-1420
4.87537908554	-1054
4.88059711456	-1298
4.8807079792	-1420
4.88071203232	-1176
4.8807990551	-1298
4.8809170723	-1298
4.88097000122	-1298
4.88112998009	-1298
4.88113212585	-1298
4.88124203682	543
4.8813791275	-1420
4.88138318062	-1176
4.88483500481	-1420
4.88484096527	-1176
4.88505101204	-1298
4.88510203362	-1298
4.88537406921	-1420
4.88537812233	-1176
4.88567209244	-1298
4.88583898544	-1420
4.88586711884	-1176
4.88659405708	-1298
4.88670802116	-1298
4.88689517975	-1420
4.88691401482	-1176
4.88700008392	-1298
4.88721299171	-1420
4.88721704483	-1176
4.89291501045	-1420
4.89292097092	-1420
4.89296507835	-647
4.89308214188	543
4.89342999458	543
5.11270618439	543
5.26148200035	543
5.26756715775	1460
5.26762700081	111
5.2819750309	1057
5.28256011009	543
5.28948903084	-1420
5.28949809074	-151
5.28979897499	543
5.40778803825	-543
5.4080080986	543
5.52733707428	-543
5.52753901482	543
5.65011405945	-543
5.65028309822	543
5.65232110023	-1420
5.6523270607	-1420
5.65237307549	-1420
5.65237617493	-932
5.65248918533	543
5.65253806114	-1298
5.65334701538	-1298
5.69219899178	-1420
5.6922121048	-1176
5.69231009483	-1298
5.70299601555	-1420
5.70306396484	-1176
5.70306801796	-1298
5.70468902588	-1420
5.70469403267	-1176
5.70488905907	-1298
5.70581007004	-1420
5.70589208603	-1176
5.70589518547	-1298
5.70726108551	-1420
5.70726704597	-1176
5.70737314224	543
5.70747995377	-1298
5.76762914658	-1298
5.76765203476	-1298
5.77109217644	-1298
5.77144002914	-1298
5.77183198929	-1420
5.77184510231	-1176
5.77188515663	-1298
5.77336907387	-1420
5.77337408066	-1176
5.7734181881	-1298
5.80922007561	-1298
5.80949306488	-1420
5.80954003334	-1176
5.82000398636	-1298
5.82015299797	-1298
5.82031297684	-1298
5.82062411308	-1420
5.82062911987	-1420
5.82066917419	-1054
5.82074809074	543
5.82169103622	-1298
5.82189011574	-1420
5.82193112373	-1176
5.82199716568	543
5.82336115837	-1420
5.82336497307	-1176
5.82362413406	-1420
5.82362818718	-1176
5.82459616661	-1420
5.8246011734	-1176
5.82541418076	-1298
5.82592797279	-1298
5.82602596283	-1298
5.82620596886	-1298
5.88485217094	-1420
5.88486814499	-1176
5.88829612732	-1298
5.88857412338	-1420
5.88861608505	-1176
5.88976716995	-1298
5.88987612724	543
5.8900551796	-1420
5.89005804062	-1176
5.89026117325	-1298
5.89101815224	-1420
5.89106106758	-1420
5.89106297493	-1420
5.89110016823	-932
5.92636609077	-1420
5.92641115189	-1176
5.92651295662	-1298
5.92659711838	-1420
5.9265999794	-1176
5.92690610886	-1298
5.93871903419	-1298
5.93894505501	-1298
5.93920516968	-1420
5.9392580986	-1176
5.93937706947	-1420
5.93942213058	-1420
5.93942403793	-1054
5.93950796127	-1298
5.93963909149	543
5.9397380352	-1298
5.93978905678	-1298
5.93999314308	-1298
5.94012713432	-1298
5.94062614441	-1420
5.94062995911	-1176
5.94079899788	-1420
5.94080209732	-1176
5.94090509415	543
5.9410200119	-1298
5.9412651062	-1298
5.94176697731	-1420
5.9417719841	-1176
5.94187998772	-1298
5.94307398796	-1298
5.94338512421	-1420
5.94338917732	-1176
5.94349312782	-1298
5.94360113144	-1298
5.94393110275	-1298
6.00216603279	-1298
6.00218701363	-1298
6.00232410431	-1298
6.00243616104	543
6.00567412376	-1298
6.00596904755	-1420
6.00601506233	-1420
6.00601816177	-1054
6.00728702545	-1420
6.00729203224	-1176
6.00745415688	-1420
6.0074570179	-1176
6.00809216499	-1420
6.00809717178	-1176
6.00814604759	-1420
6.00814795494	-1176
6.00818395615	-1298
6.00829195976	-1298
6.04371595383	-1298
6.04394507408	-1298
6.04414606094	-1298
6.04432010651	-1298
6.04454398155	543
6.04475712776	-1420
6.04476213455	-1420
6.04480218887	-1054
6.04682707787	543
6.05601811409	-1420
6.05603218079	-1420
6.05608415604	-1054
6.05618715286	-334
6.05962610245	543
6.06672000885	543
6.0775680542	543
6.07903814316	543
6.08140206337	1057
6.08202505112	543
6.31842303276	-1420
6.31843900681	-665
6.43537306786	-543
6.48309707642	-1298
6.49071311951	1057
6.53504300117	-1298
6.5406601429	543
6.59169507027	-604
6.71301698685	-543
6.77777504921	-1298
6.77783703804	-1298
6.81907105446	-1298
6.81924295425	-1420
6.81928396225	-1176
6.81932711601	-1298
6.86957907677	-9
6.87244915962	-1298
6.87249207497	-1298
6.87277698517	-1298
6.93468117714	-1298
6.9676630497	543
6.98674511909	-1063
6.9880001545	1057
7.20634317398	-543
7.20655918121	543
7.3242430687	-1057
7.32956504822	1057
7.4364759922	-1420
7.43649196625	-1176
7.44768214226	-1031
7.45002818108	543
7.56749200821	-543
7.57265901566	543
7.69036197662	-1086
7.6930000782	543
7.81075811386	-543
7.9987680912	-1057
7.99983310699	1057
8.24940800667	-1057
8.26018810272	543
8.49499106407	-543
8.49517512321	543
8.75117301941	-1420
8.75119113922	-1420
8.75124597549	-787
8.75325417519	543
8.87087607384	-543
8.87281012535	543
9.02103209496	-1057
9.02205204964	543
9.13951516151	-543
9.16473698616	543
9.26158308983	-1298
9.29579997063	-273
9.31655097008	543
9.54973816872	-543
9.5499329567	543
9.79314303398	-1420
9.79316115379	-1420
9.79321503639	-787
9.79538297653	543
9.91013097763	-543
9.91200113297	543
10.0841991901	-1057
10.0851950645	543
10.2674081326	-543
10.5004479885	-1057
10.5036740303	543
10.5070559978	-543
10.7325930595	-543
10.7327861786	543
10.97757411	-1420
10.9775910378	-1420
10.9776451588	-787
10.9777681828	543
10.9796891212	543
11.0948500633	-543
11.096724987	543
11.4748940468	-1057
11.4762229919	543
11.5918979645	-543
11.7702281475	-543
11.7818369865	543
11.800399065	543
12.1521179676	-1420
12.1521360874	-1420
12.1521730423	-787
12.1523110867	543
12.2696499825	-1057
12.3119511604	-1298
12.3120210171	-1298
12.426992178	-3
12.4277610779	543
12.78520298	-1420
12.7852320671	-665
12.9037191868	-1057
