0	-543
3.42389893532	543
3.42399692535	543
3.42856407166	543
3.45518708229	-543
3.60601806641	-543
3.61288809776	543
3.75384402275	-543
3.75541400909	-1368
3.8218729496	-543
3.86843395233	-203
3.9531891346	543
3.95377898216	543
4.24525904655	-543
4.25389194489	543
4.39495706558	-543
4.39628911018	-1368
4.51008200645	-717
4.51029706001	543
4.51391792297	543
4.65678811073	543
4.81584906578	-543
4.81970691681	543
4.93397498131	-543
4.93415808678	543
4.96436595917	-1368
5.04763007164	-746
5.04844999313	543
5.07494711876	-1368
5.16097402573	-1260
5.16317296028	543
5.34114408493	-543
5.34132599831	543
5.3817949295	543
5.39660906792	543
5.39721298218	543
5.42930197716	543
5.4794421196	-543
5.48203492165	-1368
5.5927760601	-746
5.59325098991	543
5.70629096031	-543
5.7116420269	543
5.88953995705	-543
5.89103507996	-1420
5.89111614227	-1316
5.89112401009	-1420
5.89116692543	-1316
5.89117193222	-1368
5.89193892479	-1368
5.89251613617	-1368
5.89257311821	-1368
5.90116596222	-1368
5.90123200417	-1368
5.90242600441	-1368
5.92111897469	543
5.95614695549	543
6.00426411629	-1420
6.0042860508	-1316
6.0043489933	-1368
6.00457406044	-1420
6.00463414192	-1420
6.00463700294	-1264
6.00511813164	-1420
6.00512194633	-1316
6.00522112846	-1420
6.00523304939	-1316
6.00559401512	-1420
6.00559711456	-1316
6.01437211037	-1420
6.01438498497	-1420
6.01444101334	-1264
6.01455712318	-1368
6.01599812508	543
6.03478693962	-1420
6.03480195999	-1316
6.07352995872	543
6.07398891449	543
6.0742919445	543
6.11385607719	543
6.11421704292	543
6.11764812469	-1420
6.11765313148	-1316
6.11809492111	-1420
6.1180999279	-1420
6.11815309525	-1264
6.11815595627	-1368
6.11826992035	543
6.11832404137	-1368
6.11859703064	-1420
6.1186311245	-1030
6.11904001236	543
6.11931014061	1057
6.1936480999	543
6.19409608841	543
6.23190999031	-543
6.23210597038	543
6.23248100281	543
6.23298811913	543
6.23334002495	543
6.26946997643	-1368
6.26971006393	543
6.27059197426	-1420
6.27059793472	-1316
6.27075695992	-1368
6.28096008301	-1368
6.282984972	-1368
6.28328704834	543
6.33312010765	-1420
6.33313202858	-1316
6.33318591118	-1368
6.33418607712	-1420
6.33422708511	-1316
6.3343091011	-1368
6.33470201492	-1420
6.33470606804	-1316
6.33480596542	-1368
6.33642601967	-1420
6.33645606041	-1316
6.34244012833	-1368
6.34583997726	-1368
6.3474509716	-1200
6.35020494461	-1420
6.35021114349	-1316
6.35940504074	-1368
6.35949707031	543
6.3621160984	-1368
6.38456010818	-1368
6.38970208168	-1420
6.38970804214	-1316
6.38975000381	-1368
6.38996195793	543
6.40089201927	-1368
6.40532112122	543
6.41391801834	-1368
6.46342897415	-546
6.48314809799	543
6.57674193382	-1086
6.58313894272	543
6.58333897591	543
6.58350610733	543
6.58371806145	543
6.5838830471	543
6.58401012421	543
6.58418798447	543
6.58477902412	543
6.58511304855	543
6.59607601166	-1368
6.59617304802	-1368
6.59672999382	543
6.59757900238	543
6.59797310829	543
6.59858512878	543
6.59897208214	543
6.5993270874	543
6.60134911537	543
6.60183811188	543
6.60217404366	543
6.60253214836	543
6.60499191284	-1368
6.60610795021	543
6.60644698143	543
6.60678601265	543
6.60702896118	543
6.60729503632	-1368
6.60751700401	543
6.60786008835	543
6.62156105042	543
6.63358807564	543
6.65729093552	-1368
6.67026805878	543
6.69271612167	-16
6.70315098763	543
6.703799963	543
6.7255859375	-1420
6.72560191154	-1316
6.725659132	-1368
6.7257630825	-1420
6.72578501701	-1316
6.72646093369	-1368
6.72661805153	-1368
6.72678112984	-1368
6.72693395615	-1420
6.72693800926	-1420
6.72696709633	-1264
6.72741508484	-1420
6.72746014595	-1316
6.72746300697	-1368
6.72799897194	-1420
6.72800397873	-1316
6.72827196121	-1420
6.72827506065	-1316
6.72844195366	-1368
6.72882795334	-1368
6.72902011871	-1420
6.7290251255	-1316
6.72985506058	543
6.73004198074	543
6.73117113113	-1420
6.7311770916	-1316
6.7317969799	-1368
6.74429607391	-1368
6.74434494972	-1420
6.74434804916	-1316
6.74521207809	-1368
6.80623197556	-1420
6.80624508858	-1316
6.81630301476	-1368
6.81677794456	1057
6.81735396385	543
6.83872008324	-1420
6.83873510361	-1420
6.83879113197	-1264
6.8389210701	-1420
6.83896207809	-1316
6.83904910088	-1420
6.83909511566	-1316
6.83977198601	-1420
6.83981895447	-1316
6.83989691734	543
6.84007096291	-1420
6.84007501602	-1316
6.84022212029	-1420
6.84022402763	-1316
6.84029006958	-1368
6.84049606323	-1420
6.84053897858	-1316
6.84092497826	-1368
6.84106111526	-1420
6.84106492996	-1316
6.84121894836	-1368
6.84146714211	-1420
6.84150600433	-1316
6.84155702591	-1420
6.84159398079	-1420
6.84159612656	-1264
6.84194302559	-1420
6.84194612503	-1316
6.84219813347	-1420
6.84220004082	-1316
6.84225106239	-1420
6.84225511551	-1316
6.84440398216	-1420
6.84440803528	-1316
6.84554600716	543
6.84571409225	543
6.85401391983	-1368
6.85419893265	543
6.85433101654	543
6.85744309425	-1420
6.85744905472	-1316
6.85761213303	-1420
6.85761594772	-1316
6.85772109032	543
6.85788702965	1057
6.85803103447	-1368
6.85807800293	543
6.85825896263	543
6.85839295387	1057
6.85856413841	543
6.85872101784	543
6.85886907578	543
6.85901713371	543
6.85912704468	543
6.86005091667	-1368
6.86926198006	543
6.86944699287	543
6.86956810951	543
6.89867305756	-1368
6.89890408516	543
6.89951992035	543
6.90000700951	-1368
6.91958713531	-1420
6.91961693764	-1316
6.91972994804	-1368
6.93103098869	-1420
6.93103694916	-1316
6.9517390728	-1420
6.95174407959	-1316
6.95179605484	-1368
6.95203900337	-1420
6.9520919323	-1316
6.95209503174	-1420
6.95214796066	-1316
6.95224499702	-1368
6.95238494873	543
6.95242500305	-1368
6.95249605179	-1368
6.95258498192	543
6.95275807381	543
6.9529440403	543
6.95300006866	-1420
6.95300412178	-1190
6.97316908836	-1420
6.97317504883	-1316
6.98239803314	-1368
6.98647594452	-1368
6.99072694778	-1368
6.99083900452	1057
6.99455904961	-1420
6.9945640564	-1316
6.99518704414	-1420
6.99519205093	-1316
6.99561095238	-1368
6.99717092514	-1420
6.99719810486	-1316
6.99854493141	-1368
6.99866008759	-1420
6.9986641407	-1316
7.00013804436	-1420
7.00014209747	-1316
7.0005300045	-1368
7.00113892555	-1368
7.00131201744	-1420
7.00131607056	-1316
7.0027179718	-1368
7.00284695625	-1420
7.00288009644	-1316
7.00344204903	-1420
7.0034840107	-1316
7.00360798836	-1368
7.00519108772	-1420
7.00519704819	-1316
7.0053050518	-1368
7.00588202477	-1368
7.00607991219	-1368
7.0061609745	-1368
7.00734710693	-1368
7.00743293762	543
7.00751209259	-1420
7.00751614571	-1316
7.00846910477	-1368
7.00862693787	543
7.01301193237	-1420
7.01301693916	-1316
7.01503801346	-1368
7.03284096718	-1420
7.03288412094	-1316
7.0337369442	-1368
7.03910303116	543
7.03932905197	543
7.04437112808	-1368
7.04449892044	-1420
7.04454612732	-1316
7.04476308823	-1368
7.06517505646	-1420
7.06519603729	-1316
7.06525611877	-1420
7.0652589798	-1316
7.06537795067	-1368
7.06572294235	-1368
7.06585907936	-1368
7.06604814529	-1368
7.06638002396	-1420
7.06639409065	-1316
7.06665992737	-1368
7.06684613228	-1368
7.06704807281	-1420
7.06705307961	-1316
7.06719112396	-1420
7.06719398499	-1316
7.06743097305	-1420
7.06743597984	-1316
7.08639597893	-1420
7.0864109993	-1316
7.10010099411	-1420
7.10011506081	-1316
7.10021591187	-1420
7.10021805763	-1316
7.10484313965	-1420
7.10485196114	-1316
7.10499191284	543
7.10762691498	-1420
7.10763406754	-1316
7.10852503777	-1368
7.1087679863	-1420
7.10882306099	-1420
7.10882496834	-1264
7.1106801033	-1368
7.11073112488	-1368
7.11161494255	-1420
7.11161899567	-1316
7.11166810989	-1368
7.11188292503	-1420
7.1119120121	-1316
7.11234807968	-1368
7.11323213577	-1368
7.11336612701	-1420
7.11341810226	-1316
7.11348605156	-1368
7.11376595497	1460
7.11381101608	111
7.11440205574	-1368
7.11466693878	-1420
7.11469507217	-1316
7.11495995522	-1368
7.11521291733	-1368
7.11551308632	-1368
7.11616301537	-1368
7.11646103859	-1420
7.11650395393	-1420
7.11650705338	-1264
7.1168191433	-1368
7.11700892448	-1368
7.11852812767	-1368
7.11863803864	1057
7.11870312691	-1368
7.11873912811	-1368
7.11881804466	-1368
7.11947393417	-1420
7.11951899529	-1420
7.11952209473	-1264
7.11963105202	-1368
7.11971998215	543
7.11983895302	-1420
7.11984300613	-1316
7.12053012848	-1420
7.12053513527	-1316
7.1207690239	-1420
7.12077212334	-1316
7.12092399597	543
7.12125992775	543
7.12215900421	-1420
7.122164011	-1316
7.1238629818	-1368
7.12654805183	-1368
7.12676405907	-1420
7.12676906586	-1316
7.14611005783	-1420
7.14612412453	-1316
7.14620399475	-1368
7.14633011818	-1368
7.1578950882	-1420
7.15790200233	-1316
7.15795707703	-1420
7.15796995163	-1316
7.15805006027	-1368
7.15822792053	-1368
7.17844009399	-1420
7.17846393585	-1420
7.1785531044	-1264
7.17855596542	-1368
7.17859792709	-1368
7.17867493629	-1368
7.17906093597	-1420
7.17906594276	-1316
7.17914295197	-1420
7.17914509773	-1316
7.17928004265	-1420
7.17928409576	-1316
7.17943191528	-1420
7.17943406105	-1316
7.17967605591	-1420
7.17968010902	-1316
7.17979192734	543
7.17997193336	-1420
7.17997694016	-1316
7.18003797531	-1368
7.1801199913	-1368
7.18024802208	-1420
7.18025302887	-1316
7.18045711517	-1368
7.18071103096	-1420
7.18079996109	-1420
7.18080306053	-1264
7.18084096909	-1420
7.18084311485	-1316
7.19435501099	543
7.19494700432	543
7.1951520443	543
7.1994509697	-1420
7.19945502281	-1316
7.20358109474	-1368
7.21325802803	-1420
7.21329212189	-1316
7.21329498291	-1420
7.21332192421	-1316
7.21373105049	-1368
7.21550297737	-1368
7.21800208092	-1420
7.21804499626	-1316
7.21818995476	-1368
7.22094106674	-1420
7.22094392776	-1316
7.22224712372	-1368
7.22246694565	-1420
7.22250795364	-1420
7.22251009941	-1264
7.22407507896	-1368
7.22428512573	-1420
7.2243270874	-1316
7.22458910942	-1368
7.22481393814	-1368
7.22501802444	-1368
7.22516202927	-1368
7.22532296181	-1368
7.22553992271	-1368
7.22561907768	543
7.22575306892	-1420
7.22575497627	-1316
7.22593808174	543
7.22604894638	-1368
7.2264559269	-1420
7.22649812698	-1316
7.22663807869	-1368
7.22687196732	-1368
7.22708511353	-1368
7.22732496262	-1368
7.22736597061	-1368
7.22760105133	-1368
7.22839212418	-1368
7.22863197327	-1420
7.22863602638	-1420
7.22867512703	-1264
7.22879600525	-1420
7.22883701324	-1316
7.22894096375	-1368
7.22913694382	-1368
7.22979998589	-1420
7.22984099388	-1316
7.23004293442	-1368
7.2301800251	-1368
7.23033905029	543
7.23039197922	-1420
7.23039412498	-1316
7.23051404953	543
7.23065114021	-1420
7.230656147	-1316
7.23199009895	-1368
7.23207998276	-1420
7.23210310936	-1316
7.23242497444	-1368
7.23275113106	-1368
7.23293805122	-1368
7.2330300808	-1368
7.2333779335	-1368
7.23364210129	-1420
7.23364710808	-1316
7.23375892639	-1420
7.23376297951	-1316
7.23382496834	1057
7.23395204544	-1420
7.23395609856	-338
7.26806092262	-1420
7.26807594299	-1420
7.26814007759	-1264
7.26904392242	-1420
7.26909613609	-1316
7.27030801773	-1420
7.27035212517	-1316
7.27043294907	-1420
7.27047204971	-1316
7.27319693565	-1420
7.27326703072	-1316
7.27327108383	-1420
7.27331805229	-1316
7.27355098724	-1368
7.27358293533	-1368
7.27487397194	-1368
7.27496099472	-1368
7.27496409416	-1368
7.27567505836	-1420
7.27567791939	-1316
7.2759540081	-1368
7.27695703506	-1420
7.27696108818	-1420
7.27696204185	-1264
7.27786612511	543
7.27929997444	-1368
7.28030800819	-1420
7.28034591675	-1316
7.28044605255	-1368
7.28155994415	-1420
7.28157401085	-1316
7.28432703018	-1368
7.29158592224	-1420
7.29162311554	-1316
7.34707713127	-1211
7.34734010696	543
7.3502869606	-1420
7.35029292107	-1316
7.36042094231	-1368
7.36282896996	-1420
7.36289310455	-1316
7.36518001556	-1368
7.36533498764	543
7.36688303947	-1368
7.36721611023	-1368
7.3688120842	-1420
7.36881709099	-1420
7.36885094643	-1264
7.37014603615	-1420
7.37018895149	-1316
7.37029194832	543
7.37087011337	-1420
7.37087512016	-1316
7.37174510956	-1420
7.37175011635	-1316
7.37195301056	-1420
7.37195706367	-1316
7.38121199608	-1368
7.39392399788	-1368
7.39970612526	543
7.46341609955	-1005
7.46366214752	543
7.52732014656	-1420
7.52733802795	-1420
7.52739310265	-1264
7.53756403923	-1420
7.53761792183	-1316
7.59616398811	-1368
7.60440301895	543
7.61590003967	-190
7.61603403091	543
7.62081694603	543
7.6220240593	543
7.72910809517	-543
7.75130701065	1057
7.75430202484	543
7.75486803055	543
7.75758004189	543
7.75812101364	543
7.85276293755	-1368
7.85557293892	-1420
7.85565304756	-1420
7.85565805435	-1264
7.85626101494	-1420
7.8562669754	-1316
7.85671401024	-1368
7.85707592964	-1420
7.85713505745	-1316
7.85799503326	-1420
7.85803699493	-1316
7.85808110237	-1368
7.85940408707	-1368
7.85948896408	543
7.86255097389	-1420
7.86255598068	-1316
7.86274194717	-1368
7.86326408386	-1420
7.86330604553	-1316
7.86336994171	543
7.86390399933	-1368
7.86452698708	-1368
7.86470413208	-1368
7.86567592621	-1368
7.86622691154	-1368
7.86640000343	-1368
7.86702895164	-1368
7.8679060936	-789
7.88872814178	-1368
7.88884401321	-1368
7.88900709152	543
7.91373801231	-1368
7.93834900856	543
7.94474697113	543
7.94791793823	-1368
7.94809508324	543
7.94827914238	543
7.94843006134	543
7.98150014877	-928
8.09392213821	-1420
8.09394812584	-1316
8.0940079689	-1368
8.09433197975	543
8.11562204361	-1368
8.11650204659	-1368
8.12161898613	543
8.12413907051	543
8.12908506393	-1368
8.1290910244	-1368
8.14057612419	-451
8.16772198677	-1420
8.16780209541	-1316
8.19374704361	-1368
8.19590902328	543
8.19606995583	-1420
8.19607305527	-1316
8.22260808945	-1420
8.22262406349	-1420
8.22268605232	-1264
8.23471403122	543
8.25367593765	-567
8.25727510452	-1368
8.25758504868	-1368
8.25791406631	-1368
8.25928902626	543
8.26047706604	-1368
8.27206110954	-1368
8.27230000496	543
8.27589702606	-1420
8.27590298653	-1316
8.28755712509	-1368
8.28766012192	543
8.29465794563	543
8.367208004	-625
8.41108798981	-1368
8.48030900955	-804
8.59346699715	-543
8.61235499382	-1420
8.61236214638	-1420
8.61241602898	-1264
8.61518311501	-1420
8.6151881218	-1316
8.61854696274	-1368
8.62184906006	-1420
8.62185406685	-1420
8.62189507484	-1264
8.70703411102	-198
8.76121997833	-1420
8.76123595238	-1420
8.76128602028	-1264
8.76188802719	-1368
8.76269698143	-1420
8.76270103455	-1316
8.76310896873	-1368
8.76360702515	-1420
8.76364612579	-1316
8.76372909546	-1368
8.76438498497	-1368
8.76486110687	-1368
8.76500606537	-1368
8.76540994644	-1420
8.76545095444	-1316
8.76572608948	-1420
8.76575493813	-1316
8.76583504677	-1368
8.76608395576	-1368
8.76928901672	543
8.77596211433	-1368
