0	543
3.37596988678	543
5.99977397919	543
8.99982905388	543
10.6123678684	-543
10.9993040562	543
11.5553178787	-543
12.8419220448	-565
13.0035150051	1057
13.0035429001	543
13.1170358658	-543
13.1178560257	543
13.2478508949	-543
13.2489089966	543
13.3911499977	-543
13.3922879696	543
13.5568540096	-543
13.5571508408	543
13.9297249317	-543
13.9304299355	-1368
14.049654007	-1368
14.0497069359	-1368
14.0497448444	-1368
14.0886569023	543
14.1703720093	-1368
14.1703970432	-1368
14.209373951	-1368
14.2094099522	1086
14.2766098976	1368
14.290719986	-1368
14.2907509804	-1139
14.3709299564	1368
14.3709478378	1368
14.4014148712	1368
14.4164659977	-1086
14.4983918667	1368
14.4984018803	1368
14.5657188892	-1368
14.5657739639	1368
14.5848209858	-1368
14.5848560333	-1368
14.5867249966	-1181
14.6229858398	1368
14.6230070591	1226
14.6928329468	-1368
14.7033319473	-1368
14.7035470009	-1368
14.7403838634	-1368
14.7404329777	-1368
14.8196508884	-1368
14.8197069168	-1368
14.8585100174	-1368
14.8586308956	-1368
14.9372689724	-1368
14.937379837	-1368
14.9768059254	-1368
14.9768638611	-1368
14.9768919945	-1368
14.9769010544	-1368
15.0553069115	-1368
15.0554170609	-1368
15.0956008434	-1368
15.0956590176	-1368
15.0957000256	-1368
15.0957078934	-1368
15.1742520332	-1368
15.1743109226	-1368
15.2125279903	-1368
15.2125589848	-1368
15.2125809193	-1368
15.2126019001	-1368
15.2915198803	-1368
15.291549921	-1368
15.291852951	1057
15.328553915	-1368
15.328578949	-1368
15.3286018372	-1368
15.3286399841	-1368
15.4106688499	-1368
15.4107179642	-1368
15.4472658634	-1368
15.4472968578	-1368
15.4473149776	-1368
15.4473190308	-1368
15.5318379402	-1368
15.531867981	-1368
15.5318858624	-1368
15.5318889618	-1368
15.5683908463	-1368
15.5684139729	-1368
15.5684299469	-1368
15.568459034	-1368
15.568764925	543
15.6549420357	-1368
15.6549758911	-1368
15.6549940109	-1368
15.6899518967	-1368
15.6899828911	-1368
15.6899888515	-1368
15.6900098324	-1368
15.7297899723	543
15.7775709629	-1368
15.7775988579	-1368
15.7776179314	-1368
15.7776379585	-1368
15.8142490387	-1368
15.814278841	-1368
15.8143310547	-1368
15.8143639565	-1368
15.8907878399	-1368
15.8908178806	543
15.9021298885	-1368
15.9021589756	-1368
15.9021759033	-1368
15.9021818638	-1368
15.9386739731	-1368
15.9386959076	-1368
15.9388070107	-1368
15.9388480186	-1368
16.0157489777	-1368
16.0157790184	543
16.015791893	-1368
16.0271909237	-1368
16.0273220539	-1368
16.0273449421	-1368
16.0273790359	-1368
16.0647208691	-1368
16.0647559166	-1368
16.0648880005	-1368
16.0649030209	-1368
16.153744936	-1368
16.1537778378	-1368
16.1538109779	-1368
16.1538159847	-1368
16.1912739277	-1368
16.1913068295	-1368
16.1913499832	-1368
16.1913759708	-1368
16.2279770374	-1368
16.2280008793	-1368
16.2796149254	-1368
16.2796430588	-1368
16.279681921	-1368
16.2796859741	-736
16.2858948708	543
16.3176589012	-1368
16.3176820278	-1368
16.3178360462	-1368
16.317868948	-1368
16.3528928757	-1368
16.3529758453	-1368
16.3601670265	1368
16.3689420223	1368
16.398555994	-1368
16.3985919952	-393
16.3991570473	1368
16.4437890053	783
16.512814045	-543
16.5565588474	-1368
16.5599439144	-1368
16.5600299835	543
16.5602810383	-1368
16.5683789253	-1368
16.5685129166	-1368
16.5685379505	-1368
16.5746519566	-1368
16.574944973	-1368
16.5749690533	-1368
16.5750000477	-1368
16.5828518867	-1368
16.6780059338	-1368
16.6780698299	1086
16.6780939102	-1368
16.6859798431	-1368
16.6860659122	-1368
16.6861429214	-1368
16.6861710548	-1368
16.6919150352	-1368
16.6919798851	-1368
16.691988945	-1368
16.6919999123	-1368
16.7387309074	-1368
16.7387518883	-1368
16.8040218353	-1368
16.804131031	543
16.8041830063	-1368
16.8041989803	-1368
16.8042268753	-1368
16.8095350266	-1368
16.8095779419	-1368
16.8095839024	-1368
16.8096029758	-1368
16.8455979824	-1368
16.8456318378	-1368
16.8547348976	-1368
16.8548090458	-1368
16.9216070175	-1368
16.9216618538	-1368
16.9217748642	-1368
16.9218020439	-1368
16.9269938469	-1368
16.9270439148	-1368
16.9270820618	-1368
16.9270939827	-1368
16.9274468422	1057
16.9627189636	-1368
16.9627568722	-1368
16.9716670513	-1368
16.9716959	-1368
16.9920129776	-1368
17.0404958725	-1368
17.0405809879	-1368
17.0406358242	-1368
17.0406768322	-1368
17.0440459251	-1368
17.0455799103	-1368
17.0456140041	-1368
17.0456500053	-1368
17.0456659794	-1368
17.080466032	-1368
17.0892310143	-1368
17.0892519951	-1368
17.0893118382	-1368
17.0893139839	-1368
17.0895860195	543
17.1576390266	-1368
17.1576640606	-1368
17.157681942	-1368
17.1577110291	-1368
17.1625430584	-1368
17.1625759602	-1368
17.162596941	-1368
17.162610054	-1368
17.2001459599	-1368
17.2001729012	-1368
17.2089400291	-1368
17.2089829445	-1368
17.2090158463	-1368
17.2090368271	-1368
17.2090699673	-1368
17.2090859413	-1368
17.2787899971	543
17.281968832	-1368
17.2819950581	-1368
17.2820219994	-1368
17.2820498943	-1368
17.2870359421	-1368
17.2870600224	-1368
17.2870869637	-1368
17.2871148586	-1368
17.3236558437	-1368
17.3237030506	-1368
17.3316419125	-1368
17.3316788673	-1368
17.3317079544	-1368
17.3317258358	-1368
17.3317859173	-1368
17.3318128586	-1368
17.4071218967	-1368
17.4071819782	543
17.4072289467	-1368
17.4072358608	-1368
17.4072508812	-1368
17.407255888	-1368
17.4072649479	-723
17.4116799831	-1368
17.4117109776	-1368
17.4117200375	-1368
17.4117479324	-1368
17.4503178596	-1368
17.450357914	-1368
17.457463026	-1368
17.4575810432	-1368
17.4576380253	-1368
17.4576489925	-1368
17.4576900005	-1368
17.4577019215	-1368
17.5337820053	-1368
17.5338089466	543
17.5338199139	-1368
17.5338249207	-1368
17.5338509083	-1368
17.5338768959	-1368
17.5378880501	-881
17.5383729935	1368
17.6606378555	804
17.8350639343	-543
17.8386540413	-1368
17.8386828899	-1368
17.8543689251	-1368
17.8543958664	-1368
17.8544118404	-1368
17.8544440269	-1368
17.9367618561	-1368
17.9367899895	-1368
17.9369690418	-1368
17.9369978905	-1368
17.9370310307	-1368
17.937057972	-1368
17.9370858669	-1368
17.9372329712	-1368
17.9402530193	-1368
17.9402768612	-1368
17.9403069019	-1368
17.9403338432	-1368
17.9407329559	543
17.9496078491	-1368
17.9496269226	-1368
17.9567799568	-1368
17.9568009377	-976
17.9993369579	565
17.9993748665	543
18.0492999554	-1368
18.0493299961	-1368
18.0493798256	-1368
18.0494120121	-1368
18.0495500565	-1368
18.0495860577	-1368
18.0547149181	-1368
18.054735899	-1368
18.0547678471	-1368
18.0547978878	-1368
18.0549278259	-1368
18.0549600124	-1368
18.0549879074	-1368
18.0550169945	-1368
18.0625150204	-1368
18.0625400543	-1368
18.0628318787	543
18.0745918751	-504
18.0825419426	-543
18.1348469257	-1368
18.1348829269	-1368
18.134914875	-1368
18.134980917	-1368
18.1350078583	-1368
18.1351058483	-1368
18.1351430416	-1368
18.1351709366	-1368
18.1353490353	-1368
18.1491529942	-1368
18.1708438396	-1368
18.1708989143	-1368
18.1709299088	-1368
18.1709349155	-1368
18.1711368561	-1368
18.17116189	-1368
18.175650835	1368
18.1762878895	-1368
18.1763179302	-1368
18.1764709949	-1368
18.2248299122	261
18.2366478443	-1368
18.2367529869	-288
18.4965770245	-543
18.5343990326	-543
18.540776968	-1368
18.5408039093	-1368
18.5571758747	-1368
18.5572099686	-1368
18.5576708317	543
18.6383888721	-1368
18.6384890079	-1368
18.6385369301	-1368
18.6385748386	-1368
18.638614893	-1368
18.6386320591	-1368
18.6389279366	-1368
18.6389548779	-1368
18.6389839649	-1368
18.6391348839	-1368
18.6417820454	-1368
18.6418259144	-1368
18.6521830559	-1368
18.6522409916	-1368
18.6598520279	-396
18.6823048592	543
18.7359018326	-1368
18.7359268665	-1368
18.7360320091	-1368
18.7360680103	-1368
18.7360990047	-1368
18.7528150082	-1368
18.7528479099	-1368
18.7529859543	-1368
18.8060259819	-509
18.8060548306	543
19.0209350586	543
19.3359298706	-543
19.349339962	-1368
19.4370110035	-1368
19.4689788818	-949
19.4734668732	543
19.5119800568	1368
19.5173089504	1368
19.522974968	1368
19.59010005	1368
19.6265678406	1368
19.6321709156	1368
19.6379678249	1368
19.7086160183	1368
19.7086210251	1368
19.7452590466	-543
19.7524929047	1368
19.7524979115	90
19.8579089642	-1368
19.8711838722	-1231
19.9342389107	-1368
19.9342679977	-1368
19.9342880249	-1368
19.9343390465	-1368
19.9343688488	-1368
19.9343960285	-1368
19.9470589161	-1368
19.9470849037	-1368
19.9471049309	-1368
19.9471259117	-1368
19.9471549988	-1368
19.9473030567	-1368
19.947332859	-1368
19.9477939606	543
19.9886460304	-1010
20.0343239307	-1368
20.0343549252	-1368
20.0343739986	-1368
20.0343909264	-1368
20.0519888401	-1368
20.052011013	-1368
20.052038908	-1368
20.0520689487	-1368
20.052161932	-1368
20.0521860123	-1368
20.052341938	-1368
20.0523979664	-1368
20.0807988644	-1368
20.0808310509	543
20.0808470249	-1368
20.1351220608	-1368
20.1351499557	-1368
20.1351699829	-1368
20.1351900101	-1368
20.1352159977	-1368
20.1354539394	-1368
20.1355090141	-1368
20.1355359554	-1368
20.1355729103	-1368
20.1432950497	-1368
20.1433269978	-1368
20.1433458328	-1368
20.1438059807	-905
20.148239851	-1368
20.1482629776	-1368
20.2385008335	-1368
20.23853302	543
20.2385468483	-1368
20.2385518551	-1368
20.2386300564	-1368
20.238656044	-1368
20.2387528419	-1368
20.2387878895	-1368
20.2388179302	-1368
20.2389550209	-1368
20.2425508499	-1368
20.2425758839	-1368
20.242595911	-1368
20.2529678345	-1368
20.2530019283	-1368
20.2530069351	-1368
20.2672569752	-1250
20.3374438286	-1368
20.3375208378	-1368
20.3376150131	-1368
20.3376278877	-1368
20.3376469612	-1368
20.3376529217	-1368
20.3376588821	-1368
20.337692976	-1368
20.338518858	1368
20.3397920132	-1368
20.3398468494	-1368
20.3398778439	-1368
20.3398849964	-1368
20.3399569988	-1368
20.3399689198	-1368
20.3503308296	-1368
20.3503570557	-1368
20.4047658443	1347
20.4321429729	-504
20.4361560345	-1368
20.4362208843	-1368
20.4362390041	-1368
20.4362909794	-1368
20.4363729954	-1368
20.4364008904	-1368
20.4364600182	-1368
20.4365210533	-1368
20.4365880489	-1368
20.4366018772	-1368
20.4394099712	-1368
20.4394350052	-1368
20.439565897	-1368
20.4490818977	-1368
20.4492049217	-1368
20.449215889	-1368
20.531580925	543
20.5419719219	-1368
20.5420019627	-1368
20.5420389175	-1368
20.542181015	-1368
20.5422139168	-1368
20.5423769951	-1368
20.5424058437	-1368
20.5424358845	-1368
20.5424628258	-1368
20.544481039	-1368
20.5445148945	-1368
20.5445330143	-1368
20.5447149277	-1368
20.5447218418	-1368
20.5450189114	-1368
20.5562398434	-1368
20.5562839508	-1368
20.5562908649	-1368
20.5612740517	-929
20.6346628666	-1368
20.6346869469	-1368
20.6347138882	-1368
20.6347429752	-1368
20.6347699165	-1368
20.6348040104	-1368
20.6348309517	-1368
20.6351349354	-1368
20.6377148628	-1368
20.63773489	-1368
20.6377680302	-1368
20.6381080151	-1368
20.6383638382	1368
20.6486029625	-1368
20.6486308575	-1368
20.6487259865	-1368
20.7165899277	-844
20.7167248726	232
20.7446708679	-1368
20.7447030544	-1368
20.7447259426	-1368
20.7448158264	-1368
20.7448909283	-1368
20.7449178696	-1368
20.7451658249	-1368
20.7451970577	-1368
20.7452528477	-1368
20.7452800274	-1368
20.7453148365	-1368
20.7463550568	-1368
20.7464630604	-1368
20.746491909	-1368
20.7577629089	-1368
20.7578010559	-1368
20.7578229904	-1368
20.8328390121	-193
20.8328769207	1086
20.8377358913	-1368
20.8378498554	-1368
20.8379249573	-1368
20.8379619122	-1368
20.8379819393	-1368
20.8379919529	-1368
20.8380138874	-1368
20.8380539417	-1368
20.8382790089	-1368
20.8424189091	-1368
20.8424608707	-1368
20.8425769806	-1368
20.8506040573	-1368
20.8506300449	-1368
20.8507258892	-1368
20.8512380123	1368
20.8518328667	1368
20.8518419266	1368
20.8519608974	1368
20.9347598553	-1368
20.9348640442	-1368
20.9505078793	-1221
20.9505388737	1355
20.9730088711	1368
21.0898220539	232
21.1372199059	-543
21.1391839981	-1368
21.1392099857	-1368
21.1521699429	-1368
21.2341179848	-1368
21.2341508865	543
21.2341639996	-1368
21.2363669872	-1368
21.2468118668	-1368
21.2615709305	-1363
21.3492360115	-1368
21.3492629528	-1368
21.3492879868	-1368
21.3522779942	-1368
21.3620359898	-1368
21.3620688915	543
21.3620839119	-1368
21.3850829601	-675
21.4341049194	-1368
21.4470388889	-1368
21.4471030235	-1368
21.4471230507	-1368
21.5104980469	-812
21.5105340481	1086
21.5117309093	1368
21.5123360157	1368
21.6366770267	-543
21.6367058754	435
21.7634499073	-543
21.9260499477	-1086
21.9275619984	543
21.954169035	-1368
22.0001289845	543
22.0461750031	-1289
22.0465948582	543
22.2973430157	-1368
22.2973730564	-203
22.2990288734	543
22.3348100185	-1368
22.3349080086	-1368
22.3349618912	-1368
22.3349790573	-1368
22.335007906	-1368
22.3350298405	-1368
22.3353419304	-1368
22.3353779316	-1368
22.3354029655	-1368
22.3354308605	-1368
22.3524739742	-1368
22.3524968624	-1368
22.3575289249	-1368
22.4233298302	-1010
22.4368710518	-1368
22.4369409084	-1368
22.436975956	-1368
22.4369900227	-1368
22.4369959831	-1368
22.4370019436	-1368
22.4370069504	-1368
22.4373328686	-1368
22.4373400211	543
22.4393489361	-1368
22.4394249916	-1368
22.4394409657	-1368
22.439458847	-1368
22.450168848	-1368
22.5342290401	-1368
22.5342669487	-1368
22.5342838764	-1368
22.53429389	-1368
22.5343830585	-1368
22.5344159603	-1368
22.5344610214	-1368
22.5344910622	-1368
22.5345239639	-1368
22.5347268581	-1368
22.5372040272	-1368
22.5372319221	-1368
22.5496768951	-1216
22.5573189259	-1368
22.6028130054	1086
22.6359250546	-1368
22.6359639168	-1368
22.6359908581	-1368
22.6360018253	-1368
22.6360099316	-1368
22.6380710602	-1368
22.6381149292	-1368
22.653097868	-1368
22.6611020565	1368
22.6806139946	-741
22.7204339504	1368
22.7340328693	-1368
22.7340638638	435
22.7340738773	-1368
22.7340798378	-1368
22.7341609001	-1368
22.7342619896	-1368
22.7342908382	-1368
22.734320879	-1368
22.734349966	-1368
22.7344968319	-1368
22.7345268726	-1368
22.7470369339	-1368
22.8441998959	-1118
22.8968980312	1086
23.0008449554	-543
23.0167310238	1057
23.0483720303	-1368
23.0484039783	-1368
23.1228659153	-406
23.1787810326	543
23.2341809273	-1368
23.2869820595	-261
23.3051848412	1086
23.358080864	-1368
23.358109951	-1368
23.4130020142	-406
23.4471900463	-1368
23.4472169876	-1368
23.5703108311	-920
23.6526508331	-1368
23.6526839733	-1368
23.6527049541	-1368
23.6528840065	543
23.6906478405	-609
23.7345938683	-1368
23.7346179485	-1368
23.7346389294	-1368
23.7346639633	-1368
23.7346899509	-1368
23.7347228527	-1368
23.7347519398	-1368
23.7347860336	-1368
23.7368090153	-1368
23.7368209362	-1368
23.7368359566	-1368
23.7369189262	-1368
23.7369740009	-1368
23.7370078564	-1368
23.7475368977	-1368
23.8342280388	-1368
23.8342518806	-1368
23.8342728615	-1368
23.8342828751	-1368
23.8344459534	-1368
23.8344728947	-1368
23.8345048428	-1368
23.8345608711	543
23.8346128464	-1368
23.847247839	-1368
23.8473110199	-1368
23.8494679928	-1187
25.4711139202	543
25.4837319851	1368
25.4845619202	1368
25.5321369171	1368
25.5884280205	754
25.6999869347	1086
25.733823061	-543
25.7470169067	-1368
25.8355119228	-1368
25.8356249332	543
25.8356769085	-1368
25.8356978893	-1368
25.8357279301	-1368
25.83573699	-1368
25.8357479572	-1368
25.8358440399	-1368
25.8585548401	-1368
25.8585820198	-1368
25.8586070538	-1368
25.8586349487	-1368
25.9336998463	-1368
25.9479768276	-1368
25.9480018616	543
25.9480128288	-1368
25.9480268955	-1368
25.9480450153	-1368
25.9480719566	-1368
25.948102951	-1368
25.9482619762	-1368
25.9482979774	-1368
25.948376894	-1368
25.9484138489	-1368
25.9484689236	-1368
25.948497057	-1368
25.9485330582	-1368
25.9485599995	-1368
25.9492089748	1368
25.9705278873	-1368
25.9705588818	-1368
25.9706690311	-457
26.0363938808	-1368
26.0364570618	-1368
26.03647089	-1368
26.036591053	-1368
26.0366208553	-1368
26.0597300529	-1368
26.0597670078	775
26.0597829819	-1368
26.0597879887	-1368
26.0598070621	-1368
26.0599679947	-1368
26.0599968433	-1368
26.0600249767	-1368
26.0600550175	-1368
26.0600910187	-1368
26.1224460602	-670
26.1349539757	-1368
26.1349828243	-1368
26.1349949837	-1368
26.1352808475	-1368
26.1353080273	-1368
26.1353378296	-1368
26.1353709698	-1368
26.1353979111	-1368
26.1355478764	-1368
26.1413328648	-1368
26.1413650513	-1368
26.1413829327	-1368
26.1516628265	-1368
26.1758420467	1086
26.2349019051	-1368
26.2349870205	-1368
26.2352230549	-1368
26.2352490425	-1368
26.2352869511	-1368
26.2353858948	-1368
26.23543787	-1368
26.235476017	-1368
26.2355208397	-1368
26.2356338501	-1368
26.2356798649	-1368
26.2360379696	-1368
26.2480230331	-1368
26.2480459213	-1368
26.2511489391	-594
26.293722868	1086
26.3385579586	-1368
26.3386068344	-1368
26.3386340141	-1368
26.3386659622	-1368
26.3386950493	-1368
26.3387229443	-1368
26.3387670517	-1368
26.338903904	-1368
26.3389348984	-1368
26.3412959576	1368
26.3438210487	-1368
26.3438520432	-1368
26.3438799381	-1368
26.351487875	-1368
26.3515219688	-1368
26.4074318409	-1155
26.4356570244	-1368
26.4357440472	1318
26.4357769489	-1368
26.4357938766	-1368
26.4358580112	-1368
26.4358818531	-1368
26.4359920025	-1368
26.4360148907	-1368
26.4360530376	-1368
26.4363758564	-1368
26.4435210228	-1368
26.4435698986	-1368
26.4435868263	-1368
26.4494459629	-1368
26.5261130333	-1010
26.5282068253	1368
26.5344438553	-1368
26.5344829559	-1368
26.5346758366	-1368
26.5347030163	-1368
26.5347709656	-1368
26.5348050594	-1368
26.5351178646	-1368
26.5435328484	1368
26.5493469238	1368
26.5569298267	-1368
26.5569598675	211
26.5569698811	-1368
26.5569858551	-1368
26.5570268631	-1368
26.6456859112	-575
26.7148559093	1086
26.7414879799	-1368
26.7415430546	-1368
26.7415850163	-1368
26.754447937	-1368
26.764788866	-783
26.8332660198	543
26.8345899582	-1368
26.8368659019	-1368
26.8368968964	-1368
26.8369019032	-1368
26.836922884	-1368
26.8370199203	-1368
26.847796917	-1368
26.8841078281	-820
26.9379680157	-1368
26.9380249977	-1368
26.9380700588	-1368
26.9380910397	-1368
26.9382970333	-1368
26.9383249283	-1368
26.9383850098	-1368
26.9385678768	1368
26.9509088993	-1368
26.9509379864	-1368
26.9509580135	-1368
26.9928779602	261
26.9999129772	543
27.0038068295	-372
27.0389430523	-1368
27.0389719009	-1368
27.0389909744	-1368
27.0518479347	-1368
27.1166410446	1086
27.1269488335	-1297
27.1344819069	-1368
27.1368238926	-1368
27.1475539207	-1368
27.1476039886	-1368
27.2342648506	-1368
27.2510998249	-1368
27.2511298656	543
27.251142025	-1368
27.2536768913	-1363
27.2610988617	1368
27.3879308701	261
27.4341878891	-543
27.5374929905	-1368
27.592772007	-232
27.6189908981	1368
27.6191148758	717
27.6377708912	-1368
27.6378099918	-1368
27.6378350258	-1368
27.6381268501	-1368
27.6381528378	-1368
27.6381828785	-1368
27.6451950073	1368
27.6507499218	-1368
27.6507840157	-1368
27.7054488659	-543
27.706209898	-538
27.7317118645	1318
27.7350490093	-1368
27.7351050377	-1368
27.7351369858	-1368
27.7351448536	-1368
27.7351670265	-1368
27.7352788448	-1368
27.7353110313	-1368
27.735337019	-1368
27.7355320454	-1368
27.7379899025	-1368
27.7380449772	-1368
27.7380559444	-1368
27.7381439209	-1368
27.7381720543	-1368
27.7381989956	-1368
27.7385230064	-1368
27.7389509678	-1368
27.7390069962	-1368
27.7479088306	-1368
27.8384869099	-1368
27.8385128975	-1368
27.8385360241	-1368
27.8385639191	-1368
27.8387918472	-1368
27.8388700485	-1368
27.8388998508	-1368
27.83897686	-1368
27.839017868	-1368
27.8390538692	-1368
27.8390870094	-1368
27.8396480083	-1368
27.839730978	-1368
27.8397638798	-1368
27.8454239368	-1269
27.8454530239	1086
27.851446867	-1368
27.9373328686	-1368
27.9373779297	-1368
27.937443018	-1368
27.9374718666	-1368
27.9377779961	-1368
27.9378089905	-1368
27.9378368855	-1368
27.9378650188	-1368
27.9378919601	-1368
27.9380619526	-1368
27.9422459602	-1368
27.9423530102	-1368
27.9424169064	-1368
27.9504480362	-1368
27.9627268314	-844
27.9627540112	1086
28.0357789993	-1368
28.0358178616	-1368
28.0358378887	-1368
28.0361149311	-1368
28.0361399651	-1368
28.0361690521	-1368
28.049227953	-1368
28.0797150135	-849
28.1440658569	-1368
28.1441779137	-1368
28.1441988945	-1368
28.1442270279	-1368
28.1595058441	-1368
28.1595339775	-1368
28.159553051	-1368
28.1595568657	-1368
28.2002580166	-24
28.2342638969	-1368
28.2343039513	-1368
28.2343139648	-1368
28.2343318462	-1368
28.2343609333	-1368
28.2343938351	-1368
28.2344210148	-1368
28.2347459793	-1368
28.2348389626	543
28.2377519608	-1368
28.237776041	-1368
28.2378029823	-1368
28.2381179333	-1368
28.2381470203	-1368
28.2381749153	-1368
28.2471868992	-1368
28.2472159863	-1368
28.2472398281	-1368
28.2699279785	1368
28.334954977	-1368
28.3349878788	-1368
28.3350038528	-1368
28.3350439072	-1368
28.3350698948	-1368
28.3351080418	-1368
28.3352389336	-1368
28.3352680206	-1368
28.33532691	-1368
28.3357298374	1368
28.3377249241	-1368
28.3377449512	-1368
28.3377590179	-1368
28.3377869129	-1368
28.3378200531	-1368
28.3378658295	-1368
28.3382890224	-1368
28.3383140564	-1368
28.3552968502	-1368
28.3553199768	-1368
28.3553369045	-1306
28.3677949905	1368
28.3905589581	667
28.4357948303	-1368
28.4358508587	-1368
28.4358818531	-1368
28.435890913	-1368
28.435915947	-1368
28.4359378815	-1368
28.4361698627	-1368
28.4444210529	-1368
28.4444620609	-1368
28.4444680214	-1368
28.4445638657	-1368
28.4490728378	-1368
28.4546198845	-1368
28.4653389454	-1368
28.4655349255	-1368
28.4655539989	-1368
28.4655990601	-1368
28.48711586	-222
28.5401308537	-1368
28.5401780605	543
28.5401909351	-1368
28.5402789116	-1368
28.5403120518	-1368
28.5403389931	-1368
28.557284832	-1368
28.5573148727	-1368
28.6101939678	-820
28.646791935	-1368
28.6468310356	-1368
28.6468420029	-1368
28.6471209526	1368
28.6587610245	-1368
28.7147819996	261
28.7709038258	-1326
28.777536869	-1368
28.7775678635	-1368
28.8087508678	1368
28.8787829876	261
28.8964829445	-377
29.0480148792	-1368
29.0480680466	-1368
29.0583300591	-920
29.0673658848	543
29.1491758823	-1368
29.1813290119	-1260
29.2988688946	1086
29.3397090435	-543
29.6358978748	-543
29.6567380428	-1368
29.7372620106	-1368
29.7399559021	1368
29.7399778366	1368
29.7401540279	891
29.7591478825	-1368
29.7592139244	-1368
29.7836978436	-1297
29.8649468422	1086
30.1348040104	-543
30.1478040218	-1368
30.2352969646	-1368
30.2353909016	-1368
30.2354078293	-1368
30.2354199886	-1368
30.2354319096	-1368
30.2354469299	-1368
30.2356710434	-1368
30.2483439445	-1052
30.2484178543	-1368
30.2484350204	-1368
30.2484459877	-1368
30.2484669685	-1368
30.2485349178	-1368
30.2485699654	-1368
30.2487828732	-1368
30.338103056	-1368
30.3381309509	-1368
30.338381052	1057
30.3406898975	-1368
30.340711832	-1368
30.3473329544	-1368
30.3473889828	-1368
30.3474879265	-1368
30.3475129604	-1368
30.3475379944	-1368
30.3475699425	-1368
30.3476519585	-1368
30.3476879597	-1368
30.3477599621	-1368
30.3515968323	-1368
30.3516490459	-1368
30.3599350452	-636
30.43501091	-1368
30.4350759983	-1368
30.43511796	-1368
30.4351279736	-1368
30.4351389408	-1368
30.4351458549	-1368
30.4351570606	-1368
30.4351630211	-1368
30.4353170395	-1368
30.4353430271	-1368
30.4509780407	543
30.4586670399	-1368
30.4587249756	-1368
30.463381052	-1368
30.4634258747	-1368
30.472260952	-670
30.5342319012	-1368
30.5342960358	-1368
30.5343608856	-1368
30.5343909264	-1368
30.5346028805	-1368
30.5346398354	-1368
30.5346889496	-1368
30.5347299576	-1368
30.5347640514	-1368
30.5348420143	-1368
30.5348808765	-1368
30.5400278568	-1368
30.5572128296	-1368
30.5572919846	-1368
30.6018660069	1057
30.6214108467	-641
30.6385710239	-1368
30.6386289597	-1368
30.6386389732	-1368
30.6386580467	-1368
30.638684988	-1368
30.6525719166	-1368
30.6526088715	-1368
30.6526370049	-1368
30.7240738869	543
30.7509748936	-1023
30.8828680515	543
31.0353109837	-543
31.0484428406	-1368
31.0484960079	-1368
31.0485310555	-1368
31.1350150108	-1368
31.1350769997	-1368
31.135117054	-1368
31.1351268291	-1368
31.1352388859	-1368
31.1352620125	-1368
31.1352958679	-1368
31.1354248524	-1368
31.1375288963	-1368
31.137586832	-1368
31.1376259327	-1368
31.1376419067	-1368
31.1382389069	543
31.1478588581	-1368
31.1556260586	-1047
31.2338149548	-1368
31.2338738441	-1368
31.2339088917	-1368
31.2339179516	-1368
31.2339289188	-1368
31.2339708805	-1368
31.2339968681	-1368
31.2340369225	-1368
31.2340779305	-1368
31.2359578609	-1368
31.2360079288	-1368
31.2360179424	-1368
31.2486200333	-1368
31.275701046	-981
31.2757599354	543
31.3347468376	-1368
31.3869678974	-1368
31.3961348534	-406
31.3961799145	543
31.5558688641	543
31.6207678318	1368
31.7208900452	746
31.9349410534	-543
31.9535620213	-1368
31.953635931	-1368
32.0688650608	-920
32.0723109245	543
32.1839728355	-543
32.318789959	543
32.434705019	-543
32.6345469952	-543
32.6348040104	543
32.9355268478	-543
32.9492428303	-1368
33.0710599422	-203
33.0743339062	1057
33.5381929874	-543
