0	543
0.000105857849121	543
2.71616101265	543
2.83884692192	-543
2.83932185173	543
3.00016593933	-543
3.00051879883	543
3.24532985687	-543
3.25033187866	1057
3.38019180298	-543
3.50781202316	-543
3.67894697189	-543
3.69238901138	1057
3.93717098236	-543
3.97238397598	-1420
3.97245192528	-1316
4.09421801567	-891
4.09837293625	543
4.10255980492	543
4.13137793541	543
4.13180589676	543
4.13215684891	543
4.30733180046	-543
4.42524886131	-1368
4.48386383057	-775
4.50146484375	-1420
4.50154185295	-1316
4.60555195808	-891
4.60798597336	543
4.60819196701	543
4.91090202332	-543
5.35480093956	-1420
5.35487294197	-1420
5.35491490364	-787
5.3699529171	-1420
5.37002491951	-1316
5.37228679657	-1368
5.38913393021	-1420
5.38918995857	-1316
5.39172196388	-1368
5.39362001419	-1368
5.4768269062	-1420
5.47689580917	-1420
5.47694087029	-1420
5.47697901726	-1212
5.47701883316	-1420
5.47705793381	-1316
5.49039983749	1057
5.49153494835	-1420
5.49154186249	-1420
5.4915869236	-1420
5.49158883095	-1212
5.49170088768	543
5.49365592003	-1420
5.49366188049	-1316
5.49488091469	1057
5.49710988998	1057
5.5105919838	-1420
5.51061892509	-1420
5.51066184044	-1420
5.51066493988	-1212
5.51339697838	-839
5.63298988342	1057
5.63469696045	1057
5.63625097275	1057
5.63780403137	1057
5.6394109726	1057
5.6410639286	1057
5.64267587662	1057
5.65865397453	1057
5.66047692299	1057
5.82274699211	-543
5.84762191772	-543
5.85998797417	-1420
5.86003780365	-1316
5.87972593307	-1368
5.91088294983	-1368
5.91282701492	543
5.91763091087	-1420
5.91765189171	-1316
5.92385983467	-1368
5.92402887344	543
5.97782802582	-1363
5.98041701317	543
5.98065781593	1460
5.9807138443	625
5.98491692543	-1420
5.9849319458	-1420
5.98498797417	-1264
6.0275759697	-1420
6.02764987946	-1420
6.02768993378	-1264
6.05300784111	-1420
6.05304098129	-1420
6.05311489105	-1264
6.05596089363	543
6.07050085068	-1368
6.07068896294	-1368
6.08625793457	-1368
6.08883881569	543
6.09946084023	-807
6.10082292557	-1420
6.10087180138	-1316
6.11324286461	-1368
6.11349487305	-1420
6.11349987984	-1316
6.13552379608	-1420
6.13553786278	-1420
6.13559293747	-1264
6.15004897118	-1420
6.15011096001	-1420
6.1501159668	-1264
6.15025186539	543
6.15252995491	543
6.15371489525	543
6.15393686295	543
6.16174697876	-1368
6.16615486145	-1420
6.16619300842	-1316
6.16861581802	543
6.17209291458	-1420
6.1720969677	-1420
6.17213988304	-1264
6.18530702591	-1420
6.18535494804	-1420
6.18535900116	-1264
6.18993997574	543
6.19746994972	-1368
6.20205402374	-1420
6.20208287239	-1316
6.20599484444	-1368
6.20613479614	-1420
6.20613884926	-1316
6.20798587799	543
6.21105980873	-1368
6.2111749649	543
6.2147898674	-1420
6.21479487419	-1316
6.21542286873	543
6.21965384483	-1368
6.22083592415	-117
6.23263192177	-1420
6.232640028	-1316
6.23267602921	-1368
6.23463082314	543
6.23637390137	-1368
6.30130887032	-1368
6.31247091293	543
6.31276798248	543
6.34244585037	-530
6.34928894043	-1420
6.34936189651	-1316
6.35089802742	-1420
6.3509209156	-1316
6.3509759903	-1368
6.36456894875	-1420
6.36457896233	-1420
6.36465191841	-1264
6.384141922	-1420
6.38422489166	-1420
6.38422894478	-1264
6.39031887054	-1368
6.3939268589	-1420
6.39395189285	-1316
6.39757299423	-1368
6.39775490761	543
6.39780092239	-1420
6.39780402184	-1316
6.42246890068	-1420
6.42248082161	-1420
6.42254281044	-1264
6.42710900307	-1420
6.42715883255	-1420
6.42716193199	-1264
6.43224787712	-1368
6.43482995033	-1368
6.43688583374	-1420
6.43689084053	-1316
6.43696188927	-1368
6.45911097527	-1420
6.45916986465	-1316
6.46153783798	-1368
6.46318602562	-1420
6.46319389343	-1316
6.46439981461	543
6.46604990959	-1368
6.46995997429	543
6.47072196007	-386
6.49786281586	-1420
6.49793601036	-1316
6.50024199486	-1368
6.50583982468	-1420
6.50584483147	-1316
6.50599884987	-1368
6.50913190842	-1420
6.50917291641	-1316
6.51327395439	-1368
6.5157430172	-1420
6.51574683189	-1316
6.51785087585	-1368
6.53155493736	-1420
6.53160786629	-1316
6.53426599503	-1368
6.54885697365	-1420
6.5488679409	-1316
6.54892301559	-1368
6.55074882507	-1420
6.55079984665	-1316
6.55310893059	-1368
6.55548596382	-1368
6.56006598473	543
6.56637692451	-1420
6.5663869381	-1420
6.56644392014	-1264
6.57881188393	-1420
6.57886886597	-1316
6.58117985725	-1368
6.5845990181	-1420
6.58460283279	-1316
6.58740401268	-1368
6.59208703041	-320
6.60433197021	-1420
6.60433697701	-1316
6.60571980476	-1368
6.60910391808	-1420
6.60914587975	-1420
6.60914897919	-1264
6.60926580429	543
6.61914896965	-1420
6.61915397644	-1316
6.62034583092	-1368
6.62611699104	-1420
6.62616181374	-1316
6.62657499313	543
6.62679600716	-1368
6.63712096214	-1420
6.63717389107	-1316
6.63725686073	-1368
6.64195179939	-543
6.65233588219	-1420
6.65234398842	-1316
6.65279483795	-1420
6.65279889107	-1420
6.65283584595	-1264
6.67468881607	-1420
6.67475485802	-1316
6.67475891113	-1420
6.67478489876	-1316
6.67515301704	-1420
6.67520189285	-1316
6.67574381828	-1368
6.6758480072	543
6.69068288803	-1420
6.69069480896	-1420
6.69075298309	-1264
6.71045994759	-1420
6.71052289009	-1420
6.71052598953	-1264
6.71074700356	-1368
6.71100997925	-1420
6.71105885506	-1316
6.71133685112	-1420
6.71137595177	-1420
6.71137785912	-1264
6.71189379692	-1368
6.7123208046	-1368
6.71340203285	-236
6.71672201157	543
6.74023079872	543
6.82140088081	-1420
6.82142686844	-1420
6.8214738369	-1264
6.85379099846	-1420
6.8538517952	-1316
6.87493681908	-472
7.11932301521	1460
7.11942791939	111
7.1232008934	1460
7.12333297729	1460
7.12337589264	1161
7.12346100807	1460
7.12353587151	1460
7.12357282639	1161
7.12368893623	149
7.12612891197	543
7.12719988823	1460
7.12726593018	1460
7.12731194496	1161
7.12741780281	89
7.12787294388	1057
7.12836480141	1057
7.12871789932	1057
7.19046783447	-1420
7.19048285484	-1420
7.19054985046	-787
7.19142699242	-1368
7.19151997566	-1368
7.19198393822	-1368
7.20726585388	-1420
7.20727801323	-1420
7.20732784271	-1264
7.23071789742	543
7.23137593269	-1420
7.23138189316	-1316
7.23219895363	-1368
7.2324860096	-1420
7.23253083229	-1420
7.23253297806	-1264
7.24023199081	543
7.25009584427	-1420
7.25010991096	-1316
7.25042581558	1057
7.26018285751	1460
7.26026296616	111
7.30012893677	543
7.31186795235	-127
7.39003801346	-1420
7.39011788368	-1316
7.40676283836	-1420
7.40677881241	-1420
7.40684294701	-1264
7.40694999695	-1368
7.40712285042	-1368
7.42672085762	-1368
7.42734193802	-1420
7.42734694481	-1420
7.42737197876	-1264
7.4392478466	-1420
7.43927383423	-1316
7.43931388855	-1368
7.44103693962	-1420
7.44107699394	-1316
7.44550490379	-1420
7.44555497169	-1316
7.44555997849	-1368
7.44582891464	543
7.46236085892	-1420
7.46237683296	-1420
7.46244502068	-1264
7.47295188904	-549
7.48178291321	-1420
7.48180794716	-1316
7.48185491562	-1368
7.48970890045	-1420
7.48975682259	-1420
7.48975992203	-1264
7.49088692665	-1420
7.49089193344	-1420
7.49093580246	-1264
7.49939489365	-1420
7.49944400787	-1420
7.49944901466	-1264
7.52109098434	-1420
7.52110981941	-1420
7.52121782303	-1264
7.52676701546	-1420
7.52683091164	-1420
7.52683401108	-1264
7.52710080147	543
7.5285449028	-1420
7.52854990959	-1420
7.52859401703	-1264
7.53713583946	-1420
7.53719902039	-1420
7.53720283508	-1264
7.53742098808	543
7.55647397041	-1368
7.55648899078	-1368
7.5566599369	-1368
7.56348085403	-1420
7.56353998184	-1316
7.56354284286	-1368
7.56533384323	-1368
7.56545186043	-1420
7.56548881531	-1316
7.57008695602	543
7.57347488403	-1420
7.57348585129	-1420
7.57353687286	-1264
7.59260082245	-1420
7.59266781807	-1420
7.59267282486	-1264
7.59487390518	-858
7.60089683533	-1420
7.60095882416	-1420
7.6009619236	-1264
7.65135002136	-1420
7.65136694908	-1420
7.6514248848	-1264
7.65164089203	-1420
7.65168595314	-1316
7.65197181702	-1368
7.66787290573	-1420
7.6678879261	-1420
7.66794490814	-1264
7.68723988533	-1420
7.68728780746	-1420
7.68729186058	-1264
7.6990878582	-1420
7.69910597801	-1420
7.69914388657	-1420
7.69914698601	-1420
7.69919490814	-1160
7.69919896126	-1368
7.69945192337	543
7.69963788986	543
7.70384287834	-1420
7.70385789871	-1420
7.70391082764	-1264
7.72227787971	-528
7.72342896461	-1420
7.72343492508	-1316
7.74085092545	-1368
7.7426109314	-1420
7.74266886711	-1420
7.74267196655	-1264
7.74288892746	-1368
7.74298381805	543
7.7431268692	-1368
7.7437889576	-1368
7.75851082802	-1420
7.75852680206	-1420
7.75859498978	-1264
7.77943897247	-1420
7.7794919014	-1316
7.77949595451	-1368
7.78414201736	-1368
7.78428602219	-1368
7.78431987762	-1368
7.78469800949	-1420
7.78474187851	-1316
7.78550481796	-1368
7.7863008976	-1420
7.78630685806	-1316
7.78684687614	-1420
7.78684997559	-1316
7.78689789772	-1420
7.78689980507	-1316
7.79208803177	543
7.79417991638	543
7.82050895691	543
7.82080698013	543
7.82156181335	-1420
7.82156801224	-1420
7.8216278553	-1264
7.82192087173	-1368
7.82208180428	-1368
7.82208585739	-1368
7.82217788696	543
7.82231903076	-1368
7.82240581512	-1420
7.82243680954	-1316
7.83867096901	-1368
7.83874082565	-1420
7.83874487877	-1316
7.83923983574	543
7.84395003319	-858
7.86631894112	-1420
7.8663828373	-1420
7.86638593674	-1264
7.86671280861	-1420
7.86671686172	-1316
7.86676597595	-1368
7.86898303032	543
7.88135385513	543
7.88295984268	-1420
7.88296580315	-1420
7.88301801682	-1264
7.88415288925	543
7.89399886131	1460
7.89407992363	1460
7.89412689209	1161
7.8942220211	89
7.89543485641	1057
7.89547491074	-1420
7.89547991753	-1420
7.89552688599	-1264
7.90723395348	-1420
7.90729784966	-1420
7.90730190277	-1264
7.90763998032	-1368
7.9077630043	-1420
7.90780282021	-1316
7.91358780861	1460
7.91364884377	111
7.91667890549	-1420
7.91668486595	-1420
7.91673088074	-1264
7.94360494614	-1368
7.94366884232	-1420
7.94367289543	-1316
7.9447119236	-1368
7.94480085373	-1420
7.94483184814	-1316
7.94513297081	-1368
7.94527387619	-1420
7.94527697563	-1316
7.94630694389	1460
7.9463558197	1460
7.94639182091	1161
7.94648599625	603
7.94668602943	543
7.9513528347	543
7.96015787125	1460
7.96022701263	1460
7.9602689743	1161
7.96038579941	89
7.96121501923	-1420
7.96122097969	-1420
7.96125197411	-1264
7.98790788651	-726
7.99576282501	-1420
7.99577999115	-1316
7.99741792679	-1368
7.9997689724	-1420
7.99983096123	-1420
7.99983501434	-1264
8.00056695938	-1420
8.00057196617	-1316
8.00119185448	-1368
8.00215482712	-1420
8.00220298767	-1316
8.00307297707	-1368
8.00345993042	543
8.0041270256	-1420
8.00413298607	-1316
8.00490999222	-1368
8.00916290283	543
8.01005101204	1460
8.0101017952	111
8.02319383621	-1420
8.0232129097	-1420
8.02331185341	-1264
8.02362585068	-1420
8.02367091179	-1316
8.02430987358	-1368
8.02496385574	-1420
8.02496886253	-1316
8.02534079552	-1368
8.02581095695	-1420
8.02586197853	-1420
8.02586483955	-1264
8.05620980263	-1420
8.056224823	-1420
8.05628585815	-1264
8.06003594398	-1420
8.06011581421	-1420
8.060120821	-1264
8.06318497658	-1420
8.06320285797	-1420
8.06327795982	-1420
8.06328201294	-1212
8.06331896782	-1420
8.06332087517	-1316
8.07305288315	-1368
8.0764169693	-1420
8.07646799088	-1316
8.09704494476	-1368
8.09711480141	-1420
8.09711885452	-1316
8.09780287743	-1420
8.09780788422	-1420
8.09783792496	-1264
8.09825491905	-1420
8.09830784798	-1316
8.09830999374	-1368
8.09842085838	543
8.09930801392	-1368
8.10047602654	-1420
8.1005089283	-1316
8.10979795456	-1188
8.1257610321	-1368
8.1257789135	-1420
8.12581682205	-1316
8.13722801208	-1368
8.1372859478	-1368
8.13743281364	-1368
8.13787293434	543
8.13818788528	-1420
8.13819289207	-1420
8.13822484016	-1264
8.13920402527	-1420
8.13926696777	-1420
8.1392698288	-1264
8.14347100258	-1420
8.14347696304	-1316
8.14386487007	-1368
8.16135787964	-1420
8.16144394875	-1316
8.16144800186	-1368
8.16184091568	-1420
8.16184592247	-1316
8.17599487305	-1368
8.17920994759	-1420
8.1792948246	-1420
8.17929983139	-1264
8.18138885498	-1420
8.18139886856	-1316
8.18143486977	-1368
8.19484090805	-1420
8.19491791725	-1420
8.19492197037	-1264
8.19510197639	543
8.20257401466	-1420
8.20258784294	-1420
8.20264482498	-1264
8.21198296547	-1420
8.21204900742	-1316
8.21205282211	-1368
8.21221089363	543
8.21592998505	-1420
8.21593594551	-1316
8.24722886086	-141
8.25910902023	-1368
8.25918197632	-1420
8.25918602943	-1316
8.34093284607	-1368
8.34545397758	543
8.35165095329	1057
8.38074183464	-1326
8.38195490837	543
8.38894701004	-1420
8.3889529705	-1420
8.38899803162	-1264
8.38992381096	-1420
8.38995480537	-1316
8.39106583595	-1368
8.40830183029	-1420
8.40830993652	-1316
8.40935993195	-1368
8.41355586052	-1420
8.41360282898	-1316
8.4149749279	-1368
8.4278409481	-1420
8.42785596848	-1420
8.42791295052	-1264
8.42852401733	-1420
8.42857193947	-1316
8.42870688438	543
8.42952394485	-1368
8.43030285835	-1420
8.43036293983	-1316
8.43106198311	-1368
8.43183302879	-1420
8.43183898926	-1316
8.43249988556	-1368
8.45224380493	-1420
8.45231890678	-1316
8.4523229599	-1368
8.4622759819	-1420
8.46228384972	-1420
8.46234083176	-1264
8.46243286133	543
8.46275496483	-1420
8.46275997162	-1420
8.46281194687	-1264
8.46658301353	-1420
8.46663784981	-1420
8.46664094925	-1264
8.46681284904	-1420
8.46681499481	-1420
8.46686697006	-1264
8.46693897247	543
8.48708796501	-1420
8.48709988594	-1420
8.48715996742	-1264
8.50096487999	-1420
8.50103783607	-1420
8.50104188919	-1264
8.5027449131	-1420
8.50275087357	-1316
8.50285387039	-1368
8.5057258606	-1368
8.50681400299	-1368
8.50704097748	-1368
8.51022100449	-608
8.52160000801	-1420
8.52165198326	-1316
8.52263689041	-1368
8.52456593513	-1420
8.52456998825	-1316
8.52588701248	-1368
8.52773785591	-1420
8.52776479721	-1316
8.52886486053	-1368
8.53299498558	543
8.53868103027	-1420
8.53868699074	-1316
8.53874993324	-1368
8.54112792015	-1420
8.54118490219	-1316
8.54118800163	-1368
8.54232382774	-1368
8.5424349308	-1420
8.54247784615	-1316
8.54337501526	-1420
8.5434179306	-1420
8.54342103004	-1264
8.54368591309	543
8.5448539257	-1368
8.63161182404	-1420
8.63163089752	-1316
8.63209080696	-1368
8.63220000267	-1420
8.63224387169	-1316
8.63244795799	-1368
8.63257694244	-1420
8.63262891769	-1316
8.63266086578	543
8.64343190193	-1174
8.64910197258	-1420
8.64915585518	-1316
8.64935684204	-1368
8.67219996452	-1368
8.67221593857	-1420
8.67227602005	-1316
8.67245101929	-1420
8.67250084877	-1316
8.6726398468	-1368
8.6740398407	-1420
8.67404580116	-1420
8.67409086227	-1264
8.70319485664	-1420
8.70327281952	-1420
8.70327782631	-1264
8.70858383179	-1420
8.7085878849	-1420
8.7086288929	-1264
8.70892095566	-1420
8.70896601677	-1316
8.70903897285	-1368
8.71059203148	-1420
8.71059799194	-1316
8.71070194244	543
8.71164298058	-1368
8.71172499657	543
8.71208786964	-1420
8.71209287643	-1420
8.71213388443	-1264
8.74327683449	-1420
8.74334597588	-1420
8.74335002899	-1264
8.74834394455	-1420
8.74835395813	-1420
8.74840497971	-1264
8.75556087494	-1420
8.75562596321	-1420
8.75563001633	-1264
8.75774693489	-1420
8.75775194168	-1420
8.75779700279	-1264
8.75889897346	-1368
8.76418781281	543
8.76510190964	-33
8.77553582191	-1420
8.77558779716	-1316
8.78101491928	-1420
8.781072855	-1420
8.78107690811	-1264
8.79175901413	-1420
8.79176402092	-1420
8.79180693626	-1264
8.79530191422	-1420
8.79534292221	-1420
8.79534602165	-1264
8.79876995087	-1368
8.81074380875	-1420
8.81080579758	-1316
8.81126689911	-1420
8.81131291389	-1316
8.81140398979	-1368
8.81147789955	543
8.8203868866	-1420
8.82040381432	-1420
8.82046198845	-1264
8.82517695427	-1420
8.82522702217	-1420
8.82522988319	-1264
8.83074784279	543
8.84125685692	-1368
8.8442299366	-1420
8.84427785873	-1420
8.84428095818	-1264
8.84688901901	-1420
8.84689283371	-1316
8.84867095947	-1368
8.84876990318	543
8.85032701492	-1420
8.85033297539	-1316
8.85138487816	-1368
8.86495494843	-1420
8.86499381065	-1316
8.86572980881	-1368
8.87099981308	-1420
8.87100696564	-1316
8.87105679512	-1368
8.87389588356	-1420
8.87394595146	-1316
8.87434101105	-1368
8.88075494766	-1420
8.8807618618	-1420
8.88080787659	-1264
8.88690185547	-447
8.90226602554	-1420
8.9022758007	-1316
8.90285587311	-1368
8.90675592422	-1420
8.9068069458	-1316
8.90680980682	-1368
8.90725588799	-1420
8.90726089478	-1316
8.90779399872	-1368
8.91863679886	-1420
8.91869282722	-1420
8.91869592667	-1264
8.92026185989	-1420
8.92026782036	-1316
8.9203748703	543
8.92057490349	-1368
8.92065095901	543
8.92764592171	543
8.93849182129	-1420
8.93850588799	-1420
8.938560009	-1264
8.93969798088	-1420
8.93973302841	-1316
8.94048690796	-1368
8.95453882217	-1420
8.95455479622	-1420
8.95461297035	-1264
8.95652985573	-1420
8.95657086372	-1316
8.95679497719	-1368
8.96448802948	-1420
8.96450686455	-1420
8.96456098557	-1264
8.97330093384	-1420
8.97335481644	-1420
8.97335886955	-1264
9.00486803055	-1420
9.00488185883	-1420
9.00494790077	-1264
9.00517988205	543
9.01062989235	-1420
9.01063680649	-1420
9.01067900658	-1264
9.01603889465	-1368
9.0164809227	-1420
9.01648592949	-1316
9.01834988594	-1420
9.01835799217	-1420
9.01841688156	-1264
9.02163481712	-1420
9.02168083191	-1420
9.02168393135	-1264
9.02404689789	-1056
9.02545690536	-1420
9.02548789978	-1316
9.02785682678	-1368
9.02810287476	543
9.03383779526	-1420
9.03384900093	-1316
9.03392791748	-1368
9.03553295135	-1420
9.03555393219	-1316
9.03709888458	-1368
9.03824591637	-1420
9.03825187683	-1316
9.03943681717	-1368
9.04017400742	-1420
9.04019594193	-1316
9.0405600071	-1368
9.05079984665	-1368
9.05090689659	-1368
9.05093288422	-1368
9.05315494537	543
9.05667090416	-1420
9.0566778183	-1420
9.05672383308	-1264
9.07482290268	-1420
9.07489085197	-1420
9.07489490509	-1264
9.08766198158	-1420
9.08767700195	-1316
9.08773493767	-1368
9.10353684425	1057
9.14599895477	-1137
9.14927792549	1057
9.16175889969	543
9.42546486855	-1420
9.42548584938	-1420
9.42554402351	-787
9.42706990242	-1368
9.42717790604	-1368
9.42833089828	-1368
9.44148182869	-1420
9.44149494171	-1316
9.44334983826	-1368
9.44343090057	543
9.47560882568	-1420
9.47562384605	-1316
9.47963786125	-1368
9.48821401596	-1420
9.48828101158	-1420
9.4882838726	-1264
9.48844790459	543
9.49211502075	-1420
9.49212098122	-1316
9.49572396278	-1368
9.49997282028	-1420
9.50000882149	-1316
9.5050599575	-1368
9.50932693481	-1420
9.50933480263	-1316
9.51193189621	-1368
9.51672387123	-1420
9.51678180695	-1420
9.51678586006	-1264
9.51974201202	-1420
9.51976299286	-1420
9.51985692978	-1264
9.52007102966	543
9.52493596077	-1420
9.52495789528	-1420
9.52499389648	-1264
9.53136086464	-1420
9.53144097328	-1316
9.5314438343	-1368
9.5382578373	-1420
9.53826785088	-1420
9.53831601143	-1264
9.53994989395	-1420
9.53997302055	-1420
9.5399749279	-1264
9.54371380806	-1368
9.54379582405	-1420
9.54384303093	-1316
9.54704999924	-924
9.54717803001	543
9.54735589027	-1420
9.54735898972	-1316
9.54988789558	-1368
9.55380892754	-1368
9.65085601807	-1420
9.65088200569	-1420
9.65093183517	-1264
9.66933488846	-878
9.67426490784	543
9.67499685287	543
9.67548179626	1057
9.77897191048	543
9.8502509594	1057
10.0548119545	-1420
10.0548298359	-665
10.0807259083	1057
10.1028048992	-1420
10.1028318405	-1316
10.1379468441	-1368
10.1763379574	-66
10.2000939846	1460
10.2001860142	111
10.2056498528	-1420
10.2056598663	-1316
10.206001997	-1420
10.2060070038	-1316
10.2060918808	-1368
10.2226948738	-1420
10.2227768898	-1420
10.2227809429	-1264
10.2326209545	229
10.2431578636	-1420
10.2431769371	-1316
10.2432239056	-1420
10.2432258129	-1316
10.2435028553	-1420
10.2435059547	-1316
10.2435679436	543
10.2606668472	-1368
10.2980029583	-1358
10.2996578217	239
10.3254489899	-1420
10.3254668713	-1316
10.3422658443	-1368
10.3506038189	-756
10.3511509895	126
10.3524420261	1057
10.3601288795	543
10.4194839001	-66
10.4214408398	543
10.4331970215	-761
10.4337649345	126
10.4691150188	-51
10.4693579674	38
10.5101778507	-1420
10.5101978779	-1420
10.5102639198	-1264
10.5413908958	-609
10.5489499569	-51
10.5491588116	38
10.5501840115	543
10.5504360199	543
10.587127924	-1420
10.5871548653	-106
10.5897059441	1057
10.664773941	-1420
10.6647930145	-108
10.6652259827	1057
10.6975598335	-1420
10.6975808144	-151
10.6985919476	1057
10.7099950314	-543
10.7103779316	543
10.7809298038	-543
10.7813289165	543
10.845664978	-543
10.8460597992	543
10.895195961	-543
10.9024498463	-543
10.9028408527	543
10.993844986	-543
11.0015568733	-1420
11.0015778542	-1420
11.001614809	-1264
11.0071599483	-1368
11.0172119141	-269
11.0197799206	543
11.0305728912	543
11.0333368778	543
11.0390298367	-543
11.0435128212	1460
11.0435788631	1460
11.0436270237	193
11.0787658691	-1368
11.1388688087	-1260
11.1432459354	543
11.1444020271	543
11.144630909	543
11.2603979111	-1057
11.2712388039	1460
11.2713220119	625
11.3031709194	-543
11.3171658516	-1420
11.31722188	-1420
11.3172278404	-1420
11.3172469139	-1212
11.3189909458	-1420
11.3191030025	-1420
11.3191258907	-1264
11.3191738129	-1368
11.3192768097	-1368
11.3557209969	543
11.3617928028	543
11.3640890121	543
11.3685250282	543
11.369508028	543
11.3697588444	543
11.3823299408	-543
11.4319148064	-1284
11.4339418411	543
11.4628539085	543
11.4631710052	543
11.5195188522	-543
11.5494408607	-1086
11.6345798969	-1368
11.6395568848	-1368
11.659719944	-1368
11.6811029911	-203
11.6819908619	1057
11.7038908005	-1368
11.7040748596	-240
11.7052099705	1460
11.7052669525	1460
11.7053039074	193
11.7778449059	-1420
11.7778699398	-1420
11.7779369354	-1264
11.7781460285	543
11.8028688431	-1123
11.8191328049	-543
11.8196020126	543
11.9360330105	-543
11.9366989136	1460
11.9367568493	1460
11.9368019104	1161
11.9368979931	1460
11.9369359016	1460
11.9369699955	1161
11.937076807	1177
11.9384768009	-1368
11.944660902	1057
11.9619479179	543
11.9689378738	-232
11.9768409729	543
11.9947068691	-543
12.0000259876	543
12.0523970127	-1086
12.2047429085	-543
12.2196128368	-543
12.2506039143	-1420
12.2506599426	-1316
12.2694718838	-1420
12.269546032	-1316
12.3415389061	-754
12.3453469276	543
12.3456017971	543
12.359320879	-543
12.4633338451	-543
12.719386816	-1420
12.7194228172	-1420
12.719440937	-787
12.7378079891	-1420
12.7378380299	-1316
12.8102338314	-1420
12.8103058338	-1316
12.8114438057	543
12.8124859333	1057
12.8262460232	-1420
12.8262619972	-1420
12.8263249397	-1264
12.841301918	-1334
12.8582439423	-1368
12.9801058769	-717
13.0100460052	543
13.0119478703	1057
13.1055958271	1057
13.2041509151	-543
13.2238879204	-1420
13.2239639759	-1316
13.2397909164	-1420
13.2398638725	-1316
13.2633898258	-1420
13.2634589672	-1420
13.2634649277	-1264
13.2636790276	543
13.3454418182	-277
13.3512058258	543
13.4685058594	-543
13.6518440247	-1420
13.6519298553	-1420
13.6519749165	-273
13.653842926	543
13.6554620266	543
13.6600599289	543
13.835269928	-543
14.0516548157	-543
14.2128789425	-543
14.2579469681	-1368
14.3795518875	-717
14.3826990128	1057
14.9397778511	-543
15.9955759048	543
16.1065108776	1057
