0	-543
3.77484798431	1057
4.22999310493	-543
4.26331210136	-1368
4.26337099075	-1368
4.29719114304	-1368
4.35800004005	-580
4.36596798897	543
4.49392700195	1057
4.62051606178	-543
4.7616341114	-1368
4.80212903023	-232
4.80919694901	543
5.32523798943	-1368
5.32529592514	-203
5.32545804977	-1368
5.32560014725	-1368
5.32593607903	-1368
5.32596707344	-1368
5.32603096962	-1368
5.3260550499	-1368
5.32610607147	-1368
5.32613396645	-1368
5.45345306396	-1368
5.45351195335	-1368
5.45353507996	-1368
5.45353913307	-1368
5.45381307602	-1368
5.45387101173	-1368
5.45388698578	-1271
5.45476198196	543
5.56467008591	1368
5.5694000721	1368
5.57244610786	1368
5.58265209198	153
5.58625411987	-543
5.65355110168	543
5.71059513092	1057
5.77771401405	-543
5.79943203926	-1368
5.79946804047	-1368
5.81062412262	-1368
5.83853197098	1057
5.91683411598	-1368
5.91698098183	-1368
5.917137146	-1368
5.91722011566	-1368
5.91738414764	-1368
5.91754698753	-1368
5.91757297516	-1368
5.91760110855	-1368
5.91762709618	-1368
5.92504000664	-1368
5.9273660183	-554
5.92810511589	-1368
5.9608669281	1368
5.96795392036	1368
5.9679851532	1368
5.96811199188	1368
5.96811795235	1368
5.96853613853	1368
6.00618815422	219
6.05519413948	-203
6.05913996696	1368
6.13426113129	746
6.14570713043	-1368
6.17051911354	-1368
6.18747210503	-1007
6.21526503563	-1368
6.26385402679	-1368
6.26388502121	543
6.2650809288	-1368
6.2651181221	-1368
6.26515412331	-1368
6.274310112	1368
6.27487492561	1368
6.27516794205	-1368
6.27559304237	1368
6.27694201469	1368
6.30020093918	-1368
6.30023312569	-1368
6.30024600029	-1368
6.30589199066	1368
6.34338212013	-227
6.34928107262	-1368
6.34932994843	-1368
6.40240502357	45
6.44389796257	-1368
6.45542597771	-1368
6.45858502388	-1368
6.46020698547	-1368
6.46025705338	-1368
6.46026706696	-1368
6.46026992798	-1368
6.46631503105	-1368
6.46672511101	-1368
6.46678495407	-1368
6.46689796448	-1368
6.46722507477	-1368
6.46738910675	-1368
6.46819710732	-1368
6.4702501297	-1368
6.47029399872	-1368
6.47715902328	-56
6.4873509407	-1368
6.48936009407	-1368
6.48940014839	-1368
6.48941612244	-1368
6.48975992203	1368
6.50160694122	-1368
6.51607608795	-1368
6.51611208916	-1368
6.5161280632	-1368
6.51961493492	1368
6.53024411201	1368
6.53082799911	1368
6.531001091	1368
6.57833003998	190
6.60518598557	-24
6.65493202209	543
6.66070508957	-543
6.68219208717	-1368
6.69358205795	-1368
6.70535111427	-1368
6.72609615326	-1368
6.72612714767	1086
6.72614002228	-1368
6.75528693199	-1368
6.75695705414	-1368
6.75697994232	-1368
6.75699210167	-1368
6.75736808777	-1368
6.75739312172	-1368
6.75746393204	-1368
6.75748801231	-1368
6.75751805305	-1368
6.75862598419	-1368
6.75985312462	1368
6.76031398773	1368
6.76685595512	-1368
6.76695203781	-1368
6.7702691555	-251
6.77217006683	1368
6.78136396408	-1368
6.79180002213	-1368
6.79748702049	1368
6.88796806335	899
6.89327096939	-1368
6.90032792091	-95
6.93675613403	-1368
6.94404792786	-1368
6.94408512115	-1368
6.9479830265	-1368
6.96442198753	-1368
6.97764396667	-1368
6.97781801224	-1368
6.97787594795	-1368
6.97788405418	-1368
6.97793292999	-1368
6.980230093	-1368
6.98450398445	1368
6.98694109917	1368
6.98884296417	-1368
6.98890399933	-1368
6.9940059185	-1368
6.99718093872	-1368
7.00049710274	-1368
7.02195692062	1368
7.02845597267	-1221
7.02849507332	182
7.15652108192	-543
7.15658402443	1086
7.16051292419	-1368
7.16979503632	-1368
7.17231607437	-1368
7.26284813881	-1368
7.26820111275	1368
7.2746450901	-1368
7.27799892426	-1368
7.27804899216	-1368
7.27905106544	-1368
7.28468108177	-625
7.28480792046	1318
7.28907394409	-1368
7.33272504807	-1368
7.33287215233	-1368
7.3329000473	-1368
7.33293914795	-1368
7.33296608925	-1368
7.3362839222	-1368
7.3763821125	-1368
7.41303110123	-1081
7.41306304932	1086
7.46456503868	-1368
7.46933507919	-1368
7.46949100494	-1368
7.50414514542	1368
7.54140615463	-1181
7.54146003723	804
7.54507613182	-1368
7.5508210659	-1368
7.58983397484	-1368
7.59557795525	-1368
7.60113811493	-1368
7.6011929512	-1368
7.6694920063	-704
7.66953015327	1086
7.76222705841	-1368
7.7625041008	-1368
7.76253199577	-1368
7.76483201981	1368
7.79780292511	-95
7.79788804054	746
7.85480499268	-1368
7.85484409332	-1368
7.92604207993	-891
8.05413508415	-1368
8.06245803833	-1368
8.0625140667	-1368
8.09420800209	-638
8.09497308731	1057
8.09799909592	1368
8.10020112991	1368
8.22608995438	1007
8.42148995399	-543
8.5501639843	-1368
8.55020999908	-1368
8.55035996437	-1368
8.55040311813	-1368
8.55042695999	-1368
8.55044293404	-1368
8.550812006	-1368
8.5511059761	543
8.55670404434	1368
8.5567150116	1368
8.55687403679	1368
8.56174707413	-1368
8.57313704491	-1368
8.57460403442	1368
8.59631514549	-1368
8.59634709358	-1368
8.59688901901	1368
8.59689712524	1368
8.59702110291	1368
8.59715199471	-1368
8.59817695618	-322
8.60467195511	1368
8.60559296608	1368
8.65394806862	543
8.6539850235	543
8.65400409698	543
8.67912006378	256
8.71612501144	-543
8.85949802399	-543
8.86853909492	-1368
8.87100100517	-1368
8.90537905693	543
8.90791010857	1368
8.91195297241	-1368
8.91429710388	1368
8.92843198776	-1368
8.92846298218	-1368
8.92848014832	-1368
8.92849493027	-1368
8.93468093872	-1368
8.93611693382	1368
8.94581699371	-1368
8.94594407082	-1368
8.94596099854	-1368
8.95750498772	-1368
8.99652600288	-865
8.99943399429	1368
9.03612112999	957
9.05344796181	-1368
9.12518596649	-203
9.17076802254	-1368
9.17087507248	-1368
9.17090392113	-1368
9.17092895508	-1368
9.17095708847	-1368
9.17160797119	-1368
9.1763150692	-1368
9.19284200668	-1368
9.20906996727	-1368
9.20909714699	-1368
9.20910906792	-1368
9.2145690918	543
9.21883702278	1368
9.22054815292	-1368
9.22060108185	-1368
9.24828314781	-1368
9.25369501114	-1300
9.25762414932	1368
9.27554297447	-1368
9.27557611465	-1368
9.27558207512	-1368
9.34697198868	1065
9.35416412354	-1368
9.35418510437	-1368
9.35420703888	-1368
9.38196110725	-1218
9.40016102791	1368
9.41816115379	-1368
9.43374609947	-1368
9.43382811546	-1368
9.44107699394	-1368
9.44122695923	-1368
9.44125103951	-1368
9.44865894318	1368
9.47109913826	-1368
9.47112011909	-1368
9.47113800049	-1368
9.47287201881	1368
9.52821707726	-741
9.52829194069	725
9.60978007317	-1368
9.64434695244	-1368
9.65055394173	1368
9.65222907066	1368
9.65367507935	543
9.65633702278	-920
9.65645313263	435
9.67289614677	-1368
9.67298412323	-1368
9.6729991436	-1368
9.67338705063	-1368
9.67975497246	-1368
9.67980694771	-1368
9.69481110573	-1368
9.69579601288	-543
9.69648599625	1368
9.70611596107	-1368
9.72908496857	-1368
9.7844619751	-1313
9.78449201584	746
9.79130506516	-1368
9.80217814445	-1368
9.82362413406	-1368
9.83728003502	-1368
9.83734202385	-1368
9.84271597862	-1368
9.84380602837	1368
9.84874415398	-1368
9.86520695686	-1368
9.87740898132	-1368
9.87743711472	-1368
9.87747192383	-1368
9.87890791893	1368
9.8922560215	-1368
9.89826703072	1368
9.90327811241	-1368
9.91283011436	-1126
9.91289615631	240
9.91909313202	-1368
9.92357492447	-543
9.9908850193	-1368
9.99095702171	-1368
9.99096512794	-1368
10.0411150455	-812
10.0411429405	1086
10.0671730042	-1368
10.0672810078	-1368
10.0791101456	-1368
10.0791370869	-1368
10.0791559219	-1368
10.0791730881	-1368
10.0796561241	1368
10.0864779949	-1368
10.0881891251	1368
10.0903260708	-1368
10.0903520584	-1368
10.1089179516	1368
10.1096639633	1368
10.121104002	-1368
10.1368570328	-1368
10.1369271278	-1368
10.1619420052	1368
10.1693079472	-351
10.1693370342	1131
10.2920880318	-1368
10.297385931	-746
10.3073070049	-1368
10.3075120449	-1368
10.3144929409	1057
10.3186280727	-1368
10.3503520489	-543
10.3527951241	-1368
10.3619639874	1368
10.3640151024	-1368
10.3640680313	-1368
10.3640811443	-1368
10.3797659874	-1368
10.4254980087	-538
10.4296209812	1368
10.4557931423	-1368
10.4558310509	464
10.4673831463	-1368
10.4674210548	-1368
10.4776301384	-1368
10.4776990414	-1368
10.4777431488	-1368
10.4777810574	-1368
10.5212030411	-1368
10.5212790966	-1368
10.5268220901	1368
10.5329949856	-1368
10.53302598	-1368
10.5535340309	-148
10.5589189529	1368
10.5838639736	522
10.6355021	-1368
10.6360220909	-1368
10.6469230652	-1368
10.6870291233	-1152
10.7465410233	-1368
10.7465689182	1086
10.7466621399	-1368
10.7466881275	-1368
10.7472159863	-1368
10.7475759983	-1368
10.7579479218	-1368
10.7767939568	-1368
10.7810180187	-1368
10.7860281467	-1368
10.7880470753	-1368
10.7880711555	-1368
10.7880899906	-1368
10.7881259918	-1368
10.7922561169	1368
10.8150250912	-40
10.839828968	-1368
10.8398780823	-1368
10.916301012	1318
10.968100071	-891
11.0376989841	-1368
11.0587511063	-1368
11.0588269234	-1368
11.0794360638	1057
11.0961790085	-638
11.1543741226	-1368
11.1656761169	-1368
11.2780759335	-920
11.2984530926	1057
11.516974926	-543
11.5607841015	-1368
11.5613031387	-1368
11.5725610256	-1368
11.6823611259	-609
11.6871950626	543
11.815310955	543
11.9345319271	-543
12.0390429497	-1368
12.0391061306	-1368
12.1424241066	-891
14.4571609497	-543
14.5705730915	1057
14.6541330814	543
