0	-543
0.160753965378	543
4.0358710289	1057
4.27600288391	-543
4.34442806244	-1420
4.34449005127	-1340
4.39637088776	-896
4.5168569088	-1086
4.51884794235	543
4.52540493011	543
4.54339289665	543
4.54369306564	543
4.54393291473	543
4.74446797371	-543
4.90412998199	-543
4.9362039566	-1420
4.93626689911	-1420
4.93631291389	-1300
5.02485489845	-1145
5.02690291405	543
5.02872991562	543
5.02892303467	543
5.14720606804	-1086
5.27672791481	-543
5.44922709465	-543
5.57000899315	-1086
5.57171797752	543
6.05714988708	-543
6.05743002892	-1420
6.05748105049	-1420
6.05748391151	-1420
6.05751991272	-1260
6.05771493912	-1380
6.057970047	-1420
6.05797410011	-1340
6.12664699554	-1380
6.13989591599	-1380
6.16170501709	543
6.17797207832	-1420
6.17798995972	-1420
6.17804908752	-1420
6.17805194855	-1420
6.17808699608	-1420
6.17809009552	-302
6.22469997406	1057
6.23082900047	1057
6.24622106552	1057
6.26201796532	1057
6.27095794678	1057
6.27326107025	1057
6.28091096878	1057
6.33421492577	1057
6.46161603928	-543
6.5098400116	-1420
6.50988793373	-1420
6.50992703438	-1300
6.52688503265	-1420
6.52694797516	-1420
6.52698588371	-1300
6.52920889854	543
6.53319406509	-1380
6.53327894211	543
6.54440999031	-1420
6.54442310333	-1420
6.54447603226	-1300
6.55174088478	543
6.55197405815	1460
6.55201792717	1139
6.57742905617	-1380
6.57987308502	543
6.58012008667	1460
6.58018493652	1139
6.63033699989	-1420
6.63040709496	-1420
6.63046503067	-1420
6.63046789169	-1420
6.63052392006	-1420
6.6305270195	-1180
6.63400506973	543
6.63425993919	1460
6.63430500031	111
6.66510009766	-1420
6.66511487961	-1420
6.66517806053	-1420
6.66518092155	-1420
6.66522288322	-738
6.66896104813	543
6.67627501488	543
6.67689394951	543
6.67711806297	543
6.70088291168	-1420
6.70090699196	-1340
6.78538608551	-925
6.79046797752	543
6.79071593285	1057
6.79304289818	-1420
6.79304790497	-1420
6.79309105873	-1300
6.86234307289	-1380
6.86483097076	543
6.8885641098	-1420
6.88859391212	-1420
6.88865709305	-1300
6.91159105301	-338
6.92811894417	-1380
6.92917895317	543
6.93007588387	543
6.930300951	543
6.93089294434	543
6.93116188049	543
6.93386793137	543
6.93408608437	543
6.93995499611	-1420
6.9399600029	-1340
6.96204590797	-1420
6.96205711365	-1420
6.96211004257	-1300
6.97390508652	543
6.97425508499	543
7.04855895042	-690
7.05732989311	543
7.05769491196	543
7.12589597702	-1380
7.16377496719	543
7.16919088364	-792
7.17038488388	543
7.18161797523	-1380
7.19591188431	-1420
7.19596004486	-1340
7.19733095169	543
7.19755506516	543
7.19811606407	543
7.19836592674	543
7.20763492584	-1420
7.2076458931	-1420
7.207695961	-1300
7.22008395195	-1420
7.22015309334	-1340
7.22543787956	543
7.22604298592	543
7.24609494209	-1380
7.24632406235	543
7.24669408798	543
7.27544999123	-1380
7.28953695297	-1420
7.28959107399	-1340
7.28984689713	-808
7.31681895256	-1420
7.31683206558	-1420
7.3168759346	-1300
7.31883502007	543
7.31947302818	543
7.38784694672	-1420
7.3878660202	-1420
7.38792204857	-1300
7.38987588882	543
7.39059495926	543
7.4105629921	-1146
7.41350507736	543
7.41393995285	543
7.47554993629	-1420
7.47556710243	-1420
7.47562909126	-1300
7.47591900826	-1380
7.48674607277	-1380
7.51286411285	-1380
7.51294088364	-1420
7.51294493675	-1340
7.51645493507	543
7.52084803581	543
7.53082108498	-558
7.53156805038	543
7.53180503845	543
7.58413410187	-1420
7.58416104317	-1420
7.58420705795	-1300
7.6513800621	-30
7.65337610245	543
7.65400505066	543
7.67520904541	-1420
7.67523407936	-1420
7.67527198792	-1300
7.71543693542	-1420
7.71544504166	-1420
7.71548390388	-1300
7.76377987862	-1420
7.76379799843	-1340
7.76484107971	1057
7.77197003365	-1014
7.77278590202	1057
7.7900788784	-1420
7.79009509087	-1420
7.79015088081	-1300
7.8569290638	-1420
7.85694694519	-1420
7.85701203346	-1300
7.85808801651	1057
7.89245510101	-118
8.01297593117	-543
8.04822993279	-1420
8.04824590683	-1420
8.04831004143	-1300
8.07040309906	-1420
8.07042098045	-1420
8.07047510147	-1300
8.07258892059	543
8.07318401337	543
8.13694596291	-1420
8.13696408272	-1420
8.13702607155	-1300
8.13722991943	543
8.1685230732	-662
8.17113494873	543
8.17135190964	543
8.18167591095	-1380
8.18195390701	-1420
8.18199491501	-1340
8.22553491592	-1420
8.22554206848	-1420
8.22558999062	-1300
8.2275249958	543
8.22812199593	543
8.29208493233	-1146
8.29448604584	543
8.29469394684	543
8.41531801224	-543
8.43208193779	-1420
8.43212890625	-1340
8.51300191879	-1380
8.52543091774	-1420
8.52544307709	-1340
8.53584599495	-955
8.64536190033	-1420
8.64538002014	-1420
8.64543795586	-1300
8.69612288475	-59
8.76521801949	-1420
8.76523399353	-1420
8.76530003548	-1300
8.81638789177	-59
8.8171889782	1460
8.81724500656	111
8.8178050518	1057
8.81814694405	1057
9.14473795891	-543
9.16376590729	543
9.17250299454	1057
9.20120501518	-1420
9.20122408867	-1420
9.20128893852	-1300
9.23119306564	-1380
9.23142504692	543
9.23352003098	543
9.23415803909	1460
9.2342069149	1460
9.23424291611	1161
9.23431706429	89
9.27867698669	-1380
9.27926301956	1057
9.2797460556	1057
9.29341006279	-470
9.35638999939	-1420
9.3564620018	-1420
9.35650897026	-1300
9.41371393204	-30
9.41587400436	543
9.41651010513	1460
9.41655802727	1460
9.41659998894	707
9.53654909134	-543
9.58737492561	-1420
9.58739304543	-1420
9.5874478817	-1300
9.59920907021	-1380
9.60045790672	1057
9.60093688965	1057
9.60140395164	1057
9.60188007355	1057
9.60223603249	1057
9.65714693069	-1365
9.67159700394	-1420
9.67167496681	-1420
9.67168188095	-1300
9.77778291702	-1116
9.77989506721	543
9.8485250473	-1380
9.85972809792	-1420
9.85976791382	-1340
9.86472892761	-1380
9.86500906944	-1420
9.86501288414	-1340
9.86506700516	543
9.86593389511	1057
9.87857699394	-1380
9.88118100166	-1420
9.88124203682	-1420
9.88124489784	-1300
9.89244103432	543
9.8930978775	543
9.90074300766	-426
9.9038438797	543
9.90404009819	543
9.94614005089	-1420
9.94615697861	-1420
9.94621396065	-1300
9.98036289215	-1420
9.9804289341	-1420
9.98043394089	-1300
9.98303389549	543
9.98436999321	543
10.0006248951	-1380
10.0017139912	-1420
10.0017709732	-1340
10.0214910507	-1176
10.023722887	543
10.0328469276	543
10.0337049961	543
10.0338819027	543
10.1420071125	-543
10.207118988	-1420
10.2071359158	-1420
10.2071928978	-1300
10.2625629902	-1116
10.2646639347	543
10.2653000355	543
10.2816369534	-1420
10.2816500664	-1420
10.2817070484	-1300
10.2898800373	-1420
10.2899339199	-1340
10.2971029282	1057
10.3391189575	-1380
10.3400950432	1057
10.3853890896	-632
10.4190680981	-1420
10.4191379547	-1420
10.4191439152	-1300
10.4357481003	-543
10.4482800961	-543
10.500921011	-1420
10.5009379387	-1340
10.5020771027	1057
10.5058488846	-926
10.5065429211	1057
10.5830209255	-1420
10.5830390453	-1420
10.5830950737	-1300
10.6264560223	-59
10.6275351048	1057
10.6674380302	-1420
10.6674540043	-1420
10.66751194	-1300
10.7092909813	-1420
10.7093598843	-1420
10.7093648911	-1300
10.7105529308	1057
10.7470920086	-603
10.747248888	543
10.7516970634	-1420
10.7517030239	-1340
10.7519578934	-1380
10.7529640198	543
10.7531599998	543
10.8420250416	-1420
10.8420441151	-1420
10.8421020508	-1300
10.844178915	543
10.8448290825	543
10.8676140308	-603
10.8864510059	543
10.8871250153	543
10.988145113	-543
10.9888250828	-1420
10.988877058	-1420
10.9888799191	-1300
11.0263049603	-1380
11.0266931057	-1420
11.0267350674	-1340
11.0290250778	543
11.0292189121	543
11.0329968929	-1380
11.0332989693	-1420
11.0333530903	-1340
11.0729289055	543
11.0766670704	543
11.0882210732	-1380
11.0906949043	543
11.0909318924	543
11.1087388992	-339
11.1608240604	543
11.1714019775	-1420
11.1714260578	-1340
11.2056999207	-1380
11.207504034	543
11.2077579498	543
11.2290530205	-59
11.2923750877	-1380
11.2924640179	-1420
11.2925169468	-1340
11.3005709648	-1380
11.3016729355	1057
11.3280758858	-1380
11.3293299675	-1380
11.3302829266	1057
11.3370120525	-1420
11.3370289803	-1340
11.3371210098	-1380
11.3499031067	-235
11.3509950638	1057
11.3688089848	-1420
11.3688240051	-1420
11.3688879013	-1300
11.4703021049	-631
11.4713349342	1057
11.5017900467	-1380
11.5018069744	-1380
11.5510179996	-1380
11.5520250797	1057
11.5846009254	-1420
11.5846281052	-1420
11.5846779346	-1300
11.5908389091	-89
11.6256000996	543
11.6262230873	543
11.6348359585	-1420
11.6348478794	-1420
11.6348879337	-1300
11.691395998	-1420
11.6914160252	-1420
11.6914830208	-1300
11.6916561127	543
11.6942179203	543
11.6944000721	543
11.7114720345	-1146
11.7134408951	543
11.7140820026	543
11.8040599823	-1420
11.8040869236	-1340
11.8322460651	-925
11.851806879	-1380
11.9014539719	-1420
11.9014720917	-1420
11.9015328884	-1300
11.9035270214	543
11.9042029381	543
11.9380099773	-1380
11.9380269051	-1420
11.9380838871	-1340
11.9458758831	543
11.9462220669	543
11.9518098831	-1380
11.9526510239	-529
11.954228878	543
11.9544930458	543
12.021075964	-1420
12.0210959911	-1340
12.04164505	-1380
12.0434310436	543
12.0436980724	543
12.0528230667	-1380
12.0732090473	-279
12.0923159122	1057
12.1030330658	-1380
12.1853849888	-1380
12.1854910851	-1420
12.1854929924	-1340
12.1936709881	-793
12.2148039341	-1420
12.2148199081	-1420
12.2148768902	-1300
12.2284379005	-1380
12.2812700272	-1420
12.2812969685	-1340
12.2831940651	1057
12.3142240047	-176
12.3502690792	-1420
12.3503489494	-1420
12.3503539562	-1300
12.4325211048	-1420
12.4325470924	-1420
12.4325840473	-1300
12.4348509312	-632
12.4437201023	543
12.4444339275	543
12.6894049644	-543
12.853552103	-1420
12.8536419868	-1340
12.8540680408	-896
12.873388052	1057
13.1150200367	-543
13.1615788937	543
13.1617600918	543
13.1621499062	543
13.2201800346	-1420
13.2202579975	-1340
13.2751939297	-896
13.3955669403	-543
13.3999149799	543
13.4012219906	543
13.6402039528	-543
13.8875980377	-543
13.8877780437	543
13.8879430294	-1420
13.8879458904	-1340
14.0084290504	-353
14.0783879757	-543
14.6121668816	-543
14.7811429501	1057
15.0075089931	-543
