0	-543
2.19855999947	-543
3.10975694656	-543
3.12934994698	543
3.49711585045	-543
3.49734282494	543
3.87176799774	-543
3.87212896347	-1368
3.89589285851	-1368
4.02266383171	-1007
4.02481985092	543
4.02673888206	543
4.03261089325	543
4.36889886856	-543
4.37212085724	543
4.52180695534	-543
4.57237386703	-543
4.59673690796	-1368
4.59691095352	543
4.67219686508	543
4.67233681679	543
4.71108794212	-1289
5.21766281128	-543
5.58804702759	-543
5.67234492302	543
5.78083896637	-543
5.78830695152	-1368
5.81487894058	-1368
5.9301109314	-949
5.93028593063	543
5.93221187592	543
5.93273591995	543
6.44872784615	-543
6.52283382416	-543
6.64493894577	-543
6.6514749527	-1368
6.65374898911	-1368
6.65380597115	-1368
6.67213892937	543
6.67329001427	-1368
6.67345786095	-1368
6.79460692406	-45
6.8352189064	543
6.83995389938	543
6.8416788578	543
6.85380387306	1460
6.85388898849	111
6.8589618206	1460
6.85902881622	111
6.8819270134	1460
6.88203382492	111
6.94862580299	1057
7.20454192162	-543
7.23743486404	-1368
7.26740002632	-1368
7.26915383339	-1368
7.26927089691	-1368
7.27215981483	543
7.27590489388	-1368
7.27659893036	-1368
7.27713799477	-1368
7.27782487869	-1368
7.28376698494	-1368
7.35433983803	-1420
7.35442185402	-1316
7.35461592674	543
7.3868868351	-1420
7.38690400124	-415
7.4168548584	-1368
7.44041395187	-1368
7.45208001137	-1368
7.4528939724	-1368
7.45306587219	-1368
7.4534239769	-1368
7.45393800735	-1368
7.46015882492	-1368
7.4605679512	-1368
7.46067881584	-1368
7.47320795059	-1368
7.47335481644	-1368
7.48788380623	543
7.49906992912	-543
7.50350093842	-1368
7.50351190567	-1368
7.5036740303	-1368
7.50375890732	-1368
7.53640985489	-1420
7.53642702103	-1316
7.53648400307	-1368
7.53657484055	-1368
7.53677988052	543
7.53691196442	543
7.56641197205	-1420
7.56642699242	-1316
7.56660294533	543
7.60165381432	-1420
7.60167193413	-1420
7.60173392296	-1264
7.60173583031	-1224
7.61939787865	-1368
7.62504982948	-1368
7.64084792137	-1420
7.64087891579	-1316
7.64094781876	-1368
7.6447789669	-1368
7.64480495453	-1368
7.64517402649	-1368
7.64641880989	-1368
7.64650082588	-1368
7.64741587639	543
7.64767193794	543
7.64822888374	-1368
7.64832782745	-1368
7.67617082596	-1368
7.75091385841	-98
7.75134992599	543
7.9119079113	-543
7.91213703156	543
8.09404587746	-543
8.24859285355	-543
8.25078582764	-1368
8.25789785385	-1368
8.25869989395	-1368
8.27960085869	-1368
8.27961683273	-1368
8.27966499329	-1368
8.28075003624	543
8.28130102158	-1368
8.28141999245	-1368
8.28167390823	-1368
8.29216480255	543
8.31385803223	-1368
8.40025281906	-1002
8.40073490143	543
8.50506782532	-1420
8.50509595871	-1316
8.6007399559	-406
8.69077086449	-1368
8.75013184547	-746
8.89362692833	-1368
8.89411091805	-1368
8.89418792725	-1368
8.8942630291	543
8.89438700676	543
8.89730286598	-1368
8.897397995	-1368
8.89929699898	-588
8.89938592911	543
8.92338299751	-1368
9.07244586945	-203
9.24324393272	-543
9.26500082016	-1086
9.26704096794	543
9.2676589489	1057
9.49627399445	-543
9.49743294716	-1368
9.49756288528	-1368
9.50290584564	-1368
9.50341200829	-1368
9.50402998924	-1368
9.50478887558	-1368
9.52998185158	-1420
9.53005981445	-1420
9.53007483482	-1420
9.53011202812	-1212
9.53011488914	-1368
9.53015089035	-1368
9.5303800106	-1368
9.53047680855	-1368
9.64712786674	-1420
9.64719891548	-220
9.64736890793	543
9.83403587341	-543
9.90479588509	-1420
9.90486001968	-1316
9.90487885475	-1368
9.90529894829	-1368
9.90537691116	-1368
9.90548181534	-1368
9.91082882881	-1368
9.91091394424	-1368
9.9119758606	-1368
9.93646788597	-1420
9.93654084206	-1316
10.0225930214	-575
10.0622358322	543
10.4094018936	-543
10.4110069275	-1368
10.4124979973	-1368
10.4172158241	-1420
10.4172589779	-1316
10.4175238609	-1368
10.4176340103	-1368
10.4176728725	-1368
10.4422550201	-1420
10.4423298836	-1316
10.4423909187	-1368
10.4424219131	-1368
10.4425759315	543
10.5603289604	-604
10.672672987	543
10.7498528957	-543
10.7726519108	543
10.7922408581	543
10.7960498333	1057
11.1835858822	-543
11.241601944	-543
11.3728690147	-1086
11.37312603	543
11.8158419132	-565
11.8923788071	-543
11.9258778095	-1368
12.0753920078	-1231
12.2363798618	-1368
12.2789268494	-746
12.2812328339	543
12.2828259468	543
12.6256098747	-543
12.6584708691	-1368
12.8077628613	-746
12.8087739944	543
13.3189928532	-543
13.3524608612	-1368
13.3525459766	-1368
13.5045948029	-891
13.5227849483	543
14.1686990261	-543
14.1689100266	543
15.1741778851	-543
15.2079589367	-1368
15.3573679924	-1231
15.4080519676	-1368
15.5574970245	-746
15.559789896	543
15.5612499714	543
15.907392025	-543
15.9399909973	-1368
16.0895168781	-746
16.0906779766	543
16.5120279789	-543
16.5255060196	543
16.9110798836	-543
16.9119889736	-1420
16.9120650291	-1316
16.912072897	-1368
16.9449768066	-1368
17.0615079403	-870
17.6722249985	565
17.6724598408	543
17.6725959778	543
17.9451029301	-543
18.6724398136	565
18.7817690372	-543
20.0364878178	-565
20.672180891	543
20.806417942	-543
