0	543
1.02122306824	-543
3.41048693657	543
4.93945503235	-543
4.93963289261	543
5.02321195602	-543
5.11833095551	-543
6.00006103516	543
6.00016784668	543
6.24807095528	-543
6.83480095863	-543
6.99730801582	543
6.99740600586	543
7.30495691299	-543
9.00003695488	543
9.18211603165	-543
9.22017192841	-1368
9.31487488747	-1231
9.67538905144	-543
11.3964319229	-543
12.4789628983	-543
12.4811990261	543
12.5008208752	543
12.606169939	-543
12.6081190109	543
12.733825922	-543
12.7343630791	543
13.1944670677	-543
13.9989540577	543
13.9990539551	543
14.500494957	1460
14.5005700588	111
16.417855978	-543
16.4180700779	543
16.7819850445	-543
16.9500200748	-1057
16.985722065	-1368
17.076622963	-1260
17.0788030624	543
17.0792958736	543
17.429628849	-543
18.2009649277	-543
18.327162981	-1057
18.4504330158	-1368
18.4536008835	-232
18.6421599388	-543
18.7684948444	-1057
18.8693990707	-1368
18.8951690197	-232
18.9830839634	-543
19.0462460518	-543
19.1723649502	-543
19.2203588486	543
19.2304229736	543
19.232282877	543
19.2339849472	1460
19.2340350151	111
19.2433989048	1460
19.2456989288	111
19.2718808651	1460
19.2719819546	111
19.3238010406	543
19.5116648674	-543
19.5118410587	1057
19.7076919079	-543
20.2383868694	-543
20.2496528625	-1368
20.2497320175	-1368
20.3646459579	-920
20.3648250103	543
20.3667550087	543
20.3673639297	543
20.710283041	-543
20.8763370514	-1057
20.9581599236	-543
21.0000360012	543
21.0041248798	-543
21.1871440411	-543
21.3132998943	-543
22.2347688675	-543
22.9974389076	543
22.9975399971	543
23.0683369637	-543
23.9751460552	-543
24.3515920639	-543
24.3647539616	-1368
24.4780158997	-1231
25.8433969021	-543
25.8512530327	-1368
25.9692380428	-203
25.970252037	543
25.9719378948	543
26.2435309887	-543
26.2437150478	543
26.3125219345	-543
27.4977390766	-543
27.997811079	543
27.9979069233	1460
27.9979479313	111
27.9983439445	543
28.6895730495	-543
28.6897728443	543
29.2223918438	-543
29.3884239197	-1057
30.7109658718	-543
30.7200138569	-1368
30.8374400139	-1231
31.0100538731	543
31.101444006	-543
31.1023888588	543
31.646064043	-543
31.6464290619	543
32.0625119209	-543
32.182997942	-543
32.196310997	-1368
32.3236758709	-1231
33.0000479221	543
33.9366030693	-543
34.0636808872	-1057
34.1445000172	-1420
34.1445689201	-1316
34.1446080208	-1368
34.1569399834	-1420
34.1569950581	-1316
34.1571209431	-1368
34.1665968895	-1420
34.1666488647	-1316
34.1669750214	-1368
34.1899828911	-1368
34.1900389194	-1368
34.2715740204	-1118
34.2717440128	543
35.3220789433	-543
35.3235599995	-1420
35.3235900402	-1316
35.3351919651	-1368
35.3352530003	-1368
35.3355560303	-1368
35.3367638588	-1368
35.3369479179	-1368
35.3371598721	-1368
35.3387420177	-1368
35.4506988525	-1420
35.4507260323	-805
35.5568208694	-543
36.0000779629	543
36.0001850128	543
36.2509479523	543
36.251390934	543
36.251819849	543
36.2522418499	543
36.2525570393	543
36.6361279488	-543
36.6363449097	543
36.7283470631	-543
36.9451670647	-543
36.9452989101	543
36.9550969601	-1368
37.0159630775	-1420
37.0160360336	-1316
37.0167720318	1057
37.0172009468	543
37.0718748569	-1123
37.3243479729	-543
37.7183330059	-543
37.7185719013	543
37.8451259136	-543
37.8453090191	543
38.0847430229	-543
38.2299909592	-543
38.2532680035	-1057
38.4169020653	-543
38.4171478748	543
38.7774000168	-543
38.8398499489	-1368
38.9439258575	-1289
38.9615440369	-1368
39.0477099419	-1368
39.0497219563	543
39.050276041	1057
39.0597369671	-1368
39.0624239445	-543
39.0697820187	-124
39.19617486	-1086
39.1961948872	-543
39.1982219219	543
39.198759079	543
39.3624749184	-1086
39.3643980026	543
39.364948988	543
39.4885458946	-543
39.6089498997	-1368
39.6144649982	-232
39.7778348923	-543
39.844837904	-1368
39.8450629711	543
39.846955061	543
39.8471329212	543
39.9050638676	-1318
40.000056982	543
40.0001490116	543
40.0708730221	-543
40.0711169243	543
40.5738480091	-543
40.58426404	-1368
40.7002930641	-1231
40.7415828705	-543
40.8044040203	-543
41.0000529289	543
41.0001549721	543
41.1154918671	-543
41.5885698795	-543
42.265805006	-543
43.381321907	-543
43.5778179169	-543
43.7042579651	-1057
43.8690080643	-543
43.9952099323	-1057
44.0258510113	-543
44.8138370514	-543
44.8309700489	-1420
44.8310279846	-1316
44.8339469433	-1368
44.9399759769	-95
45.4720430374	-543
45.9977529049	543
45.9978618622	543
45.9979150295	543
47.60374403	-543
47.7299590111	-1057
47.824477911	-1368
47.8560669422	-232
48.0380270481	-543
48.1643948555	-1057
49.0620639324	-543
49.1881449223	-1057
49.1884770393	543
49.8777308464	-543
50.058079958	-543
50.0601480007	543
50.0603649616	543
50.2771060467	-543
50.2896049023	-543
50.4433209896	-543
50.4452629089	543
50.4454569817	543
50.5695838928	-543
50.9980540276	543
51.7311549187	-543
52.0000648499	543
52.0001590252	543
52.0002059937	543
52.0003418922	543
52.9814388752	-543
53.0111310482	-543
53.0414569378	-543
56.8770020008	-543
56.9981570244	543
57.0447449684	-1057
58.4656729698	-543
58.5934040546	-1057
58.8896539211	-543
58.8924820423	-543
58.8994648457	-1368
59.0162060261	-203
59.016646862	543
59.2716920376	-543
59.4261879921	-1368
59.426571846	543
59.4391169548	-775
59.8624579906	-543
59.8701679707	-1420
59.8702149391	-1316
59.8784308434	-1368
59.8785779476	543
59.9884300232	-66
60.0388090611	-1368
60.1537768841	-232
60.154129982	543
60.5659120083	-543
60.6565949917	-1368
60.7321109772	-1289
62.0632500648	-543
62.1893730164	-1057
62.3196299076	-1368
62.3197090626	-232
64.2540810108	-543
64.8721878529	-543
64.9990360737	-1057
64.999284029	543
70.732145071	-543
72.6018619537	-543
72.7602889538	-543
72.8876059055	-1057
72.9997880459	543
75.9997549057	543
77.9986860752	543
77.9987900257	543
78.270993948	-543
78.923418045	-543
79.073032856	-543
79.1222178936	-543
79.2486999035	-1057
79.2505278587	543
79.5986919403	-543
79.5988249779	543
79.6052479744	-1368
79.7266788483	-1231
79.9400839806	-543
79.9979259968	543
80.066865921	-1057
80.1831798553	-543
80.193434	-1086
80.1938478947	543
80.7705550194	-543
80.776157856	-1368
80.9031529427	-1231
80.9978740215	543
85.0020539761	543
85.9997899532	543
86.2134189606	-543
86.213821888	543
90.0000140667	543
90.0001180172	543
90.1640539169	-543
91.1971449852	-543
95.9990849495	543
97.5720438957	-543
97.5725879669	543
101.309510946	-543
101.475609064	-1057
101.482964993	-543
101.589206934	-1368
101.601628065	-746
102.000011921	543
105.536799908	-543
106.230607986	-543
108.817975998	-543
110.394432068	-543
111.000342846	543
111.000448942	543
111.000513077	543
111.000656843	543
111.000709057	543
111.299062014	-543
112.113059998	-543
112.279095888	-543
112.455146074	-543
115.998178959	543
