0	-543
0.906001806259	-543
2.10387396812	-543
2.35137891769	543
2.35151982307	543
2.35170793533	543
2.35182285309	543
2.66522693634	-543
3.35132884979	543
3.50933289528	-543
3.519094944	543
3.54669594765	543
3.68383598328	-543
3.814193964	-543
3.81455779076	543
3.8322789669	543
3.84026694298	543
3.91698884964	-543
3.9383058548	-543
3.9432349205	-543
3.9799888134	-543
4.14595293999	-543
4.23419380188	-1368
4.24152898788	-1420
4.24155688286	-1316
4.24158477783	-1368
4.24755096436	-1368
4.24786686897	-1420
4.24790692329	-1316
4.24815893173	-1420
4.24818897247	-1316
4.2698559761	543
4.29882597923	543
4.29936695099	543
4.29961180687	543
4.29987382889	543
4.30006980896	543
4.31496095657	-1420
4.31498384476	-1316
4.36353898048	-1420
4.36355686188	-1316
4.37086486816	-1420
4.37088799477	-1316
4.37095284462	-1420
4.37095594406	-1420
4.37099385262	-1420
4.37099790573	-1212
4.37678384781	-1368
4.37695980072	-1420
4.37701296806	-1316
4.37701678276	-1420
4.3770339489	-1316
4.37714385986	-1368
4.37720489502	-789
4.37729978561	543
4.38386487961	543
4.38408780098	543
4.40680384636	543
4.40716195107	543
4.4467279911	543
4.4470808506	543
4.46670794487	-1420
4.46676898003	-1420
4.46684193611	-1264
4.46684479713	-1420
4.46688699722	-1316
4.46689081192	-1368
4.46710801125	543
4.47464179993	-1368
4.49278998375	-1420
4.49285578728	-1420
4.49286079407	-1420
4.49289488792	-1212
4.50013184547	-1420
4.50025081635	-1420
4.50025486946	-1420
4.50029397011	-1212
4.50030493736	-1420
4.50033783913	-1420
4.50034093857	-1264
4.50037384033	-1420
4.50037693977	-1316
4.50041079521	-1420
4.50042295456	-1420
4.50046682358	-1264
4.50184392929	543
4.50624084473	-1420
4.50624799728	-1420
4.50634598732	-1264
4.50634789467	-1420
4.50641298294	-1420
4.5064239502	-1264
4.50645899773	-1368
4.50650691986	-1420
4.50652480125	-1420
4.50652694702	-1264
4.50655198097	-1368
4.50667500496	-1420
4.50671100616	-1316
4.50671291351	-1368
4.596118927	-1420
4.59613585472	-1420
4.59619879723	-1420
4.59620189667	-1420
4.59623789787	-1160
4.59624099731	-1420
4.59628200531	-1420
4.59628486633	-1264
4.59631800652	-1420
4.59632086754	-1316
4.59675598145	-1420
4.59675979614	-1316
4.61632180214	1057
4.62193894386	-1420
4.62194395065	-1420
4.62199497223	-1420
4.62199687958	-1212
4.62207579613	-1420
4.62207889557	-1316
4.6221139431	-1420
4.62211680412	-1420
4.62215089798	-1420
4.62215280533	-1212
4.62924695015	-1420
4.62925696373	-1420
4.62930393219	-1264
4.62930583954	-1420
4.62932181358	-1420
4.62932395935	-1232
4.62993979454	543
4.63042497635	543
4.66663694382	543
4.66686582565	543
4.66702389717	543
4.66718697548	543
4.66736292839	543
4.66756987572	1460
4.66761279106	1460
4.66764688492	1161
4.66773486137	1117
4.66789293289	543
4.66831684113	543
4.68289899826	-1368
4.70277285576	1460
4.70285391808	625
4.75844693184	-261
4.77625799179	1460
4.77633500099	625
4.83189296722	-1420
4.83191084862	-1420
4.83196687698	-1420
4.83196997643	-1420
4.83202195168	-1420
4.8320248127	-1108
4.83211183548	-1420
4.83211493492	-1420
4.83215498924	-1420
4.83215689659	-1212
4.83234786987	-1420
4.83235192299	-1316
4.83239889145	-1420
4.8324007988	-1420
4.83243393898	-1264
4.8324368	-1368
4.83956599236	-1420
4.83957195282	-1420
4.83961582184	-1264
4.84192681313	-1420
4.84197187424	-1420
4.84197497368	-1264
4.84252882004	-1420
4.84253382683	-1316
4.84284186363	-1368
4.84321689606	-1420
4.84326887131	-1420
4.84327077866	-1420
4.84330677986	-1212
4.84330892563	-1420
4.84334278107	-1316
4.84334492683	-1368
4.84372997284	-1420
4.8437359333	-1316
4.84377288818	-1420
4.84377479553	-1316
4.84394097328	-1420
4.84394478798	-1420
4.84398078918	-1264
4.84398293495	-1368
4.84529399872	-1420
4.84529900551	-1420
4.84533882141	-1264
4.84618592262	543
4.84651279449	543
4.84824585915	-1420
4.8482530117	-1420
4.84827780724	-1264
4.8525788784	-1420
4.85264396667	-1420
4.8526468277	-1264
4.8528418541	-1420
4.85284495354	-1316
4.85287380219	-1368
4.85295891762	-1420
4.85298681259	-1316
4.85308384895	-1420
4.8531498909	-1316
4.85315299034	-1420
4.85319590569	-1420
4.85319900513	-1264
4.85329699516	-1420
4.85329985619	-1420
4.85334396362	-1264
4.85347795486	-1420
4.85351490974	-1420
4.85351800919	-1264
4.85355186462	-1368
4.8553519249	-1368
4.85634589195	-1420
4.85634994507	-1420
4.85638689995	-1264
4.85687494278	543
4.86189293861	-1420
4.86190986633	-1420
4.86195588112	-1264
4.86195898056	-1420
4.861992836	-1316
4.86230993271	-1420
4.86234378815	-1316
4.86243796349	-1420
4.86248493195	-1316
4.86248779297	-1368
4.86261296272	-1368
4.86303186417	-1420
4.86306595802	-1316
4.86334681511	-1420
4.86336684227	-1316
4.86374282837	-1420
4.86378479004	-1420
4.86378788948	-1420
4.86382198334	-1212
4.86389994621	543
4.86401796341	-1420
4.8640229702	-1316
4.86419200897	-1368
4.86439180374	-1420
4.86443185806	-1316
4.86443400383	-1368
4.86454796791	543
4.86481595039	-1420
4.86482095718	-1420
4.86487698555	-1264
4.8648788929	-1368
4.86494994164	-1368
4.86501193047	543
4.87217998505	-1368
4.88798689842	-1420
4.88805699348	-1316
4.89671993256	543
4.89693498611	543
4.96115088463	-1420
4.96116900444	-1420
4.96124887466	-1420
4.96125197411	-1212
4.96129393578	-1420
4.9612967968	-1420
4.9613468647	-1420
4.96134901047	-1420
4.96140289307	-1420
4.96140480042	-1108
4.96145796776	-1420
4.96146082878	-1316
4.96153378487	-1420
4.96153688431	-1420
4.96160793304	-1264
4.96161079407	-1368
4.96166181564	-1420
4.96166491508	-1420
4.96171379089	-1264
4.96171689034	-1420
4.96176099777	-1420
4.9617638588	-1264
4.96180701256	-1420
4.96180891991	-1420
4.96184492111	-1264
4.96184682846	-1368
4.96188879013	-1420
4.9618909359	-1420
4.96189284325	-1264
4.96189379692	-1368
4.96214389801	543
4.96254587173	1057
4.96282792091	543
4.9632768631	543
4.96871685982	-1420
4.96872186661	-1420
4.96878886223	-1264
4.968791008	-1420
4.96883392334	-1420
4.96883583069	-1264
4.96889781952	-1368
4.96889996529	-1368
4.97116184235	-1420
4.97117686272	-1420
4.97121977806	-1420
4.9712228775	-1420
4.97125697136	-1160
4.97125887871	-1368
4.97185492516	-1420
4.97185993195	-1420
4.97189879417	-1420
4.97190093994	-1212
4.97246193886	-1420
4.97246479988	-1420
4.97251486778	-1264
4.97251701355	-1420
4.97255992889	-1316
4.97264289856	-1420
4.97267889977	-1420
4.97268080711	-1264
4.97277998924	-1420
4.97278285027	-1420
4.97284078598	-1264
4.97284293175	-1368
4.97293686867	-1420
4.97293996811	-1420
4.9729578495	-1264
4.97295999527	-1420
4.97298288345	-1420
4.9729847908	-1264
4.9731388092	-1420
4.97314190865	-1420
4.97318696976	-1264
4.97318887711	-1368
4.97325396538	-1420
4.9732568264	-1420
4.97325778008	-1264
4.97336292267	-1420
4.97336697578	-1420
4.97336792946	-1264
4.97350978851	-1420
4.97351384163	-1316
4.9746158123	543
4.97480583191	-1420
4.97480893135	-1316
4.97502183914	-1420
4.97502493858	-1420
4.97502684593	-1264
4.97502779961	-1420
4.9750289917	-1316
4.97514081001	-1368
4.97516298294	543
4.97533488274	543
4.9755589962	543
4.97748279572	-1420
4.97749590874	-1420
4.97756481171	-1420
4.97756886482	-1212
4.97760891914	-1420
4.97761178017	-1316
4.9818007946	-1420
4.98180985451	-1420
4.98185491562	-1264
4.98185777664	-1420
4.98193883896	-1316
4.9819419384	-1420
4.98199486732	-1420
4.98199796677	-1264
4.98203086853	-1368
4.98203396797	-1368
4.9822177887	-1368
4.98223781586	-1420
4.98227596283	-1420
4.98227787018	-1264
4.9823319912	-1368
4.98233389854	-1420
4.9823679924	-1420
4.98236989975	-1264
4.98245882988	-1420
4.98246192932	-1420
4.98249793053	-1264
4.98265600204	-1420
4.98269295692	-1420
4.98269581795	-1420
4.98272895813	-1212
4.9827849865	543
4.982888937	-1368
4.9829928875	543
4.9832868576	-1420
4.98328995705	-1420
4.98332691193	-1420
4.98332881927	-1212
4.98340392113	-1420
4.98340678215	-1420
4.98347091675	-1264
4.9834728241	-1420
4.98350596428	-1420
4.9835088253	-1420
4.98354101181	-1212
4.98354291916	-1368
4.98406291008	543
4.98447299004	-1420
4.98447680473	-1316
4.98457789421	-1368
4.98458099365	-1368
4.98546481133	-1420
4.98546791077	-1420
4.98550486565	-1264
4.98554992676	-1420
4.98556780815	-1420
4.98556995392	-1264
4.98944687843	1460
4.98951196671	111
4.99114894867	-1420
4.99115395546	-1420
4.99120593071	-1264
4.99120783806	-1420
4.99125695229	-1316
4.99125885963	-1420
4.99129390717	-1316
4.99135780334	-1420
4.99139595032	-1420
4.99139785767	-1264
4.99143385887	-1368
4.99151301384	543
4.99165201187	-1420
4.99165487289	-1316
4.99172496796	543
4.99176096916	-1368
4.99188089371	-1420
4.99191880226	-1420
4.99192094803	-1264
4.99195384979	-1420
4.99195694923	-1316
4.991989851	-1368
4.99206399918	-1420
4.99208283424	-1316
4.99224591255	-1420
4.9922850132	-1420
4.99228787422	-1264
4.99232292175	-1368
4.99254083633	-1420
4.99258184433	-1420
4.99258494377	-1264
4.99263882637	-1368
4.99270391464	543
4.99290084839	-1420
4.99290585518	-1420
4.99294400215	-1420
4.9929459095	-1212
4.99301481247	-1420
4.99301886559	-1420
4.9930357933	-1264
4.9931268692	-1368
4.99384880066	-1420
4.99385380745	-1420
4.99389195442	-1264
4.99397683144	-1420
4.99401593208	-1420
4.99401783943	-1264
4.99407792091	-1420
4.99407982826	-1316
4.99414300919	543
4.9941778183	-1420
4.99417996407	-1420
4.99418091774	-1264
4.99432587624	-1420
4.99436378479	-1420
4.99436593056	-1264
4.99439883232	-1368
4.99443793297	-1368
4.99451088905	543
4.99462199211	-1368
4.99471497536	-1420
4.99475479126	-1420
4.99475693703	-1264
4.99482178688	-1420
4.99482488632	-1316
4.99491500854	543
5.01711392403	-1420
5.01717281342	-1420
5.01722979546	-1264
5.0172328949	-1420
5.01727700233	-1420
5.01727890968	-1264
5.06653881073	543
5.0667757988	543
5.09032392502	-1420
5.09033894539	-1316
5.09037280083	-1420
5.09037590027	-1420
5.09040093422	-1264
5.09040284157	-1368
5.09051179886	-1420
5.09052491188	-1316
5.09063482285	-1420
5.09063887596	-1420
5.09070181847	-1264
5.09070491791	-1368
5.0908768177	-1420
5.09088087082	-1420
5.0909268856	-1264
5.09092879295	-1420
5.09097194672	-1420
5.09097385406	-1264
5.09105300903	-1420
5.09105491638	-1316
5.09113097191	-1420
5.09113383293	-1420
5.09121584892	-1264
5.09121894836	-1420
5.0912539959	-1420
5.09125590324	-1420
5.0912899971	-1212
5.09129190445	-1420
5.09130191803	-1316
5.09139084816	-1420
5.09139299393	-1316
5.09153985977	-1420
5.09154200554	-1316
5.09154295921	-1420
5.09154391289	-1420
5.09154486656	-1420
5.09154486656	-1212
5.09176397324	-1420
5.09176778793	-1420
5.09176898003	-1264
5.0917699337	-1368
5.09179186821	543
5.09191298485	543
5.09203886986	-1420
5.0920419693	-1420
5.09207987785	-1420
5.0920817852	-1420
5.09214186668	-1420
5.09214496613	-1108
5.09214782715	-1420
5.09214878082	-1420
5.09214997292	-1264
5.09229183197	-1368
5.09239196777	543
5.09248685837	-1420
5.09248995781	-1420
5.09249186516	-1420
5.09249281883	-1420
5.09249401093	-1420
5.0924949646	-1108
5.09257292747	-1368
5.09275484085	-1420
5.09275698662	-1316
5.09288597107	543
5.0930378437	543
5.09794688225	-1420
5.09796094894	-1316
5.09806680679	-1420
5.09806990623	-1420
5.09811782837	-1264
5.09828090668	-1420
5.09835386276	-1316
5.09835600853	-1420
5.09842896461	-1420
5.09843182564	-1264
5.09847378731	-1368
5.09847593307	-1420
5.09851098061	-1420
5.09851288795	-1264
5.09854984283	-1420
5.0985519886	-1316
5.09895586967	543
5.09918284416	543
5.10041999817	-1420
5.10042500496	-1420
5.10046291351	-1420
5.10046601295	-1212
5.1005179882	-1420
5.10051989555	-1420
5.10055398941	-1264
5.10055589676	-1368
5.10066485405	-1368
5.10085892677	-1420
5.10088181496	-1316
5.10092878342	-1368
5.10123586655	-1420
5.10123991966	-1316
5.10130190849	-1420
5.10130500793	-1316
5.10137486458	543
5.10148692131	-1420
5.10148882866	-1420
5.10148978233	-1264
5.10153794289	-1368
5.10166597366	543
5.10180783272	-1420
5.10181188583	-1316
5.10194683075	-1420
5.10195183754	-1420
5.10200595856	-1264
5.10200786591	-1368
5.10215878487	-1420
5.10216188431	-1420
5.10224580765	-1264
5.10224890709	-1420
5.10230278969	-1420
5.10230493546	-1264
5.10233879089	-1420
5.10234093666	-1316
5.10258889198	-1420
5.10259795189	-1316
5.10263586044	-1420
5.10263895988	-1420
5.10267400742	-1420
5.10267591476	-1212
5.10277080536	-1420
5.1027739048	-1420
5.10281181335	-1264
5.10281395912	-1420
5.10284781456	-1420
5.10284996033	-1264
5.10296177864	-1420
5.10296487808	-1420
5.10300087929	-1264
5.10300278664	-1368
5.10311079025	-1420
5.10311388969	-1420
5.10314893723	-1264
5.10315084457	-1368
5.10339093208	-1420
5.10339379311	-1420
5.10341286659	-1264
5.10347485542	543
5.1035118103	-1420
5.10351395607	-1420
5.1035618782	-1264
5.10371589661	543
5.10385394096	-1420
5.10385799408	-1420
5.10389780998	-1264
5.10389995575	-1420
5.10393285751	-1420
5.10393500328	-1264
5.10396790504	-1420
5.10397100449	-1400
5.10412192345	543
5.10415697098	-1420
5.10415887833	-1316
5.104159832	-1420
5.104159832	-1420
5.10416078568	-1264
5.10420584679	-1368
5.10430788994	-1420
5.10431098938	-1316
5.10441589355	-1368
5.10450792313	-1420
5.10452890396	-1316
5.10461497307	-1368
5.10495781898	-1420
5.10496091843	-1316
5.10505580902	-1368
5.1057407856	-1368
5.10613179207	-1420
5.10613584518	-1316
5.10646390915	-1420
5.10646700859	-1316
5.11007285118	543
5.12572288513	-1420
5.12573289871	-1420
5.12579989433	-1264
5.12596988678	-1420
5.12601089478	-1420
5.12601399422	-1264
5.12612390518	543
5.12672781944	-1368
5.12689590454	-1420
5.1269288063	-1420
5.12693095207	-1264
5.12704086304	-1368
5.12714982033	-1420
5.12717199326	-1420
5.1271739006	-1264
5.12719082832	-1420
5.12719297409	-1316
5.12733387947	-1420
5.12733697891	-1420
5.12737298012	-1264
5.12737488747	-1368
5.12751793861	-1420
5.12752079964	-1420
5.12755680084	-1264
5.12764382362	-1420
5.12768888474	-1420
5.12769198418	-1264
5.12772488594	-1368
5.12780380249	-1420
5.12784099579	-1420
5.12784290314	-1264
5.12787485123	-1368
5.12793183327	-1420
5.1279668808	-1316
5.12809300423	543
5.13394284248	-1420
5.13394880295	-1316
5.13650083542	-1368
5.13670897484	-1420
5.13673996925	-1316
5.13691282272	-1420
5.13693189621	-1316
5.13697385788	-1368
5.13723897934	-1420
5.13724184036	-1316
5.13730096817	-1368
5.13755393028	-1368
5.13765192032	-1420
5.13765382767	-1420
5.13772678375	-1264
5.13772892952	-1420
5.1377658844	-1316
5.1378288269	-1420
5.13786482811	-1420
5.13786697388	-1264
5.13794779778	-1420
5.13795089722	-1316
5.13806891441	-1420
5.13807296753	-1316
5.1381688118	-1420
5.13817191124	-1316
5.1382420063	543
5.13827586174	-1420
5.13827800751	-1420
5.13827896118	-1264
5.13837385178	-1420
5.13837599754	-1316
5.1384408474	543
5.13856387138	-1420
5.1385679245	-1420
5.13856887817	-1264
5.1387219429	-1420
5.13872599602	-1316
5.13886094093	-1368
5.1389439106	-1420
5.13896393776	-1316
5.13930177689	543
5.14047980309	-1420
5.1404838562	-1420
5.1405248642	-1264
5.14068198204	-1368
5.1408059597	-1368
5.14120292664	-1420
5.14122200012	-1316
5.14129185677	-1420
5.14131093025	-1316
5.14149093628	-1368
5.14150881767	-1420
5.14151096344	-1316
5.14158201218	-1420
5.1415848732	-1420
5.14163088799	-1264
5.1417529583	-1420
5.14177083969	-1316
5.14180898666	-1368
5.14196181297	543
5.14499878883	-1420
5.14502286911	-1420
5.14506077766	-1264
5.14506292343	-1368
5.14534687996	-1420
5.1453499794	-1420
5.14538598061	-1264
5.14549779892	-1420
5.14553380013	-1420
5.14553689957	-1264
5.14564681053	-1420
5.14564990997	-1316
5.14577198029	-1368
5.1465139389	-1420
5.14654994011	-1420
5.14655184746	-1264
5.14769697189	-1420
5.14769983292	-1420
5.14772582054	-1264
5.14802789688	-1420
5.14806389809	-1420
5.14806699753	-1264
5.14817690849	-1420
5.14818000793	-1420
5.1482129097	-1264
5.14856982231	-1420
5.14863586426	-1420
5.1486389637	-1264
5.14867186546	-1368
5.14876484871	-1420
5.14876699448	-1316
5.14905691147	-1420
5.14906001091	-1420
5.14906096458	-1264
5.1491048336	-1420
5.14910697937	-1420
5.14910793304	-1264
5.14981794357	543
5.15006780624	543
5.15018200874	543
5.152987957	-1420
5.15299487114	-1316
5.15301990509	-1368
5.15348887444	-1368
5.15389084816	-1420
5.15389490128	-1316
5.15420389175	-1368
5.15433382988	-1420
5.15435194969	-1316
5.15445780754	-1420
5.15449500084	-1420
5.15449690819	-1264
5.1552939415	-1420
5.15529680252	-1420
5.15533185005	-1264
5.15572595596	-1368
5.15647387505	-1368
5.15653395653	-1368
5.15771198273	543
5.15782594681	-1368
5.15791583061	-1420
5.15794587135	-1316
5.15847086906	-1368
5.15860486031	-1420
5.15861082077	-1420
5.15864992142	-1264
5.15870094299	543
5.15947079659	-1368
5.15983295441	-1420
5.15985488892	-1316
5.15991377831	543
5.16026496887	-1420
5.1602678299	-1420
5.16030693054	-1264
5.16080379486	-1420
5.16084480286	-1420
5.16084694862	-1264
5.16095495224	-1420
5.16095781326	-1316
5.16121292114	-1368
5.16153693199	-1420
5.16156291962	-1316
5.16156482697	-1368
5.16188883781	-1420
5.16189193726	-1420
5.16192793846	-1264
5.16230082512	-1420
5.16233778	-1420
5.16233992577	-1264
5.16286277771	-1420
5.16286587715	-1316
5.16299581528	-1420
5.16299891472	-1420
5.16303396225	-1264
5.1630859375	-1368
5.16373801231	-1420
5.16374087334	-1420
5.16377592087	-1264
5.1643178463	-1420
5.16433691978	-1420
5.16433882713	-1264
5.16435480118	-1368
5.16448187828	-1420
5.16449999809	-1316
5.16563081741	543
5.16579198837	543
5.17132377625	-1368
5.17140078545	543
5.17151784897	-1420
5.17151999474	-1316
5.17179393768	-1368
5.23336386681	-176
5.23386478424	543
5.25344491005	-1420
5.2534558773	-1316
5.25382089615	-1420
5.25382590294	-1420
5.25386691093	-1264
5.25431084633	-1368
5.25439977646	-1420
5.25440382957	-1316
5.25481390953	-1420
5.25481891632	-1316
5.25565981865	-1368
5.25566482544	-1420
5.25568389893	-1316
5.25572085381	-1420
5.25573897362	-1316
5.25584793091	543
5.25588989258	-1420
5.25589299202	-1316
5.25749588013	-1420
5.25750184059	-1316
5.25793600082	-1420
5.25794100761	-1316
5.257999897	-1420
5.25800299644	-1316
5.25830888748	-1368
5.2583489418	543
5.25844693184	-1420
5.25844979286	-1316
5.25870084763	-1368
5.25888895988	-1368
5.25893187523	-1368
5.25908088684	-1368
5.25953388214	-1420
5.25953888893	-1316
5.25971579552	-1368
5.25981783867	-1420
5.2598400116	-1316
5.26001286507	-1420
5.26005578041	-1420
5.26005887985	-1264
5.26057291031	-1420
5.2605779171	-1316
5.26066184044	543
5.26096796989	-1420
5.26097083092	-1420
5.2609899044	-1264
5.26116394997	-1420
5.26118588448	-1316
5.26118898392	-1368
5.2614338398	-1368
5.26247787476	-1420
5.26251983643	-1420
5.26252293587	-1264
5.26296591759	-1420
5.26297092438	-1316
5.26303386688	-1368
5.26364779472	-1420
5.26369094849	-1420
5.26369380951	-1264
5.26554584503	-1420
5.26555085182	-1420
5.26557183266	-1264
5.26740479469	-1420
5.26744794846	-1420
5.26745080948	-1264
5.26749587059	-1368
5.26764988899	543
5.26775979996	-1368
5.2678527832	-1420
5.26790189743	-1420
5.26790380478	-1264
5.26798391342	-1420
5.26798582077	-1316
5.26805496216	-1420
5.26805686951	-1316
5.26833987236	-1420
5.26834487915	-1420
5.26839089394	-1264
5.26839280128	-1420
5.26843285561	-1420
5.26843500137	-1264
5.26846790314	-1368
5.26861095428	543
5.26893687248	-1368
5.26903796196	-1420
5.26907896996	-1420
5.26908183098	-1264
5.26916193962	543
5.26935982704	-1368
5.26942491531	-1368
5.26960492134	-1420
5.26960992813	-1316
5.27047896385	-1368
5.27065181732	-1368
5.27162289619	-1368
5.27162885666	-1368
5.27165198326	-1420
5.27165484428	-1420
5.27167081833	-1264
5.2716729641	-1420
5.27168679237	-1316
5.27168989182	-1368
5.27170491219	-1368
5.27178382874	-1368
5.27191901207	-1420
5.27192282677	-1420
5.27196097374	-1264
5.27235579491	-1420
5.27237677574	-1420
5.27237987518	-1264
5.27387285233	-1368
5.27398681641	-1420
5.27400898933	-1316
5.27532696724	-1368
5.27536678314	-1420
5.27537083626	-1420
5.27540588379	-1264
5.27588200569	-1420
5.27592396736	-1420
5.27592682838	-1264
5.28638482094	-1368
5.28654289246	543
5.2875828743	-1420
5.28760385513	-1316
5.28792190552	-1368
5.28793382645	-1420
5.28795289993	-1316
5.28831195831	-1420
5.2883579731	-1420
5.28835988045	-1264
5.28839683533	-1420
5.28839898109	-1420
5.28843283653	-1420
5.2884349823	-1212
5.28848695755	-1420
5.28848981857	-1316
5.28852391243	-1368
5.28865289688	-1420
5.28869199753	-1420
5.28869485855	-1264
5.28872799873	-1420
5.28872990608	-1316
5.28878283501	-1368
5.28878498077	-1420
5.28881883621	-1420
5.28882098198	-1264
5.28892683983	-1368
5.28898978233	543
5.28906083107	-1420
5.28906297684	-1420
5.28907990456	-1264
5.2891099453	-1368
5.28919100761	-1368
5.28929400444	543
5.28932881355	-1420
5.28933095932	-1316
5.28937578201	-1368
5.28951883316	543
5.29284381866	-1368
5.29291987419	-1368
5.29305100441	-1420
5.2930560112	-1420
5.29309487343	-1264
5.29316782951	543
5.29320383072	-1420
5.29320597649	-1316
5.29331994057	543
5.29335379601	-1420
5.29335594177	-1420
5.29335594177	-1264
5.29357886314	-1368
5.29369091988	-1420
5.29369592667	-1316
5.2937939167	-1368
5.2944560051	-1420
5.29448199272	-1316
5.29456591606	-1368
5.29526090622	-1420
5.29526686668	-1316
5.29534578323	-1368
5.29545497894	-1420
5.29547786713	-1316
5.29548001289	-1368
5.29561901093	-1368
5.29612588882	-1420
5.29615998268	-1316
5.29626488686	-1368
5.2963809967	-1420
5.29638385773	-1316
5.29647994041	-1420
5.29648280144	-1316
5.29660201073	-1368
5.29721283913	-1420
5.29723787308	-1316
5.29737186432	-1368
5.29750680923	-1368
5.29766798019	543
5.29772996902	-1368
5.29787278175	-1420
5.29789495468	-1316
5.29843878746	-1420
5.29848194122	-1420
5.29848480225	-1264
5.29858279228	543
5.29894995689	-1420
5.29895281792	-1316
5.29903888702	543
5.29907488823	-1368
5.29914879799	-1368
5.2992208004	543
5.29949498177	-1368
5.29964184761	-1420
5.29968190193	-1420
5.29968380928	-1264
5.29971790314	-1368
5.29979801178	-1420
5.29981899261	-1316
5.29991078377	-1420
5.29992985725	-1316
5.30010986328	-1420
5.30013179779	-1316
5.30024194717	-1420
5.3002808094	-1420
5.30028390884	-1264
5.30209589005	-1420
5.30210185051	-1316
5.30220890045	-1368
5.30226397514	543
5.30244898796	-1368
5.30292797089	-1368
5.30312085152	-1368
5.30397486687	-1368
5.30406999588	-1420
5.30407381058	-1316
5.30429792404	-1420
5.30430293083	-1316
5.3046438694	-1368
5.30464887619	-1368
5.30475592613	-1420
5.30475878716	-1316
5.30526590347	-1368
5.30605792999	-1420
5.30608081818	-1316
5.30623292923	-1368
5.30928492546	-1420
5.30930089951	-1316
5.30966591835	-1420
5.30967187881	-1420
5.30971193314	-1264
5.30978393555	543
5.31007599831	-1420
5.3100810051	-1420
5.310120821	-1264
5.31042194366	-1368
5.31070494652	-1420
5.31070780754	-1420
5.31074500084	-1264
5.31113600731	-1420
5.31115484238	-1316
5.31159877777	-1368
5.31161785126	-1420
5.31161999702	-1316
5.31168699265	-1368
5.31203794479	-1420
5.31205677986	-1316
5.31241583824	543
5.31281089783	-1420
5.31281685829	-1316
5.31294584274	-1420
5.31295084953	-1316
5.31312584877	-1420
5.31313085556	-1420
5.31316781044	-1264
5.31544494629	-1420
5.31547093391	-1316
5.31556081772	-1420
5.31558084488	-1316
5.3156208992	543
5.31567287445	-1420
5.31567597389	-1316
5.31584095955	-1368
5.31603384018	-1420
5.31605792046	-1316
5.31626391411	-1420
5.31628584862	-1316
5.31635093689	-1368
5.31647491455	-1368
5.31661891937	-1420
5.31665992737	-1316
5.31666278839	-1368
5.31676387787	543
5.31687784195	-1368
5.3170030117	-1420
5.31704497337	-1420
5.31704878807	-1264
5.3170838356	-1420
5.31708693504	-1316
5.31713891029	-1420
5.31714081764	-1316
5.31742191315	-1368
5.31758284569	-1368
5.31769490242	-1420
5.31769800186	-1316
5.31782889366	-1420
5.3178319931	-1420
5.31786799431	-1264
5.31799793243	543
5.32038378716	-1420
5.32038998604	-1420
5.32041287422	-1264
5.32041478157	-1368
5.32051682472	-1420
5.32051992416	-1316
5.32061982155	543
5.32076001167	-1420
5.3207628727	-1316
5.32182478905	-1368
5.32286500931	-1420
5.32288980484	-1316
5.32357597351	-1368
5.32491588593	-1420
5.32492184639	-1420
5.32494282722	-1264
5.32519483566	-1420
5.32521891594	-1316
5.32552981377	-1368
5.32566690445	-1420
5.32567095757	-1316
5.32944488525	-1420
5.32945084572	-1420
5.3295109272	-1264
5.32951378822	-1368
5.32962393761	543
5.32987594604	-1420
5.32989001274	-1316
5.32992100716	-1368
5.33040189743	-1420
5.33042478561	-1316
5.33060693741	-1368
5.33106589317	-1420
5.33107089996	-1316
5.33117079735	-1368
5.33120179176	543
5.33176183701	-1420
5.3317668438	-1420
5.33180785179	-1264
5.3330488205	-1420
5.33307480812	-1420
5.33307695389	-1264
5.33323788643	-1420
5.33324289322	-1316
5.33353495598	-1368
5.33372783661	-1420
5.33377099037	-1420
5.33377385139	-1264
5.33423089981	-1420
5.3342359066	-1420
5.33427596092	-1264
5.33436179161	-1368
5.33437895775	543
5.33462190628	-1420
5.33464479446	-1316
5.3347659111	-1420
5.33478784561	-1420
5.33478999138	-1264
5.33499479294	-1420
5.33499884605	-1316
5.33501791954	-1368
5.33760499954	-1368
5.3562579155	543
5.3625729084	-966
5.36265897751	543
5.36641597748	543
5.36975479126	543
5.44312381744	-1420
5.44314193726	-1316
5.44514894485	-1420
5.44515490532	-1420
5.44522285461	-1264
5.44522500038	-1420
5.4452688694	-1316
5.44539999962	543
5.44589090347	-1368
5.4466509819	-1420
5.44668292999	-1316
5.44816589355	-1368
5.44819188118	-1420
5.44819498062	-1316
5.4490737915	-1368
5.45042085648	-1420
5.45046186447	-1316
5.45055389404	-1368
5.451846838	-1420
5.45185279846	-1420
5.45189499855	-1264
5.46957278252	-1368
5.46985387802	-1420
5.46985983849	-1316
5.47025990486	-1420
5.47026586533	-1420
5.47030591965	-1264
5.47104382515	-1420
5.47107887268	-1316
5.47108197212	-1368
5.47484397888	543
5.47532200813	543
5.47880887985	-1420
5.47881484032	-1316
5.48332381248	-1420
5.48333001137	-1420
5.48338198662	-1264
5.48338484764	-1420
5.48341989517	-1420
5.48342180252	-1264
5.48512887955	-1420
5.48513579369	-1420
5.48518800735	-1264
5.48785090446	-1420
5.48789286613	-1420
5.48789596558	-1264
5.48800396919	1057
5.49179697037	-157
5.49665880203	-1420
5.49670791626	-1316
5.49708485603	-1368
5.49710988998	-1420
5.49711179733	-1316
5.49726581573	-1368
5.49737787247	-1420
5.49745988846	-1420
5.4974629879	-1264
5.49750685692	-1420
5.49750995636	-1316
5.50103592873	-1420
5.50104379654	-1420
5.50108885765	-1264
5.50855278969	-1420
5.5086119175	-1420
5.50861477852	-1264
5.50901293755	-543
5.51069092751	-1420
5.51069688797	-1316
5.51104998589	-1420
5.51105380058	-1420
5.51109290123	-1264
5.5116288662	-1420
5.51166987419	-1420
5.51167297363	-1264
5.51630091667	543
5.51868796349	-1420
5.51869392395	-1420
5.51873779297	-1264
5.51931190491	-1420
5.51935482025	-1420
5.51935791969	-1264
5.52708697319	-1368
5.54616498947	-1420
5.54621601105	-1316
5.54621887207	-1368
5.54624581337	-1420
5.54624795914	-1316
5.54626393318	-1420
5.54626584053	-1316
5.54648780823	-1368
5.54657697678	-1368
5.54681897163	-1368
5.54696178436	-1420
5.54700899124	-1420
5.54701185226	-1420
5.54706597328	-1212
5.54706788063	-1420
5.54710197449	-1420
5.54710388184	-1420
5.54713892937	-1212
5.54741477966	-1420
5.54743385315	-1420
5.54743599892	-1264
5.54754781723	-1420
5.547549963	-1420
5.54758501053	-1264
5.55177688599	543
5.55181694031	-1368
5.55201983452	-1420
5.55205988884	-1420
5.55206179619	-1264
5.55215191841	543
5.55831480026	-1368
5.56630992889	-1368
5.57672286034	-1368
5.59679985046	543
5.59708380699	543
5.62100887299	-1017
5.62600398064	543
5.6533138752	-543
5.65920901299	-1420
5.65923786163	-1316
5.65927481651	-1420
5.65927791595	-1420
5.65929484367	-1264
5.65943098068	-1420
5.659460783	-1316
5.65946388245	-1420
5.65948081017	-1316
5.65960478783	-1420
5.65965199471	-1316
5.65979886055	543
5.65996789932	543
5.66731286049	-1420
5.66731786728	-1420
5.66736197472	-1264
5.66938591003	-1420
5.66942882538	-1316
5.66963601112	-1368
5.75069284439	-1308
5.80566000938	-1420
5.80566978455	-1420
5.80571699142	-1264
5.81774187088	543
5.87932300568	543
5.87982392311	-638
5.88190698624	543
5.88698196411	543
5.8872449398	543
5.89462089539	543
5.91636490822	543
6.04357790947	-543
6.04394698143	-1420
6.04399085045	-1316
6.05137085915	-1420
6.05142998695	-1420
6.05143380165	-1264
6.05686998367	-1420
6.05688500404	-1420
6.05700492859	-1264
6.05700683594	-1420
6.05705094337	-1420
6.0570538044	-1264
6.05708885193	-1368
6.0570909977	-1420
6.05712389946	-1316
6.0571269989	-1420
6.05716586113	-1316
6.05733799934	-1420
6.05739593506	-1316
6.05740785599	-1368
6.05934381485	-1368
6.06420683861	543
6.09023284912	-1420
6.09024882317	-1420
6.09030294418	-1420
6.09030580521	-1212
6.09122490883	-1420
6.09122800827	-1420
6.09126496315	-1264
6.09296298027	-1420
6.09300088882	-1420
6.09300279617	-1264
6.09536194801	-1420
6.09536600113	-1420
6.09540200233	-1264
6.09565997124	543
6.0957839489	543
6.0964717865	-1368
6.09696388245	-1420
6.0969979763	-1316
6.09713292122	-1420
6.09717297554	-1420
6.09717488289	-1264
6.09742879868	-1368
6.09767484665	-1368
6.09803700447	-1420
6.09804201126	-1316
6.0980618	-1368
6.09820199013	-1420
6.09822297096	-1316
6.09837198257	-1420
6.09839296341	-1316
6.0984609127	-1368
6.09856390953	-1420
6.09856796265	-1316
6.09858584404	-1368
6.09875178337	-1368
6.09885883331	-1368
6.09912586212	-1420
6.09914779663	-1420
6.09915089607	-1264
6.09916591644	-1368
6.0992000103	543
6.09923386574	-1368
6.09939289093	-1420
6.09941387177	-1420
6.09941577911	-1264
6.09953093529	-1368
6.09968400002	-1420
6.0997068882	-1316
6.09998893738	-1420
6.10000991821	-1420
6.10001277924	-1264
6.1000289917	-1368
6.10011100769	-1368
6.10017299652	1057
6.10020780563	-1368
6.10030698776	-1368
6.10049295425	-1420
6.10049700737	-1316
6.10061192513	-1420
6.10061478615	-1420
6.10063886642	-1264
6.10064196587	-1368
6.10080885887	-1368
6.10090279579	-1368
6.10115695	-1368
6.10185885429	-1420
6.10188579559	-1316
6.10196495056	-1368
6.10218882561	-1420
6.10219287872	-1316
6.10244894028	-1368
6.1024518013	-1420
6.10246801376	-1316
6.10257387161	-1420
6.10261392593	-1420
6.10261583328	-1264
6.10268878937	-1368
6.10278201103	-1368
6.10342788696	-1420
6.10343194008	-1420
6.1034758091	-1264
6.10347795486	-1368
6.10357689857	-1368
6.10369491577	-1368
6.10402178764	-1420
6.10402488708	-1420
6.10402679443	-1264
6.10422086716	-1420
6.1042239666	-1316
6.10451889038	-1420
6.10452198982	-1420
6.10452389717	-1264
6.10484886169	-1420
6.10485196114	-1316
6.10498189926	-1420
6.1049849987	-1420
6.10498595238	-1264
6.10588788986	-1368
6.10611701012	543
6.10642981529	543
6.10654783249	543
6.11313581467	-1420
6.11314082146	-1420
6.11318278313	-1264
6.1731607914	-373
6.20242381096	-1420
6.20244884491	-1316
6.22037386894	-1368
6.22057080269	-1368
6.29134893417	-1368
6.2944188118	543
6.3022480011	-559
6.44126200676	-543
6.47082781792	-543
6.49102187157	543
6.50060892105	543
6.51627087593	543
6.66014289856	-543
6.71991491318	543
6.7385699749	543
6.82987093925	-543
6.85697579384	-1368
6.8863298893	543
6.90247797966	543
6.9030148983	543
6.90321397781	1057
6.92404580116	543
6.93555593491	1057
6.95945596695	-232
7.02662777901	543
7.02685499191	1057
7.02826786041	-1368
7.05763888359	-1368
7.0579199791	-1368
7.05817699432	-1420
7.05822491646	-1420
7.05822777748	-1420
7.05826091766	-1212
7.06523084641	-1420
7.06527686119	-1420
7.06528091431	-1264
7.08509778976	-1368
7.08857083321	-691
7.1091439724	-1368
7.196641922	543
7.19690179825	1057
7.21778178215	-1347
7.22614598274	1460
7.22619986534	111
7.26128697395	543
7.26153492928	1057
7.27234792709	543
7.27260780334	543
7.31126284599	-1368
7.34733200073	-1289
7.36622881889	543
7.36633086205	543
7.41007590294	543
7.47424292564	-1368
7.47456097603	-1420
7.47460389137	-1316
7.47651100159	-1152
7.47670984268	543
7.51091194153	-1368
7.51935482025	-1368
7.56863093376	543
7.60577082634	-1036
7.60637879372	1057
7.60683178902	1057
7.63991999626	-1420
7.63993597031	-1420
7.63999390602	-1420
7.63999700546	-1420
7.64002990723	-1160
7.64753389359	-1420
7.64760184288	-1420
7.647605896	-1264
7.64775395393	543
7.65298485756	-1368
7.65347981453	-1420
7.65354585648	-1420
7.65354990959	-1420
7.65358996391	-1420
7.65359187126	-1420
7.65362596512	-1108
7.65367484093	-1368
7.65391778946	-1420
7.65392184258	-1420
7.65396094322	-1264
7.6557199955	-1368
7.65945577621	-1368
7.65955996513	-1420
7.65960597992	-1316
7.66407394409	-1368
7.66706180573	-1420
7.66706895828	-1420
7.66712093353	-1420
7.66713190079	-1212
7.66716790199	-1420
7.66717100143	-1316
7.66727495193	543
7.66741991043	-1420
7.66742491722	-1420
7.6674618721	-1264
7.66953992844	-1420
7.66956591606	-1316
7.66957783699	-1368
7.66969180107	-1420
7.66969490051	-1420
7.66973090172	-1264
7.66978287697	-1368
7.67163896561	543
7.7352077961	-634
7.84161496162	-1368
7.84540700912	-543
7.86438298225	-261
7.87417078018	-1420
7.87421488762	-1316
7.91938281059	-1368
7.95006489754	1057
7.95042395592	543
7.95068192482	1057
7.99313998222	-95
8.1590719223	-1420
8.15909790993	-1420
8.15913796425	-1264
8.16255784035	-95
8.20732688904	543
8.2919819355	-543
8.2987408638	543
8.42104887962	-1086
8.5503180027	-1086
8.55428600311	543
8.68398499489	-543
8.85309791565	-1086
8.88671994209	1057
9.04999899864	-543
9.09251499176	-1368
9.21890878677	-746
9.23631978035	1057
9.36620497704	543
9.39556097984	-543
9.4267988205	-1368
9.55605697632	-746
9.81555294991	-543
9.94492387772	-543
10.351777792	543
10.40949893	543
10.4100539684	1057
11.4092948437	543
13.2498748302	-543
13.3517208099	543
