0	543
0.000119209289551	543
1.59401202202	-543
2.54572200775	-543
3.6646001339	543
3.69122314453	543
3.97791004181	-543
4.10367512703	-543
4.12039399147	1057
4.48665618896	-543
4.58565115929	-1420
4.58573102951	-1316
4.59416007996	-1368
4.59526515007	-1368
4.63342499733	-841
4.6357011795	543
4.63647913933	543
4.99008512497	-543
5.17996811867	-1420
5.18004798889	-1420
5.18009209633	-1264
5.1846601963	-1420
5.18470406532	-1316
5.18585300446	-1368
5.1989030838	-190
5.20301914215	-1420
5.20313620567	-1316
5.22578215599	1057
5.22929120064	1057
5.281427145	-1368
5.2842040062	-1368
5.32677602768	-1420
5.32679319382	-1420
5.32684898376	-1420
5.32685303688	-1420
5.32688999176	-1420
5.3268930912	-1108
5.32710909843	543
5.33146619797	-1420
5.33147215843	-1420
5.33151507378	-1420
5.33151721954	-1212
5.33256006241	-1420
5.3325650692	-1316
5.33980703354	1057
5.34552311897	-1420
5.34553098679	-1316
5.345662117	543
5.34970617294	-1420
5.34971213341	-1420
5.34976506233	-1264
5.34989500046	-1368
5.43113207817	-1420
5.43115019798	-1420
5.43121099472	-1420
5.43121504784	-61
5.60632705688	-543
5.68139910698	-1420
5.6814160347	-1420
5.68148303032	-1264
5.68206501007	-1368
5.69768810272	-1420
5.69770407677	-1316
5.69974899292	543
5.71031713486	-1368
5.72435307503	-1368
5.79296302795	-111
5.79488420486	543
5.79520916939	1460
5.79525709152	1139
5.87392616272	-1368
5.87559008598	-1420
5.8756480217	-1316
5.94243717194	-124
5.97046303749	-1368
5.99995708466	543
6.00012016296	543
6.00025701523	543
6.11698102951	-261
6.11894607544	543
6.25908517838	-1368
6.26333403587	-1420
6.26339101791	-1316
6.26593017578	-1152
6.26905798912	-1420
6.26906299591	-1316
6.27385306358	-1420
6.27386808395	-1316
6.27392220497	-1368
6.28135919571	-1368
6.28481912613	-1368
6.28838515282	-1420
6.28843903542	-1420
6.28844213486	-1264
6.29716920853	-1420
6.2971830368	-1420
6.2972381115	-1264
6.29989600182	-1368
6.30020809174	543
6.34476017952	-1368
6.34490799904	543
6.36231708527	-1420
6.36233210564	-1420
6.36238908768	-1264
6.36490821838	-1420
6.36495113373	-1316
6.3701441288	-1420
6.37023806572	-1316
6.37342214584	-1420
6.37349009514	-1420
6.37349510193	-1264
6.37837815285	-1420
6.37838506699	-1420
6.37842798233	-1264
6.38790416718	-1420
6.38797020912	-1316
6.39267015457	-1420
6.39273118973	-1316
6.39273405075	-1368
6.39285421371	543
6.39623117447	-1420
6.39623618126	-1316
6.39953303337	-1420
6.39953804016	-1316
6.40250205994	-1368
6.40630698204	-1420
6.40635204315	-1316
6.4098880291	-1420
6.4099240303	-1316
6.41397309303	-1420
6.41401314735	-1420
6.41402506828	-1264
6.41554808617	-331
6.41916704178	-1420
6.41924118996	-1316
6.41924405098	-1368
6.42921900749	-1420
6.42923116684	-1420
6.42928504944	-1264
6.43316817284	-1420
6.4332151413	-1316
6.43330311775	-1368
6.43340015411	1057
6.4432220459	-1368
6.44668507576	-1368
6.45013999939	-1368
6.45406913757	-1368
6.45809912682	-1420
6.45811319351	-1420
6.45819306374	-1264
6.46180510521	-1420
6.46184921265	-1316
6.46498203278	-1368
6.46667504311	-1420
6.4666800499	-1316
6.47022914886	-1420
6.470236063	-1420
6.47028112411	-1264
6.47524809837	-1420
6.47529816628	-1420
6.4753010273	-1264
6.47542715073	543
6.48481011391	-1368
6.4849960804	-1368
6.50907111168	-1420
6.5090970993	-1316
6.51162099838	-1420
6.51164221764	-1420
6.51169300079	-1264
6.51169514656	-1368
6.5169479847	-1420
6.51696419716	-1316
6.52002620697	-1420
6.52003407478	-1316
6.52509713173	-1420
6.52510309219	-1420
6.52514815331	-1264
6.52528309822	-1368
6.53462719917	-1420
6.53464317322	-1316
6.53481316566	1057
6.53961420059	-1420
6.53962802887	-1316
6.54306507111	-1420
6.54307603836	-1316
6.54618120193	-1420
6.54618906975	-1316
6.55304718018	-1420
6.55305409431	-1420
6.55311107635	-1420
6.5531141758	-1212
6.55667114258	-1420
6.55667710304	-1316
6.56065320969	-1368
6.56086015701	-1368
6.56579017639	-1420
6.56579709053	-1316
6.56582307816	-1420
6.5658261776	-1316
6.57323908806	543
6.57587313652	-1420
6.57588005066	-1420
6.57592201233	-1420
6.5759241581	-724
6.65149307251	1460
6.65160107613	1460
6.65164113045	193
6.65240216255	1057
6.65287804604	1057
6.6533780098	1057
6.65376400948	1057
6.66043806076	1057
6.75735902786	-543
6.80125498772	1057
6.8104929924	1057
6.92526221275	-543
6.93083810806	1057
6.98031616211	-543
6.99292302132	-1368
7.00543403625	-1368
7.0058350563	543
7.0060710907	-1420
7.00607514381	-1316
7.00724101067	-1368
7.01859402657	-1420
7.01864218712	-1316
7.01931905746	-1420
7.01936221123	-1316
7.02120018005	-1368
7.02294015884	-1368
7.02318620682	-1420
7.02322912216	-1316
7.02992010117	-1420
7.03001618385	-1316
7.03001999855	-1368
7.03304600716	-1420
7.03305506706	-1316
7.03423404694	-1368
7.03555512428	-1368
7.03572320938	-1368
7.03582501411	543
7.03597211838	543
7.03636908531	-1420
7.0363740921	-1316
7.03661608696	-1368
7.03681516647	-1420
7.03684616089	-1316
7.03703117371	-1368
7.04169821739	543
7.05070018768	543
7.05086708069	-1420
7.05087018013	-1316
7.05148601532	1460
7.05154514313	1460
7.05158209801	193
7.05180716515	1460
7.05186510086	625
7.05211019516	1460
7.05217719078	1460
7.05221319199	193
7.09634208679	543
7.13959217072	-1420
7.13959908485	-1316
7.13964509964	-1420
7.13964700699	-1316
7.14165711403	543
7.14250707626	1460
7.14255619049	1460
7.1425921917	193
7.15321302414	-1420
7.1532189846	-1420
7.15326309204	-1264
7.15346908569	-1420
7.15352106094	-1420
7.15352320671	-1264
7.15579605103	543
7.15601921082	1460
7.15606498718	1460
7.15610599518	193
7.1652071476	-1420
7.16521310806	-1420
7.16525816917	-422
7.16877198219	1057
7.18701410294	1057
7.19204902649	-543
7.19238519669	1057
7.20514202118	-1420
7.20514917374	-1420
7.20520710945	-1264
7.29427909851	-1368
7.29645419121	543
7.29726815224	1460
7.29731702805	1460
7.29735398293	193
7.3070230484	-1420
7.30702900887	-1316
7.31046700478	-1368
7.31170201302	-364
7.31659317017	1057
7.31892204285	1460
7.31898903847	111
7.32838511467	-1420
7.32839512825	-1316
7.32854700089	-1368
7.34439301491	-1420
7.34442901611	-1316
7.35193514824	543
7.35837817192	-1420
7.35838317871	-1316
7.35854816437	-1368
7.44280600548	-1368
7.44298911095	543
7.44500613213	543
7.44582414627	543
7.45851802826	-828
7.45888614655	-1420
7.45892810822	-1316
7.46243214607	-1368
7.47605705261	-1368
7.48120117188	-1420
7.48124408722	-1316
7.48421311378	-1368
7.49094605446	-1420
7.49095416069	-1420
7.49100112915	-1264
7.49626302719	-1368
7.5007212162	543
7.5013551712	543
7.50202012062	-1420
7.50202417374	-1420
7.50206613541	-1264
7.50428199768	543
7.50904107094	-1420
7.50904607773	-1316
7.5177590847	-1420
7.51777410507	-1420
7.51783108711	-1264
7.52094507217	-1368
7.52108001709	-1368
7.52414512634	-1368
7.52692317963	-1420
7.52692699432	-1316
7.52717399597	543
7.52742004395	543
7.52779912949	1057
7.53040099144	-1420
7.530408144	-1316
7.53048300743	-1368
7.53313207626	-1368
7.54267811775	-1368
7.55574011803	-1368
7.56210517883	-1420
7.56211614609	-1316
7.5665230751	-1420
7.56652903557	-1420
7.56657409668	-1264
7.57169103622	-1420
7.57173800468	-1420
7.57174110413	-1264
7.57239317894	1460
7.57244515419	111
7.58248400688	-1368
7.58260011673	543
7.58729600906	-1368
7.60053300858	-1420
7.6005961895	-1420
7.6006000042	-1264
7.605697155	-1420
7.60570120811	-1420
7.60574007034	-1420
7.60574316978	-154
7.60990309715	543
7.61007618904	-1420
7.61008119583	-1316
7.61466598511	-1368
7.6183412075	-1420
7.6184091568	-1316
7.62313103676	-1368
7.63130021095	543
7.63440704346	-1420
7.63441109657	-1420
7.63445401192	-1264
7.64185404778	-1420
7.64190506935	-1316
7.64199900627	-1368
7.64844417572	-1368
7.65076518059	543
7.65223312378	-1420
7.65223908424	-1316
7.6523771286	-1368
7.65651011467	-1420
7.65654611588	-1316
7.66177916527	-1368
7.66182518005	-1368
7.66206812859	-1368
7.67029905319	-1420
7.67032217979	-1420
7.67038011551	-1264
7.67252898216	-1420
7.67259120941	-1316
7.67394113541	543
7.67551612854	-1420
7.675522089	-1420
7.67556619644	-1264
7.67600011826	543
7.68157100677	-1420
7.68158721924	-1420
7.68163204193	-1264
7.68179702759	543
7.6838350296	1057
7.68802309036	-1420
7.68802809715	-1420
7.6880710125	-1264
7.69510817528	-1420
7.69517111778	-1420
7.69517421722	-1264
7.69818401337	-1420
7.69819021225	-1420
7.69824504852	-1264
7.70858716965	-1420
7.70863318443	-1316
7.70863699913	-1368
7.7122900486	-1420
7.71229410172	-1316
7.71252202988	543
7.71924304962	-1420
7.71925115585	-1316
7.71929907799	-1368
7.72676110268	-1420
7.72683310509	-1316
7.72684502602	-1368
7.7318379879	-1368
7.73635315895	-1420
7.73639702797	-1316
7.73796319962	543
7.74722909927	-1420
7.74723815918	-1316
7.7505800724	-1420
7.75058412552	-1316
7.75220918655	-60
7.76225399971	543
7.76449513435	-1420
7.76450014114	-1316
7.76473212242	-1368
7.7690410614	-1368
7.77675199509	-1420
7.77676010132	-1420
7.77681016922	-1264
7.7875289917	-1368
7.79229712486	-1420
7.7923181057	-1420
7.79235005379	-1264
7.79273200035	543
7.7929019928	543
7.80416512489	543
7.80446910858	543
7.8103120327	-1420
7.81031918526	-1316
7.81797409058	-1368
7.8292131424	-1420
7.82927513123	-1420
7.82927799225	-1264
7.84013199806	-1368
7.84495806694	-1420
7.84501099586	-1420
7.84501409531	-1264
7.85115814209	-1420
7.85116410255	-1316
7.85130810738	543
7.85669612885	-1420
7.85670304298	-1420
7.85674905777	-1264
7.8625190258	-1368
7.86297106743	1460
7.86302304268	111
7.86695599556	-1420
7.86696100235	-1316
7.8706240654	-1420
7.87062716484	-1316
7.8757481575	-1368
7.88018012047	543
7.88040304184	-1420
7.88041615486	-1420
7.88045716286	-1264
7.88511800766	-1420
7.88515210152	-1316
7.89207005501	-1368
7.89705204964	-1420
7.89705705643	-1316
7.90338611603	-1368
7.90348911285	543
7.9093940258	-692
7.91051411629	-1420
7.91056203842	-1316
7.91833019257	-1368
7.92381811142	-1420
7.92383408546	-1316
7.92829012871	-1420
7.9282951355	-1420
7.92833518982	-1264
7.93239998817	-1420
7.93245315552	-1316
7.93246507645	-1368
7.93918704987	543
7.94443106651	-1368
7.94849300385	-1420
7.94854021072	-1316
7.9559700489	-1420
7.95604014397	-1420
7.95604300499	-1264
7.96011400223	-1420
7.96012401581	-1420
7.96015906334	-1264
7.96890306473	-1368
7.97131609917	-1420
7.97133016586	-1316
7.97831916809	-1420
7.97833514214	-1316
7.98261809349	1460
7.98268508911	111
7.98990821838	-1420
7.98991417885	-1316
7.99000310898	-1368
7.99770021439	-1420
7.99775218964	-1420
7.99775505066	-1264
8.00244498253	-1420
8.00245714188	-1316
8.00264811516	-1368
8.00953698158	-1420
8.00957608223	-1316
8.00957918167	-1368
8.01284003258	-1368
8.01528716087	-1368
8.01571917534	1460
8.01577115059	111
8.01776409149	-1420
8.01776909828	-1316
8.02105116844	-1420
8.02105498314	-1420
8.02109718323	-1264
8.02320504189	543
8.02706098557	-1420
8.02707314491	-1316
8.02713012695	-1368
8.02727103233	543
8.0309150219	-1420
8.03092002869	-1316
8.03293919563	-1368
8.03459620476	-1420
8.03464508057	-1316
8.03464818001	-1368
8.03623318672	-1420
8.03623819351	-1316
8.03867316246	-1368
8.04429316521	-1420
8.04434800148	-1420
8.04435110092	-1264
8.0482840538	-1420
8.04828810692	-1316
8.04848909378	543
8.04889702797	1057
8.05486607552	-1368
8.05728411674	-1420
8.05732512474	-1420
8.05732798576	-457
8.06868600845	1057
8.07044506073	-1420
8.07044911385	-1316
8.07498621941	-1420
8.07499313354	-1420
8.07503604889	-1264
8.07503819466	-1368
8.07912921906	-1420
8.07913303375	-1316
8.07939505577	543
8.09119606018	-1420
8.09121918678	-1316
8.09515714645	-1420
8.09516215324	-1316
8.10268306732	-1420
8.10269713402	-1316
8.10716700554	-1420
8.10718512535	-1316
8.110060215	543
8.11149907112	-1368
8.11799001694	543
8.11864304543	-1420
8.11864900589	-1316
8.11875319481	543
8.12070918083	1460
8.12076306343	625
8.12363314629	-1420
8.12363910675	-1316
8.12390017509	543
8.12936401367	-1420
8.12937021255	-1316
8.12948513031	543
8.12981414795	543
8.13767719269	-1368
8.15013599396	-1420
8.15020704269	-1420
8.15021109581	-1264
8.15038919449	543
8.15795898438	-1420
8.1579720974	-1420
8.15804600716	-1264
8.16472601891	-1420
8.16477608681	-1316
8.17397499084	-1368
8.1874730587	-1420
8.18748903275	-1420
8.18754601479	-1264
8.19350409508	-1368
8.20412015915	-1024
8.20909309387	-1420
8.20918798447	-1316
8.21256899834	-1420
8.21261811256	-1420
8.21262717247	-1264
8.22598600388	-1420
8.22600317001	-1316
8.22605109215	-1368
8.23809218407	-1420
8.23817610741	-1316
8.23833703995	543
8.24987316132	543
8.24993801117	-1420
8.24994111061	-1420
8.24994206429	-1264
8.25491118431	-1368
8.26067614555	-1368
8.26612710953	-1420
8.26618218422	-1420
8.26618599892	-1264
8.27104902267	-1420
8.27106308937	-1420
8.27111911774	-1264
8.28149318695	-1420
8.28154110909	-1316
8.2815451622	-1368
8.28174114227	543
8.29025912285	-1420
8.29027414322	-1420
8.29034900665	-1264
8.30187606812	-1368
8.3020761013	543
8.31185817719	-1420
8.31186318398	-1316
8.31188607216	-1368
8.31820821762	-1420
8.31826806068	-1316
8.32213902473	-1368
8.32631206512	-1420
8.32632613182	-1316
8.32844805717	-1368
8.33519601822	-1420
8.33528518677	-1420
8.33529019356	-1264
8.3408100605	-1420
8.34082508087	-1420
8.34089899063	-1264
8.35110712051	-1420
8.3511531353	-1420
8.35115814209	-1264
8.35554409027	-650
8.35990619659	543
8.3611831665	-1420
8.36118912697	-1316
8.36131620407	-1368
8.36496019363	1460
8.36503505707	111
8.37215900421	-1420
8.37217020988	-1316
8.37234401703	-1368
8.3797659874	-1420
8.37986111641	-1420
8.3798661232	-1264
8.38407802582	-1420
8.38409304619	-1316
8.39311408997	-1420
8.39312410355	-1316
8.39315104485	-1368
8.39329600334	543
8.39799213409	-1420
8.39799809456	-1316
8.40229606628	-1420
8.40230107307	-1316
8.40251111984	-1368
8.40576314926	-1368
8.40579509735	-1368
8.40673112869	1460
8.40680098534	111
8.41159820557	-1420
8.41160511971	-1316
8.41171908379	-1368
8.41212511063	543
8.41238999367	543
8.41606211662	-1368
8.4161260128	-1368
8.42231106758	-1368
8.42241311073	543
8.43024516106	-1420
8.43025398254	-1316
8.43028211594	-1368
8.43443417549	-1420
8.43446207047	-1316
8.43446516991	-1368
8.44280004501	-1420
8.4428050518	-1316
8.44739103317	-1420
8.44739508629	-1316
8.45056319237	-1420
8.45056915283	-1316
8.45604515076	-1420
8.45605015755	-1316
8.48465919495	-1420
8.48467516899	-1420
8.48473215103	-1264
8.49419212341	-1368
8.49961018562	543
8.50258421898	-1420
8.50259900093	-1316
8.50713515282	-1420
8.50714206696	-1420
8.50716710091	-1234
8.5072491169	543
8.50828099251	1057
8.50847506523	543
8.51879620552	-1420
8.5188100338	-1420
8.51886606216	-1264
8.51900601387	543
8.52304911613	-1420
8.5230550766	-1316
8.52845001221	-1420
8.52845811844	-1420
8.52850317955	-1264
8.5287501812	1057
8.53514099121	-1420
8.53515505791	-1316
8.53519701958	-1368
8.54386210442	-1420
8.54391217232	-1316
8.54401803017	-1368
8.55494999886	-1368
8.55980420113	-1420
8.55985116959	-1316
8.55999398232	543
8.56438207626	-1420
8.56438803673	-1316
8.56444001198	-1368
8.57370114326	-1420
8.57375121117	-1316
8.57393407822	-1368
8.58091616631	-1420
8.58092308044	-1420
8.58097600937	-1264
8.58146309853	543
8.58738398552	-1368
8.59105420113	-1420
8.59110307693	-1316
8.59460520744	-1420
8.59464621544	-1316
8.59465098381	-1368
8.59863805771	-1368
8.60966205597	-1420
8.6097240448	-1420
8.60972905159	-1264
8.62210416794	-1420
8.62212014198	-1420
8.6221780777	-1264
8.62427401543	543
8.63267207146	-1368
8.63793706894	-1420
8.63799214363	-1316
8.64669513702	-1420
8.64676213264	-1420
8.64676713943	-1264
8.65234708786	-1420
8.65236020088	-1316
8.65241098404	-1368
8.6538670063	-347
8.6662530899	-1420
8.66627407074	-1316
8.66633415222	-1368
8.68216705322	-1420
8.68223619461	-1420
8.68223905563	-1264
8.68619799614	-1420
8.68620300293	-1420
8.68624305725	-1264
8.6967151165	-1420
8.69679903984	-1316
8.69680404663	-1368
8.70659017563	-1420
8.70660614967	-1316
8.70665001869	-1368
8.71538615227	-1368
8.71830201149	-1420
8.71832203865	-1316
8.71848106384	543
8.72206401825	-1368
8.72208118439	-1368
8.72213220596	-1368
8.72646808624	543
8.72741317749	-1368
8.73052406311	-1420
8.73058199883	-1316
8.73401999474	-1368
8.73499321938	543
8.73757100105	-1368
8.74083518982	-1420
8.74088311195	-1316
8.74096512794	543
8.74130415916	543
8.74396419525	-1368
8.74859213829	-1368
8.74874520302	-1368
8.7512550354	-1420
8.75130701065	-1316
8.75131011009	-1368
8.75149703026	543
8.75216007233	1057
8.75677704811	-1420
8.75678300858	-1316
8.75682020187	-1368
8.76119709015	-1420
8.76125907898	-1316
8.7612631321	-1368
8.76203918457	1057
8.76260900497	1057
8.76427006721	-1420
8.76428508759	-1316
8.76811408997	-1368
8.76870799065	1057
8.77047109604	-1420
8.7704770565	-1316
8.77472805977	-1368
8.77546620369	1057
8.77822709084	-1420
8.7782330513	-1316
8.78070306778	-1368
8.78376221657	1057
8.78848099709	-1420
8.78848814964	-1420
8.78853607178	-1264
8.79198718071	-1420
8.7920320034	-1316
8.80059814453	-1159
8.81153106689	-1420
8.81154513359	-1420
8.81160116196	-1264
8.82463908195	-1420
8.82473111153	-1316
8.82473516464	-1368
8.8382370472	1460
8.8383500576	111
8.83989906311	-1368
8.84324121475	543
8.84465003014	-1420
8.8446559906	-1316
8.85684704781	-1420
8.85686421394	-1420
8.85692715645	-1264
8.85707116127	1057
8.86241817474	-1420
8.86243104935	-1316
8.86759018898	-1420
8.86761307716	-1316
8.8676700592	-1368
8.87643814087	-1420
8.87650418282	-1420
8.87650918961	-1264
8.88187599182	-1420
8.8818821907	-1316
8.88337898254	543
8.88475108147	-1420
8.88475704193	-1420
8.88480019569	-1264
8.89512515068	-1420
8.89519906044	-1316
8.89520215988	-1368
8.90642404556	-1420
8.90643405914	-1316
8.90647411346	-1368
8.91105008125	-1368
8.92030215263	-1420
8.92031407356	-1420
8.92036819458	-1264
8.92277598381	-1420
8.92281103134	-1316
8.92530703545	-1368
8.92771720886	-1420
8.92772316933	-1316
8.93085718155	-1368
8.93094205856	543
8.93457198143	-1420
8.93457698822	-1316
8.93494200706	543
8.93862104416	-1368
8.949696064	-1420
8.94975805283	-1420
8.94976210594	-1264
8.95815706253	-1420
8.95817303658	-1420
8.95823812485	-1420
8.95824098587	-278
8.95843720436	543
8.96240520477	-1420
8.96241116524	-1316
8.96800208092	-1368
8.96819114685	543
8.97170805931	-1420
8.97172498703	-1316
8.97593307495	-1368
8.99023318291	1057
8.99717020988	-1420
8.99717617035	-1420
8.99722218513	-1264
8.99740004539	543
9.00400710106	-1420
9.00404405594	-1316
9.00404715538	-1368
9.01835513115	-1420
9.01837015152	-1420
9.01842403412	-1264
9.02986717224	-1420
9.02993321419	-1420
9.02993702888	-1264
9.03859114647	-1368
9.04336714745	-1420
9.04343008995	-1316
9.04636311531	-1420
9.04642701149	-1316
9.04643106461	-1368
9.05301809311	-1420
9.05303812027	-1420
9.0530769825	-1264
9.05905818939	-1420
9.05911016464	-1420
9.05911421776	-1264
9.06628799438	-1368
9.06638407707	543
9.07034111023	-1420
9.07034611702	-1316
9.07300806046	-1368
9.07890319824	-1368
9.08637309074	-1420
9.08638811111	-1420
9.08644413948	-1264
9.08659005165	543
9.08700299263	1057
9.09166717529	-1420
9.09167408943	-1316
9.09760403633	-1368
9.10163903236	-1420
9.10168099403	-1316
9.10491108894	-584
9.10817408562	-1420
9.10818219185	-1316
9.11531400681	-1420
9.11532521248	-1316
9.11725521088	-1368
9.12632107735	-1420
9.12638711929	-1316
9.12689709663	-1368
9.13633799553	-1420
9.13635611534	-1420
9.13641119003	-1264
9.1421661377	-1368
9.14544701576	-1420
9.14546918869	-1316
9.15082502365	-1420
9.1508409977	-1420
9.15089821815	-1264
9.16195201874	-1420
9.16201901436	-1420
9.16202402115	-1264
9.16218709946	543
9.17156219482	-1420
9.17157006264	-1316
9.17164421082	-1368
9.18224000931	-1368
9.18740105629	-1420
9.18740606308	-1316
9.18749713898	-1368
9.199447155	-1420
9.19948506355	-1316
9.19961810112	-1368
9.19973111153	543
9.20006918907	543
9.20922112465	-1420
9.20923805237	-1420
9.20929813385	-1264
9.2094771862	543
9.21569299698	-1420
9.21571016312	-1316
9.22082710266	-1368
9.225066185	-1420
9.22511005402	-1316
9.22978520393	-1420
9.22985720634	-1316
9.22986006737	-1368
9.23459410667	-1420
9.23460912704	-1316
9.2391371727	-1368
9.24320602417	-1420
9.24326515198	-1316
9.24623608589	-1368
9.24681401253	1057
9.24928116798	-1420
9.24928617477	-1316
9.25210213661	-1368
9.25470209122	-347
9.25486111641	543
9.26087999344	-1420
9.26089501381	-1420
9.26095414162	-1264
9.26424503326	-1420
9.26429605484	-1316
9.26794719696	-1368
9.27093601227	-1420
9.27094221115	-1316
9.27506113052	-1368
9.27791118622	-1420
9.27796220779	-1316
9.28160715103	-1368
9.28818702698	-1420
9.28819203377	-1316
9.28836107254	-1368
9.29367899895	-1420
9.29372811317	-1316
9.29406809807	543
9.29776716232	-1368
9.29785203934	543
9.30243110657	-1420
9.30243706703	-1316
9.30993819237	-1420
9.30994415283	-1316
9.3100271225	-1368
9.31039214134	1057
9.3165230751	-1420
9.31653404236	-1420
9.31660318375	-1264
9.32111310959	-1420
9.32116317749	-1316
9.32596707344	-1368
9.32617402077	543
9.32878613472	-1420
9.32879400253	-1316
9.33315110207	-1368
9.3412501812	-1420
9.3413040638	-1420
9.34130716324	-1264
9.3471801281	1057
9.34775209427	-1420
9.34775805473	-1420
9.34780311584	-1264
9.35103321075	1460
9.35112404823	625
9.36350703239	-1420
9.36352419853	-1316
9.36360120773	-1368
9.37813401222	-1420
9.37822008133	-1420
9.37822413445	-1264
9.40150618553	-1330
9.41292500496	-1420
9.41299819946	-1316
9.4262471199	-1420
9.42631411552	-1420
9.42631816864	-1264
9.43856811523	543
9.45901918411	-1420
9.45903515816	-1420
9.45908999443	-1264
9.4986770153	-1368
9.50031518936	543
9.51289820671	-1420
9.51291918755	-1316
9.53568601608	-1368
9.53586316109	543
9.54366612434	-1420
9.54367303848	-1316
9.55234718323	-1420
9.55235409737	-1316
9.55240011215	-1368
9.55279111862	543
9.55964708328	-1250
9.55976104736	543
9.56665205956	-1420
9.56666898727	-1316
9.57316398621	-1368
9.57879805565	-1420
9.57885217667	-1316
9.58423113823	-1368
9.59628105164	-1420
9.59629702568	-1420
9.59635400772	-1264
9.60324811935	-1420
9.60331702232	-1316
9.6037170887	543
9.61229014397	-1368
9.61252713203	543
9.61541104317	-1420
9.61542105675	-1316
9.62078404427	-1368
9.62581801414	-1420
9.62587213516	-1316
9.62911510468	-1368
9.64136314392	-1420
9.64137411118	-1420
9.64142417908	-1264
9.64706301689	-1420
9.64711117744	-1316
9.64741301537	543
9.65122413635	-1368
9.65130805969	543
9.65547513962	-1420
9.65548014641	-1316
9.65553116798	-1368
9.67062711716	-1420
9.67068600655	-1316
9.67069101334	-1368
9.67938518524	-1368
9.68772506714	-1420
9.68778800964	-1420
9.68779301643	-1264
9.68792819977	543
9.69182515144	-1420
9.69184207916	-1316
9.69620513916	-1420
9.6962351799	-1420
9.69628214836	-1264
9.69989800453	-1368
9.70632100105	-1420
9.70633602142	-1316
9.7112030983	-1368
9.71299910545	-99
9.71663498878	-1420
9.71663999557	-1316
9.71934199333	-1420
9.71934700012	-1316
9.71939611435	-1368
9.72777414322	-1420
9.72781300545	-1316
9.72781610489	-1368
9.73546910286	-1420
9.73547911644	-1316
9.73553919792	-1368
9.74418902397	-1368
9.74432516098	543
9.74461507797	543
9.75022721291	-1420
9.75023317337	-1316
9.75049114227	543
9.75392317772	-1420
9.75393009186	-1316
9.75417900085	-1368
9.76283812523	-1420
9.7629032135	-1420
9.7629070282	-1264
9.76309299469	543
9.77522516251	-1420
9.77524018288	-1420
9.77529907227	-1264
9.78440904617	-1368
9.78480911255	543
9.79551815987	-1420
9.79553604126	-1316
9.82210302353	-1420
9.82211899757	-1420
9.82219719887	-1264
9.8223361969	1057
9.82752013206	-1420
9.82752513885	-1316
9.82786011696	-1368
9.84514498711	-1420
9.84521198273	-1420
9.84521508217	-1264
9.85092616081	-1420
9.85093712807	-1316
9.85710501671	-1420
9.85712003708	-1420
9.8571741581	-1264
9.85755205154	543
9.85975217819	-489
9.86860918999	-1420
9.86867618561	-1420
9.8686811924	-1264
9.87934017181	-1420
9.87935614586	-1316
9.8794131279	-1368
9.89718103409	-1420
9.89723801613	-1316
9.89724206924	-1368
9.89739513397	543
9.90155315399	-1420
9.90156817436	-1316
9.90164899826	-1368
9.90224814415	1057
9.90272903442	1057
9.91365504265	-1420
9.913667202	-1316
9.91371798515	-1368
9.92671012878	-1420
9.92677807808	-1420
9.92678308487	-1264
9.93976807594	-1368
9.9399330616	543
9.94775319099	-1420
9.94776105881	-1316
9.95439720154	-1368
9.96118807793	-1420
9.96124219894	-1316
9.96844601631	-1420
9.96851301193	-1316
9.9686460495	1057
9.9736571312	-1420
9.97366309166	-1316
9.97401118279	-1368
9.98734807968	-1368
9.99421620369	-1420
9.99422311783	-1316
9.9946269989	1057
9.99721217155	543
10.0037140846	-1420
10.0037221909	-1316
10.0037782192	-1368
10.0088891983	-1420
10.0089352131	-1420
10.0089380741	-1264
10.0152270794	-655
10.0201890469	-1368
10.0203011036	-1368
10.026252985	-1368
10.0300869942	-1420
10.0301170349	-1316
10.0323832035	-1368
10.03247118	543
10.0385990143	-1420
10.0386052132	-1420
10.0386500359	-1264
10.0411221981	-1420
10.0411651134	-1316
10.0433981419	-1368
10.043637991	1460
10.0436902046	111
10.04540205	-1420
10.0454092026	-1316
10.0485110283	-1368
10.0512721539	-1420
10.0513432026	-1316
10.0532670021	-1368
10.0572431087	-1420
10.0572500229	-1316
10.0573251247	-1368
10.0575661659	543
10.0618691444	-1420
10.061882019	-1316
10.0619361401	-1368
10.068253994	-1368
10.0684931278	543
10.0767660141	-1368
10.0792531967	-1420
10.0793030262	-1420
10.0793089867	-1264
10.0806360245	-1368
10.0807180405	543
10.0870230198	-1420
10.0870280266	-1420
10.0870699883	-1264
10.0892641544	-1420
10.0892980099	-1316
10.089359045	-1368
10.0912230015	-1420
10.0912292004	-1420
10.0912730694	-1264
10.0997490883	-1368
10.1038031578	-1420
10.1038091183	-1316
10.1086211205	-1368
10.1088111401	-1420
10.1088461876	-1316
10.1203331947	-1420
10.1204001904	-1420
10.1204040051	-1264
10.1225020885	543
10.1261410713	-1420
10.1261501312	-1420
10.1262171268	-1264
10.1325061321	-1368
10.1333911419	543
10.1342082024	-1420
10.1342132092	-1316
10.140982151	-1420
10.1409912109	-1316
10.1499750614	543
10.1504449844	-1420
10.1504690647	-1316
10.1555540562	-1420
10.155559063	-1316
10.1556191444	-1420
10.1556210518	-1316
10.1557722092	543
10.1671152115	-1420
10.1671411991	-1316
10.1672341824	543
10.1679191589	543
10.1730229855	-1420
10.1730420589	-1316
10.1733961105	543
10.1737911701	543
10.1740419865	543
10.1765751839	-1420
10.1765801907	-1316
10.1781070232	543
10.1783320904	543
10.1787190437	543
10.1789062023	543
10.1853680611	-1420
10.1853780746	-1420
10.1854569912	-1264
10.1854600906	-1368
10.1878550053	-1420
10.1878590584	-1316
10.1921880245	-1420
10.1921930313	-1316
10.1924481392	543
10.1978590488	-1420
10.1978700161	-1420
10.1979260445	-1264
10.1979291439	-1036
10.2035260201	543
10.2039430141	-1368
10.2039911747	-1368
10.2088241577	-1420
10.2088360786	-1420
10.2088901997	-1264
10.2129001617	-1368
10.2139060497	543
10.2141311169	543
10.2148489952	-1420
10.2148530483	-1316
10.2259800434	-1420
10.2259922028	-1420
10.226069212	-1264
10.2299551964	543
10.2337431908	-1368
10.2378489971	-1420
10.2379021645	-1316
10.2440900803	-1420
10.2441401482	-1316
10.2442271709	-1368
10.2528791428	-1420
10.2528851032	-1420
10.2529280186	-1264
10.2591750622	-1368
10.262804985	-1368
10.2674400806	-1420
10.2674920559	-1420
10.2674942017	-1264
10.2680490017	543
10.2728981972	-1420
10.272903204	-1316
10.2730350494	-1368
10.2778301239	-1420
10.2778861523	-1316
10.2778890133	-1368
10.2780051231	543
10.2791771889	-1420
10.2791831493	-1316
10.2818481922	-1368
10.2835440636	-1420
10.2835860252	-1316
10.2864010334	-1368
10.2876880169	-1420
10.2876930237	-1316
10.2892131805	543
10.2971692085	-1420
10.2971830368	-1316
10.3024861813	-1420
10.302503109	-1420
10.3025591373	-1420
10.3025619984	-1212
10.3137571812	-1420
10.3137700558	-1316
10.3195831776	-1420
10.3195881844	-1316
10.3233630657	-1420
10.3233680725	-1316
10.3321990967	-1420
10.3322041035	-1316
10.3345870972	-1420
10.3346099854	-1316
10.3346700668	-1420
10.3346722126	-1316
10.3389480114	-1420
10.3389520645	-1316
10.3432090282	543
10.3447470665	-1420
10.344753027	-1316
10.3499090672	543
10.3508450985	-1420
10.350851059	-1316
10.3556230068	-1420
10.3556292057	-1420
10.3556702137	-1264
10.3556730747	-1368
10.3616960049	-1420
10.3617041111	-1316
10.3617360592	-1368
10.3618102074	-1368
10.3727650642	-1420
10.3727731705	-1316
10.3791701794	-1368
10.3845701218	-1420
10.3846280575	-1420
10.3846321106	-1264
10.3908371925	-1420
10.390846014	-1316
10.3996081352	-1420
10.399613142	-1316
10.3997981548	-1420
10.3998031616	-1316
10.4096591473	-1420
10.4096801281	-1316
10.4141712189	-1420
10.4141921997	-1316
10.4197151661	-1420
10.4197230339	-1316
10.4245481491	-1368
10.4245710373	-1420
10.4246141911	-1316
10.4251689911	-1368
10.4253330231	543
10.4258160591	-1420
10.4258210659	-1316
10.4303190708	-1420
10.4303331375	-1420
10.4303841591	-1264
10.4303860664	-1368
10.4344592094	-1420
10.4344711304	-1316
10.434689045	543
10.4420042038	-1368
10.4438881874	-1368
10.4491422176	-1420
10.4491460323	-1420
10.4491841793	-1420
10.4491860867	-1212
10.4538810253	-1368
10.4604821205	-1420
10.4605281353	-1420
10.4605309963	-1264
10.4663112164	-1420
10.4663159847	-1316
10.4701712132	-1420
10.4701771736	-1316
10.4790542126	-1420
10.4790611267	-1316
10.4790930748	-1420
10.4790961742	-1316
10.4813780785	-1420
10.4813940525	-1420
10.4814372063	-1420
10.4814400673	-1212
10.485612154	-1420
10.4856181145	-1316
10.4862961769	543
10.4902100563	-1368
10.4916181564	-1420
10.4916601181	-1420
10.4916632175	-1264
10.4942860603	543
10.4975771904	-1420
10.4975841045	-1316
10.502338171	-1420
10.5023450851	-1420
10.502395153	-1264
10.5024311543	-1368
10.5084249973	-1420
10.5084300041	-1420
10.5085082054	-1264
10.5085110664	-1420
10.5085511208	-1316
10.5086359978	-1368
10.5108010769	-543
10.5109200478	543
10.5194590092	-1420
10.5194652081	-1316
10.5312051773	543
10.531373024	-1420
10.5313761234	-1420
10.5314171314	-1264
10.5316061974	-1368
10.5375511646	-1420
10.5375552177	-1316
10.5441060066	-1368
10.5463521481	-1420
10.5464220047	-1316
10.5464260578	-1420
10.5464630127	-1316
10.5465810299	-1368
10.556344986	-1420
10.5563600063	-1316
10.5608520508	-1420
10.5608580112	-1316
10.5663042068	-1420
10.5663180351	-1420
10.5663771629	-1264
10.566380024	-1368
10.571336031	-1420
10.5713419914	-1316
10.5726900101	-1420
10.5726950169	-1420
10.5727481842	-1264
10.5727510452	-1368
10.5728750229	543
10.5770452023	-1420
10.5770511627	-1420
10.5770950317	-1420
10.5770971775	-1212
10.5811350346	-1420
10.5811400414	-1316
10.5812489986	1057
10.5814020634	-1420
10.5814070702	-1316
10.5906841755	-1420
10.5906910896	-1316
10.5958411694	-1420
10.5958461761	-1420
10.5958871841	-1420
10.5958900452	-1212
10.6040241718	-1368
10.607322216	-1420
10.6073660851	-1420
10.6073691845	-1264
10.6130700111	-1420
10.6130750179	-1420
10.6131420135	-1264
10.613145113	-1368
10.616877079	-1420
10.6168820858	-1316
10.6258029938	-1420
10.6258211136	-1420
10.6258862019	-1264
10.6258890629	-1368
10.6283500195	-1420
10.6283550262	-1420
10.6283950806	-1264
10.62839818	-1420
10.6284329891	-1420
10.6284351349	-1264
10.6323130131	-1420
10.6323180199	-1316
10.6385250092	-1420
10.6385350227	-1420
10.638584137	-1420
10.6385860443	-1212
10.6432781219	543
10.6434881687	543
10.6443161964	-1420
10.6443212032	-1316
10.6492700577	-1420
10.6492791176	-1420
10.649326086	-1264
10.6493291855	-1368
10.649515152	543
10.6539411545	-1368
10.6550900936	-1368
10.6552050114	-1420
10.6552081108	-1420
10.6552700996	-1264
10.655272007	-1420
10.6553201675	-1316
10.6554200649	-1368
10.666216135	-1420
10.6662261486	-1316
10.6745340824	-1368
10.6780509949	-1368
10.6781561375	-1420
10.6781589985	-1316
10.6782991886	-1420
10.6783030033	-1316
10.6843061447	-1420
10.6843121052	-1316
10.6931521893	-1420
10.6931660175	-1420
10.6932160854	-1264
10.6932191849	-1420
10.6932680607	-1316
10.6932711601	-1368
10.6985411644	-1368
10.7029950619	-1420
10.7030382156	-1420
10.7030410767	-1264
10.7031750679	543
10.7052659988	-543
10.7074651718	-1420
10.7074701786	-1316
10.7130300999	-1420
10.7130360603	-1420
10.7130880356	-1264
10.713091135	-1368
10.7179660797	-1420
10.7179710865	-1316
10.7180020809	-1368
10.7181630135	543
10.7183070183	-1368
10.7193272114	-1420
10.7193720341	-1316
10.7200510502	-1420
10.7200961113	-1316
10.7236940861	-1420
10.7237410545	-1316
10.7260010242	-1420
10.7260270119	-1316
10.7261052132	543
10.7277932167	-1368
10.7279059887	-1420
10.7279400826	-1420
10.7279419899	-1264
10.7280631065	-1420
10.728066206	-1316
10.7373740673	-1420
10.7373790741	-1316
10.7425410748	-1420
10.7425560951	-1420
10.7425980568	-1264
10.7426011562	-1368
10.742773056	543
10.7512340546	-1368
10.7539980412	-1368
10.7542760372	-1420
10.754281044	-1420
10.7543241978	-1420
10.7543261051	-1212
10.7598671913	-1368
10.7600281239	-1368
10.7636630535	-1420
10.7636680603	-1316
10.7637181282	-1420
10.7637209892	-1316
10.7638251781	543
10.7724630833	-1420
10.7724690437	-1316
10.7727501392	-1420
10.772755146	-1420
10.7728052139	-1420
10.7728071213	-1212
10.7729589939	543
10.7750329971	-1420
10.775039196	-1420
10.7751250267	-1264
10.7751281261	-1420
10.7751750946	-1316
10.775313139	543
10.7753520012	-1368
10.7791521549	-1420
10.7791771889	-1316
10.7852091789	-1420
10.7852871418	-1420
10.7852911949	-1420
10.7853372097	-1212
10.7853400707	-1420
10.7853751183	-1316
10.7912139893	-1368
10.7914280891	-1368
10.7961101532	-1420
10.7961552143	-1420
10.796159029	-1264
10.7961950302	-1368
10.8007371426	-1420
10.8007810116	-1316
10.8019151688	-1420
10.8019840717	-1420
10.8019871712	-1264
10.8020410538	-1420
10.8020431995	-1420
10.8020861149	-1264
10.8022320271	543
10.8131871223	-1420
10.8132021427	-1420
10.8132450581	-1420
10.8132481575	-1212
10.8214581013	-1368
10.8216350079	-1368
10.8251421452	-1420
10.8251550198	-1420
10.8251881599	-1420
10.8251900673	-1212
10.8252091408	-1420
10.8252110481	-1316
10.8264172077	543
10.8269121647	543
10.8274350166	543
10.827671051	543
10.8309381008	-1420
10.8309440613	-1316
10.8383200169	-1368
10.8399250507	-1420
10.840015173	-1420
10.8400270939	-1420
10.8400650024	-1212
10.8400671482	-1368
10.8437440395	543
10.8452100754	-1420
10.8452150822	-1316
10.8496770859	-1368
10.8497490883	-1420
10.8498101234	-1420
10.8498141766	-1264
10.8541431427	-1420
10.8541471958	-1316
10.8598341942	-1420
10.859839201	-1420
10.8598780632	-1420
10.8598811626	-1212
10.8648500443	-1420
10.8648650646	-1420
10.8649101257	-1264
10.8649220467	-1420
10.8649652004	-1420
10.8649671078	-1264
10.8660540581	-1420
10.8660590649	-1316
10.8667449951	-1420
10.8667681217	-1420
10.8668169975	-1264
10.866820097	-1368
10.8704941273	-1420
10.8704991341	-1420
10.8705370426	-1420
10.8705401421	-1212
10.8708121777	543
10.8747191429	-1420
10.8747241497	-1420
10.8747680187	-1264
10.8749260902	-1420
10.8749701977	-1420
10.8749730587	-1264
10.8750371933	-1420
10.8750400543	-1316
10.8801391125	543
10.8840651512	-1420
10.8840711117	-1316
10.8895280361	-1420
10.8895361423	-1420
10.8895900249	-1264
10.8895931244	-1368
10.8897821903	543
10.8979511261	-1420
10.8979570866	-1316
10.9009411335	-1368
10.9012281895	-1420
10.9012861252	-1420
10.9012880325	-1420
10.9013240337	-1420
10.9013271332	-1160
10.9068431854	-1420
10.9068481922	-1316
10.907127142	543
10.9103131294	-1420
10.9103181362	-1316
10.9103422165	-1420
10.9103531837	-1316
10.9181480408	-1368
10.9190690517	-1420
10.9190940857	-1316
10.9190971851	-1368
10.9194672108	-1420
10.919490099	-1420
10.9195370674	-1264
10.9195392132	-1368
10.9218170643	-1420
10.9218211174	-1420
10.9219081402	-1264
10.9219110012	-1420
10.9219591618	-1316
10.9220252037	-1368
10.9223480225	-1368
10.9224131107	-1368
10.925909996	-1368
10.9261159897	-1368
10.9264202118	543
10.9319431782	-1420
10.9319500923	-1420
10.9319941998	-1264
10.9319970608	-1420
10.9320340157	-131
10.9347481728	-1420
10.9347741604	-1316
10.9381871223	-1420
10.9382190704	-1316
10.9395110607	543
10.9428930283	-1420
10.9429111481	-1316
10.9474761486	-1420
10.9474852085	-1420
10.9475600719	-1264
10.9475631714	-1368
10.9485561848	-1368
10.9498691559	-1368
10.9509351254	-1420
10.9509551525	-1316
10.9510171413	-1368
10.955862999	-1368
10.9603011608	-1420
10.9603071213	-1316
10.9622440338	-1420
10.9622490406	-1316
10.9685351849	-1420
10.9685540199	-1316
10.9720921516	-1420
10.9721062183	-1316
10.9722402096	543
10.9736461639	1460
10.9736971855	111
10.9810020924	-1368
10.985517025	-1368
10.9886431694	-1368
10.9887261391	543
10.9942309856	-1420
10.9942381382	-1316
10.99893713	543
10.9990091324	543
10.9999780655	-1420
10.9999930859	-1316
11.0000181198	-1368
11.0049960613	-1420
11.0050292015	-1420
11.0050330162	-1264
11.0146291256	-1420
11.0146391392	-1420
11.0146870613	-1264
11.0333070755	-1420
11.0333640575	-1420
11.0333681107	-1264
11.0369510651	-1420
11.0369551182	-1316
11.0370070934	-1368
11.0454251766	-1420
11.0454912186	-1420
11.0454950333	-1264
11.0505030155	-1420
11.0505092144	-1316
11.0505959988	-1368
11.055325985	-1368
11.0554380417	543
11.0579202175	-1420
11.057926178	-1316
11.0597510338	-1420
11.0597569942	-1420
11.0598020554	-1264
11.0651621819	-1420
11.065210104	-1420
11.0652132034	-1264
11.0699071884	-1420
11.0699131489	-1316
11.0702240467	-1368
11.0752670765	-1368
11.0753722191	543
11.0787060261	-930
11.0812811852	-1420
11.0813271999	-1316
11.0838282108	-1368
11.0839350224	543
11.0869600773	-1368
11.0906970501	-1420
11.0907251835	-1316
11.0907371044	-1368
11.0942649841	-1420
11.0942800045	-1316
11.0945110321	-1368
11.0979580879	-1420
11.0979950428	-1316
11.098072052	543
11.098306179	-1368
11.1026611328	-1420
11.1027081013	-1420
11.1027112007	-1264
11.1076681614	-1368
11.1106510162	-1420
11.1106979847	-1316
11.1138010025	-1420
11.1138491631	-1420
11.1138520241	-1264
11.1192350388	-1420
11.1192409992	-1316
11.1192731857	-1368
11.1238400936	-1420
11.1239001751	-1316
11.1239039898	-1368
11.1274089813	-1368
11.1297590733	-1420
11.1298100948	-1316
11.131909132	-1420
11.1319410801	-1316
11.1319441795	-1368
11.1338880062	-1368
11.1379930973	-1420
11.1380391121	-1316
11.1402630806	-1368
11.1446111202	-1420
11.1446180344	-1316
11.1446580887	-1368
11.1495060921	-1368
11.1495411396	-1368
11.1496040821	-1368
11.1497189999	543
11.153657198	-543
11.1562840939	-1368
11.1614570618	-1420
11.1615040302	-1316
11.1615920067	543
11.1661391258	-1368
11.171241045	-1420
11.1712880135	-1420
11.1712911129	-1264
11.175178051	-1420
11.1751830578	-1316
11.1800072193	-1420
11.1800119877	-1420
11.1800560951	-1264
11.1845571995	-1420
11.1846041679	-1420
11.184607029	-1264
11.1874041557	-1368
11.1883971691	-1420
11.1884431839	-1316
11.1893122196	-1420
11.189355135	-1316
11.1894571781	-1368
11.1911811829	-1420
11.1911871433	-1316
11.1912381649	-1368
11.1913220882	543
11.1925871372	-1368
11.193295002	-1420
11.1933300495	-1316
11.1946690083	-1368
11.1955370903	-1368
11.1955971718	-1420
11.1956400871	-1316
11.1973321438	-1420
11.1973600388	-1316
11.202491045	-1420
11.2025160789	-1420
11.2025191784	-1264
11.2026050091	543
11.2045071125	-1420
11.204513073	-1316
11.2070071697	-1368
11.2113180161	-1368
11.2141849995	-1420
11.2141931057	-1316
11.2143411636	-1368
11.2143890858	543
11.2176442146	-1420
11.2176511288	-1316
11.2199821472	-1368
11.2255060673	-1420
11.2255539894	-1420
11.2255570889	-1264
11.2279081345	-1420
11.2279140949	-112
11.2601690292	543
11.2951300144	-1368
11.2953650951	543
11.2966160774	-1420
11.2966210842	-1316
11.3047420979	1460
11.304828167	111
11.3148291111	1460
11.314936161	111
11.3187611103	1460
11.3188281059	111
11.3190340996	1460
11.319081068	111
11.3195211887	1460
11.3195691109	1460
11.319614172	1161
11.319699049	603
11.3627641201	-1368
11.3745350838	-899
11.3764731884	543
11.4761900902	-1368
11.5210402012	-261
11.5433900356	-543
11.5473320484	-543
11.6678521633	-543
11.668058157	543
11.740568161	-1368
11.7410571575	543
11.7605361938	-1420
11.7605531216	-1420
11.7606091499	-1264
11.7609930038	1460
11.761051178	111
11.7642421722	-1420
11.7642481327	-1316
11.7687840462	-1368
11.7695281506	1057
11.7733440399	1057
11.7752680779	-1420
11.7752740383	-1316
11.7874901295	-1420
11.7875020504	-1420
11.7875540257	-1264
11.792979002	-1368
11.8134131432	-1420
11.8134300709	-1420
11.8135011196	-1264
11.8143501282	-48
11.8144800663	543
11.826665163	-1420
11.8266820908	-1316
11.8267261982	-1368
11.846129179	-1420
11.8462011814	-1420
11.8462061882	-1264
11.8463861942	543
11.8591961861	-1368
11.8698990345	-1420
11.8699491024	-1316
11.8703320026	-1368
11.8704969883	1460
11.8705451488	111
11.8733592033	-1420
11.8733651638	-1316
11.8779740334	-1368
11.8801150322	-1420
11.8801651001	-1420
11.8801691532	-1264
11.8872280121	-1368
11.890253067	-1368
11.8925290108	-1420
11.8925330639	-1420
11.8925750256	-1264
11.8953311443	-1368
11.8976740837	-1420
11.8976809978	-1316
11.897862196	-1368
11.8995110989	-1420
11.8995540142	-1316
11.8996310234	543
11.9022991657	-1368
11.9060251713	-1420
11.9060771465	-1316
11.9118511677	-1368
11.9217782021	-1420
11.921792984	-1316
11.9306101799	-1368
11.9323971272	1057
11.9379661083	1057
11.94728899	-1420
11.9473040104	-1420
11.9473609924	-1264
11.9532330036	-1420
11.9532802105	-1316
11.9532840252	-1368
11.9590442181	1057
11.9608612061	-605
11.96321702	543
11.9665760994	1057
11.9815950394	-1420
11.981621027	-1316
12.0025579929	-1420
12.0025730133	-1316
12.002726078	543
12.0123770237	-1420
12.0123860836	-1420
12.0124340057	-1264
12.0294220448	-1368
12.0530211926	-1368
12.0536379814	1460
12.0536952019	625
12.0640571117	1057
12.0733981133	1460
12.0734751225	1460
12.0735189915	193
12.1032102108	-1368
12.1137020588	-517
12.1205940247	1057
12.132089138	1057
12.1486752033	-1368
12.1575241089	-1420
12.1575729847	-1316
12.1584761143	1057
12.1770880222	-1420
12.1771039963	-1316
12.1771740913	-1368
12.1881861687	-1420
12.1882550716	-1316
12.1882591248	-1368
12.197247982	-1420
12.1972529888	-1316
12.1974210739	543
12.2171730995	-1420
12.2171912193	-1420
12.2172310352	-1264
12.2270100117	-1420
12.227050066	-1316
12.2351181507	-1420
12.2351810932	-1316
12.2353761196	-1368
12.2604990005	-1142
12.2607121468	-1420
12.2607631683	-1316
12.2706770897	-1368
12.30677104	-1368
12.3309061527	-1420
12.3309791088	-1316
12.3391621113	-1368
12.3393361568	543
12.3470621109	-1368
12.3694300652	-1368
12.379914999	543
12.3904631138	-1420
12.390474081	-1420
12.3905251026	-1264
12.4071362019	-981
12.4283781052	-1368
12.4326050282	543
12.4388391972	543
12.4481811523	-1420
12.4481990337	-1420
12.4482550621	-1264
12.4527771473	543
12.4658470154	-1368
12.4760551453	-1420
12.4761140347	-1316
12.4986250401	-1420
12.4986810684	-1316
12.5011570454	543
12.5029790401	543
12.5075061321	-1368
12.5081140995	543
12.5086832047	543
12.5089030266	543
12.529168129	-1368
12.5534610748	-1368
12.5644791126	-1420
12.5645051003	-1316
12.5712721348	543
12.5720059872	-1368
12.5748910904	-533
12.5878400803	-1420
12.587854147	-1420
12.5879089832	-1264
12.5883171558	543
12.6052091122	-1368
12.6231491566	-1368
12.6263091564	543
12.6323142052	543
12.6333451271	543
12.633562088	543
12.6395940781	-1368
12.6468961239	-1420
12.6469311714	-1316
12.6534512043	543
12.6537241936	1460
12.6537780762	1460
12.6538350582	193
12.6540989876	543
12.6542310715	-1368
12.6543471813	543
12.6545650959	543
12.6547381878	543
12.6625840664	-1368
12.6823670864	-1420
12.6824162006	-1420
12.6824190617	-1264
12.7017540932	543
12.7020761967	543
12.7085840702	-1368
12.7215790749	-873
12.7233150005	543
12.7254340649	543
12.741767168	-1368
12.7674620152	-1420
12.7675261497	-1316
12.7812430859	-1368
12.7938439846	-1368
12.86840415	-1131
12.8732960224	543
12.8799819946	543
12.8808732033	543
12.910749197	-1368
12.9611861706	-1368
12.9720201492	543
12.9725100994	543
12.9788880348	543
12.9796102047	543
13.0190410614	-1368
13.0281012058	-211
13.0495860577	-1368
13.0631680489	-1368
13.0715341568	543
13.0788011551	-1368
13.0905370712	-1368
13.0958371162	543
13.1035580635	1460
13.10364604	1460
13.1036829948	193
13.1636919975	-1368
13.1746561527	-74
13.208147049	-1368
13.2493600845	-1368
13.2890880108	-1368
13.3213350773	-754
13.3390641212	-1420
13.3390800953	-1316
13.3651621342	-1368
13.4279880524	-1420
13.4280061722	-1316
13.4680850506	-1044
13.495994091	-1368
13.5348300934	-1420
13.5348501205	-1316
13.5886240005	-1368
13.6059560776	-1420
13.6059820652	-1316
13.6149120331	-1276
13.6176559925	1057
13.6510250568	1460
13.6599781513	1460
13.6600320339	193
13.6641480923	-1368
13.6660821438	543
13.6833920479	543
13.7111082077	-1368
13.7146019936	543
13.7500581741	-1368
13.7615060806	-240
13.945125103	-543
13.9731891155	1057
14.0936291218	-1368
14.108328104	-1420
14.1083900928	-1316
14.1202881336	-667
14.2051231861	-1368
14.209539175	543
14.2133741379	543
14.2450711727	-1368
14.3120031357	-522
14.3372189999	1460
14.3373041153	111
14.3433921337	1057
14.4540700912	-1368
14.4586260319	-261
14.4836161137	-1420
14.483631134	-1420
14.4836931229	-1264
14.5061430931	-1368
14.5421020985	-1368
14.5903282166	1057
14.6053249836	-530
14.607558012	543
14.6134281158	543
14.6305491924	543
14.6851680279	-1368
14.6874701977	543
14.6876552105	-1420
14.6876602173	-1316
14.6927630901	-1420
14.6927790642	-1420
14.6928570271	-1264
14.6988840103	-1420
14.6989550591	-1420
14.6989600658	-1264
14.7052340508	-1420
14.7052490711	-1420
14.7053060532	-1264
14.7245390415	-1368
14.734732151	-1420
14.7347390652	-1420
14.7347841263	-1264
14.7403399944	-1420
14.7403860092	-1316
14.7404651642	543
14.7471179962	-1368
14.7491412163	-1420
14.749186039	-1316
14.7540450096	-1368
14.756578207	-1420
14.7565820217	-1316
14.7586131096	-1368
14.7768690586	-1420
14.7769501209	-1420
14.7769560814	-1264
14.7777271271	-855
14.7823359966	-1420
14.7823851109	-1420
14.7823882103	-1264
14.7857739925	-1420
14.7857811451	-1420
14.7858240604	-1264
14.8000700474	-1420
14.8001391888	-1316
14.8001430035	-1368
14.8099441528	543
14.827352047	-1420
14.8273670673	-1420
14.8274230957	-1264
14.8448810577	-1420
14.8449511528	-1420
14.8449561596	-1264
14.8451151848	543
14.8504281044	-1368
14.8505101204	-1368
14.851580143	-1368
14.858189106	-1368
14.8583199978	-1420
14.8583240509	-1316
14.8778040409	-1420
14.877820015	-1420
14.8778841496	-1264
14.892083168	-1368
14.8922522068	543
14.9048871994	-1420
14.904900074	-1316
14.9131910801	-1420
14.9131970406	-1316
14.9132730961	-1368
14.9244601727	-1174
14.942948103	-1420
14.9429571629	-1420
14.9430232048	-1264
14.9554011822	-1368
14.9613602161	-1420
14.9613661766	-1420
14.9614090919	-1264
14.9673640728	-1420
14.9674019814	-1316
14.9716100693	-1368
14.9758141041	-1420
14.9758350849	-1316
14.9830319881	-1368
14.9879062176	-1420
14.987965107	-1316
14.9880971909	543
14.9920899868	-1368
15.0083551407	-1420
15.0084171295	-1420
15.0084211826	-1264
15.0145680904	-1420
15.0145831108	-1316
15.0200190544	543
15.0217721462	-1420
15.0218071938	-1316
15.0276670456	-1420
15.0276801586	-1420
15.0277330875	-1264
15.0329351425	-1368
15.0393300056	-1420
15.0393362045	-1316
15.0482831001	-1368
15.0558180809	-1420
15.0558640957	-1316
15.064396143	-1368
15.0645279884	543
15.071062088	-183
15.0891540051	-1420
15.0892150402	-1420
15.0892190933	-1264
15.1038610935	-1368
15.1258840561	-1420
15.1259391308	-1316
15.1445550919	-1420
15.1446201801	-1420
15.1446239948	-1264
15.1828641891	-1420
15.1828792095	-1420
15.1829361916	-1264
15.2073311806	-1368
15.2165679932	-1368
15.2176680565	-670
15.2331590652	-1368
15.2424750328	-1368
15.2631840706	-1420
15.2631959915	-1316
15.2632381916	-1368
15.2710530758	-1420
15.2711620331	-1316
15.2711670399	-1368
15.2713620663	543
15.282405138	-1420
15.2824101448	-1316
15.2903821468	543
15.2919001579	-1368
15.2969501019	-543
15.2997691631	-1420
15.2998301983	-1316
15.3084511757	-1368
15.3287980556	-1420
15.3288121223	-1420
15.3288741112	-1264
15.3365910053	-1420
15.3366351128	-1316
15.3490681648	-1368
15.3635470867	-1420
15.3635551929	-1316
15.3643112183	-1179
15.3644061089	543
15.412913084	-1420
15.4129371643	-1420
15.4129722118	-1264
15.4594750404	-1420
15.4594881535	-1420
15.4595291615	-1264
15.4906320572	-1368
15.4907209873	-1420
15.4907631874	-1316
15.5392069817	-1420
15.5392210484	-1420
15.539276123	-1264
15.5510749817	-264
15.5754210949	-1368
15.5856192112	-1420
15.5856280327	-1316
15.5953412056	-1368
15.5953550339	-1368
15.6017839909	-1420
15.6017961502	-1316
15.601984024	-1368
15.6244850159	-1420
15.6245100498	-1420
15.624559164	-1264
15.6299760342	543
15.638586998	-1368
15.6387031078	543
15.6482951641	-1420
15.6483039856	-1316
15.6543800831	-1420
15.6543841362	-1420
15.6544260979	-1264
15.6630849838	-1420
15.6631600857	-1316
15.6655030251	-1420
15.6655561924	-1316
15.6707251072	-1420
15.670771122	-1316
15.6709051132	-1368
15.6772642136	-1420
15.6772689819	-1420
15.677311182	-1264
15.696408987	-1420
15.6964831352	-1420
15.6964871883	-1264
15.6966571808	543
15.7169380188	-1368
15.7219250202	-349
15.7239050865	-1420
15.7239131927	-1316
15.7282671928	-1420
15.7282781601	-1316
15.7283320427	-1368
15.733590126	-1420
15.7336571217	-1420
15.7336621284	-1264
15.7403721809	-1420
15.7403781414	-1420
15.7404220104	-1264
15.7507100105	-1368
15.7631130219	-1368
15.7665271759	-1368
15.7669169903	543
15.7723610401	-1420
15.7723670006	-1316
15.7773971558	-1368
15.7802920341	-1368
15.7850530148	-1368
15.7851510048	543
15.7873680592	-1368
15.7931530476	-1420
15.7931990623	-1316
15.7971169949	1057
15.7978169918	543
15.7980730534	543
15.7986462116	-1420
15.7986512184	-1316
15.8040161133	543
15.8128941059	543
15.8131690025	1057
15.8158431053	-1368
15.8160591125	-1420
15.8161041737	-1316
15.8378260136	-1420
15.8378992081	-1420
15.8379030228	-1264
15.8572740555	-1420
15.857293129	-1420
15.857350111	-1264
15.8638160229	-1420
15.8638780117	-1316
15.8686292171	-1219
15.8720340729	-1420
15.8720390797	-1316
15.8778591156	-1368
15.8932521343	-1420
15.8933231831	-1316
15.9090731144	-1420
15.9091441631	-1420
15.9091491699	-1264
15.9093050957	543
15.9195950031	-1368
15.9281930923	-1420
15.9282631874	-1420
15.9282670021	-1264
15.9365231991	-1420
15.9365370274	-1316
15.9441020489	-1368
15.94891119	-1420
15.9489810467	-1316
15.9560580254	-1368
15.9637751579	-1420
15.9637842178	-1316
15.9723930359	-1368
15.9884431362	-1368
15.9886071682	543
15.9962441921	-1420
15.9962570667	-1316
16.0075831413	-1420
16.0075960159	-1420
16.0076479912	-1264
16.0096981525	543
16.0147900581	-1420
16.0148069859	-1316
16.0187540054	-971
16.0269591808	-1420
16.027020216	-1420
16.0270240307	-1264
16.0385332108	-1368
16.0452730656	-1420
16.0453400612	-1316
16.0535590649	-1420
16.0536241531	-1316
16.0536282063	-1368
16.0734419823	-1420
16.073456049	-1420
16.0735211372	-1264
16.0904111862	-1420
16.0904860497	-1420
16.0904910564	-1264
16.0983080864	-1368
16.0984539986	543
16.1205301285	-1420
16.1205461025	-1420
16.1206030846	-1264
16.133051157	-1420
16.1331160069	-1316
16.144438982	-1368
16.1546621323	-1420
16.1546730995	-1316
16.1677000523	-1368
16.1738631725	-217
16.1787910461	-1420
16.1788210869	-1316
16.1940090656	-1368
16.2199530602	-1420
16.2200160027	-1316
16.2231960297	-1368
16.2387340069	-1368
16.2388880253	543
16.2487900257	-1368
16.2489261627	543
16.2589800358	-1420
16.2589941025	-1316
16.274335146	-1420
16.2743501663	-1420
16.2744061947	-1264
16.2871620655	-1420
16.287225008	-1316
16.2965650558	-1420
16.2966530323	-1316
16.2966561317	-1368
16.3054051399	-1420
16.3054130077	-1316
16.3125491142	-1368
16.3194770813	-1420
16.3195199966	-1316
16.3207881451	-1324
16.3564841747	-1420
16.3565011024	-1316
16.3671491146	-1368
16.3673081398	543
16.3865091801	-1368
16.3971731663	-1368
16.3972280025	-1368
16.4097189903	-1420
16.4097750187	-1316
16.4097790718	-1368
16.420979023	-1420
16.4209961891	-1420
16.4210510254	-1264
16.4366772175	-1420
16.4367451668	-1420
16.4367489815	-1264
16.4494981766	-1368
16.4535560608	-1420
16.4536180496	-1316
16.4592981339	-1368
16.4594540596	543
16.4677000046	-1368
16.4677121639	-1368
16.4780762196	-1368
16.4782152176	543
16.4858891964	-1420
16.4858970642	-1316
16.4924921989	-1420
16.4925010204	-1316
16.4925370216	-1368
16.5030050278	-652
16.5132441521	-1420
16.5132620335	-1420
16.5133111477	-1264
16.5229392052	-1420
16.5230162144	-1316
16.523029089	-1368
16.5384800434	-1420
16.5384931564	-1316
16.5385260582	-1368
16.5620851517	-1420
16.5621540546	-1420
16.5621581078	-1264
16.5841681957	-1368
16.5917000771	-1420
16.5917830467	-1420
16.5917870998	-1264
16.5932731628	543
16.6002011299	-1420
16.6002190113	-1316
16.6092221737	-1368
16.61662817	-1420
16.6166851521	-1316
16.6266951561	-1368
16.6337850094	-1420
16.6337931156	-1316
16.6420030594	-1368
16.6498570442	-1420
16.6499121189	-1316
16.649916172	-1108
16.6598801613	-1368
16.6598961353	-1368
16.6684031487	-1368
16.6685631275	543
16.6806759834	-1368
16.6897962093	-1420
16.6898541451	-1316
16.6898570061	-1368
16.6899790764	543
16.6989281178	-1420
16.6989350319	-1316
16.7105569839	-1420
16.7105691433	-1316
16.7106080055	-1368
16.7193210125	-1420
16.7193791866	-1316
16.726899147	-1368
16.7354311943	-1420
16.7354450226	-1316
16.7447960377	-1368
16.7552921772	-1420
16.7553610802	-1316
16.7640531063	-1368
16.7847511768	-1420
16.7847661972	-1420
16.7848320007	-1264
16.7945930958	-1420
16.7946400642	-1316
16.7946431637	-1368
16.7947721481	543
16.8066780567	-22
16.8288931847	-1420
16.8289601803	-1420
16.8289651871	-1264
16.8534801006	-1420
16.8535060883	-1316
16.8535540104	-1368
16.8858840466	-1420
16.8859601021	-1420
16.8859651089	-1264
16.8953511715	-1420
16.8953649998	-1420
16.8954210281	-1264
16.9309971333	-1420
16.9310510159	-1420
16.931055069	-1264
16.9312281609	543
16.9433159828	-1368
16.9434251785	543
16.9531891346	-591
16.9729521275	1057
16.9805231094	-1368
16.9902470112	-1420
16.9903311729	-1316
16.9913539886	1057
16.9978871346	-1368
17.0134890079	-1368
17.0215170383	-1420
17.0215241909	-1316
17.0223991871	543
17.0310649872	-1368
17.0386509895	-1420
17.0387060642	-1316
17.0487811565	-1368
17.0584881306	-1420
17.0585010052	-1316
17.067551136	-1368
17.0762190819	-1420
17.0762870312	-1316
17.0873551369	-1368
17.0971181393	-1420
17.0971410275	-1316
17.0998570919	-1200
17.1373491287	-1368
17.1548001766	-1420
17.1548190117	-1316
17.1700291634	-1368
17.1851820946	-1420
17.1852500439	-1316
17.1853830814	543
17.2001640797	-1420
17.2001872063	-1420
17.200232029	-1264
17.2230501175	-1420
17.2231280804	-1420
17.2231500149	-1264
17.2558400631	-1420
17.2558600903	-1420
17.2559201717	-1264
17.2678999901	-1420
17.267963171	-1316
17.2679669857	-1368
17.2681260109	543
17.2839531898	-939
17.2891871929	-1420
17.2892351151	-1316
17.2989029884	-1368
17.3169000149	-1368
17.3427951336	-1420
17.3428380489	-1316
17.3429880142	543
17.3603680134	-1420
17.3603839874	-1316
17.3604400158	-1368
17.3712010384	-1420
17.3712570667	-1316
17.3834822178	-1368
17.392991066	-1420
17.3930051327	-1316
17.4071559906	-1368
17.4188280106	-1420
17.4188981056	-1316
17.4307391644	-1250
17.4539101124	-1420
17.4539251328	-1420
17.4539802074	-1264
17.4695751667	-1420
17.4696421623	-1316
17.4696960449	-1368
17.4779741764	-1420
17.4779891968	-1316
17.4781861305	543
17.4981582165	-1420
17.4981770515	-1420
17.4982450008	-1264
17.5293731689	-1368
17.5477201939	-1420
17.5477380753	-1316
17.5478360653	-1368
17.564273119	-1420
17.5643401146	-1420
17.5643441677	-1264
17.6006140709	-910
17.6007781029	543
17.6019351482	-1420
17.601940155	-1316
17.6143460274	-1368
17.6442511082	-1420
17.6443240643	-1420
17.644329071	-1264
17.6801741123	-1420
17.6801919937	-1420
17.680257082	-1264
17.6803910732	543
17.6935510635	-1420
17.6935720444	-1316
17.7122681141	-1368
17.726069212	-1420
17.7261481285	-1316
17.7371621132	-1368
17.7471590042	-330
17.7475349903	-1420
17.7475850582	-1316
17.7572500706	-1368
17.7999382019	-1420
17.7999551296	-1420
17.7999930382	-1264
17.8504881859	-1420
17.8505041599	-1316
17.8506550789	-1368
17.8795461655	-1368
17.8797240257	543
17.8938751221	-1420
17.8938920498	-1420
17.8939490318	-703
17.9200642109	-1420
17.9201321602	-1316
17.9201409817	-1368
17.932516098	-1420
17.9325270653	-1316
17.9448671341	-1368
17.9550511837	-1420
17.955147028	-1316
17.966892004	-1368
17.9670810699	543
17.9794540405	-1420
17.9794700146	-1316
17.9988360405	-1368
18.0350990295	-1420
18.035171032	-1420
18.0351760387	-1264
18.043115139	-1368
18.054787159	-1368
18.0592989922	1057
18.0667071342	-280
18.0822710991	543
18.0899569988	543
18.6266920567	-543
18.7339191437	-1368
18.7374432087	1057
18.8151330948	-1347
18.8162591457	543
18.974460125	1057
19.3619360924	-543
19.454690218	-1368
19.4704561234	1057
19.5086581707	-1347
19.8417170048	-543
19.970031023	-1420
19.9701089859	-1316
19.9882910252	-435
19.9894890785	543
19.9916400909	543
20.0038731098	543
20.3383622169	-543
20.52495718	-543
20.6409401894	-1368
20.6715681553	-775
20.6727261543	1057
21.0000422001	543
21.0001480579	543
21.0002641678	543
21.0004010201	543
21.0422251225	-543
21.1739840508	-543
21.3709931374	-543
21.3801710606	1057
21.6859622002	-543
21.7370171547	-543
21.7375011444	543
21.8612320423	-1368
21.8784689903	-543
21.8850111961	-261
21.9117510319	1057
22.0000360012	543
22.2113001347	-543
22.2678980827	-543
22.4006559849	-1420
22.4007329941	-1316
22.4601650238	-435
22.4623911381	543
22.4642131329	543
22.8483810425	-543
23.0349581242	-543
23.1068761349	-1368
23.1074230671	543
23.1079490185	543
23.1512432098	-543
23.1535220146	-1368
23.1816861629	-1065
23.6626791954	-543
23.8572750092	-1057
23.8706510067	1057
24.2732801437	-543
24.344974041	-1420
24.345053196	-1316
24.3559660912	-1368
24.3854091167	-1368
24.4601171017	-870
24.462195158	543
24.4629480839	543
24.8353910446	-543
24.986975193	-1368
25.0323870182	-261
25.0402231216	543
25.106659174	-1368
25.1791820526	-775
25.3258750439	-1086
25.4725170135	-543
25.5823040009	543
25.5873479843	1057
25.7464601994	-543
25.8932790756	-543
26.0184800625	-1368
26.0401451588	-1318
26.2096121311	-543
28.9957671165	543
