0	543
3.50475311279e-05	543
0.262080907822	-543
0.366842031479	-543
0.465427875519	-543
0.631584882736	-543
1.00025200844	543
1.00031399727	543
1.25923299789	-543
1.62055301666	-543
1.74339604378	-543
1.99981594086	543
1.99988484383	543
3.14405989647	543
3.39119291306	-543
3.39148187637	543
3.63984894753	-543
3.66228485107	543
4.0563659668	-543
4.05671000481	543
4.26981592178	-543
4.27275490761	-1368
4.27983593941	-1368
4.28231596947	-1368
4.28234386444	-1368
4.38511490822	-327
4.39573788643	543
4.50820589066	543
4.60847687721	-543
4.74845600128	-1368
4.74922299385	-1368
4.74927401543	-1368
4.75095796585	-1368
4.75102186203	-1368
4.75104403496	-1368
4.76009488106	-161
4.8012149334	-1368
4.80123996735	-1368
4.80278801918	-1368
4.80281186104	-1368
4.8034658432	-1368
4.80349397659	-1368
4.80352091789	-1368
4.80357599258	-1368
4.80393886566	543
4.80649590492	-1368
4.80653190613	-1368
4.80656099319	-1368
4.80866098404	-1368
4.83715605736	-1368
4.83719086647	-1368
4.83720993996	-1368
4.83754682541	-1368
4.83757090569	-1368
4.8376019001	-1368
4.83784890175	-1368
4.83790302277	-1368
4.83811092377	-1368
4.83913588524	1368
4.84276103973	-1368
4.84507489204	-1368
4.84518885612	-1368
4.87261605263	-557
4.91633987427	261
4.98500299454	-543
5.06834697723	543
5.14395999908	-543
5.1807539463	543
5.19937396049	-1368
5.19940090179	-1368
5.20442390442	-1368
5.29326605797	-1152
5.30195593834	543
5.30263590813	1368
5.314483881	-1368
5.31460189819	-1368
5.31895685196	-1368
5.4061088562	-1152
5.41524600983	1231
5.51902794838	-543
5.55690693855	-1368
5.55801987648	-1368
5.55807900429	-1368
5.55808782578	-1368
5.55829286575	-1368
5.55832886696	-1368
5.55836105347	-1368
5.55872893333	-1368
5.55875897408	-1368
5.55928182602	-1368
5.55932402611	-1368
5.56073784828	-1368
5.56078791618	-1368
5.5608048439	-1368
5.56211090088	-1368
5.56213593483	-1368
5.56215906143	-1368
5.56252503395	543
5.56605887413	-1368
5.56616592407	-1368
5.56621694565	-1368
5.56665587425	-1368
5.56671690941	-1368
5.56672406197	-1368
5.56707692146	-1368
5.56718301773	-1368
5.56721496582	-1368
5.56810498238	-1368
5.56814885139	-1368
5.56815600395	-1368
5.56914901733	-1368
5.56949090958	-1368
5.56951594353	-1368
5.56954789162	-1368
5.57264494896	-1368
5.57267689705	-1368
5.57269406319	-1368
5.57283782959	-1368
5.57286500931	-1368
5.57289004326	-1368
5.5742149353	-1368
5.5742650032	-1368
5.57429695129	-1368
5.57479786873	-1368
5.57543587685	-1368
5.57545495033	-1368
5.57568192482	-1368
5.57658100128	-1368
5.57663488388	-1368
5.57735991478	-1368
5.57740497589	-1368
5.57741189003	-1368
5.5779709816	-1368
5.57799696922	-1368
5.57801485062	-1368
5.57837295532	1368
5.58034491539	-1368
5.5803809166	-1368
5.58040094376	-1368
5.58098101616	-1368
5.58150196075	-1368
5.58154702187	-1368
5.58348584175	-1368
5.58356785774	-1368
5.58359694481	-1368
5.58569192886	-1368
5.58574199677	-1368
5.58574986458	-1368
5.58662986755	-1368
5.58665084839	-1368
5.5874209404	-1368
5.58743286133	-1368
5.58745503426	-1368
5.58803796768	-1368
5.58806085587	-1368
5.58858799934	-1368
5.5892059803	-1368
5.58992695808	-1368
5.58996200562	-1368
5.58996701241	-1368
5.59063696861	-1368
5.59066486359	-1368
5.59068489075	-1368
5.59172582626	-1368
5.59176301956	-1368
5.59177803993	-1368
5.59224700928	-1368
5.59227705002	-1368
5.59230399132	-1368
5.59289002419	-1368
5.59291291237	-1368
5.59291791916	-1368
5.593708992	-1368
5.59372401237	-1368
5.59373688698	-1368
5.5940990448	1368
5.59439992905	-1368
5.59445500374	-1368
5.59447383881	-1368
5.59561800957	-1368
5.59661483765	-1368
5.5966398716	-1368
5.59666490555	-1368
5.59674882889	-1368
5.59678292274	-1368
5.59684205055	-1368
5.59760785103	-1368
5.59764194489	-1368
5.59769582748	-1368
5.59854102135	-1368
5.59888291359	-1368
5.59891104698	-1368
5.5989408493	-1368
5.60039687157	-1368
5.60042405128	-1368
5.600730896	1368
5.60077905655	-1368
5.6103990078	1368
5.61041498184	1368
5.61053991318	1368
5.61144304276	1368
5.61407995224	1368
5.66799283028	-618
5.69083499908	1342
5.80371189117	-543
5.80685806274	-1368
5.80688500404	-1368
5.80692100525	-1368
5.80848383904	-1368
5.80851483345	-1368
5.80907392502	-1368
5.80909895897	-1368
5.80912899971	-1368
5.81126999855	-1368
5.81130003929	-1368
5.8113348484	-1368
5.81223583221	-1368
5.81442594528	-1368
5.81445097923	-1368
5.81447982788	-1368
5.81463599205	543
5.81511592865	-1368
5.81514406204	-1368
5.81517100334	-1368
5.81557583809	-1368
5.81562995911	-1368
5.81565499306	-1368
5.81598591805	-1368
5.81601405144	-1368
5.81604290009	-1368
5.81620192528	-1368
5.81623196602	-1368
5.81625986099	-1368
5.81652283669	-1368
5.81658792496	-1368
5.81660485268	-1368
5.81933093071	-1368
5.81935286522	-1368
5.81938385963	-1368
5.82078289986	-1368
5.82313084602	-1368
5.82315587997	-1368
5.82318687439	-1368
5.82495498657	-1368
5.82498002052	-1368
5.82556390762	-1368
5.82625484467	-1368
5.82693886757	-1368
5.82696604729	-1368
5.82699990273	-1368
5.82753896713	-1368
5.8286678791	-1368
5.82869505882	-1368
5.82872200012	-1368
5.82895493507	1368
5.82908296585	-1368
5.82960796356	-1368
5.82963299751	-1368
5.83006095886	-1368
5.83008599281	-1368
5.83036494255	-1368
5.83039188385	-1368
5.83041906357	-1368
5.83054590225	1368
5.831594944	-1368
5.83161187172	-1368
5.83164000511	-1368
5.83215284348	-1368
5.83228993416	-1368
5.83231687546	-1368
5.8323469162	-1368
5.83240795135	-1368
5.83298683167	-1368
5.83301901817	-1368
5.83305191994	-1368
5.8330988884	-1368
5.83312296867	-1368
5.83315205574	-1368
5.83334183693	-1368
5.83336901665	-1368
5.83345103264	-1368
5.83414006233	-1368
5.834182024	-1368
5.83421087265	-1368
5.83432483673	-1368
5.83445096016	-1368
5.83622503281	-1368
5.83647704124	1368
5.91925883293	-862
5.94143986702	1326
5.97272992134	-1368
5.9727499485	-1368
5.97281503677	-1368
5.97359395027	-1368
5.97712802887	-1368
5.97715497017	-1368
5.98789000511	-1368
6.05399489403	-936
6.08497691154	-1368
6.08694505692	-1368
6.09496188164	-1368
6.09824585915	-1368
6.09842085838	543
6.10019898415	-1368
6.10789704323	-1368
6.1079518795	-1368
6.11071205139	-1368
6.11261987686	-1368
6.11264705658	-1368
6.11860585213	-1368
6.16648197174	-778
6.8810479641	1368
6.88106584549	1368
6.88119482994	1368
6.88120293617	580
6.89532899857	1368
6.9038028717	1368
6.90510988235	1368
6.90659689903	1368
6.90660595894	1368
6.90672302246	1368
6.99359488487	1368
6.99359893799	1368
6.99365782738	1368
6.99366092682	1368
6.99377799034	1368
6.99378085136	1368
6.99389791489	1368
6.99390006065	1368
6.99994897842	543
7.00778889656	1368
7.007791996	1368
7.01633286476	1368
7.0163359642	1368
7.01758503914	1368
7.01758694649	1368
7.01941204071	1368
7.01941394806	1368
7.0194580555	325
7.03537487984	-543
7.04779696465	-1368
7.0478310585	-1368
7.05216884613	-1368
7.05653595924	-1368
7.05656599998	-1368
7.05918192863	-1368
7.06805491447	-1368
7.07012796402	1368
7.07087302208	-1368
7.08677983284	-1368
7.08680891991	-1368
7.08681893349	-1368
7.1024389267	-1368
7.10249590874	-1368
7.10696387291	-1368
7.10700082779	-1368
7.10890102386	1368
7.11101603508	-1368
7.11543798447	-1368
7.11547493935	-1368
7.11969590187	-1368
7.12298893929	-1368
7.12302803993	-1368
7.12889099121	-1368
7.12895798683	-1368
7.13112282753	-1368
7.13347196579	-1368
7.1335208416	978
7.13784694672	-1368
7.13787698746	-1368
7.14001202583	-1368
7.14003491402	-1368
7.14004993439	-1368
7.14465284348	-1368
7.14469504356	-1368
7.1447019577	-1368
7.14662194252	-1368
7.14663505554	-1368
7.14665102959	-1368
7.14776492119	-539
7.15027999878	1368
7.15059399605	-1368
7.15062093735	-1368
7.15064382553	-1368
7.15491294861	-1368
7.15495204926	-1368
7.15496087074	-1368
7.15692806244	-1368
7.15695405006	-1368
7.15932488441	-1368
7.16158890724	-1368
7.16164898872	-1368
7.16378593445	-1368
7.16381597519	-1368
7.1638379097	-1368
7.16600084305	-1368
7.16605091095	-1368
7.16608595848	-1368
7.1691930294	-1368
7.16922187805	-1368
7.16925001144	-1368
7.1748149395	-1368
7.17493104935	-1368
7.17497801781	-1368
7.1784029007	-1368
7.17958188057	-1368
7.1796040535	-1368
7.18139505386	-1368
7.18304204941	-1368
7.18307995796	-1368
7.18501400948	-1368
7.18512487411	-1368
7.1871008873	-1368
7.18716788292	-1368
7.18754386902	1368
7.18869996071	-1368
7.1887550354	-1368
7.1902680397	-1368
7.19028687477	-1368
7.19032096863	-1368
7.19209694862	-1368
7.19212698936	-1368
7.19215798378	-1368
7.19357800484	-1368
7.19407987595	-1368
7.19410705566	-1368
7.19413495064	-1368
7.1952559948	-1368
7.19595384598	-1368
7.19599604607	-1368
7.19600200653	-1368
7.19617891312	1368
7.19757890701	-1368
7.19761586189	-1368
7.19761991501	-1368
7.19838285446	-1368
7.19841194153	-1368
7.19914484024	-1368
7.19986391068	-1368
7.19989800453	-1368
7.1999168396	-1368
7.20068693161	-1368
7.20071005821	-1368
7.20144295692	-1368
7.20187687874	-1368
7.20190501213	-1368
7.20241189003	-1368
7.20276594162	-1368
7.20279383659	-1368
7.2031519413	-1368
7.20406985283	-1368
7.20409393311	-1368
7.20412182808	-1368
7.20460605621	-1368
7.20462799072	-1368
7.20465898514	-1368
7.20592284203	-1368
7.20593905449	-1368
7.20596003532	-1368
7.20615005493	1368
7.20669293404	-1368
7.20673298836	-1368
7.2067489624	-1368
7.20771503448	-1368
7.20774197578	-1368
7.20776987076	-1368
7.20810699463	-1368
7.20813393593	-1368
7.20816302299	-1368
7.20843982697	-1368
7.20846700668	-1368
7.20873594284	-1368
7.20876693726	-1368
7.20879483223	-1368
7.20955300331	-1368
7.20958185196	-1368
7.20960903168	-1368
7.20983791351	-1368
7.20996689796	-1368
7.20999503136	-1368
7.2101829052	-1368
7.21064686775	-1368
7.21069502831	-1368
7.21072387695	-1368
7.21089792252	-1368
7.21095395088	-1368
7.21123385429	-1368
7.2116060257	-1368
7.21162605286	-1368
7.21177983284	-1368
7.2118768692	-1368
7.2119140625	-1368
7.21200990677	-1368
7.21221804619	-1368
7.21225190163	-1368
7.21227002144	-1368
7.21228504181	1368
7.21236085892	-1368
7.21238803864	-1368
7.21246790886	-1368
7.21256303787	-1368
7.21259403229	-1368
7.21262288094	-1368
7.21282792091	-1368
7.212900877	-1368
7.21293187141	-1368
7.21346902847	-1368
7.21349787712	-1368
7.21352291107	-1368
7.21361684799	-1368
7.21364402771	-1368
7.21367096901	-1368
7.21390485764	-1368
7.21397304535	-1368
7.21399188042	-1368
7.21462893486	-1368
7.21465396881	-1368
7.21468186378	-1368
7.2150490284	-1368
7.21528697014	-1368
7.21531486511	-1368
7.21549987793	-1368
7.215528965	-1368
7.21555685997	-1368
7.21581196785	-1368
7.21583795547	-1368
7.21586585045	-1368
7.21610188484	-1368
7.21613192558	-1368
7.21616101265	-1368
7.21641397476	-1368
7.21664094925	-1368
7.21666502953	-1368
7.21676588058	1368
7.21680498123	-1368
7.21683192253	-1368
7.21685886383	-1368
7.21719884872	-1368
7.21722698212	-1368
7.21725487709	-1368
7.21790099144	-1368
7.2179749012	-1368
7.21801495552	-1368
7.21817183495	-1368
7.21863794327	-1368
7.21867203712	-1368
7.21900105476	-1368
7.21902704239	-1368
7.2190580368	-1368
7.21958184242	-1368
7.21964383125	-1368
7.21965289116	-1368
7.21981883049	-1368
7.21984791756	-1368
7.2198779583	-1368
7.22002601624	-1368
7.22036385536	-1368
7.22038602829	-1368
7.22073984146	-1368
7.2207698822	-1368
7.22079396248	-1368
7.22160983086	-1368
7.22231197357	-1368
7.22233891487	-1368
7.22237706184	-1368
7.22251391411	-1368
7.22290587425	-1368
7.22322106361	-1368
7.22324895859	-1368
7.22352290154	-1368
7.22355294228	-1368
7.22357988358	-1368
7.22381186485	-1368
7.22400784492	1368
7.2278778553	-1368
7.23031592369	1368
7.23307991028	1368
7.23635005951	-1368
7.23637485504	-1368
7.23639202118	-1368
7.23808503151	1368
7.2429959774	-1368
7.24301695824	-1368
7.24325704575	1368
7.2458050251	-1368
7.248898983	-1368
7.24900102615	11
7.24903702736	-1368
7.25043582916	-1368
7.25231385231	-1368
7.25236797333	-1368
7.25240492821	-1368
7.25304484367	-1368
7.2530708313	-1368
7.25311684608	-1368
7.25318789482	-1368
7.25321793556	-1368
7.25324487686	-1368
7.25347399712	-1368
7.25352883339	-1368
7.25355505943	-1368
7.25380587578	-1368
7.25386190414	-1368
7.25388789177	-1368
7.25398898125	-1368
7.2540178299	-1368
7.25430583954	-1368
7.25433397293	-1368
7.25436306	-1368
7.25445890427	-1368
7.25449705124	-1368
7.25471401215	-1368
7.25529193878	-1368
7.25531792641	-1368
7.25534892082	-1368
7.25600790977	-1368
7.25603294373	-1368
7.2560608387	-1368
7.25631690025	1368
7.25638890266	-1368
7.25669693947	-1368
7.25672888756	-1368
7.25675582886	-1368
7.25745105743	-1368
7.25747704506	-1368
7.25750589371	-1368
7.25780487061	1368
7.25781202316	1368
7.25797486305	-1368
7.25801897049	-1368
7.25803995132	-1368
7.25824594498	-1368
7.25828504562	-1368
7.25829696655	-1368
7.25849199295	-1368
7.25851798058	-1368
7.25870585442	-1368
7.25874400139	-1368
7.25883889198	-1368
7.25943994522	-1368
7.25947999954	-1368
7.25949382782	-1368
7.25958299637	-1368
7.25963497162	-1368
7.25977683067	-1368
7.26005291939	-1368
7.26009893417	-1368
7.26024389267	-1200
7.26031494141	-1368
7.26036596298	-1368
7.2605919838	-1368
7.26080799103	-1368
7.26083397865	-1368
7.26104784012	-1368
7.26121282578	1368
7.26169800758	-1368
7.26172399521	-1368
7.26175284386	-1368
7.26196289062	-1368
7.26198983192	-1368
7.26212286949	-1368
7.26242184639	-1368
7.26245594025	-1368
7.26270604134	-1368
7.26273393631	-1368
7.2629070282	-1368
7.26292800903	-1368
7.26316595078	-1368
7.26338100433	1368
7.26356601715	-1368
7.26359891891	-1368
7.26379394531	-1368
7.26381993294	-1368
7.26385784149	-1368
7.26449799538	-1368
7.26452302933	-1368
7.2645509243	-1368
7.26552391052	-1368
7.26555085182	-1368
7.26595282555	-1368
7.26629900932	-1368
7.26633095741	-1368
7.26636600494	-1368
7.26719284058	-1368
7.26721405983	-1368
7.26724386215	-1368
7.26745390892	-1368
7.26751184464	-1368
7.26781702042	-1368
7.26803898811	1368
7.26851797104	-1368
7.26854205132	-1368
7.26959586143	-1368
7.27019906044	-1368
7.27022695541	-1368
7.27062702179	-1368
7.2716999054	-1368
7.27171397209	-1368
7.27172899246	-1368
7.27220392227	-1368
7.27221488953	-1368
7.27224588394	-1368
7.27318096161	-1368
7.27321887016	-1368
7.27323889732	-1368
7.27438402176	-1368
7.2752199173	-1368
7.27524590492	-1368
7.27527284622	-1368
7.27622795105	-1368
7.27716493607	-1368
7.277987957	-1368
7.27801704407	-1368
7.27804589272	-1368
7.2792699337	1368
7.27928090096	1368
7.28286004066	-1368
7.28307294846	-1368
7.28327488899	-1368
7.28347802162	-1368
7.28366994858	-1368
7.28385806084	-1368
7.28404593468	-1368
7.28421998024	-1368
7.2851998806	-1368
7.28536701202	-1368
7.28553295135	-1368
7.2857978344	-1368
7.28648900986	-1368
7.28664493561	-1368
7.28697299957	-1368
7.28712797165	-1368
7.28729104996	-1368
7.30029988289	1356
7.30031085014	1356
7.3004360199	1356
7.30043983459	1356
7.31078004837	-1368
7.31288003922	-1368
7.31304192543	-1368
7.31320405006	-1368
7.31391787529	-1368
7.31407904625	-1368
7.31422495842	-1368
7.31438183784	-1368
7.31454086304	-1368
7.31469202042	-1368
7.31485891342	-1368
7.31501603127	-1368
7.31517386436	-1368
7.31545996666	-1368
7.31562685966	-1368
7.31577396393	-1368
7.31646800041	-1368
7.31661391258	-1368
7.31676697731	-1368
7.31721591949	-1368
7.31727695465	-1368
7.31730699539	-1368
7.31821703911	-1368
7.3182759285	-1368
7.31828403473	-1368
7.3196208477	-1368
7.3196978569	-1368
7.31972289085	-1368
7.32021999359	-1368
7.32025098801	-1368
7.32027983665	-1368
7.32148194313	-1368
7.32150888443	-1368
7.3215379715	-1368
7.32273387909	-1368
7.32281398773	-1368
7.32284188271	-1368
7.32407999039	-1368
7.32735204697	-1368
7.3280980587	-1368
7.32817482948	-1368
7.33016490936	-1368
7.33020091057	-1368
7.33022594452	-1368
7.33095002174	-1368
7.33099484444	-1368
7.33103489876	-1368
7.33194494247	-1368
7.33196997643	-1368
7.33199691772	-1368
7.33289694786	-1368
7.33291983604	-1368
7.33357405663	-1368
7.33360004425	-1368
7.33362793922	-1368
7.33466792107	-1368
7.33469104767	-1368
7.33469796181	-1368
7.33565783501	-1368
7.33568096161	-1368
7.3357629776	-1368
7.33613085747	-1368
7.33683896065	-1368
7.33685493469	-1368
7.33686995506	-1368
7.33715105057	-1368
7.3372168541	-1368
7.33749389648	-1368
7.33792901039	-1368
7.33796095848	-1368
7.33816599846	-1368
7.33850002289	-1368
7.33853006363	-1368
7.33873987198	-1368
7.33939385414	-1368
7.33942294121	-1368
7.34490895271	-1368
7.34634995461	-1368
7.34637403488	-1368
7.34720897675	-1368
7.34832191467	-1368
7.34834504128	-1368
7.34837388992	-1368
7.34916496277	-1368
7.34918785095	-1368
7.34922289848	-1368
7.35003495216	-1368
7.35006093979	-1368
7.3500919342	-1368
7.35097193718	-1368
7.35306406021	-1368
7.35316300392	-1368
7.35488390923	-1368
7.35493588448	-1368
7.35494494438	-1368
7.35539793968	-1368
7.35542392731	-1368
7.35545086861	-1368
7.35550904274	-1368
7.35731101036	-1368
7.35733890533	-1368
7.35743188858	-1368
7.35814905167	-1368
7.35817599297	-1368
7.35820484161	-1368
7.36017894745	-1368
7.36020493507	-1368
7.36023283005	-1368
7.36085796356	-1368
7.36088395119	-1368
7.36091399193	-1368
7.36312294006	-1368
7.36323904991	1116
7.36326599121	-1368
7.36328983307	-1368
7.37263083458	-360
7.38474202156	-1368
7.38478183746	-1368
7.38479185104	-1368
7.38736605644	-1368
7.38739395142	-1368
7.38901901245	-1368
7.39051985741	-1368
7.39054584503	-1368
7.39173793793	-1368
7.39300489426	-1368
7.39305090904	-1368
7.39398884773	-1368
7.39610004425	-1368
7.39627885818	-1368
7.39657998085	-1368
7.39674687386	-1368
7.39694285393	-1368
7.39696502686	-1368
7.39697790146	-1368
7.39703989029	-1368
7.39726305008	-1368
7.39731788635	-1368
7.39735484123	1368
7.39803004265	-1368
7.39883589745	-1368
7.39886188507	-1368
7.39899897575	1368
7.39950990677	1368
7.39957284927	-1368
7.40017390251	-1368
7.4002020359	-1368
7.40067887306	1368
7.40076184273	-1368
7.40178084373	-1368
7.40207600594	1368
7.40331292152	1368
7.40460896492	1368
7.40751290321	1368
7.41294193268	-1368
7.41299295425	-1368
7.41310095787	-1368
7.41313099861	-1368
7.42333388329	-1368
7.42336392403	-1368
7.42557883263	-1368
7.4256029129	-1368
7.42565989494	-1368
7.42568802834	-1368
7.42571687698	-1368
7.42574691772	-1368
7.42694091797	-1368
7.42697691917	-1368
7.42699384689	-1368
7.42704105377	-1368
7.42720293999	1368
7.42740797997	-1368
7.42743492126	-1368
7.42746591568	-1368
7.42749190331	-1368
7.42753696442	-1368
7.4275560379	-1368
7.42759490013	-1368
7.42761397362	-1368
7.42764401436	-1368
7.42770695686	-1368
7.42773485184	-1368
7.42776298523	-1368
7.42806982994	-1368
7.42809796333	-1368
7.42865800858	-1368
7.42868590355	-1368
7.42909383774	-1368
7.42911982536	-1368
7.42924499512	-1368
7.4306910038	-1368
7.43074083328	-1368
7.43074703217	-1368
7.43076705933	-1368
7.43224000931	-1368
7.43227386475	-1368
7.43265891075	-1368
7.4326839447	-1368
7.43271303177	-1368
7.43274092674	-1368
7.43284392357	-1368
7.43287491798	-1368
7.43398594856	-1368
7.43416404724	-1368
7.43419098854	-1368
7.43520498276	-1368
7.4352209568	-1368
7.43532395363	-1368
7.43535804749	-1368
7.43538784981	-1368
7.43541383743	-1368
7.43657183647	-1368
7.43664884567	-1368
7.44005799294	-1368
7.440117836	-1368
7.44059801102	-1368
7.44063591957	-1368
7.44066286087	-1368
7.44067001343	-1368
7.44097685814	1368
7.44264101982	-1368
7.442663908	-1368
7.44268798828	-1368
7.4427189827	-1368
7.44275093079	-1368
7.44277882576	-1368
7.44350099564	-1368
7.44351601601	-1368
7.44353604317	-1368
7.44356489182	-1368
7.44360899925	-1368
7.44364595413	-1368
7.44442200661	-1368
7.44444799423	-1368
7.44447898865	-1368
7.44450902939	-1368
7.44453501701	-1368
7.4445669651	-1368
7.44538593292	-1368
7.44540691376	-1368
7.4454228878	-1368
7.44545388222	-1368
7.44606304169	-1368
7.44609904289	-1368
7.44612789154	-1368
7.44616699219	-1368
7.44618391991	-1368
7.44621992111	-1368
7.44702196121	1368
7.4472899437	-1368
7.44731497765	-1368
7.44734787941	-1368
7.44737792015	-1368
7.44744086266	-1368
7.44746899605	-1368
7.44833493233	-1368
7.44836091995	-1368
7.44840502739	-1368
7.44844794273	-1368
7.44847202301	-1368
7.44849801064	-1368
7.4486758709	-1368
7.44871497154	-1368
7.44945192337	-1368
7.44948291779	-1368
7.44950699806	-1368
7.44952893257	-1368
7.44957089424	-1368
7.44962501526	-1368
7.44980597496	-1368
7.44983506203	-1368
7.44986104965	-1368
7.44989085197	-1368
7.44995498657	-1368
7.4499809742	-1368
7.45041799545	-1368
7.45044183731	-1368
7.45046806335	-1368
7.450496912	-1368
7.45062088966	-1368
7.45065283775	-1368
7.45099687576	-1368
7.45102286339	-1368
7.45105004311	-1368
7.45111703873	-1368
7.45120787621	-1368
7.4512360096	-1368
7.45244288445	-1368
7.45246505737	-1368
7.45734405518	1368
7.45737290382	-1368
7.45738101006	-1368
7.45881390572	-1368
7.45883893967	-1368
7.45886397362	-1368
7.45889687538	-1368
7.45965504646	-1368
7.45967793465	-1368
7.46075391769	-1368
7.46077895164	-1368
7.46080899239	-1368
7.46083688736	-1368
7.46086597443	-1368
7.46089696884	-1368
7.46164298058	-1368
7.46166992188	-1368
7.46168589592	1368
7.46169805527	-1368
7.46172690392	-1368
7.46267294884	-1368
7.46365594864	-1368
7.4647538662	-1368
7.46556687355	-1368
7.47059988976	-1368
7.4708878994	1368
7.47291898727	-1368
7.47294092178	-1368
7.47582888603	1368
7.47584199905	1368
7.47596502304	1368
7.4766368866	543
7.50312185287	-1368
7.5031619072	375
7.50316905975	-1368
7.50422286987	-1368
7.50424599648	-1368
7.50595998764	-1368
7.50598883629	-1368
7.50602602959	-1368
7.50605487823	-1368
7.50640797615	-1368
7.50643587112	-1368
7.50858902931	-1368
7.50861501694	-1368
7.50923299789	-1368
7.5092689991	-1368
7.50930285454	-1368
7.50934195518	-1368
7.50936985016	-1368
7.50940394402	-1368
7.50961494446	-1368
7.50967097282	-1368
7.50967788696	-57
7.50996184349	-1368
7.50999093056	-1368
7.51078891754	-1368
7.51172304153	-1368
7.5117828846	-1368
7.51231789589	-1368
7.51309490204	-1368
7.51312804222	-1368
7.51327204704	1368
7.51392793655	-1368
7.51539587975	-1368
7.51544499397	-1368
7.5154709816	-1368
7.51591300964	-1368
7.51595187187	-1368
7.51665782928	-1368
7.51741504669	-1368
7.51744389534	-1368
7.518034935	-1368
7.51858901978	-1368
7.51861786842	-1368
7.51907706261	-1368
7.52035284042	-1368
7.52038884163	-1368
7.52040100098	-1368
7.52089691162	-1368
7.52092504501	-1368
7.52095484734	-1368
7.52719187737	-1368
7.52835798264	-1368
7.52838802338	-1368
7.52886605263	-1368
7.52888584137	-1368
7.52891683578	-1368
7.52916884422	-1368
7.52919387817	-1368
7.52922296524	-1368
7.52976584435	-1368
7.5297908783	-1368
7.52981805801	-1368
7.53017187119	-1368
7.53019785881	-1368
7.53022694588	-1368
7.53101086617	-1368
7.531031847	-1368
7.53106188774	-1368
7.5313129425	-1368
7.53155088425	-1368
7.53161501884	-1368
7.53552794456	1368
7.53586006165	1368
7.54319500923	-1368
7.543227911	-1368
7.54324483871	-1368
7.55626296997	-1368
7.55629587173	-1368
7.55630803108	-1368
7.56309485435	-1368
7.56324505806	-1368
7.56331992149	-1368
7.5671620369	-1368
7.56919503212	-1368
7.5692179203	-1368
7.57078790665	-1368
7.57081198692	-1368
7.57084202766	-1368
7.5726878643	-1368
7.5745549202	-1368
7.57638502121	-1368
7.5764169693	-1368
7.57643485069	-1368
7.57801890373	-1368
7.57804489136	-1368
7.57806801796	-1368
7.57833504677	1368
7.58099603653	-1368
7.58102202415	-1368
7.5810508728	-1368
7.58241200447	-1368
7.5825278759	-1368
7.5834569931	-1368
7.5835108757	-1368
7.58351802826	-1368
7.58681488037	-1368
7.58685183525	-1368
7.5868768692	-1368
7.58858895302	-1368
7.58983182907	-1368
7.5898630619	-1368
7.5913848877	-1368
7.59401297569	-1368
7.59415698051	-1368
7.594176054	-1368
7.59532499313	-1368
7.59536004066	-1368
7.59635996819	-1368
7.59683394432	-543
7.59706783295	-1368
7.59709596634	-1368
7.59792685509	-1368
7.59878802299	-1368
7.59881305695	-1368
7.59961295128	-1368
7.60106897354	-1368
7.60110187531	-1368
7.60111498833	-1368
7.6017768383	-1368
7.60180282593	-1368
7.60244202614	-1368
7.60284590721	-1368
7.60287094116	-1368
7.60290002823	-1368
7.6029188633	1368
7.60372400284	-1368
7.60376882553	-1368
7.60379695892	-1368
7.60423898697	-1368
7.60426998138	-1368
7.60483789444	-1368
7.6048719883	-1368
7.60489296913	-1368
7.60592603683	-1368
7.60595488548	-1368
7.60598397255	-1368
7.60706090927	-1368
7.60708594322	-1368
7.60711789131	-1368
7.60830283165	-1368
7.61005496979	-1368
7.61008191109	-1368
7.61010885239	-1368
7.61105394363	-1368
7.61108183861	-1368
7.61179995537	-1368
7.61241102219	-1368
7.61242890358	-1368
7.61244487762	-1368
7.61347603798	-1368
7.61348891258	-1368
7.61350488663	-1368
7.6149289608	-1368
7.61494898796	-1368
7.61495399475	-1368
7.61529898643	-1368
7.61530995369	-1368
7.61532688141	-1368
7.61623501778	-1368
7.61625695229	1276
7.61626601219	-1368
7.6167318821	-1368
7.61675190926	-1368
7.61710000038	-1368
7.61712503433	-1368
7.61715483665	-1368
7.61769986153	-1368
7.61771583557	-1368
7.61824584007	-1368
7.61827492714	-1368
7.61830186844	-1368
7.61953091621	-1368
7.61956501007	-1368
7.61959385872	-1368
7.6209218502	-1368
7.62094593048	-1368
7.62099695206	-1368
7.62119984627	1368
7.62187504768	-1368
7.62205386162	-269
7.62221693993	-1368
7.62225484848	-1368
7.62250185013	-1368
7.62252998352	-1368
7.62254786491	-1368
7.62291097641	-1368
7.62295484543	-1368
7.6229789257	-1368
7.62348890305	-1368
7.62352204323	-1368
7.62354683876	-1368
7.62389802933	-1368
7.62405800819	-1368
7.62408995628	-1368
7.62417793274	-1368
7.62423992157	-1368
7.62425804138	-1368
7.62452292442	-1368
7.62455797195	-1368
7.62457704544	-1368
7.62487101555	-1368
7.62506985664	-1368
7.62509703636	-1368
7.62524104118	-1368
7.62544202805	-1368
7.62547087669	-1368
7.6257379055	-1368
7.62578892708	-1368
7.62581801414	-1368
7.62612891197	-1368
7.6264128685	-1368
7.6264629364	-1368
7.62649083138	-1368
7.62667489052	-1368
7.62670898438	-1368
7.62673401833	-1368
7.62710690498	-1368
7.62714099884	-1368
7.62717485428	-1368
7.6276409626	-1368
7.62766695023	-1368
7.62769389153	-1368
7.62782788277	-1368
7.62792682648	1368
7.62802791595	-1368
7.62805485725	-1368
7.62815403938	-1368
7.62818789482	-1368
7.62821388245	-1368
7.6284070015	-1368
7.62843298912	-1368
7.62846493721	-1368
7.62860584259	-1368
7.62863683701	-1368
7.62866401672	-1368
7.62881803513	-1368
7.62892699242	-1368
7.62895488739	-1368
7.62905192375	-1368
7.62908792496	-1368
7.62923693657	-1368
7.62926387787	-1368
7.62943005562	-1368
7.62946105003	-1368
7.62961387634	1368
7.62962198257	-1368
7.62965083122	-1368
7.62967801094	-1368
7.62980103493	-1368
7.62983798981	-1368
7.63008785248	-1368
7.6303088665	-1368
7.63035392761	-1368
7.63049602509	-1368
7.63059401512	-1368
7.63061785698	-1368
7.63067483902	-1368
7.6309568882	-1368
7.63098192215	-1368
7.63101100922	-1368
7.63113093376	-1368
7.63116598129	-1368
7.63119292259	-1368
7.63134598732	-1368
7.63137388229	-1368
7.63140106201	-1368
7.63159990311	-1368
7.63161587715	-1368
7.63164591789	-1368
7.63192605972	-1368
7.63195085526	-1368
7.63197898865	-1368
7.63200688362	-1368
7.63204693794	-1368
7.63207602501	-1368
7.63239097595	-1368
7.63241887093	-1368
7.63244605064	-1368
7.63276100159	-1368
7.63295102119	-1368
7.63298106194	-1368
7.63308000565	-1368
7.63327884674	-1368
7.63331890106	-1368
7.63340687752	-1368
7.63342905045	-1368
7.63345694542	-1368
7.63369703293	-1368
7.63372683525	-1368
7.63375091553	-1368
7.63970398903	-1368
7.63972783089	-1368
7.63974189758	-1368
7.64083194733	-1368
7.64084982872	-1368
7.64137387276	-1368
7.64139986038	-1368
7.6416490078	-1368
7.64167284966	-1368
7.64170193672	-1368
7.6417298317	-1368
7.64228200912	-1368
7.64230799675	-1368
7.64262986183	-1368
7.64266586304	-1368
7.64269590378	-1368
7.6427218914	-1368
7.6435239315	-1368
7.64354801178	-1368
7.6437959671	-1368
7.64382505417	-1368
7.64408588409	-1368
7.64411401749	-1368
7.64526987076	1368
7.65569400787	-1368
7.65571784973	-1368
7.66877698898	-1368
7.66880702972	-1368
7.66882896423	-1368
7.66883897781	-1368
7.66923904419	1368
7.67576694489	-1368
7.67579197884	-1368
7.67961597443	-1368
7.67963790894	-1368
7.68169188499	-1368
7.68171882629	-1368
7.68326497078	-1368
7.68328690529	-1368
7.68518090248	-1368
7.68520498276	-1368
7.68522787094	-1368
7.68893885612	-1368
7.68897199631	-1368
7.68899083138	-1368
7.68901586533	-1368
7.69048905373	-1368
7.69052004814	-1368
7.69095802307	-1368
7.69356703758	-1368
7.69359183311	-1368
7.69496703148	-1368
7.69502091408	-1368
7.69598698616	-1368
7.6960170269	-1368
7.69607186317	-1368
7.69608402252	-1368
7.6993329525	-1368
7.69939494133	-1368
7.70106291771	-1368
7.7010910511	-1368
7.70185899734	-543
7.70212292671	543
7.70247483253	-1368
7.70250201225	-1368
7.70276904106	1368
7.70667290688	-1368
7.70675897598	-1368
7.70680499077	-1368
7.70681190491	-1368
7.70783805847	-1368
7.70787096024	-1368
7.70957398415	-1368
7.70964384079	-1368
7.7105858326	-1368
7.71061205864	-1368
7.71129488945	-1368
7.71130800247	-1368
7.71356987953	-1368
7.71359491348	-1368
7.71362090111	-1368
7.71364998817	-1368
7.71367692947	-1368
7.71421694756	-1368
7.7142469883	-1368
7.7153608799	-1368
7.71538496017	-1368
7.71538996696	-1368
7.71541905403	-1368
7.71567702293	1368
7.71623086929	-1368
7.71625089645	-1368
7.71668696404	-1368
7.71669983864	-1368
7.71725797653	-1368
7.71728086472	-1368
7.71730995178	-1368
7.71733784676	-1368
7.71842384338	-1368
7.71844506264	-1368
7.71954488754	-1368
7.71956396103	-1368
7.71957683563	-1368
7.71960496902	-1368
7.72256588936	-1368
7.72257590294	-1368
7.72260594368	-1368
7.72263383865	-1368
7.72358083725	-1368
7.72359395027	-1368
7.72486996651	-1368
7.72488093376	-1368
7.72490692139	-1368
7.72492599487	-1368
7.72601103783	-1368
7.72602200508	-1368
7.72745394707	-1368
7.727465868	-1368
7.72747993469	-1368
7.72750782967	-1368
7.72753691673	-1368
7.72776293755	-1368
7.72785186768	-1368
7.72923493385	-1368
7.72925186157	1255
7.72925591469	-1368
7.72942495346	-1368
7.72944188118	-1368
7.72978305817	-1368
7.7297949791	-1368
7.72982501984	-1368
7.72985386848	-1368
7.73040699959	-1368
7.73041796684	-1368
7.73095488548	-1368
7.73098492622	-1368
7.73215198517	-1368
7.7321870327	-1368
7.73220992088	-1368
7.73223900795	-1368
7.73338699341	-1368
7.7334189415	-1368
7.73381400108	-1368
7.73450183868	-1368
7.73453092575	-1368
7.73476195335	-1368
7.73477387428	-1368
7.73504400253	-1368
7.73507905006	-1368
7.73520493507	-114
7.73538684845	1368
7.73552703857	-1368
7.73555397987	-1368
7.73590183258	-1368
7.73600292206	-1368
7.73603200912	-1368
7.7360599041	-1368
7.7363948822	-1368
7.73640704155	-1368
7.7365629673	-1368
7.73657393456	-1368
7.73666501045	-1368
7.73713493347	-1368
7.73714590073	-1368
7.73760795593	-1368
7.73762392998	-1368
7.73765206337	-1368
7.73820495605	-1368
7.73821687698	-1368
7.73824691772	-1368
7.7387919426	-1368
7.73880696297	-1368
7.73883485794	-1368
7.7395169735	-1368
7.74023604393	-1368
7.7402639389	-1368
7.74059891701	-1368
7.74062800407	-1368
7.74065303802	-1368
7.74103689194	-1368
7.74106502533	-1368
7.74109196663	-1368
7.74153184891	-1368
7.74154305458	-1368
7.74157094955	-1368
7.7416009903	-1368
7.74253988266	-1368
7.74256801605	-1368
7.74312400818	-1368
7.74315500259	-1368
7.74318194389	-1368
7.7433848381	-1368
7.7434399128	-1368
7.74378299713	-1368
7.7440829277	-1368
7.74411201477	-1368
7.74413704872	-1368
7.74467802048	-1368
7.7450158596	-1368
7.745043993	-1368
7.74506902695	-1368
7.74534106255	-1368
7.74537086487	-1368
7.74586486816	-1368
7.7463350296	-1368
7.74636697769	-1368
7.74679398537	-1368
7.74700498581	1368
7.74714183807	-1368
7.74717092514	-1368
7.74758887291	-1368
7.7484998703	-1368
7.74852705002	-1368
7.74854803085	-1368
7.74871897697	-1368
7.74874782562	-1368
7.74877595901	-1368
7.74960398674	-1368
7.74962902069	-1368
7.74965906143	-1368
7.75182104111	-1368
7.75191092491	-1368
7.75196290016	-1368
7.75307393074	-1368
7.75314688683	-1368
7.75315594673	-1368
7.75341796875	-1368
7.77593493462	-1368
7.77614593506	1368
7.78015303612	-1368
7.78017306328	-1368
7.78572893143	-1368
7.78576683998	-1368
7.78578305244	-1368
7.78897285461	-1368
7.78900098801	-1368
7.7890059948	-1368
7.79429483414	-1368
7.79431200027	-1368
7.79466199875	-1368
7.79467487335	-1368
7.79469299316	-1368
7.79658603668	-1368
7.79660391808	-1368
7.79661893845	-1368
7.79724788666	-1368
7.79725885391	-1368
7.79727482796	-1368
7.79863786697	-1368
7.79878091812	-1368
7.79880905151	-1368
7.8017718792	-1368
7.80178594589	-1368
7.80180191994	-1368
7.80184292793	-1368
7.8023879528	-1368
7.80240082741	-1368
7.80243992805	-1368
7.80349397659	-1368
7.80351185799	-1368
7.80351996422	-1368
7.80466890335	-1368
7.80468893051	-1368
7.80471801758	-1368
7.80532193184	-1368
7.80534005165	-1368
7.80700492859	-1368
7.8070230484	-1368
7.80703186989	-1368
7.80734586716	-1368
7.80735588074	-1368
7.80737400055	-1368
7.80766701698	-1368
7.80777096748	-1368
7.80779886246	-1368
7.80782985687	-1368
7.80793595314	1368
7.81012487411	-1368
7.81013798714	-1368
7.8101708889	-1368
7.81121087074	-1368
7.81122803688	-1368
7.81124591827	-1368
7.81147003174	-1368
7.81148099899	-1368
7.81151390076	-1368
7.81460404396	-1368
7.81462287903	-1368
7.81462693214	-1368
7.81579899788	-1368
7.81581902504	-1368
7.81582999229	-1368
7.81613183022	-1368
7.81614899635	-1368
7.81615805626	-1368
7.81641793251	-1368
7.81644392014	-1368
7.81650400162	-1368
7.81696891785	-1368
7.81733798981	-1368
7.81734895706	-1368
7.81810498238	-1368
7.81811690331	-1368
7.81843805313	-1368
7.8186788559	1368
7.81885790825	-1368
7.8192448616	-1368
7.81962203979	-1368
7.81964302063	-1368
7.81994700432	-1368
7.81998801231	-1368
7.82002782822	-1368
7.82034802437	-1368
7.82071089745	-1368
7.82073688507	-1368
7.82113599777	-1368
7.82146501541	-1368
7.82149386406	-1368
7.82176303864	-1368
7.82241487503	-1368
7.82242584229	-1368
7.8224439621	-1368
7.82275295258	-1368
7.82276988029	-1368
7.82308006287	-1368
7.82338905334	-1368
7.8234000206	-1368
7.8237080574	-1368
7.82402205467	-1368
7.8240339756	-1368
7.82434892654	-1368
7.82526302338	-1368
7.82528996468	-1368
7.82612991333	-1368
7.82614183426	-1368
7.82617092133	-1368
7.82646584511	-1368
7.82699298859	-1368
7.82702898979	-1368
7.8282148838	-1368
7.82823586464	-1368
7.82826304436	-1368
7.82836604118	-1368
7.82850885391	1368
7.82915687561	-1368
7.82917904854	-1368
7.82961893082	-1368
7.82965087891	-1368
7.82991886139	-1368
7.82997488976	-1368
7.82999992371	-1368
7.83046603203	-1368
7.830493927	-1368
7.8305208683	-1368
7.83090496063	-1368
7.83091902733	-1368
7.8319849968	-1368
7.8319978714	-1368
7.83202505112	-1368
7.83205294609	-1368
7.83501505852	-1368
7.83504295349	-1368
7.83510684967	-1368
7.83527183533	1368
7.83640193939	-1368
7.83641505241	-1368
7.83661293983	-1368
7.8388838768	-1368
7.83890986443	-1368
7.84103989601	-1368
7.84226894379	-1368
7.84228992462	198
7.84229397774	-1368
7.84230089188	-1368
7.84439301491	-1368
7.84440493584	-1368
7.84481787682	-1368
7.84496283531	-1368
7.84499287605	-1368
7.84531998634	-1368
7.84552502632	-1368
7.84556603432	-1368
7.84559392929	-1368
7.8470890522	-1368
7.84709882736	-1368
7.84713101387	-1368
7.8478770256	-129
7.85123896599	-1368
7.8512609005	-1368
7.85126686096	-1368
7.85165500641	-1368
7.85166692734	-1368
7.85212397575	-1368
7.85213494301	-1368
7.85215187073	-1368
7.85328388214	-1368
7.8538210392	-1368
7.85383296013	-1368
7.85384702682	-1368
7.85433888435	-1368
7.85435605049	-1368
7.85436987877	-1368
7.85465598106	-1368
7.85468196869	-1368
7.85470986366	-1368
7.85515785217	-1368
7.85517501831	-1368
7.85518884659	-1368
7.8553609848	1368
7.85555195808	-1368
7.8559589386	-1368
7.85597586632	-1368
7.85630893707	-1368
7.856320858	-1368
7.85635304451	-1368
7.85697388649	-1368
7.85698890686	-1368
7.85701489449	-1368
7.85741686821	-1368
7.85742688179	-1368
7.85745882988	-1368
7.85767602921	-1368
7.85790801048	-1368
7.85793590546	-1368
7.85856986046	-1368
7.85859704018	-1368
7.85902285576	-1368
7.85904097557	-1368
7.85939097404	-1368
7.85940384865	-1368
7.85942983627	-1368
7.8600859642	-1368
7.8601038456	-1368
7.86011505127	-1368
7.86050796509	-1368
7.86052489281	-1368
7.86053705215	-1368
7.8618118763	-1368
7.86182594299	-1368
7.86185193062	-1368
7.865254879	-1368
7.86527490616	-1368
7.93269085884	-543
7.93465995789	-1368
7.93467903137	-1368
7.93469190598	-1368
7.93486189842	1368
7.93532586098	-1368
7.93533682823	-1368
7.93661904335	-1368
7.93663191795	-1368
7.93736696243	-1368
7.93737888336	-1368
7.93739485741	-1368
7.93793797493	-1368
7.93795704842	-1368
7.93796801567	-1368
7.93889784813	-1368
7.9389090538	-1368
7.93892788887	-1368
7.94021105766	-1368
7.94539785385	-1368
7.94541788101	-1368
7.9546020031	522
7.95976901054	-1368
7.95978689194	-1368
7.95980000496	-1368
7.96101498604	-1368
7.96103286743	-1368
7.96104288101	-1368
7.96176099777	-1368
7.96177697182	-1368
7.96179389954	-1368
7.96235084534	-1368
7.96384596825	-559
7.96755003929	-1368
7.96758294106	-1368
7.96758794785	-1368
8.06708288193	1086
8.07994294167	-609
8.11371397972	-543
8.25528788567	543
8.25824403763	1368
8.25918793678	1368
8.26068902016	1368
8.37076187134	754
8.40429782867	-543
8.40519690514	-1368
8.40520882607	-1368
8.4057738781	-1368
8.40578484535	-1368
8.40580296516	-1368
8.40741586685	-1368
8.40743494034	-1368
8.40752005577	-1368
8.407736063	-1368
8.40776205063	-1368
8.40778899193	-1368
8.40981698036	-1368
8.40983486176	-1368
8.40984797478	-1368
8.41289401054	-1368
8.41290688515	-1368
8.41292190552	-1368
8.413189888	-1368
8.41321396828	-1368
8.41324305534	-1368
8.41737794876	-1368
8.41739392281	-1368
8.43586087227	-1368
8.43632888794	1368
8.48721694946	-1368
8.48725700378	261
8.50784897804	1368
8.51673102379	-615
8.51715397835	1368
8.59976696968	1007
8.61448097229	-1368
8.61450195312	-1368
8.61451888084	-1368
8.62973189354	-638
8.64771199226	-1368
8.64773392677	-1368
8.65354394913	-1368
8.65372896194	1368
8.65660190582	-1368
8.65662503242	-1368
8.65928697586	-1368
8.65979790688	-1368
8.66187000275	-1368
8.66189193726	-1368
8.72658491135	1368
8.74041199684	1368
8.74214792252	-770
8.74217987061	240
8.78680300713	543
8.81084489822	1368
8.81602287292	-1368
8.81604385376	-1368
8.82096290588	1368
8.82674193382	-1368
8.83083891869	1368
8.83985686302	-1368
8.83991289139	-1368
8.84465694427	-1368
8.84665703773	-1368
8.84677696228	-1368
8.85358786583	-1368
8.85461187363	-799
8.8546359539	1007
8.87964200974	-1368
8.88091397285	-1368
8.88094186783	-1368
8.92360591888	-1368
8.92892003059	804
8.94681596756	-1368
8.96710991859	-74
8.96721696854	1086
9.00268602371	-1368
9.00317192078	1368
9.0121178627	-543
9.05928397179	-1368
9.0797419548	-522
9.07978391647	261
9.13459992409	-1368
9.13463282585	-1368
9.1395778656	-1368
9.14029598236	-1368
9.14033889771	-1368
9.14037799835	-1368
9.15102505684	-1368
9.1519780159	-1368
9.15228700638	543
9.1527428627	-1368
9.15404486656	-261
9.15712285042	1368
9.16058683395	1368
9.16066503525	1368
9.19210505486	-111
9.19213104248	638
9.28723502159	-1368
9.28726887703	-1368
9.29073286057	-1368
9.29427695274	1086
9.30450797081	-124
9.30457687378	1086
9.33362293243	-1086
9.357847929	-1368
9.35857796669	1368
9.39645004272	1368
9.39646196365	1368
9.39661192894	1368
9.41717600822	-1347
9.41725802422	298
9.41925191879	1368
9.47574901581	-1086
9.47578406334	1086
9.47969293594	1368
9.47970700264	1368
9.52977991104	-1086
9.52980995178	667
9.55470204353	-1368
9.55709600449	-1368
9.55712985992	-1368
9.584856987	-1368
9.58674883842	-1368
9.61782503128	-1086
9.61784982681	543
9.62115693092	1368
9.62119984627	1368
9.64231085777	-1131
9.64233994484	464
9.64294099808	1368
9.71972584724	-1368
9.72301983833	-1368
9.72839093208	-1368
9.73661899567	-1368
9.74008083344	1368
9.75476503372	-240
9.75479698181	464
9.75989103317	-261
9.75990605354	543
9.76094198227	1368
9.81720995903	-1368
9.81918287277	-1368
9.81921005249	-1368
9.82741189003	-1368
9.82923698425	-1368
9.83476090431	1368
9.84906697273	1368
9.84907889366	1368
9.8672208786	-45
9.86725592613	812
9.86855101585	-1368
9.87577795982	1368
9.90195894241	-261
9.9022860527	543
9.93096590042	-1368
9.931401968	1368
9.9691889286	-1368
9.97972488403	-261
9.97975182533	1007
10.0318589211	-1368
10.0439078808	-746
10.0454978943	1368
10.0895659924	-1368
10.0924429893	-1065
10.0924859047	261
10.1178119183	-1368
10.1178388596	-1368
10.1178569794	-1368
10.11895895	-1368
10.1232628822	-1368
10.125551939	-1368
10.1256108284	-1368
10.1296069622	-1368
10.1304209232	1368
10.1311559677	-1368
10.1394040585	1368
10.1394178867	1368
10.1715459824	-1368
10.1716239452	-1368
10.1766688824	1368
10.1856489182	-1368
10.1860909462	-746
10.186907053	-1368
10.1870179176	-1368
10.1870539188	-1368
10.2049388885	-844
10.2049708366	899
10.213326931	1368
10.2473418713	-1368
10.266669035	-1368
10.2794089317	-1368
10.3175778389	-1326
10.3176498413	1347
10.3289279938	1368
10.328938961	1368
10.3469789028	-1368
10.3489918709	-1368
10.3490929604	-1368
10.3496079445	-1368
10.3496398926	-1368
10.4302508831	-1102
10.4303278923	377
10.5332648754	-1368
10.5338180065	1368
10.5410139561	-1368
10.5421609879	-1368
10.5427558422	-211
10.5427849293	804
10.655274868	543
10.6632299423	-543
10.6844379902	-1368
10.6899888515	-1368
10.6900229454	-1368
10.6900408268	-1368
10.7349858284	-1368
10.745331049	-1368
10.7969179153	-791
10.7969460487	1086
10.9094529152	-543
10.9375779629	-1368
10.9376130104	-1368
10.9376208782	-1368
11.0499749184	-95
11.5162608624	1057
11.5174570084	1368
11.6299419403	1318
11.6853878498	-543
11.6870059967	-1368
11.6870698929	-1368
11.6883900166	-1368
11.6884489059	-1368
11.6884708405	-1368
11.690310955	-1368
11.6903569698	-1368
11.6903748512	-1368
11.6930930614	-1368
11.6931300163	-1368
11.6931419373	-1368
11.6934130192	-1368
11.6934380531	-1368
11.6937599182	-1368
11.6954660416	-1368
11.6955080032	-1368
11.6958549023	-1368
11.6963529587	-1368
11.6963748932	-1368
11.6966588497	-1368
11.6968538761	-1368
11.6968810558	-1368
11.6970770359	-1368
11.7002539635	-1368
11.7003898621	-1368
11.7004709244	-1368
11.7011499405	-1368
11.7012078762	-1368
11.7012498379	-1368
11.7016808987	-1368
11.7017168999	-1368
11.7022609711	-1368
11.7023489475	-1368
11.7023749352	-1368
11.7025990486	-1368
11.7026278973	-1368
11.702657938	-1368
11.7029528618	-1368
11.7029788494	-1368
11.7030210495	-1368
11.7030580044	1368
11.704777956	-1368
11.7048728466	-1368
11.7049250603	-1368
11.7079498768	-1368
11.7080779076	-1368
11.708122015	-1368
11.7093110085	-1368
11.7098388672	-1368
11.7098870277	-1368
11.7105808258	-1368
11.7106108665	-1368
11.7106380463	-1368
11.7117679119	-1368
11.7118439674	-1368
11.7118928432	-1368
11.7133870125	-1368
11.7134749889	-1368
11.7134900093	-1368
11.7144458294	-1368
11.7154438496	-1368
11.7154810429	-1368
11.7160198689	-1368
11.7160508633	-1368
11.7160689831	-1368
11.716917038	-1368
11.7169258595	-1368
11.7169439793	-1368
11.717386961	1368
11.7182798386	-1368
11.7188768387	-1368
11.7189028263	-1368
11.7193238735	-1368
11.7199208736	-1368
11.7199778557	-1368
11.7202880383	-1368
11.7203128338	-1368
11.720348835	-1368
11.7214269638	-1368
11.7214620113	-1368
11.7214808464	-1368
11.7229800224	-1368
11.7230100632	-1368
11.7230298519	-1368
11.7245030403	-1368
11.7254860401	-1368
11.7255139351	-1368
11.725883007	-1368
11.7259089947	-1368
11.7259390354	-1368
11.7272779942	-1368
11.7273068428	-1368
11.7273280621	-1368
11.7276010513	1368
11.7284908295	-1368
11.7285189629	-1368
11.7285490036	-1368
11.7292490005	-1368
11.7296488285	-1368
11.7296769619	-1368
11.7301108837	-1368
11.7301399708	-1368
11.7301678658	-1368
11.7305109501	-1368
11.7305388451	-1368
11.7821469307	240
11.7979090214	-1100
11.8478560448	-1368
11.8560898304	-1368
11.8608250618	-1368
11.863134861	-1368
11.8631658554	-1368
11.9087569714	1368
11.9106588364	-1102
11.9107649326	775
11.9160480499	1368
12.0235729218	232
12.0525000095	-543
12.059114933	-1368
12.0591819286	-1368
12.0592160225	-1368
12.059543848	-1368
12.059746027	-1368
12.1714930534	-559
12.1797549725	543
12.1814639568	543
12.2922589779	-543
12.416574955	-543
12.4168989658	543
12.4439668655	-543
12.6442790031	-543
12.6527729034	-1368
12.6656529903	1057
12.7950239182	-1231
12.8064889908	-543
12.8065319061	543
12.9510529041	-543
12.9662208557	543
12.9998779297	543
13.1123979092	-543
13.1129639149	543
13.2545490265	-543
13.2589888573	-1368
13.2590289116	-1368
13.2612638474	-1368
13.2661628723	-1368
13.3713638783	-327
13.3838758469	543
13.3840990067	543
13.5278038979	-543
13.6091828346	-543
13.6673738956	1057
13.751210928	-543
13.8201839924	543
13.963285923	-543
14.0001239777	543
14.0766060352	-543
14.0920639038	543
14.223553896	-543
14.2240018845	543
14.355825901	-543
14.3577229977	-1368
14.4702730179	-1231
14.4722559452	543
14.4799480438	543
14.6080110073	-543
14.6888179779	-543
14.6890790462	543
14.8998789787	-543
14.906981945	-1368
15.0490949154	-203
15.0514159203	1057
15.2223808765	-543
15.3348908424	-1086
15.3508608341	1057
15.5335409641	-543
15.68400383	-543
15.7033660412	543
15.8349308968	-543
15.8352789879	543
15.9720549583	-543
15.9747159481	-1368
16.087198019	-1231
16.0925719738	543
16.0926990509	543
16.2291178703	-543
16.3167610168	-543
16.4589259624	-543
16.4609780312	543
16.667798996	1057
16.715793848	-543
16.7970299721	-1368
16.8184599876	543
16.8281970024	-232
16.9922230244	-543
16.9933290482	543
17.1358828545	-543
17.1387400627	-1368
17.1387839317	-1368
17.1388339996	-1368
17.1444809437	-1368
17.2511408329	-298
17.2609109879	543
17.4134919643	543
17.4474630356	-543
17.5767049789	-1368
17.5960359573	-746
17.6113598347	543
17.750207901	-543
17.8507540226	543
17.9804978371	-543
17.980561018	1057
17.9834220409	-1368
18.0001840591	543
18.0930800438	-203
18.2820298672	-543
18.3088638783	-543
19.0000669956	543
19.1962890625	-543
19.1974449158	543
19.3088159561	-543
19.7981309891	-543
20.4426999092	-543
20.4439539909	543
20.4447689056	-1368
20.4448070526	-1368
20.451417923	-1368
20.451474905	-1368
20.5552508831	-269
20.5563669205	543
20.9997220039	543
