0	-586
0.777129888535	240
0.90748500824	-751
0.909467935562	126
1.03862190247	-51
1.05088186264	38
1.17991304398	-1420
1.17993187904	-94
1.18038392067	1057
1.31345391273	-543
1.32213592529	543
1.34577608109	-543
1.46810889244	-543
1.4811398983	543
1.66672897339	-543
1.67119407654	1057
1.70371198654	-543
1.84534406662	-543
1.93283605576	-543
2.14662599564	543
2.14674186707	543
2.1468000412	543
2.14690804482	543
2.26636886597	-543
2.63663196564	-1420
2.63670897484	-1420
2.63675808907	-787
2.64998888969	-1420
2.65004205704	-1420
2.6500620842	-1264
2.67373490334	-1420
2.67378687859	-1316
2.73282194138	1057
2.7429049015	1057
2.7652490139	-1420
2.76531791687	-1420
2.76535701752	-853
2.7654030323	-1368
2.89338588715	-66
2.99588489532	-1368
2.99594402313	-1420
2.99597191811	-1316
2.99599695206	-1368
3.00676894188	-1420
3.00681686401	-1420
3.0068359375	-1264
3.02166700363	-277
3.03588104248	-1420
3.03593206406	-1316
3.03596496582	-1368
3.03616404533	543
3.12420606613	-1368
3.14964103699	-269
3.15189504623	543
3.17059588432	1057
3.27793693542	-543
3.35768699646	-1420
3.35770392418	-1420
3.35776090622	-1420
3.35776495934	-1420
3.35780000687	-1160
3.35780286789	-1368
3.37007403374	-1420
3.37008595467	-1420
3.37020587921	-1264
3.37020897865	-1420
3.37025308609	-1316
3.37025594711	-1368
3.37029290199	-1368
3.42128109932	543
3.42148590088	543
3.45042800903	-1420
3.45044088364	-1316
3.46127104759	543
3.46147489548	543
3.48592305183	-1420
3.48593902588	-423
3.48611688614	1057
3.54152798653	-1420
3.54154706001	-1316
3.54262804985	543
3.54281306267	543
3.60476589203	-1420
3.60478305817	-1420
3.60483908653	-1264
3.60836601257	543
3.6088950634	543
3.61169099808	543
3.61401104927	-414
3.62075209618	543
3.62382602692	543
3.62405395508	543
3.72500491142	-1368
3.72528004646	-1420
3.72534394264	-1420
3.72534799576	-1420
3.72539186478	-1212
3.72549796104	-1420
3.72553801537	-1420
3.72553992271	-1264
3.72579789162	-1368
3.73636198044	-1420
3.73640799522	-1316
3.73641204834	-1368
3.73665308952	1460
3.73670291901	1460
3.73673796654	1161
3.73682188988	603
3.73699498177	-1420
3.73699998856	-1420
3.73704504967	-1264
3.73731589317	-1420
3.73733997345	-1316
3.74041509628	-1368
3.75147604942	543
3.75169301033	543
3.75286507607	-1420
3.75287008286	-1316
3.85418105125	-1316
3.8543920517	543
3.90177893639	-1368
3.94837188721	-1368
3.95530891418	1460
3.95539593697	1460
3.95543193817	1161
3.95555400848	603
3.98251390457	-464
3.99268007278	-1368
3.99288392067	1460
3.99293804169	625
4.01466298103	-543
4.08588600159	-1420
4.08593201637	-1420
4.08598995209	-1420
4.08599305153	-1212
4.08603405952	-1420
4.08603692055	-1420
4.08609294891	-1264
4.08609700203	-1368
4.08613204956	-1420
4.08613395691	-1316
4.09332108498	1460
4.09341287613	1460
4.0934510231	1161
4.09353899956	603
4.09422302246	1460
4.09428501129	1460
4.09434700012	1161
4.09442901611	603
4.09838700294	-1420
4.09839200974	-1420
4.09843397141	-1264
4.11086797714	-185
4.11090993881	543
4.1279270649	-1368
4.15746498108	-1420
4.15748095512	-1316
4.15753602982	-1368
4.15768289566	-1420
4.15772294998	-1420
4.15772604942	-1264
4.17127108574	543
4.17148399353	543
4.19851493835	-1420
4.19853186607	-1316
4.21438503265	-1368
4.21470999718	-1420
4.21476697922	-1420
4.21477103233	-1264
4.21480607986	-1420
4.21480894089	-1316
4.21724295616	543
4.21749591827	543
4.21904087067	543
4.21926593781	543
4.22398686409	-1420
4.22399687767	-1316
4.22404909134	-1368
4.22427892685	-1368
4.22456288338	1460
4.22461795807	1460
4.22465395927	1161
4.22524905205	1117
4.23958086967	-1084
4.24339699745	-1368
4.29363393784	-1368
4.30036091805	-1420
4.30040407181	-1316
4.30061101913	-1420
4.30064296722	-1316
4.30126094818	-1368
4.30176305771	-1420
4.30176901817	-1316
4.30203294754	-1420
4.30203795433	-1316
4.3362839222	-1420
4.33629798889	-1316
4.36797809601	-952
4.44635009766	-1368
4.44650888443	-1368
4.44662189484	543
4.44707989693	-1368
4.44755387306	-1368
4.44785809517	-1368
4.4480240345	-1368
4.47868895531	-1368
4.48877000809	-1368
4.48896598816	-1368
4.49596905708	-285
4.50661706924	-1368
4.50663089752	-1368
4.54164600372	-1368
4.54808592796	-1420
4.54813694954	-1420
4.54814100266	-1264
4.56201791763	543
4.56241989136	-1368
4.56248903275	-1420
4.56251502037	-1316
4.5627989769	543
4.56285309792	-1420
4.56285595894	-1420
4.56285691261	-1264
4.56300902367	-1368
4.56324291229	-1368
4.56374502182	-1368
4.56387686729	-1420
4.56388187408	-1316
4.56399798393	-1420
4.56400203705	-1316
4.56474399567	-1420
4.56474900246	-1316
4.56895399094	543
4.56952190399	543
4.57443904877	-1420
4.57444596291	-1316
4.57473897934	-1420
4.57474303246	-1316
4.57588791847	-1420
4.57589197159	-1420
4.57592988014	-1264
4.57627892494	-1420
4.57628202438	-1316
4.61719799042	-1368
4.62448906898	-805
4.62461400032	543
4.68837499619	-1368
4.68883490562	-1368
4.68979501724	-1420
4.68980002403	-1316
4.69624209404	-1368
4.69688105583	-1368
4.69740891457	-1368
4.69752407074	-1368
4.71419501305	-1368
4.72115802765	-1420
4.72122001648	-1420
4.72122502327	-1264
4.72126293182	-1368
4.72146987915	-1420
4.72149395943	-1316
4.72154903412	-1368
4.72177600861	-1420
4.7217810154	-1316
4.72663187981	-1368
4.72669887543	-1420
4.7267229557	-1316
4.72685289383	543
4.75276899338	-491
4.76413607597	-1368
4.79076099396	-1368
4.80184197426	-1368
4.80218195915	-1368
4.8026599884	-1420
4.80270290375	-1420
4.80270504951	-1264
4.8040060997	-1368
4.82495498657	-1368
4.82545089722	-1420
4.82545590401	-1420
4.82549595833	-1264
4.82556891441	-1368
4.82573103905	-1420
4.82573604584	-1420
4.82577800751	-1264
4.82592487335	-1420
4.82598805428	-1420
4.8259909153	-1264
4.82651805878	-1420
4.82652306557	-1420
4.82660603523	-1264
4.82660889626	-1420
4.82664608955	-1316
4.82671308517	-1420
4.82673501968	-1316
4.8267788887	-1368
4.82683300972	-1368
4.82695603371	1057
4.83820295334	-1368
4.84964203835	-1420
4.84973907471	-1420
4.84974503517	-1420
4.84978890419	-1212
4.84979200363	-1420
4.84982705116	-1316
4.84982991219	-1420
4.84983086586	-1316
4.85005307198	-1420
4.85005688667	-1316
4.85016608238	-1368
4.85016798973	-1368
4.8551659584	-1368
4.86762595177	-1420
4.86766600609	-1316
4.87383699417	-1368
4.874106884	-1368
4.87417292595	543
4.89259004593	-1420
4.89260601997	-772
4.89277696609	543
4.9858379364	-1420
4.98585605621	-1420
4.98589491844	-1264
4.98699593544	-1420
4.9870300293	-1316
4.98757100105	-1420
4.98759293556	-1316
4.98761487007	543
4.9879629612	-1420
4.98796796799	-1316
4.98851490021	543
5.01412796974	-1420
5.01414394379	-1420
5.0142018795	-1264
5.02106404305	-206
5.06348609924	-1420
5.06350493431	-1316
5.0636909008	-1420
5.06369495392	-1420
5.06373405457	-1264
5.06482195854	-1420
5.06484889984	-1316
5.08807396889	-1420
5.08815097809	-1420
5.08815598488	-1264
5.08822607994	-1368
5.08839988708	-1368
5.08850288391	543
5.08903193474	-1368
5.08945202827	-1420
5.08949589729	-1420
5.08949899673	-1264
5.08996891975	-1420
5.08997392654	-1316
5.09037709236	-1420
5.09038209915	-1316
5.10484695435	-1420
5.10486388206	-1420
5.1049220562	-1264
5.18843793869	-810
5.18885588646	543
5.20975804329	-543
5.24689292908	-1420
5.24690794945	-1316
5.24727392197	-1420
5.24727892876	-1316
5.24771904945	-1420
5.24772405624	-1420
5.24776697159	-1264
5.24835801125	-1420
5.24840307236	-1316
5.24885702133	-1420
5.24888300896	-1316
5.24895787239	543
5.24916005135	-1368
5.24922704697	543
5.24955391884	-1368
5.28856897354	-1368
5.31691002846	-1126
5.32029700279	-1420
5.3203420639	-1316
5.32068586349	-1420
5.32075405121	-1316
5.32075786591	-1368
5.33051395416	-1420
5.33052897453	-1420
5.33058190346	-1264
5.35186100006	-1420
5.35192704201	-1420
5.35193109512	-1264
5.35225486755	-1420
5.35225987434	-1316
5.35239100456	-1368
5.35246992111	-1420
5.35249686241	-1316
5.35249996185	-1368
5.35276007652	-1420
5.35276508331	-1316
5.3528380394	-1420
5.35284209251	-1316
5.35298109055	-1420
5.35298395157	-1316
5.35306596756	-1368
5.35333991051	-1368
5.37386107445	-1368
5.37402200699	543
5.39476704597	-1368
5.39663791656	-1420
5.39669299126	-1420
5.39669489861	-1264
5.39728999138	-1420
5.39729595184	-1316
5.39734005928	-1368
5.39740800858	-1420
5.39744901657	-1420
5.39745092392	-1264
5.39761304855	543
5.3977200985	-1368
5.39782500267	-1368
5.39789700508	-1368
5.40014600754	-1420
5.40019989014	-1420
5.40020394325	-1264
5.40022206306	-1420
5.40022397041	-1316
5.40024900436	-1368
5.40025186539	-1420
5.4002699852	-1420
5.40027189255	-1264
5.40028905869	-1368
5.40943908691	-1420
5.40948605537	-1420
5.40949106216	-1264
5.40981388092	-1420
5.40981793404	-1316
5.40992903709	543
5.44519901276	-1420
5.4452149868	-1316
5.44867992401	-1420
5.44868707657	-1316
5.44874095917	-1420
5.44874405861	-1316
5.44897890091	-1420
5.4489839077	-1355
5.50934290886	-1420
5.5093588829	-1420
5.50941586494	-1264
5.50956201553	543
5.51000189781	-1420
5.5100069046	-1420
5.51005387306	-1264
5.51057505608	-1420
5.5106010437	-1316
5.51069092751	-1368
5.51113891602	-1420
5.51114392281	-1420
5.51116609573	-1264
5.51125693321	543
5.55185699463	-1368
5.55202198029	543
5.57749700546	-981
5.57901096344	-1420
5.57905292511	-1316
5.57914090157	-1420
5.57918095589	-1420
5.57918286324	-1264
5.57924199104	-1368
5.60705399513	-1420
5.60712003708	-1420
5.60712409019	-1264
5.69441509247	-1368
5.70748901367	-886
5.70781898499	543
5.83814001083	-1420
5.83815789223	-1420
5.83821487427	-787
5.83845305443	543
5.83862900734	-1420
5.83863306046	-1420
5.83865809441	-1420
5.83866095543	-1212
5.83868789673	-1368
5.88034701347	-1368
5.96652507782	-646
6.09798598289	-1420
6.09800386429	-1420
6.09806489944	-273
6.09825587273	-1420
6.09826087952	-1316
6.11362409592	-1368
6.13557600975	-1420
6.13559103012	-1420
6.13565397263	-1264
6.13985896111	-1368
6.22641396523	-1363
6.28644299507	-1368
6.3546860218	-203
6.35838699341	-1420
6.35839390755	-1316
6.35869789124	-1420
6.35870289803	-1316
6.35880804062	543
6.35964393616	-1420
6.35964894295	-1316
6.35976099968	-1368
6.35980200768	543
6.40287899971	-1420
6.40289402008	-1316
6.45128703117	-1368
6.4834830761	-372
6.61612987518	-1420
6.61614990234	-1420
6.61618900299	-273
6.61629199982	-1368
6.61660695076	-1368
6.61681604385	-1368
6.65921401978	-1420
6.65923094749	-1420
6.65929389	-1264
6.70205593109	-1420
6.70206689835	-1316
6.7022600174	543
6.7441740036	-24
6.84684991837	-1368
6.87907409668	-1420
6.8790910244	-1316
6.879529953	-1420
6.87953495979	-1316
6.88051104546	-1420
6.88051605225	-1316
6.88058209419	-1368
6.89091205597	-1420
6.89091897011	-1316
6.91247200966	-372
7.04157400131	-1420
7.04159092903	-151
7.14577102661	-1368
7.14924788475	-1420
7.14925408363	-1316
7.15282893181	-1420
7.15283489227	-1420
7.15287590027	-1264
7.15662097931	-1368
7.15667510033	-1368
7.16090393066	-1368
7.16099405289	1057
7.16465306282	-1368
7.16977190971	-372
7.18591594696	-1368
7.26908588409	-1420
7.26910495758	-1316
7.29803299904	-580
7.39995002747	-1368
7.39997386932	-1420
7.40002894402	-1316
7.40054607391	-1420
7.4005510807	-1420
7.40060305595	-1264
7.40276408195	-1420
7.40277004242	-1420
7.402821064	-1264
7.41251587868	-1368
7.42640089989	-372
7.44120693207	-1368
7.55456805229	-203
7.5549929142	543
7.75204086304	1057
7.8112719059	543
7.86080408096	543
7.92125988007	543
7.92147898674	543
8.00705099106	-1420
8.00706791878	-1420
8.00713396072	-787
8.13545799255	-1057
8.25841093063	543
8.25869297981	543
8.27478790283	-1420
8.27485203743	-1316
8.31608700752	-1420
8.31613898277	-1316
8.34374904633	-1297
8.38089609146	1057
8.38121390343	1460
8.38126206398	111
8.40014004707	1460
8.40023899078	625
8.40049695969	1460
8.40055394173	111
8.49174308777	-543
8.54865288734	-1420
8.54866194725	-1316
8.56752300262	-1368
8.56764602661	-1420
8.56768202782	-1316
8.56851291656	543
8.59872603416	543
8.59898591042	543
8.61856198311	1057
8.61911487579	1057
8.64388394356	-957
8.6532728672	543
8.77233886719	-543
8.85813307762	-1420
8.85815286636	-1420
8.85820889473	-1264
8.8619799614	-1420
8.86198592186	-1316
8.86210107803	543
8.86659693718	-1420
8.86660289764	-1316
8.87211298943	-1368
8.87721705437	-1420
8.87727999687	-1420
8.87728404999	-1264
8.87742090225	543
8.88526988029	-1420
8.88527703285	-1316
8.89987897873	-1420
8.89989089966	-1420
8.89994907379	-1264
8.90044498444	-475
8.91258096695	-1420
8.91259407997	-1420
8.91265797615	-1264
8.91837501526	-1420
8.91842007637	-1316
8.92237305641	-1368
8.92769098282	-1420
8.92770290375	-1316
8.93153691292	-1420
8.93156194687	-1420
8.93160700798	-1264
8.94050002098	-1420
8.94055604935	-1420
8.94055986404	-1264
8.9439470768	-1420
8.94395399094	-1316
8.98668003082	-1420
8.98669695854	-1420
8.98676109314	-1420
8.98676395416	-1212
8.98698806763	543
8.99035096169	-1420
8.99035787582	-1316
8.9925968647	-1368
8.99502301216	-1420
8.99506592751	-1420
8.99506902695	-1264
9.00555586815	-1420
9.00556898117	-1420
9.00563001633	-1420
9.00563287735	-1212
9.01406908035	-1420
9.01408290863	-1420
9.01411890984	-1264
9.01443791389	543
9.0212290287	1057
9.02380299568	-1368
9.02388286591	543
9.02811598778	-1420
9.02812099457	-1316
9.02881097794	-734
9.04706406593	543
9.06042504311	543
9.06171798706	1460
9.06176996231	1139
9.06223893166	543
9.06241488457	543
9.06276488304	543
9.07891488075	543
9.07948207855	543
9.08522486687	543
9.10364699364	-1368
9.11600804329	-1420
9.11605405807	-1316
9.11617803574	543
9.11812186241	-1420
9.11812591553	-1316
9.12078905106	-1368
9.12436103821	-1368
9.12752604485	-1420
9.12753200531	-1420
9.12757396698	-1264
9.13147902489	-1368
9.13157296181	543
9.13170099258	-1368
9.13577699661	-1420
9.13581991196	-1316
9.13855886459	-1368
9.14093494415	-1420
9.14093899727	-1316
9.14115309715	543
9.14402198792	-1420
9.14402699471	-1316
9.14616107941	-1420
9.1461648941	-1316
9.14849090576	-1420
9.14849686623	-1420
9.14853906631	-1264
9.15443491936	-1420
9.15445995331	-1316
9.15728402138	-1361
9.15923595428	-1420
9.15924096107	-1316
9.15946292877	543
9.16246604919	-1420
9.16247200966	-1420
9.16251301765	-1264
9.16808986664	-1420
9.16812491417	-1316
9.17091107368	-1420
9.17096590996	-1420
9.1709690094	-1264
9.17289805412	543
9.17327904701	-1368
9.22695589066	-1420
9.22697401047	-1420
9.22703504562	-1264
9.22748589516	-1368
9.23796987534	543
9.27049207687	-1368
9.28586602211	-475
9.32848191261	-1420
9.32849907875	-1316
9.33428788185	543
9.33453297615	543
9.33478593826	543
9.33496308327	543
9.38127803802	-1368
9.38439798355	-1420
9.38443899155	-1316
9.38454794884	-1420
9.38458895683	-1420
9.38459205627	-1264
9.38529801369	-1368
9.38610291481	-1420
9.38612794876	-1316
9.38659191132	-1420
9.38661503792	-1316
9.38710308075	-1368
9.38765001297	-1420
9.38765501976	-1420
9.38765597343	-1264
9.38808298111	543
9.39899802208	-1368
9.41413497925	-396
9.41680192947	543
9.41729807854	1460
9.41736292839	169
9.51027393341	-1368
9.51668596268	-1420
9.51677203178	-1420
9.51677703857	-1264
9.51971387863	543
9.5426299572	-240
9.55238389969	-1368
9.56260895729	-1368
9.57243204117	-1420
9.57249808311	-1420
9.57250189781	-1264
9.64157795906	-1368
9.6443169117	-1420
9.64435195923	-1316
9.64446187019	-1368
9.64466309547	-1420
9.64466691017	-1316
9.64482307434	-1420
9.64482688904	-1316
9.6448700428	-1368
9.64495706558	-1368
9.64497995377	-1420
9.64498209953	-1316
9.64605402946	-1368
9.64614105225	-1420
9.64614391327	-1316
9.65102696419	543
9.65117692947	543
9.67084789276	-288
9.69072198868	-1420
9.69077992439	-1316
9.70445990562	-1368
9.70453095436	-1420
9.70453596115	-1316
9.71240401268	-1420
9.71240997314	-1316
9.76439905167	-1368
9.77244091034	-1420
9.77250790596	-1420
9.77251195908	-1264
9.78478097916	-1420
9.78478693962	-1420
9.78484201431	-1264
9.79899597168	-98
9.80756688118	-1368
9.81389093399	543
9.82359409332	543
9.82381701469	543
9.82870197296	-1420
9.82870793343	-1420
9.82876086235	-1264
9.82989692688	-1368
9.83194899559	-1420
9.83195400238	-1420
9.8319940567	-1264
9.84397006035	-1420
9.84404087067	-1420
9.84404587746	-1264
9.84957003593	-1368
9.8497979641	-1368
9.85118198395	543
9.85366487503	-1420
9.85367488861	-1316
9.88848400116	-1368
9.89123892784	-1420
9.89129900932	-1420
9.89130187035	-1264
9.9044470787	-1420
9.90445494652	-1316
9.90487504005	-1420
9.90488100052	-1420
9.90492796898	-1264
9.91233801842	-1420
9.9123840332	-1420
9.91238689423	-1264
9.912514925	543
9.92133688927	543
9.93578290939	-623
9.94044208527	-1420
9.94047904015	-1316
9.97668194771	-1368
10.0037579536	-1368
10.0621080399	-1368
10.0667440891	-1420
10.0667910576	-1420
10.0667948723	-1264
10.068502903	-53
10.0885810852	-1368
10.0933699608	-1420
10.0933749676	-1316
10.0985910892	-1420
10.098596096	-1316
10.1035120487	-1368
10.1123449802	-1420
10.1123518944	-1316
10.1260318756	543
10.1348199844	-1368
10.1383490562	-1420
10.1383960247	-1420
10.1383988857	-1264
10.1385290623	543
10.1421768665	-1420
10.1421840191	-1316
10.1424720287	543
10.1426429749	543
10.1428079605	543
10.1590340137	-1368
10.1972038746	-844
10.2433700562	-1368
10.2497000694	-1420
10.2497329712	-1316
10.2498168945	543
10.260751009	-1420
10.2607560158	-1316
10.2610619068	1057
10.2615480423	543
10.2617690563	543
10.3038070202	-1368
10.3078620434	-1420
10.3078958988	-1316
10.326061964	-1052
10.3427779675	-1420
10.3427910805	-1316
10.3430159092	-1420
10.343020916	-1316
10.3430459499	-1368
10.3499798775	-1420
10.3500299454	-1420
10.3500330448	-1420
10.350069046	-1212
10.3811280727	543
10.4143009186	543
10.4145760536	543
10.4183690548	-1368
10.4313759804	-1420
10.431442976	-1420
10.4314470291	-1264
10.4711549282	-438
10.473610878	-1420
10.4736440182	-1316
10.5156340599	-1420
10.5157110691	-1316
10.5157148838	-1420
10.5157599449	-1316
10.5194530487	-1420
10.5194790363	-1316
10.5581319332	-1420
10.558177948	-1316
10.5673348904	-1420
10.5673840046	-1420
10.5673868656	-1264
10.5794579983	-1368
10.57959795	543
10.6018509865	-185
10.6031680107	-1420
10.603219986	-1420
10.6032240391	-1264
10.6035618782	-1420
10.603566885	-1420
10.6036090851	-1264
10.6038348675	-1420
10.6038689613	-1316
10.6039478779	543
10.6093800068	-1368
10.6095860004	-1420
10.6096088886	-1316
10.6207718849	543
10.6921479702	-1420
10.69216609	-1420
10.6922140121	-1264
10.6944100857	-1368
10.6959240437	-1420
10.6959300041	-1316
10.6959619522	-1420
10.6959660053	-1420
10.6959888935	-1264
10.7054200172	-1420
10.7054870129	-1420
10.7054920197	-1264
10.7055568695	-1420
10.7055599689	-1316
10.7057840824	-1420
10.7057869434	-1420
10.7058389187	-1264
10.7061219215	-1420
10.7061638832	-1420
10.7061669827	-1264
10.7062308788	-1420
10.7062339783	-1420
10.7062749863	-1264
10.7063550949	543
10.7064480782	-1420
10.7064518929	-1316
10.7065279484	-1420
10.7065300941	-1316
10.7065899372	-1420
10.7065930367	-1316
10.7066478729	-1420
10.7066509724	-1316
10.7080469131	-1420
10.7080528736	-1316
10.7081530094	543
10.7096669674	-1420
10.7096729279	-1316
10.7104859352	-1368
10.7302060127	-1420
10.7302498817	-1316
10.7314279079	-1420
10.7314550877	-1316
10.7315270901	-1420
10.7315590382	-1316
10.7316529751	543
10.7320320606	-1420
10.7320380211	-1420
10.7320609093	-1264
10.7321169376	-1368
10.7324318886	-1420
10.7324368954	-1260
10.7344720364	-1420
10.7344779968	-1316
10.7362658978	543
10.7378020287	-1420
10.7378079891	-1420
10.7378599644	-1264
10.7378630638	-1368
10.7379820347	543
10.8112950325	1057
10.8207130432	-1420
10.8207218647	-1420
10.8207669258	-1264
10.8207700253	-1368
10.828594923	-1420
10.8286070824	-1420
10.8286709785	-1264
10.8286750317	-1420
10.8287189007	-1316
10.829627037	-1420
10.8296539783	-1316
10.8299789429	-1368
10.8336880207	-1420
10.8336939812	-1316
10.8410460949	543
10.8456110954	-1420
10.8456189632	-1316
10.8476250172	-1420
10.847630024	-1420
10.8476800919	-1264
10.8608238697	-615
10.8611040115	543
10.8827800751	543
10.8834199905	1057
10.8899409771	-1368
10.989207983	-1260
10.9896509647	543
11.0895309448	-1420
11.0895490646	-1420
11.089605093	-1420
11.0896089077	-1420
11.0896439552	-1420
11.0896458626	-1108
11.1178760529	-675
11.1297888756	-1420
11.1298398972	-1316
11.130038023	543
11.1470799446	-1368
11.1475090981	-1420
11.1475529671	-1420
11.1475548744	-1420
11.1475789547	-1212
11.1475820541	-1420
11.1476020813	-1420
11.147605896	-1264
11.1477339268	-1420
11.1477379799	-1316
11.1478528976	-1420
11.1478569508	-1316
11.160918951	543
11.1623299122	-1368
11.1898100376	-1368
11.1941618919	-1420
11.1941690445	-1316
11.1944100857	-1420
11.1944139004	-1420
11.194453001	-1420
11.1944549084	-1212
11.1945528984	-1420
11.1945559978	-1420
11.1945919991	-1264
11.1997749805	-1420
11.1998269558	-1420
11.1998300552	-1264
11.2016160488	-1420
11.201622963	-1420
11.2016940117	-1264
11.2016968727	-1420
11.2017350197	-1420
11.201736927	-1264
11.2018499374	543
11.2019779682	-1420
11.2019810677	-1420
11.2020270824	-1264
11.2021548748	543
11.2021939754	-1420
11.2021970749	-1316
11.2021989822	-1368
11.2082059383	-1420
11.2082619667	-1420
11.2082650661	-1264
11.2087728977	-1368
11.2089059353	-1368
11.2089819908	-1368
11.232033968	-1420
11.2320830822	-1316
11.238077879	1057
11.2408730984	-1420
11.2408790588	-1420
11.2409498692	-1264
11.2409529686	-1368
11.2411050797	-1420
11.2411088943	-1316
11.241412878	-1420
11.2414159775	-1420
11.2414529324	-1264
11.2419319153	-1420
11.241973877	-1420
11.2419760227	-1264
11.2453639507	543
11.2460930347	-748
11.2828240395	-1368
11.290348053	1057
11.2915689945	543
11.3501648903	-1420
11.3501799107	-1420
11.3502368927	-1420
11.3502399921	-1420
11.3502750397	-1160
11.3504650593	543
11.3506059647	-1420
11.3506090641	-1316
11.3889899254	-1368
11.3925030231	-1420
11.3925640583	-1316
11.411123991	-61
11.5244588852	-1420
11.524477005	-1420
11.5245409012	-1264
11.5246119499	-1368
11.524764061	-1420
11.5247690678	-1420
11.5248088837	-1264
11.5250620842	-1420
11.5251030922	-1420
11.5251059532	-1264
11.5387358665	-1368
11.538891077	543
11.5432388783	-1420
11.5432460308	-1420
11.5432910919	-1264
11.5727238655	543
11.5777189732	543
11.5834538937	-1213
11.5868880749	543
11.6030240059	1057
11.6117939949	-1420
11.611800909	-1420
11.6118490696	-1264
11.6118519306	-1420
11.6118888855	-1316
11.6243729591	-1368
11.6493690014	-1420
11.6493849754	-1316
11.6553370953	-1368
11.6608710289	543
11.7299408913	-1368
11.7317359447	-915
11.7904789448	-1420
11.7904999256	-1316
11.7905390263	-1420
11.7905418873	-1316
11.7906498909	-1368
11.7909128666	-1420
11.7909340858	-1316
11.7910308838	-1368
11.8008868694	543
11.8336980343	-1368
11.8599610329	-169
11.8728880882	-1420
11.8728990555	-1420
11.8729529381	-1264
11.8729560375	-1420
11.8730139732	-1316
11.8730180264	-1368
11.9067158699	-1420
11.9067299366	-1316
11.9080550671	-1368
11.931470871	-1368
11.9331569672	1460
11.9332239628	111
11.9847369194	-1368
11.9857549667	543
11.9881649017	-1176
12.0566289425	-1368
12.0570678711	-1420
12.0571029186	-1316
12.0573000908	-1420
12.0573050976	-1316
12.0573630333	-1368
12.0993618965	-1420
12.0993800163	-1420
12.099437952	-1264
12.0996749401	543
12.1164848804	-169
12.1335909367	-1420
12.1336629391	-1420
12.1336669922	-1264
12.1407840252	543
12.1408560276	543
12.1760449409	-1420
12.176060915	-1316
12.2620840073	-443
12.321256876	-1420
12.3212749958	-1316
12.3217689991	-1420
12.3217740059	-1420
12.3218150139	-1264
12.322314024	-1368
12.3224389553	-1420
12.3224430084	-1316
12.3225700855	-1420
12.3225739002	-1420
12.3226120472	-1264
12.3238101006	-1368
12.3240299225	-1420
12.3240339756	-1316
12.324887991	-1420
12.3248920441	-1316
12.3251559734	-1368
12.3253929615	-1420
12.3253960609	-1420
12.3253979683	-1264
12.3254358768	-1368
12.3335108757	543
12.3623139858	-1368
12.4305639267	-607
12.4945268631	-1420
12.4945449829	-1316
12.4946839809	-1420
12.4946880341	-1316
12.4948079586	-1420
12.494811058	-1420
12.4948558807	-1264
12.4953019619	-1420
12.4953229427	-1316
12.4953770638	-1368
12.4955880642	-1368
12.5246329308	-1368
12.5247020721	-1420
12.5247080326	-1316
12.524741888	-1368
12.5251610279	-1420
12.5251829624	-1316
12.5253109932	-1420
12.5253520012	-1420
12.5253539085	-1264
12.5306239128	543
12.564011097	1057
12.5670540333	-1420
12.567070961	-1316
12.5790350437	-1368
12.5903100967	-1368
12.5913290977	-1420
12.5913350582	-1420
12.5913770199	-1264
12.5914690495	543
12.5918560028	-1368
12.5923349857	-1420
12.5923569202	-1316
12.6041100025	-1368
12.6154899597	-776
12.6155850887	543
12.622289896	1057
12.6348979473	-1420
12.6349110603	-1316
12.6413550377	1057
12.7458529472	-377
12.7814130783	1057
12.8569040298	-1420
12.8569209576	-1316
12.8570539951	-1420
12.8570580482	-1316
12.8571870327	-1420
12.8571910858	-1420
12.8572320938	-1264
12.8572349548	-1420
12.8572690487	-1316
12.8579030037	1057
12.8583729267	1057
12.8710949421	1057
12.8714590073	543
12.8990368843	-1420
12.8990550041	-1420
12.899091959	-1264
12.9133930206	-235
12.9440488815	-1368
12.9868330956	-1420
12.9868428707	-1316
13.0723700523	-1152
13.0745689869	543
13.0762338638	543
13.1003608704	-1420
13.1003830433	-1316
13.109236002	-1368
13.1213810444	-1368
13.1232168674	-1420
13.12322402	-1420
13.123265028	-1264
13.1237120628	-1420
13.1237459183	-1316
13.1240298748	-1368
13.1240530014	-1420
13.1240558624	-1316
13.1246669292	-1420
13.1246728897	-1316
13.1250948906	-1420
13.1250998974	-1316
13.12520504	1057
13.1428699493	-1420
13.1428818703	-1420
13.1429128647	-1264
13.1444740295	543
13.1518630981	543
13.152807951	-543
13.2285208702	-56
13.3101119995	-1420
13.3101298809	-1420
13.3102090359	-1264
13.3897559643	-1368
13.3903958797	-1420
13.3904008865	-1420
13.3904440403	-1264
13.3907420635	-1420
13.390748024	-1316
13.3908998966	-1420
13.3909049034	-1420
13.3909430504	-1264
13.3932669163	543
13.3962829113	-778
13.4132859707	1057
13.4258229733	-1420
13.4258289337	-1316
13.43780303	-1368
13.5246210098	-1152
13.5309429169	543
13.6532850266	-1057
13.6560070515	-1420
13.656099081	-1420
13.6561028957	-1264
13.6561429501	-1420
13.6561460495	-1316
13.6561799049	-1420
13.6561830044	-1316
13.6564910412	-1420
13.6564950943	-1316
13.6572289467	543
13.6591439247	543
13.6647720337	-1420
13.6647779942	-1316
13.6648180485	-1368
13.6817128658	543
13.6819660664	543
13.7496509552	-1368
13.7731039524	-1420
13.7731730938	-1420
13.7731790543	-1264
13.7732830048	-1420
13.7732870579	-1420
13.7733280659	-1264
13.77354002	543
13.7737190723	-1368
13.7739729881	-1420
13.7740008831	-1316
13.7825779915	543
13.7842109203	-607
13.8038489819	-1420
13.8039419651	-1420
13.8039460182	-1420
13.8039910793	-1420
13.8039979935	-1160
13.8041529655	-1420
13.8041570187	-1420
13.8041958809	-1264
13.8043980598	543
13.8044579029	-1420
13.8044610023	-1420
13.804461956	-1264
13.8049080372	-1420
13.8049619198	-1420
13.8049650192	-1264
13.8073570728	-1420
13.8073620796	-1316
13.8077690601	-1420
13.8077750206	-1316
13.814250946	-1368
13.8321499825	-543
13.8969039917	-1368
13.9219679832	-1420
13.9220359325	-1316
13.922041893	-1420
13.9220740795	-1316
13.9222290516	-1368
13.9225320816	-1420
13.9225358963	-1420
13.9225730896	-1264
13.9229528904	-1420
13.9230079651	-1316
13.9230120182	-1368
13.9311258793	543
13.9320130348	-291
13.9560289383	-1420
13.9561131001	-1316
13.956127882	-1420
13.9561488628	-1420
13.9561519623	-1264
13.9563770294	-1420
13.9563810825	-1316
13.9565038681	-1368
13.9566509724	-1368
13.956731081	-1420
13.956733942	-1316
13.9570560455	543
13.9649820328	-1420
13.9650020599	-1316
13.9929559231	-1420
13.9929699898	-1316
13.9952960014	-1368
13.9955039024	-1420
13.9955310822	-1316
13.9968070984	-1420
13.9968509674	-1316
13.9969480038	543
13.9991140366	-1368
13.999204874	-1368
14.0065019131	-1420
14.0065090656	-1316
14.0602459908	-441
14.1363508701	543
14.1899120808	-1420
14.1899280548	-1420
14.1899950504	-1264
14.1901888847	-1420
14.1901919842	-1420
14.1901929379	-1264
14.2023260593	-1420
14.2023398876	-1316
14.228482008	-1023
14.2289700508	543
14.2303259373	-543
14.306951046	543
14.3517448902	1460
14.3518359661	111
14.6821398735	-1420
14.6821570396	-1420
14.6822140217	-1420
14.6822168827	-221
14.7001590729	543
14.7005040646	1460
14.7005600929	111
14.7007949352	543
14.7010428905	1460
14.7010889053	111
14.7243130207	-1368
14.7675499916	-1368
14.8103499413	-95
14.9585080147	-543
14.983798027	1460
14.983907938	1460
14.983946085	707
15.0260350704	543
15.0262920856	1460
15.0263459682	111
15.2484810352	-543
15.456444025	-1057
15.4813768864	543
15.4815659523	1460
15.4816529751	111
15.482022047	543
15.4821989536	1460
15.4822518826	111
15.4826009274	543
15.4827780724	1460
15.4828228951	111
15.527807951	543
15.5845398903	-543
15.6685829163	-1368
15.6729490757	543
15.6733839512	1460
15.6734318733	111
15.6739079952	543
15.7010810375	543
15.7012879848	543
15.7389318943	-775
15.838340044	-1420
15.8383569717	-1316
15.8676729202	-920
16.0242829323	-1368
16.0442790985	-746
16.1378540993	586
16.1613729	543
16.1725170612	-543
16.2069320679	-1420
16.2069458961	-1420
16.2069869041	-1264
16.2075920105	-1420
16.2075970173	-1316
16.3009190559	-986
16.3110868931	1460
16.3111350536	111
16.4293079376	-543
16.5241510868	-1368
16.5679960251	-746
16.6960780621	-543
16.841408968	543
16.8416960239	543
16.890488863	-1086
17.0189709663	-1057
17.0309350491	1460
17.0310618877	1460
17.0311028957	1161
17.0311899185	1460
17.0312299728	1460
17.0312640667	253
17.0352568626	1460
17.0353119373	111
17.1501739025	-543
17.2293179035	-1420
17.2293329239	-1316
17.2403969765	-1368
17.2542209625	-543
17.2744369507	543
17.3186030388	-66
17.3312079906	543
17.4888150692	-1420
17.4888350964	-1420
17.4888920784	-1420
17.4888958931	-1420
17.4889390469	-1160
17.4892759323	-1368
17.4902920723	-1368
17.4904558659	-1368
17.4905490875	-1420
17.4905529022	-1316
17.4958019257	-1420
17.4958069324	-1420
17.4958500862	-1264
17.4960889816	-1368
17.4962339401	-1368
17.5300040245	-1368
17.5624859333	-533
17.5626339912	543
17.6376049519	-1368
17.6380319595	-1420
17.638094902	-1420
17.6380980015	-1264
17.6393520832	-1420
17.63935709	-1316
17.6400029659	-1368
17.640173912	-1420
17.6402139664	-1316
17.6645469666	-1420
17.6646280289	-1316
17.6646330357	-1368
17.6717009544	543
17.6766550541	-1368
17.6907279491	-467
17.7576220036	-1420
17.7576398849	-1316
17.7585930824	-1368
17.758701086	-1368
17.7595999241	-1420
17.7596058846	-1420
17.7596480846	-1264
17.7655649185	-1368
17.7662320137	-1420
17.7662379742	-1420
17.7662799358	-1264
17.7663509846	543
17.7671420574	-1368
17.7685239315	-1368
17.7700760365	-1420
17.7700819969	-1316
17.7983720303	-1420
17.7983829975	-1316
17.8585660458	-1163
17.9320869446	-1420
17.9321038723	-1420
17.9321739674	-1420
17.9321770668	-1420
17.9322218895	-1420
17.9322249889	-1108
17.9322679043	-1420
17.9322710037	-1420
17.9323129654	-1264
17.9324920177	543
17.9773349762	-1368
17.9773490429	-1420
17.977380991	-1316
17.9791820049	-1420
17.979213953	-1316
17.9866099358	-127
18.019906044	-1420
18.0199210644	-1316
18.0319988728	-1368
18.0321118832	543
18.0384418964	-1420
18.038449049	-1316
18.0402450562	543
18.0421738625	-1368
18.0423710346	-1368
18.043956995	-1420
18.0439620018	-1420
18.0440080166	-1264
18.046448946	-1368
18.0465950966	-1368
18.0727119446	-1368
18.1480419636	-438
18.1482000351	543
18.2374398708	-1420
18.237459898	-1420
18.2375159264	-1420
18.2375190258	-1420
18.2375559807	-1160
18.2377529144	-1420
18.2377960682	-1420
18.2377989292	-1264
18.2383868694	-1420
18.2383918762	-1316
18.2384190559	-1368
18.2388880253	-1420
18.238920927	-1316
18.2389690876	-1368
18.2390680313	543
18.2764589787	-1155
18.2804288864	-1368
18.2806010246	-1368
18.296120882	-1420
18.296159029	-1316
18.2962150574	-1420
18.296243906	-1420
18.2962470055	-1420
18.2962629795	-1212
18.2964749336	-1420
18.2964968681	-1316
18.2966039181	-1420
18.2966449261	-1316
18.2971990108	-1420
18.2972199917	-1316
18.3230919838	-1420
18.323168993	-1316
18.3307518959	543
18.4048528671	-504
18.5331859589	-543
18.5442209244	-1420
18.5442268848	-1420
18.5442800522	-1264
18.5444960594	-1420
18.5445010662	-1420
18.5445489883	-1264
18.5446109772	-1420
18.544656992	-1316
18.5450758934	-1368
18.5452709198	-1368
18.5452768803	-1368
18.5455160141	-1420
18.5455210209	-1316
18.54560709	-1420
18.5456109047	-1316
18.5457429886	543
18.56457901	-1420
18.5645859241	-1420
18.5646378994	-1264
18.5649108887	-1420
18.5649530888	-1316
18.5649559498	-1420
18.5649969578	-1420
18.5649988651	-1264
18.5650629997	-1420
18.5650660992	-1316
18.5651879311	-1420
18.5651919842	-1316
18.5653250217	-1368
18.5653278828	-1420
18.5653469563	-1316
18.5653789043	1460
18.565420866	111
18.5655529499	543
18.5875899792	-1368
18.6729860306	-1290
18.8319079876	-1420
18.8319270611	-1420
18.8319978714	-273
18.8321969509	-1420
18.832201004	-1316
18.8322970867	543
18.8324508667	-1368
18.8326098919	-1420
18.8326849937	-1420
18.8326880932	-1264
18.8327269554	-1368
18.8328170776	-1420
18.8328390121	-1316
18.8329360485	-1420
18.8329560757	-1316
18.8330619335	-1368
18.8331148624	543
18.8331868649	-1368
18.8744840622	-1368
18.96032691	-1155
19.0377619267	543
19.0459170341	1460
19.0460059643	625
19.0984089375	-1420
19.098418951	-1420
19.0984940529	-273
19.0984969139	-1368
19.0985338688	-1368
19.0988609791	-1368
19.0990629196	-1420
19.0990660191	-1316
19.0993959904	-1420
19.0994000435	-1420
19.0994369984	-1420
19.0994389057	-1420
19.0994729996	-1420
19.099476099	-1108
19.0994770527	-1420
19.09947896	-1316
19.1108589172	1460
19.1109039783	1460
19.1109390259	1161
19.1110339165	89
19.1112759113	543
19.1314718723	543
19.1317739487	1460
19.1318290234	625
19.1320989132	543
19.1322989464	1460
19.1323530674	625
19.1389250755	-1368
19.154722929	-1420
19.1547889709	-1420
19.1547939777	-1264
19.1548380852	-1368
19.1549179554	-1420
19.1549389362	-1316
19.1558890343	-1368
19.1560928822	-1368
19.1562259197	-1420
19.1562669277	-1316
19.1603319645	543
19.1771559715	543
19.1827809811	-1420
19.1827940941	-1316
19.2265150547	-391
19.3088130951	543
19.3094880581	543
19.3210439682	543
19.330862999	-1420
19.3308689594	-1420
19.3309109211	-1264
19.3327219486	-1420
19.3327770233	-1316
19.3327798843	-1368
19.334802866	-1368
19.362416029	-1420
19.3624680042	-1316
19.3627638817	-1420
19.3628320694	-1420
19.3628349304	-1420
19.3628799915	-1212
19.362883091	-1368
19.3651120663	-1420
19.3651199341	-1316
19.3682830334	-1420
19.3682889938	-1316
19.3702750206	-1420
19.3702800274	-1420
19.3702819347	-1264
19.3704528809	-1420
19.370456934	-1316
19.3727328777	-1420
19.3727378845	-1316
19.3728029728	-1368
19.3728060722	-1368
19.3731319904	543
19.3851010799	-1368
19.4132370949	-167
19.415571928	-1368
19.4298870564	-1368
19.4302079678	-1420
19.4302139282	-1316
19.4306530952	-1420
19.4306578636	-1420
19.4307010174	-1264
19.4307038784	-1368
19.4307489395	-1420
19.4307510853	-1420
19.4307870865	-1264
19.4309110641	543
19.4310479164	543
19.4574389458	-1420
19.4574530125	-1420
19.4575059414	-1264
19.4776940346	1057
19.4922668934	543
19.49259305	543
19.5405910015	-1155
19.559887886	-1368
19.6689610481	-746
19.669522047	543
19.6712548733	543
19.6715040207	543
19.7059459686	-1420
19.7059619427	-1420
19.7060608864	-1264
19.7060649395	-1420
19.7061100006	-1420
19.706111908	-1264
19.7061750889	-1368
19.7061800957	-1420
19.7062180042	-1316
19.7063429356	-1420
19.7063839436	-1420
19.706387043	-1264
19.706608057	-1420
19.7066118717	-1316
19.7066810131	-1420
19.7066829205	-1316
19.7069280148	543
19.7228240967	-1420
19.7228388786	-1420
19.7228970528	-1264
19.7818350792	-1420
19.7818610668	-1316
19.7971379757	-433
19.8155069351	-1420
19.8155229092	-1316
19.8490629196	-1368
19.8811249733	-1368
19.8925280571	543
19.8927650452	1057
19.9437348843	-812
19.945127964	1460
19.9451839924	1139
19.9841439724	-1368
19.9843649864	-1420
19.9844720364	-1420
19.9844760895	-1264
19.9845240116	-1420
19.984525919	-1316
19.9845678806	-1368
19.9847109318	543
19.9847919941	-1420
19.9847950935	-1316
19.9847970009	-1368
19.985106945	-1368
19.9854319096	-1420
19.9854359627	-1420
19.985476017	-1420
19.985478878	-1212
19.9860289097	-1420
19.9860348701	-1316
19.9861268997	543
20.0210399628	-1420
20.0210468769	-1420
20.0210728645	-1264
20.0212750435	-1420
20.0213029385	-1316
20.0267279148	-1420
20.0267760754	-1316
20.0720510483	-1042
20.0831830502	543
20.2004258633	-543
20.2120189667	-1420
20.2120690346	-1316
20.2123310566	-1420
20.2123510838	-1316
20.3287138939	-754
20.383742094	543
20.3908500671	543
20.4963479042	-543
20.6247000694	-543
20.7662389278	-1368
20.7925140858	-232
20.8208510876	1460
20.8209319115	625
20.8412520885	543
20.8415179253	1460
20.8415710926	1460
20.8416059017	1161
20.842455864	89
20.8424730301	-1420
20.8424770832	-1316
20.8544979095	-1368
20.9027690887	543
20.9033300877	1460
20.9033789635	625
20.9037120342	543
20.903908968	1460
20.9039549828	625
20.9209918976	-609
20.9353740215	543
20.9368798733	543
21.093173027	-543
21.2083380222	-1420
21.2083599567	-1420
21.2083978653	-1264
21.2084009647	-1420
21.2084259987	-1316
21.2086570263	-1420
21.2086789608	-1316
21.208796978	-1368
21.2212069035	-1368
21.2213580608	543
21.2384190559	-1368
21.2385859489	-1420
21.2386279106	-1316
21.2390248775	-1420
21.2390699387	-1420
21.2390730381	-1264
21.2391650677	-1420
21.2391679287	-1420
21.2392060757	-1264
21.2393159866	543
21.2394080162	-1368
21.2395949364	-1420
21.2396199703	-1316
21.2409310341	-1420
21.2409589291	-1316
21.2422740459	-1420
21.2422990799	-1316
21.2434639931	-1420
21.2435090542	-1420
21.2435119152	-1264
21.2450480461	-1420
21.2450530529	-1316
21.2496800423	-1368
21.2824549675	-1290
21.4107398987	-1086
21.5166299343	543
21.5374400616	543
21.5914108753	-1086
21.6056950092	543
21.6060349941	1460
21.6060829163	625
21.6063258648	543
21.6065289974	1460
21.6065740585	625
21.6447899342	543
21.6786010265	-1420
21.6786179543	-1316
21.6828429699	543
21.7349870205	-920
21.7801668644	-1368
21.8194658756	-543
21.8235418797	-1368
21.863270998	-920
21.8894329071	543
21.889744997	1057
21.9408109188	1460
21.9409039021	625
21.9533679485	-1420
21.9533789158	-1420
21.9534249306	-1264
21.9534649849	-1420
21.9534850121	-1316
21.9539189339	-1420
21.9539659023	-1420
21.9539690018	-1264
21.95403409	-1420
21.9540379047	-1420
21.9540789127	-1264
21.9568750858	-1420
21.9569199085	-1420
21.956923008	-1264
21.9579699039	-1420
21.9579749107	-1316
21.9593060017	-1420
21.9593129158	-1316
21.9593949318	-1368
21.9596030712	543
21.9597849846	543
21.9913580418	-27
21.9960510731	-1420
21.9960939884	-1316
22.0136129856	543
22.0138778687	1460
22.0139219761	625
22.1242768764	-377
22.1286320686	-1420
22.1286759377	-1316
22.1286809444	-1420
22.1286978722	-1420
22.1287009716	-1264
22.1288208961	-1420
22.1288249493	-1316
22.1289510727	-1420
22.1289548874	-1316
22.1289830208	-1420
22.1289870739	-1316
22.1305139065	543
22.1306979656	-1420
22.1307010651	-1420
22.1307399273	-1264
22.1314220428	-1420
22.1314649582	-1420
22.1314680576	-1264
22.1322360039	-1420
22.1322419643	-1420
22.1322660446	-1264
22.1326370239	-1368
22.1333129406	-1368
22.1346628666	-1420
22.1346890926	-1316
22.135021925	543
22.1353108883	-1420
22.1353530884	-1420
22.1353559494	-1264
22.1354560852	543
22.1690359116	-1420
22.1690518856	-1316
22.1819939613	-1368
22.1820909977	543
22.1904010773	-1368
22.191190958	-1420
22.1912229061	-1316
22.213465929	-1368
22.2137708664	-1368
22.2569410801	-560
22.3852329254	-543
22.3856089115	543
22.3859300613	1460
22.3859820366	111
22.4175639153	1460
22.4176540375	111
22.417937994	543
22.4207820892	543
22.421200037	543
22.4241640568	-543
22.4378600121	-1420
22.4378790855	-1316
22.5135409832	-435
22.516108036	1460
22.5161659718	111
22.5277049541	-1368
22.5824329853	543
22.601099968	-1368
22.6014258862	-1420
22.6014750004	-1420
22.6014780998	-1264
22.6144590378	-1420
22.6144728661	-1316
22.6212360859	543
22.6214489937	1057
22.6218180656	543
22.6220009327	543
22.6367619038	-1368
22.6368319988	-1420
22.6368770599	-1420
22.636879921	-1264
22.6384279728	-1368
22.6426839828	-836
22.6427800655	543
22.6574540138	-1368
22.6662049294	-1420
22.6662759781	-1420
22.6662800312	-1420
22.6663188934	-1420
22.6663210392	-1160
22.6663560867	-1368
22.6664450169	-1420
22.6664729118	-1420
22.6664760113	-1264
22.666492939	-1368
22.6677858829	-1420
22.6678318977	-1420
22.6678349972	-1264
22.668325901	-1420
22.6683309078	-1316
22.66852808	-1420
22.6685330868	-1316
22.6686758995	-1420
22.6686809063	-1316
22.6687150002	-1368
22.668804884	1057
22.6699709892	-1420
22.6699779034	-1420
22.6700229645	-1264
22.6706609726	-1420
22.67070508	-1420
22.6707079411	-1264
22.6711480618	-1420
22.6711530685	-1420
22.6711950302	-1264
22.6715810299	-1368
22.6718299389	-1420
22.6718330383	-1420
22.6718699932	-1264
22.6962299347	-1420
22.6962909698	-1420
22.696295023	-1420
22.696338892	-1420
22.6963410378	-1160
22.6965169907	543
22.6989269257	-1368
22.7299208641	-1420
22.7299809456	-1316
22.7711060047	-779
22.805576086	-1420
22.805590868	-1316
22.8184449673	-1368
22.8994519711	-66
22.9107000828	543
22.9208788872	1460
22.9209809303	111
22.9437420368	-1420
22.9437570572	-1316
23.0277070999	-377
23.1045460701	543
23.1232140064	1057
23.1334860325	-1420
23.1334929466	-1316
23.1354279518	543
23.1667020321	-1368
23.1777820587	-124
23.2787249088	-1420
23.2787430286	-1316
23.2789230347	-1420
23.2789280415	-1316
23.2797040939	-1420
23.2797110081	-1420
23.2797520161	-1264
23.2803618908	-1420
23.2803668976	-1316
23.2807850838	-1420
23.2807919979	-1316
23.2810189724	543
23.3060638905	-546
23.3063440323	-1368
23.3068220615	-1420
23.3068270683	-1316
23.30747509	-1420
23.3074810505	-1420
23.3075230122	-1264
23.3083739281	-1420
23.3084099293	-1316
23.3087449074	-1420
23.3087658882	-1316
23.3092880249	-1368
23.3093080521	-1420
23.3093109131	-1316
23.3207509518	543
23.3260400295	1460
23.326128006	111
23.3480529785	-1368
23.3606450558	-1420
23.3607149124	-1420
23.3607189655	-1264
23.4344129562	-135
23.4382779598	-1368
23.4411480427	-1420
23.4411580563	-1420
23.4412078857	-1264
23.4462859631	-543
23.4479510784	-1368
23.5628418922	-443
23.5863499641	-1420
23.5864078999	-1316
23.5883378983	-1420
23.5883710384	-1316
23.5913660526	-1420
23.5914149284	-1420
23.5914180279	-1264
23.5976178646	-1420
23.5976269245	-1316
23.601074934	-1420
23.6010820866	-1316
23.6285040379	-1420
23.6285250187	-1420
23.628567934	-1264
23.6287059784	543
23.6800279617	-1368
23.6802060604	543
23.6911048889	-301
23.8449978828	-1420
23.845015049	-1420
23.845072031	-273
23.8451290131	-1420
23.8451519012	-1316
23.8469130993	-1420
23.8469178677	-1420
23.8469719887	-1264
23.8469750881	-1368
23.8470768929	-1420
23.8470799923	-1316
23.8473289013	-1420
23.8473320007	-1316
23.8882858753	-1420
23.8883030415	-1316
23.8952319622	-1420
23.8952460289	-1316
23.8953258991	-1368
23.8953289986	-1420
23.8953659534	-1316
23.8960719109	-1420
23.8960769176	-1420
23.8961200714	-1264
23.89646101	-1420
23.8964660168	-1316
23.9067060947	-1368
23.9298949242	-1368
23.9733109474	-412
24.1639809608	-1420
24.1639978886	-1420
24.1640660763	-1420
24.164069891	-1420
24.1641120911	-683
24.1758990288	-1368
24.1761240959	543
24.2921519279	-66
24.531512022	-1420
24.5315630436	-151
24.6460390091	-543
24.6596400738	-543
24.6606609821	-1420
24.6607120037	-1316
24.6724720001	-1368
24.6726639271	543
24.7019090652	-1368
24.7880320549	-783
24.7904338837	543
24.808175087	543
24.8329949379	543
25.0377800465	-543
25.1309869289	543
25.1312429905	543
25.2052850723	-543
25.2508039474	-1420
25.2508468628	-1316
25.36708498	-1368
25.3732390404	-66
25.4609260559	1460
25.4610350132	1139
25.8258509636	-1057
25.8704080582	-1368
26.000125885	-746
26.1992900372	543
26.6517450809	-1057
26.9314630032	-543
27.5105090141	-543
27.6519999504	-543
27.7944369316	-543
28.1352119446	543
28.1818370819	-543
28.477793932	-543
28.5873289108	-543
28.7497000694	-543
28.7503938675	543
28.7643630505	-543
28.9843358994	-543
29.1352660656	543
29.3815259933	-543
29.7297189236	-543
29.7714588642	-543
29.772217989	543
29.9128880501	-543
30.1353259087	543
30.135725975	543
30.1358399391	543
30.1360890865	543
