0	237
0.0498208999634	-744
0.0528590679169	126
0.103278875351	-51
0.110051870346	38
0.158633947372	-1420
0.158653020859	-69
0.159137010574	1057
0.209583044052	-543
0.215301036835	543
0.355098009109	-543
0.355565071106	543
0.536900043488	-543
0.537400007248	1057
2.28529000282	-543
2.53930687904	-1057
2.55077505112	543
2.56227397919	543
2.98987102509	-543
3.24026608467	-1420
3.2403318882	-1420
3.24043798447	-1420
3.24047398567	-221
3.2405090332	-1368
3.28168988228	-1368
3.28727197647	-1420
3.28732299805	-528
3.28735208511	-1368
3.32559704781	1057
3.33078098297	-1420
3.33079385757	-1316
3.33087706566	-1368
3.33246207237	1057
3.3342769146	-957
3.4942240715	-1420
3.49429488182	-1420
3.49434089661	-273
3.49499487877	-1420
3.49501895905	-1316
3.49534797668	-1368
3.49554085732	-1420
3.49557995796	-1420
3.49562501907	-1264
3.5054769516	-1368
3.50562095642	543
3.54120087624	-1420
3.54121899605	-1316
3.54136705399	-1420
3.54137086868	-349
3.54196190834	-1368
3.5439479351	543
3.56784701347	1057
3.58447194099	-1368
3.58829498291	-406
3.74998998642	-1420
3.75000691414	-1420
3.75005888939	-787
3.75006198883	-1420
3.75009608269	-1420
3.75009894371	-1264
3.7501308918	-1368
3.75035595894	-1420
3.75039696693	-1316
3.75051903725	-1368
3.75073289871	-1368
3.78553199768	543
3.78568887711	-1420
3.78569197655	-1316
3.78582406044	543
3.78622603416	543
3.79718899727	-1420
3.79720687866	-9
3.7972509861	-1420
3.79725408554	-1420
3.79727888107	-1264
3.79746794701	-1420
3.79749894142	-1316
3.79752206802	543
3.83872509003	-1368
3.83889198303	-1368
3.83893203735	-1368
3.83904385567	-1368
3.8441889286	-1255
3.86542606354	543
3.86566090584	543
3.90543198586	543
3.90567302704	543
3.94378805161	543
3.94401907921	543
4.00240206718	-1420
4.00241708755	-1420
4.00247788429	-273
4.00402998924	-1420
4.00408196449	-1316
4.00408506393	-1368
4.00431895256	-1368
4.00442004204	-1368
4.00462293625	-1368
4.00490689278	-1420
4.00493597984	-1316
4.00522089005	-1368
4.00567293167	-1368
4.00567603111	-1368
4.00749802589	543
4.0319108963	-1368
4.03241705894	-1368
4.04941892624	-1420
4.04942703247	-1316
4.0494890213	-1420
4.04949188232	-25
4.05099391937	-1420
4.05099797249	-1316
4.0510430336	-1368
4.05127906799	-1420
4.05132293701	-1316
4.05132603645	-1368
4.06780099869	543
4.06806492805	543
4.09206008911	-1420
4.09208703041	-1316
4.09644389153	-994
4.0976588726	543
4.10675287247	543
4.13317704201	543
4.13350701332	543
4.13378691673	543
4.13403105736	543
4.13427495956	543
4.1344499588	543
4.28660702705	-1420
4.2866230011	-1420
4.28668403625	-787
4.28874588013	543
4.2906370163	543
4.29512095451	543
4.35546398163	543
4.40513086319	-543
4.40522289276	-1368
4.40987586975	-1368
4.41699385643	-1368
4.45270586014	-580
4.55283498764	-543
4.59639286995	-1368
4.5997209549	-232
4.6854429245	-543
4.7758500576	-1057
4.77682685852	1460
4.77688097954	1139
4.86805105209	-543
5.02232503891	-543
5.2427520752	-1057
5.3511390686	543
5.35130000114	543
5.35145401955	543
5.53471398354	-543
5.77205085754	-543
5.77388286591	-1420
5.7739200592	-1420
5.7739379406	-787
5.77494692802	-1368
5.81443190575	-1420
5.81450986862	-1316
5.81455206871	-1368
5.81464505196	-1368
5.81480002403	-1368
5.81489300728	-1368
5.8207859993	-820
5.86410903931	-1368
5.8677380085	-203
5.95032095909	-543
5.95800900459	-1420
5.95805096626	-151
6.01125502586	-1420
6.01132392883	-1420
6.01135396957	-273
6.01137089729	-1420
6.01139497757	-1316
6.01155805588	-1420
6.01159691811	-1316
6.01187896729	-1368
6.01191902161	-1368
6.04368805885	-1368
6.04996109009	543
6.05169606209	-1420
6.05170202255	-1316
6.05844688416	-1420
6.05845189095	-1420
6.05849194527	-442
6.1357319355	-1420
6.1357998848	-1420
6.13583993912	-273
6.13601398468	543
6.24860286713	-1420
6.24861907959	-151
6.250467062	-1368
6.25074195862	-1368
6.25094199181	-1368
6.25129103661	-1420
6.25132989883	-1316
6.25133299828	-1368
6.25157999992	-1420
6.25158405304	-1420
6.25162291527	-1264
6.28950190544	-1368
6.29546308517	-430
6.34017491341	-1368
6.34311389923	-717
6.34505391121	543
6.53640294075	-543
7.1594119072	-543
7.28873801231	-1420
7.28875589371	-1420
7.28881001472	-787
7.38086390495	-1057
7.51663589478	-1420
7.51670193672	-1420
7.51674699783	-273
7.64501190186	543
7.64565491676	543
7.64587497711	543
7.75389003754	-1420
7.75395393372	-1420
7.75399208069	-273
7.8435280323	-1420
7.84357500076	-151
7.93314790726	-543
7.98018693924	-543
7.99101686478	-1368
7.99895000458	-1420
7.99900794029	-1316
7.99905395508	-1368
8.02710986137	-1297
8.65016198158	543
8.65042996407	543
8.90755987167	-1420
8.90760803223	-151
8.907736063	543
9.04284691811	-543
9.33522987366	-543
9.33679389954	1460
9.33684706688	111
9.41491389275	-543
9.41616606712	1460
9.41623091698	1460
9.41627597809	1161
9.41634392738	1460
9.41639685631	685
9.42506694794	-1368
9.42620897293	1460
9.42625689507	1460
9.42629098892	1161
9.42636394501	1460
9.42640089989	171
9.4358689785	1460
9.43596601486	1460
9.43600201607	1161
9.43604493141	1460
9.43609905243	171
9.46365785599	-261
9.47019886971	1460
9.47025799751	1460
9.47031092644	1161
9.47041988373	1460
9.47046494484	171
9.59810209274	-1420
9.59812092781	-151
9.65007996559	543
9.65033006668	543
9.72353386879	-1420
9.72355008125	-151
9.7494468689	-1368
9.76745700836	-1368
9.77054595947	-406
9.77413487434	-543
9.81382608414	-1368
9.85791087151	-203
9.86142396927	-1368
9.90199899673	-1368
9.90325498581	-1420
9.90328288078	-1316
9.9046869278	-298
9.90831303596	543
9.92741990089	-543
9.93272686005	-1368
9.93311405182	-1420
9.93315386772	-1420
9.93315696716	-1264
9.9508459568	-1420
9.95086789131	-1316
9.95090293884	-1368
9.95103502274	-1368
9.95142507553	-24
9.99154305458	-1420
9.99158906937	-1316
9.9932539463	-1368
9.99337291718	-1368
9.99347686768	-1368
10.022012949	-1420
10.022026062	-1316
10.0222289562	-1420
10.0222330093	-1316
10.022288084	-1368
10.0222909451	-1368
10.0226259232	-1368
10.022824049	-1368
10.0382540226	-1420
10.038269043	-1316
10.0385360718	-1368
10.0386788845	-1420
10.0387179852	-1316
10.0404920578	-1420
10.0404980183	-634
10.0415620804	-1368
10.0692169666	-1420
10.0692329407	-1316
10.0818369389	-1368
10.0819759369	-1368
10.0858609676	-1368
10.0862469673	-1420
10.0862998962	-1316
10.0865390301	-1368
10.086935997	-1368
10.0870480537	-1368
10.0873110294	-1368
10.0878789425	-836
10.0902938843	543
10.107323885	-1368
10.1122329235	-1420
10.1122689247	-1316
10.112557888	-1368
10.1128530502	-1368
10.1129338741	-1368
10.1347639561	-1189
10.2282230854	-1420
10.2282409668	-151
10.2476170063	-1420
10.2476270199	-1316
10.2476680279	-1420
10.2476708889	-1316
10.247854948	-1420
10.2478580475	-1316
10.2480258942	-1420
10.2480289936	-1316
10.248030901	-1368
10.2481710911	-1368
10.248265028	-1368
10.2483770847	-1368
10.2485420704	-1420
10.2485449314	-1316
10.255795002	543
10.2699120045	-1420
10.2699360847	-1420
10.2699730396	-1264
10.2750210762	-164
10.2862238884	-1368
10.3182559013	-1368
10.3183319569	-1420
10.3183369637	-1316
10.3335008621	-240
10.3412549496	-1420
10.3413050175	-1420
10.3413078785	-1264
10.3415799141	-1420
10.3415830135	-1420
10.3416190147	-1264
10.3426880836	-1368
10.3429238796	-1420
10.3429269791	-1420
10.3429279327	-1264
10.3430509567	-1368
10.3432860374	-1368
10.3435740471	-1368
10.3437218666	-1420
10.3437259197	-1316
10.3439509869	1057
10.3586699963	-1368
10.3586828709	-1368
10.3690440655	-1420
10.369052887	-1316
10.3691980839	-1368
10.3883149624	-1258
10.3940770626	-1420
10.3940870762	-1316
10.3941409588	-1368
10.3999800682	543
10.4104130268	-1368
10.4104259014	-1368
10.4174568653	-1368
10.4352989197	-1189
10.5557370186	-1420
10.5557620525	-1420
10.5558269024	-787
10.5558309555	-1368
10.5558679104	-1368
10.5559339523	-1368
10.5560460091	-1368
10.5935649872	-1420
10.5935850143	-1316
10.6026329994	-617
10.6462478638	-1368
10.657943964	-1420
10.6579780579	-1316
10.6581048965	-1368
10.6584630013	-1420
10.6585059166	-1316
10.6587319374	-1420
10.658755064	-1316
10.6589488983	543
10.6932148933	-994
10.6941759586	-1420
10.6942210197	-1420
10.6942238808	-1264
10.6943049431	-1368
10.6945509911	-1420
10.6945540905	-1316
10.6945819855	543
10.698704958	-1368
10.6989309788	-1420
10.6989810467	-1420
10.698982954	-1264
10.6990180016	-1420
10.6990208626	-1316
10.6994469166	-1420
10.699450016	-1316
10.6994969845	-1368
10.6995000839	-1368
10.704087019	543
10.738036871	-1420
10.7380518913	-1316
10.7381188869	-1368
10.7386300564	-1420
10.7386620045	-1316
10.738847971	-1368
10.7389779091	-1368
10.7399868965	-1368
10.7407360077	-1368
10.741517067	-1420
10.7415568829	-1420
10.7415599823	-490
10.8269898891	-1420
10.8270089626	-1179
10.9721860886	-1420
10.97220397	-1420
10.972258091	-1420
10.972260952	-221
10.9724969864	-1420
10.9725010395	-1316
11.0131928921	-1368
11.0132088661	-1368
11.0190899372	-986
11.0192480087	543
11.0622909069	-1368
11.065967083	-203
11.2813980579	-543
11.3650910854	543
13.3903169632	543
13.509955883	229
13.659594059	-749
13.6602220535	126
13.8004779816	-51
13.8006939888	38
13.9597299099	-1420
13.9597489834	-86
13.9652659893	1057
14.1206259727	-543
14.1210188866	543
14.2828478813	-543
14.2891910076	543
14.3551130295	543
14.4635438919	-543
14.4708340168	1057
14.9889118671	-543
15.1204280853	-543
15.3218500614	-543
15.3512899876	543
15.5054678917	-543
15.706608057	-543
16.0660500526	-543
16.7088990211	-543
16.9467630386	-1057
16.9475409985	1057
17.2340760231	-543
17.234457016	-1420
17.2344889641	-1316
17.2368149757	-1368
17.3717498779	-580
17.3739569187	543
17.3745410442	543
17.5649740696	-543
17.8205220699	-1420
17.8206019402	-1420
17.8206400871	-1420
17.8206849098	-1420
17.8207359314	-683
17.8207728863	-1368
17.8329808712	-1420
17.8330469131	-1420
17.8330829144	-1264
17.8398878574	-1368
17.8490478992	-543
17.9404840469	-543
17.9599590302	-1420
17.96002388	-1420
17.9600679874	-1420
17.960103035	-1420
17.9601368904	-1420
17.9601800442	-4
17.9603819847	-1420
17.9604330063	-1316
17.9604349136	-1420
17.9604680538	-1420
17.9604709148	-1264
17.960504055	-1368
17.960682869	543
17.9704229832	-1420
17.9704358578	-1420
17.9704930782	-1420
17.9704959393	-1212
17.9705369473	-1420
17.970539093	-1316
17.9831719398	-1420
17.9831869602	-1316
18.0966799259	-1420
18.096724987	-1420
18.096791029	-1420
18.0967950821	-1212
18.0968399048	-1420
18.0968430042	-1420
18.0968768597	-1264
18.0968799591	-1420
18.0969150066	-1420
18.096916914	-1264
18.0971329212	-1420
18.0971369743	-1420
18.097176075	-1420
18.097178936	-1212
18.0973830223	-1420
18.0973858833	-1420
18.0974230766	-1264
18.0974259377	-1420
18.0974600315	-1420
18.0974619389	-1420
18.0975060463	-1212
18.0975089073	-1420
18.0975420475	-479
18.0976948738	1057
18.1098489761	-1368
18.2344300747	-717
19.1369450092	-1420
19.1370968819	-1420
19.1371350288	-273
19.4189319611	-1420
19.4189889431	-1316
19.4192180634	-377
20.1920940876	-543
20.2825930119	-543
20.3512890339	543
22.0184869766	-543
23.249655962	-543
23.3511910439	543
23.3512940407	543
26.3549790382	543
29.9589178562	-543
32.7082529068	-543
33.3549370766	543
34.4249889851	-543
34.4303340912	1057
34.4307758808	1057
34.4312000275	1057
34.4315428734	1057
36.3529849052	543
36.7205839157	-1420
36.720733881	-151
36.9469330311	-543
36.9615578651	-1420
36.9616360664	-1316
36.9686660767	-1420
36.9687130451	-1420
36.9687480927	-1264
36.9707210064	543
36.971323967	543
36.9735720158	-1420
36.9735779762	-1316
36.9869508743	543
36.987156868	543
36.9931249619	-1420
36.9931299686	-1316
36.9965078831	543
36.9966869354	543
37.0837788582	-1420
37.0837979317	-805
37.0862300396	543
37.0864200592	543
37.3919100761	-543
37.5391049385	-1368
37.5395469666	-1420
37.5395710468	-1316
37.5441479683	-1420
37.5442109108	-1316
37.5684599876	-501
37.6066110134	-1420
37.6066699028	-1316
37.6201920509	-1368
37.6203930378	543
37.6342070103	-1368
37.6474649906	-1420
37.6475310326	-1420
37.6475350857	-1264
37.6629469395	-1420
37.6629600525	-1316
37.7152509689	-169
37.7429139614	-1420
37.7429869175	-1316
37.7433328629	-1368
37.7439510822	-1420
37.743956089	-1316
37.7444710732	-1368
37.7498810291	-1420
37.749917984	-1420
37.7499220371	-1264
37.7638919353	-1420
37.7639079094	-1420
37.7639510632	-1264
37.7641270161	-1368
37.8378548622	-1420
37.837872982	-1420
37.8379340172	-1264
37.8516700268	-1420
37.8517179489	-1316
37.8667669296	-1368
37.8796730042	-1084
37.9606199265	-1368
37.9798679352	-1420
37.9799258709	-1420
37.9799470901	-1264
37.9914109707	-1420
37.991476059	-1316
38.0166459084	-1160
38.3549070358	543
38.7945299149	-543
40.2674388885	-543
40.7557809353	-1420
40.7559299469	-151
41.0220000744	-543
42.3066999912	-543
44.3526570797	543
44.3527538776	543
46.3549518585	543
47.2737460136	-543
47.3548738956	543
47.3549780846	543
47.3550329208	543
47.3551380634	543
47.4088249207	-543
47.5165250301	-1057
47.6190989017	-1368
47.6444978714	-1368
47.6562259197	-435
47.7606129646	-543
48.3549489975	543
48.3551020622	543
48.3551709652	543
49.35491395	543
49.3550310135	543
49.7535400391	-543
50.3643269539	-543
50.5999338627	-543
51.5381019115	-543
53.9375760555	-543
54.350867033	543
62.8522949219	-1420
62.8525059223	-1420
62.8525469303	-273
65.3508820534	543
65.350990057	543
65.3510460854	543
65.7306470871	-543
65.8226208687	-543
66.1364700794	-543
66.6493458748	-543
68.3547799587	543
73.3047969341	-543
74.2660629749	-543
83.3547298908	543
85.6049399376	-543
86.3546879292	543
99.1761469841	-543
99.7058298588	-543
103.352375031	543
103.352473974	543
107.034620047	-1420
107.034827948	-1420
107.034831047	-787
107.126705885	-1057
107.354637861	543
107.666974068	-543
107.690178871	-543
112.212384939	-543
