0	543
2.7861430645	-543
3.00439310074	543
3.27839803696	-543
3.7994890213	543
3.81163620949	543
4.25819420815	-543
4.4639081955	-1420
4.46398115158	-1420
4.46409010887	-787
4.46414399147	-1420
4.46418714523	-1316
4.46424007416	-1368
4.48997211456	-1420
4.4900200367	-1316
4.49244213104	-1368
4.49905800819	-1368
4.55957698822	1057
4.56954216957	1057
4.60446214676	-1420
4.60450816154	-971
4.76844716072	-1420
4.76851415634	-1420
4.76851916313	-787
4.78653621674	-1420
4.78655409813	-1316
4.78672409058	-1368
4.78702902794	-1420
4.78703308105	-1316
4.7872030735	-1368
4.78735017776	-1420
4.78739118576	-1420
4.78739500046	-1264
4.78753113747	-1420
4.78753519058	-1420
4.78757214546	-1264
4.7880320549	543
4.78820204735	543
4.79607415199	543
4.79913806915	-1420
4.79914522171	-1316
4.80094099045	-1368
4.80836319923	-1420
4.80839300156	-1316
4.824447155	1057
4.86470913887	543
4.8649392128	543
4.90797710419	-1420
4.90799117088	-1420
4.90805315971	-1009
4.92792701721	543
4.93438005447	543
4.9469370842	-1420
4.94695615768	-1316
4.9482691288	-1420
4.94827413559	-1420
4.94831299782	-1264
4.96459102631	-1420
4.96464705467	-1420
4.96465110779	-1264
4.97434210777	543
4.97456002235	-1420
4.97456502914	-1420
4.97460603714	-1264
4.97761321068	543
4.9778470993	543
4.98124814034	-1368
4.98156118393	-1420
4.98168706894	-1420
4.98169898987	-1420
4.98173499107	-1212
4.98173809052	-1420
4.98177313805	-1316
4.98177599907	-1420
4.98180913925	-1420
4.98181200027	-1264
4.98190808296	-1368
4.98696303368	-1420
4.98700714111	-1420
4.98701119423	-1264
4.98731207848	-1420
4.98731708527	-1316
4.98749804497	-1420
4.98750114441	-1420
4.98754000664	-1264
4.9875421524	-1368
4.98843502998	-1368
4.98851299286	543
4.98866319656	543
4.99339103699	-1368
5.02473115921	543
5.02575612068	543
5.05996918678	-697
5.06629800797	543
5.06673908234	1057
5.14354610443	-1420
5.14356303215	-1420
5.14362406731	-1264
5.17425608635	-1368
5.2004070282	-1297
5.21467900276	543
5.21489620209	543
5.23188519478	543
5.23212718964	543
5.27114319801	543
5.27142119408	543
5.37779402733	-1420
5.37781214714	-1420
5.37786722183	-1264
5.38264107704	-66
5.3908572197	543
5.3946390152	543
5.39485621452	543
5.41555309296	-1356
5.41660809517	1460
5.41667199135	1460
5.41671919823	1161
5.41682600975	89
5.41751718521	1460
5.4175632	1460
5.41760611534	1161
5.41770410538	89
5.43510007858	-1420
5.43511509895	-1292
5.4355931282	-1356
5.43623900414	1460
5.43629622459	1460
5.43634319305	1161
5.43641614914	89
5.44426703453	543
5.44610714912	543
5.44634413719	543
5.56308221817	-375
5.56578707695	1460
5.5658531189	1460
5.56590008736	1161
5.5659930706	89
5.67145514488	-1356
5.67249512672	1460
5.67256402969	1460
5.67260122299	193
5.67338299751	1460
5.67343020439	1460
5.67348909378	1161
5.67358422279	89
5.7124311924	-1272
5.73229217529	-1420
5.73233604431	-1316
5.76645898819	-1368
5.85298013687	-580
5.91137599945	-1420
5.91139602661	-1316
6.00437521935	543
6.00780415535	-377
6.12084817886	-543
6.17402410507	-1057
6.27226209641	-1420
6.27227807045	-1316
6.32592821121	-1368
6.35602521896	-1094
6.49258518219	-543
6.51174902916	-1420
6.51177811623	-1420
6.51183319092	-1420
6.51183605194	-1212
6.5118792057	-1368
6.51961708069	-1420
6.51962304115	-1420
6.51966500282	-1264
6.52393007278	-1420
6.52393603325	-1420
6.52399802208	-1264
6.52619719505	-1368
6.53430700302	543
6.58592319489	-1368
6.63005304337	-467
6.63707900047	543
6.6447160244	543
6.6449379921	543
6.67604613304	-1420
6.67605614662	-1316
6.67642307281	-1368
6.67654705048	-1420
6.67658615112	-1316
6.68854904175	-1420
6.68859910965	-1420
6.68860316277	-1264
6.69436001778	-1420
6.69436407089	-1420
6.69440507889	-1264
6.69908499718	543
6.70625710487	-1368
6.76660513878	-264
6.80023312569	-1420
6.80024409294	-1316
6.86814618111	-1420
6.8681640625	-1316
6.89739918709	-543
6.9032959938	-1268
6.9438791275	-1420
6.94389414787	-1420
6.94395804405	-1420
6.94396114349	-1420
6.94400501251	-1160
6.9592590332	-1420
6.95926499367	-1316
6.95937514305	-1368
6.95990920067	-1420
6.95991420746	-1316
7.03990602493	-372
7.04146504402	543
7.06446909904	-1420
7.06448411942	-1316
7.07902002335	-1420
7.07902503014	-1420
7.07907319069	-1264
7.0922191143	-1420
7.09229207039	-1420
7.09229516983	-1264
7.17654800415	-480
7.18008303642	543
7.189494133	-1420
7.18950915337	-1316
7.21003818512	-1420
7.2100520134	-1420
7.21010518074	-1264
7.23521018028	-1420
7.23526501656	-1316
7.32628202438	-820
7.37898421288	-1420
7.37900018692	-1316
7.3960981369	-1420
7.39611101151	-1420
7.39617300034	-1264
7.40695619583	-1420
7.40696406364	-1316
7.46398019791	-1368
7.50509905815	1460
7.50518202782	1139
7.5059261322	543
7.50916719437	-509
7.73225212097	-1057
7.89597606659	-1420
7.89605116844	-1420
7.89609122276	-787
7.89637207985	-1420
7.8964111805	-1316
7.89680719376	-1368
7.90995812416	-1420
7.91002202034	-1420
7.91007614136	-1264
7.92385220528	-1368
8.00289821625	543
8.03607416153	-1363
8.06303215027	-1420
8.06310510635	-1316
8.06489014626	-1420
8.06493020058	-1420
8.06496500969	-1264
8.07492613792	-1420
8.07495212555	-1420
8.07498812675	-1264
8.07603001595	-1420
8.07607007027	-1420
8.07607316971	-1264
8.0779311657	-1368
8.0844039917	543
8.13085222244	-1420
8.13087010384	-1316
8.13095402718	-1420
8.13105607033	-1420
8.13109207153	-1264
8.13277316093	543
8.14356803894	-1420
8.14359307289	-1420
8.14363217354	-1264
8.14842200279	-1420
8.1484670639	-1316
8.14847016335	-1368
8.16344809532	-1368
8.17321920395	-528
8.21948218346	-1420
8.2194981575	-1316
8.22016906738	-1420
8.22017502785	-1316
8.22022604942	-1368
8.24322414398	-1420
8.24327802658	-1316
8.24348902702	-1368
8.24353098869	-1420
8.24353408813	-1420
8.24357700348	-1264
8.26308608055	-1368
8.31394910812	-1420
8.31396603584	-1316
8.31401109695	-1420
8.3140141964	-1420
8.31404805183	-1264
8.331854105	-1420
8.33192515373	-1420
8.33192920685	-1264
8.33813118935	-1420
8.33813905716	-1420
8.33818721771	-1264
8.33828210831	543
8.34964513779	-1368
8.349848032	-528
8.45113301277	-1420
8.45115017891	-1420
8.4512181282	-1420
8.45122098923	-1420
8.45125699043	-1160
8.451390028	543
8.47002100945	-1420
8.47003602982	-1420
8.4700961113	-1264
8.47101807594	543
8.47130322456	-1420
8.47130918503	-1420
8.47135710716	-1264
8.48471212387	-1368
8.48627614975	-264
8.52630901337	-1420
8.52632212639	-1316
8.52659702301	-1420
8.5266020298	-1420
8.52665019035	-1264
8.53441309929	-1420
8.53442215919	-1420
8.53446507454	-1264
8.54448914528	-1420
8.54450321198	-1420
8.54455518723	-1264
8.54751610756	-1368
8.5476641655	543
8.62302422523	-264
8.64729809761	-1420
8.64737319946	-1316
8.64815711975	-1420
8.64821219444	-1420
8.64821505547	-1264
8.66156101227	-1420
8.66157317162	-1420
8.66162109375	-1264
8.66173911095	543
8.66348004341	-1420
8.66348600388	-1420
8.66352820396	-1264
8.67848706245	-1368
8.7432820797	-1420
8.74330306053	-1420
8.74336600304	-1420
8.74336910248	-1420
8.74341320992	-1160
8.74357104301	543
8.75917601585	-1420
8.75920510292	-1420
8.75929021835	-1264
8.75988411903	-1420
8.75994920731	-1420
8.759953022	-1183
8.75998210907	-1368
8.85169100761	-1420
8.85170912743	-1420
8.85177016258	-1264
8.85357308388	-1420
8.85357904434	-1316
8.85385417938	-1368
8.8603310585	-1420
8.86033606529	-1420
8.86037802696	-1264
8.8603811264	-1420
8.86041402817	-1316
8.86052012444	543
8.86065506935	-1368
8.89669108391	-873
8.97243213654	-1420
8.97244906425	-1316
8.97321510315	-1420
8.97322106361	-1420
8.97326517105	-1264
8.9865860939	-1420
8.98665118217	-1420
8.98665618896	-1264
8.98956608772	-1420
8.9895761013	-1420
8.98962521553	-1264
9.00283002853	-1368
9.03322100639	-264
9.07916522026	-1368
9.1699051857	-203
9.21910500526	-1420
9.21912312508	-1420
9.21921801567	-1264
9.21922206879	-1420
9.21926116943	-1316
9.21946310997	543
9.2332072258	-1420
9.23322319984	-1420
9.23327898979	-1264
9.23341798782	543
9.23753905296	-1420
9.23754811287	-1420
9.23759508133	-1264
9.24623012543	-1368
9.30693912506	-264
9.31478619576	-1420
9.31486701965	-1316
9.33547711372	-1420
9.33555102348	-1420
9.3355550766	-1264
9.41141009331	-1420
9.41142916679	-1420
9.41149020195	-1264
9.41172218323	-1420
9.41177105904	-1420
9.41177415848	-1264
9.42098021507	-1420
9.42099118233	-1420
9.42103815079	-1264
9.42688202858	-1420
9.42696404457	-1420
9.42696905136	-1264
9.42715716362	543
9.44432711601	-678
9.52357602119	-1420
9.52359414101	-1420
9.52364706993	-1420
9.52365112305	-1420
9.52369403839	-1160
9.52369618416	-1368
9.5369181633	-1420
9.53693318367	-1420
9.53698611259	-1264
9.54120802879	-1420
9.54121518135	-1420
9.54125714302	-1264
9.54141521454	543
9.58260321617	-807
9.62466001511	-1420
9.62467718124	-1420
9.62473917007	-1420
9.6247420311	-1420
9.62477707863	-1160
9.63840913773	-1420
9.63842916489	-1420
9.63846611977	-1264
9.64879918098	-1420
9.64881515503	-1420
9.64886903763	-1264
9.65158414841	-1368
9.69453716278	-1420
9.69455504417	-1420
9.69460916519	-1420
9.69461202621	-1212
9.69464707375	-1368
9.69484210014	543
9.70627212524	-1420
9.70629119873	-1420
9.70634508133	-1264
9.71203422546	-1420
9.71210408211	-1420
9.7121090889	-1264
9.72734808922	-1368
9.7544400692	-1420
9.75451517105	-1420
9.75452017784	-1264
9.75455617905	-1420
9.7545580864	-1316
9.75473618507	543
9.75477814674	-1368
9.76889109612	-117
9.77134513855	-1420
9.77135419846	-1316
9.77262115479	-1368
9.77577400208	-1420
9.775837183	-1316
9.7795882225	-1368
9.79112505913	-1420
9.79114317894	-1420
9.79120111465	-1420
9.7912042141	-1212
9.79123902321	-1420
9.79124116898	-1316
9.79145407677	543
9.79163002968	-1420
9.79163503647	-1316
9.79222011566	-1368
9.79978108406	-1420
9.79983019829	-1316
9.80040621758	-1368
9.84290003777	-1420
9.84291815758	-1420
9.8429620266	-1264
9.8443171978	-1420
9.8443801403	-1316
9.84594416618	-1368
9.84606719017	543
9.84702301025	-1420
9.84702920914	-1316
9.84707212448	-1368
9.84831404686	-1420
9.84837698936	-1420
9.84838008881	-1264
9.85224819183	-1420
9.85227012634	-1420
9.85232114792	-1264
9.85250401497	-1420
9.85254406929	-1420
9.85254907608	-1264
9.85451102257	-1420
9.85452198982	-1420
9.85457015038	-1264
9.86101412773	-1420
9.86109209061	-1420
9.86109614372	-1264
9.86111521721	-1368
9.86131000519	543
9.86599111557	-1420
9.86600208282	-1420
9.86605715752	-1420
9.86606001854	-1212
9.8660941124	-1368
9.86623120308	543
9.87404417992	-1420
9.87405610085	-1316
9.87409615517	-1420
9.87409806252	-1316
9.87424111366	-1420
9.8742442131	-1316
9.87428116798	-1368
9.88567304611	-1420
9.88573002815	-1316
9.88573408127	-1420
9.88577103615	-1316
9.88600111008	-1368
9.88750004768	-1420
9.88750505447	-1420
9.8875451088	-1420
9.88754820824	-1212
9.88769316673	543
9.90588617325	-18
9.90615510941	-1368
9.98050403595	-1368
10.000398159	543
10.0431001186	-920
10.0583841801	-1420
10.0583992004	-1420
10.058453083	-1264
10.0584561825	-1420
10.0584921837	-1316
10.0681631565	-1420
10.0681800842	-1420
10.0682330132	-1264
10.083491087	-1420
10.0835080147	-1420
10.0835421085	-1264
10.0923302174	-1368
10.1015779972	-1420
10.1015851498	-1316
10.1017680168	-1420
10.1017711163	-1316
10.1018180847	-1368
10.1084570885	543
10.1162171364	-1420
10.1162362099	-1420
10.116271019	-1264
10.1215410233	543
10.1300501823	-1420
10.1300570965	-1420
10.1301012039	-1264
10.2012851238	-1353
10.2745141983	1057
10.2783880234	-1420
10.2783961296	-1316
10.3199892044	-1368
10.3381640911	-1094
10.3637561798	1057
10.3919110298	543
10.4188652039	543
10.5549662113	543
10.5552060604	543
10.8447060585	543
10.8449962139	543
10.8664040565	-543
10.9405040741	1057
10.9407811165	1460
10.9408261776	111
10.9590730667	1460
10.959125042	625
10.9593951702	1057
10.9690861702	543
11.0044541359	543
11.0310940742	-543
11.1101460457	-1420
11.1101951599	-1316
11.1680459976	-891
11.1759622097	543
11.2440211773	-1420
11.2440311909	-1420
11.2440891266	-1264
11.2442471981	-1368
11.2444732189	-1368
11.2447960377	-1368
11.2575671673	-1420
11.2575740814	-1316
11.2576072216	-1368
11.2777760029	-1420
11.2778241634	-1316
11.2888190746	1057
11.2920470238	1057
11.2949261665	1057
11.3444590569	-1089
11.4114410877	-1420
11.4114580154	-1420
11.4115200043	-1420
11.4115231037	-1420
11.4115660191	-1160
11.4115691185	-1368
11.4259951115	-1420
11.4260120392	-1420
11.4260702133	-1264
11.4260730743	-1420
11.4261090755	-1420
11.426112175	-1264
11.4262840748	543
11.4338760376	-1420
11.433891058	-1420
11.43394804	-1264
11.4347162247	-1420
11.434746027	-1316
11.435229063	-1368
11.4354281425	543
11.4358780384	-1420
11.4358839989	-1316
11.4362001419	-1368
11.4391791821	-1420
11.4392271042	-1420
11.4392302036	-1264
11.4396510124	-1420
11.4396541119	-1420
11.4396910667	-1264
11.4557352066	-1420
11.4558010101	-1420
11.4558050632	-1264
11.4559881687	543
11.4819262028	-117
11.5060901642	-1420
11.506155014	-1316
11.5201430321	-1420
11.5202031136	-1316
11.5353031158	-1420
11.5353720188	-1420
11.5353770256	-1420
11.535421133	-1420
11.5354239941	-1160
11.5354580879	-1368
11.5513670444	-1368
11.5662322044	543
11.5672161579	-1368
11.5689811707	-1420
11.5690062046	-1420
11.569008112	-1264
11.5935070515	543
11.5940802097	543
11.5943000317	543
11.6031951904	-1420
11.6032021046	-1420
11.6032550335	-1264
11.6186721325	-852
11.6242580414	543
11.6259770393	-1420
11.6260061264	-1420
11.6260771751	-1420
11.6260809898	-1212
11.6261181831	-1420
11.6261301041	-1316
11.6261641979	-1420
11.6261711121	-1316
11.6263270378	543
11.6353971958	-1420
11.6354260445	-1420
11.6354842186	-1264
11.6354870796	-1368
11.6356310844	-1420
11.6356341839	-1316
11.6431610584	-1420
11.6431782246	-1420
11.6432130337	-1264
11.6434061527	1057
11.643805027	1460
11.643859148	1139
11.6556961536	-1420
11.655711174	-1420
11.6557631493	-1264
11.6678860188	543
11.6948029995	543
11.6950821877	543
11.7076690197	-1368
11.72904706	543
11.7293422222	543
11.7554600239	-462
11.7575380802	-1368
11.7607061863	543
11.7610220909	543
11.7800121307	-1420
11.7800290585	-1316
11.7802300453	-1420
11.7802331448	-1420
11.7803530693	-1264
11.7803561687	-1420
11.7803931236	-1420
11.7803971767	-1264
11.7825131416	-1420
11.7825171947	-1420
11.7825541496	-1264
11.7834470272	-1368
11.7840251923	-1420
11.784029007	-1316
11.7842111588	-1420
11.7842140198	-1420
11.784250021	-1264
11.784840107	-1368
11.7850601673	543
11.7854580879	-1420
11.7854630947	-1316
11.785670042	-1368
11.7861461639	543
11.7915580273	-1420
11.7915771008	-1316
11.791613102	-1368
11.7917690277	543
11.7935659885	-1420
11.7935700417	-1316
11.8093662262	543
11.8099470139	543
11.8101351261	543
11.8105111122	543
11.8106970787	543
11.8492050171	543
11.8494400978	543
11.8498191833	543
11.8500061035	543
11.8921911716	-1420
11.8922080994	-289
11.9518911839	-1368
11.9653880596	-1368
11.9777200222	-1420
11.9777271748	-1420
11.9777719975	-1264
11.9915781021	-1420
11.9916369915	-1420
11.9916410446	-1264
12.0024211407	-1420
12.0024280548	-1316
12.0100271702	-1368
12.0103621483	-1420
12.0104050636	-1316
12.0104081631	-1420
12.0104420185	-1420
12.0104460716	-1264
12.0109190941	-1420
12.0109322071	-1420
12.0109500885	-1264
12.0113761425	-1420
12.0114140511	-1420
12.0114171505	-1264
12.0116200447	-1368
12.0119781494	-1420
12.01207304	-1316
12.0120761395	-1420
12.0121150017	-1420
12.0121171474	-1264
12.0123331547	-1368
12.0128421783	-1420
12.0128819942	-1420
12.0128850937	-1264
12.01384902	-1420
12.0138521194	-1316
12.0139801502	-1368
12.0164852142	543
12.0166540146	543
12.0259301662	-1420
12.0259552002	-1316
12.0264201164	-1420
12.0264251232	-1420
12.0264651775	-1264
12.0271880627	-1420
12.0272221565	-1316
12.0324571133	-982
12.038143158	543
12.0486190319	543
12.0585319996	543
12.073996067	543
12.0742502213	543
12.082627058	-1368
12.0926492214	543
12.0929131508	543
12.1752870083	-232
12.2365641594	-1420
12.2365760803	-1316
12.2410771847	-1368
12.2413630486	-1420
12.2414121628	-1316
12.2551100254	-1368
12.2680160999	-1368
12.2787752151	-1420
12.2788431644	-1420
12.2788481712	-1264
12.2818071842	543
12.2820191383	543
12.2822170258	543
12.2823472023	-1368
12.2823832035	543
12.2825992107	543
12.3202772141	-1420
12.3202931881	-1420
12.3203601837	-1420
12.3203630447	-1212
12.3203999996	-1420
12.3204040527	-1420
12.3204391003	-1264
12.3321931362	-1420
12.3322620392	-1420
12.3322660923	-1264
12.3335521221	-1420
12.3335571289	-1420
12.3336000443	-1420
12.3336031437	-1212
12.3525211811	-760
12.4353442192	-1368
12.4723491669	-1368
12.4799611568	543
12.5158619881	-1420
12.5158810616	-1316
12.5303351879	-327
12.5304760933	543
12.530818224	543
12.5313131809	543
12.5315380096	543
12.5432431698	-1368
12.5434250832	-1420
12.5434720516	-1316
12.5481591225	-1420
12.5482110977	-1316
12.5482170582	-1368
12.5484781265	-1368
12.5519800186	-1420
12.5520291328	-1316
12.5522191525	-1420
12.5522601604	-1316
12.5524501801	-1420
12.5524890423	-1420
12.5524921417	-1264
12.5542089939	-1420
12.5542171001	-1420
12.5542600155	-1264
12.5557122231	543
12.5597231388	-1420
12.559743166	-1420
12.5597951412	-1264
12.5787410736	-1420
12.5788021088	-1420
12.5788071156	-1264
12.5924501419	-1368
12.5949611664	-1420
12.5950100422	-1420
12.5950131416	-1264
12.5964961052	-1420
12.5965001583	-1316
12.5967521667	-1368
12.6084191799	-1420
12.6084651947	-1420
12.6084690094	-1264
12.6216220856	-1368
12.6671960354	-386
12.6933021545	-1420
12.6933171749	-1420
12.6933720112	-1264
12.6933760643	-1420
12.6934111118	-1420
12.6934142113	-1264
12.6936330795	543
12.693734169	-1420
12.6937382221	-1420
12.6937670708	-1264
12.6943221092	1460
12.6943690777	111
12.6948201656	1057
12.6960802078	-1420
12.6960861683	-1420
12.69612813	-1264
12.6967051029	-1420
12.6967391968	-1316
12.6967420578	-1420
12.6967592239	-1316
12.6968710423	-1420
12.6969001293	-1316
12.7034890652	-1420
12.7035372257	-1420
12.7035410404	-1264
12.7035682201	-1420
12.7035710812	-1420
12.7035861015	-1264
12.7038121223	-1368
12.7091290951	543
12.7102470398	-1420
12.7102560997	-1316
12.724255085	-1420
12.7242670059	-1420
12.7243080139	-1264
12.7536430359	-1420
12.75370121	-1316
12.7539520264	-1420
12.7540030479	-1420
12.7540071011	-1264
12.765789032	-1420
12.7658040524	-1420
12.7658600807	-1264
12.7667601109	-1420
12.766808033	-1420
12.7668120861	-1264
12.7694761753	-1368
12.769546032	-1368
12.7698540688	-1420
12.7698581219	-1420
12.7698960304	-1420
12.7698991299	-1420
12.7699332237	-1160
12.7710440159	-1420
12.7710840702	-1420
12.7710871696	-1264
12.7743401527	543
12.7745280266	543
12.7799642086	-1420
12.7799711227	-1420
12.7800240517	-1264
12.7810540199	-1420
12.7810940742	-1420
12.7810971737	-1264
12.7813570499	-1420
12.7813611031	-1420
12.7814011574	-1264
12.7820951939	-1420
12.7821412086	-1420
12.7821440697	-1264
12.7825050354	-1368
12.7830832005	-1420
12.7831280231	-1420
12.7831311226	-1264
12.7832322121	-1420
12.7832350731	-1316
12.783424139	-1420
12.783427	-1316
12.7835040092	-1368
12.7895011902	-1420
12.7895381451	-1420
12.7895410061	-1264
12.7906751633	-1368
12.791301012	-1368
12.791326046	-1368
12.7929270267	-1420
12.7930340767	-1420
12.7930371761	-1264
12.7930750847	-1420
12.7930781841	-1420
12.7931120396	-1264
12.7932221889	543
12.7933781147	-1420
12.7933812141	-1316
12.7934241295	543
12.800093174	-1420
12.8000991344	-1316
12.8039200306	-1420
12.8039259911	-1316
12.8299560547	-1420
12.8299791813	-1316
12.8300139904	-1420
12.8300161362	-1316
12.8301401138	-1420
12.8301432133	-1420
12.8301830292	-1264
12.8301861286	-1368
12.8302631378	-1420
12.8302650452	-1420
12.8302810192	-1264
12.830283165	-1368
12.8304262161	543
12.8305912018	-1420
12.8305962086	-1420
12.8306360245	-1420
12.8306391239	-496
12.8332791328	543
12.8334670067	543
12.8431792259	-1420
12.8431971073	-1316
12.8444230556	-1420
12.8444290161	-1420
12.8444731236	-1264
12.8466181755	-1420
12.8466541767	-1316
12.8471090794	-1420
12.8471519947	-1420
12.8471550941	-1264
12.8511161804	-1368
12.9118111134	-1420
12.9118289948	-1420
12.911894083	-1264
12.9120230675	-1420
12.9120550156	-1316
12.912058115	-1368
12.9122040272	-1420
12.9122080803	-1316
12.9123752117	543
12.9127130508	543
12.9150512218	-1420
12.9150571823	-1420
12.915102005	-1264
12.9153470993	-1420
12.9153940678	-1420
12.9153971672	-1264
12.9155030251	543
12.9156460762	-1368
12.9157631397	-1420
12.9158060551	-1316
12.916121006	-1420
12.9161691666	-1420
12.9161720276	-1264
12.9204230309	-1420
12.9204330444	-1420
12.9204571247	-1264
12.9211070538	-1420
12.9211330414	-1316
12.9212291241	-1368
12.9218142033	-1368
12.9255502224	-1420
12.9255750179	-1316
12.9255871773	-1368
12.947794199	-1368
12.9478971958	543
12.9672980309	-323
12.9836831093	-1368
12.9975640774	-1420
12.9975700378	-1316
13.0151200294	-1368
13.0155291557	-1420
13.0155851841	-1420
13.0155889988	-1420
13.0156321526	-1420
13.0156340599	-1160
13.0157411098	-1368
13.0158650875	543
13.0216150284	-1420
13.0216350555	-1316
13.0219371319	-1368
13.0292901993	-1420
13.0293471813	-1316
13.0298080444	-1368
13.0299201012	543
13.0408000946	543
13.0420920849	543
13.042329073	543
13.0531041622	543
13.0587131977	-1420
13.0587232113	-1420
13.0587821007	-1264
13.0587852001	-1420
13.058822155	-1316
13.0590031147	-1368
13.0598781109	1057
13.0685281754	-1420
13.0685441494	-1420
13.0685992241	-1264
13.0743460655	-1420
13.0743951797	-1316
13.0745191574	-1368
13.075026989	-1420
13.0750410557	-1420
13.0751650333	-1264
13.0751671791	-1420
13.0752050877	-1420
13.075206995	-1264
13.0752401352	-1368
13.0752429962	-1420
13.0752770901	-1316
13.0753791332	543
13.0826280117	-1420
13.0826361179	-1420
13.0826830864	-1264
13.1042840481	-1061
13.1182219982	-1368
13.1418511868	-1420
13.1419150829	-1316
13.1419200897	-1420
13.1419391632	-1316
13.1424841881	-1368
13.142524004	-1420
13.1425271034	-1316
13.14260602	-1368
13.1428861618	-1420
13.1429240704	-1316
13.14559412	-1420
13.1456341743	-1420
13.1456370354	-1264
13.1459140778	543
13.1470181942	-1420
13.1470241547	-1420
13.1470761299	-1264
13.1473782063	-1368
13.14778018	-1420
13.1477851868	-1420
13.1478250027	-1264
13.1478281021	-1420
13.147862196	-1316
13.1479890347	-1420
13.148029089	-1420
13.1480309963	-1264
13.1481130123	-1368
13.1481950283	543
13.1537652016	-1420
13.153771162	-1316
13.1544392109	-1368
13.1563851833	-1420
13.156430006	-1420
13.1564331055	-1264
13.1600251198	-1420
13.1600401402	-1316
13.1601860523	-1368
13.2316520214	-1420
13.2316660881	-1420
13.2317180634	-1264
13.2418022156	-315
13.2576911449	-1368
13.2989962101	-1420
13.2990050316	-1316
13.2992579937	-1420
13.2992610931	-1420
13.2993001938	-1264
13.2993030548	-1368
13.2995491028	543
13.3091480732	-1420
13.3091750145	-1420
13.3092122078	-1264
13.3153731823	-1420
13.3154292107	-1316
13.3388411999	-1420
13.3389232159	-1420
13.3389270306	-1420
13.3389720917	-1212
13.3389751911	-1368
13.3390100002	-1368
13.3553740978	-1420
13.3554360867	-1316
13.3560390472	-1368
13.3567461967	-1420
13.3567512035	-1316
13.3570711613	-1368
13.3571531773	543
13.3642320633	-1420
13.3642430305	-1420
13.3642930984	-1420
13.3642961979	-1212
13.3643460274	-1420
13.3643491268	-1316
13.3707129955	-1420
13.3707270622	-1420
13.3707830906	-1264
13.3785941601	-697
13.3827822208	543
13.383341074	543
13.3835551739	543
13.3870069981	-1420
13.3870251179	-1316
13.3875021935	-1368
13.3924190998	-1420
13.3924541473	-1316
13.3925881386	-1420
13.3926181793	-1316
13.3926830292	-1368
13.3933742046	-1420
13.3933801651	-1420
13.3934221268	-1264
13.3935689926	-1420
13.3936021328	-1316
13.3936049938	-1368
13.3937780857	1057
13.4081790447	-1368
13.4307940006	-1420
13.4308462143	-1316
13.4368572235	-1420
13.4369111061	-1420
13.4369151592	-1264
13.4394710064	-1420
13.4394772053	-1420
13.4395210743	-1264
13.4448571205	-1368
13.4449701309	543
13.4458990097	-1420
13.4459052086	-1316
13.4466900826	-1368
13.4673290253	-1420
13.4673841	-1420
13.4673871994	-1420
13.4674310684	-1212
13.4674332142	-1420
13.4674751759	-1316
13.4675841331	543
13.4833300114	-1420
13.4833450317	-1420
13.4834001064	-1264
13.487552166	-1420
13.487609148	-1420
13.4876132011	-1264
13.4948160648	543
13.4963881969	-1368
13.4985280037	-1420
13.4985852242	-1316
13.498978138	-1420
13.4990091324	-1420
13.4990110397	-1264
13.5015170574	543
13.5096020699	-1420
13.5096201897	-1420
13.509676218	-1264
13.5158190727	-1056
13.5179719925	-1420
13.5179781914	-1316
13.5183341503	-1368
13.5184240341	543
13.5428111553	-1420
13.5428230762	-1420
13.5428760052	-1420
13.5428791046	-1420
13.5429232121	-1160
13.5429251194	-1368
13.5438940525	543
13.5443861485	1057
13.5509672165	-1420
13.5509769917	-1316
13.5510120392	-1368
13.5511221886	543
13.5516300201	-1420
13.5516350269	-1316
13.6193811893	543
13.6391880512	1057
13.6523830891	-127
13.8326640129	-1057
13.865874052	-1420
13.8658921719	-1316
13.8821430206	-1368
13.9847609997	543
13.985022068	1057
14.0022921562	-66
14.0025382042	543
14.0043802261	543
14.0048971176	543
14.0051012039	1057
14.1713690758	-543
14.3247110844	543
14.3249661922	1057
14.3480792046	-1057
14.5615611076	-543
14.5620322227	-543
14.6099681854	-1420
14.6100070477	-1316
14.614495039	-1420
14.6145460606	-1316
14.6146860123	543
14.6603970528	-1368
14.6991341114	543
14.6992471218	-443
14.6994700432	1460
14.6995260715	1139
14.759275198	543
14.8358390331	-1057
14.8434669971	-1420
14.8435361385	-1316
14.9241950512	-1368
14.9265110493	543
14.9801120758	-1123
14.994792223	543
14.995029211	1057
14.9954090118	543
14.9956040382	1057
14.9959821701	543
14.996186018	1057
15.0032300949	543
15.0033152103	543
15.0325570107	-1420
15.0325701237	-1316
15.1390571594	-920
15.2644321918	-1368
15.2700362206	1460
15.2700891495	111
15.3250331879	-1289
15.3399300575	-1368
15.344492197	1057
15.3450231552	543
15.4092051983	543
15.4094672203	-543
15.409569025	543
15.4775531292	-746
15.5793161392	-1368
15.654250145	-261
15.673345089	-1420
15.6733570099	-1316
15.7260382175	-1420
15.7260570526	-1316
15.7286469936	-1420
15.7286541462	-1420
15.7286992073	-1264
15.7415590286	-1420
15.7415680885	-1420
15.7416260242	-1264
15.7417411804	543
15.7418031693	-1368
15.7421441078	-1420
15.7422001362	-1316
15.743227005	-1420
15.7432780266	-1316
15.743281126	-1420
15.7433171272	-1316
15.7435500622	-1420
15.7436060905	-1420
15.74360919	-1420
15.7436540127	-1212
15.7436561584	-1368
15.7491340637	543
15.7547931671	-1368
15.7549641132	-1368
15.7553901672	-1368
15.7910490036	-1216
15.8588821888	-1420
15.8589000702	-1420
15.858962059	-1264
15.888433218	543
15.8887071609	543
15.9647271633	543
15.9650051594	543
15.9840481281	-1123
15.9843771458	1057
16.0046131611	543
16.004732132	543
16.1746761799	1057
16.1904101372	-543
16.1946949959	-543
16.2350840569	-1420
16.2351400852	-1316
16.2400691509	-543
16.2612462044	-1368
16.263354063	543
16.2765221596	-1420
16.2765409946	-1420
16.276597023	-1264
16.2785131931	543
16.3710160255	-1218
16.3732171059	543
16.3752160072	543
16.3790562153	543
16.4290020466	-1420
16.4290201664	-1420
16.4290850163	-1264
16.4534971714	-1368
16.4791371822	543
16.486839056	543
16.4991960526	543
16.5076241493	-298
16.5190770626	1460
16.5191640854	111
16.5194101334	543
16.5195770264	543
16.5197482109	543
16.5199420452	543
16.5201220512	543
16.5203251839	1460
16.5203781128	1139
16.5205361843	1460
16.520578146	625
16.5207700729	1057
16.6445260048	-1086
16.6777570248	-1368
16.7120621204	-1420
16.7120840549	-1420
16.7121560574	-1264
16.7121591568	-1420
16.7122030258	-1316
16.7122690678	-1368
16.712542057	543
16.7145421505	-1420
16.714548111	-1316
16.7154421806	-1420
16.7154481411	-1316
16.7300372124	-1368
16.7520391941	543
16.7665061951	-1420
16.7665231228	-1420
16.7665801048	-1264
16.7825419903	-359
16.7889740467	-543
16.8806052208	-1368
16.9144001007	1057
16.9155061245	1057
16.9185571671	-1420
16.9185640812	-1420
16.918610096	-1264
16.918692112	-1368
16.9188251495	-1368
16.9191009998	-1368
16.9198842049	-1420
16.9198901653	-1420
16.919932127	-1264
16.9203181267	-1420
16.9203431606	-1316
16.9210820198	543
16.9238731861	-1368
16.9310371876	-1420
16.931068182	-1316
16.9335551262	-1420
16.9336051941	-1420
16.9336090088	-1264
16.9337561131	-1420
16.9337592125	-1316
16.9339141846	-1420
16.9339170456	-1316
16.9339911938	-1420
16.9339940548	-1316
16.9341812134	-1420
16.9341931343	-1420
16.9342110157	-1264
16.9343640804	-1420
16.9344120026	-1420
16.934415102	-1264
16.9395961761	-1420
16.9396131039	-1316
16.9398541451	543
16.9402689934	543
16.9447410107	-1420
16.9447460175	-1420
16.9447860718	-1264
16.9474492073	-1420
16.9474890232	-1316
16.9474921227	-1368
16.9507222176	-1420
16.9507260323	-1316
16.9507460594	-1368
16.9524540901	543
16.9554421902	-1420
16.9554481506	-1316
16.9594860077	-1040
16.9596772194	1460
16.9597260952	625
16.9636740685	-1420
16.9636790752	-1316
16.963971138	-1368
16.9644382	-1420
16.9644780159	-1316
16.9655179977	-1420
16.9655530453	-1316
16.9655561447	-1368
16.9839420319	-1420
16.9839580059	-1420
16.9840149879	-1264
17.0405130386	-1420
17.0405302048	-1420
17.0405840874	-1420
17.0405871868	-1420
17.0406241417	-1160
17.0407710075	543
17.0513432026	-1420
17.0513510704	-1420
17.0513970852	-1264
17.0522971153	-1420
17.05235219	-1420
17.052355051	-1420
17.0523910522	-1212
17.0527210236	-1420
17.052765131	-1316
17.0529470444	-1420
17.0529901981	-1420
17.0529930592	-1264
17.0530900955	543
17.0542731285	-1420
17.0542781353	-1420
17.054320097	-1264
17.0545651913	-1420
17.0546131134	-1420
17.0546171665	-1264
17.0546550751	-1420
17.0546581745	-1316
17.0589962006	543
17.0723102093	-1420
17.0723180771	-1420
17.0723631382	-1264
17.0960941315	-257
17.1334440708	-1420
17.1334722042	-1316
17.1361811161	-1420
17.1361880302	-1316
17.1366991997	-1420
17.1367030144	-1420
17.1367430687	-1264
17.1372690201	-1420
17.1373112202	-1420
17.1373150349	-1264
17.1387441158	-1420
17.1387491226	-1420
17.1387770176	-1264
17.1399490833	-1420
17.140029192	-1420
17.1400341988	-1264
17.140868187	543
17.142521143	-1368
17.1433300972	-1420
17.1433730125	-1316
17.145938158	-1420
17.1459770203	-1316
17.1460361481	-1368
17.1556150913	-1420
17.1556231976	-1420
17.155673027	-1264
17.1578760147	-1420
17.157916069	-1316
17.1580650806	543
17.1588120461	-1368
17.159799099	-1368
17.1611881256	-1420
17.1611931324	-1316
17.1621301174	-1420
17.1621351242	-1420
17.1621751785	-1264
17.1635751724	-1368
17.1641540527	-1368
17.1650631428	-1420
17.1651031971	-1316
17.1654779911	-1420
17.1655220985	-1420
17.165525198	-1264
17.1662731171	-1420
17.1662781239	-1316
17.1666941643	-1420
17.1666991711	-1420
17.1667392254	-1264
17.1667990685	543
17.1671361923	-1420
17.1671450138	-1316
17.1673710346	-1368
17.1674590111	-1420
17.1674890518	-1316
17.1678450108	-1368
17.1682460308	-1420
17.1682510376	-1316
17.1683971882	-1368
17.1690340042	-1420
17.1690750122	-1420
17.169077158	-1264
17.1691431999	-1420
17.1691460609	-1316
17.1692562103	-1368
17.1721651554	-1420
17.1722500324	-1316
17.1722521782	-1368
17.1724500656	543
17.1725981236	543
17.1843791008	-1420
17.1843850613	-1316
17.1849620342	-1368
17.1855680943	-1368
17.1859140396	-1420
17.1859171391	-1420
17.1859540939	-1264
17.1863131523	-1420
17.1863520145	-1420
17.1863570213	-1264
17.1896791458	1057
17.1901781559	-1420
17.190182209	-1420
17.1902241707	-1264
17.190362215	543
17.1906480789	543
17.1918702126	-1420
17.1918752193	-1420
17.1919159889	-1264
17.192699194	-1368
17.1933200359	-1420
17.1933240891	-1316
17.1958761215	-1420
17.1958801746	-1420
17.1959171295	-1264
17.1962180138	-1420
17.1962552071	-1420
17.1962580681	-1264
17.1965391636	-1420
17.1965432167	-1316
17.1965920925	-1368
17.1986219883	-1420
17.1986761093	-1316
17.1986870766	-1368
17.1987891197	543
17.2194190025	-1420
17.2194311619	-1316
17.2328660488	-599
17.3618321419	-1420
17.3618512154	-1420
17.361905098	-1420
17.3619091511	-1420
17.3619511127	-1160
17.3621361256	1057
17.3625411987	-1420
17.3625471592	-1420
17.3625881672	-1264
17.3630161285	-1420
17.3630671501	-1420
17.3630700111	-1264
17.3632822037	-1368
17.3636491299	-1420
17.3636929989	-1316
17.3641030788	-1420
17.3641541004	-1420
17.3641571999	-1264
17.3649141788	-1420
17.3649191856	-1316
17.3649392128	-1368
17.3697421551	-1287
17.3698430061	543
17.3747022152	-1420
17.3747081757	-1316
17.3750522137	-1368
17.3752791882	-1420
17.375385046	-1316
17.3753881454	-1420
17.3754320145	-1316
17.37550807	-1420
17.3755350113	-1316
17.3757641315	-1368
17.3759820461	-1420
17.3759870529	-1316
17.3760881424	-1368
17.3763091564	1460
17.3763639927	111
17.3765010834	-1420
17.3765070438	-1316
17.3767521381	-1368
17.3773601055	-1420
17.3774130344	-1420
17.3774161339	-1264
17.3787081242	-1420
17.378713131	-1316
17.3788211346	1057
17.4036691189	-1368
17.4517450333	-1368
17.4748511314	1057
17.4829242229	-1368
17.4836301804	-1420
17.4836862087	-1316
17.4940600395	-1368
17.5064852238	-167
17.5360422134	543
17.5783770084	543
17.599186182	1460
17.5992760658	625
17.599848032	543
17.6000699997	1460
17.6001222134	625
17.6239202023	-1368
17.643225193	-746
17.6747632027	543
17.6750371456	1460
17.6750810146	111
17.7829601765	-543
17.7875721455	-1420
17.7876060009	-1316
17.7881669998	543
17.7884321213	543
17.8102459908	-1368
17.8864710331	-1420
17.8864901066	-1420
17.8865461349	-1264
17.8867251873	-1420
17.8867640495	-1420
17.8867661953	-1264
17.8869462013	-1420
17.886950016	-1316
17.8869860172	-1368
17.8871760368	-1420
17.8872160912	-1420
17.8872191906	-1264
17.8982582092	543
17.8988611698	543
17.9198060036	-330
18.4195940495	543
18.4199981689	543
19.0043010712	565
19.9776711464	543
19.9779601097	543
20.9010109901	-543
21.0180411339	543
21.0181450844	543
22.434484005	543
22.4350810051	543
22.9453229904	-1420
22.9453940392	-1420
22.9454371929	-787
22.9808940887	-1420
22.9809391499	-1316
22.9810600281	-1368
22.981965065	-1420
22.9820082188	-1420
22.9820461273	-1264
22.9847362041	543
22.996101141	-1368
23.0832180977	-1420
23.0832941532	-1420
23.0833380222	-1420
23.0833830833	-1420
23.0834171772	-1420
23.0834591389	-1108
23.1190271378	-1420
23.1190340519	-1420
23.1191060543	-1420
23.1191091537	-1212
23.1191852093	-1420
23.1191880703	-1420
23.1192240715	-1264
23.1192271709	-1420
23.1192691326	-1420
23.11927104	-1264
23.1193060875	-1420
23.1193091869	-1316
23.1194241047	543
23.1750640869	-1420
23.1750941277	-1316
23.1752910614	543
23.2197961807	-1420
23.2198140621	-1420
23.2198760509	-1264
23.2198801041	-1420
23.2199242115	-1420
23.2199270725	-1420
23.2199690342	-1212
23.2200770378	-1420
23.2201352119	-1420
23.220138073	-1264
23.2201890945	-1368
23.220192194	-1368
23.2560250759	-1420
23.2560420036	-1420
23.2561290264	-1420
23.2561330795	-1420
23.2562510967	-1420
23.2562541962	-1420
23.2563180923	-1420
23.2563211918	-1420
23.2563591003	-952
23.2563621998	-1368
23.2563991547	-1420
23.2564020157	-1420
23.2564451694	-1264
23.2564501762	-1368
23.2564840317	-1420
23.2564871311	-1316
23.2565290928	-1420
23.2565321922	-1420
23.2565670013	-1264
23.2565691471	-1420
23.2566030025	-1420
23.2566051483	-1264
23.2566590309	-1420
23.2566621304	-1316
23.2568891048	543
23.2575421333	543
23.3118851185	-1420
23.3119029999	-1420
23.3119690418	-1420
23.3119730949	-1212
23.3577971458	-1420
23.3578121662	-1420
23.3578951359	-1420
23.3578979969	-1212
23.357940197	-1420
23.357943058	-1420
23.3579871655	-1420
23.3579900265	-1212
23.3580360413	-1368
23.358038187	-1368
23.3582270145	-1420
23.358230114	-1420
23.3582761288	-1264
23.3582789898	-1420
23.3584561348	-1316
23.3584580421	-1420
23.3585631847	-1420
23.3585660458	-1264
23.3585991859	-1420
23.358602047	-1420
23.3586351871	-1420
23.3586380482	-1212
23.358672142	-1420
23.3586750031	-1316
23.3643431664	543
23.3748362064	-543
23.3940131664	-1420
23.3940281868	-1024
23.4559490681	-1368
23.5305411816	-203
23.6711602211	543
23.6760070324	543
23.6863451004	543
23.686601162	1460
23.6866550446	625
23.9243750572	543
23.9358069897	-543
23.9424710274	543
23.9542469978	543
24.0726270676	-543
24.1443800926	543
24.1450200081	543
24.1452682018	543
24.1453621387	-1368
24.2491190434	-1260
24.249527216	543
24.2692911625	543
24.3591871262	543
24.3636372089	1057
24.3744590282	-1368
24.3857982159	-1260
24.3864531517	543
24.386934042	1057
24.4425771236	543
24.4707942009	-1368
24.5128190517	-543
24.5236670971	-1289
24.5781390667	-1420
24.5781559944	-1316
24.5801861286	-1420
24.5802121162	-1316
24.5864992142	-1420
24.5865170956	-1316
24.5873100758	-1420
24.5873150826	-1420
24.5873579979	-1264
24.5893831253	-1420
24.5893931389	-1316
24.5894401073	-1368
24.589561224	543
24.5906600952	-1420
24.5906660557	-1316
24.6390562057	1460
24.6391470432	1460
24.6391839981	1161
24.6393270493	89
24.6400570869	543
24.6402890682	543
24.6405200958	543
24.6407511234	1460
24.6407961845	1460
24.6408390999	1161
24.6409111023	89
24.6411120892	1460
24.6411550045	625
24.6418590546	1460
24.641906023	625
24.6464090347	-1420
24.6464149952	-1316
24.6505270004	-1420
24.6505351067	-1420
24.6505792141	-1264
24.6664571762	-1420
24.6664991379	-1316
24.6670351028	-1420
24.6670951843	-1420
24.6670980453	-1264
24.667140007	-1420
24.6671421528	-1420
24.6671760082	-1264
24.6678521633	-1420
24.6678991318	-1316
24.6679019928	-1368
24.6714451313	-1420
24.6714510918	-1420
24.6714920998	-1264
24.6720190048	-1420
24.6720590591	-1316
24.6725790501	-1420
24.6726181507	-1420
24.6726210117	-1264
24.6739192009	-1420
24.6739220619	-1420
24.6739602089	-1264
24.6745340824	-1420
24.6745731831	-1420
24.6745760441	-1264
24.6748361588	-1368
24.674986124	-1420
24.675014019	-1316
24.675276041	-1420
24.6752960682	-1316
24.6759421825	-1420
24.6759600639	-1316
24.6765971184	543
24.6767990589	543
24.6770470142	543
24.693169117	543
24.6934430599	543
24.7001121044	-1420
24.7001321316	-1316
24.7149951458	-1420
24.7150251865	-1420
24.7150621414	-1420
24.7150650024	-1212
24.7170450687	-1420
24.7170500755	-203
24.734194994	-1420
24.7342140675	-1420
24.7342522144	-1264
24.7345061302	-1420
24.7345371246	-1316
24.7903091908	-1368
24.7959430218	543
24.85374403	-675
24.8650891781	-1368
24.8653290272	-1420
24.8653361797	-1420
24.8653740883	-1264
24.8653771877	-1420
24.8654100895	-1316
24.8660612106	-1420
24.8661031723	-1316
24.8709950447	-1420
24.8710482121	-1420
24.8710510731	-1264
24.8722791672	-1420
24.8722832203	-1420
24.8723301888	-1264
24.872574091	543
24.8732290268	-1420
24.8732340336	-1316
24.8737080097	-1368
24.873786211	543
24.8744292259	-1420
24.8744339943	-1316
24.8746850491	-1368
24.8752920628	-1420
24.8753361702	-1316
24.8754370213	-1368
24.8787360191	-1368
24.8794240952	-1420
24.8794660568	-1420
24.8794691563	-1264
24.8981781006	-1368
24.929131031	543
24.9544370174	1460
24.954526186	111
24.9548552036	1460
24.9548990726	111
24.9781310558	1460
24.9782240391	111
24.9904332161	-768
25.0166151524	-1368
25.0305631161	-1368
25.0391800404	543
25.1028051376	-1368
25.1271851063	-1210
25.1427631378	-1420
25.1427822113	-1316
25.1589210033	-1420
25.1589372158	-1316
25.1650421619	-1420
25.165058136	-1316
25.1723241806	-1420
25.1723320484	-1420
25.1723811626	-1264
25.1738111973	-1420
25.1738421917	-1316
25.1746001244	-1420
25.1746411324	-1316
25.1754410267	-1420
25.1754879951	-1420
25.1754901409	-1264
25.1768980026	-1420
25.1769020557	-1420
25.1769461632	-1264
25.177134037	543
25.1773440838	543
25.1773860455	-1420
25.1773881912	-1420
25.1773891449	-1264
25.1781291962	-1368
25.178550005	-1368
25.1786420345	-1368
25.1838760376	-1420
25.1838819981	-1420
25.1839251518	-1264
25.1840891838	543
25.1842081547	-1420
25.184210062	-1420
25.1842110157	-1264
25.1846811771	543
25.1859741211	-1420
25.1859791279	-1420
25.1860220432	-1264
25.1876192093	-1368
25.1883590221	-1420
25.1883640289	-1420
25.1884071827	-1264
25.1886382103	-1420
25.1886711121	-1316
25.1891140938	-1368
25.1894621849	-1420
25.1894659996	-1316
25.1895451546	-1368
25.199627161	1460
25.1997060776	1139
25.2003991604	-1368
25.2091751099	1460
25.2092242241	1460
25.2092590332	1161
25.2093360424	1117
25.2795050144	-389
25.2817280293	-1368
25.2905170918	-1420
25.2905302048	-1316
25.29058218	-1420
25.2905840874	-1316
25.2910661697	-1420
25.2910711765	-1420
25.2911171913	-1264
25.2911961079	543
25.2918281555	-1420
25.2918331623	-1420
25.291875124	-1264
25.2924301624	-1420
25.2924711704	-1420
25.2924740314	-1264
25.2943470478	-1368
25.2953929901	-1420
25.2954330444	-1316
25.2960979939	-1420
25.2961380482	-1420
25.2961411476	-1264
25.2967801094	543
25.2973480225	-1368
25.3037631512	-1420
25.3038132191	-1420
25.3038170338	-1264
25.3100311756	-1368
25.3694710732	543
25.3697299957	1460
25.3697721958	625
25.4258871078	-1245
25.4261422157	543
25.4302921295	543
25.431948185	-1368
25.4395070076	543
25.4397630692	543
25.5494921207	543
25.5497720242	1460
25.5498151779	625
25.5692679882	-717
25.643266201	-1420
25.6432831287	-1316
25.7004320621	-1368
25.7058591843	-1094
25.7351109982	-1368
25.7871360779	-1420
25.7871491909	-1316
25.8421390057	-1368
25.8423140049	-327
25.8532960415	543
25.8535342216	543
25.92654109	-1368
25.9564189911	-1368
25.9789721966	-949
26.0143051147	543
26.0599470139	-1420
26.05996418	-1316
26.0621571541	-543
26.109675169	-1368
26.1640450954	-124
26.19049716	543
26.1927452087	1057
26.1997971535	-1368
26.2181820869	-1420
26.2182481289	-1420
26.2182531357	-1264
26.2187950611	1460
26.2188441753	111
26.2290730476	543
26.2395751476	-1420
26.239590168	-1316
26.2818241119	543
26.2821080685	543
26.3007950783	-103
26.5093770027	-543
26.5951831341	-1420
26.5952560902	-1316
26.6832020283	-1420
26.6832501888	-1316
26.6968460083	-240
26.7042360306	543
26.8334400654	-1086
26.8391392231	-1420
26.8391711712	-1316
26.8399732113	-1420
26.8400239944	-1420
26.8400270939	-1264
26.8416440487	-1420
26.8416490555	-1420
26.8416910172	-1264
26.8428170681	-1420
26.8428630829	-1420
26.8428661823	-1264
26.8435981274	-1368
26.8441150188	-1420
26.8441622257	-1316
26.8443732262	-1420
26.8444130421	-1420
26.8444161415	-1264
26.8446881771	-1420
26.8446910381	-1316
26.844741106	-1368
26.844807148	543
26.8450751305	-1420
26.8450801373	-1420
26.8451240063	-1264
26.8455882072	-1368
26.8475282192	-1420
26.8475341797	-1420
26.8475852013	-1264
26.8956420422	1460
26.8957149982	111
26.9324061871	-1420
26.9324212074	-1420
26.9324760437	-1264
26.9757812023	-117
26.995839119	-1368
27.0102660656	543
27.1323821545	-203
27.3089420795	-1057
27.4040880203	-1368
27.4051651955	-1420
27.4051702023	-1316
27.405310154	-1420
27.405313015	-1420
27.4053490162	-1264
27.4056591988	-1368
27.405752182	543
27.4191541672	-1420
27.4191701412	-1420
27.4192290306	-1264
27.4316952229	-1368
27.4455280304	-61
27.6338021755	-1420
27.6338210106	-1420
27.6338691711	-273
27.6344890594	543
27.6443212032	543
28.0018970966	543
28.0345711708	-1420
28.0345880985	-1420
28.0346431732	-273
28.0347721577	543
28.048222065	-1420
28.0482320786	-1316
28.06153512	-1368
28.1711461544	-580
28.3076381683	-543
28.4253950119	543
28.4442591667	-543
28.4447932243	543
28.5045161247	1057
28.5225720406	1057
28.9999380112	-543
29.2321941853	-1420
29.2323460579	-1420
29.2324411869	-787
29.2384722233	543
29.2399570942	543
29.6550052166	-543
29.8771300316	-1057
30.1492950916	1057
30.947507143	-543
31.0841841698	-543
31.1497261524	-543
31.7014591694	-543
32.0799880028	-543
32.1506581306	543
