0	543
0.769976139069	-543
1.32036614418	-543
2.99589514732	543
3.45715904236	-543
3.55365514755	543
3.58362317085	543
3.93960309029	-543
4.18138408661	-1420
4.18144917488	-1420
4.18147611618	-787
4.25555109978	1057
4.27518415451	1057
4.30661702156	-1420
4.30669403076	-1420
4.3067381382	-1420
4.30678009987	-1212
4.43131113052	-1420
4.43137598038	-1420
4.43141317368	-1420
4.43144798279	-1212
4.55614209175	-1420
4.55619215965	-1420
4.55620908737	-1420
4.55622506142	-1212
4.59714198112	-1368
4.6815700531	-1368
4.68158507347	-1420
4.68163895607	-1420
4.68164205551	-1264
4.68179798126	543
4.72093701363	-1420
4.72095298767	-1316
4.72113513947	543
4.80613803864	-1368
4.80616903305	-1420
4.80621504784	-1420
4.80621695518	-1264
4.80872416496	543
4.83626699448	543
4.84528613091	-1420
4.84529209137	-1316
4.93088507652	-1420
4.93090295792	-1420
4.93095803261	-1420
4.93096113205	-1420
4.93099713326	-1160
4.95195198059	543
4.95217514038	543
4.97003412247	-1420
4.97004103661	-1316
5.0065331459	543
5.00712203979	543
5.00732517242	543
5.05541610718	-1420
5.05543398857	-1420
5.05548906326	-1420
5.0554921627	-1212
5.05552601814	-1368
5.05552911758	-1368
5.05573606491	543
5.07181715965	543
5.07206201553	543
5.09485507011	-1420
5.09488201141	-1316
5.11215400696	543
5.11238908768	543
5.15181803703	543
5.15206503868	543
5.18015003204	-1420
5.18016600609	-1420
5.18022108078	-1420
5.18022418022	-1420
5.18026208878	-1160
5.18061900139	-1368
5.21995711327	-1420
5.21997213364	-1420
5.220028162	-1264
5.30559015274	-1420
5.30560708046	-1420
5.30566811562	-1420
5.30567097664	-1420
5.30571198463	-1160
5.30589413643	543
5.34497499466	-1420
5.34498906136	-1420
5.34504914284	-1420
5.34505200386	-1212
5.34521818161	543
5.43034005165	-1420
5.4303560257	-1420
5.43041014671	-1420
5.43041396141	-1420
5.43044900894	-1420
5.43045115471	-1108
5.46475100517	-543
5.46947097778	-1420
5.46947813034	-1420
5.46951699257	-1420
5.46952009201	-1212
5.55588412285	-1420
5.55590200424	-1420
5.55596518517	-1420
5.55596899986	-1420
5.55600309372	-1420
5.55600595474	-1108
5.57849407196	543
5.57910919189	543
5.57932305336	543
5.59415102005	-1420
5.5941619873	-1420
5.59421014786	-1264
5.62312602997	543
5.62342715263	-1420
5.62343406677	-1237
5.62679314613	1460
5.62688612938	1460
5.62692499161	1161
5.62700200081	603
5.62720012665	1460
5.62725996971	1460
5.62732315063	1161
5.62740802765	603
5.62758111954	1460
5.62762212753	1460
5.62766313553	1161
5.62776017189	603
5.62791800499	1460
5.62795901299	1460
5.62799215317	1161
5.62804508209	603
5.62819910049	1460
5.6282491684	1460
5.62828302383	1161
5.6283800602	603
5.62897706032	543
5.62919712067	543
5.6294400692	543
5.62963795662	543
5.62987303734	543
5.63408207893	543
5.64560317993	543
5.64580202103	543
5.7138030529	-1420
5.71381998062	-694
5.71515202522	1460
5.71521711349	111
5.78131699562	-1420
5.78133296967	-1420
5.78139305115	-787
5.78216314316	-1420
5.78220796585	-1420
5.78221106529	-787
5.78315401077	-1420
5.78315901756	-1420
5.783203125	-1330
5.78339219093	-1368
5.84055709839	-1420
5.84056806564	-1420
5.84062695503	-1048
5.84620213509	543
5.90616703033	-1057
5.90840911865	-1420
5.90845513344	-665
6.00183796883	-543
6.03112411499	-543
6.03176903725	-1420
6.03181910515	-1420
6.03182196617	-1330
6.04043006897	-1420
6.04044008255	-1420
6.04048800468	-787
6.04371404648	-1420
6.04371905327	-151
6.04375100136	-1420
6.04375314713	-1420
6.04376912117	-787
6.04392004013	-1420
6.0439581871	-1420
6.04396009445	-787
6.12676405907	-1015
6.15605711937	-543
6.156291008	-1420
6.15629601479	-1420
6.15632796288	-1264
6.15690517426	543
6.16509604454	-1420
6.16510105133	-1316
6.16828513145	-1368
6.16857004166	-1420
6.16861104965	-1420
6.16861414909	-1264
6.16864800453	-1420
6.16865110397	-1420
6.1686899662	-1264
6.28096103668	-1368
6.28098011017	-1420
6.28102397919	-1420
6.28102612495	-1264
6.28105401993	-1368
6.28955411911	-1420
6.28956317902	-1316
6.29304599762	-1420
6.29305195808	-1420
6.29311013222	-1264
6.29311299324	-1420
6.2932240963	-1316
6.29322695732	-1420
6.29327297211	-1316
6.29620218277	543
6.32844400406	543
6.33157110214	543
6.33178305626	543
6.34763598442	1460
6.34770703316	625
6.40769100189	-1420
6.40770816803	-1420
6.4077630043	-1264
6.40776610374	-1368
6.41409611702	-1420
6.41411209106	-1420
6.41413617134	-1264
6.41758203506	-1368
6.4177570343	-1420
6.41776108742	-1420
6.4178621769	-1420
6.41786503792	-1212
6.41790699959	-1420
6.41791200638	-1420
6.41796112061	-1264
6.45675516129	-420
6.53246307373	-1420
6.53248000145	-1420
6.53254199028	-1264
6.53937697411	-1420
6.53942799568	-1420
6.5394320488	-1420
6.53946805	-1212
6.54245615005	-1420
6.54251718521	-1420
6.54252004623	-1264
6.54262018204	-1420
6.54262304306	-1316
6.54265904427	-1420
6.54266214371	-1420
6.54269504547	-1264
6.6570520401	-1420
6.65708208084	-1316
6.66404914856	-1420
6.66406607628	-1316
6.66413617134	-1420
6.66413903236	-1420
6.6641740799	-1264
6.66417813301	-1368
6.66433215141	543
6.66446614265	543
6.66709208488	-1420
6.66709804535	-1420
6.66714811325	-1264
6.66715097427	-1420
6.66719508171	-1316
6.66728901863	-1420
6.66733503342	-1316
6.66733813286	-1368
6.67136716843	543
6.78190302849	-1420
6.78192210197	-1316
6.78913402557	-1420
6.78915500641	-1420
6.78923416138	-1420
6.7892370224	-1212
6.78928303719	-1368
6.78990316391	-1368
6.79292917252	-1420
6.79293513298	-1420
6.79295706749	-1420
6.79296016693	-1212
6.79298400879	-1420
6.79298615456	-1316
6.79314208031	-1420
6.79314613342	-1316
6.83175301552	-1368
6.90692210197	-1420
6.90693807602	-1316
6.91374897957	-1420
6.91375613213	-1420
6.91380596161	-1264
6.91380906105	-1368
6.9150249958	-1420
6.91503000259	-1316
6.91737604141	-1368
6.91753411293	543
6.91756701469	-1420
6.91757011414	-1316
6.91770505905	-1420
6.91770815849	-1420
6.91780209541	-1264
6.91780614853	-1420
6.91784095764	-1316
6.91784310341	-1368
6.91796708107	543
7.01399302483	-1368
7.03145313263	-1420
7.03150010109	-1316
7.03823208809	-1420
7.03828001022	-1420
7.03828310966	-1420
7.0383169651	-1212
7.03990507126	-1420
7.03995013237	-1316
7.04264211655	-1420
7.04268312454	-1316
7.04268503189	-1420
7.04271912575	-1420
7.04272198677	-1264
7.04275417328	-1420
7.0427570343	-1316
7.04289197922	-1368
7.08204507828	-1368
7.15609717369	-1420
7.15611314774	-1420
7.15616703033	-1420
7.15617108345	-1212
7.16303396225	-1420
7.16304016113	-1420
7.16308307648	-1264
7.16308617592	-1368
7.16459608078	-1420
7.16460108757	-1316
7.16764807701	-1420
7.16765403748	-1420
7.16770195961	-1264
7.16770505905	-1420
7.16774106026	-1316
7.16784095764	-1420
7.16787815094	-1316
7.16964507103	1057
7.18401098251	-543
7.20684504509	-1420
7.20686101913	-1316
7.28082609177	-1420
7.28084206581	-1420
7.28090310097	-1420
7.28090596199	-1212
7.28759813309	-1420
7.28760695457	-1420
7.28766512871	-1264
7.28766798973	-1420
7.28770399094	-1316
7.28907799721	-1420
7.28911113739	-1316
7.29119896889	543
7.29223704338	-1420
7.29225206375	-1420
7.2922949791	-1264
7.29229807854	-1420
7.29233217239	-1420
7.29233407974	-1264
7.29236698151	-1368
7.33170509338	-1420
7.3317129612	-1316
7.40569114685	-1420
7.40571117401	-1420
7.40577316284	-1264
7.41226100922	-1420
7.41227507591	-1420
7.41232705116	-1420
7.4123301506	-1420
7.41236495972	-1420
7.41236901283	-1108
7.41258096695	543
7.41350197792	-1420
7.4135081768	-1316
7.41711711884	-1420
7.4171230793	-1420
7.41716599464	-1264
7.41724801064	543
7.41824817657	-1420
7.41825318336	-1420
7.41829419136	-1264
7.41829705238	-1420
7.41833806038	-1316
7.45642018318	-1420
7.45648598671	-1316
7.45845413208	543
7.53103017807	-1420
7.53105115891	-1420
7.53108906746	-1264
7.53752708435	-1420
7.53761315346	-1420
7.53761696815	-1264
7.53765916824	-1420
7.53766107559	-1316
7.53770804405	-1368
7.53780698776	543
7.53825902939	-1420
7.53826403618	-1316
7.54169011116	-1420
7.54169511795	-1420
7.54173517227	-1264
7.54268407822	-1420
7.54272699356	-1420
7.542730093	-1264
7.54288601875	-1420
7.54288911819	-1316
7.54293513298	-1368
7.58116316795	-1420
7.5812189579	-1316
7.655575037	-1420
7.65559315681	-1420
7.65564608574	-1264
7.65578508377	543
7.66197109222	-1420
7.66197609901	-1420
7.66201710701	-1264
7.66209602356	-1420
7.6621260643	-1316
7.66300702095	-1420
7.66305017471	-1316
7.66305303574	-1368
7.66316318512	543
7.66625213623	-1420
7.66625809669	-1420
7.6663081646	-1264
7.66713309288	-1420
7.66719508171	-1420
7.66719818115	-1264
7.66723608971	-1420
7.66723918915	-1316
7.70616316795	-1420
7.70618200302	-1420
7.70623111725	-1264
7.7064511776	543
7.78036904335	-1420
7.78039598465	-1420
7.78043198586	-1264
7.78673696518	-1420
7.78680515289	-1420
7.78681015968	-1420
7.78682899475	-1420
7.78683114052	-1420
7.78684902191	-1108
7.78740501404	-1420
7.78742814064	-1316
7.79065704346	-1368
7.79091310501	-1420
7.7909181118	-1420
7.79096698761	-1264
7.79156899452	-1420
7.79162716866	-1420
7.79163813591	-1264
7.79167413712	-1420
7.79167604446	-1316
7.83131504059	-1420
7.83132410049	-1420
7.83137607574	-1264
7.90494418144	-1420
7.90496206284	-1420
7.90501713753	-1264
7.90515112877	1057
7.91125702858	-1420
7.91128706932	-1420
7.91133904457	-1264
7.91134214401	-1420
7.91138410568	-1316
7.91171813011	-1368
7.91199707985	-1420
7.91200208664	-1316
7.91545414925	-1420
7.91546106339	-1420
7.91550397873	-1420
7.9155061245	-1212
7.91607999802	-1368
7.91626310349	-1420
7.91630196571	-1420
7.91630506516	-1420
7.91634607315	-1420
7.9163479805	-1160
7.91646409035	543
7.95625305176	-1420
7.95626997948	-1420
7.95633101463	-1264
8.02948117256	-1420
8.02949714661	-1420
8.02956008911	-1264
8.03618216515	-1420
8.03619098663	-1420
8.03623104095	-1264
8.0362341404	-1420
8.03624916077	-1316
8.03713607788	-1420
8.03717517853	-1420
8.03717803955	-1264
8.04049110413	-1420
8.04051113129	-1420
8.04056811333	-1420
8.04057002068	-1212
8.0408411026	-1420
8.04084396362	-1420
8.04090714455	-1264
8.04091000557	-1420
8.0409450531	-1420
8.04094696045	-1264
8.04106998444	543
8.080960989	-1420
8.08097100258	-1420
8.08103108406	-1264
8.0812151432	543
8.15409111977	-1420
8.15410900116	-1420
8.1541659832	-1264
8.16077017784	-1420
8.16083717346	-1420
8.16084098816	-1264
8.16089510918	-1420
8.1608979702	-1420
8.16094017029	-1264
8.16168403625	-1420
8.16173505783	-1420
8.16173696518	-1264
8.16588902473	-1420
8.1659040451	-1420
8.16595411301	-1264
8.16627907753	-1420
8.16631197929	-1316
8.16644406319	-1420
8.16649007797	-1316
8.16649508476	-1420
8.16653895378	-1316
8.16661310196	-1368
8.17639017105	543
8.20561099052	-1420
8.20562696457	-261
8.21600008011	-1368
8.21615815163	-1368
8.27882099152	-1420
8.27883911133	-1420
8.27889299393	-1264
8.28527712822	-1420
8.2853269577	-1420
8.28533005714	-1264
8.28535509109	-1420
8.28535699844	-1316
8.28538203239	-1368
8.28551316261	543
8.28633713722	-1420
8.28634309769	-212
8.33153295517	543
8.49489212036	1057
8.52671217918	543
8.5463051796	543
8.62175512314	543
8.62202000618	543
8.86737513542	-1420
8.86739206314	-1420
8.86744713783	-787
8.87000203133	-1420
8.87004518509	-1420
8.87004804611	-787
8.87008213997	-1420
8.87008500099	-1420
8.8701171875	-1330
8.88886713982	-1420
8.8889131546	-1420
8.88891601562	-845
8.8962290287	543
8.90631198883	543
8.90655708313	543
9.01332211494	-543
9.01433706284	543
9.02211117744	1460
9.02216100693	111
9.02613210678	1460
9.02618217468	111
9.04611802101	1460
9.04616713524	111
9.05136704445	543
9.05157518387	1460
9.05162000656	111
9.12066411972	-1057
9.20050215721	1057
9.20329403877	1057
9.20613098145	1057
9.20660996437	-1420
9.20661616325	-1420
9.20666098595	-787
9.20850610733	543
9.28015398979	-1420
9.28017497063	-1420
9.28022408485	-1420
9.2802271843	-1420
9.28024315834	-1420
9.28024601936	-154
9.28711915016	-1420
9.28713107109	-1420
9.28718209267	-1330
9.28886699677	-1420
9.28892016411	-1420
9.28892302513	-1330
9.29760503769	-1420
9.29761695862	-151
9.30633497238	543
9.30835413933	1057
9.30944514275	-1420
9.30945014954	-1420
9.30949997902	-787
9.31351804733	543
9.32913303375	-1420
9.3291580677	-1420
9.32919597626	-787
9.32931613922	543
9.34777808189	543
9.34808301926	543
9.34847807884	543
9.34866714478	543
9.35206508636	543
9.352257967	543
9.36222696304	-1420
9.36223602295	-694
9.37052607536	-1420
9.3705329895	-1420
9.37057805061	-273
9.37559700012	543
9.44581913948	-1420
9.44583415985	-1420
9.4458990097	-1330
9.46571516991	-1420
9.46575713158	-151
9.47564816475	-1420
9.47570800781	-1420
9.47571110725	-787
9.4757540226	-1368
9.47586202621	-1420
9.475908041	-839
9.48137807846	543
9.48273515701	-1420
9.48274111748	-1420
9.48278212547	-1330
9.48605799675	-1420
9.48609995842	-1420
9.48610305786	-1330
9.51635599136	543
9.53007912636	-1420
9.5300860405	-1420
9.53013014793	-1420
9.53013396263	-453
9.54114103317	-1420
9.5411491394	-1316
9.5413351059	-1420
9.54134917259	-528
9.54640007019	-1420
9.54641008377	-1179
9.63407206535	-1420
9.63408899307	-1420
9.63414311409	-1420
9.63414597511	-1420
9.63418006897	-1420
9.63418316841	-154
9.64072608948	-1420
9.64073896408	-1420
9.6407790184	-1330
9.64078116417	-1420
9.64083099365	-1316
9.64093208313	-1420
9.64097809792	-1382
9.64129018784	543
9.64132809639	-1420
9.64133000374	-1420
9.64133095741	-505
9.6420841217	-1420
9.64212608337	-1420
9.64212918282	-787
9.64222598076	543
9.65283799171	-1368
9.65462613106	-1420
9.6546690464	-868
9.66138696671	-1420
9.66143107414	-1420
9.66143417358	-787
9.67129802704	543
9.67150902748	1460
9.67155313492	1139
9.73391318321	-1420
9.73393106461	-1420
9.7339990139	-1420
9.73400211334	-453
9.73458099365	-1420
9.73458695412	-1316
9.75856208801	-1420
9.75857806206	-1420
9.75863313675	-1420
9.75863599777	-1420
9.7586710453	-1160
9.76538109779	-1420
9.76544904709	-1420
9.7654531002	-1264
9.76549911499	-1420
9.76550197601	-1316
9.7655441761	-1420
9.76554608345	-1316
9.76559400558	-1420
9.76559710503	-1420
9.76564002037	-1264
9.76578211784	543
9.7665681839	-1420
9.76657414436	-1316
9.77944111824	-1420
9.77945208549	-1420
9.77950310707	-1264
9.78608298302	-1420
9.78611898422	-1316
9.78625798225	543
9.79667901993	-1335
9.80661296844	543
9.80688500404	543
9.80714607239	543
9.80733704567	543
9.85858106613	-1420
9.8585960865	-1420
9.8586499691	-1264
9.85908603668	-1420
9.85912108421	-1316
9.8592031002	543
9.87510609627	543
9.87537503242	543
9.88348412514	-1420
9.88349103928	-1316
9.88353204727	-1420
9.88353514671	-1316
9.88369297981	-1420
9.88369607925	-1316
9.88995909691	-1420
9.8899641037	-1420
9.89000797272	-1264
9.89001011848	-1420
9.8900539875	-1316
9.89005613327	-1368
9.89008998871	-1420
9.89009213448	-1316
9.89013695717	-1368
9.89014005661	-1368
9.8903491497	543
9.89105606079	-1420
9.89106106758	-1316
9.89127016068	543
9.89154815674	543
9.89174413681	543
9.90419316292	-1420
9.90422105789	-1420
9.9042570591	-1264
9.91056704521	-1420
9.91061306	-1316
9.93188214302	-1368
9.9830031395	-1420
9.98302006721	-1316
9.98363399506	-1420
9.98363804817	-1420
9.98367810249	-1264
9.99138402939	543
10.001732111	-588
10.0085690022	-1420
10.0086920261	-1420
10.0086960793	-1264
10.0087320805	-1420
10.0087339878	-1420
10.0087680817	-1264
10.0113770962	543
10.0155661106	-1368
10.0158350468	-1420
10.015912056	-1420
10.0159151554	-1420
10.0159499645	-1420
10.015953064	-1160
10.0159959793	-1420
10.0159990788	-1316
10.0167160034	543
10.0187950134	-1420
10.0188000202	-1420
10.018843174	-1420
10.0188450813	-657
10.0188791752	-1368
10.0291631222	-1420
10.029209137	-1420
10.029211998	-1264
10.0351800919	-1420
10.0351860523	-1316
10.096930027	-1368
10.1079480648	-1420
10.1080009937	-1316
10.10851717	-1420
10.1085600853	-1420
10.1085619926	-1264
10.1332831383	-1420
10.1333091259	-1420
10.1333501339	-1420
10.1333529949	-1420
10.1333801746	-1420
10.1333851814	-1108
10.1404101849	-1420
10.140417099	-1420
10.1404590607	-1420
10.140460968	-1212
10.1404950619	-1420
10.1404969692	-1420
10.1405301094	-1264
10.1405329704	-1420
10.1405730247	-1316
10.1407980919	543
10.1432030201	-1420
10.1432080269	-1420
10.1432511806	-1420
10.1432540417	-1212
10.1537861824	-1420
10.1537930965	-1420
10.1538450718	-1420
10.1538481712	-1212
10.1540331841	543
10.1596560478	-1420
10.1596610546	-1316
10.1836869717	543
10.2325930595	-1420
10.2326190472	-1420
10.232653141	-1264
10.2328791618	-1420
10.2329080105	-1420
10.2329111099	-1264
10.2418670654	543
10.2578389645	-1420
10.2578551769	-1420
10.2579171658	-1420
10.2579209805	-9
10.2732770443	-1420
10.2732839584	-1420
10.2733361721	-787
10.2739150524	-1420
10.2739691734	-1420
10.2739720345	-787
10.2746431828	-1420
10.2746481895	-1208
10.2747621536	543
10.2817649841	-1420
10.2817800045	-1420
10.2818300724	-787
10.2818331718	-1420
10.2818729877	-1420
10.2818760872	-787
10.2829291821	-1420
10.2829351425	-1316
10.283105135	-1420
10.2831180096	-1420
10.2831361294	-505
10.2831380367	-1420
10.2831530571	-839
10.2832040787	-1368
10.2833731174	543
10.2842340469	-1420
10.2842400074	-1382
10.3184790611	543
10.3198471069	543
10.3200411797	543
10.3366069794	543
10.3368360996	543
10.3571491241	-1420
10.357156992	-1420
10.3572101593	-1264
10.3573460579	-1420
10.3573710918	-1316
10.3573729992	-1420
10.357407093	-1316
10.3824770451	-1420
10.3825221062	-1420
10.3825249672	-1264
10.3978850842	-1420
10.3978900909	-1420
10.3979420662	-1264
10.3983831406	-1420
10.3984291553	-1420
10.3984320164	-1264
10.3991601467	-1420
10.3991651535	-1316
10.4075620174	-1420
10.4075860977	-1420
10.407638073	-1420
10.4076411724	-1212
10.4076750278	-1368
10.408301115	-1420
10.4083340168	-1316
10.4084401131	-1420
10.4084889889	-1316
10.4084999561	-1368
10.4085350037	-1368
10.4098300934	-1420
10.4098730087	-1420
10.4098761082	-1264
10.4617011547	-624
10.482252121	-1420
10.4823021889	-1078
10.4824440479	543
10.5068881512	-1420
10.5069081783	-694
10.510807991	-1420
10.5108120441	-1420
10.5108511448	-787
10.5178291798	-1420
10.5178821087	-1316
10.5224280357	-1420
10.522480011	-1420
10.5224831104	-1264
10.5225269794	-1420
10.5225300789	-1137
10.5226869583	-1420
10.5226891041	-1420
10.5226900578	-787
10.5229430199	543
10.5253801346	-1420
10.5253851414	-1420
10.5254299641	-1420
10.5254321098	-221
10.532282114	-1420
10.5322899818	-1420
10.5323410034	-1264
10.5323441029	-1368
10.5328800678	-1420
10.5328860283	-1316
10.5330731869	-1420
10.5330770016	-1316
10.5330970287	-1420
10.5330991745	-1316
10.5332491398	-1368
10.5332670212	543
10.5401120186	-1420
10.5401201248	-1420
10.5401661396	-23
10.5615141392	-1368
10.5909349918	543
10.6074981689	-1420
10.6075191498	-1316
10.6315820217	-1368
10.6352870464	-1420
10.6353411674	-1420
10.6353440285	-1264
10.6423890591	-1420
10.6423940659	-1316
10.6425220966	1057
10.6469421387	-1420
10.6469471455	-1420
10.6469900608	-1264
10.6470010281	-1420
10.6470880508	-1316
10.6470911503	-1420
10.6471860409	-1316
10.6471881866	-1368
10.6497700214	-1420
10.6497740746	-315
10.6504461765	1460
10.650493145	111
10.7461521626	543
10.7578661442	-543
10.7756881714	-543
10.8033380508	-1420
10.8033590317	-1420
10.8034131527	-1420
10.8034169674	-1420
10.8034520149	-1420
10.8034551144	-697
10.8066551685	-1420
10.8066620827	-1420
10.806704998	-1330
10.8100981712	543
10.8113470078	-1420
10.8113529682	-1420
10.8113951683	-1330
10.8231320381	-1420
10.8231930733	-1420
10.8231980801	-1420
10.8232350349	-453
10.8312680721	-1420
10.8312981129	-665
10.8317601681	543
10.8322341442	1057
10.9090771675	-1420
10.9090950489	-1420
10.9091491699	-1330
10.9114341736	-1420
10.9114770889	-1420
10.9114801884	-787
10.9119861126	-1420
10.9119901657	-1316
10.9121031761	-1420
10.9121050835	-1420
10.9121410847	-505
10.9121441841	-1420
10.9121770859	-839
10.9124331474	-1420
10.9124701023	-1420
10.9124729633	-1264
10.9125170708	-66
10.9163351059	543
10.917080164	1057
10.9175691605	1057
10.9178361893	-1368
10.9180500507	-1368
10.9276630878	-1420
10.927670002	-1316
10.9277050495	-1420
10.9277069569	-1420
10.927724123	-1264
10.9277260303	-1368
10.9312050343	-1420
10.9312210083	-1420
10.9312670231	-1264
10.9329941273	543
10.9358429909	-1420
10.9358491898	-1420
10.9358940125	-1264
10.9478080273	-1420
10.9478969574	-1420
10.9479010105	-1264
10.9479379654	-1368
10.955728054	-1420
10.9557721615	-1316
11.007791996	-873
11.0342271328	-1420
11.0342440605	-1420
11.0342810154	-1264
11.0358831882	-1420
11.0358891487	-1316
11.0364880562	-1420
11.0364940166	-1420
11.0365381241	-1264
11.0365490913	-1420
11.0365860462	-1420
11.0365891457	-1264
11.0367150307	543
11.0369560719	-1420
11.0369610786	-1316
11.0370380878	-1368
11.0371320248	543
11.0426239967	-1420
11.0426340103	-1316
11.0521011353	-1420
11.0521099567	-1316
11.0521481037	-1420
11.0521500111	-1420
11.0521671772	-1264
11.0556931496	-1420
11.055740118	-1420
11.055742979	-1264
11.0557780266	-1368
11.0604310036	-1420
11.0604741573	-1316
11.0606479645	543
11.060708046	-1368
11.0619571209	543
11.0725140572	-1420
11.0725309849	-1420
11.072589159	-1420
11.07259202	-578
11.0805411339	-1420
11.0805530548	-1420
11.0806050301	-1330
11.158823967	-1420
11.1588430405	-1420
11.1588799953	-1264
11.1604909897	-1420
11.1605131626	-1316
11.161026001	-1420
11.1610729694	-1316
11.1611561775	-1420
11.1612000465	-1316
11.1613051891	-1420
11.1613430977	-1420
11.1613459587	-1264
11.1614220142	-1368
11.161657095	-1368
11.1675260067	-1420
11.1675360203	-1420
11.1675851345	-1264
11.1706950665	543
11.1709721088	543
11.1768021584	-1420
11.1768071651	-1316
11.1769399643	-1420
11.1769430637	-1316
11.1769771576	-1368
11.1780281067	1057
11.1810891628	-1420
11.1810951233	-1420
11.1811380386	-1264
11.1812250614	543
11.1849691868	-1420
11.1849739552	-1420
11.1850149632	-1264
11.1858491898	-1368
11.1970071793	-1420
11.1970140934	-1420
11.197065115	-274
11.2640111446	-1420
11.2640280724	-1420
11.2640841007	-787
11.2640869617	-1420
11.2641220093	-1316
11.2836229801	-1420
11.2836380005	-1420
11.2836949825	-1264
11.2852621078	-1420
11.2852680683	-1316
11.2856011391	-1420
11.2856040001	-1420
11.2856531143	-637
11.3004441261	1057
11.3022351265	1057
11.3288621902	-1420
11.3288881779	-180
11.3494970798	-1420
11.3495130539	-1420
11.3495771885	-1420
11.3495800495	-1420
11.3496220112	-1420
11.3496251106	-154
11.3497860432	-1420
11.3497900963	-1316
11.349927187	-1420
11.3499310017	-14
11.3501629829	-1420
11.3501670361	-1316
11.3502039909	-1420
11.3502101898	-14
11.3549120426	-1420
11.3549170494	-1237
11.3550300598	-1420
11.3550331593	-1420
11.3550710678	-787
11.355287075	543
11.3554999828	-1420
11.3555030823	-1420
11.3555409908	-787
11.3555450439	-1420
11.3555791378	-1420
11.3555810452	-1330
11.3556849957	543
11.3573031425	-1420
11.3573081493	-1316
11.3892891407	-1420
11.3893041611	-1420
11.3893661499	-1420
11.3893690109	-1420
11.3894100189	-1160
11.3896100521	543
11.4083690643	-1420
11.408383131	-1420
11.4084351063	-1264
11.4096670151	-1420
11.4097111225	-1316
11.4100329876	-1420
11.4100730419	-1316
11.4550011158	-1368
11.4742190838	-1420
11.4742341042	-1420
11.4742879868	-1420
11.4742910862	-1420
11.4743270874	-1420
11.4743301868	-1108
11.4745380878	-1420
11.4745411873	-1316
11.4746410847	-1368
11.4746441841	-1420
11.4746780396	-1316
11.4748289585	-1368
11.4796981812	-1420
11.4797031879	-1420
11.4797410965	-1264
11.4797439575	-1368
11.4800801277	-1420
11.4800841808	-1420
11.4801490307	-1264
11.4801521301	-1368
11.4802961349	-1420
11.4803001881	-1316
11.4803471565	-1368
11.4804019928	543
11.4805550575	543
11.4819741249	-1420
11.4819800854	-1316
11.5137541294	-1420
11.5137720108	-1420
11.5138411522	-1420
11.5138440132	-1420
11.513887167	-1160
11.5140631199	543
11.5331370831	-1420
11.5331521034	-1420
11.5332100391	-1264
11.53424716	-1420
11.5342731476	-1316
11.5344440937	-1420
11.5344660282	-1316
11.5991380215	-1420
11.5991830826	-1420
11.5992491245	-1420
11.5992531776	-1212
11.5993070602	-1368
11.5993101597	-1420
11.5993449688	-1420
11.5993480682	-1264
11.59938097	-1368
11.5996441841	543
11.6001579762	-1420
11.600164175	-1420
11.6002089977	-1264
11.6042599678	-1420
11.604309082	-1420
11.6043121815	-1264
11.6043481827	-1420
11.6043510437	-1316
11.6046440601	-1420
11.6046481133	-1420
11.6046760082	-1420
11.604678154	-1212
11.6052591801	-1420
11.6052629948	-1316
11.6064970493	-1420
11.6065011024	-1420
11.606539011	-1264
11.6110651493	543
11.6383290291	-1420
11.6383450031	-1420
11.6384010315	-1420
11.6384041309	-1420
11.6384391785	-1160
11.6577441692	-1420
11.657818079	-1420
11.6578221321	-1264
11.6596851349	-1420
11.6596910954	-1420
11.6597371101	-1264
11.6598341465	543
11.6600091457	-1420
11.6600141525	-1316
11.6893191338	543
11.6903171539	543
11.6906001568	543
11.7106411457	543
11.7172191143	543
11.7249150276	-1420
11.724930048	-1420
11.7249920368	-1420
11.7250030041	-1420
11.7250380516	-1420
11.7250421047	-1108
11.7250759602	-1420
11.7250790596	-1316
11.7251200676	-1368
11.7256631851	-1420
11.7257130146	-1420
11.725716114	-1264
11.7288761139	-1420
11.728880167	-1201
11.8153979778	-543
11.8164720535	-1420
11.8165221214	-1420
11.8165261745	-787
11.8166530132	1057
11.8198521137	-1420
11.8198571205	-1420
11.8198981285	-787
11.8201560974	-1420
11.8201999664	-1420
11.8202030659	-1330
11.8217160702	-1420
11.821721077	-1316
11.8218500614	-891
11.8222529888	-1420
11.8222939968	-1420
11.8222970963	-816
11.8224601746	-1420
11.8224630356	-1420
11.8225021362	-787
11.8251509666	-1420
11.8251931667	-1420
11.8251960278	-787
11.8340370655	-1420
11.8340511322	-1420
11.834113121	-816
11.8342511654	543
11.8868579865	-1420
11.8868851662	-209
11.8952651024	-1420
11.8952760696	-1420
11.8953039646	-1330
11.8955199718	-1420
11.8955411911	-180
11.8976919651	543
11.9031960964	1460
11.9032590389	111
11.9035990238	543
11.9038510323	543
11.9718191624	543
11.9852850437	1057
12.0200221539	-543
12.0680639744	-1420
12.068087101	-1420
12.0681200027	-1330
12.0687520504	-1420
12.0688560009	-1420
12.0688591003	-787
12.0688951015	-1420
12.0688979626	-1420
12.0689311028	-1330
12.0690290928	-1420
12.0690660477	-180
12.0751421452	-1420
12.0751481056	-1420
12.0751881599	-787
12.0766091347	-1420
12.0766379833	-151
12.081371069	543
12.1104400158	-1057
12.1649620533	-1368
12.1649730206	-1420
12.1650149822	-1382
12.289741993	-543
12.2930901051	543
12.2968351841	543
12.29708004	1057
12.2974030972	543
12.2976100445	1057
12.3008849621	-1420
12.3008899689	-1420
12.300932169	-787
12.3206729889	-1420
12.320743084	-1420
12.3207471371	-273
12.3209061623	543
12.4221160412	-543
12.4263861179	1460
12.4264731407	1139
12.5222771168	-543
12.6767799854	-1057
12.8053610325	-1420
12.8053860664	-209
12.8167960644	1460
12.8168740273	111
12.8215620518	1460
12.8216190338	1460
12.8216719627	707
12.8282821178	543
12.8284971714	1057
12.8289911747	543
12.829185009	1057
12.9133031368	-1420
12.9133181572	-1420
12.9133789539	-273
12.9468810558	-1057
12.9472751617	1057
12.9477670193	543
13.1533839703	-1420
13.1534030437	-1420
13.1534671783	-273
13.1537210941	-1420
13.1537699699	-1420
13.1537730694	-787
13.1573331356	-1420
13.1573390961	-1420
13.1573851109	-787
13.1573879719	-1420
13.1574239731	-1316
13.1575710773	-1420
13.1575939655	-14
13.1582551003	-1420
13.1582779884	-1316
13.1586041451	-1420
13.158645153	-1420
13.1586480141	-1420
13.1586899757	-801
13.1586930752	-1368
13.1588921547	-1420
13.1588959694	-1382
13.1589641571	-1420
13.1589691639	-1316
13.1589970589	-1420
13.159001112	-14
13.1590571404	-1368
13.1591160297	-1420
13.1591351032	-1411
13.1593010426	-1420
13.1593401432	-1420
13.1593430042	-787
13.1613080502	-1420
13.1613121033	-1420
13.1613509655	-787
13.1614639759	543
13.1617021561	543
13.1621370316	-1420
13.162142992	-1420
13.1621830463	-302
13.2336380482	-1420
13.2336571217	-180
13.2417299747	-1420
13.2417399883	-180
13.366091013	-1420
13.3661060333	-1420
13.366163969	-1330
13.3700270653	1057
13.3814401627	1057
13.3820111752	543
13.3822500706	543
13.4208381176	543
13.4211599827	543
13.43166399	543
13.43186903	543
13.4828469753	-1420
13.4828619957	-694
13.4841020107	-1420
13.4841079712	-665
13.4942979813	-1420
13.4943029881	-1420
13.4943461418	-273
13.5927600861	-1420
13.5927801132	-180
13.5930280685	543
13.6006901264	-1420
13.6007061005	-1420
13.6007611752	-787
13.6189291477	-1420
13.6189911366	-1420
13.6189961433	-1420
13.6190311909	-453
13.6484971046	543
13.7327129841	-1086
13.7345910072	543
13.7734529972	543
13.7748880386	1057
13.8574709892	-1057
13.8615469933	1057
13.8617329597	543
13.8620300293	543
13.8622219563	543
13.8624031544	1460
13.8624470234	1139
13.8664340973	-1420
13.8664410114	-1179
13.8702321053	1460
13.8702809811	1460
13.8703160286	193
13.87093997	543
13.8711521626	543
13.9166381359	543
13.9168920517	543
13.9646971226	-1420
13.9647121429	-723
13.981539011	1460
13.9816260338	111
14.001157999	543
14.0012769699	543
14.0013260841	543
14.0035331249	-543
14.0722570419	-1420
14.0722739697	-180
14.0863041878	1057
14.1113371849	-1057
14.1458861828	-1420
14.1459679604	-1420
14.1459751129	-1420
14.146020174	-1420
14.1460239887	-1420
14.1460700035	-1240
14.1475880146	-1420
14.1476361752	-1420
14.1476399899	-1330
14.1476771832	-1420
14.1476800442	-1316
14.1477501392	-1420
14.1477539539	-14
14.1479451656	-1420
14.1479501724	-1420
14.1479940414	-1264
14.1479980946	-609
14.1480331421	-1420
14.1480360031	-1420
14.148070097	-787
14.1481599808	543
14.1483590603	-1420
14.1483650208	-1316
14.1483881474	-1420
14.1483910084	-14
14.1488931179	-1420
14.1488990784	-1420
14.1489391327	-1330
14.1561601162	543
14.1652030945	-1420
14.1652150154	-1420
14.1652750969	-331
14.2083210945	-543
14.2089951038	543
14.216091156	543
14.2431111336	1460
14.2432231903	1139
14.2439551353	1057
14.2671899796	-1420
14.267209053	-1420
14.2672719955	-787
14.275758028	-1420
14.2757689953	-1420
14.275799036	-273
14.2910010815	-1420
14.2910170555	-1420
14.2910730839	-1330
14.2933621407	-1420
14.2933681011	-665
14.2941160202	543
14.2972290516	-1420
14.2972371578	-1420
14.2972800732	-1330
14.3017239571	-1420
14.301803112	-1420
14.3018059731	-1420
14.3018491268	-735
14.3018510342	-1420
14.3018929958	-868
14.3192181587	1460
14.3193230629	625
14.3689391613	-1057
14.3760180473	-543
14.3948800564	-1420
14.3949220181	-151
14.3952360153	-1420
14.3952851295	-1420
14.3952879906	-787
14.3953230381	-1420
14.3953261375	-1420
14.3953590393	-787
14.3983490467	-1420
14.398389101	-1420
14.3983919621	-1330
14.3984270096	-1420
14.398430109	-1208
14.398471117	-1420
14.398473978	-1316
14.3985180855	-891
14.3987030983	-1420
14.3987431526	-1420
14.3987460136	-787
14.4014620781	-1420
14.4014661312	-1420
14.4015200138	-1330
14.4015240669	-1420
14.4015600681	-1420
14.4015631676	-816
14.4018270969	-1420
14.4018311501	-1420
14.4018681049	-816
14.4019770622	-1420
14.4020311832	-1420
14.4020349979	-787
14.4020781517	-1368
14.4022791386	543
14.4026551247	543
14.4153790474	-1420
14.4153881073	-1420
14.4154350758	-1264
14.418348074	-1368
14.4217891693	-1420
14.4217951298	-1420
14.4218549728	-1420
14.4218580723	-1212
14.4263560772	-1420
14.4263620377	-1420
14.4264039993	-1420
14.4264070988	-1420
14.4264409542	-1420
14.4264431	-1108
14.426705122	543
14.4596431255	-543
14.519972086	-1368
14.5201880932	-1420
14.5202441216	-1420
14.5202481747	-1264
14.5202929974	-1420
14.5202960968	-1420
14.5203330517	-1264
14.5230121613	-1420
14.5230600834	-1420
14.5230641365	-1264
14.5231029987	-1420
14.5231990814	-1316
14.5232419968	-1368
14.5232450962	-1420
14.5232791901	-1316
14.5232810974	-1420
14.5233151913	-1316
14.5264830589	-1420
14.5265610218	-1420
14.5265660286	-1420
14.5266029835	-1420
14.5266060829	-1420
14.5266401768	-1420
14.5266420841	-1056
14.5266749859	-1368
14.5266780853	-1420
14.5267121792	-1316
14.5267150402	-1368
14.5273981094	543
14.5400810242	-1420
14.5400950909	-1420
14.5401480198	-1420
14.5401501656	-1212
14.5424580574	543
14.5462920666	-1420
14.546298027	-1420
14.5463531017	-1420
14.5463581085	-1212
14.5463941097	-1368
14.551099062	-1420
14.5511431694	-1420
14.5511460304	-1264
14.5511801243	-1420
14.5511820316	-1420
14.5512230396	-1264
14.5513780117	543
14.5515241623	543
14.5523819923	543
14.5526590347	543
14.5530719757	543
14.5533061028	543
14.6448981762	-1420
14.6449151039	-1420
14.6449701786	-1420
14.6449730396	-1420
14.6450071335	-1420
14.6450099945	-1108
14.6450431347	-1368
14.6479539871	-1420
14.6480231285	-1420
14.6480271816	-1264
14.6480619907	-1420
14.6480650902	-1316
14.6481010914	-1368
14.6481041908	-1420
14.6481380463	-1420
14.648140192	-1264
14.6481750011	-1420
14.6481771469	-1316
14.6511220932	-1420
14.6511271	-1420
14.651170969	-1264
14.6511740685	-1420
14.6512200832	-1420
14.6512241364	-1264
14.6512570381	-841
14.6513249874	-1420
14.6513500214	-1316
14.6515080929	-891
14.6516561508	-1368
14.6562530994	543
14.6563971043	543
14.6566340923	543
14.6645100117	-1368
14.6647670269	-1420
14.6648230553	-1420
14.6648271084	-1264
14.6709899902	-1420
14.6709980965	-1420
14.6710441113	-1264
14.6710469723	-1420
14.6710820198	-1316
14.6755831242	-1420
14.6756291389	-1420
14.675632	-1420
14.6756651402	-1368
14.6758069992	543
14.7235071659	-1420
14.7235240936	-694
14.7284331322	-1420
14.7284390926	-209
14.741476059	543
14.7815041542	-1057
14.8258020878	-1420
14.8258180618	-1420
14.8258759975	-1330
14.8934020996	-1420
14.8934180737	-1420
14.8934800625	-1330
14.8934831619	-1420
14.8935251236	-1420
14.8935279846	-787
14.8937489986	543
14.8955500126	-1420
14.8955559731	-1316
14.8955790997	-1420
14.8955831528	-14
14.8956921101	-1420
14.8956961632	-1316
14.8957180977	-1420
14.8957209587	-14
14.8959560394	-1420
14.8959610462	-1316
14.8959829807	-1420
14.8959870338	-557
14.8961250782	-1420
14.8961291313	-1316
14.8961529732	-891
14.8963491917	-1368
14.8964221478	-1420
14.8964250088	-1382
14.8965129852	543
14.896707058	-1420
14.8967120647	-1316
14.8967571259	-1368
14.8968520164	-66
14.8969390392	543
14.9124591351	-1420
14.9124660492	-1316
14.9124941826	-1420
14.9124970436	-557
15.0013961792	543
15.0015411377	-1420
15.0015540123	-151
15.2537181377	-1420
15.2537381649	-151
15.2546601295	-1420
15.2546651363	-1420
15.2547051907	-273
15.2547080517	-1420
15.2547430992	-1420
15.2547459602	-1420
15.2547860146	-735
15.254789114	-1420
15.2548260689	-839
15.2619211674	-1420
15.2619731426	-1420
15.2619760036	-1330
15.2730531693	-1420
15.273058176	-1208
15.4952101707	-1420
15.4952280521	-1420
15.4952850342	-787
15.495467186	-1420
15.4955751896	-1420
15.4955780506	-1420
15.4956121445	-735
15.4956150055	-1420
15.4956550598	-1382
15.4957411289	-1420
15.4957799911	-1420
15.4957830906	-1330
15.4959321022	543
15.5146520138	-1420
15.5146579742	-1420
15.5147001743	-1420
15.5147030354	-453
15.7669429779	-543
16.0013871193	543
16.0449099541	-1057
16.5842709541	1057
16.585693121	1460
16.5857520103	111
16.6713140011	1460
16.6713941097	1139
16.6722211838	1057
16.6815621853	1460
16.6816191673	1460
16.6816930771	1161
16.6817691326	1460
16.6818139553	1460
16.6818549633	253
16.7378940582	-543
16.831302166	-1420
16.8313491344	-1179
16.8339819908	-1420
16.8340229988	-1420
16.8340580463	-99
16.8340921402	-1420
16.8341259956	-839
16.8413960934	543
16.8419921398	-1420
16.8419981003	-1420
16.8420391083	-787
16.8421270847	-1420
16.8421490192	-1316
16.8422040939	-1420
16.8422269821	-1420
16.8422291279	-708
16.8443281651	-1420
16.8443331718	-1420
16.8443770409	-273
16.8445551395	-1420
16.8445980549	-1420
16.8446011543	-787
16.8446831703	-1420
16.8446860313	-1316
16.8447740078	543
16.8448109627	-891
16.8532149792	-1368
16.8560659885	-1420
16.8560721874	-868
16.8652331829	-543
16.8962891102	1460
16.8963730335	625
16.9286680222	1460
16.9287600517	1460
16.9288041592	1161
16.9289441109	1117
16.9515640736	1460
16.9516811371	1460
16.9519641399	707
16.9633841515	-1420
16.9634001255	-694
16.9644730091	-1420
16.9644770622	-1420
16.9645371437	-787
16.9645400047	-1420
16.9645850658	-1420
16.9645881653	-787
16.9648311138	-1420
16.9648339748	-1420
16.964951992	-1330
16.9649550915	-1420
16.9649920464	-1420
16.9649970531	-787
16.965034008	-1420
16.9650371075	-1316
16.9651460648	-1420
16.9651491642	-14
16.9658751488	-1420
16.9658780098	-1316
16.9659039974	-1420
16.9659070969	-14
16.9660410881	-1368
16.9662001133	-1420
16.9662380219	-1420
16.9662411213	-505
16.9707350731	-1420
16.9707400799	-1420
16.9707779884	-787
16.9712131023	543
16.9713740349	543
16.9816441536	-1420
16.9816501141	-1420
16.9817039967	-1330
16.9901380539	-1420
16.9901630878	-180
17.0646409988	543
17.0663571358	-1420
17.0663621426	-1420
17.0664041042	-787
17.0666661263	-1420
17.0667080879	-1420
17.0667111874	-787
17.0762791634	-1420
17.0762960911	-1420
17.0763611794	-1330
17.0768940449	-543
17.0822300911	1460
17.0822930336	111
17.0858609676	-1420
17.0858659744	-1420
17.085914135	-787
17.0887031555	-1420
17.0887429714	-1420
17.0887460709	-787
17.0891120434	-1368
17.0892951488	-1420
17.0893330574	-839
17.0969519615	-1420
17.0969951153	-1420
17.0969979763	-1330
17.1091251373	-1420
17.1091389656	-1420
17.1092031002	-1330
17.1121211052	1460
17.1121740341	111
17.1174471378	-1420
17.1174559593	-209
17.1176309586	543
17.1191520691	-1420
17.119230032	-1420
17.1192719936	-787
17.1192750931	-1420
17.1193091869	-1420
17.1193110943	-787
17.124060154	-1420
17.1240701675	-1420
17.1241221428	-1420
17.1241250038	-1420
17.1241750717	-1420
17.1241769791	-1240
17.1242241859	-1420
17.1242260933	-1316
17.1242690086	-1420
17.1242721081	-1420
17.1243150234	-505
17.1243181229	-1420
17.1243519783	-839
17.1280961037	-1420
17.1281561852	-1420
17.1281611919	-1330
17.1286931038	-1420
17.1286959648	-1316
17.1289041042	-1420
17.1289081573	-14
17.1313631535	543
17.1317050457	543
17.1909191608	-1420
17.1909360886	-1316
17.1909930706	-1420
17.19099617	-1316
17.1911010742	-1368
17.2011761665	-1420
17.2012381554	-1420
17.2012410164	-1264
17.2104971409	-1420
17.2105109692	-1420
17.2105460167	-1264
17.2132389545	-1420
17.2132849693	-1420
17.2132871151	-1264
17.2138311863	-1420
17.213835001	-1420
17.213873148	-458
17.2145910263	543
17.2149870396	1460
17.2150330544	625
17.2155251503	543
17.236946106	-543
17.2717030048	-1420
17.2717671394	-1420
17.2717709541	-273
17.2836661339	-1420
17.283673048	-1420
17.2837181091	-787
17.2838201523	543
17.2859470844	-1420
17.2859520912	-1420
17.2860021591	-273
17.2952699661	-1420
17.2953100204	-1420
17.2953131199	-1420
17.2953300476	-735
17.295331955	-1420
17.2953481674	-839
17.2968151569	-1420
17.2968661785	-1420
17.2968690395	-1330
17.2969641685	-1420
17.2969660759	-1316
17.2970030308	-1420
17.2970061302	-14
17.3033289909	-1420
17.3033511639	-1420
17.3034040928	-1420
17.3034069538	-453
17.3036651611	-1420
17.3036689758	-1316
17.303689003	-891
17.3038401604	-1420
17.3038780689	-1179
17.3039271832	543
17.3042039871	-1420
17.3042070866	-1420
17.3042449951	-1420
17.3042471409	-735
17.3043880463	543
17.3052680492	543
17.3154780865	-1420
17.3154931068	-1316
17.3155450821	-1420
17.3155481815	-1316
17.3257381916	-1420
17.32574296	-1420
17.3257961273	-1264
17.3257989883	-1420
17.3258411884	-1316
17.3349890709	-1420
17.335034132	-1420
17.3350381851	-1264
17.3377561569	-1420
17.3377621174	-1420
17.3378040791	-226
17.3422710896	543
17.3711969852	-1420
17.3712129593	-1208
17.3768689632	543
17.3771150112	1460
17.3771691322	625
17.4153301716	-1420
17.4153580666	-1208
17.4216899872	-543
17.5542149544	-1420
17.5542299747	-1420
17.5542891026	-1420
17.5542919636	-1420
17.5543341637	-1420
17.5543379784	-154
17.5545339584	543
17.5621111393	-1420
17.5621161461	-1420
17.5621571541	-1330
17.5621600151	-1420
17.562210083	-1420
17.5622119904	-1330
17.5622560978	-1420
17.5622589588	-1316
17.5623471737	-1420
17.562349081	-557
17.5625071526	-1420
17.5625109673	-1316
17.5627520084	-1420
17.5627560616	-839
17.5628931522	-1420
17.562898159	-1382
17.5630581379	-1420
17.5630631447	-1420
17.5631029606	-1330
17.5631871223	543
17.5886070728	-1420
17.5886130333	-1316
17.5886530876	-1420
17.5886561871	-43
17.5915050507	543
17.7131850719	-543
17.8180420399	-543
17.8926279545	-1420
17.8926579952	-1420
17.8927071095	-787
17.9115231037	-1420
17.9115321636	-665
18.0364921093	-543
18.0539240837	1057
18.0615291595	543
18.0631871223	1057
18.1610941887	-1057
18.1741540432	543
18.2014319897	1460
18.2015199661	1460
18.2015640736	1161
18.2017190456	89
18.2169661522	-1420
18.2169730663	-1420
18.2170240879	-1330
18.2213859558	543
18.222700119	543
18.2229950428	1460
18.2230420113	625
18.2233021259	543
18.2235059738	1460
18.2235500813	625
18.2577111721	543
18.2580080032	-1420
18.2580120564	-694
18.2619941235	543
18.2726759911	543
18.2732641697	543
18.2735199928	543
18.3826620579	-543
18.4376790524	-1420
18.4376981258	-1420
18.437746048	-1330
18.4568920135	-1420
18.4569020271	-665
18.4761259556	543
18.4920721054	-1420
18.4920911789	-180
18.4927520752	-1420
18.4927551746	-151
18.4956431389	-1420
18.495647192	-1420
18.4956870079	-787
18.5012860298	-1420
18.5013511181	-1179
18.5129439831	543
18.5136480331	543
18.5138690472	543
18.5214810371	543
18.5217680931	543
18.5461390018	1460
18.546238184	625
18.6096701622	-543
18.626388073	-1086
18.6711630821	-543
18.7216601372	543
18.7222759724	543
18.7225410938	1460
18.7225871086	625
18.7228419781	543
18.7230479717	1460
18.7230989933	625
18.7355911732	-1420
18.735599041	-209
18.7442891598	-1420
18.7442991734	-1420
18.7443490028	-816
18.7532579899	1460
18.7533340454	111
18.7813611031	-1420
18.781373024	-1420
18.7814240456	-787
18.7814261913	-1420
18.781468153	-1420
18.781471014	-787
18.7873849869	-1420
18.7873959541	-1420
18.7875130177	-1264
18.7875161171	-1420
18.7875561714	-14
18.7875580788	-1368
18.7875599861	-920
18.7876119614	-1420
18.7876150608	-1420
18.7876579762	-787
18.7878000736	-1368
18.7878260612	-1420
18.7878291607	-1420
18.7878451347	-787
18.7879521847	-1420
18.7880051136	-1420
18.7880079746	-1330
18.7880520821	-1368
18.7882611752	-1420
18.7882881165	-14
18.7895309925	-1420
18.7895700932	-1420
18.7895729542	-1420
18.789607048	-453
18.7903721333	543
18.7905590534	543
18.8476810455	-1057
18.8627750874	-1420
18.862842083	-1420
18.8628470898	-302
18.8838660717	-1420
18.8838801384	-151
18.8863930702	-1420
18.886398077	-1420
18.8864359856	-787
18.8953440189	-1420
18.8953680992	-1208
18.9068870544	543
18.9162580967	1057
18.9168541431	543
18.9170689583	1460
18.9171140194	111
19.0055751801	-1057
19.0060811043	543
19.0066070557	543
19.0068490505	543
19.0420401096	543
19.0423159599	1460
19.0423681736	625
19.0914371014	1460
19.0915141106	625
19.1304609776	-543
19.1502070427	-1420
19.150274992	-180
19.1996500492	-1420
19.19967103	-1420
19.199723959	-1420
19.1997280121	-1420
19.1997430325	-1420
19.1997451782	-697
19.2102751732	-1420
19.2102890015	-1420
19.2103440762	-1330
19.2195250988	-1420
19.2195329666	-1420
19.2195780277	-302
19.2640411854	-1420
19.264067173	-1208
19.2883930206	-1420
19.2884190083	-1420
19.288462162	-787
19.3069961071	-1420
19.3070240021	-665
19.3261539936	543
19.333315134	543
19.3914430141	1460
19.3915240765	625
19.4319281578	-1057
19.4366230965	-1420
19.4366660118	-665
19.5165431499	-543
19.5615911484	-1420
19.5616121292	-1316
19.5616571903	-435
19.610450983	-1420
19.6104640961	-180
19.6556820869	1460
19.6557781696	625
19.6840159893	543
19.7046999931	543
19.7083661556	-1420
19.7083711624	-1420
19.7084200382	-302
19.7248601913	-1420
19.7248761654	-1420
19.7249331474	-273
19.74142313	543
19.776291132	1057
19.9562790394	1460
19.9563701153	625
19.9877331257	-543
20.0062861443	543
20.0108990669	543
20.0109920502	543
20.0110399723	543
20.1229860783	-1420
20.1230010986	-1420
20.1230580807	-1420
20.1230611801	-1420
20.1231040955	-1420
20.1231069565	-154
20.1292231083	-1420
20.1292281151	-1420
20.1292700768	-1330
20.1292731762	-1420
20.1293160915	-1316
20.1293179989	-1420
20.1293580532	-14
20.1295151711	543
20.1297500134	543
20.1317100525	-1420
20.131716013	-1316
20.1318671703	-1420
20.131870985	-557
20.1425490379	-1420
20.1425640583	-665
20.2222709656	-543
20.2670049667	-543
20.307128191	-1420
20.3071670532	-1316
20.3072040081	-1420
20.3072190285	-1382
20.3073430061	-1420
20.3073570728	-839
20.3249771595	-1420
20.3249931335	-1420
20.3250551224	-1330
20.3255040646	-1420
20.325507164	-1316
20.3255290985	-1420
20.3255319595	-14
20.3256759644	1460
20.3257291317	111
20.3260521889	-1420
20.3260660172	-1420
20.326086998	-1420
20.3260891438	-453
20.3262600899	-1420
20.3262631893	-1420
20.3263130188	-787
20.3264241219	543
20.3470201492	-1420
20.347037077	-1420
20.347094059	-302
20.3782789707	-1420
20.3783230782	-1420
20.3783271313	-787
20.3785130978	543
20.3787071705	-1420
20.3787109852	-1420
20.378757	-787
20.386934042	-1420
20.3869769573	-1420
20.3869800568	-1330
20.3910281658	-1420
20.3910369873	-1420
20.3910889626	-1330
20.4080510139	-1420
20.4081180096	-1420
20.4081230164	-1420
20.4081711769	-453
20.4083361626	543
20.4268729687	-1420
20.4268891811	-1420
20.4269530773	-787
20.4375801086	-1420
20.4376320839	-151
20.543181181	1057
20.8580169678	-1420
20.8580851555	-1420
20.8581221104	-1420
20.8581581116	-1420
20.8581950665	-1420
20.858230114	-154
20.8659000397	-1420
20.8659710884	-1420
20.8660080433	-1330
20.8830611706	-1420
20.8831100464	-1208
20.9093601704	-543
21.0013439655	543
21.0075051785	-1057
21.0090751648	-543
21.1720280647	-1057
21.2024250031	-543
21.2289481163	-543
21.2967550755	-1057
21.2972941399	543
21.3061580658	543
21.4211139679	-543
21.5212650299	-543
21.775411129	-1368
21.7754609585	-1420
21.7754809856	-839
21.9018580914	-1057
21.9315280914	543
21.9961781502	543
22.0567011833	-543
22.221214056	-1086
22.231539011	543
22.232186079	543
22.2670121193	1057
22.3546741009	543
22.7015790939	543
22.7019059658	543
22.8377780914	-1057
23.6505951881	-543
23.7019870281	1057
23.9962060452	543
24.441699028	-543
24.6058540344	-543
24.7302720547	-543
25.119328022	-543
26.7023429871	543
26.7644660473	-543
