0	543
0.0180990695953	543
0.189794063568	-543
1.12729597092	-1420
1.1273598671	-151
1.12749886513	543
1.1279489994	-1420
1.12795495987	-1316
1.15188694	-1420
1.15190291405	-1420
1.1519510746	-1264
1.16312789917	-1420
1.16319990158	-1420
1.1632039547	-1264
1.16601586342	543
1.20454406738	543
1.2051179409	543
1.20536184311	543
1.2055990696	543
1.20575594902	543
1.24422287941	-1420
1.24424505234	-1420
1.24428200722	-1420
1.24428391457	-1212
1.24515390396	-1420
1.24515986443	-1420
1.24519896507	-1420
1.24520206451	-1212
1.26913905144	-1420
1.26915407181	-1420
1.2692129612	-1420
1.26921606064	-1212
1.27445101738	543
1.2796459198	-1420
1.27965092659	-1316
1.27970600128	-1420
1.2797088623	-1420
1.27974486351	-938
1.43942403793	-543
1.43971586227	543
1.4402089119	543
1.44039487839	543
1.47065591812	-1420
1.47066187859	-1316
1.48448395729	543
1.49149489403	-1420
1.49149990082	-1316
1.49154305458	-1368
1.50569987297	-1420
1.5057489872	-1420
1.50575184822	-1264
1.51640486717	543
1.51662993431	543
1.51707100868	543
1.51727890968	543
1.55711197853	-480
1.70126700401	-1420
1.70128393173	-1420
1.70134305954	-1264
1.70156288147	-1420
1.70160984993	-1420
1.70161294937	-1264
1.70287489891	-1420
1.70287895203	-1316
1.70313286781	-1420
1.70313692093	-1420
1.70317292213	-1264
1.70317602158	-1368
1.71384096146	-807
1.71731805801	543
1.71753287315	543
1.72003102303	1460
1.72229194641	1460
1.72233295441	1161
1.72241592407	603
1.72582197189	-1420
1.72582793236	-1420
1.72584986687	-1420
1.72585296631	-1212
1.72591090202	-1368
1.7370159626	-1420
1.73706889153	-1420
1.73707294464	-1264
1.7373650074	-1420
1.73736906052	-1420
1.73741102219	-1264
1.73751401901	-1420
1.73757195473	-1316
1.73757386208	-1368
1.7377820015	-1420
1.73778605461	-1420
1.73782396317	-1264
1.73804187775	-1420
1.73808288574	-1316
1.73920798302	-1368
1.73923587799	-1368
1.74451398849	543
1.81774401665	-1420
1.81775999069	-1420
1.81781291962	-1420
1.81781601906	-1420
1.81785106659	-1420
1.81785392761	-1108
1.81812787056	-1420
1.81813192368	-1420
1.81815290451	-1264
1.81821489334	-1420
1.81824207306	-1316
1.81831502914	-1368
1.81853199005	543
1.81961488724	-1420
1.81961894035	-1420
1.81965684891	-1420
1.81965899467	-1212
1.81994891167	-1420
1.81995296478	-1420
1.82002305984	-1264
1.82002496719	-1420
1.82006001472	-1420
1.82006192207	-1264
1.82531404495	543
1.83081388474	-1420
1.83081889153	-1420
1.8308570385	-1264
1.83085894585	-1368
1.84234595299	-1420
1.84235191345	-1420
1.84239292145	-583
1.87720990181	543
1.8778090477	543
1.93447184563	543
1.93456888199	543
1.95902085304	-1057
1.96387600899	543
1.96535491943	543
1.96585297585	543
1.96610593796	543
1.97591900826	543
1.97612190247	543
1.97674107552	543
1.9769179821	543
1.97747087479	543
1.9776289463	543
2.08273792267	-543
2.08380198479	1460
2.08386802673	1460
2.08390688896	707
2.13881897926	-1368
2.19925785065	-746
2.31606292725	-1057
2.33670902252	543
2.33696484566	543
2.45351696014	-1086
2.48789691925	-1368
2.53158998489	-543
2.56990194321	-261
2.68542599678	-1368
2.68625998497	-746
2.68818187714	543
2.69313502312	543
2.72151303291	-1420
2.72152805328	-1316
2.72820901871	543
2.728484869	543
2.7585568428	-1368
2.76014685631	543
2.76188588142	-1420
2.76188993454	-1420
2.76193284988	-1264
2.76201605797	-1420
2.76205706596	-1420
2.76205992699	-1264
2.76220297813	543
2.76545190811	543
2.76570701599	543
2.77270007133	-1420
2.77270507812	-1420
2.77275300026	-1264
2.78695607185	-1420
2.78701686859	-1420
2.78701996803	-1264
2.80355596542	-873
2.83174085617	-1368
2.84270596504	-543
2.86156201363	-1368
2.86717200279	-1368
2.87153506279	543
2.91226506233	-1368
2.91990804672	-1420
2.91997098923	-1316
2.92282605171	543
2.92308998108	543
2.93438506126	543
2.93446087837	543
2.9345099926	543
2.94827604294	-161
2.9892950058	-1368
3.0160639286	-1368
3.04411101341	-1420
3.04416704178	-1316
3.05223798752	-1368
3.05256986618	543
3.05413603783	543
3.05440807343	543
3.06472492218	-501
3.08788204193	-1368
3.12405395508	-1368
3.15458893776	-1368
3.15695405006	-1368
3.15959692001	-1420
3.15962386131	-1316
3.1797940731	-1368
3.18116402626	-393
3.18406796455	-1368
3.19028806686	-1368
3.19539284706	-1368
3.22107291222	-1368
3.2250020504	-1368
3.24358987808	-1368
3.24360489845	-1368
3.24574804306	-1368
3.25730204582	-1368
3.27469491959	-1420
3.27470493317	-1316
3.28145599365	-1368
3.29664587975	-1368
3.29679298401	543
3.29845690727	-583
3.30655097961	-1368
3.31390190125	-1368
3.31703686714	-1368
3.33623099327	-1368
3.34367084503	-1368
3.35185003281	-1368
3.36093902588	-1420
3.36100697517	-1316
3.37205386162	-1368
3.37707400322	-1368
3.38849806786	-1368
3.39192199707	543
3.39705491066	-1368
3.39707398415	-1368
3.41104507446	-1368
3.41794896126	-1368
3.42303085327	-417
3.42468094826	-1368
3.43129587173	-1368
3.4359369278	-1368
3.4360370636	543
3.43933987617	-1368
3.44012498856	-1368
3.44961905479	-1368
3.46423006058	-1420
3.46429395676	-1316
3.46864199638	-1368
3.47542691231	-1368
3.47614002228	-1368
3.47768902779	543
3.47796201706	543
3.4891910553	-1420
3.48919796944	-1316
3.49223589897	-1368
3.49455189705	-1368
3.4959359169	-1368
3.50109291077	-1368
3.5037779808	-1420
3.50378203392	-1316
3.50599002838	-1368
3.50795507431	-1368
3.54120087624	-1150
3.54662704468	543
3.54689788818	543
3.59140086174	-1368
3.59695792198	543
3.59751605988	543
3.59786200523	543
3.5980219841	543
3.65782594681	-1289
3.66153502464	543
3.66173505783	543
3.77447891235	-1057
3.77724790573	543
3.77747607231	543
3.79677987099	-1368
3.89454889297	-717
3.89789605141	543
3.89820504189	543
3.94116401672	543
4.01944899559	-543
4.15257787704	-543
4.31913304329	-1420
4.31914687157	-1420
4.31920385361	-1264
4.33129405975	-1368
4.33230185509	-327
4.33872103691	543
4.36351299286	543
4.3637919426	543
4.36405205727	1460
4.36410689354	1460
4.36414384842	707
4.36429405212	1460
4.36433792114	1460
4.36437296867	707
4.3648378849	543
4.36508488655	543
4.36534190178	543
4.3655128479	543
4.36584997177	543
4.36600804329	543
4.36633586884	543
4.37020206451	543
4.382614851	-1368
4.38314604759	543
4.38335394859	543
4.39164495468	-1368
4.39489006996	543
4.39506387711	543
4.47684884071	-920
4.4775788784	543
4.47778296471	543
4.51402187347	-1420
4.51403999329	-1316
4.54201984406	-543
4.60584592819	-1420
4.605864048	-1420
4.60592889786	-1264
4.60596990585	-1368
4.60610485077	-1420
4.60610890388	-1316
4.60620594025	-1420
4.60620999336	-1316
4.60643792152	-1420
4.60644197464	-1420
4.60649991035	-1264
4.6065030098	-1420
4.60653805733	-1316
4.60815596581	-1420
4.60819387436	-1316
4.60873007774	-1368
4.60883903503	-1420
4.60884189606	-1316
4.60900688171	-1420
4.60900998116	-1420
4.60901093483	-1264
4.60904288292	-1368
4.60932707787	543
4.60956406593	543
4.61012196541	543
4.61038994789	-1420
4.61039495468	-1420
4.61043596268	-1264
4.61100387573	-1420
4.61102700233	-1316
4.61143803596	-1368
4.61145997047	-1420
4.61146187782	-1316
4.61153507233	-1368
4.61165189743	-1420
4.61169099808	-1316
4.61172699928	-1368
4.61562991142	-1420
4.61563801765	-1420
4.61568188667	-1264
4.61582994461	-1368
4.61589694023	-1420
4.61589884758	-1316
4.61606407166	-1368
4.61615300179	-1420
4.61617207527	-1420
4.61617398262	-1264
4.61621594429	-1368
4.61629199982	-1368
4.61640000343	-1420
4.61640286446	-1316
4.61649489403	-1368
4.61727905273	543
4.6174929142	543
4.6176109314	-1420
4.61761403084	-1420
4.61763286591	-1264
4.61772489548	-1368
4.61777091026	543
4.61800789833	-1420
4.61801290512	-1316
4.61806988716	-1368
4.6181268692	-1420
4.61816501617	-1316
4.62052488327	-1320
4.62110185623	-1420
4.62110686302	-1420
4.62114405632	-1264
4.62129807472	-1420
4.62133598328	-1316
4.62181806564	-1368
4.62217402458	-1420
4.6221768856	-1420
4.62221288681	-1264
4.62262988091	-1420
4.62266802788	-1420
4.62266993523	-1264
4.62384796143	543
4.62477087975	-1420
4.62477684021	-1420
4.62481784821	-1264
4.62533307076	-1420
4.62538290024	-1420
4.62538695335	-1264
4.63132095337	-1420
4.63133502007	-1420
4.63138985634	-1264
4.66038703918	543
4.66490387917	-1420
4.66491007805	-1316
4.66498589516	-1420
4.6649889946	-1316
4.66508507729	-1420
4.66508698463	-1316
4.66528892517	543
4.67062091827	-1420
4.67062807083	-1316
4.6706738472	-1368
4.67072892189	-1368
4.6709690094	-1420
4.67097306252	-1420
4.6710319519	-1264
4.67103505135	-1420
4.67107486725	-1316
4.67115092278	543
4.67134904861	-1420
4.67135286331	-1316
4.67188000679	1057
4.67209792137	543
4.74475097656	-1420
4.74476885796	-1420
4.74481606483	-1420
4.74481892586	-1212
4.74484586716	-1420
4.74484801292	-1420
4.74487304688	-1420
4.74487495422	-1212
4.7448990345	-1368
4.7451748848	-1368
4.74556493759	-1420
4.74556994438	-1420
4.7456099987	-1420
4.74561285973	-1420
4.74564790726	-1420
4.74565005302	-1420
4.74568390846	-1056
4.7459230423	-1420
4.74597287178	-1420
4.7459769249	-1420
4.7460038662	-1420
4.74600887299	-1420
4.74604105949	-1108
4.74627900124	-1420
4.74640798569	-1420
4.7464120388	-1420
4.74648404121	-1420
4.74648785591	-1420
4.7465698719	-1420
4.74657487869	-1420
4.74657702446	-1420
4.74657893181	-1420
4.74658107758	-1420
4.7465839386	-848
4.74658489227	-1420
4.74658703804	-1420
4.74658799171	-1420
4.74659895897	-1212
4.74675893784	-1420
4.74676203728	-1420
4.74676394463	-1420
4.7467648983	-1420
4.74676585197	-1420
4.74676799774	-1420
4.74676895142	-1056
4.74677085876	-1368
4.74730706215	-1420
4.74731302261	-1420
4.74731588364	-1264
4.74766898155	543
4.74872303009	-1420
4.74872589111	-1420
4.74872684479	-1420
4.74872803688	-1212
4.74878501892	-1420
4.7487859726	-1420
4.74878692627	-1420
4.74878787994	-1212
4.74908089638	543
4.74924397469	543
4.74967885017	543
4.75925898552	-1368
4.7598118782	-1368
4.76002192497	-1420
4.76002693176	-1316
4.76276493073	-1420
4.76276993752	-1420
4.76281094551	-1264
4.76281285286	-1368
4.76287007332	-1420
4.76287198067	-1420
4.7629070282	-1264
4.76298689842	-1368
4.76308703423	-1420
4.76308989525	-1316
4.76310801506	-1368
4.7632689476	-1420
4.76330685616	-1420
4.76330900192	-1264
4.76335191727	-1420
4.76335406303	-1420
4.76338887215	-1264
4.76339101791	-1368
4.76345205307	-1420
4.76345396042	-1316
4.76348590851	543
4.76353287697	-1368
4.763630867	-1420
4.76363492012	-1420
4.76363587379	-1264
4.76373291016	-1420
4.7637360096	-1420
4.76373696327	-1264
4.76384806633	-1420
4.76385092735	-1420
4.76385307312	-1264
4.76389789581	-1368
4.76398396492	-1420
4.76398587227	-1316
4.76408600807	543
4.76434397697	543
4.76467490196	-1420
4.76467895508	-1420
4.76471805573	-1264
4.7647690773	-1420
4.76478695869	-1420
4.76478886604	-1264
4.76510000229	-1420
4.76510286331	-1316
4.76530003548	-1420
4.76530385017	-1316
4.76653194427	-1420
4.76653504372	-1316
4.76659393311	-1368
4.76670002937	-1420
4.7667529583	-1420
4.76675605774	-1264
4.7667889595	-1368
4.76682901382	-1420
4.76684498787	-1316
4.76687884331	-1368
4.76894593239	-1420
4.7689499855	-1316
4.76938605309	-1420
4.76938986778	-1316
4.77128887177	543
4.7733399868	1460
4.77339100838	1460
4.77342796326	1161
4.77351784706	1460
4.77355384827	1460
4.77358698845	767
4.77567887306	-1420
4.77568507195	-1420
4.77572584152	-1264
4.77572894096	-1368
4.77578306198	-1420
4.77578496933	-1316
4.77672386169	-1420
4.77672696114	-1316
4.77683091164	-1420
4.77683401108	-1316
4.80224299431	-543
4.8109099865	-1420
4.81092000008	-1420
4.81096887589	-1264
4.81097197533	-1368
4.81105399132	-1368
4.81113886833	-1420
4.81115889549	-1420
4.81116104126	-1264
4.81405687332	-1420
4.81406092644	-1420
4.81409907341	-1264
4.81416893005	-1420
4.81418800354	-1420
4.81418991089	-1264
4.81420707703	-1368
4.81437206268	-1368
4.81441092491	-1420
4.81441307068	-1420
4.81446695328	-1264
4.81446886063	-1420
4.81447100639	-1420
4.81447196007	-1420
4.81447291374	-1212
4.81458902359	543
4.81474304199	-1420
4.81474590302	-1420
4.81474685669	-1264
4.81475186348	543
4.81486201286	543
4.88795995712	-1420
4.88799595833	-1420
4.88806986809	-1264
4.88807296753	-1420
4.88811707497	-1316
4.88811993599	-1368
4.88824295998	-1420
4.88824701309	-1420
4.88829898834	-1264
4.88830184937	-1368
4.88861083984	-1420
4.88861489296	-1316
4.88910698891	-1420
4.8891119957	-1420
4.88917088509	-1264
4.88917303085	-1420
4.88920783997	-1420
4.88920998573	-1264
4.88932800293	-1420
4.88933205605	-1420
4.88936805725	-1264
4.88945102692	-1420
4.88950800896	-1420
4.88951086998	-1264
4.88954591751	-1368
4.88962292671	-1420
4.88969397545	-1316
4.88969707489	-1368
4.88975191116	-1420
4.88975405693	-1420
4.88978886604	-1264
4.88982105255	543
4.88990497589	-1420
4.88990807533	-1316
4.88993787766	-1368
4.89006590843	-1420
4.89006900787	-1420
4.89007091522	-1264
4.8901450634	-1420
4.89014697075	-1420
4.89014792442	-1264
4.89029192924	-1420
4.89029502869	-1316
4.89036893845	-1420
4.89037084579	-1420
4.89037203789	-1264
4.89044189453	543
4.89049506187	-1420
4.89049696922	-1316
4.89061188698	-1420
4.89061594009	-1420
4.89061689377	-1264
4.89073085785	-1420
4.89073395729	-1420
4.89073491096	-1264
4.8907790184	-1368
4.89080286026	543
4.89090394974	-1420
4.89090704918	-1420
4.89090800285	-1264
4.89098501205	-1420
4.89098906517	-1316
4.89116692543	-1368
4.8912858963	-1420
4.89128994942	-1316
4.89155006409	-1420
4.89155387878	-1316
4.89169287682	-1420
4.89169597626	-1316
4.89173603058	-1368
4.89186787605	-1368
4.8922150135	-1420
4.89222502708	-1316
4.89244389534	-1420
4.89244699478	-1420
4.89244890213	-1264
4.89250588417	-1368
4.89677786827	543
4.89697384834	543
4.89714384079	543
4.907132864	-1420
4.90714693069	-1316
4.90718102455	-1420
4.90718388557	-1316
4.90733194351	-1420
4.90733504295	-1316
4.90759301186	-1420
4.90759587288	-1316
4.90766096115	-1420
4.9076628685	-1420
4.90768003464	-1264
4.9077808857	-1420
4.90781784058	-1316
4.90790891647	-1420
4.90792989731	-1316
4.90799403191	-1368
4.90805101395	-1368
4.9081659317	-1368
4.90857696533	-1368
4.90876698494	-1420
4.90877103806	-1420
4.90877199173	-1420
4.9087729454	-1212
4.90877389908	-1420
4.90880894661	-1420
4.90881085396	-1420
4.90881204605	-1212
4.90907287598	-1420
4.90907597542	-1420
4.90907692909	-1420
4.90907907486	-1420
4.90908002853	-1420
4.90908098221	-1420
4.90908193588	-1056
4.90920495987	-1368
4.90920901299	-1420
4.90920996666	-1420
4.90921092033	-1264
4.9092130661	-1420
4.90921401978	-1316
4.90934991837	-1368
4.90946793556	-1420
4.909471035	-1420
4.90947198868	-1264
4.91824102402	-1420
4.91824698448	-1420
4.91824793816	-1420
4.91824889183	-1420
4.9182498455	-1420
4.91825199127	-1420
4.91834998131	-1420
4.91835284233	-1420
4.91835403442	-1420
4.9183549881	-1420
4.91835594177	-1420
4.91835689545	-1420
4.91835904121	-1420
4.91835999489	-1420
4.91853785515	-1420
4.91854000092	-1420
4.91854095459	-1420
4.91854190826	-1420
4.91854286194	-1420
4.91854405403	-1420
4.91854691505	-1420
4.91854786873	-1420
4.9185590744	-1420
4.91856384277	-1420
4.91856598854	-1420
4.91856694221	-1420
4.91856789589	-1420
4.91856884956	-1420
4.91857004166	-1420
4.91857099533	-1420
4.91857194901	-1420
4.91857290268	-1420
4.91857504845	-1420
4.91857600212	-1420
4.9185769558	-1420
4.91857790947	-1420
4.91857886314	-1420
4.91858005524	-1420
4.91859197617	-1420
4.91859507561	-1420
4.91859602928	-1420
4.91859698296	-1420
4.91859793663	-1420
4.9185988903	-1420
4.91859984398	-1420
4.91860103607	-1420
4.9245159626	-1420
4.92452001572	-1420
4.92452192307	-1420
4.92452406883	-1420
4.92452502251	-1420
4.92452597618	-1420
4.92452692986	-1420
4.92452788353	-1348
4.92464900017	543
4.92494893074	543
4.92683005333	543
4.92704892159	543
4.92738389969	543
4.92786884308	543
4.932254076	-543
4.93287587166	543
4.93294405937	543
4.93507885933	1460
4.93512988091	1460
4.9351670742	707
4.93661594391	1460
4.93666887283	1460
4.93670606613	707
4.95595502853	-1420
4.95596289635	-1420
4.95600390434	-1420
4.95600700378	-1212
4.9560239315	-1420
4.95602607727	-1316
4.95613503456	-1420
4.95613884926	-1316
4.95617389679	-1420
4.95617604256	-1316
4.95627593994	-1420
4.95627903938	-1316
4.95855784416	-1368
4.95871090889	1460
4.95875000954	-1420
4.95875191689	-1316
4.95875287056	-1368
4.9587700367	625
4.95880103111	-1368
4.95894002914	-1420
4.95894289017	-1316
4.95905685425	-1420
4.95906090736	-1316
4.95911407471	-1368
4.95919203758	-1420
4.95919489861	-1316
4.95925188065	543
4.9592859745	-1368
4.9593129158	-1420
4.95931386948	-1316
4.95945501328	-1420
4.95945692062	-1420
4.95945906639	-1264
4.95951294899	-1420
4.95951485634	-1316
4.95956301689	-1368
4.95967102051	-1420
4.95967388153	-1316
4.95978593826	-1420
4.9597890377	-1316
4.9599070549	-1420
4.95990991592	-1316
4.96011996269	543
5.03194499016	-1420
5.03196191788	-1420
5.03201603889	-1420
5.03201889992	-1420
5.03205394745	-1420
5.0320558548	-1108
5.03256702423	-1420
5.03257107735	-1420
5.03263092041	-1264
5.03263401985	-1420
5.0326769352	-1420
5.03267884254	-1264
5.03296399117	-1420
5.03296804428	-1316
5.03302288055	-1420
5.03302598	-1316
5.03309702873	-1420
5.03309988976	-1316
5.03341698647	-1420
5.03341984749	-1316
5.03353786469	-1420
5.0335419178	-1316
5.03374385834	-1420
5.03374791145	-1316
5.03384184837	-1420
5.03384590149	-1420
5.03384685516	-1264
5.03399586678	-1420
5.03399896622	-1316
5.03422689438	-1420
5.03423094749	-1316
5.03441905975	-1420
5.03442502022	-1420
5.03442692757	-1264
5.03442907333	-1420
5.03443098068	-1420
5.03443288803	-1264
5.03452897072	-1420
5.03453588486	-1316
5.03461384773	-1420
5.03461885452	-1316
5.03471589088	-1420
5.034719944	-1420
5.03472089767	-1264
5.04055500031	-1420
5.04056191444	-1420
5.04056286812	-1420
5.04056406021	-1420
5.04056596756	-1420
5.04056692123	-1420
5.04056787491	-1420
5.040569067	-1420
5.04057002068	-1420
5.04057097435	-1420
5.04057192802	-1420
5.0405728817	-1420
5.04057502747	-1420
5.04057598114	-1420
5.04057693481	-1420
5.04057788849	-1420
5.04059386253	-1420
5.0405960083	-1420
5.04059696198	-1420
5.04059791565	-1420
5.04059886932	-1420
5.04060006142	-1420
5.04060196877	-1420
5.04060292244	-1420
5.04060387611	-1420
5.04060506821	-1420
5.04060602188	-1420
5.04060697556	-1420
5.04060792923	-1420
5.0406088829	-1420
5.04061102867	-1420
5.04061198235	-1420
5.04062104225	-1420
5.04062390327	-1420
5.04062485695	-1420
5.04062604904	-1420
5.04062700272	-1420
5.04062795639	-1420
5.04062891006	-1420
5.04062986374	-1420
5.04063487053	-1420
5.04063606262	-1420
5.0406370163	-1420
5.04063796997	-1420
5.04063892365	-1420
5.04063987732	-1420
5.04066205025	543
5.0407910347	-1420
5.04079389572	-1420
5.0407948494	-1420
5.04079604149	-1420
5.04079699516	-1420
5.04079794884	-1420
5.04079985619	-1420
5.04080104828	-279
5.04080200195	-1368
5.04703307152	543
5.04741191864	543
5.04760694504	543
5.04776787758	543
5.04816603661	543
5.04827189445	543
5.04848599434	543
5.04875302315	543
5.05063486099	-1420
5.05063986778	-1316
5.05072498322	-1420
5.05072784424	-1420
5.05074501038	-1264
5.05098605156	-1420
5.05102491379	-1316
5.05102705956	-1420
5.05106902122	-1316
5.05111503601	-1368
5.05129289627	-1420
5.05129599571	-1316
5.05141186714	-1368
5.08445286751	-1420
5.08450889587	-1316
5.08464002609	-1368
5.13438796997	-1420
5.13440394402	-1420
5.13444399834	-1264
5.13456296921	543
5.13622093201	-1420
5.13622689247	-1420
5.13627505302	-1264
5.13684797287	-1420
5.13689184189	-1420
5.13689494133	-1264
5.13830804825	-1420
5.13831305504	-1420
5.13835501671	-1264
5.14194393158	-1420
5.14198803902	-1420
5.14199090004	-1264
5.14202594757	-1368
5.14214897156	543
5.14289093018	-1420
5.14289402962	-1316
5.14391994476	-1420
5.14392399788	-1420
5.14396095276	-1264
5.14467692375	-1420
5.14472007751	-1420
5.14472293854	-1264
5.14624404907	-1420
5.14625096321	-1316
5.14627385139	-1368
5.14689707756	-1368
5.14700984955	543
5.14863586426	-1420
5.14864206314	-1316
5.15078186989	-1420
5.15078902245	-1420
5.15083193779	-1264
5.15781593323	-1420
5.15786385536	-1420
5.15786790848	-1264
5.15810394287	543
5.16372990608	-1420
5.16374206543	-1316
5.16548991203	-1420
5.1654958725	-1420
5.16551685333	-1264
5.16558885574	543
5.16758489609	-1420
5.1675889492	-1316
5.16869807243	-1420
5.16870188713	-1420
5.16875100136	-1264
5.17028403282	-1420
5.17032504082	-1420
5.17032694817	-1264
5.17360901833	-1368
5.17373204231	-1420
5.17377686501	-1420
5.17377901077	-1264
5.17625904083	-1420
5.17626905441	-1316
5.17761301994	-1368
5.17785000801	-1420
5.17789196968	-1420
5.17789506912	-1264
5.17913484573	-1420
5.17913889885	-1420
5.1791779995	-1264
5.18102192879	-1420
5.18106293678	-1316
5.18106603622	-1368
5.18159389496	-691
5.18186688423	-1368
5.18195390701	-1368
5.18373799324	-1420
5.18378305435	-1316
5.18394303322	-1368
5.18575787544	-1420
5.18576407433	-1316
5.18585586548	-1368
5.18821287155	-1420
5.1882648468	-1420
5.18826794624	-1264
5.19119095802	-1368
5.19128394127	1057
5.19318890572	-1420
5.19319391251	-1316
5.1942858696	-1420
5.19429087639	-1316
5.19432997704	-1368
5.19606089592	-1420
5.19610404968	-1420
5.19610691071	-1264
5.2008368969	-1420
5.20085287094	-1420
5.20091795921	-1420
5.20092105865	-1212
5.20213985443	-1420
5.20214605331	-1316
5.20222687721	-1368
5.20393395424	-1420
5.20397090912	-1316
5.20402789116	-1368
5.20560097694	-1420
5.20560407639	-1316
5.20566487312	-1368
5.20637106895	-1420
5.20640802383	-1420
5.20641088486	-1264
5.21093297005	-1420
5.21094584465	-1420
5.21098804474	-1264
5.21108388901	543
5.211632967	-1420
5.21163797379	-1420
5.21167898178	-1264
5.21377587318	-1420
5.2138440609	-1316
5.2138478756	-1368
5.21396684647	543
5.21444797516	-1420
5.21445298195	-1420
5.21449303627	-1264
5.21674489975	-1420
5.21678805351	-1420
5.21679091454	-1264
5.21810889244	-1420
5.21811485291	-1420
5.21815800667	-1264
5.21824789047	543
5.21964406967	-1420
5.21965003014	-1316
5.21972203255	-1368
5.22430992126	-1420
5.22433304787	-1420
5.22433805466	-1264
5.22444605827	543
5.22632598877	-1420
5.22633194923	-1420
5.22637295723	-1264
5.22985386848	-1420
5.22989702225	-1420
5.22989988327	-1264
5.23259902	-1420
5.23260402679	-1420
5.23264288902	-1264
5.2327208519	543
5.23474502563	-1420
5.2347509861	-1420
5.23479294777	-1264
5.23557186127	-1368
5.23623800278	-1420
5.23624300957	-1316
5.23679304123	-1368
5.23689007759	-1420
5.23693299294	-1316
5.23760890961	-1420
5.23765397072	-1420
5.23765587807	-1264
5.23777198792	543
5.23797607422	-1368
5.23823189735	-1420
5.2382569313	-1316
5.23835587502	-1368
5.23869490623	-1420
5.23869800568	-1316
5.23959088326	-1420
5.2395939827	-1316
5.23964691162	-1368
5.23969507217	-1368
5.23999190331	-1420
5.23999500275	-1420
5.24003005028	-1264
5.24064993858	-1420
5.24068593979	-1316
5.24068784714	-1368
5.24086689949	-1420
5.24086999893	-1316
5.2409658432	-1368
5.24117088318	543
5.24151492119	-1420
5.24151992798	-1420
5.24156093597	-1264
5.24180984497	-1420
5.24183487892	-1316
5.24190187454	-1368
5.24192094803	543
5.24250793457	-1368
5.24260306358	-1368
5.24275803566	-1368
5.2438659668	-1420
5.24387097359	-1316
5.24409103394	-1368
5.24417805672	-1420
5.2442240715	-1420
5.24422597885	-1264
5.24459195137	-1420
5.24459695816	-1420
5.24463701248	-1264
5.24579787254	-1420
5.24583888054	-1420
5.24584197998	-1264
5.24594092369	543
5.24683094025	-1420
5.24683594704	-1420
5.24687600136	-1264
5.25974798203	-1368
5.26043486595	-1420
5.26044106483	-1316
5.26051807404	-1368
5.26057004929	543
5.26077389717	-1368
5.26107287407	-1420
5.26111507416	-1420
5.26111793518	-1264
5.26117300987	-1420
5.26117491722	-1420
5.2612118721	-1264
5.26121401787	-1368
5.26132106781	-1420
5.26132392883	-1316
5.26136898994	-1368
5.26150894165	-1420
5.26156687737	-1420
5.26156902313	-1264
5.26160407066	-1420
5.26160597801	-1316
5.26164102554	-1368
5.26166796684	543
5.26177787781	-1420
5.26178097725	-1316
5.26182103157	-1368
5.26185798645	-1368
5.26191997528	-1420
5.26192092896	-1420
5.26192188263	-1264
5.26202392578	-1368
5.26262688637	543
5.26332688332	-1420
5.26333284378	-1420
5.26335287094	-1264
5.26377987862	-1420
5.26382303238	-1420
5.26382493973	-1264
5.27002596855	-1420
5.27003407478	-1420
5.27007603645	-1264
5.27018284798	543
5.28087496758	-1420
5.28088784218	-1316
5.28093004227	-1420
5.28093194962	-1420
5.28095889091	-1264
5.28109002113	-1420
5.28112888336	-1316
5.28122901917	-1420
5.28126788139	-1316
5.2813410759	-1368
5.28172302246	-1420
5.28172707558	-1316
5.28176403046	-1368
5.28200602531	-1420
5.28203392029	-1420
5.28203606606	-1264
5.28235292435	-1420
5.28235697746	-1420
5.28239393234	-1264
5.28263902664	-1420
5.28264188766	-1420
5.28264284134	-1264
5.28370404243	-1420
5.28370690346	-1420
5.28370785713	-1264
5.28407597542	-1420
5.28407907486	-1316
5.28414201736	-1368
5.28455805779	-1420
5.28456091881	-1420
5.28456401825	-1264
5.28475284576	-1420
5.28475594521	-1316
5.28481698036	-1368
5.28544402122	543
5.28588199615	543
5.28616189957	543
5.28993391991	-1420
5.28994107246	-1420
5.28998589516	-1264
5.31611800194	-1420
5.31618595123	-1420
5.31619095802	-1264
5.31664991379	-1420
5.31665587425	-1420
5.31671595573	-1420
5.31671905518	-1212
5.31675386429	-1368
5.31683802605	543
5.31693696976	-1420
5.31694102287	-1420
5.31699299812	-1264
5.31723594666	-1420
5.31725597382	-1316
5.31749796867	-1420
5.31755304337	-1316
5.31755495071	-1420
5.31758904457	-1316
5.31765699387	-1368
5.31771993637	-1368
5.31785297394	-1420
5.31789088249	-1420
5.31789302826	-1264
5.31789398193	-1368
5.31830596924	-1420
5.31830906868	-1316
5.31834793091	-1368
5.31869292259	-1420
5.31869602203	-1316
5.31887888908	-1420
5.31888198853	-1316
5.3189868927	-1420
5.31898903847	-1316
5.31898999214	-1368
5.31912088394	-1420
5.31912398338	-1316
5.32133984566	543
5.32163000107	543
5.32490086555	-833
5.3404250145	-1420
5.34047484398	-1316
5.34047794342	-1368
5.34089207649	-1420
5.34089684486	-1316
5.34413003922	543
5.34418988228	-1368
5.34535002708	-1420
5.34537506104	-1420
5.34537792206	-1264
5.34578800201	-1420
5.34579086304	-1420
5.34582686424	-1264
5.34605002403	-1420
5.3460688591	-1420
5.34607100487	-1264
5.34691905975	-1420
5.34692192078	-1316
5.34706687927	-1420
5.34706997871	-1316
5.34720087051	-1420
5.34720396996	-1316
5.34794402122	-1420
5.34794688225	-1316
5.34810090065	-1420
5.34810304642	-1420
5.34810495377	-1264
5.34837889671	-1368
5.34908103943	543
5.3492269516	-1420
5.34923100471	-1420
5.34923195839	-1264
5.35032892227	-1420
5.35033392906	-1420
5.35037398338	-1264
5.35152697563	-1420
5.35156393051	-1420
5.35156702995	-1264
5.35226798058	-1420
5.35227203369	-1420
5.35230898857	-1264
5.35868597031	543
5.36742806435	-1420
5.36744403839	-1420
5.36750507355	-1264
5.36750793457	-1368
5.37468099594	1057
5.40337085724	-1368
5.42542886734	-1420
5.42546606064	-1316
5.42566990852	-1420
5.42570900917	-1420
5.42571091652	-1264
5.42580199242	-1368
5.42603707314	-1420
5.42605686188	-1316
5.42612791061	-1420
5.4261469841	-1420
5.42614984512	-1264
5.4264729023	-1420
5.42647600174	-1316
5.42658090591	-1420
5.42658305168	-1316
5.42662596703	-1368
5.42673587799	-1420
5.4267539978	-1420
5.42675590515	-1264
5.42679691315	-1368
5.42688894272	-1420
5.42689085007	-1316
5.42691898346	-1368
5.4270529747	-1420
5.42705607414	-1316
5.42712688446	-1368
5.42729997635	-1420
5.42730307579	-1420
5.42730402946	-1264
5.42743396759	-1420
5.42743706703	-1316
5.42753601074	-1420
5.42753791809	-1420
5.42753887177	-1264
5.42773985863	-1368
5.43443107605	543
5.4346139431	543
5.43481993675	543
5.4350810051	543
5.45183992386	-1420
5.4518558979	-1420
5.45191693306	-1420
5.45191884041	-1212
5.45198392868	-1420
5.45198702812	-1420
5.45202207565	-1264
5.45202493668	-1368
5.45225095749	543
5.45261693001	1460
5.45266604424	111
5.45377397537	-1420
5.45377802849	-1420
5.45381593704	-1264
5.45381903648	-1368
5.45395207405	543
5.45414686203	-1420
5.45415091515	-1420
5.45419001579	-1264
5.45449185371	-1420
5.45453095436	-1420
5.45453286171	-1264
5.45464587212	-1420
5.45464897156	-1420
5.45466589928	-1264
5.45492601395	-1420
5.45496296883	-1420
5.45496487617	-1264
5.45515990257	-1368
5.45526599884	-1420
5.45530390739	-1316
5.45557403564	-1420
5.45561289787	-1420
5.45561504364	-1264
5.45612001419	-1420
5.45612287521	-1420
5.45612502098	-1264
5.45644903183	-1420
5.45645189285	-1420
5.45645403862	-1264
5.4565050602	-1368
5.46625185013	-1420
5.46625685692	-1316
5.47444295883	-1420
5.47444796562	-1316
5.47472405434	-1420
5.47472691536	-1420
5.47474503517	-1264
5.47523403168	-1420
5.47527194023	-1420
5.47527384758	-1264
5.47533798218	-1420
5.4753408432	-1316
5.47542190552	-1368
5.47557806969	-1420
5.47559690475	-1316
5.47581601143	-1420
5.47585201263	-1420
5.47585391998	-1264
5.47588801384	-1420
5.47588992119	-1316
5.47614097595	-1420
5.47614407539	-1316
5.47651290894	-1368
5.47651600838	-1420
5.47651696205	-1316
5.47658085823	-1368
5.47674298286	543
5.47689199448	543
5.47708797455	-1420
5.47709107399	-1316
5.4772708416	-1368
5.47758388519	-1420
5.47758793831	-1420
5.47758889198	-1264
5.47765994072	-1420
5.47766184807	-1316
5.47782492638	543
5.47794985771	-1420
5.47795295715	-1420
5.47798991203	-1264
5.4780330658	-1368
5.47824406624	-1420
5.47824907303	-1316
5.47831392288	-1368
5.47850990295	-1420
5.47853088379	-1316
5.47863984108	-1420
5.47869300842	-1420
5.47869586945	-1264
5.47873187065	-1368
5.47877788544	543
5.48000502586	-1368
5.48001003265	-1420
5.48004794121	-1316
5.48020887375	-1420
5.48024988174	-1316
5.48038697243	-1420
5.48041391373	-1316
5.48041605949	-1420
5.48043203354	-1316
5.48060393333	-1420
5.48063993454	-1316
5.48067784309	-1368
5.48095798492	-1420
5.48096084595	-1316
5.48100495338	-1368
5.48143696785	-1420
5.4814748764	-1420
5.48147702217	-1264
5.48189687729	-1420
5.48189902306	-1316
5.48200106621	-1368
5.48521184921	543
5.48640394211	-1000
5.48927593231	-1420
5.48931789398	-1420
5.48932099342	-1264
5.48935699463	-1420
5.48935890198	-1420
5.48939394951	-1264
5.49120306969	543
5.49603199959	-1420
5.49604201317	-1420
5.4960899353	-1264
5.49631786346	-1420
5.49635696411	-1420
5.49636006355	-1264
5.49639487267	-1420
5.49639701843	-1316
5.49643397331	-1368
5.49652290344	-1368
5.49674391747	-1420
5.49674797058	-1420
5.49678492546	-1264
5.49683094025	-1368
5.49729990959	-1368
5.49742388725	-1420
5.49746489525	-1316
5.49754190445	-1368
5.49764084816	543
5.49777889252	-1420
5.49778199196	-1316
5.49789190292	-1368
5.49797105789	-1368
5.49831604958	-1420
5.49832105637	-1316
5.49840593338	-1420
5.49840903282	-1420
5.49844694138	-1264
5.49858689308	543
5.51340103149	-1420
5.51341986656	-1420
5.5134768486	-1264
5.51619195938	-1420
5.51624703407	-1420
5.5162498951	-1420
5.51626801491	-1420
5.51627087593	-1160
5.516299963	-1368
5.51812195778	-1420
5.51814603806	-1316
5.51820707321	-1420
5.51824998856	-1316
5.51831507683	-1420
5.51835989952	-1316
5.51847290993	543
5.52223205566	-1368
5.52235007286	-1368
5.52241802216	-1420
5.52242088318	-1316
5.52321887016	-1420
5.5232219696	-1420
5.52325892448	-1264
5.52340507507	-1420
5.52344107628	-1316
5.52347803116	-1368
5.52393698692	-1420
5.52393984795	-1420
5.52397489548	-1264
5.5240650177	-1420
5.52408289909	-1316
5.52408504486	-1368
5.52423191071	-1420
5.52423501015	-1316
5.52427101135	-1368
5.52433300018	-1420
5.52433490753	-1316
5.52439188957	-1368
5.5251019001	543
5.52524185181	543
5.52926802635	-1420
5.52927303314	-1316
5.52931189537	-1368
5.53732204437	-1420
5.53735089302	-1316
5.53744101524	-1420
5.5374789238	-1316
5.53751206398	-1368
5.53767204285	543
5.53782701492	-1420
5.53783106804	-1420
5.53786993027	-1420
5.53787302971	-1420
5.53792691231	-1160
5.53793096542	-1420
5.53796601295	-1316
5.53817486763	543
5.55890393257	-1420
5.55890989304	-1420
5.55895185471	-1420
5.55895495415	-1212
5.55900788307	-1368
5.5590429306	-1368
5.55910396576	-1420
5.55910587311	-1316
5.55923295021	-1420
5.55923700333	-1420
5.55927205086	-1264
5.55945301056	-1368
5.55977892876	-1420
5.5597820282	-1420
5.5598180294	-1420
5.55981993675	-1420
5.55985403061	-1160
5.55994200706	-1368
5.56009888649	-1420
5.56010198593	-1316
5.56023597717	-1420
5.56023788452	-1420
5.56023907661	-1264
5.56038999557	-1420
5.5603928566	-1316
5.56044888496	-1368
5.56068301201	-1420
5.56068587303	-1420
5.56068706512	-1264
5.56090188026	-1420
5.56090497971	-1316
5.56099796295	-1420
5.56100296974	-1316
5.56120896339	-1420
5.56121206284	-1316
5.56126093864	-1368
5.56519603729	1057
5.56546187401	543
5.56575202942	543
5.56587100029	543
5.58078694344	-1420
5.58080387115	-1420
5.58086895943	-1264
5.58592987061	543
5.58613204956	543
5.59958600998	-1420
5.59959197044	-1316
5.60445284843	-1420
5.60446095467	-1316
5.60457706451	543
5.60469985008	-1420
5.6047039032	-1316
5.60493087769	-1368
5.60501599312	-1368
5.60512089729	-1368
5.60539388657	-1420
5.60543584824	-1316
5.60592293739	-1368
5.60625195503	-1420
5.60625696182	-1316
5.60644602776	-1368
5.60676884651	-1420
5.60681200027	-1420
5.6068148613	-1264
5.60690307617	-1420
5.60690689087	-1316
5.60698699951	-1368
5.60722494125	-1420
5.60726690292	-1420
5.60727000237	-1264
5.60738396645	-1420
5.60738706589	-1316
5.60746097565	-1368
5.6079120636	-1420
5.60795593262	-1420
5.60797691345	-1264
5.60802698135	-1420
5.60802984238	-1316
5.60806393623	-1368
5.60814905167	-1420
5.6081700325	-1316
5.60817193985	-1368
5.62716603279	-1420
5.62718105316	-1420
5.62724685669	-1420
5.62724995613	-1212
5.62730097771	-1368
5.62736296654	-1420
5.62738204002	-1420
5.62738394737	-1264
5.62740898132	-1368
5.63105988503	-1126
5.63147807121	-1420
5.63148188591	-1420
5.63152194023	-1264
5.63152384758	-1420
5.63158392906	-1316
5.63158607483	-1368
5.63172793388	-1420
5.63173103333	-1420
5.6317679882	-1264
5.63182997704	-1420
5.63183307648	-1420
5.63183403015	-1264
5.63413286209	-1420
5.63414001465	-1420
5.63414096832	-1264
5.63458704948	543
5.63476085663	-1420
5.63477087021	-1420
5.63477301598	-1264
5.63494706154	543
5.63514304161	-1420
5.6351480484	-1420
5.63514995575	-1264
5.63524103165	-1420
5.63524484634	-1316
5.63532185555	-1368
5.63545799255	543
5.63589286804	-1420
5.6359000206	-1316
5.6359899044	-1368
5.65137887001	543
5.65161991119	543
5.65781497955	-1420
5.65782094002	-1420
5.65786504745	-1264
5.65797305107	543
5.66775894165	-1420
5.66776394844	-1316
5.68100595474	-1420
5.68101501465	-1420
5.68106007576	-1264
5.68113803864	-1420
5.6811580658	-1316
5.68115997314	-1368
5.68128299713	543
5.68159484863	1460
5.68164300919	111
5.6824798584	-1420
5.68248486519	-1420
5.68250584602	-1264
5.68258690834	543
5.68280291557	-1420
5.68280792236	-1420
5.68284702301	-1264
5.68284988403	-1368
5.68293190002	-1420
5.68293404579	-1420
5.68299198151	-1264
5.68331098557	-1420
5.6833319664	-1316
5.6833729744	-1368
5.68371796608	-1420
5.68372297287	-1420
5.68376088142	-1264
5.684030056	-1368
5.684071064	-1420
5.68407392502	-1316
5.68416786194	-1420
5.68417096138	-1316
5.68426704407	543
5.68430185318	-1368
5.68573093414	-1420
5.68577384949	-1420
5.68577694893	-1264
5.69440102577	1057
5.71254491806	-1420
5.71255207062	-1420
5.71260285378	-1264
5.71260595322	-1368
5.71277689934	543
5.71300292015	1460
5.71309685707	111
5.71330404282	1460
5.71335101128	111
5.71860003471	-1420
5.71860384941	-1316
5.71864199638	-1368
5.71891283989	-1420
5.71895694733	-1420
5.71896004677	-1420
5.71900892258	-1212
5.71901202202	-1368
5.71914291382	543
5.72102999687	-1420
5.72103595734	-1316
5.72110795975	-1420
5.72111105919	-1316
5.72134900093	-1420
5.72135400772	-1420
5.72137594223	-1264
5.72152400017	-1420
5.72154593468	-1316
5.72161102295	543
5.72166204453	-1368
5.72309398651	-1420
5.72311997414	-1420
5.72312188148	-1264
5.72405600548	-1420
5.72406101227	-1420
5.7240998745	-1264
5.72422194481	-1420
5.72426390648	-1420
5.72426700592	-1264
5.72436285019	-1420
5.72436690331	-1316
5.72444391251	-1368
5.72467899323	-1420
5.72472190857	-1420
5.72472500801	-1264
5.7265689373	-1368
5.72667002678	-1420
5.72671103477	-1420
5.7267138958	-1264
5.73773002625	-1420
5.73773598671	-1316
5.7388010025	-1368
5.738904953	-1368
5.73913788795	-1420
5.73914289474	-1420
5.73918104172	-1264
5.73924994469	543
5.74022197723	-1420
5.74022603035	-1316
5.74048995972	-1420
5.74049496651	-1420
5.74053287506	-1264
5.74069905281	-1420
5.74073886871	-1316
5.74101185799	-1420
5.74105191231	-1420
5.74105405807	-1264
5.74114394188	-1420
5.74114704132	-1316
5.74123287201	-1420
5.74123692513	-1316
5.74132990837	543
5.74138092995	-1420
5.74138307571	-1316
5.74161505699	-1368
5.74161887169	-1420
5.74163794518	-1316
5.74177598953	-1420
5.74182391167	-1316
5.74182701111	-1368
5.74191498756	-1420
5.74191784859	-1420
5.74195694923	-1264
5.74195885658	-1368
5.74209189415	-1420
5.74209594727	-1316
5.74218392372	-1368
5.74228787422	543
5.74926185608	-1420
5.74928092957	-1420
5.74932098389	-1264
5.74932289124	-1420
5.74934196472	-1316
5.74934387207	-1368
5.74956297874	543
5.75011301041	-1420
5.75011897087	-1316
5.75020194054	543
5.75024604797	-1368
5.75024795532	-1420
5.750248909	-1316
5.75033187866	-1368
5.75068306923	-1420
5.75068902969	-1316
5.75077104568	-1368
5.75092601776	-1368
5.75117087364	-1420
5.75117588043	-1316
5.75151586533	-1368
5.75163292885	-1420
5.75167703629	-1316
5.75174283981	-1420
5.75178289413	-1316
5.75186491013	-1368
5.75222706795	-1420
5.75223207474	-1316
5.75230693817	-1368
5.75236296654	543
5.75266098976	-1420
5.75266599655	-1420
5.75268793106	-1264
5.75317788124	-1368
5.75341105461	-1420
5.75341701508	-1316
5.75405597687	-1420
5.75406098366	-1420
5.75408387184	-1264
5.75449085236	-1368
5.75481700897	-1420
5.75482106209	-1316
5.76217389107	-1368
5.76228404045	-1420
5.76231002808	-1316
5.76269006729	543
5.77433490753	-1137
5.78591990471	-1368
5.78682088852	-1420
5.78682589531	-1420
5.78686594963	-1264
5.78694987297	543
5.78712892532	-1420
5.78713297844	-1316
5.78763484955	-1420
5.78763985634	-1420
5.78767991066	-1264
5.78774189949	543
5.78824305534	-1420
5.78824687004	-1420
5.7882668972	-1264
5.78971004486	-1420
5.7897708416	-1316
5.78977394104	-1368
5.79005599022	-1420
5.79006004333	-1316
5.79017305374	-1368
5.79024600983	543
5.7906460762	-1420
5.79065084457	-1420
5.79067397118	-1264
5.79162597656	-1368
5.79171299934	-1368
5.7918279171	-1420
5.79187107086	-1420
5.79187393188	-1264
5.79191184044	-1368
5.79224705696	-1420
5.79226899147	-1316
5.79227185249	-1368
5.79262685776	-1420
5.79263186455	-1420
5.79266905785	-1264
5.80596184731	-1420
5.80600786209	-1420
5.80601096153	-1264
5.81298494339	-1420
5.81298995018	-1420
5.81303596497	-1264
5.81303906441	-1420
5.81307387352	-1316
5.81307601929	-1368
5.81311893463	-1420
5.81314086914	-1316
5.81325888634	-1420
5.81326293945	-1316
5.81331205368	-1368
5.81343197823	-1420
5.81347298622	-1420
5.81347489357	-1264
5.81350898743	-1368
5.81357884407	-1420
5.81361794472	-1420
5.81361985207	-1264
5.81372499466	-1420
5.81372785568	-1420
5.81373000145	-1264
5.81377005577	543
5.81402206421	-1420
5.81402587891	-1316
5.8140630722	-1420
5.81406497955	-1316
5.81420993805	543
5.8143119812	-1420
5.81431484222	-1316
5.81441092491	-1420
5.81441307068	-1420
5.81446695328	-1264
5.81447005272	-1420
5.81450390816	-1316
5.81454706192	-1368
5.81468892097	-1420
5.81469297409	-1316
5.8148560524	-1420
5.8148598671	-1420
5.81491684914	-1264
5.81492185593	-1420
5.81496286392	-1316
5.81496500969	-1368
5.81504106522	-1368
5.8151679039	-1420
5.81520700455	-1316
5.81524991989	-1420
5.81526899338	-1316
5.81531190872	-1368
5.81545686722	-1420
5.81545996666	-1316
5.81554794312	-1420
5.81555104256	-1316
5.81558799744	-1368
5.81577086449	-1420
5.81580901146	-1316
5.81581091881	-1420
5.81592106819	-1420
5.81592297554	-1264
5.81597805023	-1420
5.81598091125	-1316
5.81606292725	-1420
5.81606507301	-1316
5.81613087654	543
5.81616401672	-1420
5.81620287895	-1316
5.81628990173	-1420
5.81629300117	-1316
5.81644105911	-1368
5.81647992134	543
5.81656002998	-1420
5.81656289101	-1316
5.81661987305	-1368
5.81668686867	-1368
5.81686902046	-1368
5.81700587273	-1420
5.81704688072	-1420
5.81704998016	-1264
5.81705093384	-1368
5.82527303696	543
5.83964204788	-1420
5.83964705467	-1420
5.83968901634	-1264
5.83976888657	543
5.87705993652	-1420
5.87706589699	-1316
5.87717103958	543
5.87751793861	-1420
5.8775229454	-1420
5.87756586075	-1264
5.8776679039	543
5.87771105766	-1420
5.87771296501	-1316
5.8778219223	-1420
5.87782502174	-1420
5.8778629303	-1264
5.87790703773	-1368
5.87957286835	-1368
5.87965607643	-1420
5.87969899178	-1420
5.8797018528	-1264
5.87980890274	-1420
5.87981200218	-1316
5.87986803055	-1368
5.88053393364	-1420
5.88056302071	-1420
5.88056492805	-1264
5.88085389137	-1420
5.88085889816	-1420
5.88089895248	-1264
5.88096785545	543
5.88109207153	-1368
5.88129806519	-1420
5.88134288788	-1420
5.88134503365	-1264
5.88140106201	-1420
5.88140392303	-1316
5.88158893585	-1420
5.88159394264	-1420
5.88161492348	-1264
5.88272094727	-1420
5.88276600838	-1420
5.88276791573	-1264
5.8828690052	-1420
5.88287186623	-1420
5.8829100132	-1264
5.8834528923	-1420
5.88347601891	-1420
5.88347887993	-1264
5.88371992111	-1420
5.8837249279	-1420
5.88376402855	-1264
5.88383293152	543
5.88386893272	-1420
5.88387084007	-1420
5.88387203217	-1264
5.88403105736	-1420
5.88405489922	-1316
5.88416385651	-1420
5.88420295715	-1420
5.8842048645	-1264
5.88433384895	-1420
5.88433885574	-1316
5.88441801071	543
5.88474988937	-1420
5.88475489616	-1316
5.884775877	-1368
5.88674402237	-1420
5.88677191734	-1316
5.88683605194	-1368
5.88741993904	-1420
5.88742399216	-1316
5.88751292229	-1420
5.88751602173	-1420
5.88755702972	-1264
5.88763904572	543
5.88783288002	-1368
5.88804006577	-1420
5.88808107376	-1316
5.88830399513	-1368
5.8885140419	-1420
5.88851904869	-1316
5.8888258934	-1368
5.8968539238	-1420
5.89690589905	-1420
5.89690899849	-1264
5.90186905861	-543
5.90210485458	543
5.92101097107	-1420
5.92102694511	-1420
5.92108297348	-1264
5.92312192917	-1420
5.92314696312	-1420
5.92314887047	-1264
5.92326688766	543
5.9233109951	-1368
5.92331385612	-1368
5.92359685898	-1420
5.92360186577	-1316
5.92365384102	-1420
5.92365598679	-1316
5.92371296883	-1420
5.92371487617	-1316
5.92374992371	-1368
5.92380094528	-1368
5.92387294769	543
5.9239089489	-1368
5.92502593994	-1420
5.92506694794	-1316
5.92507004738	-1368
5.92543792725	-1420
5.92544102669	-1420
5.9255130291	-1264
5.92551493645	-1420
5.92554998398	-1420
5.92555189133	-1264
5.92558693886	-1368
5.9256529808	-1420
5.92568898201	-1316
5.92642498016	-1420
5.92646288872	-1420
5.92646598816	-1264
5.92651700974	-1368
5.9268219471	-1420
5.92684102058	-1316
5.92700386047	-1420
5.92700695992	-1316
5.92707300186	-1368
5.92904186249	-643
5.92934703827	543
5.99675893784	-1420
5.99677801132	-1316
5.99804091454	-1420
5.99804806709	-1420
5.99807095528	-1264
5.99820303917	-1420
5.99824690819	-1316
5.99825000763	-1368
5.99828505516	-1368
5.99865889549	543
5.99907398224	-1420
5.99907803535	-1420
5.99911785126	-1264
5.99920892715	-1368
5.99933195114	-1420
5.99933505058	-1316
5.99967002869	-1420
5.99967288971	-1420
5.99969100952	-1264
5.99975204468	-1368
6.00005602837	-1420
6.00005888939	-1316
6.00018286705	-1420
6.00018501282	-1420
6.00020289421	-1264
6.00388002396	-1420
6.00392484665	-1420
6.00392794609	-1264
6.0048520565	-1420
6.00485491753	-1420
6.00487399101	-1420
6.00487589836	-1212
6.00502800941	-1368
6.00510287285	-1368
6.0052959919	543
6.01982092857	-1420
6.01982998848	-1316
6.01987504959	-1420
6.01987791061	-1316
6.01991391182	-1368
6.02004694939	-1420
6.02007007599	-1316
6.02013087273	-1420
6.0202050209	-1316
6.02020788193	-1368
6.02038002014	543
6.0205309391	543
6.02055692673	-1420
6.02056097984	-1420
6.020581007	-1264
6.02072906494	-1420
6.02075195312	-1316
6.02105784416	-1420
6.02108192444	-1316
6.02111792564	-1420
6.0211379528	-1420
6.02113986015	-1420
6.02115797997	-1212
6.02160906792	-1368
6.02174091339	-1368
6.02174592018	-1420
6.02178502083	-1316
6.02187895775	-1420
6.02190303802	-1316
6.02197003365	543
6.02209496498	-1368
6.0221619606	-1368
6.02218484879	-1368
6.02243590355	-1368
6.02263784409	-1420
6.02264094353	-1316
6.02271986008	-1420
6.02272295952	-1420
6.02274084091	-1264
6.02292990685	-1420
6.022990942	-1316
6.02299284935	-1420
6.02305293083	-1316
6.02323794365	-1420
6.02325606346	-1420
6.02325797081	-1264
6.02363705635	-1420
6.02363991737	-1420
6.02367591858	-1264
6.0237288475	-1420
6.02374696732	-1420
6.02374887466	-1264
6.02395105362	-1420
6.02395606041	-1420
6.02395796776	-1264
6.02400493622	-1420
6.02400803566	-1420
6.02400898933	-1264
6.02407288551	-1420
6.02407598495	-1316
6.0242190361	-1368
6.02441096306	-1420
6.0244140625	-1420
6.02441501617	-1264
6.02470088005	-1368
6.02477884293	-1420
6.02478098869	-1420
6.02478289604	-1264
6.02487397194	-1420
6.02487707138	-1316
6.02501893044	-1420
6.02502202988	-1316
6.02515506744	-1420
6.02515888214	-1316
6.02526593208	-1420
6.02526903152	-1420
6.02527093887	-1264
6.02561187744	-1420
6.02561593056	-1420
6.02561688423	-1420
6.02561807632	-1420
6.02561903	-1420
6.02562093735	-1108
6.02589607239	543
6.02601003647	543
6.02615189552	543
6.02643585205	543
6.0404419899	543
6.0406498909	543
6.04786205292	-1420
6.0478720665	-1420
6.04790091515	-1264
6.04830694199	-1420
6.04834699631	-1316
6.04839992523	-1368
6.04874491692	-1420
6.04874897003	-1420
6.04878592491	-1264
6.04898691177	-1420
6.04902601242	-1316
6.04923200607	-1420
6.0492708683	-1316
6.04927301407	-1420
6.04935097694	-1420
6.04935407639	-1264
6.04938793182	-1368
6.04944396019	-1420
6.0494799614	-1316
6.04974985123	-1420
6.04975295067	-1420
6.04975485802	-1264
6.05009698868	-1368
6.05051088333	-1420
6.05051493645	-1316
6.05055999756	-1420
6.05056285858	-1420
6.05056405067	-1264
6.05089688301	-1368
6.05252885818	543
6.05273103714	543
6.06163597107	-1420
6.06164693832	-1420
6.0616979599	-1264
6.06183600426	543
6.06346893311	-1420
6.0634739399	-1420
6.06351685524	-1264
6.06369900703	-1420
6.06374192238	-1316
6.06374406815	-1368
6.06440401077	-1420
6.06440901756	-1316
6.06451892853	-1368
6.07361197472	-1368
6.07363390923	-514
6.07375192642	543
6.07405805588	-1420
6.07406306267	-1316
6.07428884506	-1368
6.07459998131	-1420
6.0746409893	-1420
6.07464289665	-1420
6.07468104362	-1212
6.07468390465	-1368
6.07490301132	-1420
6.07490706444	-1420
6.07494688034	-1264
6.07521104813	-1420
6.07526803017	-1420
6.07527089119	-1264
6.07540488243	543
6.07550597191	-1420
6.07551002502	-1420
6.07554793358	-1264
6.08330392838	-1420
6.08334088326	-1420
6.0833439827	-1264
6.08339595795	-1420
6.08339905739	-1316
6.08357000351	-1368
6.08365392685	-1420
6.08369588852	-1316
6.08369803429	-1368
6.08375406265	543
6.08424496651	-1420
6.08425092697	-1420
6.08429288864	-1264
6.08429503441	-1368
6.08475494385	-1420
6.08475995064	-1316
6.09552788734	-1420
6.0955350399	-1420
6.0955619812	-1264
6.09589290619	-1420
6.09593701363	-1420
6.09593987465	-1264
6.09751296043	-1420
6.09751796722	-1316
6.0976190567	543
6.0992770195	-1368
6.09948801994	-1368
6.10439705849	-1420
6.10440206528	-1316
6.12021899223	-1420
6.12022805214	-1420
6.12028884888	-1264
6.13089704514	-1420
6.1309800148	-1420
6.13098406792	-1264
6.13394904137	-1420
6.13395404816	-1420
6.13399600983	-1264
6.13399791718	-1368
6.13414502144	1057
6.15364384651	-1420
6.15365600586	-1420
6.15370798111	-1264
6.17370796204	-1420
6.1737639904	-1420
6.17376804352	-1264
6.18528294563	-1420
6.185297966	-1420
6.18535399437	-1264
6.18588900566	543
6.18608593941	543
6.19016289711	-1420
6.19303297997	-1420
6.19305992126	-1264
6.21441698074	543
6.21461486816	543
6.21825504303	-308
6.23960590363	-1368
6.23964285851	-1368
6.25328302383	-1420
6.25332593918	-1420
6.25332903862	-1264
6.28569984436	-1420
6.28571605682	-1316
6.2858839035	543
6.31110596657	-1368
6.31489396095	543
6.31667304039	-1368
6.33469605446	1057
6.33524990082	543
6.33554506302	543
6.33573007584	1057
6.35703802109	-1368
6.35717606544	1057
6.36886096001	-1420
6.36887192726	-1316
6.37568092346	-1420
6.37568688393	-1420
6.37573194504	-1264
6.3759560585	-1368
6.38084602356	-1420
6.38085007668	-1316
6.38106703758	-1368
6.38393187523	-85
6.3919069767	-1420
6.39191293716	-1316
6.39678907394	-1420
6.39679384232	-1420
6.39684104919	-1264
6.40492296219	-1420
6.40497994423	-1420
6.40498399734	-1264
6.40528488159	543
6.41442990303	-1420
6.41443490982	-1420
6.41447591782	-1264
6.42716407776	-1420
6.42722296715	-1420
6.42722606659	-1264
6.43185400963	-1420
6.43185901642	-1420
6.43190693855	-1264
6.43426799774	-1368
6.43709397316	-1420
6.43709802628	-1420
6.4371368885	-1264
6.43726205826	543
6.44041895866	-1420
6.44042491913	-1420
6.44046807289	-1264
6.44249486923	-1420
6.44253897667	-1316
6.44976687431	-1420
6.44983696938	-1420
6.44984102249	-1264
6.45293593407	-1420
6.45294284821	-1420
6.45300006866	-1264
6.45308589935	543
6.45603203773	-1420
6.45604801178	-1420
6.45608401299	-1264
6.45901107788	-1420
6.4590549469	-1316
6.4600520134	-1420
6.46009707451	-1420
6.46009898186	-1264
6.46020388603	543
6.46135687828	-1420
6.46136188507	-1316
6.46145892143	-1368
6.4633769989	-1420
6.46341991425	-1316
6.46342301369	-1368
6.4636759758	-1368
6.46393895149	-1420
6.46395802498	-1316
6.47254896164	-1420
6.47260904312	-1420
6.47261285782	-1264
6.47265601158	-1420
6.47265791893	-1420
6.4726998806	-1264
6.47270298004	-1420
6.47276306152	-1316
6.47276496887	-1368
6.47297286987	543
6.47470188141	-1420
6.4747068882	-1316
6.47498202324	-1368
6.47498703003	-1368
6.47631692886	-1420
6.47632288933	-1316
6.48361802101	-1368
6.48381590843	-1420
6.48385691643	-1420
6.48386096954	-1264
6.48389792442	-1420
6.48390007019	-1316
6.48918390274	-1420
6.48919200897	-1420
6.48923707008	-1264
6.4893848896	1057
6.49168586731	-1368
6.4931230545	-1420
6.49316501617	-1316
6.49396896362	-1420
6.49398994446	-1316
6.4940328598	-1368
6.49520897865	-1420
6.49522805214	-1420
6.49524688721	-1264
6.49899506569	-1420
6.49905395508	-1420
6.49905705452	-1264
6.49909305573	-1368
6.49927902222	543
6.50035691261	-1420
6.50036096573	-1420
6.50039887428	-1264
6.50048303604	-1368
6.50053906441	-1368
6.5013229847	-1368
6.50192689896	-1420
6.50193190575	-1316
6.50198101997	-1368
6.50410485268	-1420
6.50414896011	-1420
6.50415205956	-1264
6.50816297531	-1420
6.50823187828	-1316
6.50825595856	-1368
6.50985503197	-1420
6.50990104675	-1420
6.5099029541	-1264
6.51302289963	-1368
6.51379203796	-1420
6.51384496689	-1420
6.51384806633	-1264
6.51427507401	-1420
6.5142788887	-1420
6.51431584358	-1264
6.51759791374	-1368
6.51780796051	1057
6.51951885223	-1368
6.51971793175	-1368
6.52132892609	-1420
6.5213329792	-1420
6.52137184143	-1264
6.52137494087	-1368
6.52185297012	-1420
6.52185797691	-1316
6.52308893204	-1368
6.52665686607	-1420
6.52671194077	-1316
6.52671504021	-1368
6.53341984749	-1420
6.53342604637	-1420
6.53346800804	-1264
6.53546190262	-1420
6.53550505638	-1316
6.53575706482	-1368
6.5377869606	-1420
6.53779196739	-1420
6.53783106804	-1264
6.53800392151	-334
6.5417368412	-1368
6.54182291031	-1420
6.5418639183	-1316
6.54343795776	-1420
6.54346299171	-1420
6.54346489906	-1420
6.5434820652	-1420
6.54348397255	-1160
6.54469394684	-1368
6.54650306702	-1368
6.54794001579	-1420
6.54794406891	-1420
6.54798197746	-1264
6.54855298996	-1420
6.54857492447	-1316
6.54895401001	543
6.54912686348	543
6.54992485046	-1368
6.55003499985	-1420
6.55009484291	-1316
6.55009794235	-1368
6.5512368679	-1420
6.55124187469	-1316
6.55143904686	-1368
6.55200386047	-1420
6.55204701424	-1420
6.55204987526	-1264
6.55240797997	543
6.55258488655	543
6.55598306656	-1420
6.55598902702	-1420
6.55603003502	-1264
6.55779194832	-1420
6.55784606934	-1316
6.55784893036	-1368
6.55798387527	543
6.55971884727	-1420
6.55972504616	-1420
6.55976986885	-1264
6.56103396416	-1420
6.56107401848	-1316
6.56115198135	-1368
6.56203198433	-1420
6.56203484535	-1316
6.56318187714	-1420
6.56318497658	-1420
6.56322407722	-1264
6.56324505806	-1368
6.5640809536	-1420
6.56408405304	-1316
6.56425786018	-1368
6.56597185135	-1420
6.56599497795	-1420
6.56599807739	-1264
6.56610703468	1057
6.5688560009	-1420
6.56886005402	-1420
6.56888103485	-1264
6.57120800018	-1420
6.57125687599	-1316
6.57125997543	-1368
6.57386302948	-1420
6.57386684418	-1316
6.57399606705	-1368
6.5740878582	-1420
6.57412791252	-1420
6.57413101196	-1264
6.5902299881	-1368
6.59446287155	-1420
6.59450387955	-1316
6.59484696388	543
6.59507203102	1460
6.59511804581	1139
6.5966770649	-1420
6.59668207169	-1316
6.59834599495	-1420
6.59835100174	-1420
6.59837198257	-1264
6.6004588604	-1420
6.60047984123	-1316
6.60206699371	-1420
6.60208797455	-1420
6.60209107399	-1264
6.60338807106	-1420
6.60339188576	-1420
6.60342788696	-1264
6.60449290276	-1420
6.6045320034	-1316
6.60490989685	-1368
6.60502791405	543
6.60631203651	-1420
6.6063170433	-1420
6.60635685921	-1264
6.60705184937	-1368
6.60830807686	-1368
6.60910797119	-1420
6.60914993286	-1420
6.6091530323	-1264
6.60924601555	543
6.60991096497	-1368
6.61029696465	543
6.61053085327	543
6.61095905304	-1420
6.61096286774	-1316
6.6110188961	-1368
6.61485600471	-1420
6.61489892006	-1420
6.61490106583	-1264
6.6174519062	-1420
6.61745786667	-1316
6.61752891541	-1368
6.61855506897	-1420
6.6185798645	-1316
6.61886405945	543
6.61906599998	-1420
6.6190700531	-1316
6.61921596527	-1368
6.62082505226	-1420
6.62088799477	-1316
6.62089085579	-1368
6.62317991257	-1368
6.62336707115	-1420
6.62340784073	-1316
6.62433886528	-1420
6.62435793877	-1420
6.62435984612	-1264
6.62566995621	-1420
6.625674963	-1316
6.62573385239	-1368
6.6269159317	-1420
6.62695789337	-1316
6.62700390816	-1368
6.62727689743	-1420
6.62728190422	-1420
6.62732100487	-1264
6.63020801544	-1420
6.6302549839	-1420
6.63025784492	-1264
6.63232398033	-1420
6.63232803345	-1316
6.63238286972	-1368
6.63398599625	-1420
6.63400602341	-1316
6.63409399986	-1368
6.63442492485	-1420
6.63442802429	-1420
6.63446497917	-1264
6.63450789452	-1368
6.63458585739	-1368
6.63476586342	-1368
6.63485789299	543
6.63532400131	-1368
6.63739895821	-1420
6.63742685318	-1316
6.63820195198	-1368
6.63828396797	-1420
6.63828706741	-1316
6.63978791237	-1368
6.63988494873	-1420
6.63992500305	-1316
6.64252901077	-1368
6.64333891869	-1420
6.64334392548	-1316
6.64340090752	-1368
6.64386987686	-1420
6.64391088486	-1316
6.64524197578	-1420
6.64526391029	-1420
6.64526700974	-1264
6.64533305168	-1368
6.64554595947	-1420
6.64556694031	-1316
6.64562702179	-1368
6.64587497711	-1420
6.64587807655	-1316
6.64597797394	-1420
6.64598107338	-1316
6.64612793922	-1420
6.64613103867	-1420
6.64616799355	-1264
6.64625787735	-1420
6.64629507065	-1316
6.64635586739	-1420
6.64639306068	-1316
6.64646887779	-1420
6.64647197723	-1420
6.64647293091	-1264
6.64651584625	-1368
6.64660191536	-1420
6.64660596848	-1316
6.64673900604	-1420
6.64674186707	-1420
6.64674401283	-1264
6.64701795578	-1368
6.64713907242	-1368
6.64804792404	543
6.65084195137	-1420
6.65084791183	-1316
6.65087294579	-1368
6.65189290047	-1368
6.65192294121	-1368
6.65201497078	-1368
6.65283203125	-1420
6.65283703804	-1420
6.65285897255	-1264
6.6531059742	-1368
6.65345788002	543
6.65539097786	-1420
6.6554069519	-1316
6.65544390678	-1368
6.65597891808	-1368
6.65637588501	-1368
6.65646290779	-1368
6.65671491623	-1368
6.66214799881	-1420
6.66218900681	-1420
6.66219186783	-1264
6.66318488121	-1368
6.66381692886	-1368
6.66395688057	543
6.66419792175	-1368
6.66432285309	-1420
6.66436600685	-1316
6.66452503204	-1368
6.66475605965	-1420
6.66475987434	-1316
6.66490292549	-1368
6.66573786736	-1420
6.66578197479	-1420
6.66578507423	-1264
6.66583800316	-1420
6.66583991051	-1316
6.66594600677	-1368
6.66737484932	-1420
6.66741490364	-1420
6.66741800308	-1264
6.6683049202	-1420
6.66831088066	-1420
6.66835284233	-1264
6.66922593117	-1420
6.66926503181	-1316
6.66961288452	-1368
6.66973185539	-1368
6.66983890533	-1368
6.6704659462	-1420
6.67046904564	-1316
6.67061495781	-1368
6.67119598389	-1420
6.6712179184	-1420
6.67122101784	-1264
6.67209506035	-1368
6.67437601089	543
6.68360900879	-29
6.68672394753	-1420
6.68674707413	-1316
6.68685388565	-1420
6.68689990044	-1316
6.68690299988	-1368
6.69211101532	-1368
6.71461200714	543
6.74928307533	-1420
6.74930405617	-1420
6.74937486649	-1264
6.74954295158	543
6.7496778965	-1420
6.74968290329	-1316
6.74980187416	-1420
6.7498049736	-1316
6.74998784065	-1420
6.74999189377	-1316
6.75001192093	-1368
6.750248909	-1368
6.75036096573	-1420
6.75036501884	-1420
6.75043988228	-1264
6.75044298172	-1420
6.75049686432	-1316
6.75049901009	-1368
6.75053405762	-1368
6.75069689751	-1420
6.75073695183	-1420
6.75074005127	-1264
6.7509469986	-1368
6.75104188919	-1420
6.75108098984	-1316
6.75118088722	-1368
6.75130391121	-1420
6.75130701065	-1420
6.75134301186	-1264
6.75141692162	-1420
6.75142002106	-1316
6.75154399872	-1420
6.75154685974	-1316
6.75179696083	-1368
6.75208187103	-1420
6.75208497047	-1316
6.75233507156	-1368
6.75402593613	-1368
6.78213095665	-1368
6.78299283981	-1420
6.78305792809	-1316
6.78306102753	-1420
6.78309893608	-1420
6.78310084343	-1264
6.78314399719	-1368
6.78329586983	543
6.78461289406	-1420
6.78461885452	-1420
6.78466200829	-1264
6.78490400314	-1420
6.78494596481	-1420
6.78494906425	-1264
6.78503894806	-1368
6.78516101837	-1420
6.78518390656	-1316
6.78624296188	-1420
6.78628587723	-1420
6.78628897667	-1264
6.78751587868	-1420
6.78752088547	-1420
6.7875649929	-1264
6.78811907768	-1420
6.78817796707	-1316
6.78818106651	-1368
6.78908801079	-1420
6.78909087181	-1420
6.7891099453	-1264
6.78977394104	-1420
6.78981089592	-1316
6.78988289833	-1420
6.78991889954	-1316
6.790102005	-1420
6.79013895988	-1316
6.79064893723	-1420
6.79068684578	-1316
6.79072594643	-1368
6.79108095169	-1420
6.79108405113	-1316
6.79112005234	-1368
6.79122686386	-1368
6.79134607315	-1420
6.79134893417	-1316
6.79179000854	-1368
6.79280400276	-1420
6.79280805588	-1420
6.79280996323	-1264
6.79290890694	-1420
6.79291200638	-1316
6.79351902008	-1420
6.79352092743	-1420
6.7935218811	-1264
6.7939748764	543
6.79414606094	-1420
6.79414892197	-1316
6.79417204857	-1420
6.79417705536	-1316
6.79481697083	-1368
6.79496407509	-1368
6.79569005966	-1420
6.79569387436	-1316
6.7957508564	-1368
6.79639387131	-1420
6.7964360714	-1420
6.79643893242	-1264
6.79686403275	-1420
6.79686903954	-1420
6.79690694809	-1264
6.79698801041	-1368
6.79958605766	-1420
6.79959106445	-1316
6.80048704147	-1420
6.80049085617	-1316
6.80054593086	-1368
6.81370997429	-1420
6.81376004219	-1420
6.81376385689	-1264
6.81417107582	-1368
6.82237505913	-1420
6.82243394852	-1420
6.82243704796	-1264
6.82274484634	543
6.82353591919	-1420
6.82354187965	-1420
6.82358193398	-1264
6.82632184029	-1420
6.82636785507	-1316
6.82637095451	-1368
6.82659697533	-1420
6.82660102844	-1316
6.82664084435	-1368
6.82884788513	-1420
6.82889699936	-1420
6.82889890671	-1264
6.83133387566	-856
6.83190798759	-1420
6.83194899559	-1316
6.83219790459	-1368
6.83264493942	-1420
6.83264994621	-1316
6.83284902573	-1368
6.83352804184	-1420
6.83357095718	-1420
6.83357286453	-1264
6.83371901512	-1420
6.83372187614	-1316
6.8338830471	-1368
6.83496594429	-1420
6.83500885963	-1420
6.83501195908	-1264
6.83572888374	-1420
6.83573293686	-1316
6.83633589745	-1368
6.84409785271	-1420
6.84417295456	-1420
6.844176054	-1264
6.84421896935	-1420
6.84422206879	-1316
6.85439896584	-1368
6.85469698906	543
6.85548400879	-1420
6.85549092293	-1316
6.8571870327	-1420
6.85719203949	-1420
6.85723686218	-1264
6.85750985146	-1420
6.85755205154	-1420
6.85755491257	-1264
6.85826396942	-1420
6.85826897621	-1316
6.85830807686	-1368
6.85856986046	-1368
6.85896492004	-1420
6.85896801949	-1316
6.85964202881	-1420
6.85964488983	-1316
6.8597099781	-1368
6.85982894897	-1420
6.85984706879	-1420
6.85984897614	-1264
6.86056399345	-1420
6.86056685448	-1316
6.86062407494	-1368
6.8608520031	-1368
6.86130189896	-1420
6.86130595207	-1316
6.86258387566	-1368
6.86279702187	-1420
6.86283993721	-1316
6.86336398125	-1420
6.86343884468	-1420
6.86344194412	-1264
6.86347699165	-1420
6.86347985268	-1420
6.86351394653	-1264
6.87850499153	-1368
6.87970900536	-1420
6.87971496582	-1420
6.87977385521	-1264
6.87977695465	-1420
6.87981200218	-1316
6.88009595871	-1420
6.88013386726	-1316
6.8809800148	-1368
6.88112592697	-1420
6.88112998009	-1316
6.88123393059	543
6.8813560009	-1368
6.88141703606	-1368
6.88179707527	-1420
6.88180184364	-1420
6.88186097145	-1420
6.88186407089	-1420
6.8819000721	-1160
6.88190197945	-1420
6.8819360733	-1420
6.88193798065	-1264
6.88221597672	-1420
6.88222002983	-1420
6.88225984573	-1264
6.88250684738	-1420
6.88255000114	-1420
6.88255190849	-1264
6.88356494904	-1368
6.8837890625	-1420
6.88383603096	-1420
6.88383889198	-1264
6.88387393951	-1368
6.88398885727	-1420
6.88400793076	-1316
6.88401007652	-1420
6.88402700424	-1316
6.88416290283	-1420
6.88419795036	-1316
6.88423800468	-1368
6.89046597481	543
6.90112996101	-1368
6.90577888489	-1368
6.90591406822	-1420
6.90591788292	-1316
6.90597701073	-1368
6.90619206429	543
6.90623903275	-1420
6.90624094009	-1420
6.90627098083	-1420
6.90627288818	-1212
6.9063270092	-1420
6.90637397766	-1316
6.90649795532	-1368
6.9065220356	543
6.90681290627	1057
6.90691184998	-1420
6.90691590309	-1316
6.90721702576	-1420
6.90722084045	-1316
6.90726089478	-1368
6.9077270031	-1420
6.90776801109	-1420
6.90777087212	-1264
6.90866303444	-1368
6.90880084038	-1420
6.90883994102	-1316
6.91054201126	-1368
6.91163802147	-1420
6.91164684296	-1316
6.91307806969	-1420
6.9130859375	-1316
6.91311097145	-1368
6.91439890862	-1368
6.91487789154	-1420
6.91524505615	-1316
6.91531205177	-1368
6.91553807259	-1420
6.91557407379	-1316
6.91593694687	-1368
6.91644096375	543
6.91666698456	-1420
6.91667199135	-1316
6.91676306725	-1368
6.91694784164	-1368
6.91725587845	-1420
6.91726088524	-1420
6.91732192039	-1264
6.91732501984	-1420
6.91736388206	-1420
6.91736698151	-1264
6.91741991043	-1368
6.9174220562	-1368
6.91753697395	-1420
6.91754102707	-1316
6.91762685776	543
6.91767501831	-1420
6.91767787933	-1420
6.91767907143	-1264
6.91772890091	-1420
6.91778206825	-1316
6.9177839756	-1420
6.91780185699	-1316
6.91793203354	-1420
6.91797089577	-1420
6.91797304153	-1264
6.9180688858	-1420
6.91807198524	-1316
6.91815185547	-1368
6.9182498455	-1420
6.91825294495	-1420
6.91825389862	-1264
6.91839599609	-1420
6.91839885712	-1316
6.91843891144	-1368
6.91849899292	543
6.91853404045	-1420
6.91856384277	-1420
6.91856503487	-1264
6.9186630249	-1420
6.91870093346	-1316
6.91870284081	-1368
6.92645907402	-1420
6.92646789551	-1420
6.92651391029	-1264
6.94109296799	-1420
6.9411509037	-1420
6.94115495682	-1264
6.94129705429	-1420
6.94130086899	-1420
6.94133901596	-1264
6.94140005112	-1420
6.941437006	-1316
6.94148087502	-1368
6.941603899	-1368
6.94169902802	1057
6.94307184219	-1420
6.94307804108	-1420
6.94310092926	-1264
6.94315600395	-1420
6.94317793846	-1316
6.9431810379	-1368
6.94329094887	-1420
6.94329404831	-1316
6.94339799881	-1420
6.94340085983	-1316
6.94351196289	-1420
6.94351506233	-1316
6.943764925	-1420
6.94376993179	-1316
6.94381093979	-1420
6.94381403923	-1316
6.94391393661	543
6.94403600693	-1420
6.94404101372	-1316
6.94422888756	-1420
6.94423389435	-1316
6.94435405731	-1420
6.94435691833	-1420
6.94439387321	-1264
6.94442892075	-1368
6.94827389717	-906
6.95012497902	-1420
6.9501760006	-1420
6.95018005371	-1264
6.99138784409	-1368
7.01557397842	-1420
7.01561903954	-1316
7.01568698883	-1420
7.01570796967	-1316
7.01583003998	-1420
7.01586794853	-1420
7.01586985588	-1264
7.01596784592	-1420
7.01597094536	-1316
7.01607203484	-1368
7.01613807678	-1368
7.01681900024	1057
7.0303709507	-1368
7.0304338932	-1420
7.03048086166	-1316
7.06659603119	-1420
7.06665492058	-1316
7.0708899498	-259
7.11959385872	-1420
7.11960887909	-1420
7.11967206001	-1264
7.11967492104	-1420
7.11971902847	-1316
7.11976599693	-1368
7.12012195587	-1420
7.12012505531	-1420
7.12016105652	-1420
7.12016391754	-1212
7.12022686005	-1420
7.12022995949	-1316
7.12035298347	-1420
7.1203558445	-1316
7.12050294876	-1420
7.1205060482	-1316
7.12498903275	-1420
7.12499284744	-1316
7.12503099442	-1368
7.12524390221	-1420
7.12524795532	-1316
7.12529993057	-1368
7.12557888031	-1420
7.12558293343	-1420
7.12562084198	-1264
7.12565493584	-1420
7.125674963	-1316
7.12567687035	-1368
7.12579703331	543
7.1259598732	543
7.12602686882	-1420
7.12602996826	-1316
7.12647294998	-1368
7.12696194649	-1420
7.12700605392	-1316
7.12765693665	-1420
7.12768292427	-1316
7.12814998627	-1420
7.12819504738	-1316
7.12891602516	-1420
7.12894296646	-1316
7.12928199768	-1368
7.12932491302	-1420
7.12932801247	-1316
7.12936401367	-1368
7.12943696976	543
7.12968301773	-1420
7.12968587875	-1420
7.12970590591	-1264
7.13111591339	-1420
7.13115286827	-1420
7.13115596771	-1264
7.13163805008	-1420
7.1316409111	-1420
7.13167691231	-1264
7.13176703453	-1368
7.13211584091	-1420
7.13211989403	-1420
7.13215684891	-1420
7.13215899467	-1420
7.13219285011	-1420
7.13219594955	-1108
7.13228487968	-1420
7.13228702545	-1420
7.13228797913	-1264
7.13228797913	-1420
7.1322889328	-1316
7.13251399994	543
7.13265299797	543
7.1331589222	543
7.13350605965	-1420
7.13351106644	-1420
7.13355088234	-1264
7.13387203217	-1420
7.13389205933	-1316
7.13395595551	-1368
7.13412189484	-1368
7.13444495201	-1420
7.13448286057	-1316
7.13499903679	-1420
7.13503599167	-1316
7.1351518631	-1368
7.13536787033	-1368
7.13596487045	-1420
7.13600587845	-1316
7.13600802422	-1368
7.13812088966	-1420
7.13812494278	-1316
7.13831400871	-1368
7.13885688782	-1420
7.13892292976	-1316
7.13892507553	-1368
7.13920593262	-1368
7.14117503166	-1420
7.14122104645	-1316
7.14122390747	-1368
7.14147901535	-1420
7.14148402214	-1316
7.14157104492	-1368
7.14213585854	-1420
7.14217591286	-1316
7.14221692085	-1368
7.144135952	-1420
7.14414095879	-1316
7.14430785179	-1368
7.14540886879	-1420
7.14543104172	-1316
7.14548993111	-1368
7.14559388161	543
7.14618992805	-1420
7.14619493484	-1316
7.14631199837	-1420
7.14631605148	-1420
7.14635300636	-1264
7.14641785622	-1420
7.14645600319	-1316
7.14651203156	-1368
7.14660906792	-1368
7.14865088463	-1368
7.15061402321	-1368
7.15061903	-1368
7.1522500515	-1368
7.15272593498	-1420
7.15277004242	-1316
7.15401601791	-1420
7.15405702591	-1420
7.15405988693	-1264
7.15445995331	-1420
7.1544649601	-1316
7.15451192856	-1368
7.15669703484	-1368
7.15714406967	-1420
7.15714907646	-1316
7.15751886368	-1420
7.15752387047	-1420
7.15756487846	-1264
7.15841698647	-1420
7.15845990181	-1420
7.15846300125	-1264
7.16080999374	-1420
7.16081690788	-1316
7.16100502014	-1368
7.16132497787	-1368
7.16229486465	-1420
7.16229987144	-1420
7.16233897209	-1264
7.16476202011	-1420
7.16480398178	-1420
7.1648068428	-1264
7.16497707367	543
7.1654150486	-1420
7.1654188633	-1420
7.16545796394	-1264
7.16656184196	-1420
7.16660499573	-1420
7.16660690308	-1264
7.17086291313	-1420
7.1708688736	-1420
7.17090797424	-1420
7.17091107368	-1212
7.17097997665	-1420
7.170981884	-1316
7.17184591293	-1420
7.17184996605	-1420
7.1718878746	-1420
7.17189097404	-1212
7.17196798325	-1420
7.17197084427	-1316
7.1726129055	-1420
7.17261791229	-1420
7.17265701294	-1420
7.17265892029	-1420
7.17269396782	-1160
7.17269587517	-1368
7.17319297791	-1420
7.1731979847	-1420
7.17323994637	-1264
7.17409205437	-1420
7.17413306236	-1420
7.17413592339	-1264
7.17428588867	-1368
7.1745429039	-1420
7.1745839119	-1316
7.17476201057	-1420
7.1748020649	-1316
7.17491102219	543
7.17494893074	-1368
7.17495107651	-1420
7.17495203018	-1420
7.17499995232	-1264
7.17547893524	-1420
7.17548298836	-1420
7.17553901672	-1264
7.17554187775	-1368
7.17576503754	-1420
7.17576885223	-1316
7.17613387108	-1420
7.17613792419	-1420
7.17617607117	-1264
7.17626190186	-1368
7.19289207458	-1368
7.20937085152	-1368
7.20956206322	-1420
7.20956707001	-1420
7.20962905884	-1264
7.20963191986	-1420
7.20966601372	-1316
7.2097158432	-1368
7.22160387039	543
7.23427987099	-1420
7.23429203033	-1420
7.23434996605	-1264
7.23475003242	-969
7.23671889305	543
7.24529290199	-1368
7.28176903725	-1368
7.31475687027	-1368
7.31477499008	-1368
7.32073807716	-1420
7.3207449913	-1316
7.36176800728	-161
7.36296987534	-1368
7.40013694763	-1368
7.41033291817	-1368
7.41122484207	543
7.41140389442	543
7.45015907288	-1368
7.46059799194	-1368
7.47958898544	-1015
7.47974205017	1057
7.48727607727	-1368
7.48775696754	543
7.48794794083	543
7.49646496773	-1368
7.52113604546	543
7.52175188065	543
7.52192687988	543
7.5345158577	543
7.53549098969	-1368
7.57711696625	-1368
7.58102607727	-1368
7.58857488632	-1368
7.5966899395	-1218
7.59923887253	-1368
7.60501503944	-1368
7.61687684059	-1368
7.61783695221	-1368
7.62442994118	543
7.62469387054	1460
7.62475085258	111
7.62523984909	543
7.62540006638	543
7.63499689102	-1368
7.63808703423	-1368
7.64058804512	-1420
7.64059591293	-1316
7.640832901	1460
7.64089202881	111
7.65405702591	-1368
7.66236186028	-1368
7.66626405716	-1368
7.66928100586	-1368
7.67872405052	-1368
7.68186807632	543
7.68933606148	-1368
7.69639587402	-1420
7.69645190239	-1316
7.69859600067	-1368
7.71009802818	-1368
7.71302485466	-512
7.7195558548	-1368
7.7273440361	-1368
7.73116898537	-1368
7.74024200439	-1368
7.74226903915	-1368
7.75207805634	-1420
7.75215005875	-1316
7.7597489357	-1368
7.76899290085	-1368
7.77291202545	-1420
7.77301096916	-1316
7.77518296242	-1420
7.77522301674	-1316
7.7776260376	-1368
7.78092694283	-1368
7.78105807304	543
7.78388595581	-1368
7.78727984428	-1368
7.78736305237	543
7.79013490677	-1368
7.79722690582	-1368
7.79730796814	-1420
7.79731106758	-1316
7.79858803749	543
7.79921102524	543
7.81613397598	-1368
7.81853103638	-1368
7.83321404457	-1368
7.83592605591	-673
7.8444609642	-1368
7.85238790512	-1420
7.85243391991	-1316
7.85922384262	-1420
7.85926985741	-1316
7.86763691902	-1368
7.86883401871	-1368
7.87103104591	543
7.87464785576	543
7.88022303581	-1420
7.88022685051	-1316
7.88564896584	-1368
7.89626002312	-1368
7.90396404266	-1420
7.90398097038	-1420
7.90403795242	-1264
7.90981984138	-1420
7.90988492966	-1420
7.90988898277	-1264
7.92136287689	-1420
7.9213719368	-1420
7.9214220047	-1264
7.9312748909	-1420
7.93131899834	-1316
7.93137288094	-1368
7.94454097748	543
7.94917106628	-1420
7.94917702675	-1420
7.94922089577	-1264
7.95231890678	-420
7.96409106255	-1420
7.96409988403	-1316
7.96413493156	-1368
7.96430897713	543
7.97562599182	-1420
7.97564387321	-1316
7.97570490837	-1368
7.98939990997	-1420
7.98944592476	-1420
7.9894490242	-1264
8.00162196159	-1368
8.00928807259	-1420
8.00934100151	-1316
8.01713085175	-1368
8.02378988266	-1420
8.02379584312	-1420
8.02384090424	-1264
8.02504396439	-1420
8.02508497238	-1316
8.02529001236	-1368
8.03207707405	543
8.03483104706	-1420
8.03484797478	-1420
8.03490400314	-1264
8.04207801819	-1420
8.04213690758	-1420
8.04214096069	-1264
8.05982995033	-1420
8.05983686447	-1420
8.05988097191	-1264
8.06407999992	-1420
8.06411886215	-1316
8.06412196159	-1368
8.06487298012	-1420
8.06487798691	-1316
8.06492686272	-1368
8.06502485275	543
8.07382488251	-1368
8.07800507545	-1420
8.07804584503	-1420
8.07804894447	-1264
8.08035898209	-655
8.0815410614	-1420
8.08158588409	-1316
8.08165407181	-1368
8.08319687843	543
8.08413004875	-1420
8.08413696289	-1316
8.08418393135	-1368
8.09435606003	-1420
8.09440588951	-1316
8.09440994263	-1368
8.09791898727	-1420
8.0979309082	-1420
8.0979809761	-1264
8.1010119915	-1420
8.1010389328	-1316
8.10116505623	-1368
8.10128593445	543
8.10940384865	-1420
8.10941100121	-1316
8.10945701599	-1368
8.1151008606	-1420
8.11514806747	-1420
8.1151509285	-1264
8.12375307083	-1368
8.12396001816	-1420
8.12401604652	-1316
8.13212800026	-1420
8.13218092918	-1420
8.13218402863	-1264
8.13524794579	-1420
8.13525390625	-1420
8.13529396057	-1264
8.14002990723	-1420
8.14007091522	-1420
8.14007592201	-1264
8.15139698982	-1420
8.15141296387	-1420
8.15146803856	-1264
8.15161895752	543
8.15830492973	-1420
8.15831184387	-1420
8.15835690498	-1264
8.16367697716	-1420
8.16371893883	-1420
8.16372203827	-1264
8.17224192619	-1420
8.17224884033	-1316
8.17237305641	543
8.18280100822	-1420
8.18280792236	-1316
8.18287205696	-1368
8.18373990059	-1420
8.18378090858	-1316
8.19811892509	-1259
8.23882007599	-1368
8.28586387634	-1368
8.28817892075	543
8.28839087486	1057
8.35486388206	-464
8.39943504333	-1368
8.51641488075	-1231
8.52532887459	543
8.52580404282	543
8.52597498894	543
8.77118587494	-1420
8.77120804787	-1420
8.77124500275	-273
8.81096887589	-1420
8.81103801727	-1316
8.85340189934	-1368
8.853484869	-1368
8.88619804382	543
8.88643193245	543
8.89114403725	-240
8.89432787895	543
8.89542794228	543
9.01236391068	-543
9.19827485085	-543
9.30517697334	-1368
9.33750295639	-1368
9.35478806496	-949
9.37341403961	-1420
9.373472929	-1316
9.39132404327	543
9.39182591438	543
9.39200401306	543
9.47121596336	-406
9.57461094856	543
9.6519370079	-1420
9.65195298195	-1420
9.65198993683	-787
9.67736387253	-1420
9.6773788929	-1420
9.67743396759	-1264
9.68820691109	-1420
9.68821287155	-1316
9.72038698196	-1368
9.7236790657	-1420
9.72368502617	-1420
9.72372889519	-1264
9.73794603348	-1420
9.73795294762	-1420
9.73799586296	-1264
9.75948286057	-1420
9.75950098038	-1316
9.76806497574	-98
9.77450895309	543
9.97188401222	-543
10.2330179214	-1420
10.2330679893	-1179
10.2413070202	543
10.4880609512	-1420
10.488079071	-1420
10.4881179333	-787
10.5192539692	-1420
10.5193240643	-1420
10.519329071	-1264
10.5235688686	-1420
10.5235800743	-1420
10.5236139297	-1264
10.604569912	-1218
10.6049978733	543
10.8636350632	-1420
10.8636519909	-1420
10.8637158871	-787
10.8817708492	-1420
10.8818390369	-1420
10.8818440437	-1264
10.8820059299	543
10.8997690678	-1420
10.8997850418	-1316
10.9802129269	-443
10.9805510044	543
11.1183490753	-543
11.2057099342	-1420
11.2057290077	-665
11.2058949471	543
11.2345020771	543
11.5183529854	-1420
11.5183830261	-665
11.5190150738	543
11.5746028423	543
11.7149610519	-1420
11.7149870396	-665
11.8312029839	-543
12.9323160648	543
12.9324920177	543
13.575398922	543
13.5756030083	543
14.2225039005	-543
