0	-543
0.0587148666382	543
0.42290186882	543
1.06872081757	543
1.06881690025	543
2.69195485115	-543
2.69216990471	543
2.88400483131	-1420
2.88402295113	-1420
2.88418483734	-273
2.88428688049	-1420
2.88431787491	-1316
2.89660978317	-1420
2.89666700363	-1316
2.896671772	-1420
2.8967499733	-1420
2.89675283432	-1264
2.92660593987	543
2.96913599968	543
2.96959781647	543
3.02363681793	-1420
3.02365279198	-1420
3.02371096611	-1420
3.02371382713	-1212
3.02402186394	-1420
3.02403593063	-1420
3.02408289909	-1420
3.02408599854	-1212
3.02412891388	-1420
3.02413988113	-1316
3.03609681129	-1420
3.03610682487	-1420
3.03616189957	-1264
3.03616499901	-1420
3.03621578217	-1420
3.03621888161	-1264
3.03625583649	-1420
3.03625798225	-418
3.04218578339	543
3.06935596466	543
3.27913093567	543
3.27956795692	543
3.29077887535	-543
3.29089093208	543
3.297935009	1057
3.29817485809	543
3.29840493202	543
3.49619483948	-1420
3.49621891975	-1420
3.49627900124	-99
3.50668287277	-1420
3.50677490234	-1420
3.50677895546	-1264
3.50682282448	-1420
3.50682592392	-1316
3.50686883926	-1368
3.50712680817	543
3.50841093063	-1368
3.51836800575	-1420
3.51842093468	-1420
3.5184237957	-1420
3.51847696304	-1212
3.51853585243	-1420
3.51855683327	-1316
3.51864099503	-1420
3.51867794991	-1316
3.5187869072	-1420
3.51879000664	-1316
3.52908587456	-1420
3.52909183502	-1420
3.52911686897	-1420
3.52911877632	-1420
3.52915692329	-1160
3.52944278717	-1420
3.52947497368	-1316
3.52977395058	-1368
3.53035998344	543
3.53121590614	-1420
3.53122186661	-1420
3.53126478195	-1420
3.53126692772	-1212
3.5423707962	-1368
3.54257798195	-1420
3.5426299572	-1420
3.54263281822	-1264
3.63568377495	-1420
3.63569998741	-1316
3.63575482368	-1420
3.63575792313	-1316
3.64636182785	-1420
3.64639687538	-1420
3.64646887779	-1420
3.64647078514	-1420
3.64652490616	-1160
3.64652681351	-1368
3.6465280056	-1420
3.64652895927	-1316
3.64662885666	-1420
3.64663100243	-1316
3.64680790901	-1420
3.64680981636	-1316
3.64700579643	543
3.64734387398	-1420
3.64734792709	-1316
3.6474878788	543
3.65793395042	-1420
3.65793991089	-1420
3.65801787376	-1420
3.65802097321	-1212
3.65806698799	-1420
3.65806984901	-1316
3.65821695328	-1368
3.65834879875	-1420
3.65840697289	-1420
3.65840888023	-1264
3.65840983391	-1420
3.65841078758	-1420
3.65841197968	-1264
3.65843200684	-1368
3.65854382515	-1420
3.65854692459	-1420
3.65854787827	-697
3.66878390312	543
3.79796695709	-543
3.79938983917	543
3.80015182495	1460
3.80020594597	1139
3.93800187111	-1086
3.94876694679	543
3.94901680946	543
3.95044183731	1460
3.95049285889	1139
3.95104885101	1460
3.9511039257	1139
4.33265686035	-543
4.33286094666	543
4.39043593407	-1368
4.41038990021	-1368
4.41218400002	543
4.41287493706	543
4.41351890564	543
4.41367793083	-1368
4.41987681389	543
4.42049789429	543
4.4724919796	-95
4.48137593269	543
4.50600790977	-1368
4.61200785637	-203
4.6257879734	543
4.62642788887	543
4.77743792534	-543
4.78386187553	543
4.91755795479	-543
4.91779398918	543
4.97383499146	-1368
4.97870588303	543
4.97889685631	543
5.01127481461	-1368
5.01135492325	-1368
5.01158881187	543
5.01172184944	543
5.05702900887	-696
5.05736088753	543
5.19679379463	-543
5.19703698158	543
5.46790599823	-1420
5.46792697906	-151
5.46942996979	543
5.51412677765	-1368
5.53700900078	-1420
5.53707790375	-1316
5.55036783218	543
5.55904698372	-1368
5.57127285004	543
5.57787299156	-1420
5.57788681984	-1420
5.57793998718	-1264
5.58195090294	-1420
5.58198595047	-1316
5.58198881149	-1420
5.58201384544	-1420
5.58201599121	-1264
5.58338284492	543
5.58573698997	543
5.58639287949	543
5.60056781769	-1420
5.60059189796	-1420
5.60062980652	-1264
5.60424780846	-1368
5.60771679878	-1018
5.62699699402	-1368
5.68484997749	-1420
5.68486785889	-1316
5.72893285751	-1368
5.73860692978	543
5.74831295013	-298
5.77214884758	-1368
5.81516480446	-1368
5.85505890846	-1368
5.88815879822	-609
5.90825295448	-1368
5.9312479496	-1368
5.93139100075	543
5.98382592201	-1368
6.00214791298	-1368
6.01396489143	-1368
6.01545095444	-1368
6.03619599342	-1368
6.03621196747	-1368
6.04822897911	-1368
6.04873895645	-256
6.06793880463	-1368
6.06914997101	-1420
6.06921291351	-1316
6.06937479973	543
6.0756509304	-1368
6.08866596222	543
6.09072780609	-1368
6.09356379509	-1368
6.09370088577	543
6.09520888329	-1420
6.09521389008	-1316
6.11104178429	-1368
6.11987686157	-1368
6.13451695442	-1368
6.1361989975	-1368
6.14883780479	-1368
6.16334891319	543
6.16373991966	-1368
6.16989278793	-1420
6.16994786263	-1316
6.17137694359	-1368
6.17881083488	543
6.17906188965	543
6.18302679062	-1368
6.18782496452	-1368
6.18854689598	-1316
6.1937828064	-1368
6.20035290718	-1368
6.20050883293	-1368
6.2157227993	-1368
6.2164068222	-1368
6.22980999947	-1368
6.23378992081	-1420
6.23381900787	-1316
6.24439191818	-1368
6.24875187874	543
6.26102900505	-1420
6.26103782654	-1316
6.27184987068	-1420
6.27185678482	-1316
6.27670383453	-1368
6.27680683136	543
6.27703785896	-1368
6.28669285774	-1368
6.2883617878	-1368
6.29903793335	-1368
6.30137181282	-1368
6.31175994873	-1420
6.31183791161	-1316
6.3187289238	-1368
6.31891798973	-1368
6.3215739727	-1368
6.32830381393	-702
6.33455395699	-1368
6.34426879883	-1368
6.3662238121	-1368
6.38877081871	-1368
6.46770191193	-298
6.4819688797	543
6.48247098923	543
6.63528990746	-1057
6.63977479935	543
6.70674681664	-1368
6.72126984596	543
6.77495884895	-746
6.77941584587	543
6.89799284935	-1368
6.91099286079	543
6.91462397575	-232
6.91471290588	543
7.18816590309	-1420
7.18818879128	-151
7.21072483063	-1368
7.32845878601	-1289
7.33873987198	543
7.33893895149	543
7.35878491402	543
7.35900998116	543
7.35930490494	1460
7.3593518734	1460
7.35938692093	1161
7.35946893692	89
7.35963487625	1460
7.3596777916	1460
7.35971093178	1161
7.3598139286	89
7.36030077934	543
7.36073088646	543
7.3611907959	543
7.45911693573	543
7.46779298782	-543
7.47046589851	543
7.49864983559	-1368
7.51173186302	543
7.53768396378	-1420
7.53769898415	-1420
7.53775477409	-1264
7.53775787354	-1368
7.54446196556	543
7.54468989372	-1420
7.54469585419	-1316
7.54865598679	543
7.55946779251	-1420
7.55948877335	-1316
7.5597038269	-1368
7.55998086929	-1420
7.56002688408	-1316
7.56064391136	543
7.56264686584	543
7.57535195351	-1368
7.57542800903	-1368
7.57568788528	-1368
7.57599186897	-1368
7.57614088058	-1368
7.58263087273	-1420
7.58268094063	-1420
7.58268380165	-1264
7.58955097198	-1420
7.58955693245	-1316
7.58962082863	-1420
7.58962392807	-1316
7.58978199959	543
7.60045981407	-1420
7.60046482086	-1420
7.60051488876	-1264
7.60516500473	-1420
7.60525894165	-1420
7.60526180267	-1264
7.60530495644	-1420
7.60530686378	-1316
7.61123585701	-1368
7.61230897903	-1368
7.61248493195	-1420
7.61249780655	-1316
7.61851978302	-1364
7.62353682518	-1420
7.6236038208	-1420
7.62360692024	-1420
7.62365579605	-1212
7.62365889549	-1368
7.632833004	-1420
7.63283896446	-1420
7.63288998604	-1264
7.63289284706	-1368
7.63307380676	1057
7.63311290741	-1420
7.63311481476	-1316
7.63366484642	-1368
7.63385295868	-1420
7.63388681412	-1316
7.65057277679	-1420
7.65063595772	-1316
7.65362882614	-1368
7.65380191803	-1420
7.65380477905	-1316
7.66280078888	-1368
7.66940999031	-1420
7.66947388649	-1316
7.67762994766	-1368
7.68404197693	-1368
7.68430280685	-1420
7.68436598778	-1420
7.6843688488	-1420
7.68445277214	-1212
7.68445491791	-1420
7.68448996544	-1420
7.68449187279	-1264
7.68873977661	543
7.69147396088	-1368
7.69665288925	-1420
7.69670796394	-1316
7.69916582108	-1420
7.69922184944	-1316
7.70529484749	-1420
7.70533895493	-1420
7.70534181595	-1264
7.7071518898	-1420
7.70715594292	-1316
7.71483492851	-1420
7.7148399353	-1420
7.71489977837	-1264
7.71490287781	-1368
7.71677398682	-1420
7.71677780151	-1420
7.71681594849	-1264
7.71835279465	-1368
7.71862697601	-1368
7.7286658287	1057
7.72907185555	-1368
7.72939896584	-1420
7.72944188118	-1420
7.72944378853	-1264
7.73711681366	-1368
7.73720288277	-1420
7.73720598221	-1316
7.74213790894	-1420
7.74216294289	-1420
7.74216580391	-1264
7.74353098869	-1420
7.74353480339	-1420
7.74357295036	-1264
7.74366998672	-1368
7.74866199493	543
7.75990796089	-1368
7.76122093201	-1420
7.76128482819	-1420
7.76128792763	-1264
7.76133179665	-1420
7.76133394241	-1316
7.76169085503	-1368
7.76206278801	-1420
7.76209378242	-1316
7.76278090477	-643
7.77720785141	-1420
7.77721381187	-1316
7.77730584145	-1420
7.77730894089	-1316
7.77923297882	-1420
7.77924585342	-1316
7.78272485733	-1420
7.78273081779	-1316
7.7828168869	-1368
7.79094600677	-1420
7.7909989357	-1316
7.79143381119	-1420
7.79147386551	-1420
7.79147696495	-1264
7.79553794861	1057
7.80197095871	-1368
7.80221796036	-1420
7.80228686333	-1420
7.80228996277	-1264
7.80240797997	-1420
7.80241084099	-1316
7.80268383026	-1368
7.80326390266	-1420
7.80331277847	-1316
7.80331587791	-1420
7.80331683159	-1316
7.81393790245	-1368
7.81405687332	-1420
7.81410598755	-1316
7.81464385986	543
7.8147008419	-1368
7.81487894058	-1420
7.81493186951	-1420
7.81493377686	-1264
7.81496977806	-1368
7.82518577576	-1368
7.82537794113	-1420
7.82539081573	-1420
7.82544493675	-1264
7.82545590401	-1420
7.82550191879	-1316
7.82550477982	-1368
7.83409881592	-1420
7.83410596848	-1316
7.83477878571	-1420
7.83478283882	-1316
7.83497691154	-1420
7.83498096466	-1316
7.83516979218	1057
7.83522200584	-1368
7.83660697937	-1420
7.83665084839	-1420
7.83665394783	-1264
7.85445594788	-1368
7.85473680496	-1420
7.85479187965	-1420
7.8547949791	-1264
7.85582494736	-1420
7.85582995415	-1420
7.85587191582	-1420
7.85587382317	-1212
7.85864090919	-1420
7.85864496231	-1316
7.87391591072	-1368
7.87599492073	-1368
7.87612485886	-1420
7.8761279583	-1316
7.87633681297	-1368
7.88940095901	-1420
7.88944792747	-1420
7.88945198059	-1420
7.88948893547	-1212
7.88949179649	-1368
7.89111399651	-1420
7.89111685753	-1420
7.89117288589	-1264
7.89121389389	-1420
7.89121699333	-1420
7.89121794701	-1264
7.89878296852	543
7.90160083771	-1420
7.90160679817	-1420
7.90164995193	-1264
7.9018638134	-1420
7.90190887451	-1316
7.90200781822	-1420
7.90204000473	-1316
7.90397500992	-1368
7.90862894058	1057
7.90877485275	543
7.90988183022	1460
7.90992999077	1460
7.90997195244	1161
7.91006183624	89
7.91100597382	-1420
7.91100978851	-1316
7.91113090515	543
7.91187596321	-1420
7.91188192368	-1316
7.91190195084	-1420
7.91190481186	-1316
7.91211986542	-1420
7.91212391853	-1316
7.91398787498	-1368
7.91411089897	-1420
7.91414999962	-1420
7.91415190697	-1264
7.91421794891	-1368
7.91584181786	1460
7.91590094566	1460
7.91596388817	1161
7.9160349369	89
7.91702580452	-114
7.92055797577	-1420
7.92058300972	-1316
7.9228219986	-1420
7.92285990715	-1420
7.9228618145	-1264
7.92334580421	-1420
7.92334890366	-1316
7.92338585854	-1368
7.9235458374	543
7.92369389534	-1420
7.92369794846	-1420
7.92371678352	-1264
7.92958188057	-1420
7.92961978912	-1316
7.92982697487	-1368
7.93326282501	-1420
7.93327593803	-1420
7.9333357811	-1264
7.93333792686	-1420
7.93338084221	-1316
7.93359398842	-1368
7.94233179092	-1420
7.94233894348	-1316
7.9430809021	-1420
7.94308590889	-1420
7.94312787056	-1264
7.94322896004	543
7.95193099976	-1420
7.95193886757	-1420
7.95198488235	-1264
7.95278286934	-1420
7.95282483101	-1316
7.95651292801	543
7.96219396591	-1420
7.96222090721	-1420
7.96227884293	-1420
7.96228194237	-1212
7.96231794357	-1368
7.96990180016	-1420
7.96994400024	-1316
7.97027993202	-1420
7.97030878067	-1316
7.97035980225	-1420
7.9703938961	-1316
7.97056889534	-1368
7.97442579269	-1420
7.97443795204	-1316
7.97472190857	543
7.97813296318	-1420
7.97813796997	-1316
7.98526287079	-1368
7.985683918	-1420
7.98573088646	-1420
7.9857339859	-1264
7.98575282097	-1420
7.98575592041	-1316
7.98615098	-1368
7.99217486382	-1420
7.99222278595	-1420
7.99222588539	-1264
7.99579191208	-1420
7.9957947731	-1316
7.99595284462	-1420
7.99596595764	-1316
7.99604392052	-1368
7.99680781364	-1368
7.9972858429	543
8.00072598457	-1420
8.00073099136	-1420
8.00077390671	-1264
8.00173783302	-1420
8.0017747879	-1316
8.00189185143	-1420
8.00193190575	-1420
8.0019338131	-1264
8.00202584267	543
8.0045747757	-1368
8.00489091873	-1368
8.01181197166	-1420
8.01181697845	-1316
8.01210188866	-1420
8.01210594177	-1420
8.01217484474	-1264
8.01217699051	-1368
8.01323199272	-1368
8.01503992081	-1368
8.01542496681	-1420
8.01542878151	-1420
8.0154299736	-1264
8.01547884941	-1368
8.0156648159	543
8.01967477798	-1368
8.0206758976	-1420
8.02070784569	-1316
8.02348399162	-1420
8.02352595329	-1420
8.02352881432	-1264
8.02377486229	-1368
8.02395391464	-1420
8.02397894859	-1316
8.02569794655	-1420
8.02573180199	-1316
8.02705597878	-1368
8.02760195732	-1420
8.02760577202	-1316
8.02892994881	-1420
8.0289349556	-1420
8.02897596359	-1264
8.02906179428	543
8.03128194809	-1368
8.03143191338	543
8.031498909	-1420
8.03150200844	-1420
8.03150296211	-1264
8.03640198708	-1368
8.0380859375	-1420
8.03808879852	-1316
8.03812980652	-1420
8.03813290596	-1420
8.03817677498	-1264
8.03823399544	-1368
8.04177093506	-1420
8.04177594185	-1420
8.04181480408	-1264
8.04571700096	-1420
8.04575681686	-1420
8.04575896263	-1420
8.04579401016	-1212
8.04595899582	543
8.05686593056	-1420
8.05686998367	-1316
8.05706095695	-1420
8.05706501007	-1316
8.05731987953	-1368
8.06006193161	-1135
8.06875777245	543
8.07133984566	-1420
8.07134580612	-1316
8.07148480415	-1368
8.07274889946	-1420
8.0728058815	-1420
8.07280898094	-1264
8.07407188416	-1420
8.07407593727	-1420
8.07411599159	-1264
8.0866549015	-1420
8.08673095703	-1420
8.08673381805	-1264
8.08677792549	-1420
8.08678078651	-1316
8.08682179451	-1368
8.08854579926	-1368
8.09422397614	-1420
8.09423685074	-1420
8.09423899651	-1264
8.09467983246	543
8.0949139595	543
8.09504199028	1057
8.09707999229	1460
8.09714984894	1460
8.09719085693	193
8.09830999374	-1420
8.09831881523	-1420
8.09835386276	-1264
8.09898281097	-1420
8.09902596474	-1316
8.0991499424	-1368
8.09991288185	-1420
8.09991979599	-1420
8.09996390343	-1264
8.10205197334	1460
8.10211777687	1460
8.1021668911	1161
8.10228180885	89
8.10736584663	-1420
8.10737991333	-1316
8.10742998123	-1368
8.10755586624	-1368
8.10783886909	-1420
8.10784196854	-1316
8.10935783386	-1368
8.1094789505	-1420
8.1095199585	-1316
8.11623597145	-1420
8.11624479294	-1420
8.11624598503	-1420
8.11624693871	-1212
8.12172293663	-1420
8.12174296379	-1420
8.12179899216	-1264
8.12180089951	-1420
8.12183785439	-1316
8.1219599247	543
8.12204790115	-1420
8.12205290794	-1420
8.12208080292	-1264
8.13351178169	-1368
8.13368797302	-1420
8.13369297981	-1316
8.13376688957	-1368
8.13395881653	543
8.13414478302	-1420
8.13415789604	-1316
8.13420200348	-1368
8.13426685333	543
8.1390619278	543
8.14296293259	-1420
8.14296793938	-1420
8.14301681519	-1264
8.14869999886	-1420
8.14874887466	-1420
8.14875197411	-1264
8.14912581444	-1420
8.14913082123	-1420
8.14917087555	-1264
8.15043783188	-1420
8.15047979355	-1316
8.15064287186	-1368
8.16772294044	-1420
8.16773486137	-1316
8.16790485382	-1368
8.16806697845	-1420
8.16809082031	-1420
8.16809296608	-1264
8.17074394226	-1420
8.17074799538	-1420
8.17079591751	-1264
8.18428397179	-1368
8.18433499336	-1420
8.18433785439	-1316
8.18435692787	-1420
8.18435883522	-1420
8.18439388275	-1264
8.18447780609	543
8.19613194466	-1420
8.19613695145	-1420
8.19618082047	-1264
8.19618391991	-1420
8.19621992111	-1420
8.19622182846	-1264
8.19641900063	-1368
8.19962596893	-409
8.20542883873	-1368
8.20560693741	543
8.20606398582	-1420
8.20606994629	-1420
8.20611000061	-1264
8.20646190643	-1420
8.20651078224	-1420
8.20651292801	-1264
8.20728492737	543
8.21762394905	-1420
8.21762895584	-1420
8.21766901016	-1264
8.2177298069	-1420
8.21776986122	-1316
8.21783590317	-1420
8.21787190437	-1420
8.21787381172	-1264
8.22709488869	-1420
8.2270989418	-1420
8.22709989548	-1420
8.22710084915	-1212
8.22776389122	-1420
8.22776794434	-1420
8.22776985168	-1264
8.22783493996	-1368
8.22812080383	-1420
8.22812390327	-1316
8.22861790657	-1368
8.22873997688	-1420
8.22874283791	-1316
8.23268198967	543
8.23988485336	-1420
8.23990178108	-1420
8.23994994164	-1420
8.23995280266	-1420
8.2399699688	-1160
8.23997187614	-1368
8.26192593575	-1420
8.26194500923	-1420
8.26201891899	-1264
8.26246881485	-1368
8.26272296906	-1368
8.26302099228	-1368
8.26979780197	543
8.27875590324	-1420
8.27876186371	-1316
8.27885484695	-1420
8.2788579464	-1420
8.27891278267	-1264
8.27892398834	-1368
8.28414678574	-1420
8.28415179253	-1316
8.2886929512	543
8.28885889053	543
8.2999048233	-1420
8.29991984367	-1420
8.29997396469	-1420
8.29997682571	-1212
8.30002188683	-1420
8.30002498627	-1316
8.30937886238	-1420
8.30938577652	-1420
8.30946993828	-1264
8.3094727993	-1420
8.30951285362	-1420
8.30951595306	-1264
8.30956697464	-1420
8.3097717762	543
8.30981278419	-1420
8.30981492996	-1264
8.31389188766	-1420
8.31389689445	-1420
8.31394100189	-1264
8.31697297096	-1420
8.31704878807	-1316
8.31705188751	-1420
8.31708788872	-1316
8.32527589798	-1368
8.32550191879	-1420
8.32550597191	-1420
8.32554292679	-1264
8.33281898499	-1420
8.33288884163	-1420
8.33289194107	-1264
8.33292794228	-1420
8.33292984962	-1420
8.33293199539	-1264
8.33330488205	-1420
8.33330893517	-1420
8.33330988884	-1264
8.33902382851	-530
8.33912491798	-1420
8.3391289711	-1316
8.33937287331	543
8.33959698677	543
8.34355092049	-1368
8.34375691414	-1420
8.34379291534	-1316
8.3440117836	-1368
8.36207485199	-1368
8.36388897896	-1420
8.363945961	-1316
8.36433696747	543
8.36438894272	-1420
8.36439180374	-1316
8.37170791626	-1368
8.3721280098	-1368
8.37227892876	-1420
8.37228178978	-1316
8.3789229393	-1368
8.3793129921	-1420
8.37936091423	-1420
8.37936377525	-1264
8.38634800911	-1368
8.38644790649	-1368
8.38649582863	-1368
8.39206695557	-1368
8.39252591133	-1420
8.39253091812	-1420
8.39256882668	-1264
8.39592885971	-1368
8.39613699913	543
8.40205788612	-1368
8.40228891373	-1420
8.40233898163	-1420
8.40234184265	-1264
8.40699577332	-1420
8.40700078011	-1316
8.40813493729	-1420
8.4081389904	-1316
8.41058778763	-1420
8.41059184074	-1420
8.41062879562	-1264
8.41875195503	543
8.42206478119	-1420
8.42207193375	-1420
8.42211484909	-1420
8.42211794853	-1420
8.42213582993	-1160
8.42860984802	-1368
8.43335700035	-1420
8.43336987495	-1420
8.4334127903	-1264
8.43341493607	-1368
8.4335899353	543
8.43959498405	-1420
8.43959999084	-1420
8.43964886665	-1264
8.43989396095	-1368
8.45111989975	-1420
8.45112681389	-1316
8.46270799637	-1420
8.46271586418	-1316
8.46922278404	-1420
8.46922898293	-1316
8.46925187111	-1368
8.46962285042	-1420
8.46968793869	-1316
8.46969079971	-1420
8.46973395348	-1316
8.47895789146	-271
8.48460578918	-1420
8.48461198807	-1420
8.48466992378	-1420
8.48467183113	-1420
8.48470783234	-1420
8.4847099781	-1420
8.48474383354	-1056
8.48474693298	-1368
8.48486495018	543
8.48508882523	-1368
8.48517298698	543
8.49505591393	-1420
8.49506282806	-1316
8.49511694908	-1368
8.49530291557	543
8.50777983665	-1420
8.50778579712	-1316
8.50889277458	-1420
8.50890684128	-1420
8.50895786285	-1420
8.50896000862	-1420
8.5090098381	-1160
8.50901293755	-1420
8.50905799866	-1316
8.50905990601	-1368
8.51064682007	-1420
8.5106549263	-1316
8.51296687126	-1420
8.51297092438	-1420
8.51300883293	-1264
8.51324677467	-1420
8.51329398155	-1420
8.5132958889	-1264
8.51481485367	543
8.52321791649	-1420
8.52323579788	-1420
8.52327179909	-1420
8.52327489853	-1420
8.52329897881	-1420
8.52330088615	-1108
8.52331781387	-1420
8.52347898483	-1316
8.52350687981	-1368
8.52895092964	-1420
8.52902197838	-1420
8.5290248394	-1264
8.52906179428	-1420
8.52906489372	-1420
8.5291287899	-1264
8.52913999557	-1368
8.52919697762	-1420
8.52919983864	-1316
8.52945685387	543
8.53005385399	-1420
8.5300579071	-1316
8.53031682968	-1368
8.5364317894	-1420
8.53647994995	-1420
8.53648281097	-1264
8.5536878109	-1420
8.5536968708	-1420
8.55374598503	-1264
8.55397677422	-1420
8.55401682854	-1420
8.5540189743	-1264
8.55425977707	-1420
8.55427193642	-1420
8.5543088913	-1264
8.55809688568	-1420
8.5581009388	-1316
8.55822181702	-1368
8.55833077431	543
8.57151484489	-1420
8.57152295113	-1420
8.57159900665	-1264
8.57160186768	-1420
8.57164692879	-1420
8.57164883614	-1264
8.57168292999	-1368
8.58667898178	-1420
8.58674478531	-1420
8.58674788475	-1420
8.58680081367	-1420
8.58680295944	-1160
8.58684396744	-1368
8.58684682846	-1420
8.58688879013	-1316
8.59341883659	-1420
8.59342384338	-1420
8.59342479706	-1264
8.59359693527	-1368
8.59802389145	-1420
8.59803986549	-1420
8.59804177284	-1264
8.59804296494	-1420
8.59804391861	-1420
8.59804487228	-1264
8.5985558033	-1420
8.59855985641	-1420
8.59856081009	-1264
8.59939599037	543
8.59959793091	543
8.60652589798	-1420
8.60653281212	-1420
8.60657596588	-1264
8.60666489601	-1420
8.60671186447	-1420
8.60671401024	-1264
8.60682988167	-1420
8.60684084892	-1420
8.60687589645	-1264
8.61610889435	-1420
8.61612200737	-1420
8.61612391472	-1264
8.61619281769	-1420
8.61619591713	-1316
8.61630892754	-1368
8.61644697189	543
8.6166009903	-1420
8.61660385132	-1316
8.61665582657	-1368
8.61677479744	543
8.61686897278	-1420
8.61688089371	-1420
8.61688184738	-1264
8.61838984489	-626
8.62794780731	-1420
8.62803196907	-1316
8.62803483009	-1420
8.6280708313	-1316
8.6282119751	-1420
8.628251791	-1316
8.62853288651	-1420
8.6285738945	-1316
8.63098287582	-1420
8.63098692894	-1316
8.63689780235	-1420
8.63690400124	-1420
8.63690590858	-1264
8.63690686226	-1420
8.63690781593	-1420
8.63690900803	-1264
8.63702082634	-1368
8.63722395897	543
8.63861489296	-1420
8.63862085342	-1316
8.63876485825	-1368
8.65580892563	-1420
8.65586686134	-1420
8.65587091446	-1264
8.65652298927	-1420
8.6565258503	-1420
8.65659284592	-1264
8.65659594536	-1420
8.65663981438	-1420
8.65664196014	-1264
8.65672183037	-1368
8.65985989571	543
8.66093683243	-1420
8.66094398499	-1316
8.67434692383	-1420
8.6743619442	-1420
8.67440485954	-1264
8.67440700531	-1420
8.6744248867	-1316
8.67457294464	-1420
8.67459082603	-1316
8.67469000816	-1420
8.67470693588	-1316
8.6772108078	543
8.68345880508	-1368
8.68782877922	-1420
8.6878888607	-1316
8.68792700768	-1420
8.68795585632	-1316
8.68824481964	-1420
8.68833684921	-1420
8.68833899498	-1264
8.68837380409	-1420
8.68837690353	-1420
8.68837785721	-1264
8.69890189171	543
8.69911789894	-1420
8.69912290573	-1316
8.69919490814	543
8.69939398766	-1420
8.69939780235	-1420
8.69946885109	-1264
8.69947195053	-1420
8.69952082634	-1420
8.69952297211	-1264
8.7080719471	-1420
8.70807695389	-1420
8.70815086365	-1420
8.70815300941	-1420
8.70820689201	-1160
8.70820879936	-1420
8.70824384689	-1420
8.70824885368	-1264
8.70829296112	-1368
8.70829486847	-1420
8.70841598511	-1316
8.70841884613	-1368
8.70970988274	-1420
8.70972180367	-1420
8.70972299576	-1264
8.71610093117	-1420
8.71610784531	-1420
8.71610879898	-1264
8.71634578705	-1368
8.71655893326	543
8.71673679352	-1420
8.71674084663	-1316
8.72481393814	-1368
8.72504997253	-1420
8.7251329422	-1316
8.72513580322	-1368
8.7252907753	-1368
8.72543287277	-1420
8.7254858017	-1420
8.72548794746	-1420
8.7255218029	-1212
8.72562980652	-1420
8.72563195229	-1316
8.72577786446	-1420
8.72578001022	-1316
8.72870492935	543
8.72883796692	543
8.72978281975	-543
8.73256897926	-1420
8.73257398605	-1316
8.73270988464	-1368
8.73325681686	-1420
8.73330593109	-1316
8.73330783844	-1420
8.73335194588	-1316
8.73356294632	-1420
8.7335999012	-1316
8.73843097687	-1420
8.73845887184	-1420
8.73846197128	-1264
8.74631381035	-1420
8.74632000923	-1420
8.74636983871	-1264
8.74698591232	-1420
8.74702596664	-1420
8.74702787399	-1264
8.74774098396	-1420
8.74774479866	-1316
8.74780893326	-1368
8.75825381279	-1053
8.75860381126	543
8.76416778564	-1420
8.76417398453	-1420
8.76424980164	-1420
8.76425290108	-1212
8.76428985596	-1368
8.76582980156	-1368
8.76616287231	-1420
8.76616597176	-1420
8.76620793343	-1264
8.76741981506	-1420
8.76742291451	-1316
8.76742482185	-1368
8.76765680313	543
8.78038477898	-1420
8.78039193153	-1316
8.78166484833	-1420
8.78166985512	-1316
8.78173780441	-1420
8.78174090385	-1420
8.78177690506	-1264
8.78183293343	-1368
8.78987693787	-1420
8.78989100456	-1420
8.78993487358	-1264
8.78993797302	-1368
8.79112386703	-1420
8.79112696648	-1316
8.79239082336	-1420
8.79240298271	-1420
8.79244184494	-1264
8.79245281219	-1368
8.79268598557	-1420
8.79269194603	-1420
8.7926928997	-1264
8.79275393486	-1420
8.79275679588	-1316
8.79309678078	-1368
8.79680299759	543
8.80076384544	-1420
8.800770998	-1420
8.80081486702	-1264
8.8023879528	-1420
8.80244684219	-1316
8.80266094208	-1368
8.80314588547	-1420
8.80314993858	-1420
8.80319094658	-1420
8.8031938076	-1420
8.80322980881	-1160
8.80786681175	543
8.80804181099	543
8.81022381783	-1420
8.8102388382	-1316
8.8102889061	-1420
8.81029987335	-1316
8.81079387665	-1420
8.81079888344	-1316
8.81092596054	-1368
8.8113219738	-1420
8.8113617897	-1420
8.81136488914	-1264
8.81374788284	-1420
8.81376194954	-1420
8.81376385689	-1264
8.81677389145	-1420
8.81678295135	-1420
8.81678390503	-1264
8.81769990921	-1420
8.81770300865	-1420
8.81770396233	-1264
8.81866884232	-1420
8.81867289543	-1420
8.81867384911	-1264
8.81951498985	543
8.82643198967	-1420
8.82643795013	-1420
8.8264708519	-1420
8.82647395134	-1212
8.82669878006	-1368
8.82696795464	-1420
8.82704591751	-1420
8.82704877853	-1264
8.82710385323	-1420
8.82710599899	-1420
8.82710790634	-1420
8.82710886002	-1212
8.82793593407	-1368
8.83412694931	-1420
8.83414292336	-1420
8.83416700363	-1264
8.83424377441	1057
8.83441781998	-1420
8.83442282677	-1420
8.83446383476	-1264
8.83521080017	-1368
8.8353099823	-1420
8.835313797	-1420
8.83539795876	-1264
8.83540081978	-1420
8.83543682098	-1316
8.83550000191	-1420
8.83551979065	-1316
8.83568477631	-1420
8.83570694923	-1316
8.83577990532	-1420
8.83580183983	-1316
8.85310387611	-1420
8.8531498909	-1420
8.85315299034	-1264
8.85332798958	-1420
8.85333180428	-1316
8.85337877274	-1368
8.8533809185	-1368
8.85379600525	-1420
8.85379886627	-1316
8.87022686005	-1420
8.87023591995	-1420
8.87029981613	-1264
8.87033200264	-1420
8.87036800385	-1316
8.87036991119	-1368
8.87171077728	-1420
8.87171387672	-1420
8.87179899216	-1264
8.87180185318	-1420
8.87180280685	-1420
8.87180399895	-1264
8.87188196182	-1368
8.87416887283	-1420
8.87417292595	-1316
8.87873387337	543
8.88068699837	543
8.8851017952	-1420
8.88510894775	-1316
8.88515400887	-1420
8.88515686989	-1420
8.88519692421	-1420
8.88519883156	-1212
8.88537287712	-1420
8.88537693024	-1316
8.88544893265	543
8.88561677933	-1420
8.88562083244	-1316
8.89502692223	-1420
8.89503383636	-1420
8.8950958252	-1420
8.89509892464	-1212
8.89516687393	-1420
8.89518380165	-1420
8.89523100853	-1264
8.89523291588	-1420
8.89531087875	-1316
8.8953127861	-1420
8.89531493187	-1316
8.89531588554	-1368
8.89558982849	543
8.89642000198	-1368
8.89660191536	-1420
8.8966448307	-1316
8.89773488045	-382
8.89781999588	543
8.90206694603	-1420
8.90207290649	-1420
8.90211391449	-1264
8.90280199051	-1420
8.90284490585	-1316
8.90324497223	-1368
8.90333294868	-1420
8.90333580971	-1316
8.90335798264	-1420
8.90335988998	-1316
8.91002082825	-1420
8.9100279808	-1420
8.91010284424	-1264
8.91010594368	-1420
8.9101498127	-1420
8.91015291214	-1264
8.91021800041	-1368
8.91021990776	-1420
8.91026377678	-1316
8.91034698486	543
8.91055893898	-1420
8.9105618	-1316
8.91068792343	543
8.91072297096	-1420
8.91072487831	-1316
8.91081094742	-1368
8.91090297699	-1420
8.91092395782	-1316
8.91109585762	-1368
8.91771793365	-1420
8.9177339077	-1316
8.91781282425	-1368
8.91805291176	-1420
8.91807794571	-1316
8.91820192337	-1368
8.9182767868	543
8.92004799843	-1420
8.92005586624	-1420
8.92010784149	-1264
8.92010998726	-1420
8.92014598846	-1420
8.92014789581	-1264
8.92544794083	-1420
8.92546486855	-1316
8.92550086975	-1368
8.92572593689	-1420
8.92576479912	-1420
8.92576789856	-1264
8.92599797249	-1368
8.9261059761	-1420
8.92612981796	-1316
8.92634677887	-1420
8.92635083199	-1420
8.92635178566	-1264
8.92645287514	-1420
8.92645478249	-1420
8.92645597458	-1264
8.92645692825	-1368
8.92653083801	-1368
8.92664194107	543
8.9267449379	-1368
8.92683291435	543
8.93306398392	-1368
8.93308186531	-1420
8.93312287331	-1420
8.93312478065	-1264
8.93314194679	-1420
8.93314385414	-1316
8.93381285667	-1420
8.93381690979	-1316
8.93388795853	-1420
8.93389081955	-1420
8.93389177322	-1264
8.93389296532	-1368
8.93399596214	-1368
8.9428088665	-1420
8.94282484055	-1420
8.94289183617	-1264
8.94547390938	-1420
8.94554281235	-1316
8.94554591179	-1368
8.94570493698	543
8.94748878479	-1420
8.94749379158	-1420
8.94757199287	-1264
8.94757390022	-1420
8.94760894775	-1316
8.947701931	-1368
8.94916892052	-1420
8.94919300079	-1420
8.94924283028	-1264
8.94924497604	-1368
8.96224784851	-1420
8.96225786209	-1420
8.96231293678	-1264
8.962433815	543
8.96428585052	-1420
8.96429181099	-1420
8.96433377266	-1264
8.96489095688	-1420
8.9649348259	-1420
8.96493792534	-1264
8.96504998207	-1368
8.96727991104	-1420
8.96732282639	-1420
8.96732592583	-1264
8.96737384796	-1420
8.96737599373	-1316
8.9798579216	-1368
8.98000693321	543
8.98049688339	-1420
8.98050999641	-1420
8.98054981232	-1264
8.98090791702	-1420
8.98095679283	-1420
8.98095989227	-1264
8.98326587677	-1420
8.98327088356	-1420
8.98331093788	-1264
8.98443579674	-1420
8.98447585106	-1420
8.9844789505	-1264
8.9952609539	-1420
8.99527096748	-1420
8.99531984329	-1264
8.99559688568	-1420
8.99563980103	-1316
8.99619483948	-1420
8.99623179436	-1316
8.9962348938	-1420
8.99625182152	-1316
8.99635577202	-1368
8.99661278725	-1368
8.99679589272	543
8.9984369278	-1420
8.99844193459	-1420
8.9984858036	-1264
8.99848890305	-1420
8.99853396416	-1316
8.9986269474	543
8.99876880646	-1420
8.99877381325	-1420
8.99879598618	-1264
8.99880099297	543
9.00194597244	-1368
9.00668287277	-1420
9.00672078133	-1316
9.00672388077	-1368
9.00704979897	-1368
9.00736188889	-1368
9.00743079185	-1368
9.00851392746	-1420
9.00855588913	-1420
9.00855898857	-1264
9.00859284401	-1368
9.00878977776	-1420
9.00880885124	-1316
9.0156378746	-1420
9.01569795609	-1420
9.0157020092	-1264
9.01584482193	543
9.01652097702	-1420
9.01652598381	-1316
9.01656579971	-1368
9.01757478714	-1420
9.01762986183	-1420
9.01763391495	-1420
9.01766896248	-1420
9.0176718235	-1420
9.01770687103	-1108
9.01815891266	-1368
9.0183827877	-1420
9.01838779449	-1316
9.02520990372	-1420
9.02522087097	-1316
9.02617883682	-1420
9.02618479729	-1316
9.02629685402	543
9.02703881264	-1420
9.02705693245	-1420
9.02715492249	-1264
9.02715778351	-1420
9.02719688416	-1420
9.0271999836	-1264
9.02877092361	-1420
9.02877688408	-1420
9.02880883217	-1264
9.02886390686	-1420
9.02888584137	-1316
9.02888798714	-1368
9.02899384499	543
9.0344388485	-1420
9.03445100784	-1420
9.03448200226	-1264
9.03480887413	-1420
9.03485393524	-1420
9.03485679626	-1264
9.03598380089	-1420
9.03598880768	-1420
9.03606987	-1264
9.03607296944	-1420
9.03611087799	-1420
9.03611278534	-1264
9.03628587723	543
9.03678297997	-1420
9.03678894043	-1420
9.03683185577	-1264
9.03722190857	-336
9.0469429493	-1420
9.04695081711	-1316
9.04714989662	-1368
9.05073785782	-1420
9.05079293251	-1420
9.05079579353	-1420
9.05086994171	-1212
9.05087184906	-1368
9.05173182487	-1368
9.05222988129	-1420
9.05228281021	-1420
9.05228590965	-1264
9.05232095718	-1420
9.05232286453	-1316
9.0524289608	543
9.05289077759	-1368
9.05693697929	-1420
9.05698490143	-1420
9.05698800087	-1264
9.06735491753	-1420
9.06737089157	-1420
9.06740498543	-1264
9.06757497787	543
9.06995487213	-1420
9.06996178627	-1316
9.07019686699	-1368
9.07044887543	-1420
9.07050585747	-1420
9.07050895691	-1264
9.07091784477	-1420
9.07092285156	-1420
9.07096290588	-1264
9.0712428093	-1420
9.07128596306	-1420
9.07128787041	-1264
9.0793159008	-1420
9.07932877541	-1420
9.07937979698	-1264
9.08106088638	-1420
9.08108782768	-1420
9.08109879494	-1264
9.08407378197	-1368
9.08419895172	543
9.08446478844	-1420
9.08446979523	-1316
9.08494997025	-1368
9.08515977859	-1420
9.08519887924	-1420
9.08520197868	-1420
9.08522677422	-1212
9.08528399467	-1420
9.08533000946	-1316
9.08533287048	-1420
9.08537578583	-1316
9.08539700508	-1368
9.08552384377	543
9.08566188812	543
9.09347391129	-1420
9.09348487854	-1316
9.09644293785	-1420
9.09644794464	-1420
9.09648895264	-1264
9.09718894958	-1420
9.09723377228	-1420
9.09723687172	-1264
9.09737181664	-1368
9.09777784348	-1420
9.09783983231	-1420
9.09784293175	-1264
9.09792399406	-1420
9.09792685509	-1316
9.09803795815	543
9.101541996	-1420
9.10154891014	-1420
9.10158991814	-1264
9.10165500641	-1368
9.1031088829	-1420
9.10311484337	-1420
9.10319781303	-1264
9.10320091248	-1420
9.10324788094	-1316
9.10355091095	-1368
9.10596489906	-1420
9.10598278046	-1420
9.10601091385	-1264
9.1062848568	-1420
9.10632777214	-1420
9.10632991791	-1264
9.10653591156	-1420
9.10653877258	-1420
9.10655784607	-1264
9.11153292656	-1368
9.11169481277	543
9.11652493477	-1420
9.11653995514	-1420
9.11659288406	-1420
9.11659479141	-1212
9.11662983894	-1420
9.11663198471	-1316
9.11694478989	-1420
9.116948843	-1316
9.11703300476	-1420
9.11703491211	-1420
9.11706089973	-1264
9.1171298027	-1368
9.11721777916	-1420
9.1172208786	-1316
9.11733484268	543
9.11738300323	-1368
9.12097191811	-1420
9.12101483345	-1420
9.12101793289	-1264
9.122797966	-1420
9.12280488014	-1420
9.12288379669	-1264
9.12288594246	-1420
9.12293791771	-1316
9.12303996086	-1368
9.1230609417	-1420
9.12306284904	-1316
9.12335181236	-1368
9.12379693985	-1420
9.12384200096	-1420
9.12384486198	-1264
9.12405800819	-1420
9.12406277657	-1420
9.12410378456	-1264
9.12417078018	-1420
9.12421679497	-1420
9.12421989441	-1264
9.1344139576	-1368
9.13493990898	-1420
9.135024786	-1316
9.13503694534	-1368
9.13516187668	543
9.13530778885	-1368
9.13566279411	-1420
9.13569879532	-1316
9.13574194908	-1420
9.13575983047	-1420
9.13576197624	-1264
9.13583779335	-1420
9.13584089279	-1420
9.13587999344	-1264
9.13597679138	543
9.13601398468	-1420
9.13601589203	-1420
9.1360168457	-1264
9.1360168457	-1368
9.14156293869	-1420
9.1415719986	-1420
9.14161992073	-1264
9.1469168663	-1368
9.14715385437	-1420
9.14715790749	-1420
9.14721679688	-1264
9.14721989632	-1420
9.14726185799	-1316
9.14742684364	543
9.14864778519	-1420
9.14865398407	-1420
9.14869689941	-1264
9.14886379242	-1368
9.15276193619	-1420
9.15276885033	-1316
9.15320897102	-1368
9.16228580475	-1420
9.16233086586	-1316
9.16242694855	-1420
9.16246795654	-1420
9.16246986389	-1264
9.16292595863	-1368
9.16302680969	543
9.16647791862	-1420
9.16648387909	-1420
9.16653990746	-1264
9.16662192345	543
9.16756391525	-1420
9.16756892204	-1420
9.16760993004	-1264
9.16771888733	-1420
9.16772079468	-1316
9.16778087616	-1368
9.17699980736	-1420
9.17700791359	-1420
9.17705583572	-1264
9.17814493179	-367
9.1800057888	-1420
9.18001198769	-1420
9.18005299568	-1264
9.18012785912	543
9.18266296387	-1420
9.18266892433	-1420
9.18271183968	-1264
9.18341588974	-1420
9.1834487915	-1316
9.1836848259	-1368
9.18392395973	-1420
9.18392896652	-1316
9.18405294418	-1368
9.18473291397	-1420
9.18476390839	-1316
9.18598484993	-1368
9.19436883926	-1420
9.19437384605	-1420
9.1944129467	-1264
9.19465088844	-1420
9.19470977783	-1420
9.19471287727	-1420
9.19478297234	-1212
9.19478583336	-1368
9.19489789009	-1368
9.19618988037	-1420
9.19623589516	-1420
9.1962389946	-1264
9.19636297226	543
9.19657683372	-1420
9.19658184052	-1316
9.19668078423	-1368
9.19682693481	-1420
9.19687986374	-1420
9.19688296318	-1264
9.19698691368	543
9.19907689095	-1368
9.19961881638	-1420
9.19964194298	-1316
9.20572686195	-1420
9.20578789711	-1420
9.20579099655	-1264
9.20582795143	-1368
9.2059378624	-1420
9.20597600937	-1316
9.20886278152	-1420
9.20891880989	-1420
9.20892190933	-1264
9.2092218399	-1420
9.20922684669	-1420
9.20926785469	-1264
9.20973777771	-1420
9.20977282524	-1420
9.20977592468	-1264
9.20984196663	-1420
9.20985388756	-1316
9.20997190475	-1368
9.21000480652	543
9.21701192856	-1420
9.2170188427	-1316
9.21725177765	-1420
9.21726584435	-1420
9.21730685234	-1420
9.21730899811	-1212
9.21743679047	-1420
9.21744084358	-1316
9.21746993065	-1368
9.22051286697	-1368
9.22067093849	543
9.22115492821	-1420
9.221159935	-1420
9.22120594978	-1264
9.22126984596	543
9.22161078453	-1420
9.22161483765	-1316
9.22181582451	-1368
9.22641897202	-1420
9.22648477554	-1420
9.22648978233	-1264
9.23101377487	-1420
9.23101997375	-1420
9.23107385635	-1264
9.2349729538	-1420
9.23507499695	-1420
9.23507785797	-1264
9.23512196541	-1420
9.23512482643	-1420
9.23516893387	-1264
9.23526883125	-1420
9.23527097702	-1316
9.23527097702	-1368
9.23533177376	-1420
9.23533391953	-1420
9.23538899422	-1264
9.23547196388	-1420
9.23547291756	-1316
9.23557782173	-1420
9.23561382294	-1316
9.23568582535	-1420
9.23568892479	-1316
9.23583483696	543
9.24880599976	-1420
9.24882078171	-1420
9.24886679649	-1264
9.24902486801	543
9.25493097305	-1420
9.25494289398	-1316
9.25506591797	-1368
9.25522494316	-1420
9.25524997711	-1316
9.25566077232	-1420
9.25570392609	-1420
9.25570678711	-1264
9.25581383705	543
9.25592398643	-1420
9.25592780113	-1420
9.25596785545	-1420
9.25597000122	-1420
9.25600481033	-1160
9.26625394821	-1420
9.26628684998	-1316
9.26970291138	-1420
9.26975488663	-1420
9.26975798607	-1264
9.27405190468	-1420
9.27405595779	-1420
9.27409696579	-1420
9.27409887314	-1420
9.274132967	-1420
9.27413582802	-1108
9.2743678093	-1368
9.27461290359	-1420
9.27468800545	-1316
9.27469086647	-1420
9.27474498749	-1420
9.27474689484	-1264
9.27734589577	-1368
9.27758693695	-1420
9.27763485909	-1420
9.27763795853	-1264
9.27945280075	1057
9.28167796135	-1420
9.28168296814	-1420
9.28172779083	-1264
9.28181791306	543
9.2874789238	-1420
9.28748297691	-1316
9.28783583641	-1420
9.28783893585	-1420
9.28787684441	-1264
9.28840398788	-1420
9.28844285011	-1316
9.28855586052	-1420
9.28859400749	-1316
9.28859686852	-1368
9.28866696358	-1420
9.28866887093	-1316
9.28883481026	-1420
9.2888379097	-1316
9.29128193855	-1420
9.29128694534	-1316
9.29868388176	543
9.30006194115	-1420
9.30007791519	-1316
9.30010294914	-1368
9.30083584785	-1420
9.30088186264	-1420
9.30088496208	-1264
9.30098795891	543
9.30148792267	-1420
9.30149292946	-1420
9.30153489113	-1264
9.30184483528	-1368
9.30209898949	-1368
9.30222988129	-1420
9.3022749424	-1316
9.30227780342	-1368
9.3023519516	-1420
9.30235481262	-1316
9.30301499367	-1420
9.30302000046	-1420
9.30307483673	-1264
9.305341959	-1420
9.3053689003	-1316
9.30555486679	-1368
9.30565595627	543
9.30832982063	-1420
9.3083357811	-1420
9.30837893486	-1420
9.30838179588	-1420
9.30841898918	-1420
9.30842089653	-1108
9.31037998199	-1368
9.31083488464	-1420
9.31086683273	-1420
9.3108689785	-1264
9.31121087074	-1420
9.31121492386	-1316
9.31164979935	-1420
9.31165289879	-1420
9.31168985367	-1264
9.3128118515	543
9.31342577934	-1420
9.31343078613	-1316
9.31783485413	-1356
9.31925082207	543
9.34321498871	1460
9.34331393242	111
9.34384989738	543
9.36119580269	-1420
9.36121487617	-1316
9.3613088131	-1420
9.36131191254	-1420
9.36134696007	-1264
9.36134982109	-1368
9.37605381012	-1368
9.37606787682	-1420
9.37612295151	-1316
9.37624287605	-1368
9.37658691406	-1420
9.37659096718	-1420
9.37663078308	-1420
9.3766348362	-1420
9.37667179108	-1160
9.37799596786	-1420
9.37802791595	-1420
9.37803077698	-1264
9.37804794312	-1368
9.38689088821	-1420
9.38694095612	-1316
9.38825392723	-1420
9.38830184937	-1420
9.38830494881	-1264
9.3883869648	-1420
9.38838887215	-1420
9.388422966	-1264
9.38868188858	-1420
9.38872098923	-1420
9.38872289658	-1264
9.38933300972	-1420
9.38933587074	-1420
9.38937282562	-1264
9.39868783951	543
9.39889597893	543
9.41033887863	-1420
9.41034889221	-1420
9.41040492058	-1264
9.4104077816	-1368
9.41928291321	1460
9.41935181618	111
9.45751190186	-452
9.58910083771	543
9.59021186829	-1368
9.59067678452	-1420
9.59068083763	-1420
9.5907189846	-1420
9.59072184563	-1212
9.59074878693	-1420
9.59085893631	-1420
9.5908780098	-1264
9.59088087082	-1368
9.59096288681	543
9.59707593918	-683
9.59978485107	-1420
9.59982681274	-1316
9.6005718708	-1420
9.60060596466	-1420
9.60060787201	-1264
9.60075592995	-1420
9.60075879097	-1316
9.60080385208	-1368
9.60087585449	-1420
9.60092997551	-1420
9.60093188286	-1264
9.60096693039	-1368
9.60121893883	-1420
9.60125684738	-1420
9.60125899315	-1264
9.60270690918	543
9.61170578003	-1420
9.61172199249	-1420
9.61178684235	-1420
9.61178994179	-1212
9.61183595657	-1368
9.61241698265	-1420
9.61244988441	-1316
9.61257386208	-1420
9.61261296272	-1316
9.61531996727	543
9.62823796272	543
9.63631296158	-1420
9.63631796837	-1420
9.63636088371	-1264
9.6587138176	1460
9.65879583359	111
9.67833590508	1057
9.67857289314	1460
9.67862582207	111
9.69865679741	1460
9.69871687889	111
9.73695278168	-478
9.87791991234	-543
9.88468194008	543
9.89561796188	-1368
9.9048948288	-1420
9.90495586395	-1316
9.90506196022	543
9.91353988647	-1368
9.91367077827	-1420
9.91372489929	-1420
9.91374897957	-1264
9.91380381584	-1420
9.91381597519	-1420
9.9138507843	-1264
9.91385293007	-1368
9.9139277935	-1420
9.91393089294	-1316
9.9139559269	-1368
9.91406989098	-1368
9.91427898407	-1420
9.91428279877	-1420
9.91432094574	-1264
9.91801190376	-1368
9.92182779312	-1420
9.921833992	-1316
9.92198586464	-1368
9.92204880714	543
9.94488096237	-1420
9.94488692284	-1316
10.0249660015	-586
10.0251858234	543
10.0253379345	543
10.1649329662	-543
10.1687788963	543
10.3188889027	543
10.3735518456	-1057
10.3838629723	543
10.394466877	543
10.4102258682	-1368
10.4105429649	-1420
10.4106259346	-1420
10.4106299877	-1264
10.4106678963	-1420
10.4106698036	-1316
10.4109618664	-1368
10.4110529423	543
10.411220789	-1420
10.4112257957	-1420
10.41127491	-1264
10.4115219116	-1368
10.4119689465	-1368
10.4203059673	-1420
10.4203548431	-1420
10.4203579426	-1264
10.4206078053	-1420
10.420612812	-1316
10.4206848145	-1420
10.4206879139	-1316
10.4211359024	-1420
10.4211409092	-1420
10.4212129116	-1264
10.4212157726	-1420
10.4212749004	-1420
10.4212768078	-1264
10.4213209152	-1420
10.4213237762	-1316
10.4214439392	543
10.4232108593	-1368
10.4234437943	-1420
10.4234888554	-1420
10.4234919548	-1264
10.4237577915	-1420
10.4237627983	-1316
10.4331510067	-1420
10.4331629276	-1420
10.4332268238	-1264
10.4334127903	-1420
10.4334619045	-1316
10.4343049526	-1420
10.434347868	-1316
10.4344129562	543
10.4376428127	-1420
10.4376468658	-1420
10.4376869202	-1264
10.4379348755	-1368
10.4382498264	-1420
10.4382529259	-1316
10.4384598732	-1420
10.4384629726	-1316
10.4385399818	-1420
10.4385428429	-1316
10.4385888577	-1368
10.4486680031	543
10.4487278461	-1368
10.4550449848	-1420
10.4550998211	-1316
10.479090929	543
10.5495979786	-529
10.728774786	-543
10.7418308258	1057
10.7423977852	543
10.7427678108	543
10.8350617886	-1368
10.8356897831	-1368
10.8361988068	-1420
10.8362128735	-1316
10.8364398479	-1368
10.8551979065	-1420
10.8552567959	-1316
10.857490778	-1420
10.8575267792	-1420
10.8575298786	-1264
10.8682458401	-372
11.0479328632	-543
11.061300993	543
11.1396119595	-1420
11.1396379471	-1316
11.1619939804	-1368
11.1877207756	-580
11.2647547722	-543
11.3276629448	-1086
11.3388469219	543
11.3592178822	-1368
11.4674530029	-746
11.47270298	-1368
11.4803669453	-1368
11.5873677731	-1368
11.5875828266	543
11.6073420048	-1152
11.6095349789	-1368
11.6752347946	-1368
11.6760327816	543
11.718806982	543
11.7190749645	1460
11.7191238403	111
11.7492969036	-406
11.7773809433	-1368
11.7774469852	-1420
11.777451992	-1316
11.777725935	-1368
11.778151989	-1420
11.7781918049	-1316
11.7884018421	-1368
11.7884788513	-1368
11.78855896	-1368
11.7890129089	-1420
11.7890160084	-1420
11.7891128063	-1420
11.7891249657	-1212
11.7891838551	-1420
11.7891869545	-1420
11.7892239094	-1264
11.7892258167	-1420
11.7892718315	-1420
11.7892739773	-1420
11.7893109322	-1212
11.7975518703	543
11.7978827953	543
11.7983059883	-1420
11.7983109951	-1316
11.7987539768	-1420
11.7987589836	-1316
11.7988607883	-1368
11.7989418507	-1368
11.799120903	-1420
11.7991240025	-1420
11.7992079258	-1264
11.7992107868	-1420
11.7993040085	-1316
11.7993059158	-1420
11.7993409634	-1420
11.7993428707	-1264
11.7994039059	-1420
11.7994070053	-1316
11.7994499207	-1368
11.7995259762	-1420
11.799546957	-1316
11.7995488644	-1368
11.7996809483	-1368
11.799793005	543
11.8069658279	-1420
11.8069698811	-1316
11.8071718216	-1420
11.8071758747	-1316
11.8072118759	-1368
11.8072938919	-1420
11.8073298931	-1316
11.8076198101	-1420
11.8076598644	-1316
11.8076717854	-1368
11.8079688549	-1420
11.8079798222	-1420
11.8080468178	-1264
11.8080489635	-1420
11.8080918789	-1316
11.8142960072	-1420
11.8143517971	-1316
11.8143539429	-1420
11.8143558502	-1316
11.8144478798	-1420
11.8144509792	-1316
11.8146398067	543
11.8148579597	-1420
11.8148608208	-1316
11.8150408268	543
11.8152618408	-1368
11.8153688908	-1368
11.8155939579	-1420
11.8155989647	-1316
11.8160619736	-1420
11.8160669804	-1316
11.8161458969	-1368
11.8164429665	-1420
11.8164689541	-1316
11.818297863	543
11.8188948631	543
11.8217868805	-1420
11.821792841	-1420
11.8218348026	-1264
11.8236129284	-1420
11.8236439228	-1420
11.8236489296	-1420
11.8236649036	-1212
11.8237349987	-1420
11.8237729073	-1316
11.8243789673	-1420
11.8243989944	-1316
11.8244729042	-1420
11.8245098591	-1420
11.8245120049	-1264
11.8246347904	-1420
11.8246369362	-1420
11.8246729374	-1264
11.8247559071	-1368
11.8249688148	-1420
11.8249709606	-1420
11.824972868	-1264
11.8250420094	-1420
11.8250439167	-1316
11.825357914	-1368
11.8288938999	543
11.8312318325	-1368
11.8316938877	-1420
11.8317379951	-1420
11.8317408562	-1264
11.8317778111	-1420
11.8317799568	-1316
11.8320689201	-1420
11.8320739269	-1316
11.8327069283	-1420
11.8327109814	-1316
11.8329279423	-1368
11.8330149651	-1420
11.8330569267	-1420
11.8330588341	-1264
11.8331129551	-1420
11.8331148624	-1420
11.8331489563	-1264
11.8336338997	-1368
11.8398327827	-1368
11.8410048485	-1420
11.8410627842	-1420
11.8410658836	-1420
11.8411028385	-1420
11.8411049843	-1160
11.8411397934	-1420
11.8411419392	-1420
11.8411808014	-1264
11.8441729546	-1368
11.8444209099	543
11.8446547985	-1420
11.8446578979	-1316
11.8446769714	-1368
11.8448898792	-1368
11.8449628353	-1420
11.8449659348	-1420
11.8449828625	-1264
11.8460409641	-1420
11.8460857868	-1420
11.8460888863	-1264
11.8602848053	-1368
11.8622248173	-1368
11.8623528481	-1420
11.8623569012	-1420
11.8623960018	-1264
11.8626358509	-1420
11.8626759052	-1420
11.8626790047	-1264
11.862765789	-1420
11.8627688885	-1316
11.8663089275	-1420
11.8663129807	-1420
11.8663518429	-1420
11.8663539886	-1212
11.8793849945	-1420
11.879390955	-1420
11.879431963	-1264
11.8795077801	-1368
11.8796768188	-1420
11.8796799183	-1420
11.8797159195	-1264
11.879835844	-1420
11.879901886	-1316
11.8799037933	-1368
11.8889918327	-667
11.8922410011	-1420
11.8922948837	-1420
11.8922989368	-1264
11.8929789066	-1420
11.8929829597	-1420
11.8930578232	-1264
11.8930599689	-1420
11.8930609226	-1420
11.89306283	-1264
11.8930637836	-1368
11.8931808472	-1368
11.8990077972	543
11.9008867741	-1420
11.9008948803	-1316
11.9066319466	-1420
11.9066388607	-1316
11.9068257809	-1420
11.906829834	-1420
11.9068329334	-1420
11.906842947	-1420
11.9068439007	-1160
11.9069678783	-1420
11.9069719315	-1316
11.907088995	-1368
11.9073460102	-1420
11.9073867798	-1316
11.9192159176	-1420
11.9192419052	-1316
11.9193649292	-1368
11.9196178913	-1420
11.9196209908	-1420
11.9196698666	-1264
11.919672966	-1420
11.9197158813	-1316
11.9279718399	-1368
11.9331719875	-1420
11.9331769943	-1316
11.9332458973	-1420
11.9332568645	-1420
11.9332969189	-1264
11.9333789349	-1420
11.9334259033	-1316
11.9338428974	-1420
11.9338459969	-1420
11.9338469505	-1264
11.9338488579	-1368
11.9338498116	-1368
11.9339268208	-1368
11.9340128899	543
11.9340949059	-1420
11.9340980053	-1316
11.9570848942	-1368
11.9574317932	-1420
11.9574668407	-1316
11.9574699402	-1368
11.9576067924	-1368
11.9579379559	-1420
11.9579780102	-1316
11.9634490013	543
11.9642028809	543
11.9659428596	-1420
11.9659488201	-1420
11.9659907818	-1264
11.9661858082	-1368
11.9781320095	-1420
11.97813797	-1420
11.9781839848	-1264
11.9783229828	-1420
11.978361845	-1316
11.9783649445	-1368
11.9797639847	-1420
11.9797677994	-1316
11.9798169136	-1368
11.9844019413	-1368
11.9847278595	-1368
11.9915897846	-1420
11.991642952	-1316
11.9917449951	543
11.9920148849	-1420
11.9920198917	-1316
11.9920518398	-1420
11.9920539856	-1316
11.9921848774	-1420
11.9921889305	-1316
11.9922628403	543
11.9963569641	-1368
11.9964888096	-1420
11.996535778	-1316
12.0013198853	-1420
12.0013787746	-1420
12.0013828278	-1264
12.0015377998	-1368
12.0024349689	-1368
12.0054459572	-1420
12.0054497719	-1420
12.0054888725	-1264
12.0275828838	-1420
12.0276498795	-1316
12.0288188457	-1097
12.0587258339	543
12.0588309765	543
12.0588889122	543
12.0590028763	543
12.1684119701	-543
12.1758389473	1057
12.2039427757	-543
12.3064029217	543
12.3320097923	543
12.3322467804	1460
12.3322908878	111
12.3328008652	543
12.3487098217	543
12.3500869274	-543
12.3714308739	-543
12.3715758324	-1368
12.3717207909	-1420
12.3717348576	-1316
12.372232914	-1368
12.3724060059	-1368
12.3867340088	-1420
12.3867478371	-1420
12.3868308067	-1264
12.3868339062	-1420
12.3868868351	-1420
12.3868899345	-1420
12.3869309425	-1212
12.3869328499	-1420
12.3869769573	-1316
12.3873209953	-1420
12.3873620033	-1420
12.3873648643	-1420
12.3874027729	-1212
12.3876128197	-1420
12.3876538277	-1316
12.3938479424	-1368
12.3939487934	1057
12.3986489773	543
12.400015831	-1420
12.4000208378	-1316
12.4003539085	-1420
12.4003579617	-1316
12.4008898735	-1368
12.401432991	-1420
12.4014878273	-1420
12.4014909267	-1420
12.4015278816	-1212
12.4073188305	-1420
12.4073758125	-1420
12.407378912	-1420
12.4074239731	-1212
12.4074258804	-1420
12.4074599743	-1316
12.4076910019	-1420
12.4077727795	-1316
12.4077758789	-1420
12.40782094	-1420
12.407823801	-1264
12.4078669548	-1368
12.4080460072	543
12.4165189266	-1420
12.4165279865	-1420
12.416577816	-1264
12.4166967869	-1420
12.4167289734	-1316
12.4170088768	-1420
12.417057991	-1316
12.4170899391	-1368
12.4172148705	543
12.4175989628	-1420
12.4176039696	-1316
12.4176819324	-1368
12.4179329872	-1368
12.4185349941	-1420
12.4185400009	-1420
12.4185597897	-1264
12.4263329506	-1420
12.4264109135	-1316
12.4264137745	-1420
12.4264609814	-1316
12.4266178608	-1420
12.4266498089	-1420
12.4266519547	-1264
12.4267449379	543
12.4281749725	-1420
12.428180933	-1420
12.4282348156	-1420
12.428237915	-1212
12.4282829762	-1368
12.4386568069	-1420
12.4387199879	-1420
12.4387228489	-1264
12.4398298264	-1368
12.440048933	-1420
12.4400968552	-1316
12.4403598309	-1368
12.4409558773	-1420
12.4409608841	-1316
12.4414658546	-1368
12.4422597885	-1368
12.4425578117	-1420
12.4425609112	-1316
12.4425969124	-1368
12.4606118202	-1420
12.4606599808	-1316
12.4607338905	-1368
12.4610548019	-1420
12.4610579014	-1316
12.4617409706	-1420
12.461742878	-1420
12.4617788792	-1264
12.4637768269	-1368
12.463947773	-1420
12.4639508724	-1420
12.4639878273	-1264
12.4761168957	-1368
12.4762969017	-1420
12.4763000011	-1420
12.476336956	-1264
12.4770770073	-1420
12.4771049023	-1420
12.4771068096	-1264
12.4802269936	-1420
12.4802308083	-1420
12.4802699089	-1264
12.4844808578	-1420
12.4845228195	-1420
12.4845249653	-1264
12.484803915	543
12.4911258221	-1420
12.4911408424	-1420
12.4912188053	-1264
12.4912219048	-1420
12.4912588596	-1420
12.4912619591	-1264
12.4937369823	-1420
12.4937419891	-1420
12.4937808514	-1264
12.5013449192	-1420
12.5014469624	-1420
12.5014507771	-1420
12.501491785	-1212
12.5014939308	-1420
12.5015568733	-1420
12.5015587807	-1264
12.5016098022	-1420
12.501611948	-1316
12.501655817	-1420
12.5016579628	-1316
12.5017018318	-1368
12.5098688602	-1368
12.5099079609	-1420
12.5099108219	-1316
12.5102257729	-1420
12.5102307796	-1316
12.5102698803	-1420
12.5102729797	-1316
12.5103240013	-1368
12.5104007721	-1420
12.5104467869	-1316
12.5106329918	543
12.5106699467	-1420
12.510671854	-1316
12.5112988949	-126
12.5121729374	-1420
12.5122148991	-1316
12.5131998062	-1368
12.5134267807	-1368
12.5195229053	-1368
12.5197517872	-1368
12.5201148987	-1420
12.5201518536	-1316
12.5202789307	-1420
12.5203359127	-1420
12.5203378201	-1264
12.5203998089	-1368
12.5207419395	-1420
12.5207769871	-1316
12.5261878967	-1420
12.5262379646	-1420
12.5262429714	-1264
12.5263328552	-1420
12.5263359547	-1420
12.5263729095	-1264
12.5267779827	-1368
12.5269598961	-1420
12.5269639492	-1316
12.5270519257	-1368
12.527053833	-1368
12.5274369717	-1368
12.5285878181	-1420
12.5286238194	-1420
12.5286259651	-1264
12.5341918468	-1368
12.5344758034	-1420
12.5345180035	-1420
12.5345208645	-1264
12.5348279476	-1420
12.5348398685	-1420
12.5349018574	-1264
12.5349040031	-1368
12.5351729393	-1420
12.5351758003	-1316
12.5358529091	-1368
12.5360589027	-1420
12.5360968113	-1420
12.5360999107	-1264
12.5393707752	543
12.5417449474	-1368
12.5491139889	-1420
12.5491819382	-1316
12.5491859913	-1368
12.5495898724	-1368
12.5496759415	-1420
12.5497159958	-1316
12.5498719215	543
12.5505769253	-1368
12.5507528782	-1368
12.5509929657	-1368
12.5511858463	543
12.5522968769	-1368
12.5663368702	-1420
12.5663869381	-1316
12.5678479671	-1420
12.5678958893	-1420
12.5678989887	-1264
12.5681729317	-1420
12.5681869984	-1316
12.5682189465	-1368
12.5687158108	-1368
12.5696649551	-1420
12.5696799755	-1316
12.5697028637	-1420
12.5697050095	-1420
12.5697219372	-1264
12.5809957981	-1368
12.5819139481	-1420
12.5819199085	-1316
12.5821809769	-1420
12.5821859837	-1316
12.582253933	-1420
12.582256794	-1420
12.5822839737	-1264
12.582285881	-1368
12.5823938847	1057
12.5848748684	-1420
12.5848798752	-1316
12.5893549919	-1420
12.5893650055	-1420
12.589414835	-1264
12.5934398174	-1420
12.5934829712	-1420
12.5934948921	-1264
12.5935599804	-1420
12.5935618877	-1316
12.5940978527	-1420
12.5941009521	-1420
12.5941288471	-1420
12.5941309929	-1420
12.5941469669	-1160
12.5945990086	-1420
12.5946388245	-1316
12.5947740078	-1420
12.5948197842	-1316
12.5987179279	543
12.6012609005	-1368
12.6017348766	-1420
12.6017789841	-1420
12.6017808914	-1264
12.6117398739	-1368
12.6512229443	-296
12.7999839783	-543
12.8001859188	543
12.8247439861	-543
13.0494799614	-543
13.1708619595	-1057
13.1799368858	543
13.3198478222	-1086
13.3286838531	543
13.3387949467	543
13.4686539173	-1086
13.4786949158	543
13.54083395	543
13.6647658348	-543
13.6649618149	1057
13.7797780037	-1368
13.7938108444	-1368
13.7940359116	-1368
13.8023118973	-1368
13.814029932	543
13.8189427853	543
13.8193879128	543
13.8258798122	-1420
13.825884819	-1316
13.8440787792	-675
13.8442149162	543
13.8446309566	543
13.8451478481	543
13.8953268528	543
13.8993229866	1460
13.8993740082	111
13.9004647732	543
14.0181839466	-543
14.0929539204	-1420
14.0929708481	-1420
14.0930337906	-1420
14.09303689	-1212
14.1014750004	-1420
14.1015028954	-1420
14.1015558243	-1420
14.1015589237	-1212
14.1016008854	-1368
14.1087830067	-1420
14.108787775	-1316
14.1150379181	-1420
14.1150438786	-1420
14.1151049137	-1264
14.1151068211	-1420
14.1151518822	-1420
14.1151587963	-1264
14.1151959896	-1368
14.115405798	-1420
14.1154539585	-1420
14.1154568195	-1420
14.1154909134	-1212
14.1177949905	-1420
14.1178328991	-1420
14.1178348064	-1264
14.1181218624	-1368
14.1193897724	543
14.1343297958	-1368
14.1349308491	-1368
14.1352639198	-1420
14.1352689266	-1316
14.1355409622	-1420
14.135545969	-1316
14.1356499195	-1420
14.1356527805	-1420
14.1357169151	-1264
14.1357278824	-1368
14.1357638836	-1368
14.1369998455	543
14.1374809742	-1420
14.137485981	-1420
14.1375308037	-1264
14.1375329494	-1420
14.1375789642	-1316
14.1375808716	-1368
14.137652874	-1420
14.1376559734	-1316
14.1378109455	-1420
14.1378138065	-1316
14.1379117966	543
14.1496448517	-1420
14.1496629715	-1316
14.1497240067	-1420
14.1497268677	-1316
14.1497628689	-1368
14.1498138905	-1368
14.1499798298	543
14.166176796	-1368
14.1663417816	-1368
14.166634798	-1420
14.1666398048	-1420
14.1666867733	-1420
14.1666898727	-1420
14.1667249203	-1160
14.1694459915	-1420
14.1694939137	-1316
14.1695888042	-1368
14.1811339855	-1420
14.181139946	-1420
14.1811859608	-1264
14.1813898087	-1420
14.1814348698	-1316
14.189278841	-1420
14.1893408298	-1420
14.189344883	-1264
14.189458847	543
14.1919717789	-1420
14.1919779778	-1420
14.1920208931	-1264
14.1922719479	-1420
14.192303896	-1316
14.1988818645	-1107
14.199409008	543
14.2144889832	-1368
14.3348338604	-1368
14.3538548946	-435
14.3586800098	543
14.4931797981	-543
14.4933829308	1057
14.5487008095	543
14.5495319366	543
14.672962904	-1057
14.8604569435	-1420
14.8604829311	-1420
14.8605380058	-1420
14.8605408669	-1420
14.8605759144	-1420
14.8605787754	-631
14.8764288425	-1368
14.8764519691	-1368
14.876500845	-1420
14.8765039444	-1316
14.8767678738	-1420
14.8767719269	-1316
14.8767898083	-1420
14.8767938614	-1316
14.8823227882	-1368
14.8887398243	543
14.8904178143	-1420
14.890422821	-1420
14.8904678822	-1264
14.8906769753	-1420
14.8907208443	-1420
14.89072299	-1264
14.8908309937	-1368
14.9048027992	-1368
15.0002160072	-1287
15.0618288517	-1368
15.1800069809	-1231
15.3197360039	-543
15.3199830055	543
15.5529928207	-543
15.761548996	-1420
15.76156497	-1179
15.7703938484	543
16.0383179188	-1420
16.0383338928	-1420
16.0383958817	-787
16.0397918224	-1420
16.039839983	-1316
16.0400707722	-1368
16.0445280075	-1420
16.0445318222	-1316
16.0552649498	-1420
16.0552799702	-1420
16.0553348064	-1264
16.0555458069	543
16.0816760063	-1368
16.1043148041	-1368
16.1349339485	-1368
16.171214819	-1368
16.1777517796	-807
16.219865799	-1368
16.2581148148	-1368
16.2803449631	-1368
16.3218967915	-1368
16.322136879	543
16.3594179153	-327
16.3750720024	-1368
16.3792829514	543
16.4187200069	-1368
16.4286029339	543
16.4657399654	-1368
16.4881258011	-1368
16.4968929291	-1368
16.5024337769	-1368
16.5037579536	-1420
16.5037679672	-1316
16.5143668652	-53
16.5259928703	-1368
16.5277810097	-1368
16.5492868423	-1368
16.5596058369	-1368
16.5685229301	-543
16.571010828	-1368
16.5767908096	-1368
16.5802447796	-1420
16.5802807808	-1316
16.5917029381	-1368
16.5990178585	-1368
16.5992338657	-1368
16.6027309895	-1368
16.6187968254	-1368
16.628292799	-1420
16.6283018589	-1420
16.6283569336	-1264
16.6286468506	543
16.6516699791	-1368
16.6656668186	-309
16.6675238609	-1368
16.6739149094	-1368
16.6774578094	-1368
16.6874158382	-1368
16.693903923	-1368
16.6973378658	-1368
16.697468996	543
16.7021548748	-1368
16.7022759914	-1368
16.7140319347	-1368
16.7146859169	-1368
16.7201309204	-1368
16.7305297852	-1368
16.7380077839	-1368
16.7452118397	-1368
16.745349884	543
16.7719419003	-1420
16.7719669342	-1316
16.7762827873	-1368
16.7811567783	-1368
16.7822668552	-1368
16.7879259586	-1368
16.7967419624	-1368
16.7985739708	-1368
16.8049108982	-1420
16.8049168587	-1316
16.8054599762	-159
16.8147068024	-1368
16.8233129978	-1368
16.8292648792	-1368
16.845664978	-1368
16.8597409725	-1368
16.8597939014	-1368
16.899851799	-1368
16.9003210068	-1420
16.9003658295	-1420
16.9003698826	-1264
16.9005727768	-1368
16.9093909264	-1420
16.9093968868	-1316
16.9232327938	-1420
16.9232490063	-1316
16.9544558525	-902
17.0587208271	543
17.1797089577	-543
17.3193228245	-543
17.3286759853	1057
17.4804258347	-543
17.7797448635	-1420
17.7797729969	-151
17.9200079441	-1057
17.9228479862	543
17.9510087967	543
17.9787929058	1460
17.9788908958	111
18.0587058067	543
18.1735198498	-1420
18.1735348701	-1420
18.1736018658	-787
18.1737508774	543
18.187048912	-1420
18.1870567799	-1420
18.1871008873	-1264
18.1874837875	-1420
18.1875247955	-1316
18.1945989132	-1368
18.1947629452	543
18.2513439655	-1420
18.2513618469	-1316
18.2526049614	-1368
18.2527229786	-1368
18.253015995	-1368
18.2534339428	-1420
18.2534868717	-1316
18.2694787979	-1368
18.2695429325	-1420
18.2695469856	-1316
18.2707669735	-1368
18.2739889622	-1420
18.2740738392	-1316
18.2740769386	-1420
18.2741248608	-1420
18.2741270065	-1264
18.2835958004	-1420
18.2836070061	-1316
18.283769846	543
18.2845718861	-1368
18.2847049236	-1368
18.2848308086	-1368
18.2958629131	-1420
18.2959527969	-1420
18.2959568501	-1264
18.2959938049	-1420
18.2959959507	-1316
18.2960298061	-1368
18.2968928814	-1420
18.2969667912	-1420
18.2969708443	-1264
18.2970089912	-1368
18.2992517948	543
18.3051028252	-1368
18.3058378696	-1420
18.3058798313	-1420
18.3058829308	-1264
18.3135619164	-1235
18.3137178421	543
18.453742981	-543
18.4539577961	543
18.989989996	-1420
18.9900069237	-1179
19.0119128227	543
19.1917119026	-1420
19.1917288303	-665
19.3829519749	1057
22.0586278439	543
22.0587317944	543
22.2583818436	-543
22.7916088104	-543
24.2870979309	-1420
24.3287189007	-1420
24.3287689686	-1420
24.3288099766	-1420
24.3288478851	-1420
24.3288757801	-1420
24.3289139271	-1420
24.3289399147	-1420
24.3289659023	-1155
24.4267978668	-1420
24.4268949032	-1420
24.4269649982	-1420
24.4270319939	-1420
24.4270989895	-56
24.4273428917	543
25.5789158344	1460
25.5790088177	1460
25.5790548325	193
25.7296168804	-1420
25.7296779156	-1420
25.729736805	-787
25.7297399044	-1368
25.7297837734	-1420
25.7297868729	-1316
25.730039835	-1368
25.7373929024	-1420
25.737432003	-1316
25.7375409603	543
25.7528858185	-1368
25.8702139854	-1420
25.8703298569	-1420
25.8703868389	-1420
25.8704378605	-1212
25.8704748154	-1420
25.870516777	-1420
25.8705527782	-1264
25.8705878258	-1420
25.870620966	-1316
25.8706629276	-1420
25.8707048893	-1420
25.8707079887	-1264
25.870942831	543
25.8714888096	543
25.8726468086	543
25.8769698143	-1420
25.8769757748	-1420
25.8770577908	-1420
25.8770608902	-1212
25.8771059513	-1368
25.8771078587	-1368
25.9326488972	-1420
25.9326639175	-1316
26.0105829239	-1420
26.0106008053	-1420
26.0107109547	-1264
26.0107150078	-1420
26.0107967854	-1316
26.0107998848	-1420
26.0108428001	-1316
26.0108458996	-1368
26.0109028816	-1420
26.0109059811	-1316
26.0109488964	-1420
26.0109519958	-1420
26.0109930038	-1264
26.0111238956	-1420
26.0111548901	-1420
26.0111579895	-1264
26.0111589432	-1368
26.0113139153	-1420
26.0113167763	-1420
26.011318922	-1264
26.0113198757	-1368
26.011400938	-1420
26.0114037991	-4
26.0165138245	-1420
26.0165178776	-1420
26.0165188313	-1264
26.0165770054	-1420
26.0165789127	-1420
26.0165808201	-1264
26.0169188976	-1420
26.0169229507	-1420
26.0169248581	-1264
26.0169258118	-1368
26.0173738003	543
26.0578298569	-1420
26.0578448772	-1316
26.0742299557	-1420
26.0742409229	-1420
26.0742809772	-1264
26.0742828846	-1420
26.0743057728	-1316
26.150936842	-1368
26.1509599686	-1420
26.1510038376	-1316
26.1510899067	-1420
26.1511209011	-1420
26.1511240005	-1264
26.1512048244	-1420
26.1512079239	-1420
26.1512339115	-1264
26.1513419151	-1420
26.151391983	-1316
26.1514818668	-1420
26.1515159607	-1420
26.1515197754	-1264
26.1515388489	-1368
26.1515409946	-1420
26.151570797	-1420
26.1515738964	-1264
26.1516168118	-1420
26.1516199112	-1316
26.1517589092	-1420
26.1517629623	-1420
26.151763916	-1264
26.1519010067	-1368
26.151902914	-1420
26.1519038677	-1420
26.1519048214	-1264
26.151968956	-1420
26.1519699097	-1316
26.1521279812	-1420
26.1521298885	-1316
26.1522967815	-1368
26.1523959637	-1420
26.1523988247	-1420
26.1523997784	-1264
26.1524298191	-1368
26.1524698734	-1368
26.1525828838	-1420
26.1525847912	-1316
26.1526668072	-1420
26.1526739597	-1420
26.1526749134	-1420
26.1526758671	-1212
26.1526768208	-1368
26.1527578831	-1420
26.1527609825	-1316
26.1531369686	543
26.1576139927	-1420
26.1576189995	-1420
26.1576747894	-1420
26.1576778889	-1420
26.1577568054	-1420
26.1577877998	-1108
26.1578438282	-1368
26.1578948498	-1420
26.157930851	-1420
26.1579329967	-1264
26.1579828262	-1368
26.1579859257	-1420
26.1580297947	-1420
26.1580319405	-1264
26.158066988	-1368
26.1580688953	-1420
26.158110857	-1420
26.1581130028	-1264
26.1602098942	543
26.1975159645	-1420
26.1975297928	-1316
26.1984579563	-1420
26.1984620094	-1420
26.1984989643	-1264
26.1985018253	-1368
26.2139418125	-1420
26.2139549255	-1420
26.2140619755	-1420
26.2140648365	-1212
26.2141089439	-1420
26.2141108513	-1316
26.2141499519	-1368
26.2143468857	-1420
26.2143847942	-1420
26.21438694	-1264
26.294921875	-1420
26.2949399948	-1316
26.2949888706	-1420
26.2949929237	-1316
26.2950918674	-1420
26.2950959206	-1316
26.2952258587	-1420
26.2952299118	-1420
26.2952818871	-1264
26.2952849865	-1420
26.295388937	-1420
26.295391798	-1264
26.2954409122	-1368
26.2955098152	-1420
26.2955379486	-1420
26.2955408096	-1264
26.2955579758	-1420
26.2955598831	-1316
26.2955617905	-1368
26.2956399918	-1420
26.2956428528	-1316
26.2957959175	-1420
26.2958319187	-1420
26.2958338261	-1264
26.2958347797	-1368
26.2959699631	-1420
26.2959718704	-1420
26.2959728241	-1264
26.2960488796	-1420
26.2960498333	-1420
26.296050787	-1264
26.2960519791	-1368
26.2961659431	-1420
26.2961688042	-1420
26.2961709499	-1264
26.2961719036	-1368
26.2963168621	-1420
26.2963209152	-1316
26.2964220047	-1420
26.296423912	-1420
26.2964248657	-1264
26.2965159416	-1368
26.2966167927	-1420
26.2966208458	-1420
26.2966217995	-1264
26.2968399525	-1420
26.2968428135	-1316
26.2969388962	-1420
26.2970278263	-1420
26.2970318794	-1264
26.2970328331	-1420
26.2970337868	-1316
26.2971508503	-1420
26.2971529961	-1420
26.2971539497	-1264
26.2971727848	-1368
26.2972579002	-1420
26.2972598076	-1420
26.2972609997	-1264
26.2974379063	-1420
26.2974410057	-1420
26.2974419594	-1264
26.2974429131	-1368
26.2975449562	-1420
26.2975468636	-1420
26.2975478172	-1264
26.297672987	-1420
26.2976768017	-1420
26.2976779938	-1264
26.2977647781	543
26.2978038788	-1368
26.2978057861	-1420
26.2978057861	-1316
26.2979288101	-1420
26.2979369164	-1420
26.29793787	-1264
26.2980539799	543
26.2981009483	-1420
26.2981028557	-1420
26.2981038094	-1264
26.2981967926	-1368
26.2982459068	-1420
26.2982478142	-1420
26.2982499599	-1264
26.2984387875	-1420
26.2984428406	-1420
26.2984437943	-1264
26.2984449863	-1368
26.2985599041	-1420
26.2985630035	-1316
26.2985639572	-1368
26.2986969948	-1420
26.2986998558	-1316
26.3017230034	-1420
26.3017299175	-1316
26.3017318249	-1368
26.3018598557	-1420
26.3018629551	-1420
26.3018648624	-1264
26.3018658161	-1368
26.3019649982	-1420
26.3019678593	-1316
26.302079916	-1420
26.302082777	-1420
26.3020849228	-1024
26.3089230061	543
26.3090629578	543
26.3092598915	543
26.30970788	543
26.3099639416	543
26.3101758957	543
26.3102829456	543
26.3131449223	1460
26.3134829998	1139
26.4730699062	-543
26.5148108006	-1420
26.514870882	-1316
26.5399308205	-1368
26.6248807907	-1420
26.6248958111	-1420
26.6249709129	-1420
26.624974966	-1212
26.6250298023	-1368
26.625472784	543
26.6319169998	-1368
26.6323759556	-1368
26.6326189041	-1420
26.6326727867	-1316
26.6327159405	-1420
26.6327178478	-1316
26.6330049038	-1420
26.6330099106	-1420
26.6330499649	-1264
26.6330528259	-1420
26.6330869198	-1316
26.6470828056	-1420
26.647135973	-1316
26.6528668404	-1005
26.8098328114	-1420
26.8098509312	-1316
26.810243845	-1420
26.8102488518	-1420
26.8102908134	-1264
26.810505867	-1420
26.810546875	-1316
26.8106989861	-1368
26.8109920025	-1420
26.8110108376	-1420
26.8110978603	-1264
26.8111009598	-1420
26.8111479282	-1420
26.8111507893	-1264
26.8112969398	543
26.8215939999	-1420
26.821603775	-1420
26.8216528893	-1264
26.8221929073	-1420
26.8222439289	-1420
26.8222467899	-1264
26.8223028183	-1420
26.8223059177	-1316
26.8223409653	-1368
26.8224248886	543
26.8328309059	-1420
26.8328409195	-758
26.973553896	-717
26.9900758266	543
27.0586898327	543
27.3385639191	-1420
27.3385808468	-151
27.478197813	-543
27.4785108566	543
27.6694169044	-543
27.6718559265	-1420
27.6718637943	-151
27.8113918304	-543
28.0380189419	-543
31.6036479473	-543
