0	-543
0.75177192688	-543
1.19021010399	543
1.42462491989	-543
2.1902410984	543
3.56876206398	543
3.85930490494	-543
3.8595700264	543
4.41206407547	-543
4.55917310715	-1420
4.55919194221	-1316
4.56050896645	-1420
4.56051588058	-1316
4.56212306023	-1420
4.56212997437	-1316
4.56367897987	-1420
4.56368708611	-1316
4.56478190422	-1420
4.56478905678	-1316
4.56548810005	543
4.64372897148	543
4.65577888489	543
4.67844510078	-1420
4.67846107483	-1420
4.67853093147	-73
4.85936403275	-1368
4.86061406136	-717
4.86277604103	-1368
4.96111297607	-1420
4.96116399765	-1316
4.96186900139	-1420
4.9618999958	-1316
4.96274209023	-1420
4.96274900436	-1316
4.96399497986	-1368
4.9642059803	1057
4.97996997833	-994
4.98526310921	543
5.19312596321	543
5.35991096497	-1420
5.35993003845	-1316
5.36126804352	-1420
5.36127495766	-1316
5.36288690567	-1420
5.3628950119	-362
5.36489892006	543
5.37492108345	543
5.37582397461	543
5.37751102448	543
5.65914201736	-1057
5.67402911186	543
5.79344296455	-1057
5.79849100113	543
5.95913600922	-543
6.11769390106	-543
6.35900497437	-1057
6.36010694504	1460
6.3601899147	1460
6.36024689674	193
6.37401390076	-543
6.75950908661	-1420
6.75953292847	-1316
6.76052999496	-1420
6.7605369091	-1316
6.76151704788	-1368
6.76160407066	-1368
6.76254606247	-1420
6.76255297661	-1316
6.76357698441	-1420
6.76358294487	-1316
6.87874293327	-1420
6.87876296043	-1420
6.87883400917	-1420
6.87883806229	-1212
6.87976503372	-1420
6.87977099419	-1420
6.87982702255	-1264
6.87983107567	-1368
6.88000893593	1057
6.8807349205	-1368
6.88090491295	-1420
6.88096404076	-1420
6.88096809387	-1264
6.88150691986	-1420
6.88152003288	-1316
6.88159608841	-1420
6.88159990311	-1316
6.88263702393	-1420
6.88264393806	-1420
6.88269901276	-1264
6.88270306587	-1368
6.98645496368	-543
6.99801898003	-1420
6.99804091454	-1420
6.99811196327	-1264
6.99811601639	-1420
6.99818205833	-1420
6.99818611145	-1264
6.99885010719	-1420
6.99885797501	-1420
6.99893403053	-1264
6.99912309647	-1420
6.99915289879	-1316
6.99915599823	-1420
6.99918007851	-1316
6.9991838932	-1368
6.99927306175	543
6.99957299232	-1420
6.99957990646	-1316
6.99980592728	-1368
6.99993109703	-1420
6.99999308586	-1420
7.00005102158	-1264
7.0001039505	-1420
7.00010800362	-1316
7.00020694733	-1420
7.00021100044	-1316
7.00073599815	-1420
7.00074195862	-1420
7.00081396103	-1264
7.00081706047	-1420
7.00090003014	-1420
7.00090408325	-1264
7.00095391273	-1420
7.00095701218	-1316
7.00110602379	1057
7.00171804428	-1420
7.00172305107	-1420
7.00175309181	-1264
7.00175690651	-1368
7.00185894966	-1420
7.00186300278	-1316
7.04157090187	-1420
7.04158711433	-1316
7.05701303482	543
7.11712908745	-1420
7.11714911461	-1420
7.11725211143	-1420
7.11725687981	-1212
7.1173119545	-1420
7.11731600761	-1420
7.11736893654	-1420
7.11737203598	-1212
7.1174249649	-1420
7.11742901802	-1420
7.11743092537	-1264
7.11743307114	-1368
7.11786103249	-1420
7.11786699295	-1316
7.1178689003	-1368
7.11810207367	-1368
7.1182410717	-1420
7.11824703217	-1420
7.11824893951	-1420
7.11825108528	-1212
7.11825299263	-1420
7.1182539463	-1316
7.11838889122	-1420
7.11839389801	-1420
7.11839604378	-1264
7.11839795113	-1368
7.11879301071	-1420
7.1187980175	-1420
7.11880087852	-1264
7.11885595322	-1420
7.11886096001	-1316
7.11891007423	-1368
7.11908388138	-1420
7.11908888817	-1316
7.12169599533	-1420
7.12170505524	-1420
7.12190794945	-1420
7.12191200256	-1420
7.12191390991	-1420
7.12191605568	-1420
7.12191796303	-1420
7.1219189167	-1420
7.12192511559	-1420
7.12192702293	-1420
7.12192797661	-1420
7.12192988396	-1420
7.12193107605	-1420
7.1219329834	-1420
7.12193393707	-1420
7.12193608284	-1420
7.12193703651	-1420
7.12193894386	-1420
7.12195706367	-1420
7.12196087837	-1420
7.12196302414	-1420
7.12196493149	-1420
7.12196588516	-1420
7.12196803093	-1420
7.1219689846	-1420
7.12197089195	-1420
7.12197208405	-1420
7.12197399139	-1420
7.12197494507	-1420
7.12197709084	-1420
7.12197899818	-1420
7.12197995186	-1420
7.12198209763	-1420
7.1219830513	-1420
7.12199807167	-1420
7.12200188637	-1420
7.12200403214	-1420
7.12200498581	-1420
7.12200689316	-1420
7.12200808525	-1420
7.1220099926	-656
7.12219691277	543
7.12260508537	543
7.12275505066	543
7.12308001518	543
7.1233689785	1057
7.15486598015	543
7.16148090363	-1420
7.16148805618	-1316
7.1621260643	-1420
7.16213297844	-1316
7.16225600243	543
7.1930809021	543
7.19316196442	543
7.23637104034	-1420
7.23639011383	-1420
7.23646211624	-1420
7.23646593094	-1138
7.3039290905	543
7.30583000183	543
7.45871210098	-1057
7.45891690254	1057
7.65885210037	-1057
7.65906095505	1057
7.85914587975	-543
7.86136388779	-1420
7.86140799522	-1316
7.95910191536	-1368
7.95917010307	-1368
7.96074700356	-1420
7.96077990532	-1316
7.96180796623	-1420
7.96184110641	-1316
7.96202898026	543
7.96230506897	543
7.96330308914	-1420
7.96331000328	-1316
7.96565508842	543
7.9807639122	-1342
7.98248505592	543
7.98464798927	543
7.9930460453	1460
7.99310708046	625
8.25916600227	-543
8.26151299477	-1368
8.26169395447	-1368
8.26254296303	-1368
8.26270794868	-1368
8.2628030777	543
8.2636590004	-1420
8.26366591454	-1316
8.26449203491	-1368
8.35909509659	-1420
8.35916399956	-1316
8.36022591591	-1420
8.36025691032	-1316
8.36169290543	-1420
8.36172604561	-1316
8.3626511097	-1420
8.36268210411	-1316
8.36322188377	-1420
8.36325407028	-1316
8.36410593987	-1420
8.36413598061	-1316
8.36471605301	-1420
8.36472296715	-1316
8.36485099792	543
8.36532688141	-1420
8.36533403397	-1316
8.3656539917	-1420
8.36565995216	-1316
8.36620497704	-1420
8.3662109375	-1316
8.36663293839	-1420
8.36664009094	-1316
8.36684393883	-1420
8.36684989929	-1316
8.36692595482	-1420
8.36693096161	-1316
8.36722707748	-1420
8.36723303795	-1316
8.36758708954	-1420
8.36759400368	-1316
8.36773705482	-1420
8.36774301529	-1316
8.36785006523	543
8.36802697182	-1420
8.36803293228	-1316
8.36814689636	543
8.36845493317	-1420
8.36846089363	-1420
8.3684899807	-1264
8.36849403381	-1368
8.36870288849	-1420
8.36870789528	-1316
8.36880302429	-1420
8.36880707741	-1316
8.36910891533	-1420
8.36911702156	-1420
8.36914610863	-1264
8.36920189857	-1368
8.36957192421	-1368
8.36965799332	-1420
8.36968803406	-1316
8.36977005005	543
8.38056993484	-761
8.45894193649	-1420
8.45895409584	-1316
8.46031999588	-1420
8.46032691002	-1316
8.46122288704	-1420
8.4612300396	-1316
8.46201610565	-1368
8.46248888969	-1368
8.46323609352	-1368
8.46363210678	-1368
8.4640250206	-1368
8.46440410614	-1368
8.4648680687	-1420
8.46490097046	-1316
8.46528196335	-1420
8.46528911591	-1316
8.4658010006	-1420
8.46580696106	-1316
8.46593093872	543
8.46648597717	-1420
8.46649289131	-1316
8.46667695045	-1420
8.46668410301	-1316
8.46682810783	-1420
8.46683311462	-1316
8.46692895889	543
8.46715188026	-1420
8.46715807915	-1316
8.46737790108	-1420
8.46738409996	-1316
8.46755599976	-1368
8.46763300896	-1368
8.4678208828	-1420
8.46782708168	-1316
8.4679620266	-1420
8.46796703339	-1316
8.46843695641	-1420
8.46844291687	-1420
8.46847105026	-1264
8.46856093407	543
8.53774189949	-734
8.5587220192	-1420
8.55877590179	-1316
8.55996799469	-1420
8.55999994278	-1316
8.56097888947	-1420
8.56100988388	-1316
8.56189489365	-1420
8.56193709373	-1316
8.56268692017	-1368
8.65826392174	-140
8.93326091766	1057
9.15863800049	-1057
9.15889000893	1057
9.19313001633	543
9.19323992729	543
9.25922107697	-1420
9.25923991203	-1316
9.26013803482	-1420
9.26014494896	-1316
9.26089811325	-1368
9.2609899044	-1368
9.26160788536	-1420
9.26161503792	-1316
9.26230096817	-1420
9.26230788231	-1316
9.26242899895	543
9.26307296753	-1420
9.26307988167	-1316
9.26319909096	543
9.26373910904	-1420
9.26374411583	-1316
9.26450610161	-1420
9.2645111084	-1316
9.2651848793	-1368
9.26536297798	-1368
9.26576089859	-1420
9.26576590538	-1316
9.2661960125	-1420
9.26620101929	-1316
9.26665091515	-1420
9.26665496826	-1420
9.26665711403	-1264
9.2667620182	-1368
9.26714992523	-1368
9.277780056	-934
9.27792310715	543
9.34226608276	-543
9.45978808403	-1420
9.45980596542	-1316
9.46039104462	-1420
9.46039891243	-1316
9.46112298965	-240
9.46308088303	543
9.47071504593	1057
9.75921010971	-543
9.9177479744	-1057
9.91884303093	1057
9.95799803734	-1420
9.95801711082	-1316
9.95875692368	-1420
9.95876288414	-1316
10.0367350578	-240
10.1259009838	1057
10.1930780411	543
10.2542359829	-543
10.4609138966	-543
10.475564003	-1368
10.5724470615	-565
10.5799949169	-717
10.5805630684	1057
10.5810229778	543
10.6104209423	543
10.613615036	543
10.6298251152	-543
10.765857935	-543
10.8739600182	-1368
10.8741979599	543
10.8856470585	-1368
10.9248290062	-493
11.0622000694	-543
11.073515892	-1420
11.0735280514	-1316
11.1905069351	543
11.1925499439	-377
11.1945800781	543
11.2408690453	543
11.252450943	543
11.2539598942	543
11.2989749908	543
11.3007950783	543
11.3036038876	1460
11.3036921024	111
11.3107230663	543
11.3513159752	-543
11.4424378872	-1368
11.4538590908	543
11.4703118801	-804
11.4705269337	543
11.4706859589	543
11.4993929863	-1420
11.4994120598	-1316
11.4996790886	-1368
11.5000140667	-1368
11.5004251003	-1420
11.5004301071	-1316
11.5006020069	-1368
11.5006890297	-1368
11.5015280247	-1368
11.5057048798	543
11.5093820095	-1420
11.5093901157	-1420
11.5094490051	-1264
11.5109028816	-1420
11.5109388828	-1316
11.5114181042	-1368
11.5114469528	-1420
11.5114510059	-1316
11.511797905	-1420
11.5118029118	-1316
11.5120000839	-1420
11.5120050907	-1316
11.5124180317	-1420
11.5124220848	-1420
11.5124239922	-1264
11.5126979351	-1420
11.5127038956	-1420
11.5127089024	-1264
11.5127799511	-1368
11.5129320621	-1368
11.5157220364	543
11.5897009373	-1420
11.5897200108	-1420
11.5897879601	-1420
11.5897920132	-1212
11.6087040901	1460
11.6115961075	111
11.6120750904	543
11.6184079647	-1420
11.6184179783	-1420
11.618491888	-1264
11.6184959412	-1368
11.6191649437	-1420
11.6191699505	-1420
11.6192719936	-1264
11.6192770004	-1368
11.6196000576	-1420
11.6196050644	-1420
11.6196069717	-1264
11.6196079254	-1368
11.6197180748	543
11.6197879314	-1420
11.6197929382	-1316
11.6198890209	-1420
11.6198918819	-1316
11.6200380325	543
11.6202919483	543
11.6253318787	-1420
11.6253390312	-1316
11.6284139156	-1420
11.6284201145	-1420
11.6284759045	-1264
11.6284799576	-1368
11.6285350323	-1420
11.6285378933	-1316
11.6299769878	-1420
11.6299819946	-1420
11.629983902	-1264
11.6299860477	-1368
11.6303620338	-1420
11.6303670406	-1420
11.630368948	-1264
11.6304368973	-1420
11.6304399967	-1420
11.6304430962	-1264
11.6309769154	-1420
11.6309819221	-1420
11.6309850216	-1264
11.6309869289	-1368
11.6313500404	-1420
11.6313550472	-1316
11.6314589977	-1420
11.6314620972	-1316
11.6315848827	-1420
11.6315920353	-1420
11.6315970421	-1264
11.6317000389	-1420
11.6317028999	-1420
11.631704092	-1264
11.6319289207	543
11.6320540905	-1420
11.6320579052	-1420
11.6320610046	-1264
11.6321520805	-1420
11.6321558952	-1420
11.632158041	-1264
11.6322200298	-1420
11.6322228909	-1420
11.6322250366	-1264
11.6322278976	-1368
11.6326019764	543
11.6327669621	543
11.7089130878	-1420
11.7089869976	-1420
11.7090859413	-1264
11.7090899944	-1420
11.7091419697	-1316
11.7091460228	-1420
11.7091970444	-1316
11.7092010975	-1368
11.7094740868	543
11.7375969887	-1420
11.7376160622	-1420
11.7377099991	-1264
11.7377140522	-1420
11.7377679348	-1316
11.7377719879	-1420
11.7378330231	-1420
11.7378370762	-1264
11.7381289005	-1420
11.7381339073	-1316
11.7383470535	-1420
11.7383499146	-1420
11.7383520603	-1264
11.738353014	-1368
11.7386651039	-1420
11.7386710644	-1420
11.7387330532	-1264
11.7387371063	-1368
11.7388160229	-1368
11.7389650345	-1420
11.7389938831	-1316
11.7391030788	-1420
11.7391600609	-1420
11.7391650677	-1264
11.739166975	-1420
11.7391688824	-1420
11.7391710281	-1264
11.739262104	-1420
11.7392659187	-1420
11.7392680645	-1264
11.7392699718	-1420
11.7392718792	-1316
11.7395279408	543
11.7397119999	543
11.7442269325	-1368
11.7444019318	-1420
11.7444589138	-1420
11.7444629669	-1264
11.7446370125	543
11.7476570606	-1420
11.7476658821	-1420
11.7477281094	-1264
11.7477309704	-1420
11.7478170395	-1420
11.7478210926	-1264
11.7478759289	-1420
11.7478790283	-1316
11.7479310036	-1420
11.7479350567	-1420
11.747936964	-1264
11.7479920387	-1368
11.749037981	-1420
11.7490448952	-1316
11.749106884	-1368
11.7492818832	-1368
11.749311924	-1420
11.7493190765	-1316
11.7494690418	-1420
11.7494740486	-1420
11.7495338917	-1420
11.7495958805	-1212
11.7496500015	-1420
11.7496540546	-1316
11.7496550083	-1368
11.7498710155	-1420
11.7498760223	-1316
11.7499210835	543
11.7501370907	543
11.7501900196	-1420
11.7501928806	-1316
11.7501940727	-1420
11.7501950264	-1420
11.7501959801	-1264
11.750289917	-1368
11.7504060268	-1420
11.75041008	-1420
11.7504119873	-1264
11.7505578995	-1420
11.7505609989	-1316
11.7507469654	-1420
11.7507529259	-1420
11.7507560253	-1264
11.7508339882	-1420
11.7508370876	-1420
11.7508380413	-1264
11.7508890629	-1368
11.7509920597	-1420
11.7509949207	-1316
11.7511301041	-1420
11.7511329651	-1420
11.7511339188	-1264
11.7511360645	-1368
11.7512390614	-1420
11.7512431145	-1420
11.7512440681	-854
11.7558159828	543
11.7560560703	543
11.7588129044	543
11.7677090168	543
11.7757399082	543
11.7837929726	-1420
11.7838060856	-1316
11.7838430405	-1368
11.784389019	543
11.7851901054	-1420
11.7851960659	-1420
11.7852640152	-1264
11.7905130386	-1368
11.8282830715	-1420
11.8283019066	-1420
11.828373909	-1420
11.8283789158	-1420
11.8284440041	-1420
11.8284480572	-1420
11.8285040855	-1056
11.833067894	543
11.8567290306	-1420
11.856746912	-1420
11.8568511009	-1420
11.8568539619	-1420
11.8569099903	-1160
11.8569130898	-1420
11.8569660187	-1316
11.8569688797	-1368
11.8570210934	-1368
11.8572049141	543
11.8574728966	-1420
11.8574779034	-1316
11.8574800491	-1420
11.8574819565	-1316
11.8575890064	-1368
11.8579030037	-1420
11.8579349518	-1316
11.8580129147	-1420
11.8580451012	-1316
11.8581418991	-1420
11.8581690788	-1316
11.8583059311	-1368
11.8584399223	543
11.8658149242	543
11.870292902	-1219
11.8755760193	543
11.8834719658	543
11.9562079906	-1368
11.9656710625	-1368
11.9702920914	-1420
11.9702999592	-1420
11.9703540802	-1264
12.0031468868	-45
12.0169150829	543
12.0640730858	543
12.093184948	543
12.0975699425	-1368
12.0977380276	543
12.0978899002	543
12.0986800194	-1420
12.0986869335	-1316
12.0991230011	-1420
12.0991289616	-1420
12.0991909504	-1264
12.0993330479	-1420
12.0993890762	-1420
12.0993928909	-1264
12.1033799648	543
12.1259899139	-1368
12.1376259327	-1420
12.1377389431	-1420
12.1377449036	-1264
12.1377990246	-1420
12.1378018856	-1316
12.1378540993	-1420
12.137857914	-1316
12.1381480694	543
12.1422441006	-1420
12.1422541142	-1420
12.1423170567	-1264
12.1431560516	-1420
12.1432130337	-1420
12.1432170868	-1264
12.1492810249	-1420
12.1492888927	-1316
12.1747019291	-789
12.1748929024	543
12.2959890366	-1368
12.2961800098	543
12.2965068817	-1420
12.2965130806	-1316
12.2966849804	-1368
12.2974081039	-1368
12.2983460426	-1368
12.301199913	-1420
12.3012559414	-1316
12.3226759434	-1368
12.3316590786	-1368
12.3360118866	-575
12.3370249271	543
12.4552080631	-1086
12.4562430382	543
12.5746459961	-1086
12.631757021	-1368
12.63342309	1057
12.6938691139	-1318
12.7003200054	543
12.7704811096	-1420
12.7704980373	-1420
12.7705590725	-1264
12.7709410191	-1420
12.7710359097	-1420
12.7710421085	-1264
12.7712268829	-1420
12.7712340355	-1316
12.7715239525	-1368
12.7716569901	543
12.7763500214	-1368
12.7809491158	-1368
12.7815160751	-1420
12.7815289497	-1420
12.7816240788	-1264
12.7931029797	-1368
12.8045458794	-1368
12.8129470348	-678
12.8148379326	543
12.824794054	1057
12.9615039825	-543
13.0645260811	-1368
13.0720601082	543
13.0742089748	-1368
13.1195280552	-464
13.1296949387	543
13.2388858795	-1086
13.2399868965	1057
13.2408719063	543
13.3581290245	-543
13.4772028923	-1086
13.4776470661	543
13.4778819084	543
13.5664041042	-1368
13.5971059799	-261
13.6435220242	-1368
13.6535840034	-543
13.6554689407	-1420
13.6555380821	-1316
13.7164390087	-638
13.7215640545	543
13.7246870995	543
13.8762850761	-543
13.8878850937	-1420
13.887955904	-1316
13.9121420383	-1368
13.9163770676	543
13.9165608883	1057
13.9952559471	-66
14.1143279076	-543
14.2809379101	-1086
14.2825369835	1057
14.49909091	-543
14.6574881077	-543
15.1329760551	-543
15.1498000622	-1368
15.1595840454	-1420
15.1596519947	-1316
15.1901900768	543
15.1903460026	565
15.2521719933	-1123
15.259303093	543
15.4560511112	-543
15.4563720226	543
15.6094760895	-543
15.6161599159	-1368
15.6208510399	-1420
15.6208670139	-1316
15.7351250648	-95
15.7374401093	543
15.7392659187	543
15.8875319958	-543
