0	-543
1.56336903572	-543
1.64426398277	-543
1.86510109901	543
2.16178393364	543
2.1706700325	543
2.36172699928	-543
2.67517900467	-1420
2.67525601387	-151
2.69058299065	-1420
2.69065093994	-1340
2.69387102127	-1420
2.69391107559	-1340
2.69415593147	-1380
2.70597100258	-1420
2.70603108406	-1340
2.70810103416	-1380
2.7082118988	543
2.77420306206	1057
2.78299808502	1057
2.81654596329	-1420
2.81656193733	-1420
2.8166179657	-1420
2.81662011147	-1260
2.83186388016	-1420
2.83187890053	-1420
2.83193302155	-1420
2.83193588257	-1260
2.83521604538	-1420
2.83522200584	-1420
2.83527398109	-1099
2.83767294884	543
2.86518907547	543
2.86524605751	543
2.97675800323	-543
3.01014709473	-1420
3.01022291183	-1340
3.06084799767	-1380
3.06302690506	543
3.0702290535	543
3.08125710487	543
3.08150100708	-1420
3.08150696754	-1340
3.15137910843	-897
3.1633169651	543
3.16531610489	543
3.16555690765	543
3.2510740757	-543
3.30501198769	-543
3.48542690277	-543
3.59303307533	-1380
3.6457669735	-1380
3.66620802879	-440
3.66731309891	1460
3.66737389565	1460
3.66742706299	193
3.86509394646	543
4.00344896317	-1420
4.00346589088	-1340
4.0038690567	-867
4.00445008278	-1420
4.00448393822	-1340
4.01835298538	-1420
4.01841807365	-1340
4.03660106659	-1420
4.03666496277	-1420
4.03666901588	-1420
4.03670406342	-1420
4.03670692444	-1220
4.03674793243	-1380
4.03738188744	-1420
4.03743195534	-1340
4.03743505478	-1420
4.03747797012	-1340
4.03756999969	-1420
4.03757190704	-1340
4.0377240181	543
4.05135989189	-1420
4.05136990547	-1340
4.05151391029	543
4.05190896988	-1380
4.06997489929	-1420
4.07005000114	-1420
4.07005405426	-1420
4.0700969696	-1420
4.07010006905	-1420
4.07013511658	-1180
4.07056903839	-1420
4.07061910629	-1340
4.07062196732	-1380
4.14477300644	-1420
4.14478993416	-1420
4.14485096931	-1420
4.14485406876	-1260
4.14566206932	-1420
4.14566802979	-1420
4.14570808411	-1300
4.14571094513	-1420
4.14574408531	-1420
4.14574694633	-1300
4.14585494995	543
4.15966105461	-1420
4.15967202187	-1420
4.15972304344	-1420
4.15972495079	-1260
4.17786002159	-1420
4.17788004875	-1420
4.17792105675	-1420
4.1779229641	-1420
4.17795205116	-1420
4.17795395851	-1420
4.17796993256	-1140
4.17797207832	-1420
4.1779859066	-1340
4.17798805237	-1380
4.17857909203	-1420
4.17858409882	-1420
4.17858600616	-1420
4.17858695984	-1260
4.17858791351	-1420
4.17877101898	-1420
4.17877388	-1300
4.17877602577	-1420
4.17877697945	-1340
4.17903494835	-1380
4.17942690849	-1420
4.17943000793	-1420
4.17943096161	-1420
4.17943310738	-1260
4.18359589577	543
4.18374896049	543
4.19268989563	-1420
4.19270706177	-1420
4.19276309013	-1420
4.19276595116	-1260
4.21138310432	-1420
4.21140003204	-1420
4.21146297455	-1420
4.21146607399	-1420
4.21160387993	-1220
4.21160697937	-1420
4.21164107323	-1420
4.21164298058	-1300
4.2116830349	-1420
4.21168494225	-1420
4.2117190361	-1300
4.21172094345	-1420
4.21175503731	-1340
4.21175694466	-1380
4.21184492111	-1420
4.21198892593	543
4.21202588081	-1420
4.21202802658	-1300
4.21202898026	-1380
4.25195503235	-1420
4.25197100639	-1340
4.25214910507	543
4.28617095947	-1420
4.28618597984	-1420
4.28624606133	-1420
4.28624892235	-1420
4.28628611565	-1220
4.28628802299	-1420
4.28633093834	-1420
4.28633308411	-1300
4.28689694405	-1420
4.28690910339	-1420
4.2870080471	-1420
4.28701090813	-1260
4.28705310822	-1420
4.28705596924	-1420
4.28705692291	-1300
4.28705811501	-1380
4.28718996048	-1420
4.28719305992	-1420
4.2871940136	-1300
4.28719496727	-1380
4.28788995743	543
4.28824496269	543
4.30116796494	-1420
4.30118203163	-1420
4.30123400688	-1420
4.30123591423	-1420
4.30127906799	-1420
4.30128192902	-1420
4.3013150692	-1420
4.30131697655	-1100
4.31681394577	1057
4.31964588165	-1420
4.31966209412	-1420
4.31970691681	-1420
4.31971001625	-1420
4.31974506378	-1220
4.31975603104	-1380
4.3198568821	-1420
4.31985902786	-1340
4.31990289688	-1380
4.32014203072	-1420
4.32019090652	-1420
4.32019400597	-1300
4.32025504112	-1380
4.32025694847	-1420
4.32025790215	-1420
4.32025909424	-1300
4.32026004791	-1380
4.32026100159	-1380
4.32044506073	543
4.32060408592	543
4.32077288628	-1420
4.32077598572	-1420
4.32077693939	-1300
4.32078003883	-1380
4.32110595703	-1420
4.32111096382	-1420
4.32119989395	-1420
4.32120203972	-1260
4.32123708725	-1420
4.32123994827	-1420
4.32127404213	-1300
4.32127594948	-1420
4.32131004333	-1020
4.32143998146	543
4.60072803497	1057
4.73974299431	-543
4.82761693001	-1420
4.82768011093	-1420
4.82771801949	-1420
4.82776093483	-1260
4.82779598236	-1380
4.82982397079	543
4.83047509193	543
4.85690999031	-1380
4.9203619957	-574
4.92258191109	543
5.0615670681	-543
5.16304111481	-1420
5.16312003136	-1340
5.17793297768	-1420
5.17799091339	-1420
5.17803502083	-1300
5.17803907394	-1420
5.17807388306	-1420
5.1780769825	-1300
5.19746398926	-1420
5.19747400284	-1420
5.19752192497	-1300
5.19770598412	-1380
5.19802999496	-1420
5.19803309441	-1340
5.19825696945	-1420
5.19826197624	-1420
5.19829797745	-1300
5.20269298553	-1017
5.20340299606	543
5.20360207558	543
5.21087288857	-1420
5.21087908745	-1340
5.21101999283	-1420
5.21102309227	-1420
5.21106696129	-1300
5.21106910706	-1380
5.2293920517	-1420
5.22939991951	-1420
5.22944688797	-1300
5.23017311096	-1420
5.23021197319	-1420
5.23021507263	-1420
5.23024010658	-1260
5.23034596443	-1420
5.23044395447	-1420
5.23044705391	-1300
5.23048210144	-1380
5.23048400879	-1380
5.2353041172	543
5.24412894249	-1380
5.2442779541	-1380
5.2444229126	-1420
5.24442601204	-1420
5.24454188347	-1300
5.24454498291	-1380
5.24457907677	-1420
5.24458193779	-1420
5.24461507797	-1300
5.26257610321	-1420
5.26264500618	-1340
5.26286005974	-1380
5.26345396042	-1420
5.26345801353	-1420
5.26350402832	-1300
5.26350688934	-1420
5.26355004311	-1420
5.26355290413	-1300
5.26358604431	-1380
5.27029395103	543
5.27046895027	543
5.29996204376	-1380
5.34379410744	-228
5.60319495201	-543
6.28525090218	1460
6.28533005714	625
6.33834600449	543
6.36378788948	543
6.36405205727	543
6.56243491173	-543
6.57749390602	-1420
6.57756495476	-1340
6.59573507309	-1420
6.59580302238	-1340
6.59804201126	-1420
6.59807896614	-1340
6.59833598137	-1380
6.61267805099	-1420
6.61272501945	-1340
6.6129989624	-1380
6.61791706085	543
6.61999797821	543
6.62640690804	543
6.63086795807	-1420
6.63088607788	-1420
6.63094592094	-1300
6.71870207787	-1420
6.71871995926	-1420
6.71879291534	-1420
6.71879601479	-1249
6.7214050293	543
6.72189903259	1460
6.72195696831	625
6.7670750618	543
6.89775800705	-1420
6.89777398109	-1420
6.89781808853	-787
6.93115496635	-1380
6.98751807213	-1380
7.00214409828	-1380
7.00220990181	-1380
7.01880002022	-1420
7.018887043	-1420
7.0189011097	-1420
7.01894807816	-1420
7.0189499855	-1220
7.01899409294	-1380
7.01899695396	-1420
7.01903700829	-1340
7.01912999153	-1420
7.01916599274	-1340
7.01938509941	543
7.0350420475	-1420
7.03504991531	-1340
7.03510499001	-1420
7.03510808945	-1420
7.03514099121	-1300
7.03554296494	-1420
7.03558492661	-1420
7.03558802605	-1300
7.03573989868	543
7.03577709198	-1380
7.04874300957	-543
7.05169296265	-1380
7.05187702179	-1420
7.05188107491	-1420
7.05199790001	-1420
7.05200004578	-1260
7.052038908	-1420
7.05204105377	-1340
7.05207490921	-1380
7.06811189651	-1380
7.07239103317	-1420
7.07239699364	-1420
7.07243990898	-1420
7.07244300842	-1260
7.14371109009	-1420
7.14372706413	-1420
7.1437869072	-1420
7.14379000664	-1260
7.14398407936	543
7.160353899	-1420
7.16036891937	-1420
7.16049003601	-1420
7.16049289703	-1420
7.16054606438	-1420
7.16054797173	-1180
7.16058492661	-1420
7.16058802605	-1420
7.16063094139	-1300
7.16064405441	-1420
7.16067910194	-1420
7.16068196297	-1300
7.16068291664	-1420
7.16068410873	-1420
7.1606938839	-1300
7.16069602966	-1420
7.16070795059	-1420
7.16071009636	-1300
7.16071200371	-1420
7.16078209877	-1340
7.16078400612	-1420
7.16078591347	-1340
7.16108298302	543
7.16127991676	543
7.17673611641	-1420
7.17675900459	-1420
7.17682290077	-1420
7.17682504654	-1420
7.17687702179	-1220
7.17687988281	-1380
7.17692804337	-1420
7.17692995071	-1420
7.17696499825	-1300
7.17696690559	-1380
7.17745900154	-1420
7.17746400833	-1420
7.17751193047	-1420
7.17751407623	-1260
7.177546978	-1420
7.17755007744	-122
7.17767596245	543
7.22005605698	1057
7.6965739727	-1420
7.69659304619	-1179
7.6972489357	1057
7.69772005081	1057
7.7256000042	1057
7.72596788406	543
7.86420893669	543
7.9313659668	-543
7.9797270298	-1420
7.97977495193	-1340
8.0330080986	-1380
8.06289505959	-1380
8.06602096558	-1420
8.06606388092	-1340
8.06659698486	-1380
8.10062408447	1460
8.10070109367	111
8.10118103027	1057
8.11248898506	-251
8.12016797066	543
8.12950611115	543
8.33936190605	1057
8.35336899757	-543
8.38660097122	-1420
8.38667392731	-1340
8.45785498619	-1420
8.45791602135	-1340
8.45805501938	543
8.46508288383	543
8.46619606018	543
8.46643304825	543
8.52504301071	-192
8.60020303726	-1380
8.65051388741	1057
8.6662800312	-763
8.66751098633	1057
8.69985508919	-1420
8.69987201691	-1340
8.77818202972	-1380
8.78066110611	543
8.79552006721	543
8.80798792839	-573
8.81248807907	543
8.89463996887	-1420
8.89465689659	-1340
8.89471793175	-1380
8.94935703278	-573
8.96021103859	543
8.96093511581	543
8.96116805077	543
9.090487957	-543
9.1214299202	-1380
9.20772695541	-1380
9.23179197311	-440
9.35380601883	-1380
9.3730609417	-763
9.40165805817	1057
9.85643100739	-1420
9.85645008087	-1420
9.85650491714	-787
9.8650701046	543
9.87143111229	-1420
9.87147808075	-1340
9.8716878891	-1380
9.88080906868	1057
9.88917803764	-1420
9.88918805122	-1340
9.91771388054	-1420
9.917730093	-1420
9.91779088974	-1300
9.92075109482	1057
9.92239308357	-1420
9.92239904404	-1420
9.92243099213	-1300
9.92482709885	-1420
9.92487096786	-1340
9.9252679348	-1380
9.95565700531	-1420
9.95567107201	-1340
9.95585799217	543
9.95590591431	-1380
9.95950198174	1057
9.99740004539	-474
10.1101200581	-1420
10.1101789474	-1340
10.1102049351	-1380
10.1637830734	-573
10.165997982	543
10.1736290455	-1420
10.1736369133	-1420
10.1736838818	-1300
10.1738510132	543
10.2927660942	-1420
10.2927839756	-1340
10.2929730415	-1380
10.2930369377	543
10.2951490879	543
10.2994520664	543
10.3048410416	-603
10.3624300957	-1380
10.3655800819	543
10.3722569942	543
10.3724799156	543
10.485380888	-220
10.5863308907	-1380
10.6267199516	-1306
10.6904809475	-1380
10.6915659904	1460
10.691628933	625
10.7681009769	-1277
10.7693140507	1057
10.9660980701	-1420
10.9661169052	-1340
10.966178894	-867
10.9812800884	-1420
10.9813508987	-1420
10.9813559055	-1420
10.9813818932	-1420
10.9813840389	-1420
10.9814090729	-1420
10.9814109802	-1140
10.9814260006	-1420
10.9814279079	-1340
10.9814429283	-1380
10.9991250038	-1420
10.9991910458	-1420
10.9991960526	-1420
10.9992320538	-1260
10.9992339611	-1380
10.9993710518	-1380
11.000936985	543
11.0147929192	-1420
11.014811039	-1420
11.0149860382	-1300
11.0149888992	-1420
11.0150330067	-1340
11.015034914	-1420
11.0150749683	-1420
11.0150780678	-1300
11.0151178837	-1380
11.0151779652	-1380
11.0322101116	-1420
11.0322349072	-1420
11.0323159695	-1420
11.0323190689	-1420
11.0323619843	-1420
11.0323638916	-1180
11.0324089527	-1420
11.0324120522	-1340
11.0324459076	-1380
11.0326359272	543
11.0328118801	543
11.0406980515	1057
11.0477879047	-1420
11.0477979183	-1420
11.0478579998	-1300
11.0478620529	-1380
11.107626915	-1420
11.107642889	-1420
11.10769701	-1420
11.1077001095	-1260
11.1226840019	-1420
11.1227049828	-1420
11.1227729321	-1300
11.1227750778	-1420
11.1228160858	-1340
11.1228289604	-1420
11.1228868961	-1420
11.1228890419	-1300
11.122975111	-1420
11.122977972	-1420
11.1230359077	-1300
11.1230390072	-1380
11.1230399609	-1420
11.1230421066	-1340
11.1231410503	-1420
11.1231429577	-1420
11.1231439114	-1300
11.1232330799	-1420
11.1232349873	-1420
11.1232368946	-1300
11.1234691143	543
11.1404368877	-1420
11.1404519081	-1420
11.1404950619	-1420
11.1404969692	-1260
11.1405119896	-1420
11.1405138969	-1420
11.1405289173	-1420
11.1405310631	-1420
11.1405448914	-1420
11.1405470371	-1180
11.1406359673	-1420
11.140638113	-287
11.1408250332	543
11.1409990788	543
11.3690950871	-543
11.4172930717	-1420
11.4173529148	-1340
11.4174981117	-1380
11.4195179939	543
11.4570579529	-543
11.5503590107	-30
11.5523409843	543
11.7023971081	-1057
11.7035820484	1057
11.8452320099	-543
12.0265059471	-1057
12.2634739876	1057
12.2773509026	1057
12.2779359818	1057
12.3215909004	1057
12.3277390003	1057
12.3292219639	543
12.3351020813	543
12.3379130363	1460
12.3379619122	111
12.5070540905	-543
12.5378329754	-1420
12.5379080772	-1340
12.5381639004	-1380
12.5535230637	-1420
12.5535900593	-1420
12.5536329746	-1420
12.5536680222	-1260
12.5560889244	543
12.556524992	-1420
12.5565309525	-1340
12.5595710278	543
12.5708959103	-1380
12.5709130764	-1420
12.5709550381	-1340
12.5711960793	-1380
12.5786728859	543
12.5846560001	543
12.5865681171	-1420
12.5865740776	-1340
12.5867030621	-1420
12.5867059231	-1340
12.5867400169	-1380
12.5868489742	-1420
12.5869109631	-1420
12.5869140625	-1300
12.5872290134	-1380
12.5976760387	543
12.6040461063	-1420
12.6040549278	-1340
12.6043651104	-1380
12.6046578884	543
12.6051559448	1057
12.6078751087	543
12.6147100925	-1420
12.614716053	-1420
12.614757061	-1300
12.6148641109	543
12.6196849346	-1420
12.6196908951	-1420
12.6197330952	-1300
12.6197359562	-1420
12.6198329926	-1420
12.619836092	-1300
12.6198840141	-1420
12.6198859215	-1420
12.6199231148	-1300
12.6199259758	-1380
12.6200690269	543
12.621999979	543
12.6249830723	543
12.6339321136	-1420
12.6339380741	-1340
12.648045063	-1420
12.6480538845	-1420
12.6480989456	-1420
12.6481020451	-1420
12.6481420994	-1220
12.6481440067	-1420
12.6481781006	-1340
12.6481800079	-1420
12.648211956	-1420
12.6482141018	-1420
12.6482470036	-228
12.6484260559	543
12.6536889076	-1420
12.6536939144	-1340
12.6540510654	-1420
12.6540548801	-1420
12.6540920734	-1300
12.6549649239	-1420
12.6550209522	-1340
12.6550240517	-1380
12.6641259193	-1380
12.6791510582	-1420
12.679213047	-1420
12.6792171001	-1420
12.6792600155	-1260
12.6793699265	-1420
12.6794080734	-1340
12.6795480251	543
12.6948719025	-1380
12.695086956	-1420
12.6951389313	-1420
12.695141077	-1420
12.695182085	-1420
12.6951839924	-1420
12.6952250004	-1420
12.6952269077	-1140
12.6953599453	543
12.6981620789	-1420
12.6981670856	-1420
12.6982069016	-1420
12.6982090473	-1260
12.7126619816	-1420
12.7126779556	-1420
12.7127540112	-1420
12.7127571106	-1420
12.7127931118	-1420
12.7127950191	-1180
12.7205059528	543
12.7278730869	-1420
12.7278800011	-1420
12.7279179096	-1300
12.7279210091	-1420
12.7279369831	-1420
12.7279388905	-1420
12.7279810905	-1260
12.7279839516	-1420
12.7279999256	-1340
12.72813797	-1380
12.728167057	-1420
12.7281689644	-1340
12.7281930447	-1380
12.7282650471	-1420
12.7282669544	-1420
12.7282691002	-1300
12.7283010483	-1420
12.7283029556	-1340
12.7353858948	543
12.7356770039	543
12.7395019531	-1420
12.7395091057	-1340
12.7455830574	-1420
12.745595932	-1420
12.7456469536	-1420
12.745650053	-1260
12.7457940578	543
12.7467880249	-1420
12.7467930317	-1340
12.7560150623	-1420
12.7560200691	-1420
12.756059885	-1420
12.7560629845	-1260
12.7560949326	-1420
12.756098032	-1340
12.7609488964	-1420
12.7609651089	-1420
12.7610099316	-1420
12.761013031	-1420
12.7610280514	-1220
12.7610299587	-1420
12.7610459328	-1420
12.7610480785	-1420
12.7610490322	-1260
12.7611401081	-1420
12.7611420155	-1340
12.7612299919	-1420
12.7612330914	-1420
12.761234045	-1300
12.7613949776	-1420
12.761398077	-1420
12.7613990307	-1300
12.7613999844	-1380
12.7647359371	543
12.7666668892	-1420
12.7666780949	-1340
12.7753078938	-1420
12.7753169537	-1420
12.7753639221	-1420
12.7753660679	-1260
12.7894508839	-1420
12.7895989418	-1420
12.7897670269	-1420
12.7897698879	-1260
12.7898199558	-1420
12.7898230553	-1420
12.7898690701	-1420
12.7898709774	-1420
12.7899069786	-1420
12.789910078	-1180
12.7899110317	-1420
12.7899119854	-1420
12.7899129391	-1300
12.7899138927	-1380
12.7899150848	-1420
12.7899160385	-1420
12.7899279594	-1300
12.7899301052	-1420
12.7899310589	-1420
12.7899320126	-1300
12.7899329662	-1420
12.7899339199	-1340
12.7903189659	543
12.7904450893	543
12.7949879169	-1420
12.7949969769	-1340
12.7951619625	-1380
12.7951660156	-1380
12.7953059673	-1420
12.7953100204	-1420
12.7953469753	-1300
12.7953500748	-1361
12.8002951145	543
12.8123140335	-1380
12.8125700951	-1420
12.8126120567	-1340
12.8130390644	-1420
12.8131599426	-1420
12.8131639957	-1300
12.8131999969	-1420
12.8132019043	-1420
12.8132369518	-1300
12.8133499622	543
12.8135519028	-1380
12.8150439262	543
12.8206510544	-1420
12.8206570148	-1420
12.8206989765	-1420
12.8207008839	-1260
12.8207349777	-1420
12.8207368851	-1420
12.8208470345	-1300
12.8208489418	-1420
12.8208858967	-1420
12.8208880424	-1300
12.8209319115	-1420
12.8209350109	-1340
12.8210759163	543
12.8303699493	543
12.830988884	543
12.8312630653	543
12.8364191055	-1420
12.8364241123	-1340
12.8437519073	-1420
12.8437569141	-1340
12.8438570499	-1380
12.8651399612	543
12.910228014	1057
12.9112210274	543
12.911536932	543
12.9117839336	543
12.9123299122	543
12.9219350815	-1420
12.9219450951	-1340
12.9334950447	543
12.9419178963	-196
12.9605219364	543
12.9980239868	-1380
13.0295050144	-1420
13.02957201	-1420
13.0295779705	-1420
13.0296220779	-1260
13.0296239853	-1380
13.0523478985	-1420
13.0523641109	-1340
13.1024858952	-1014
13.1156260967	-1420
13.1156709194	-1340
13.1161010265	-1380
13.1228160858	-1420
13.122836113	-1420
13.1228940487	-1300
13.1228969097	-1420
13.1229350567	-1340
13.1229820251	-1380
13.123636961	-1380
13.1237630844	-1420
13.1238050461	-1340
13.123871088	543
13.1248691082	-1380
13.125895977	-1420
13.1259360313	-1340
13.1261460781	-1380
13.1302289963	543
13.1304268837	-1420
13.1304330826	-1340
13.1419448853	543
13.1519260406	-1420
13.1519339085	-1340
13.1524000168	-1380
13.1852180958	-1420
13.1852860451	-1420
13.1852910519	-1300
13.2251811028	-1420
13.2251930237	-1420
13.2252540588	-1300
13.2325909138	-1420
13.2326200008	-1340
13.2336809635	543
13.2417840958	543
13.256747961	-138
13.459528923	1057
13.4637000561	-543
13.4649469852	543
13.5651268959	-1380
13.5751760006	543
13.6050019264	-220
13.6608090401	1460
13.6608760357	625
13.6736540794	-1380
13.7461330891	-220
13.7465379238	1057
13.8257579803	-1380
13.832324028	543
13.8876481056	-734
14.0289590359	-1057
14.0296430588	1057
14.2093920708	-543
14.3510220051	-1057
15.6624970436	1057
