0	-543
1.80649495125	543
2.41830706596	543
2.44002985954	543
2.69789791107	-543
2.84894704819	-1420
2.84899806976	-1340
2.84902095795	-867
2.84964489937	-1420
2.84966897964	-1340
2.84981203079	-1380
2.86048293114	-1420
2.86055898666	-1340
2.86075901985	-1380
2.89139485359	1057
2.89461898804	1057
2.90656304359	1057
2.90860199928	1057
2.92350888252	-1380
2.93390607834	1057
2.99064302444	-1420
2.99065995216	-1420
2.99071598053	-1300
2.99072003365	-1420
2.99075698853	-1420
2.99075984955	-1300
2.99093985558	-1380
2.99109601974	-1420
2.99114489555	-1340
2.991147995	-1420
2.99120497704	-1340
2.99120807648	-1380
2.99138689041	543
2.99151992798	543
3.00032901764	1057
3.00191903114	-1420
3.00192403793	-1420
3.00196790695	-1420
3.00197100639	-1420
3.0020070076	-888
3.00510287285	-1380
3.07608103752	-1420
3.07609796524	-1340
3.13207697868	-1420
3.13209486008	-1420
3.13215684891	-1300
3.13828587532	-1380
3.1429579258	-251
3.15327906609	-1420
3.15333104134	-1340
3.16106390953	-1380
3.19882893562	-1420
3.19884800911	-1420
3.19891190529	-1300
3.20144987106	543
3.20625400543	543
3.22223901749	543
3.24401402473	-1380
3.24758005142	-1420
3.24762892723	-1340
3.24820399284	-1380
3.24848890305	543
3.26789903641	543
3.26816701889	543
3.28459787369	-853
3.29136991501	543
3.30255794525	543
3.30619692802	543
3.3115670681	-1380
3.31177091599	-1380
3.32191491127	-1380
3.43304800987	-573
3.43658995628	543
3.45127797127	543
3.45154285431	543
3.51170802116	-543
3.52452087402	-1420
3.52452898026	-1340
3.57453203201	-954
3.58486795425	543
3.65742087364	-543
3.66732287407	-1420
3.66733193398	-1340
3.74154186249	-543
3.75016403198	-1420
3.75017786026	-1340
3.75552892685	-822
3.76636195183	543
3.77154397964	543
3.77775096893	543
3.79774785042	-1380
3.81094789505	543
3.9198589325	-705
3.92119789124	1057
3.96106505394	-1380
3.96138286591	-1420
3.96143198013	-1340
3.96153497696	543
3.96194887161	-1420
3.9619538784	-1340
3.96222901344	-1420
3.96224308014	-1340
3.96227192879	-1380
3.96266794205	-1380
3.97080397606	-1420
3.97082996368	-1340
3.97087788582	-1380
3.97088098526	-1380
4.00982689857	-1420
4.00984406471	-1340
4.00989699364	-1380
4.01008892059	543
4.01083803177	-1380
4.01118993759	-1420
4.01122188568	-1340
4.01135087013	-1420
4.01135396957	-1420
4.01135492325	-1300
4.01200890541	-1420
4.01201295853	-1340
4.01245093346	-1420
4.01245689392	-1420
4.01252293587	-1300
4.01252603531	-1380
4.02013087273	-1420
4.02013802528	-1340
4.06071901321	-1420
4.06073689461	-1340
4.06098484993	-1138
4.06121301651	-1420
4.06123805046	-1340
4.06142687798	-1380
4.06151795387	-1420
4.06152105331	-1340
4.06160593033	543
4.06188988686	-1420
4.06189393997	-1420
4.06193399429	-1300
4.06204891205	543
4.10299897194	-1420
4.10301804543	-1420
4.10307407379	-1420
4.10307693481	-1420
4.10311198235	-1220
4.10311388969	-1380
4.10326385498	-1420
4.10326600075	-1420
4.10326695442	-1300
4.1032679081	-1380
4.10353088379	-1420
4.1035349369	-1420
4.10357308388	-1300
4.10373592377	543
4.10886096954	-1420
4.10886693001	-1340
4.10918903351	-1380
4.10953402519	-1420
4.10956597328	-1340
4.11219000816	-1380
4.11232590675	-1420
4.1123290062	-1420
4.11243891716	-1420
4.1124420166	-1260
4.11247706413	-1420
4.11247992516	-1420
4.11251306534	-1300
4.15124201775	-1420
4.15125203133	-1420
4.15129184723	-1420
4.15129494667	-1260
4.15224790573	-1420
4.15225291252	-1420
4.15229105949	-1300
4.15234303474	-1380
4.15249300003	543
4.15262889862	-1420
4.15263390541	-1420
4.15267205238	-1300
4.16016292572	-1380
4.16026997566	543
4.1603500843	-1420
4.160353899	-1340
4.16059589386	-1380
4.16121506691	-1420
4.16125607491	-1340
4.16138792038	-1380
4.16155004501	-1420
4.16155385971	-1340
4.16173601151	-1380
4.1617410183	-1420
4.16176891327	-1340
4.1619079113	-1420
4.16194605827	-1340
4.1619489193	-1380
4.16206502914	543
4.16216087341	-1380
4.17381191254	-1420
4.17387700081	-1420
4.1738820076	-1300
4.19705200195	-1420
4.19706892967	-1340
4.19714307785	-1380
4.20235300064	-735
4.20255088806	-1420
4.20256400108	-1340
4.20278000832	-1380
4.20313096046	-1420
4.20319485664	-1340
4.20379304886	-1420
4.20383691788	-1340
4.20428395271	-1420
4.2043299675	-1420
4.20433497429	-1300
4.20437192917	-1380
4.20487189293	543
4.20642900467	-1420
4.20643496513	-1340
4.20677399635	-1380
4.20928096771	-1380
4.20937991142	543
4.20997691154	-1420
4.20999097824	-1340
4.21098089218	-1420
4.21098589897	-1340
4.21126794815	-1380
4.21139502525	-1420
4.2114238739	-1340
4.21333408356	543
4.24447798729	-1420
4.24448990822	-1420
4.24454808235	-1420
4.24455094337	-1260
4.24789500237	-1420
4.24790096283	-1340
4.24823999405	-1380
4.24843502045	-1420
4.24847793579	-1340
4.24864196777	-1380
4.29724001884	-1420
4.29725694656	-1420
4.29731106758	-1300
4.29771590233	-1420
4.29774999619	-1340
4.29835605621	-1420
4.29839086533	-1420
4.29839396477	-1420
4.29840993881	-1260
4.29850292206	543
4.29863095284	-1380
4.30016493797	-1420
4.30024790764	-1420
4.30025100708	-1300
4.30028796196	-1380
4.30056500435	-1380
4.30903100967	-1380
4.30904698372	-1380
4.30945396423	-1380
4.34375405312	-203
4.48504495621	-543
4.48541307449	543
4.6311879158	-1057
4.64933490753	-1420
4.64940190315	-1420
4.64940786362	-1300
4.64956903458	543
4.68302202225	-1420
4.68303704262	-1340
4.6839568615	543
4.73198103905	-1380
4.76670503616	-1380
4.7676680088	543
4.79061603546	-251
5.040610075	-543
5.04358196259	1057
5.18523287773	-543
5.26029491425	-1380
5.26036500931	-1380
5.26113986969	-1420
5.26119303703	-1340
5.26158189774	-1380
5.26278400421	-1420
5.26283407211	-1420
5.26287007332	-1300
5.27061796188	-1420
5.27066302299	-1340
5.30908894539	-1420
5.30915689468	-1420
5.30925607681	-1420
5.30929994583	-1260
5.30930304527	-1380
5.30953288078	-1420
5.30953598022	-1340
5.309664011	543
5.30980300903	-1420
5.30980706215	-1340
5.31014800072	-1420
5.31015300751	-1420
5.3101940155	-1300
5.31043386459	-1380
5.31049799919	-1380
5.31123304367	-1420
5.31125593185	-1340
5.31153702736	-1420
5.31155991554	-1340
5.31910586357	-1420
5.31918406487	-1340
5.31918692589	-1380
5.35111093521	-1420
5.35112786293	-1340
5.35133886337	-1420
5.35134291649	-1420
5.35138201714	-1300
5.35185599327	-1380
5.3520488739	543
5.35222887993	543
5.36039805412	-1420
5.36041402817	-1420
5.36047697067	-1300
5.36059999466	-1420
5.36060285568	-1340
5.36082792282	-1420
5.36087703705	-1340
5.36098194122	-1420
5.36105108261	-1340
5.36115884781	-1380
5.36162495613	-1420
5.3616309166	-1420
5.36169505119	-1300
5.36203694344	-1420
5.36206007004	-1340
5.36229801178	-1420
5.36233997345	-1340
5.36237287521	-1420
5.36239099503	-1420
5.36239290237	-1300
5.36249899864	-1380
5.36253786087	543
5.36278605461	-1380
5.38647198677	-206
5.39939904213	-1420
5.39940905571	-1340
5.40050601959	-1420
5.40051102638	-1340
5.40071702003	-1380
5.40796399117	-1420
5.40801692009	-1340
5.40848207474	-1380
5.40850496292	-1420
5.40850806236	-1340
5.4085919857	-1380
5.40869998932	543
5.4089820385	-1420
5.40898704529	-1420
5.40902996063	-1300
5.40903186798	-1420
5.40906691551	-1340
5.40914487839	543
5.40926790237	-1380
5.52776288986	-1017
5.53704285622	1460
5.53709888458	1460
5.53715491295	1161
5.53728985786	1460
5.53732705116	1199
5.53785395622	1057
5.53830194473	1057
5.53874087334	1057
5.53909993172	1057
5.63182091713	1057
5.67379999161	1057
5.67440795898	1057
5.74131989479	-543
5.74991488457	-1380
5.74998402596	-1380
5.7504529953	543
5.75065588951	-1380
5.7994260788	-1420
5.79949307442	-1420
5.7995300293	-1300
5.79957485199	-1380
5.80002999306	543
5.8105199337	-1420
5.81052589417	-1340
5.81094002724	543
5.83821797371	-1420
5.83824086189	-1340
5.838285923	-1380
5.8385989666	-1420
5.83863186836	-1340
5.83873701096	543
5.83887791634	-1380
5.83937191963	-1380
5.83940887451	-1380
5.83947396278	-1380
5.83980202675	-1420
5.83981704712	-1340
5.8399169445	-1380
5.84010505676	-1420
5.84014987946	-1340
5.84034705162	543
5.84044194221	-1380
5.84780192375	-1420
5.84786105156	-1340
5.84786391258	-1380
5.84801292419	543
5.84863495827	-1420
5.84864091873	-1340
5.84879899025	-1420
5.84880185127	-1340
5.84890604019	1057
5.85328602791	543
5.86617588997	1460
5.86623287201	111
5.8667318821	543
5.86696887016	543
5.89116692543	1057
5.89137792587	-1420
5.89138507843	-1420
5.89142799377	-1420
5.8914308548	-285
5.89160585403	1057
5.89194202423	-1380
5.89867591858	-1420
5.89870285988	-1340
5.92677307129	-1380
5.92755389214	-1420
5.92755889893	-1340
5.92785692215	-1420
5.92786192894	-1340
5.92808699608	-1420
5.92809987068	-1340
5.92819905281	-1380
5.92853593826	-1380
5.93370485306	-1380
5.93430185318	-1420
5.93433785439	-1340
5.93438100815	-1380
5.93515300751	-1420
5.9351670742	-1340
5.93595504761	-1380
5.93855595589	-1420
5.93858098984	-1340
5.93874597549	-1380
5.97961688042	-1420
5.97963500023	-1420
5.97968292236	-1300
5.97983288765	543
5.98301887512	-1420
5.98302602768	-1340
5.98358488083	-1420
5.98358988762	-1420
5.98365592957	-1300
5.98365807533	-1380
5.98370599747	-1380
5.99164891243	-1380
5.99869799614	543
5.9990260601	543
5.9993159771	543
5.99952507019	543
6.03264784813	-330
6.07611107826	-1380
6.07648587227	-1380
6.07663393021	543
6.07734203339	-1380
6.07832598686	543
6.07838606834	-1420
6.07838892937	-1340
6.07849097252	-1420
6.07849287987	-1420
6.07852888107	-1300
6.07871603966	-1420
6.07880091667	-1340
6.07880401611	-1420
6.07884097099	-1340
6.08766007423	-1380
6.08774995804	-1380
6.09633708	543
6.12284588814	543
6.12372398376	543
6.16141891479	-1420
6.16143488884	-1420
6.16148900986	-1420
6.16149187088	-1260
6.16186499596	-1420
6.16186904907	-1340
6.17308807373	-1420
6.17311096191	-1340
6.1731710434	-1380
6.1735599041	543
6.18083691597	543
6.21361899376	-1135
6.21428394318	543
6.21449589729	543
6.27422094345	-1420
6.27424097061	-1340
6.27461194992	-1380
6.27504992485	-1380
6.28404593468	-1420
6.28406190872	-1340
6.31675004959	-1420
6.31676602364	-1420
6.31682896614	-1300
6.31703400612	543
6.35627985001	-575
6.36555600166	-1420
6.36560487747	-1340
6.45959186554	-1420
6.45961093903	-1340
6.45996499062	-1420
6.45996904373	-1340
6.46015691757	-1380
6.47228097916	-1380
6.47451591492	543
6.49306106567	543
6.50620388985	543
6.50647807121	543
6.50667095184	-1420
6.50667595863	-1340
6.50674700737	-1309
6.56317591667	-1420
6.56318593025	-1420
6.56323003769	-1300
6.5973470211	-1420
6.59736204147	-1420
6.59741806984	-1300
6.66128993034	-1420
6.66130805016	-1420
6.66136407852	-1300
6.69494390488	-604
6.69686603546	-1420
6.69693398476	-1420
6.69693589211	-1300
6.6977288723	543
6.74297904968	-1380
6.74994397163	-1420
6.75000691414	-1420
6.75001096725	-1300
6.79888105392	-1420
6.7988960743	-1340
6.79905700684	-1380
6.83812689781	-795
6.8481118679	-1420
6.84813284874	-1340
6.8484389782	-1380
6.88048887253	-1420
6.88053488731	-1340
6.89641690254	-1380
6.96626996994	1460
6.96634793282	111
6.97951889038	-60
6.97983193398	-1420
6.97985887527	-1340
6.98776602745	-1420
6.98781704903	-1420
6.98781991005	-1300
6.98903298378	-1420
6.9890370369	-1420
6.98908090591	-1300
6.99095797539	-1420
6.99100804329	-1340
6.99617505074	543
6.99638605118	543
7.03492093086	-1380
7.03587985039	-1380
7.04827189445	-1380
7.08142805099	-1420
7.08150792122	-1340
7.09337496758	-1420
7.09344387054	-1420
7.09344887733	-1300
7.11624002457	543
7.11750388145	543
7.12068295479	-752
7.12146902084	543
7.13066792488	-1380
7.13110089302	-1380
7.13383102417	1460
7.13389205933	1460
7.13392806053	193
7.1346540451	1460
7.13470292091	1460
7.13474488258	193
7.14093899727	1460
7.14099907875	1460
7.14105296135	193
7.14206004143	-1380
7.1441950798	543
7.14442300797	543
7.14476490021	543
7.17618393898	-1420
7.17619490623	-1340
7.17625308037	-1380
7.22236704826	-1420
7.22237992287	-1340
7.2240049839	-1380
7.23502087593	-1420
7.23503494263	-1340
7.23506808281	-1380
7.26309204102	-207
7.27206587791	-1420
7.27208399773	-1340
7.28766298294	-1380
7.31506085396	-1420
7.31507706642	-1420
7.31513094902	-1300
7.32563400269	-1380
7.32576489449	543
7.32791996002	-1420
7.32792496681	-1420
7.3279709816	-1300
7.37531590462	-1420
7.37532901764	-1340
7.40452003479	-1148
7.4096159935	-1420
7.40962100029	-1340
7.41342997551	-1380
7.42644405365	-1420
7.42646503448	-1340
7.42705798149	-1380
7.43092703819	543
7.4602329731	-1420
7.46024894714	-1420
7.46030688286	-1300
7.47191691399	-1420
7.47196602821	-1420
7.47197008133	-1300
7.50571107864	-1380
7.5058760643	543
7.51161789894	-1420
7.51163291931	-1340
7.51209902763	-1380
7.54587507248	-826
7.55014705658	-1420
7.55015206337	-1340
7.55132389069	-1380
7.55422902107	-1420
7.55426907539	-1340
7.55511808395	-1380
7.56354188919	-1420
7.56354689598	-1340
7.59998703003	-1420
7.60000085831	-1420
7.60005903244	-1300
7.60038805008	-1380
7.60191702843	-1380
7.61088490486	-1380
7.64913702011	-1420
7.64916396141	-1420
7.64926695824	-1300
7.64927101135	-1380
7.65574908257	-1380
7.66203093529	543
7.66474103928	543
7.66632986069	1057
7.68735194206	-487
7.69313001633	-1420
7.69316887856	-1340
7.69507193565	-1380
7.70742988586	-1420
7.70743894577	-1340
7.7361228466	543
7.73754191399	-1420
7.73755788803	-1340
7.73758387566	-1380
7.73813486099	-1420
7.73815798759	-1340
7.73840308189	-1380
7.73871302605	-1420
7.73871707916	-1420
7.73875594139	-1300
7.7428150177	543
7.7430100441	543
7.74967288971	-1380
7.78650188446	-1420
7.78657698631	-1340
7.78738903999	-1380
7.79705286026	-1420
7.79706096649	-1420
7.79710793495	-1300
7.80622696877	543
7.82819604874	-1420
7.82824993134	-1340
7.82853794098	-1380
7.82871699333	-725
7.82879686356	543
7.83271002769	-1380
7.83374595642	-1380
7.83424091339	-1380
7.83424496651	-1380
7.83901786804	-1420
7.83902192116	-1340
7.85227489471	543
7.86295390129	543
7.87434697151	-1420
7.87436008453	-1340
7.88351798058	-1420
7.88352894783	-1340
7.89551687241	-1420
7.89554095268	-1340
7.89570403099	-1380
7.92999696732	-1420
7.93006300926	-1340
7.93006896973	-1380
7.9311170578	-1420
7.9311208725	-1420
7.93116497993	-1420
7.93116807938	-1260
7.94449496269	-1420
7.94450497627	-1340
7.95088100433	543
7.96485304832	-1420
7.96486592293	-1340
7.97024798393	-725
7.97042298317	543
7.97566485405	-1380
7.98116803169	1057
7.99154901505	-1420
7.99156498909	-1340
8.06014490128	-1420
8.06016302109	-1340
8.07289600372	-1420
8.0729060173	-1340
8.07326507568	-1420
8.07326889038	-1340
8.07351207733	-1420
8.07351589203	-1340
8.07369804382	-1420
8.07370090485	-1420
8.07373785973	-1300
8.076171875	543
8.0844950676	-1420
8.08450293541	-1340
8.10355091095	-1420
8.10357189178	-1340
8.10389900208	-1380
8.11247801781	-769
8.11534905434	-1380
8.1327290535	-1420
8.13277602196	-1340
8.14826607704	-1420
8.14833307266	-1340
8.14845895767	-1380
8.18037605286	-1380
8.18039298058	-1420
8.18044686317	-1340
8.19152092934	-1420
8.19155907631	-1340
8.19179606438	-1380
8.21043586731	-1420
8.21046090126	-1340
8.21073102951	-1380
8.21237587929	543
8.22312307358	-1420
8.22314786911	-1340
8.22329998016	-1380
8.23093795776	543
8.24808001518	-1420
8.2480969429	-1340
8.25390386581	-1047
8.25399899483	543
8.26468896866	1460
8.26475405693	111
8.27240896225	-1420
8.27241587639	-1340
8.27300095558	-1380
8.35181498528	-1420
8.35183286667	-1340
8.36058807373	-1380
8.36685085297	-1380
8.36704087257	-1380
8.36730885506	-1380
8.36747789383	-1380
8.37070298195	-1420
8.37070894241	-1420
8.37075090408	-1300
8.37075400352	-1420
8.37078785896	-1340
8.39542293549	-1120
8.40814089775	-1420
8.40816092491	-1340
8.40858101845	-1380
8.40873599052	543
8.42075896263	-1420
8.42077302933	-1340
8.42108798027	-1380
8.45507597923	-1380
8.45532393456	-1420
8.45532894135	-1340
8.465102911	-1380
8.46518588066	-1380
8.50247502327	-1420
8.50249290466	-1340
8.50253796577	-1380
8.53090596199	543
8.53625106812	543
8.53646802902	543
8.53670787811	-987
8.53681707382	543
8.59624385834	-1420
8.59625196457	-1340
8.63650202751	-1380
8.63675999641	-1420
8.63680100441	-1340
8.63703298569	-1380
8.63767004013	-1420
8.6376760006	-1340
8.63779592514	-1420
8.63779902458	-1340
8.63790893555	543
8.63795399666	-1380
8.64848589897	-1380
8.67806696892	-634
8.6869559288	-1420
8.68700790405	-1340
8.68720006943	-1380
8.68727302551	-1380
8.68741488457	-1380
8.70006990433	-1380
8.73173999786	-1420
8.73181390762	-1340
8.73181891441	-1380
8.74341702461	-1420
8.74342489243	-1340
8.74380707741	-1380
8.77284789085	-543
8.7798230648	-1420
8.77989697456	-1420
8.77990198135	-1420
8.77993702888	-1260
8.77993893623	-1420
8.77997398376	-1340
8.78022789955	543
8.81091403961	543
8.81979584694	-1208
8.82991600037	-1420
8.82995390892	-1340
8.83988904953	-1420
8.83992195129	-1340
8.84011101723	-1380
8.87423992157	-1420
8.87424993515	-1340
8.87442302704	-1380
8.87459087372	-1380
8.87467002869	-1380
8.87509298325	-1380
8.87518191338	-1380
8.88094997406	543
8.88708496094	-1380
8.91087889671	1460
8.91096401215	1460
8.91100287437	193
8.91958594322	-1380
8.9310028553	-1420
8.93105387688	-1340
8.9312889576	-1380
8.96109390259	-47
8.9685819149	-1420
8.9686229229	-1340
8.96891188622	-1380
8.97383308411	-1420
8.97383785248	-1340
8.97411704063	-1380
9.01003694534	-1380
9.01246285439	-1420
9.01246905327	-1340
9.01288294792	-1380
9.01611685753	543
9.01627707481	543
9.02083492279	-543
9.0219578743	-1420
9.02196192741	-1340
9.02223300934	-1380
9.02242302895	543
9.05410003662	-1380
9.06020402908	-1380
9.07350897789	-1420
9.07352399826	-1420
9.07357907295	-1300
9.10256695747	-752
9.10813689232	-1420
9.10814285278	-1340
9.10842490196	-1380
9.11471605301	-1380
9.1265540123	1057
9.20316290855	-1380
9.2047419548	-1380
9.2050819397	-1420
9.20508790016	-1340
9.20515203476	-1380
9.24383997917	-1147
9.25124001503	-1420
9.25125789642	-1340
9.25143384933	543
9.25152492523	-1380
9.25197386742	-1420
9.25201106071	-1340
9.26411485672	-1380
9.27615904808	1057
9.28167295456	1057
9.29969501495	-1420
9.29970407486	-1340
9.300096035	-1380
9.31146502495	-1420
9.31150102615	-1340
9.35002803802	-1420
9.35007500648	-1340
9.35019302368	543
9.35282087326	-1420
9.35282707214	-1340
9.35286188126	-1420
9.35286402702	-1340
9.35367298126	543
9.36227107048	-1420
9.36228585243	-1420
9.36233997345	-1300
9.36316204071	-543
9.38568305969	-989
9.39400601387	-1380
9.39417290688	-1380
9.40606784821	-1420
9.40608286858	-1340
9.42053985596	1460
9.42603087425	111
9.4294629097	1460
9.42953395844	111
9.43529486656	-1420
9.43530297279	-1420
9.43535494804	-1300
9.43562602997	543
9.43693995476	1460
9.44601798058	111
9.44963002205	1460
9.44969391823	111
9.45035791397	-1420
9.45036387444	-1340
9.45060586929	-1380
9.45333099365	543
9.45458197594	1460
9.45463204384	111
9.52729892731	-1280
9.52745890617	543
9.52756094933	-1380
9.52821707726	-1420
9.52825498581	-1340
9.52852392197	-1380
9.53148889542	-1420
9.53151106834	-1340
9.53160905838	-1380
9.53287005424	543
9.53940606117	-1420
9.53941297531	-1340
9.53999996185	-1380
9.55046486855	-1420
9.55051207542	-1340
9.55125188828	-1380
9.58423900604	-1420
9.58425498009	-1340
9.58452892303	-1380
9.6018550396	-1420
9.60190200806	-1340
9.61442089081	-1380
9.61460399628	543
9.6246368885	-1420
9.62465596199	-1340
9.63514995575	-1420
9.6351749897	-1340
9.63532304764	543
9.65031599998	1057
9.66873693466	-1048
9.67198586464	-1420
9.67203497887	-1340
9.67229104042	-1380
9.74972987175	-1420
9.74974799156	-1340
9.74980401993	-1420
9.74980688095	-1340
9.74991297722	-1420
9.74991607666	-1340
9.76164293289	-1420
9.76167297363	-1340
9.76173996925	-1380
9.7941429615	-1420
9.79419803619	-1340
9.79432106018	-1380
9.79480195045	543
9.8101940155	-1178
9.82412195206	1057
9.83689308167	543
9.83809304237	-1420
9.83809900284	-1340
9.85022592545	-1380
9.87988305092	-1420
9.87995004654	-1420
9.87995386124	-1300
9.88112592697	543
9.9514439106	-60
9.95159292221	543
10.0126609802	-1420
10.0126779079	-1340
10.0617179871	-1380
10.0927410126	-30
10.1112530231	-1420
10.1112689972	-1340
10.111330986	-1380
10.1118278503	-1420
10.1118500233	-1340
10.1124060154	-1380
10.1224410534	-1420
10.122451067	-1340
10.1226260662	-1380
10.1619570255	-1420
10.1619708538	-1340
10.209225893	-1380
10.2094669342	543
10.2338740826	-120
10.3024599552	-1420
10.3024768829	-1340
10.3034379482	-1420
10.303442955	-1340
10.3040418625	-1380
10.314041853	-1420
10.3140559196	-1340
10.3145570755	-1380
10.3478119373	-1420
10.3478400707	-1420
10.3478889465	-1300
10.3478908539	-1380
10.3603670597	-1420
10.3603789806	-1340
10.3753550053	-987
10.3940079212	-1420
10.3940310478	-1340
10.439841032	-1380
10.4432179928	-1420
10.4432349205	-1340
10.4434530735	-1380
10.443516016	543
10.4863798618	-1420
10.4864010811	-1340
10.4885370731	-1380
10.4886250496	543
10.4901690483	-1420
10.4901750088	-1420
10.4902179241	-1300
10.5353870392	-1420
10.5353999138	-1420
10.5354418755	-1097
10.5794100761	-1420
10.5794279575	-1420
10.5794858932	-1300
10.5912358761	-1420
10.5912549496	-1340
10.6383779049	-1420
10.638395071	-1340
10.6384530067	-1380
10.6520049572	-1420
10.6520190239	-1340
10.6520688534	-1380
10.6766459942	-1420
10.6766610146	-1420
10.6767239571	-687
10.6770370007	-1380
10.6771888733	543
10.7703309059	-1420
10.7703490257	-1340
10.7704050541	-1380
10.7808558941	-1420
10.7809510231	-1340
10.7809579372	-1380
10.7826218605	543
10.8109209538	543
10.8115470409	-1420
10.8115539551	-1340
10.8116300106	-1380
10.811770916	-1420
10.8118109703	-1340
10.8121349812	-1380
10.8176569939	-150
10.8612129688	-1420
10.8612308502	-1420
10.8612840176	-1300
10.873857975	-1420
10.8738729954	-1340
10.8740479946	543
10.8740990162	-1380
10.9065570831	-1420
10.9066240788	-1340
10.9070079327	-1380
10.9071369171	543
10.9082269669	-1420
10.90823102	-1340
10.908675909	-1380
10.9548659325	-1420
10.9548900127	-1340
10.9550559521	-1380
10.9588799477	-150
10.9669349194	-1420
10.9669508934	-1340
10.9670748711	-1380
11.0045349598	-1420
11.0045509338	-1340
11.0050280094	-1380
11.0052568913	-1420
11.005261898	-1340
11.0057380199	-1380
11.0536749363	-1420
11.0536930561	-1340
11.065237999	-1420
11.0652480125	-1340
11.065664053	-1380
11.0988330841	-1420
11.0988478661	-1420
11.0989029408	-1300
11.0990350246	543
11.0992460251	-1420
11.0992500782	-1340
11.0995080471	-1380
11.1003849506	-1076
11.1956338882	-1420
11.1956510544	-1420
11.1957528591	-1300
11.1960618496	-1420
11.1970598698	-1340
11.1970710754	-1420
11.1971480846	-1340
11.1971518993	-1380
11.1971800327	-1380
11.1973788738	543
11.2077229023	-1420
11.2077400684	-1340
11.2081210613	-1380
11.2414019108	-1420
11.2414488792	-1340
11.2417969704	-987
11.2419109344	543
11.2541270256	-1420
11.2541370392	-1340
11.2543208599	-1380
11.2964720726	-1420
11.2964980602	-1340
11.296530962	-1380
11.2970979214	-1420
11.2971019745	-1420
11.2971549034	-1300
11.342097044	-1420
11.3421139717	-1340
11.3422858715	-1380
11.3533370495	-1420
11.3533480167	-1420
11.3533980846	-1300
11.3892970085	-1420
11.3893139362	-1340
11.3894810677	-1380
11.3898758888	-1420
11.3898808956	-1340
11.3903830051	-1380
11.3905360699	543
11.3952209949	-753
11.5267939568	-1420
11.5268199444	-1340
11.527203083	-1420
11.5272090435	-1340
11.5274760723	-1420
11.5274899006	-1420
11.5275468826	-1300
11.5275499821	-1380
11.5369460583	-1420
11.5369579792	-1420
11.5370190144	-1420
11.5370218754	-294
11.5409379005	543
11.5879409313	-1420
11.5879540443	-1420
11.5880079269	-1300
11.6004059315	-1420
11.6004650593	-1340
11.600728035	-1380
11.623249054	-1420
11.623265028	-1420
11.62332201	-1300
11.623511076	543
11.6299579144	1057
11.6707549095	-1420
11.6707689762	-1340
11.6708400249	-1380
11.6780869961	-120
11.7167780399	-1420
11.716796875	-1420
11.716853857	-1300
11.7277128696	-1420
11.7277798653	-1340
11.7282400131	-1380
11.7797448635	-1420
11.7797720432	-1340
11.7801370621	-1380
11.8073868752	-1420
11.8074500561	-1340
11.8074538708	-1380
11.8195040226	-1420
11.819519043	-1420
11.8195738792	-1420
11.8195769787	-573
11.8197720051	543
11.8564739227	-1420
11.8564999104	-1340
11.8566679955	-1380
11.866863966	-1420
11.8669278622	-1340
11.8709549904	-1380
11.8710808754	543
11.900400877	-1420
11.9004189968	-1340
11.9006578922	-1380
11.9137160778	-1420
11.9137508869	-1340
11.9138748646	-1380
11.9490258694	-1420
11.9490430355	-1340
11.9494009018	-1380
11.9494919777	543
11.9606108665	-150
11.9652888775	-1420
11.9653739929	-1340
11.9653768539	-1380
11.9966108799	-1420
11.9966208935	-1340
11.9969499111	-1380
12.0082318783	-1420
12.008302927	-1420
12.0083069801	-1300
12.0428550243	-1420
12.0428700447	-1340
12.0429320335	-1380
12.0550620556	-1420
12.0551290512	-1340
12.0551328659	-1380
12.0553119183	543
12.0779819489	-1420
12.0779979229	-1340
12.0781588554	-1380
12.1017808914	-1420
12.101845026	-1420
12.1018490791	-1420
12.1018850803	-90
12.1239528656	-1420
12.1240098476	-1340
12.1362888813	-1380
12.1528949738	-1420
12.1529109478	-1340
12.154073	-1380
12.169066906	-1420
12.169137001	-1340
12.1912090778	-1380
12.1913979053	543
12.2015678883	-1420
12.2015860081	-1340
12.2018530369	-1380
12.2137320042	-1420
12.213796854	-1340
12.2139430046	543
12.2141978741	-1380
12.242980957	-150
12.244987011	-1420
12.2449929714	-1340
12.2454719543	-1380
12.2637739182	-1420
12.2638120651	-1340
12.2769730091	-1380
12.2776989937	-1420
12.2777049541	-1340
12.2779939175	-1380
12.3163700104	-1420
12.3164379597	-1340
12.3164429665	-1380
12.3296020031	-1420
12.3296179771	-1340
12.3297829628	-1380
12.3299479485	543
12.3301858902	-1420
12.330190897	-1340
12.3304228783	-1380
12.366724968	-1420
12.3667919636	-1340
12.367030859	-1380
12.3720018864	543
12.3736829758	543
12.3754599094	-1420
12.3754649162	-1340
12.3762919903	-1380
12.3768799305	-1420
12.376983881	-1340
12.3769860268	-1380
12.3843529224	-270
12.3908789158	1460
12.3909409046	1460
12.3909800053	1161
12.3911259174	603
12.3918139935	543
12.3999190331	-1420
12.3999240398	-1340
12.4073419571	1057
12.4099059105	-1380
12.4245669842	-1420
12.4246208668	-1340
12.4247560501	-1380
12.4248430729	543
12.4305529594	-1420
12.4305670261	-1340
12.430836916	-1380
12.4647779465	-1420
12.4648349285	-1340
12.4700529575	-1380
12.4704620838	-1420
12.4704658985	-1340
12.4705059528	-1380
12.482478857	-1420
12.4825050831	-1340
12.4830539227	-1380
12.5132348537	-1380
12.5133030415	-1420
12.5133428574	-1340
12.5247108936	-1420
12.5247519016	-1340
12.5254919529	-1380
12.5255138874	-240
12.5270960331	-1420
12.5271370411	-1340
12.527369976	-1380
12.5645718575	-1420
12.5645890236	-1340
12.5646328926	-1380
12.5733029842	-1420
12.5733549595	-1340
12.5734498501	-1380
12.5769450665	-1420
12.5769560337	-1340
12.577573061	-1380
12.6120128632	-1420
12.6120679379	-1340
12.6121928692	-1380
12.618751049	-1420
12.6187579632	-1340
12.6191959381	-1380
12.6221768856	-1420
12.6222388744	-1340
12.6223399639	-1380
12.6260828972	543
12.6608018875	-1420
12.6608159542	-1420
12.6608788967	-1300
12.663697958	-1420
12.6637489796	-1340
12.6637508869	-1380
12.6666140556	-813
12.6706578732	-1420
12.6706850529	-1340
12.7049350739	-1420
12.7049930096	-1340
12.7051460743	-1380
12.7062928677	-1420
12.7062978745	-1340
12.7063958645	-1380
12.7064669132	543
12.7067298889	-1420
12.7067348957	-1340
12.7068769932	-1380
12.7111170292	-1380
12.7191028595	-1420
12.7191269398	-1340
12.7196838856	543
12.7549159527	-1420
12.7549319267	-1420
12.7549948692	-1300
12.7589449883	-1420
12.7589888573	-1340
12.759100914	-1380
12.7681610584	-1420
12.7681660652	-1420
12.7682340145	-1300
12.7682368755	-1380
12.7761158943	543
12.8028008938	-1420
12.8028140068	-1340
12.8030998707	-1420
12.8031039238	-1340
12.8032259941	-1380
12.8038489819	-1420
12.803869009	-1340
12.8039579391	-1380
12.8067109585	543
12.8077020645	-1167
12.8157010078	-1420
12.8157329559	-1340
12.816493988	-1380
12.8560299873	-1420
12.8560450077	-1340
12.8563129902	-1420
12.8563170433	-1420
12.8563549519	-1300
12.8567268848	-1380
12.864773035	-1420
12.8647809029	-1340
12.8651149273	-1380
12.8953330517	-1420
12.8954000473	-1420
12.8954050541	-1300
12.9043779373	-1420
12.904394865	-1420
12.9044380188	-1420
12.9044399261	-1420
12.9044559002	-1220
12.904859066	-1380
12.9051110744	-1420
12.9051139355	-1340
12.9055068493	-1380
12.9110388756	543
12.9438719749	-1420
12.9438869953	-1340
12.9520289898	-1380
12.9538450241	-1420
12.9538779259	-1340
12.9542920589	-1380
12.9566509724	-300
12.9633719921	-1420
12.9634070396	-1340
12.9635279179	-1380
12.9636268616	1057
12.9765610695	-1420
12.9765779972	-1340
12.9771180153	-1380
12.9943590164	-1420
12.9944028854	-1340
12.9945468903	-1380
13.0067310333	-1420
13.0067379475	-1340
13.0068509579	-1380
13.0108890533	543
13.0301249027	-1420
13.0301430225	-1340
13.0302810669	-1380
13.0400500298	-1420
13.0400979519	-1340
13.0404119492	-1380
13.0416560173	-1420
13.0416610241	-1340
13.0417940617	-1380
13.0453929901	543
13.0538978577	-1420
13.0539219379	-1340
13.0539710522	-1380
13.0760600567	-1420
13.0761330128	-1420
13.0761370659	-1300
13.0872290134	-1420
13.0872368813	-1420
13.0872879028	-1300
13.0917160511	-1420
13.0917730331	-1340
13.0917758942	-1380
13.0980319977	-330
13.1186158657	-1420
13.1186649799	-1340
13.1186690331	-1380
13.1319410801	-1420
13.1319470406	-1340
13.1326110363	-1380
13.1409080029	-1420
13.1409549713	-1340
13.1410479546	543
13.1414248943	-1380
13.1435129642	-1420
13.1435580254	-1420
13.1435608864	-1300
13.1607329845	-1420
13.160738945	-1340
13.1608030796	-1380
13.1801888943	-1420
13.180257082	-1340
13.1802608967	-1380
13.1820878983	-1420
13.1820919514	-1340
13.1822180748	-1380
13.1881940365	-1420
13.1882278919	-1340
13.1885318756	-1380
13.2035748959	-1420
13.203594923	-1340
13.2037630081	-1380
13.231760025	-1420
13.2318179607	-1340
13.2321460247	-1380
13.2326738834	-1380
13.2327280045	-1420
13.232763052	-1340
13.2386438847	-1420
13.238713026	-1340
13.2387158871	-1380
13.238973856	543
13.2393820286	-903
13.2538180351	-1380
13.2539799213	-1380
13.2752320766	-1420
13.2752768993	-1340
13.2759170532	-1380
13.280962944	-1420
13.2809698582	-1340
13.2813968658	-1380
13.2819850445	-1420
13.2820360661	-1420
13.2820379734	-1300
13.2820730209	-1380
13.2861058712	1057
13.3063340187	-1420
13.3063569069	-1340
13.3194499016	-1420
13.319455862	-1340
13.3198239803	-1380
13.3261229992	543
13.3293418884	-1420
13.3293478489	-1340
13.329408884	-1380
13.3302550316	-1420
13.3302810192	-1340
13.3305230141	-1380
13.3306090832	-1380
13.3435299397	-1420
13.343585968	-1340
13.3444368839	543
13.3807420731	-1107
13.411164999	-1420
13.411208868	-1340
13.4122538567	-1380
13.4128818512	-1420
13.4128849506	-1340
13.4139180183	-1380
13.4144010544	-1420
13.4144358635	-1340
13.4151659012	-1380
13.415997982	-1420
13.4160029888	-1340
13.4164860249	-1380
13.4170680046	-1420
13.4171190262	-1340
13.4193730354	-1380
13.4237968922	-1420
13.4238009453	-1340
13.4243378639	-1380
13.4368889332	-1420
13.4369308949	-1340
13.4370059967	543
13.455188036	-1380
13.4576458931	-1420
13.4576768875	-1340
13.457723856	-1380
13.4651930332	-1420
13.465200901	-1340
13.4656429291	-1380
13.4661910534	-1420
13.4662230015	-1340
13.4663500786	-1380
13.4947960377	-1420
13.494809866	-1340
13.5036330223	-1380
13.5124659538	-1420
13.5125229359	-1340
13.5126869678	-1380
13.5166890621	-1420
13.5166959763	-1340
13.5168569088	-1380
13.5427248478	-1420
13.542773962	-1340
13.5428519249	-1380
13.5430419445	543
13.5523779392	-420
13.5541930199	-1420
13.5542449951	-1340
13.5542478561	-1380
13.554530859	-1420
13.5545358658	-1340
13.5546960831	-1380
13.5690460205	-1420
13.56909585	-1340
13.5695888996	-1380
13.5921509266	-1420
13.5921628475	-1340
13.6032130718	-1380
13.6033089161	543
13.6036760807	-1420
13.6036808491	-1340
13.6042778492	-1380
13.6060478687	543
13.6757619381	-1420
13.6757810116	-1340
13.676003933	-1380
13.6870250702	-1420
13.6870620251	-1340
13.6872019768	-1380
13.6873939037	-1420
13.6873970032	-1340
13.6878769398	-1380
13.6935620308	-240
13.6937348843	543
13.6950290203	-1420
13.6950349808	-1340
13.695376873	-1380
13.6980009079	-1420
13.6980359554	-1340
13.6980390549	-1380
13.6983590126	1057
13.7107758522	-1420
13.7107899189	-1340
13.7110118866	-1380
13.7885429859	-1420
13.7885639668	-1340
13.7890000343	-1420
13.789003849	-1340
13.7896108627	-1380
13.7896158695	-1380
13.7907760143	-1420
13.7907810211	-1340
13.7910900116	-1380
13.8008310795	-1420
13.8008389473	-1420
13.8008768559	-1300
13.8012959957	543
13.8023228645	543
13.8101320267	543
13.8350698948	-210
13.8366038799	-1420
13.8366620541	-1340
13.8591339588	-1380
13.8597109318	-1420
13.8597180843	-1340
13.8599228859	-1380
13.8855919838	-1420
13.8856470585	-1340
13.8856508732	-1380
13.8942558765	-1420
13.8942639828	-1340
13.8943948746	543
13.8946449757	-1380
13.9313659668	-1420
13.9314329624	-1340
13.9314370155	-1420
13.9314739704	-1420
13.9314758778	-1420
13.931511879	-1260
13.9762370586	-723
13.9775350094	-1420
13.9775409698	-1340
14.0122089386	-1420
14.0122249126	-1340
14.012321949	-1380
14.0262188911	-1420
14.0262439251	-1420
14.0262820721	-1300
14.0480089188	-1380
14.0480940342	-1380
14.0486779213	-1380
14.05082798	-1380
14.0671930313	-1420
14.0672118664	-1340
14.0929639339	-1420
14.092979908	-1340
14.0930428505	-1380
14.1188659668	-1017
14.1279549599	-1420
14.1279768944	-1340
14.1282808781	-1380
14.1316459179	1057
14.1428229809	-1420
14.1428339481	-1340
14.1513140202	543
14.1653220654	-1380
14.1654479504	543
14.1656899452	1057
14.1782679558	-1420
14.1782798767	-1340
14.1785879135	-1380
14.1907739639	-1420
14.1908159256	-1340
14.1909210682	543
14.1909689903	-1380
14.1911048889	543
14.2067768574	543
14.207048893	543
14.2134549618	-1420
14.2134618759	-1340
14.2135519981	-1380
14.2138800621	-1420
14.2139189243	-1340
14.2143368721	-1380
14.2346830368	-1420
14.2347090244	-1340
14.2349550724	-1380
14.2376220226	543
14.2379059792	543
14.2602210045	-210
14.2681529522	-1420
14.26821208	-1340
14.2694618702	-1380
14.3117129803	-1420
14.3117289543	-1420
14.311784029	-1300
14.3117880821	-1420
14.3118319511	-1340
14.3122348785	-1380
14.3161649704	543
14.3168280125	543
14.3170800209	543
14.3236958981	-1420
14.3237109184	-1340
14.3238279819	-1380
14.3572289944	-1420
14.3572950363	-1340
14.3692610264	-1380
14.3705949783	-1420
14.3706009388	-1340
14.3709518909	-1380
14.3861608505	543
14.4016849995	-180
14.403553009	-1420
14.4036169052	-1420
14.4036200047	-1300
14.4049789906	-1420
14.4049830437	-1340
14.4054419994	-1380
14.4262900352	543
14.4265470505	543
14.4663369656	-1420
14.466356039	-1340
14.4748928547	-1380
14.4750978947	543
14.477380991	-1420
14.4773869514	-1340
14.4797439575	-1380
14.4894368649	543
14.4994790554	-1420
14.4994869232	-1340
14.5058670044	-1380
14.5108599663	543
14.5181179047	-1420
14.5181288719	-1340
14.5182759762	-1380
14.5303678513	-1420
14.530411005	-1340
14.5308718681	-1380
14.5427019596	-210
14.5567748547	1460
14.5568580627	111
14.5593700409	-1380
14.5594880581	-1380
14.5603239536	-1380
14.5604948997	-1420
14.560530901	-1340
14.5606029034	-1380
14.6015548706	-543
14.6026160717	-1420
14.6026229858	-1340
14.6030158997	-1380
14.6147248745	-1420
14.6147539616	-1340
14.6152739525	-1380
14.6214220524	543
14.6217069626	543
14.6546590328	-1420
14.6546759605	-1340
14.6548900604	-1380
14.655258894	-1420
14.6553058624	-1420
14.6553089619	-1300
14.6554250717	543
14.6841049194	-723
14.7009050846	-1420
14.7009620667	-1340
14.7060148716	-1420
14.7060389519	-1340
14.7064108849	-1380
14.7189059258	-1420
14.7189130783	-1340
14.719192028	-1380
14.7260818481	543
14.7535459995	-1420
14.7535629272	-1420
14.7536189556	-1420
14.7536220551	-1260
14.7680969238	-1420
14.7681138515	-1340
14.8079619408	-1420
14.8079788685	-1340
14.8084299564	-1380
14.8424458504	-1017
14.9422280788	-1420
14.9422399998	-1340
14.9422800541	-1380
14.943983078	-1420
14.9440078735	-1340
14.9443330765	-1380
14.9459929466	-1420
14.9459989071	-1340
14.9466180801	-1380
14.9521279335	-1420
14.9521648884	-1340
14.9525949955	-1380
14.9528529644	-1420
14.9528589249	-1340
14.953109026	-1380
14.9538710117	-1420
14.9539060593	-1340
14.9540200233	-1380
14.9838578701	-723
14.9915819168	-1420
14.9916250706	-1340
14.9998650551	-1420
14.9998979568	-1340
15.0003769398	-1380
15.0871539116	-1420
15.0871698856	-1340
15.0872249603	-1380
15.0873599052	543
15.0875630379	-1380
15.0876438618	543
15.0877900124	-1420
15.0877928734	-1340
15.0979700089	-1380
15.1244239807	-1420
15.1244778633	-1340
15.1250360012	-987
15.1355729103	-1420
15.1355838776	-1340
15.1356348991	-1380
15.1357359886	543
15.1730840206	-1420
15.1730999947	-1340
15.1849958897	-1380
15.2174210548	-1420
15.2174770832	-1340
15.2176389694	-1380
15.2290859222	-1420
15.2290918827	-1340
15.2292509079	-1380
15.2768778801	-120
15.2789130211	-1380
15.2791440487	-1420
15.2791490555	-1340
15.3601000309	-1420
15.3601169586	-1340
15.3631749153	-1380
15.3654768467	-1420
15.3654818535	-1340
15.3655500412	-1380
15.3708899021	543
15.3989009857	-1420
15.3989129066	-1340
15.3992729187	-1380
15.4101939201	-1420
15.4102458954	-1340
15.4104509354	-1380
15.4161379337	543
15.4179198742	-150
15.4521579742	-1420
15.4522068501	-1340
15.4523830414	-1380
15.4525110722	543
15.4786720276	-1420
15.478687048	-1340
15.5203859806	-1380
15.524340868	-1420
15.5243968964	-1340
15.524698019	-1380
15.5269160271	-1420
15.5269200802	-1340
15.5275430679	-1380
15.5397069454	-1420
15.5397379398	-1340
15.5400190353	-1380
15.5401198864	543
15.5594370365	-150
15.5715670586	-1380
15.571614027	-1380
15.6014270782	-1380
15.6133329868	-1420
15.6133489609	-1340
15.6133909225	-1380
15.6256480217	-1420
15.6256868839	-1340
15.6258950233	-1380
15.6587240696	-1420
15.6587400436	-1340
15.6588900089	-1380
15.6654698849	-1420
15.6655039787	-1340
15.6655080318	-1380
15.6934490204	-1420
15.6934628487	-1420
15.6935269833	-1300
15.7006559372	-180
15.7220480442	-1420
15.7220590115	-1340
15.7222130299	-1380
15.7396709919	-1420
15.7397089005	-1340
15.7593240738	-1380
15.7595808506	-1420
15.7595870495	-1340
15.7599179745	-1380
15.7612938881	543
15.795208931	-1420
15.7952339649	-1340
15.7956500053	-1380
15.8048660755	-1420
15.8049008846	-1340
15.8050248623	-1380
15.8051259518	543
15.8445739746	-1420
15.8445880413	-1340
15.8450660706	-1380
15.8540229797	-1420
15.854049921	-1340
15.8540520668	-1380
15.8633089066	-753
15.8848240376	-1420
15.8848719597	-1340
15.9006419182	-1420
15.9006819725	-1340
15.9008350372	-1380
15.9112670422	-1420
15.9112799168	-1340
15.9113268852	-1380
15.9114499092	543
15.9526469707	-1420
15.9526629448	-1340
15.9527158737	-1380
15.9535720348	-1380
15.9647290707	-1420
15.9647390842	-1340
16.0000240803	-1420
16.0000450611	-1340
16.0000970364	-1380
16.0046288967	-1017
16.0127079487	-1420
16.0127139091	-1420
16.0127639771	-1300
16.0204908848	-1420
16.0205230713	-1340
16.0207638741	-1380
16.0251438618	543
16.0522170067	-1420
16.0522348881	-1340
16.0522799492	-1380
16.0642549992	-1420
16.0642929077	-1340
16.0647900105	-1380
16.0950980186	-1420
16.095113039	-1340
16.0972809792	-1380
16.0975289345	-1420
16.0975630283	-1420
16.0975658894	-1300
16.1235759258	-1420
16.1236009598	-1340
16.1236388683	-1380
16.1435160637	-1420
16.1435768604	-1340
16.1445829868	-1380
16.1457810402	-240
16.156471014	-1420
16.1565060616	-1340
16.1567258835	-1380
16.1652889252	-1420
16.165293932	-1340
16.1656990051	-1380
16.1657810211	543
16.1886959076	-1420
16.1887018681	-1340
16.1888120174	-1380
16.2042169571	-1420
16.2043089867	-1420
16.2043159008	-1300
16.2150840759	-1420
16.2150950432	-1340
16.215679884	-1380
16.2369740009	-1420
16.2370209694	-1340
16.2371339798	-1380
16.2520890236	-1420
16.2520949841	-1340
16.2525589466	-1380
16.2771320343	-1380
16.2772409916	-1380
16.2772948742	543
16.2774538994	-1380
16.2871129513	-240
16.3185629845	-543
16.3530750275	-1380
16.3533680439	-1380
16.3635380268	-1380
16.3640198708	-1420
16.3640699387	-1340
16.3641870022	-1380
16.3643059731	543
16.3669729233	-1420
16.3669888973	-1340
16.367305994	-1380
16.453209877	-1420
16.4532289505	-1340
16.4534008503	-1380
16.4539408684	-1420
16.4539458752	-1340
16.4543118477	-1380
16.4547579288	-1420
16.454761982	-1340
16.4551000595	-1380
16.4682700634	-723
16.4684679508	543
16.5032010078	-1420
16.5032150745	-1340
16.5145800114	-1420
16.5145969391	-1340
16.5146410465	-1380
16.5682380199	-1420
16.5682609081	-1340
16.5685210228	-1380
16.5785200596	-1420
16.5785250664	-1340
16.5786049366	-1380
16.5979030132	-1380
16.6094789505	-120
16.6102519035	-1420
16.610257864	-1340
16.6519989967	-1420
16.6520068645	-1340
16.652135849	543
16.6523518562	-1380
16.6987700462	-1420
16.6987850666	-1340
16.6989789009	-1380
16.6990189552	543
16.6993808746	-1420
16.6993870735	-1340
16.6996269226	-1380
16.7113959789	-1380
16.7161018848	543
16.7506439686	-120
16.7978179455	-1420
16.7978279591	-1340
16.7983570099	-1420
16.7983598709	-1340
16.798486948	-1380
16.8091609478	-1420
16.8091669083	-1340
16.8092079163	-1380
16.8440048695	-1420
16.8440198898	-1340
16.8441720009	-1380
16.8532619476	-1380
16.8884620667	-1420
16.8885278702	-1340
16.898514986	-1420
16.8985240459	-1340
16.8985600471	-1380
16.9268689156	543
16.9343779087	-1420
16.9344029427	-1340
16.9346740246	-1380
16.9357190132	543
16.9367499352	-1420
16.9367558956	-1340
16.9367880821	-1380
16.9390120506	-1077
16.9427039623	543
16.9478709698	543
16.9542188644	543
16.9545519352	543
16.9548239708	543
16.9550309181	543
16.9766218662	543
16.9768939018	543
16.9774990082	-1420
16.9775049686	-1340
16.9776990414	-1380
16.9942550659	-1420
16.9943189621	-1420
16.9943230152	-1300
17.0008020401	543
17.0011229515	1460
17.001199007	1460
17.0012919903	1161
17.0014250278	1117
17.0254058838	-1420
17.0254199505	-1420
17.0254869461	-1300
17.0256159306	543
17.0270988941	-1420
17.0271039009	-1340
17.0279870033	-1380
17.0355160236	-1420
17.0355579853	-1340
17.0356729031	-1380
17.0408070087	543
17.0730030537	-1420
17.073018074	-1340
17.0741178989	-1380
17.0799899101	-180
17.0866730213	-1420
17.0866918564	-1340
17.0872168541	-1380
17.122179985	-1420
17.1222269535	-1340
17.1520450115	-1380
17.1649520397	-1420
17.1649580002	-1340
17.1653859615	-1380
17.2056090832	-1420
17.205671072	-1340
17.2056760788	-1380
17.20586586	543
17.2130389214	-1420
17.213062048	-1340
17.213258028	-1380
17.2134099007	-1420
17.2134509087	-1340
17.2136859894	-1380
17.22113204	-180
17.2558789253	-1420
17.2559349537	-1340
17.2560770512	-1380
17.2665500641	-1420
17.2665760517	-1340
17.2674548626	-1380
17.3016068935	-1420
17.3016588688	-1340
17.3047440052	-1380
17.3061230183	1057
17.3071160316	-1420
17.3071210384	-1340
17.307295084	-1380
17.3528170586	-1420
17.3528289795	-1340
17.3529648781	-1380
17.3623809814	-1420
17.3623859882	-1340
17.3624379635	-1420
17.3624420166	-140
17.3933589458	543
17.4016270638	-1420
17.4016559124	-1340
17.4016919136	-1380
17.4022469521	-1420
17.4022948742	-1340
17.4023060799	-1380
17.4388430119	-1420
17.4388570786	-1340
17.4389190674	-1380
17.4390740395	543
17.4468379021	-1420
17.4468419552	-1420
17.4468829632	-1300
17.4535260201	-1420
17.4535689354	-1420
17.4535720348	-1300
17.483041048	-1420
17.4830560684	-1340
17.4879300594	-1380
17.4922099113	-1420
17.4922890663	-1340
17.4922909737	-1380
17.5002129078	-1380
17.5004410744	-1420
17.5004839897	-1340
17.5036768913	-240
17.5333099365	-1420
17.5333249569	-1340
17.5333909988	-1380
17.5338349342	-1420
17.5338559151	-1340
17.5344438553	-1380
17.5372350216	543
17.5373978615	543
17.5817680359	-1420
17.5817859173	-1340
17.5819399357	-1380
17.5823779106	-1380
17.5825829506	-1420
17.5825879574	-1340
17.5842220783	-1420
17.5842280388	-1340
17.5846989155	-1380
17.6229770184	-1420
17.6230230331	-1340
17.6291539669	-1380
17.6293258667	543
17.630753994	-1420
17.6307590008	-1340
17.6310830116	-1380
17.6334788799	-1420
17.6335048676	-1340
17.6336240768	-1380
17.6704599857	-1420
17.6704740524	-1340
17.675139904	-1107
17.6776719093	-1420
17.6777019501	-1340
17.6780519485	-1380
17.6900219917	-1420
17.6900389194	-1340
17.69008708	-1380
17.7239990234	-1420
17.7240679264	-1420
17.7240729332	-1300
17.7256369591	-1420
17.7256419659	-1340
17.7261829376	-1380
17.7296860218	-1420
17.7297160625	-1340
17.7297818661	-1380
17.77637887	-1420
17.7763979435	-1420
17.7764630318	-1300
17.7766020298	543
17.7908270359	-1420
17.7908480167	-1340
17.7911729813	-1380
17.7971148491	-1420
17.7971720695	-1420
17.7971758842	-1300
17.8108580112	543
17.813382864	-1420
17.8133890629	-1340
17.8134310246	-1380
17.8190488815	-1356
17.8246359825	543
17.8249750137	543
17.825291872	543
17.8255059719	543
17.8289198875	-1420
17.828925848	-1340
17.829761982	-1420
17.8297679424	-1340
17.8301529884	-1380
17.8302910328	543
17.8305139542	543
17.8527290821	543
17.8530330658	543
17.867210865	-1420
17.8672380447	-1340
17.86729002	-1380
17.8701000214	-1420
17.87012887	-1340
17.8702249527	543
17.8703260422	-1380
17.8705298901	-1380
17.8706309795	543
17.871006012	543
17.8712749481	543
17.8717319965	543
17.8719348907	543
17.8801388741	-1420
17.8801460266	-1340
17.8965220451	543
17.8967950344	543
17.9162020683	-1420
17.9162218571	-1340
17.9175410271	-1380
17.9175460339	-1420
17.9175870419	-1340
17.9175899029	-1380
17.9278428555	-1420
17.9278490543	-1420
17.9279270172	-1300
17.9279298782	-1380
17.9281060696	1057
17.9601650238	-240
17.9640760422	-1420
17.9641108513	-1340
17.9695398808	-1380
17.9696199894	-1380
17.9700670242	-1380
17.9743719101	-1420
17.9743790627	-1340
17.9749190807	-1380
18.0019218922	-1420
18.0019719601	-1340
18.002491951	-1380
18.014852047	-1380
18.015930891	-1420
18.0160160065	-1340
18.0160188675	-1380
18.0160548687	-1380
18.016479969	-1380
18.0280990601	-1420
18.0281050205	-1340
18.0283279419	-1380
18.0572679043	-1420
18.0573120117	-1340
18.0575640202	-1380
18.0587849617	-1380
18.0644440651	-1420
18.0644659996	-1340
18.0718569756	-1420
18.0718979836	-1340
18.0722129345	-1380
18.0760519505	543
18.082269907	-1420
18.0822780132	-1340
18.0824670792	-1380
18.1055920124	-1167
18.1068758965	-1420
18.1068809032	-1340
18.1073620319	-1380
18.1198890209	-1420
18.1199250221	-1340
18.1204879284	-1380
18.1323070526	-1420
18.1323199272	-1420
18.1323728561	-1300
18.1342749596	543
18.1344530582	543
18.1494240761	-543
18.1540980339	-1420
18.1541068554	-1340
18.1542160511	-1420
18.1542189121	-1420
18.154255867	-1300
18.1546170712	-1380
18.1657350063	-1420
18.1657519341	-1420
18.1657948494	-1300
18.1751799583	-543
18.1778240204	-1420
18.1778669357	-1340
18.177959919	-1380
18.2027170658	-1420
18.2027330399	-1340
18.2029259205	-1380
18.2029299736	-1420
18.2029938698	-1340
18.2031419277	543
18.2033090591	-1380
18.2229070663	-1420
18.2229678631	-1340
18.2231209278	-1380
18.2241139412	-1420
18.2241199017	-1340
18.2241680622	-1380
18.2469909191	-330
18.252368927	-1420
18.2523789406	-1340
18.2533378601	-1380
18.25344491	543
18.2536950111	-1380
18.2539699078	-1420
18.2540130615	-1340
18.3152389526	-1420
18.3152480125	-1420
18.3152959347	-1300
18.3288290501	-1420
18.3288369179	-1340
18.3289899826	543
18.3291590214	-1380
18.3454470634	-1420
18.3454709053	-1340
18.3457989693	-1420
18.3458409309	-1340
18.3458440304	-1380
18.3463258743	-1380
18.3529798985	-1420
18.3530139923	-1340
18.353304863	-1380
18.355686903	-1420
18.3556928635	-1340
18.3558719158	-1380
18.3696529865	-1420
18.3696789742	-1340
18.3700799942	-1380
18.3879339695	-270
18.3884558678	-1420
18.3884990215	-1340
18.3893880844	-1380
18.39914608	-1420
18.3991520405	-1340
18.3995580673	-1380
18.4135379791	-1420
18.4135658741	-1340
18.4138770103	-1380
18.4153490067	-1420
18.4153540134	-1340
18.415596962	-1380
18.4411349297	-1420
18.4411969185	-1340
18.4412000179	-1380
18.4413399696	543
18.4644739628	-1420
18.4644808769	-1340
18.4646420479	-1380
18.4716238976	-1420
18.4716689587	-1340
18.4723110199	-1380
18.4724259377	543
18.4868569374	-1420
18.486866951	-1340
18.5017380714	-1380
18.5019860268	-1420
18.502024889	-1340
18.5024869442	-1380
18.5138568878	-1420
18.5138628483	-1340
18.5138950348	-1380
18.5271170139	-1420
18.527162075	-1340
18.5272300243	-1380
18.5290648937	-330
18.5372369289	-1420
18.5372769833	-1340
18.5377728939	-1380
18.5553200245	-1420
18.5553269386	-1340
18.5553898811	-1380
18.5659680367	-1420
18.5660119057	-1340
18.5660150051	-1380
18.5996620655	-1420
18.5996689796	-1340
18.5997998714	543
18.599930048	-1380
18.6002919674	-1420
18.6003410816	-1340
18.6009118557	-1380
18.6112129688	-1420
18.6112248898	-1340
18.6114079952	-1380
18.621352911	-1420
18.621391058	-1340
18.6216318607	-1380
18.6453149319	-1420
18.6453340054	-1340
18.6537790298	-1380
18.653938055	-1420
18.6539869308	-1340
18.6540548801	543
18.6552219391	-1380
18.6553070545	543
18.6558139324	-1420
18.6558198929	-1340
18.6563580036	-1380
18.6706628799	-843
18.6766569614	-1420
18.6766700745	-1340
18.6849188805	543
18.6949560642	-1420
18.6949710846	-1340
18.6954798698	-1380
18.6955668926	-1380
18.6959519386	-1380
18.7038769722	543
18.7045829296	-1420
18.7045888901	-1340
18.7049808502	-1380
18.7250099182	-1420
18.7250649929	-1340
18.7253608704	-1380
18.7456600666	-1420
18.7456769943	-1340
18.7463898659	-1420
18.7463948727	-1340
18.7468349934	-1380
18.7535438538	-1380
18.7538108826	-1420
18.7538170815	-1340
18.7538490295	-1380
18.7593898773	543
18.7858300209	-1380
18.7858860493	-1380
18.7862319946	-1380
18.7863779068	-1380
18.7940700054	-1420
18.7940859795	-1340
18.7945189476	-1380
18.7974550724	-1420
18.79748106	-1340
18.8043520451	-1420
18.8043980598	-1340
18.8044018745	-1380
18.8080170155	-1380
18.81178689	-596
18.8120200634	543
19.1103320122	-543
19.1125049591	-1420
19.1125218868	-1340
19.1129128933	-867
19.1130180359	543
19.1749289036	543
19.17659688	543
19.178910017	543
19.1921138763	543
19.1924319267	1057
19.1978700161	543
19.2117540836	543
19.2122490406	543
19.2208769321	543
19.2211689949	543
19.2216188908	1057
19.2220358849	1460
19.2220909595	111
19.2222459316	543
19.2224230766	543
19.2232449055	543
19.2234940529	543
19.2237460613	543
19.2239990234	543
19.2242338657	543
19.2244610786	543
19.2246949673	543
19.2249090672	543
19.229352951	543
19.22960186	543
19.2300548553	543
19.2302708626	543
19.2305750847	543
19.2307798862	543
19.2543969154	-543
19.266628027	543
19.2779209614	543
19.2782170773	543
19.2804238796	543
19.2861020565	543
19.3000910282	543
20.2927310467	-543
20.5303380489	-543
20.8129839897	-543
20.8138079643	543
20.8138689995	543
21.2182610035	543
21.2193698883	543
21.2196609974	543
21.2198848724	543
21.2200770378	543
21.2204380035	543
21.2206919193	543
21.8108699322	543
23.3937618732	-543
23.8080430031	543
24.2337138653	1460
24.2338058949	625
24.2968230247	-1420
24.2968389988	-1420
24.2969009876	-787
24.3009409904	-1420
24.3009889126	-1340
24.3015899658	-1380
24.3064489365	1057
24.3067538738	-1420
24.3067588806	-1340
24.3067998886	-1380
24.3263909817	-1380
24.4382679462	-1420
24.438284874	-1420
24.4383490086	-1300
24.4383518696	-1420
24.4383950233	-1420
24.4383978844	-1300
24.4399309158	1057
24.442483902	-1420
24.4424898624	-1420
24.442522049	-1420
24.44252491	-1260
24.4460608959	543
24.4484949112	-1420
24.4485030174	-1420
24.4485769272	-1420
24.4485800266	-1260
24.4486160278	-1420
24.4486188889	-1340
24.467993021	-1420
24.4680080414	-1420
24.4680700302	-1420
24.4680728912	-1260
24.5797669888	-1420
24.5797848701	-1420
24.5798459053	-1420
24.5798490047	-1420
24.579885006	-1420
24.5798890591	-1420
24.5799329281	-1140
24.5799369812	-1420
24.5799720287	-1420
24.5799748898	-1420
24.5800089836	-1260
24.5800120831	-1380
24.5802979469	1057
24.5841019154	-1420
24.5841169357	-27
24.7398760319	-1057
24.8108699322	543
24.9212999344	-543
24.9996349812	-1420
24.9996509552	-1340
24.9998130798	-1380
25.0247628689	-1420
25.024780035	-1340
25.0591020584	-1420
25.0591180325	-1340
25.0591790676	-1380
25.062748909	-384
25.0685479641	-1420
25.0685589314	-1340
25.1127300262	-1420
25.1127479076	-1340
25.1671750546	-1420
25.1671929359	-1340
25.1672480106	-1380
25.1944360733	1460
25.1947369576	1139
25.1972420216	1460
25.2012200356	1460
25.2012748718	1161
25.2013978958	89
25.204130888	-1250
25.2244460583	-1420
25.2244999409	-1340
25.2257330418	-1420
25.2257759571	-1340
25.2258889675	-1380
25.2308268547	543
25.2366578579	-1420
25.2366640568	-1340
25.2833690643	-1420
25.2833878994	-1340
25.2834410667	-1420
25.2834439278	-1420
25.2834720612	-1300
25.2840349674	-1420
25.2840678692	-1340
25.2841210365	-1380
25.2847080231	-1380
25.284788847	543
25.2956280708	-1380
25.3355810642	-1420
25.3356280327	-1340
25.337168932	-1420
25.3371949196	-1340
25.3375818729	-1380
25.3380270004	-1420
25.3380320072	-1420
25.3380730152	-1420
25.3380758762	-1260
25.3474080563	-1380
25.3655600548	-726
25.3918089867	-1380
25.3918919563	-1380
25.4800770283	-1380
25.5067250729	-30
25.5258040428	-1420
25.5258200169	-1340
25.5381438732	-1380
25.5738289356	-1420
25.573898077	-1340
25.5739040375	-1380
25.5775749683	-1380
25.6210029125	1057
25.6478710175	-251
25.6488728523	543
25.656208992	543
25.6564860344	543
25.7057869434	-1420
25.7058038712	-1340
25.7058680058	-1380
25.7129728794	543
25.7176809311	-1380
25.7393929958	543
25.7894258499	-1420
25.7894458771	-1420
25.789484024	-1300
25.7980830669	-222
25.8016660213	-1380
25.8742859364	-1380
25.8849999905	543
25.8859450817	543
25.8861758709	543
25.9189548492	-1420
25.9189670086	-1340
25.9309270382	-1380
25.9399499893	-926
25.988380909	543
25.9892950058	1460
25.9893639088	111
26.0388329029	-1420
26.0388569832	-1340
26.0393199921	-1380
26.0533258915	-1420
26.0533640385	-1340
26.1214489937	-926
26.1262359619	543
26.1454739571	-1380
26.1455919743	543
26.1461920738	1057
26.1548788548	-1420
26.1548860073	-1340
26.2253749371	-1380
26.2629590034	-1249
26.2663209438	-1420
26.2663290501	-1340
26.2667639256	-1420
26.266767025	-1340
26.2670490742	-1380
26.2692549229	-1420
26.2692949772	-1340
26.2699160576	-1380
26.2794129848	-1420
26.2794189453	-1420
26.2794630527	-1300
26.2794668674	-1380
26.30311203	-1420
26.3031289577	-1340
26.3120479584	-1420
26.3120570183	-1420
26.3121049404	-1300
26.3127448559	-1420
26.3127639294	-1340
26.3131630421	-1380
26.3209149837	543
26.3259949684	-1420
26.3260018826	-1420
26.3260278702	-1300
26.333673954	-1380
26.3462998867	-1420
26.3463199139	-1340
26.3583099842	-1420
26.3583190441	-1340
26.3587660789	-1380
26.3714990616	-1420
26.3715469837	-1340
26.3717758656	-1380
26.3723039627	-1420
26.3723070621	-1340
26.3730280399	-1420
26.373030901	-1340
26.3730669022	-1420
26.3730700016	-1340
26.3733029366	543
26.3734278679	543
26.3752059937	-1420
26.3752119541	-1340
26.3754410744	-1380
26.3917109966	-1420
26.3917779922	-1420
26.3917820454	-1300
26.3939409256	-1420
26.3939480782	-1420
26.3940010071	-1300
26.4019708633	-1380
26.4041368961	-480
26.4089770317	-1420
26.4090309143	-1340
26.4145689011	-1420
26.4146239758	-1340
26.4148168564	-1380
26.4179480076	-1420
26.4179530144	-1340
26.4183778763	-1380
26.4184708595	543
26.4293580055	-1420
26.4293670654	-1340
26.4296460152	-1380
26.4442870617	-1380
26.4454648495	-1420
26.4454710484	-1340
26.446739912	-1420
26.4467470646	-1340
26.446835041	-1380
26.454210043	-1420
26.4542689323	-1340
26.4542729855	-1380
26.454572916	-1420
26.4545769691	-1340
26.4550199509	-1380
26.4558448792	-1380
26.4559829235	543
26.4780910015	-1420
26.4781060219	-1340
26.4907810688	-1420
26.4908120632	-1340
26.4908468723	-1380
26.4909758568	543
26.5431950092	-1420
26.543211937	-1340
26.5434639454	-1380
26.5454440117	-624
26.6895909309	-1420
26.6896100044	-151
26.6904709339	-1420
26.6904759407	-1340
26.6908669472	-1380
26.6910669804	-1420
26.6910898685	-1340
26.691202879	-1420
26.6912519932	-1420
26.6912548542	-1300
26.691298008	-1380
26.6914229393	543
26.6916689873	543
26.7003099918	-1420
26.7003149986	-1340
26.7006530762	-1380
26.7213358879	-1420
26.7214009762	-1420
26.7214050293	-1300
26.7222669125	-1420
26.7222809792	-1340
26.7235069275	-1380
26.7235100269	-1420
26.7235488892	-1340
26.724034071	-1380
26.7248599529	-1420
26.724864006	-1340
26.7248990536	-1380
26.7252008915	-1420
26.7252378464	-1420
26.7252418995	-1300
26.7254998684	543
26.7317359447	-1420
26.7317409515	-1340
26.7318890095	-1380
26.7351930141	543
26.7418019772	-1380
26.7441520691	-1420
26.7442190647	-1340
26.7444279194	-1380
26.7544698715	543
26.7817649841	-1420
26.7817828655	-1340
26.8070709705	543
26.8296499252	-1380
26.8308200836	-1065
26.8653459549	1057
26.867399931	-1420
26.8674049377	-1340
26.8676948547	-1380
26.8697638512	-1380
26.8699300289	-1420
26.869934082	-1340
26.8705370426	543
26.8707840443	543
26.8777060509	-1420
26.8777220249	-1340
26.8777680397	-1380
26.8870260715	543
26.8952000141	-1420
26.895209074	-1340
26.8952469826	-1380
26.9066228867	-1420
26.9066610336	-1340
26.9067380428	-1380
26.9217879772	543
26.9450130463	-1420
26.945029974	-1340
26.9453759193	-1380
26.9719979763	-180
26.9969630241	-1420
26.9969780445	-1340
26.997948885	-1420
26.9979529381	-1420
26.9980609417	-1420
26.9980640411	-1260
26.9981069565	-1420
26.9981100559	-1340
27.0061130524	543
27.0107560158	-1420
27.0107719898	-1420
27.0107979774	-1300
27.0108010769	-1380
27.0109539032	543
27.0333449841	-1380
27.0334229469	-1380
27.0337848663	543
27.0459389687	-1420
27.0459449291	-1340
27.0463938713	-1380
27.0784859657	1460
27.0785779953	1139
27.093474865	-1420
27.093503952	-1340
27.0937399864	-1380
27.1024599075	-1420
27.1025469303	-1340
27.1025509834	-1420
27.1025879383	-1340
27.1025989056	-1420
27.1026339531	-1340
27.1027569771	543
27.1035499573	-1420
27.1035549641	-1340
27.1040570736	-1380
27.11353302	-623
27.121172905	-1420
27.1211779118	-1340
27.1270949841	-1380
27.1278998852	-1420
27.1279358864	-1340
27.1282479763	-1380
27.1330778599	-1420
27.1330840588	-1340
27.1335668564	-1380
27.1466219425	-1420
27.1466560364	-1340
27.2523980141	-1380
27.2545759678	-120
27.3034369946	-1420
27.3034479618	-1340
27.3036448956	-1420
27.3036589622	-1340
27.3042080402	-1380
27.3167569637	-1420
27.3167829514	-1340
27.3170719147	-1380
27.3722529411	-543
27.3947749138	-1420
27.3947908878	-1340
27.3951230049	-1420
27.3951258659	-1340
27.395334959	-1420
27.3953390121	-1340
27.395788908	-1380
27.3958849907	-1380
27.3960828781	-1420
27.3960859776	-1420
27.3961920738	-937
27.3961949348	-1380
27.3962318897	-1380
27.3964009285	-1420
27.3964390755	-1340
27.396903038	-1380
27.398868084	-1420
27.3988718987	-1340
27.3990950584	-1380
27.4006938934	-1420
27.4007399082	-1340
27.4007740021	-1380
27.4014639854	543
27.4017210007	-1420
27.4017250538	-1340
27.4018530846	543
27.4069769382	-1380
27.4423120022	-1420
27.4423620701	-1340
27.4424779415	-1380
27.4461369514	543
27.4564080238	-1420
27.456428051	-1340
27.4570400715	-1380
27.5389649868	-239
27.6063659191	-1380
27.6160318851	-1380
27.6279640198	-1420
27.6280450821	-1340
27.6280510426	-1380
27.6449959278	-1380
27.6531169415	-1420
27.6531870365	-1340
27.6535708904	-1380
27.6665549278	-1420
27.6665740013	-1340
27.6670870781	543
27.6671540737	-1380
27.6789450645	-1420
27.6790099144	-1420
27.6790149212	-1300
27.6800079346	-664
27.7410368919	1460
27.7411489487	111
27.7605659962	-1420
27.7605760098	-1340
27.7607300282	543
27.763176918	-1380
27.7636990547	-1420
27.7637338638	-1340
27.7638390064	-1380
27.7707879543	543
27.772176981	543
27.7748939991	543
27.7749738693	-1380
27.77501297	-1380
27.7755639553	-1380
27.7807359695	543
27.7917170525	543
27.7942669392	543
27.8108658791	543
27.8262169361	-119
27.8286828995	-1420
27.8287339211	-1340
27.829253912	-1420
27.8292789459	-1340
27.836124897	1460
27.8361830711	1460
27.8362178802	193
27.8367500305	543
27.8369889259	543
27.8375370502	1057
27.8377659321	543
27.8379719257	543
27.8416860104	1460
27.8417339325	1460
27.8418428898	1161
27.8418970108	1460
27.8419668674	1460
27.8420300484	253
27.9678778648	-192
27.9721000195	543
28.0765600204	-543
28.1092140675	-543
28.116560936	-1380
28.1175918579	-1420
28.1175980568	-1340
28.1177589893	-1380
28.119948864	543
28.139332056	-1420
28.1393458843	-1340
28.1397690773	-1380
28.1614129543	543
28.1645998955	-1420
28.1646049023	-1340
28.1646819115	-1380
28.1649229527	-1420
28.1649708748	-1340
28.1652219296	-1380
28.1655550003	543
28.206152916	-1420
28.2061710358	-1340
28.2065088749	-1380
28.2128269672	-1380
28.2129709721	-1380
28.2131850719	-1380
28.2166619301	-1380
28.2167520523	-1380
28.2168889046	-1380
28.2260708809	1057
28.2506959438	-886
28.2552230358	-1420
28.2552649975	-1340
28.2557730675	-1380
28.2639708519	-1420
28.2639770508	-1340
28.2656269073	-1420
28.2656319141	-1340
28.2657320499	-1380
28.2981979847	-543
28.3029830456	-1420
28.3030290604	-1340
28.3031208515	-1380
28.3045558929	-1420
28.3045608997	-1340
28.3050038815	-1380
28.3065478802	-1380
28.3067119122	543
28.3131258488	-1420
28.3131308556	-1340
28.3473489285	-1420
28.3473649025	-1340
28.3474230766	-1380
28.3530199528	-1380
28.3537540436	-1420
28.353760004	-1340
28.357640028	-1420
28.3576478958	-1420
28.35769701	-1300
28.3922939301	-1136
28.3943910599	-1420
28.3943960667	-1340
28.3976399899	-1380
28.3999378681	-1380
28.4001259804	-1420
28.4001290798	-1340
28.4018690586	-1420
28.4018719196	-1340
28.4020569324	1057
28.4021449089	-1380
28.4106280804	-1420
28.410670042	-1340
28.4106729031	-1380
28.4479498863	-1420
28.4479649067	-1420
28.4480290413	-1300
28.4516880512	-1420
28.4517440796	-1420
28.4517469406	-1300
28.4581589699	-1420
28.4581680298	-1340
28.5022668839	-1420
28.5022978783	-1340
28.502384901	-1380
28.5025289059	-1420
28.502560854	-1340
28.5031218529	-1420
28.5031719208	-1340
28.5031750202	-1380
28.5034558773	-1380
28.5048589706	-1380
28.5145840645	-1420
28.51460886	-1340
28.5337209702	-1196
28.5338668823	543
28.553812027	-1420
28.5538249016	-1340
28.5540108681	-1420
28.554017067	-1340
28.5540990829	-1420
28.554101944	-1340
28.5583369732	-1420
28.5583429337	-1340
28.5585780144	-1380
28.6527268887	-1420
28.6527628899	-1340
28.6527988911	-1380
28.6533429623	-1420
28.6533839703	-1340
28.6539180279	-1420
28.6539568901	-1340
28.6543500423	-1420
28.6544480324	-1420
28.6544508934	-1300
28.654489994	-1380
28.6544940472	-1380
28.6614489555	543
28.6616649628	543
28.6645319462	-1420
28.6645400524	-1340
28.6750850677	-1077
28.6989688873	-1420
28.6990170479	-1420
28.6990220547	-1300
28.7111909389	-1420
28.7111999989	-1340
28.7112879753	-1380
28.7231419086	-1420
28.7231738567	-1340
28.7235798836	-1380
28.7477178574	-1420
28.7477369308	-1420
28.7477779388	-1300
28.7597389221	-1420
28.759775877	-1340
28.7950639725	-1420
28.7951200008	-1340
28.795124054	-1380
28.8027429581	543
28.807158947	-1420
28.8071658611	-1340
28.8074879646	-1380
28.8163950443	-1047
28.8443448544	-1380
28.8445060253	-1420
28.8445570469	-1340
28.844878912	-1420
28.8449208736	-1340
28.8459460735	-1380
28.8560950756	-1420
28.8561110497	-1340
28.8561580181	-1380
28.8562760353	543
28.8598690033	1460
28.8599388599	1460
28.8599860668	1161
28.8605899811	89
28.887155056	-1420
28.8871810436	-1340
28.8878669739	-1380
28.9001569748	-1380
28.9411380291	543
28.9416210651	-1420
28.9416279793	-1340
28.9420440197	-1380
28.9545369148	-1420
28.9545998573	-1340
28.9546039104	-1380
28.9574508667	-342
28.9696829319	543
28.9759709835	543
28.9778800011	1057
28.9794089794	1460
28.9794640541	111
28.9866628647	-1420
28.9866778851	-1340
28.9879388809	-1380
28.9891159534	-1420
28.9891998768	-1340
28.9892039299	-1380
28.9899339676	543
29.0826280117	-1420
29.0826518536	-1340
29.082957983	-1380
29.0832788944	-1420
29.0833170414	-1340
29.083769083	-1420
29.0838148594	-1420
29.0838179588	-1300
29.0838530064	-1380
29.0948338509	-1420
29.0948760509	-1340
29.094878912	-1380
29.0950288773	543
29.0987849236	-180
29.1083600521	543
29.1324369907	-1420
29.1324539185	-1340
29.1325089931	-1380
29.1339268684	543
29.1661739349	543
29.1668579578	543
29.1670820713	543
29.175538063	-1420
29.1755449772	-1340
29.2082979679	-1380
29.2216010094	-1420
29.2216510773	-1340
29.2218968868	-1380
29.2226278782	543
29.2270979881	-1420
29.2271149158	-1340
29.2271840572	-1380
29.2308340073	543
29.2401928902	-663
29.2655220032	-1420
29.2655608654	-1340
29.2884938717	-543
29.3096499443	-1420
29.309664011	-1420
29.309691906	-1300
29.3209328651	-1420
29.3209569454	-1340
29.3212430477	-1380
29.3324360847	543
29.3333568573	543
29.3432519436	543
29.3435130119	543
29.3670380116	-1420
29.367071867	-1340
29.3671269417	-1380
29.3711390495	-1380
29.3815159798	-120
29.4010090828	-1420
29.4010789394	-1340
29.412571907	-1420
29.4126288891	-1340
29.4127690792	-1380
29.46448493	-1420
29.4645059109	-1340
29.4649069309	-1380
29.4715099335	-1420
29.4715690613	-1340
29.4716820717	-1380
29.4754800797	-1380
29.5131499767	-1420
29.5131900311	-1340
29.5228879452	-987
29.5230090618	543
29.5408098698	-1420
29.540817976	-1340
29.5411469936	-1380
29.553413868	-1420
29.5534539223	-1340
29.5537650585	-1380
29.5677809715	543
29.568199873	1057
29.5752930641	-1380
29.5996220112	-1420
29.5996789932	-1340
29.599684	-1380
29.6034069061	543
29.6044709682	-1420
29.6044769287	-1340
29.6045079231	-1380
29.6328840256	-1420
29.6329369545	-1340
29.6329419613	-1380
29.6586549282	-1420
29.6586639881	-1340
29.6588459015	1460
29.6588978767	625
29.6643099785	-1179
29.6644010544	543
29.6651010513	543
29.6768419743	543
29.6780488491	-1420
29.678055048	-1340
29.6785340309	-1380
29.6870648861	543
29.6914379597	-1420
29.6914539337	-1340
29.6914858818	-1380
29.7013909817	543
29.7016940117	543
29.7308199406	543
29.731276989	543
29.7314939499	543
29.785492897	-1420
29.7855100632	-1340
29.7866420746	-1380
29.7875020504	-1420
29.7875359058	-1340
29.7876429558	-1380
29.7908279896	543
29.7990109921	-1420
29.7990150452	-1420
29.7990560532	-1300
29.8181800842	-1420
29.8182280064	-1340
29.818477869	-1017
29.8260529041	543
29.8342940807	-1420
29.8343029022	-1340
29.8346569538	-1380
29.8650729656	-1420
29.8651580811	-1340
29.8651618958	-1380
29.8809959888	-1420
29.8810069561	-1340
29.8921539783	-1380
29.8922839165	543
29.9281878471	-1420
29.9282040596	-1420
29.9282588959	-1300
29.9291439056	-1420
29.9291779995	-1340
29.9291808605	-1380
29.9678058624	-1236
29.9762918949	-1420
29.9763479233	-1340
29.97696805	-1420
29.9770228863	-1340
29.9772279263	-1380
29.9897699356	-1420
29.9897768497	-1340
29.990254879	-1380
30.0250358582	-1420
30.0251028538	-1340
30.0258798599	-1380
30.0262000561	-1380
30.0371780396	-1420
30.0372068882	-1340
30.0372879505	543
30.0711119175	-1420
30.0711388588	-1340
30.0840408802	-1420
30.0840559006	-1340
30.0843548775	-1380
30.1092579365	-1370
30.1657068729	-1420
30.1657340527	-1340
30.1658170223	-1380
30.1658210754	-1380
30.1660120487	-1420
30.1660158634	-1340
30.1661119461	-1380
30.1753358841	-1420
30.1753790379	-1340
30.2063629627	543
30.2113649845	-1420
30.211370945	-1340
30.2114720345	-1380
30.2505218983	-605
30.2508709431	543
30.2583389282	-1420
30.258343935	-1340
30.2584850788	-1380
30.2585890293	-1380
30.2590558529	-1420
30.259059906	-1340
30.2638778687	-1380
30.30626297	-1420
30.3062698841	-1340
30.3550648689	-1380
30.3550779819	-1420
30.3551380634	-1420
30.3551409245	-1420
30.3551828861	-1420
30.3551859856	-1220
30.3919429779	-1323
30.4013879299	-1420
30.4013998508	-1340
30.4131910801	-1380
30.4134190083	543
30.494328022	-1420
30.4943549633	-1340
30.4944009781	-1380
30.4947829247	-1420
30.4948039055	-1340
30.4949190617	-1420
30.4949588776	-1340
30.495126009	-1420
30.4951720238	-1340
30.5043549538	-1380
30.5208129883	1057
30.5297739506	543
30.5301110744	543
30.5426709652	-941
30.5525588989	-1420
30.5526108742	-1340
30.552738905	-1380
30.5650160313	-1420
30.5650310516	-1340
30.5891230106	-1420
30.5891358852	-1340
30.5891778469	-1420
30.5891900063	-1340
30.5892269611	-1380
30.596134901	543
30.5990428925	-1380
30.6235949993	1057
30.6322228909	1460
30.635933876	625
30.6382620335	-1380
30.6388280392	-1420
30.6388659477	-1340
30.6396758556	-1380
30.6398530006	-1420
30.6398670673	-1340
30.656028986	543
30.6584579945	543
30.6587178707	543
30.6589519978	543
30.6591858864	543
30.6611309052	1057
30.6613688469	543
30.6821520329	-1380
30.6838219166	-1380
30.6850919724	-1380
30.6858670712	-1420
30.6859099865	-1340
30.693901062	-61
30.6945860386	-1420
30.6946380138	-1340
30.7210099697	1460
30.7210969925	625
30.7820110321	1057
30.7907679081	543
30.7961668968	543
30.7964429855	543
30.8328020573	-1380
30.835821867	-59
30.8461539745	543
30.8463828564	543
30.8536069393	-1420
30.8536128998	-1340
30.8551280499	-1380
30.8755760193	-1380
30.9004909992	-1420
30.9005060196	-1420
30.9005830288	-1300
30.903398037	543
30.9263629913	-1420
30.9263880253	-1340
30.9266710281	-1380
30.9650249481	-1420
30.9650969505	-1420
30.9651019573	-1300
30.9754960537	-1420
30.9755039215	-1340
30.9759659767	-1380
30.9771850109	-1369
30.9867010117	-543
30.990418911	-1380
30.9904780388	-1380
31.0019500256	-1420
31.0019578934	-1340
31.0432698727	-1420
31.0432870388	-1340
31.0649280548	-1420
31.0649540424	-1340
31.0650088787	-1380
31.0651459694	543
31.0761408806	-1380
31.0864930153	-1420
31.0865449905	-1340
31.0865490437	-1380
31.0876090527	-1380
31.1000108719	-1380
31.118489027	-635
31.1186380386	543
31.1719119549	-1420
31.1719300747	-1340
31.1722700596	-1420
31.1722738743	-1340
31.1726548672	-1380
31.1810379028	-1420
31.1810839176	-1340
31.2032880783	-1420
31.2033820152	-1340
31.2033860683	-1380
31.2308740616	-1420
31.2308928967	-1340
31.2311918736	-1380
31.2596960068	-767
31.2598869801	543
31.267624855	-1420
31.2676379681	-1340
31.2792019844	-1420
31.2792079449	-1340
31.2794709206	-1380
31.3128740788	-1420
31.3129470348	-1340
31.3129520416	-1380
31.3245999813	-1420
31.3246128559	-1340
31.324655056	-1380
31.3641979694	-1420
31.3642120361	-1420
31.3642580509	-1300
31.3662319183	-1420
31.36627388	-1340
31.376185894	-1420
31.3761918545	-1340
31.3763139248	1057
31.401088953	-1150
31.4070720673	-1420
31.4071090221	-1340
31.4162859917	-1420
31.4163389206	-1340
31.4169938564	-1380
31.4528000355	-1420
31.4528169632	-1340
31.4531970024	-1380
31.4644539356	-1420
31.4644870758	-1340
31.4980649948	-1420
31.4981369972	-1420
31.4981410503	-1300
31.5112550259	-1420
31.5112719536	-1340
31.5334999561	-1380
31.5440309048	-1380
31.5483369827	-503
31.5650429726	-1380
31.5801019669	-1420
31.5801239014	-1340
31.5801558495	-1380
31.5819928646	-1380
31.5830080509	-1380
31.5972650051	543
31.6269130707	-1420
31.6269419193	-1340
31.6269900799	-1380
31.6395859718	-1420
31.6396429539	-1340
31.6398499012	-1380
31.6527199745	-1420
31.6527349949	-1340
31.6528019905	-1380
31.6619269848	1460
31.6620130539	1460
31.6620509624	707
31.6858680248	-1420
31.6859049797	-1340
31.6896209717	-1075
31.6897289753	543
31.696999073	-1420
31.6970088482	-1340
31.7327048779	-1420
31.7327208519	-1340
31.7327680588	-1380
31.7356770039	543
31.7368938923	1460
31.7369439602	1460
31.7369790077	707
31.7453138828	-1420
31.7453289032	-1340
31.7455320358	-1380
31.7455558777	543
31.8382458687	-384
31.9035420418	-1420
31.9035570621	-1340
31.9038388729	-1420
31.9038438797	-1340
31.9038939476	-1380
31.9041330814	-1380
31.9045610428	-1420
31.9045848846	-1340
31.9051020145	-1420
31.9051170349	-1340
31.9054119587	-1380
31.9136259556	-1420
31.9136350155	-1420
31.9136819839	-1300
31.9447119236	-1420
31.9447278976	-1340
31.9534728527	-1420
31.9534859657	-1340
31.953660965	543
31.9544849396	543
31.9550559521	1057
31.9567070007	-1380
31.979528904	-972
32.0435349941	-1380
32.0664248466	-1380
32.0810759068	-1380
32.1210370064	-1232
32.1655080318	543
32.3049099445	-1420
32.3049240112	-1420
32.304970026	-787
32.3552520275	-1420
32.3552670479	-1340
32.3554389477	-1380
32.356304884	-1420
32.3563110828	-1340
32.356883049	-1380
32.3570208549	543
32.3661549091	-1420
32.3661730289	-1340
32.4005248547	-1420
32.4005420208	-1340
32.4007880688	-1380
32.4432659149	-1420
32.4432928562	-1340
32.4434859753	-1380
32.4460790157	-444
32.4533960819	-1420
32.453412056	-1340
32.4536230564	-1380
32.4557070732	543
32.4919159412	-1420
32.4919319153	-1340
32.5034680367	-1380
32.5370540619	-1420
32.5371119976	-1340
32.5372550488	-1380
32.5400569439	-1420
32.5400660038	-1340
32.5406520367	-1380
32.5518698692	-1380
32.5831229687	-1420
32.5831408501	-1420
32.5832049847	-1300
32.586591959	-1420
32.5866420269	-1340
32.5871839523	-180
32.5977370739	-1380
32.625980854	543
32.7390658855	-191
32.7618288994	1057
32.8085238934	543
32.808631897	586
32.8086900711	543
32.8564260006	1057
32.8570830822	1057
32.9215290546	-543
33.0730960369	-1057
33.0980520248	-543
33.2327830791	-586
33.2431809902	-543
33.398170948	-543
33.6545369625	-543
33.996352911	543
33.9980089664	1460
33.9980790615	111
33.9984688759	543
33.998705864	543
34.0107889175	1057
34.0219600201	543
34.0270340443	543
34.0272829533	543
34.0275099277	543
34.0277929306	543
34.0279929638	543
34.0281870365	543
34.0283739567	543
34.0662560463	543
34.0665340424	543
34.137955904	543
34.1382339001	543
34.2326059341	-543
34.2424509525	-1420
34.2425100803	-1340
34.2814769745	-1420
34.2815618515	-1420
34.2815849781	-1300
34.2822899818	-1420
34.2823119164	-1340
34.2823300362	-1420
34.2823450565	-1340
34.2895359993	543
34.2933008671	-1420
34.2933089733	-1340
34.3056430817	-1380
34.3281879425	-1420
34.3282539845	-1340
34.3284330368	-1420
34.3284549713	-1340
34.328813076	-1420
34.3288390636	-1340
34.3382570744	-1380
34.3459699154	543
34.3562390804	1057
34.3565649986	543
34.3571150303	543
34.3724610806	-1380
34.3738908768	-736
34.3840389252	543
34.385559082	543
34.4606800079	-1380
34.4794249535	-1380
34.4919779301	-1420
34.4919929504	-1340
34.5067970753	-1380
34.5155050755	-441
34.5799710751	-1420
34.5799870491	-1340
34.6005060673	-1380
34.656897068	-1116
34.6963160038	-1380
34.7418410778	-1380
34.7983539104	-440
34.8108029366	543
34.8108949661	543
34.8259949684	543
34.8277189732	1460
34.827767849	111
34.8281650543	543
34.8303990364	543
34.8310379982	1057
34.8315639496	543
34.8367409706	1460
34.8368220329	111
34.8670699596	1057
34.9068789482	543
34.9444179535	1057
35.057669878	-1420
35.0576848984	-1420
35.0577409267	-787
35.0676019192	-1420
35.0676739216	-1420
35.0676789284	-1300
35.1046080589	-1420
35.104624033	-1340
35.1049790382	-1420
35.104984045	-1340
35.1050329208	-1380
35.1051559448	543
35.1058409214	-1380
35.1141438484	-1420
35.1142020226	-1420
35.1142048836	-1420
35.1142420769	-1260
35.1143329144	-1380
35.114456892	-1380
35.1145889759	-1420
35.1146309376	-1340
35.114841938	543
35.1154339314	1460
35.1154808998	111
35.1536488533	-1420
35.1536669731	-1340
35.1537098885	-1420
35.1537129879	-1340
35.1566848755	543
35.1569609642	543
35.1637969017	-1380
35.1920239925	-1380
35.1927418709	-1420
35.1927480698	-1340
35.1971240044	-1380
35.1987988949	-680
35.2002260685	543
35.2062590122	543
35.2087068558	543
35.2090229988	1460
35.2090878487	1460
35.2094459534	1161
35.2095029354	1460
35.209569931	1460
35.2096269131	1161
35.2097430229	1460
35.2097790241	231
35.2103669643	543
35.2106430531	543
35.2188029289	543
35.2474219799	-1420
35.2474339008	-1340
35.2476098537	-1380
35.2593359947	1057
35.2595999241	-1420
35.2596058846	-1340
35.2868318558	543
35.2887120247	543
35.2891049385	-1420
35.289110899	-1340
35.3070869446	543
35.3309180737	-1420
35.3309290409	-1340
35.3315410614	-1380
35.3382930756	543
35.3386728764	543
35.339838028	-281
35.363173008	-1380
35.4051978588	-1420
35.4052128792	-1340
35.4132318497	543
35.4148318768	1057
35.4333310127	-1420
35.4333479404	-1340
35.4333939552	-1380
35.4356410503	-1420
35.435667038	-1340
35.4358570576	-1420
35.4359090328	-1340
35.4425840378	1460
35.4427220821	111
35.4431359768	-1380
35.4598839283	-1380
35.4925639629	-1420
35.4925808907	-1340
35.5043029785	-104
35.5056459904	-1380
35.5078890324	-1420
35.5079040527	-1340
35.5086979866	-1420
35.5087020397	-1340
35.5090389252	-1380
35.5171408653	-1380
35.5259940624	543
35.5534980297	-1380
35.5563879013	543
35.5660140514	-1420
35.5660350323	-1340
35.5778799057	-1380
35.5828690529	543
35.5951509476	543
35.5961198807	543
35.5978710651	543
35.5983989239	543
35.5986700058	543
35.6019179821	-1380
35.6469819546	-1177
35.6484220028	543
35.7884910107	-1086
35.8028619289	-1380
35.8509960175	-1380
35.8676898479	543
35.86957407	-1420
35.8695800304	-1340
35.9442470074	-822
35.9509949684	543
35.9512910843	543
35.9649629593	-1380
36.0091810226	-1420
36.0091979504	-1340
36.0120899677	543
36.0854580402	-59
36.0868389606	543
36.08802104	1057
36.2726788521	-1420
36.2726960182	-1420
36.2727599144	-273
36.2739560604	543
36.28083992	543
36.317759037	-1380
36.3304340839	-1380
36.3408529758	-1420
36.3408849239	-1340
36.3409359455	-1380
36.3728349209	543
36.4154019356	-984
36.4173688889	543
36.4326450825	543
36.5058190823	-1420
36.5058379173	-1340
36.5552830696	-896
36.5564050674	543
36.6689369678	-1380
36.6968898773	-705
36.6983480453	1057
36.7143418789	-1380
36.7789669037	-1380
36.7820608616	1057
36.8381400108	-411
36.9794909954	-1086
36.9832439423	543
37.1249499321	-1057
37.1307790279	543
37.2019150257	-1380
37.2057189941	-1380
37.2062759399	-1420
37.2062819004	-1340
37.2118210793	-1420
37.2118449211	-1340
37.2121179104	-1380
37.2537858486	-1420
37.2538058758	-1340
37.2538769245	-1380
37.2542390823	543
37.256955862	-1380
37.2577269077	-1420
37.2577860355	-1340
37.2582139969	-1380
37.2660620213	-1420
37.266078949	-1340
37.2724170685	-1340
37.2878248692	1057
37.2915308475	543
37.3142459393	1057
37.4139728546	-1057
37.5056009293	1460
37.5057899952	625
37.5733869076	-1057
37.5774710178	1057
37.6847140789	-1380
37.6863288879	543
37.6870379448	1057
37.7540500164	-734
37.8067660332	543
37.8069369793	543
37.8701210022	1057
37.9154279232	-1380
37.9353690147	-220
37.9356679916	543
38.0298769474	-1380
38.0304729939	543
38.0520200729	-1420
38.0520489216	-1340
38.0768039227	-602
38.0944600105	543
38.0959150791	1057
38.4111759663	-543
38.5987000465	-1057
38.6063790321	1057
38.7523009777	-543
38.7529740334	543
38.7864918709	543
38.8069698811	543
38.8071069717	543
38.8947210312	-1057
39.1087949276	-543
39.1100480556	1057
39.1113579273	543
39.371160984	-1057
39.3826320171	1460
39.3827118874	111
39.5866880417	-543
39.7135128975	-1380
39.7142660618	36
