0	-543
0.0896170139313	-543
2.08755803108	543
2.11124706268	543
2.99841499329	-1420
2.99846816063	-1420
2.9984869957	-787
3.02246212959	-543
3.04342508316	1057
3.11533713341	-1420
3.11540818214	-1420
3.11544513702	-273
3.17319011688	-1420
3.17323803902	-151
3.1739320755	543
3.17414116859	543
3.22724318504	543
3.22747015953	1057
3.25233006477	1057
3.49928212166	-1420
3.49929904938	-1420
3.49936914444	-787
3.50108408928	1460
3.50114512444	1460
3.50118303299	193
3.61632704735	-543
3.67352795601	-1420
3.67359805107	-1420
3.67363595963	-273
3.69862604141	-1420
3.69870209694	-1420
3.69874811172	-1420
3.69881415367	-735
3.69885802269	-1420
3.69889998436	-1293
3.71994400024	543
3.72741007805	543
3.74684810638	543
3.77325201035	-1420
3.77326798439	-1420
3.77332210541	-362
3.79868912697	-1420
3.7987639904	-1420
3.79876899719	-1420
3.7988049984	-1420
3.79880714417	-848
3.81563711166	-1420
3.81564497948	-1420
3.81568908691	-1420
3.81569218636	-1420
3.81573605537	-683
3.81585907936	-1420
3.81589818001	-1420
3.81590199471	-1420
3.81593513489	-43
3.81605601311	543
3.87331700325	-1420
3.87333607674	-151
3.89906406403	-1420
3.89908003807	-1420
3.89915108681	-1420
3.89915513992	-1420
3.89919018745	-1201
3.95508909225	-543
3.96713209152	543
3.97358798981	-1420
3.97359609604	-1420
3.97363710403	-675
3.97712302208	543
4.09831809998	-1420
4.09833598137	-1420
4.09840011597	-1420
4.09840297699	-1420
4.09844517708	-1420
4.0984480381	-608
4.09919214249	-1420
4.09919714928	-1420
4.09923410416	-876
4.09938502312	-1420
4.09940505028	-1316
4.09944105148	-1420
4.09946799278	-14
4.17277002335	-1420
4.17279314995	-694
4.19904613495	-1420
4.19906306267	-1420
4.19912815094	-1420
4.19913101196	-1075
4.19916701317	-1420
4.19916915894	-1420
4.19920396805	-1241
4.19920706749	-1420
4.19924902916	-14
4.19980597496	-1420
4.19985413551	-1420
4.19985699654	-1419
4.20030212402	-1420
4.20030498505	-665
4.20712018013	543
4.27343201637	-1420
4.27344918251	-151
4.29869198799	-1420
4.29870796204	-1420
4.2987651825	-1359
4.29876804352	-1420
4.29880404472	-1420
4.29880714417	-1241
4.29903411865	-1420
4.29903912544	-1420
4.29907608032	-1330
4.29976606369	-1420
4.29979109764	-240
4.29979515076	-1420
4.29981398582	-1179
4.30033802986	-1420
4.30036211014	-665
4.30078196526	-1420
4.30080103874	-665
4.30183601379	1057
4.37320113182	-1420
4.37321710587	-665
4.39913415909	-1420
4.39915013313	-1420
4.3992061615	-1420
4.39920902252	-561
4.39924311638	-1345
4.39924716949	-1368
4.40032696724	-1420
4.40033197403	-1382
4.40035104752	-1420
4.40035700798	-1268
4.40047717094	543
4.40083312988	-1420
4.40083813667	-1420
4.40087604523	-1330
4.40129113197	-1420
4.40131306648	-694
4.46506214142	-1420
4.46508002281	-665
4.49866509438	-1420
4.49868202209	-1420
4.49874210358	-1420
4.4987449646	-1420
4.49878811836	-826
4.49879312515	-1420
4.49883317947	-1382
4.49990415573	-1420
4.49990916252	-1420
4.49997210503	-1419
4.49997496605	-1420
4.50001716614	-1420
4.50002002716	-1420
4.50006198883	-967
4.50025606155	543
4.57284402847	-1420
4.57286000252	-665
4.57371115685	543
4.59927296638	-1420
4.59928917885	-1420
4.59934210777	-1420
4.5993449688	-424
4.59941005707	-1420
4.59941506386	-1420
4.59944915771	-1241
4.60006117821	-1420
4.60013103485	-1420
4.60013508797	-1420
4.60017204285	-824
4.60017514229	-1420
4.60021495819	-1420
4.60021805763	-1420
4.60025215149	-364
4.60025405884	-1420
4.60028600693	-443
4.67364001274	-1420
4.67365503311	-694
4.67949104309	543
4.69919204712	-1368
4.69934201241	-1420
4.69944596291	-1420
4.69944906235	-1420
4.69948506355	-250
4.69948911667	-1420
4.6995241642	-1420
4.69952607155	-1241
4.69955897331	-1420
4.69956111908	-14
4.69980096817	-1420
4.69980502129	-1420
4.69985198975	-1419
4.69985508919	-1420
4.69989013672	-1179
4.70011115074	-1420
4.70013999939	-1208
4.70018005371	-1420
4.70019817352	-665
4.76548409462	-1420
4.76550102234	-694
4.79848504066	-1420
4.79850196838	-1420
4.79856395721	-1420
4.79856705666	-1420
4.79861211777	-1000
4.79882001877	543
4.79894804955	543
4.79904818535	-1420
4.79905295372	-1316
4.79927802086	-1420
4.79928302765	-14
4.79940199852	-1420
4.79940509796	-1420
4.79944109917	-1419
4.79944300652	-1420
4.7994761467	-665
4.79956698418	-1420
4.7996301651	-1420
4.79963302612	-1420
4.79966807365	-561
4.799669981	-406
4.87302017212	-1420
4.87304115295	-694
4.89860010147	-1420
4.89861702919	-1420
4.89867901802	-1420
4.89868116379	-1420
4.89872312546	-1000
4.89889216423	543
4.89903497696	-1420
4.89903998375	-1316
4.89909505844	-1420
4.89909696579	-1382
4.89921617508	-1420
4.89921998978	-1420
4.89925599098	-51
4.89954614639	-1420
4.89956903458	-151
4.89961695671	-1420
4.89964818954	-1420
4.89965105057	-1420
4.89966607094	-424
4.96713209152	543
4.9672369957	543
4.99965000153	-1420
4.99966812134	-1420
4.99973011017	-1420
4.99973416328	-1420
4.99978208542	-1420
4.99978613853	-1420
4.9998281002	-411
4.99983096123	-1420
4.99988603592	-14
4.99988913536	-1368
4.99989104271	-1420
4.99993300438	-1420
4.99993610382	-1420
4.99997806549	-310
5.00003695488	-1420
5.00006604195	-528
5.00026512146	1057
5.00095915794	-1420
5.00096416473	-1420
5.00100302696	-1330
5.00130605698	-1420
5.00134897232	-1420
5.00135612488	-1330
5.06487798691	-1420
5.06489515305	-665
5.09875202179	-1420
5.09877109528	-1420
5.09884095192	-1420
5.09884405136	-1420
5.09888696671	-1420
5.0988919735	-1420
5.09893202782	-411
5.09893417358	-1420
5.09897518158	-14
5.09915804863	543
5.09945511818	-1420
5.09946012497	-1420
5.0994989872	-362
5.09950113297	-1420
5.09955000877	-1420
5.09955310822	-1264
5.09959411621	-1034
5.09966802597	-1420
5.09971499443	-1420
5.0997171402	-905
5.0999250412	-1420
5.09993004799	-151
5.10020518303	-1420
5.10020899773	-1179
5.10031604767	-1420
5.10031914711	-665
5.10063195229	-1420
5.10063695908	-665
5.19885516167	-1420
5.19887709618	-1420
5.19894218445	-1420
5.19894504547	-1420
5.19898915291	-1420
5.19899201393	-1420
5.19903302193	-1099
5.19903612137	-1420
5.19907617569	-1382
5.19922614098	543
5.19940495491	543
5.20073604584	-1420
5.20074105263	-1420
5.2007830143	-362
5.20103907585	-1368
5.20130109787	-1420
5.20130610466	-1420
5.20139408112	-930
5.20139718056	-1420
5.20144104958	-1420
5.20144295692	-1420
5.20150613785	-1420
5.20153307915	-258
5.20157003403	-1420
5.20157217979	-528
5.20160508156	-1420
5.20160698891	-1420
5.20164203644	-1330
5.20164418221	-1420
5.20172595978	-1179
5.20173001289	-1420
5.20177412033	-1420
5.20177817345	-99
5.20181202888	-1260
5.20195007324	543
5.23543310165	-543
5.27296710014	-1420
5.2729871273	-151
5.29857611656	-1420
5.29859209061	-1420
5.29866099358	-1420
5.29866409302	-1420
5.29870200157	-1420
5.29870510101	-1420
5.29873800278	-1099
5.29874110222	-1368
5.29877400398	-1420
5.29877710342	-14
5.29928398132	-1420
5.29928898811	-1420
5.29936504364	-1419
5.29936814308	-1420
5.29940509796	-1316
5.29950618744	1057
5.2995929718	-1345
5.29983496666	-1420
5.29988002777	-1420
5.29990696907	-1420
5.29994297028	-1420
5.29994511604	-150
5.29998016357	-1420
5.29998207092	-665
5.37308907509	-1420
5.37310814857	-151
5.39864611626	-1420
5.39866399765	-1420
5.39870905876	-1420
5.3987121582	-1420
5.39873600006	-1000
5.3987390995	-1420
5.39876103401	-1420
5.39876413345	-1330
5.39901399612	543
5.39932107925	-1420
5.39932703972	-1420
5.39940500259	-1420
5.39940810204	-824
5.39944410324	-1420
5.39944601059	-1420
5.39948010445	-416
5.39966917038	-1420
5.39973711967	-1420
5.39973902702	-1419
5.39977812767	-1420
5.39978098869	-1420
5.39981508255	-787
5.3998169899	-1368
5.39991211891	-1420
5.39991497993	-325
5.40020012856	-1368
5.40027117729	-746
5.40043306351	-1420
5.40043711662	-665
5.44171309471	543
5.47296404839	-1420
5.4729809761	-694
5.47315406799	1057
5.49833917618	-1420
5.49835801125	-1420
5.4984099865	-1420
5.49841308594	-1420
5.49844717979	-1420
5.49845004082	-1420
5.498483181	-1420
5.49848604202	-19
5.49851918221	-1420
5.49852108955	-14
5.49902701378	-1420
5.49903202057	-1420
5.49907398224	-876
5.4991440773	-1420
5.49918317795	-1420
5.49918603897	-1264
5.49922013283	-520
5.49937915802	-1420
5.49940013885	-754
5.4995610714	-1420
5.49960112572	-1420
5.49960303307	-613
5.49963617325	-1420
5.4996380806	-1420
5.49967002869	-1420
5.49967217445	-113
5.4997651577	-1420
5.49976706505	-1420
5.49976801872	-1330
5.49989795685	543
5.57269215584	-1420
5.57270908356	-665
5.59908699989	-1420
5.59910297394	-1420
5.59916496277	-1420
5.59916806221	-1420
5.59920907021	-1420
5.59921312332	-1420
5.59924697876	-1099
5.5992500782	-1420
5.59929013252	-1382
5.59958100319	-1420
5.59960317612	-754
5.59971308708	-1420
5.59973216057	-665
5.5997979641	543
5.59990310669	543
5.60023713112	-1420
5.60024118423	-1420
5.60028004646	-1241
5.60036802292	-1420
5.60038900375	-1420
5.6003921032	-905
5.60047197342	-1420
5.60047507286	-1208
5.64717817307	-1420
5.64719605446	-151
5.69886803627	-1420
5.69888806343	-1420
5.69893908501	-1420
5.69894218445	-1420
5.69896697998	-1420
5.69896912575	-1151
5.69899201393	-1368
5.6989941597	-1420
5.69901704788	-1382
5.69923114777	543
5.69972705841	-1368
5.70005202293	-1420
5.70009303093	-1420
5.70009613037	-1419
5.70015406609	-1420
5.70015716553	-1420
5.70019102097	-1420
5.70019316673	-1189
5.7002260685	-1420
5.70022916794	-103
5.74782204628	-1420
5.74784302711	-1208
5.74819016457	543
5.89839506149	-1420
5.89841413498	-151
5.89900898933	543
5.89946818352	1057
6.29821801186	-1420
6.29823708534	-1420
6.2982981205	-787
6.39874410629	-1420
6.39881205559	-151
6.47330713272	-1420
6.47337913513	-1420
6.47341704369	-273
6.4735660553	543
6.54760503769	-1420
6.54762506485	-151
6.54777598381	543
6.59993910789	-1420
6.59995818138	-1420
6.60001206398	-1330
6.71684718132	-543
6.71882009506	543
6.71900105476	543
6.96718907356	543
6.96731114388	543
7.19892907143	-543
7.39817118645	-1420
7.39823102951	-151
7.40794205666	543
7.42185807228	1057
7.53262209892	1057
7.65106701851	1057
7.7986240387	-1420
7.79864001274	-1420
7.79870700836	-1420
7.7987101078	-1420
7.79875302315	-1420
7.79875612259	-608
7.87310600281	-1420
7.87312412262	-1420
7.87317705154	-1330
7.87332701683	543
7.97319412231	-1420
7.97321200371	-1420
7.9732670784	-362
7.97369503975	543
7.99809908867	-1420
7.99811601639	-1420
7.99817800522	-787
8.04749512672	-1420
8.04754495621	-151
8.05922913551	543
8.06207704544	543
8.09888100624	-1420
8.09889411926	-1420
8.09893512726	-787
8.12174701691	-1420
8.12179803848	-151
8.12472009659	543
8.13075709343	543
8.13095402718	543
8.1992521286	-1420
8.19927000999	-1420
8.19930815697	-787
8.31618118286	-1057
8.3200981617	543
8.32190299034	543
8.32212615013	543
8.43954801559	-1420
8.43956708908	-151
8.44740700722	543
8.59901404381	-1420
8.59903311729	-1179
8.71600103378	-1057
8.7492749691	1460
8.74938011169	1460
8.74941706657	1161
8.7495059967	89
8.89816808701	-543
8.99854111671	-1420
8.99855899811	-1420
8.99862003326	-1420
8.99862313271	-1420
8.99866509438	-1420
8.99866700172	-1151
8.99909710884	-1420
8.99910211563	-1420
8.99918818474	-1330
8.99919295311	-1420
8.99922800064	-1420
8.99923110008	-1419
8.99968695641	-1420
8.99969100952	-1420
8.9997279644	-302
9.00245904922	543
9.01297616959	543
9.05877804756	-1420
9.05879497528	-694
9.09820508957	-1420
9.09822297096	-1420
9.09827613831	-1420
9.09827804565	-1420
9.09830307961	-1420
9.09830617905	-94
9.09833312035	-1420
9.09833598137	-1316
9.09859418869	-1420
9.09859800339	-14
9.09875702858	543
9.09924006462	-1420
9.09924507141	-1420
9.09934711456	-905
9.09934997559	-1420
9.09938597679	-1420
9.09938812256	-1330
9.13328909874	-1420
9.13331913948	-665
9.20043802261	-1420
9.20045804977	-665
9.27476096153	-1420
9.27478003502	-1420
9.27484202385	-787
9.27497506142	543
9.39838504791	-1420
9.39840316772	-1420
9.39845609665	-1420
9.39845895767	-1420
9.39847612381	-1420
9.39847898483	-608
9.39890313148	-1420
9.39890813828	-1316
9.39893603325	-1420
9.39893913269	-14
9.39940404892	-1420
9.39940905571	-1420
9.39945697784	-1419
9.39955615997	543
9.43867707253	-1420
9.43869400024	-1208
9.49864196777	-1420
9.49866008759	-1420
9.49871206284	-1420
9.49871516228	-1420
9.49873900414	-1420
9.49874210358	-1288
9.49876499176	-1420
9.4987680912	-14
9.49896907806	543
9.49947595596	-1420
9.49949097633	-1316
9.49952197075	-1420
9.49952507019	-103
9.49986600876	-1420
9.49987006187	-1420
9.49990916252	-302
9.57307696342	-1420
9.57310318947	-694
9.5992629528	-1420
9.59927916527	-1420
9.59937214851	-1420
9.59937500954	-1420
9.59941101074	-1420
9.59941506386	-948
9.59945011139	-1368
9.59945297241	-1420
9.59949302673	-14
9.5997569561	543
9.60101699829	-1420
9.60102510452	-754
9.60122704506	-1420
9.60123205185	-665
9.60165596008	-1420
9.60166215897	-151
9.60215902328	-1420
9.60216498375	-665
9.69968605042	-1420
9.69970417023	-1420
9.69975805283	-1420
9.69976115227	-1420
9.69979906082	-312
9.70002698898	-1420
9.70004916191	-1382
9.7003660202	-1420
9.70038795471	-1420
9.70039010048	-362
9.70048809052	543
9.70093011856	-1420
9.70093607903	-1420
9.70097708702	-1330
9.70106911659	543
9.76472306252	-1420
9.76473999023	-694
9.79965615273	-1420
9.79967308044	-1420
9.79972696304	-1420
9.79972910881	-1420
9.79977107048	-1000
9.80051517487	-1420
9.80056405067	-1420
9.80056715012	-1330
9.80094599724	-1420
9.80095100403	-1420
9.80099201202	-1330
9.8011701107	-1420
9.80120301247	-1297
9.87392997742	-1420
9.87395811081	-151
9.89920115471	-1420
9.89921712875	-1420
9.89927411079	-1420
9.89927697182	-1420
9.89931201935	-1420
9.89931511879	-1151
9.89955496788	543
9.90068912506	-1420
9.90069317818	-1420
9.90073299408	-362
9.90145802498	-1420
9.90151596069	-1420
9.90151906013	-816
9.97351908684	-1420
9.97353506088	-694
9.9995701313	-1420
9.99959802628	-1420
9.9997150898	-1420
9.99972200394	-1420
9.99980401993	-1420
9.99981307983	-94
10.0013320446	-1420
10.0013439655	-1316
10.0014431477	-1420
10.0014500618	-14
10.0018031597	-1420
10.0018081665	-1420
10.0019381046	-362
10.0020520687	543
10.0024020672	543
10.0658690929	-1420
10.065885067	-694
10.0992121696	-1420
10.09922719	-1420
10.0992820263	-1420
10.0992851257	-1420
10.0993201733	-1420
10.0993251801	-94
10.1003861427	-1420
10.1003911495	-1420
10.1004321575	-876
10.1008541584	-1420
10.1008961201	-1420
10.1008989811	-816
10.1404111385	-1420
10.1404380798	-694
10.1994731426	-1368
10.1995799541	-1231
10.1995830536	-1368
10.1996691227	-1420
10.19967103	-1293
10.1998500824	543
10.2012059689	-1420
10.2012121677	-1420
10.2012541294	-1330
10.2018671036	-1420
10.2019090652	-1420
10.2019121647	-362
10.2738959789	-1420
10.2739131451	-694
10.2985920906	-1420
10.2986111641	-1420
10.2986760139	-1420
10.2986791134	-1420
10.2987220287	-1420
10.2987270355	-94
10.299695015	-1420
10.2997009754	-1420
10.2997400761	-1330
10.2998321056	543
10.2998890877	-1420
10.2998921871	-1420
10.2999491692	-362
10.3732640743	-1420
10.3732819557	-694
10.3734471798	543
10.3996031284	-1420
10.3996191025	-1420
10.399682045	-1420
10.3996839523	-1075
10.3997280598	-1345
10.4011001587	-1420
10.4011461735	-1420
10.4011490345	-1330
10.4014589787	-1420
10.4014639854	-1420
10.4015049934	-362
10.4654819965	-1420
10.4654970169	-694
10.4987311363	-1420
10.4987549782	-1420
10.4988090992	-1420
10.4988119602	-1420
10.4988460541	-1420
10.4988510609	-94
10.4988851547	-1368
10.4990451336	-1420
10.4990751743	-1382
10.4992489815	543
10.4997241497	-1420
10.4997301102	-1420
10.4997689724	-1419
10.4999511242	-1420
10.4999830723	-665
10.539796114	-1420
10.5398101807	-151
10.5992331505	-1420
10.5992760658	-1420
10.5993330479	-1359
10.5993361473	-1420
10.5994081497	-1420
10.5994110107	-1241
10.599462986	-1368
10.5994660854	-1420
10.5995030403	-1382
10.5997719765	543
10.6010019779	-1420
10.6010081768	-1420
10.6010391712	-1419
10.6011230946	543
10.6015281677	-1420
10.6015331745	-665
10.6023831367	-1420
10.6023890972	-665
10.6736171246	-1420
10.6736340523	-665
10.6989221573	-1420
10.6989409924	-1420
10.6990029812	-1420
10.6990060806	-1420
10.6990470886	-486
10.6990511417	-1420
10.6990909576	-1420
10.6990931034	-1420
10.6991369724	-1420
10.6991400719	-1420
10.6991751194	-697
10.7008991241	-1420
10.7009210587	-1316
10.7009890079	-1420
10.701018095	-103
10.7017409801	-1420
10.7017650604	-151
10.701832056	543
10.7023179531	-1420
10.7023229599	-665
10.7479319572	-1420
10.7479531765	-694
10.7982480526	-1420
10.7982771397	-1420
10.7983419895	-1420
10.798345089	-1420
10.7983870506	-1420
10.798388958	-1420
10.7984311581	-896
10.7984340191	-1420
10.798470974	-14
10.7993211746	-1420
10.7993719578	-1420
10.7993750572	-1330
10.799446106	-1420
10.79946208	-1420
10.7995040417	-1330
10.7996139526	-1420
10.7996520996	-1420
10.7996549606	-905
10.7998139858	543
10.8460769653	1057
10.8653130531	-1420
10.8653280735	-665
10.8982801437	-1420
10.898307085	-1420
10.8983900547	-1420
10.8983919621	-1420
10.8984341621	-1420
10.8984379768	-1420
10.898473978	-382
10.8984761238	-1420
10.8985180855	-14
10.8990521431	-1420
10.8990960121	-1316
10.8990991116	-1420
10.8991250992	-1420
10.8991279602	-1330
10.8991920948	-1420
10.8991940022	-14
10.8993580341	543
10.8994729519	-1420
10.899477005	-1420
10.8995130062	-1419
10.8997941017	-1420
10.8998351097	-1420
10.8998379707	-1359
10.9636311531	-543
10.9992141724	-1420
10.999309063	-1420
10.9993150234	-1420
10.9993610382	-735
10.9993641376	-1420
10.9994060993	-1420
10.9994089603	-1420
10.9994430542	-735
10.999464035	-1345
11.0011739731	-1420
11.0011789799	-1420
11.0011999607	-1419
11.0013370514	543
11.0014770031	543
11.0015051365	-1420
11.0018651485	-1420
11.0018880367	-1241
11.0018930435	-1420
11.0019090176	-1268
11.0020370483	-1420
11.0020561218	-151
11.073693037	-1420
11.0737111568	-1208
11.1004111767	-1420
11.1004350185	-1420
11.1004951	-1420
11.1004970074	-1420
11.1005411148	-1340
11.1005470753	-1368
11.1006000042	-1420
11.1006031036	-14
11.1029779911	-1420
11.1029820442	-1420
11.1030180454	-362
11.1034610271	-1420
11.103497982	-1420
11.1035010815	-1420
11.1035339832	-364
11.1036369801	-1420
11.1036729813	-754
11.1076960564	543
11.1480751038	-1420
11.1480951309	-665
11.199242115	-1420
11.1992590427	-1420
11.1993131638	-1420
11.1993160248	-1189
11.1993570328	-1420
11.1993601322	-1420
11.199393034	-1330
11.1994850636	-1420
11.1995129585	-1382
11.2004001141	-1420
11.200507164	-1420
11.200510025	-188
11.2005870342	-1420
11.20058918	-1420
11.2006270885	-1420
11.2006289959	-1052
11.2006611824	-1420
11.2006640434	-1420
11.2007110119	-362
11.2007131577	-1420
11.2007479668	-694
11.2008969784	1057
11.2223870754	-1420
11.2224030495	-665
11.2993149757	-1420
11.2993340492	-1420
11.2993869781	-1420
11.2993891239	-364
11.2994241714	-1420
11.2994270325	-1420
11.2994799614	-1330
11.300688982	-1420
11.3007121086	-1268
11.3007931709	-1420
11.3008220196	-151
11.3021709919	-1420
11.3022150993	-1420
11.3022179604	-1127
11.3023021221	-203
11.3023850918	543
11.3392190933	-543
11.3737661839	-1420
11.373816967	-665
11.3989989758	-1420
11.3991270065	-1420
11.3991320133	-1420
11.3991701603	-1392
11.3991720676	-1420
11.3992130756	-1420
11.399214983	-1330
11.3992481232	-1420
11.3992500305	-1420
11.3992860317	-876
11.4002251625	-1420
11.4003059864	-1420
11.4003090858	-1330
11.400354147	-1420
11.400357008	-1420
11.4003901482	-1420
11.4003920555	-735
11.4004580975	-1420
11.4004690647	-354
11.4005031586	-1420
11.4005050659	-151
11.4006700516	543
11.4008049965	543
11.4736120701	-1420
11.4736311436	-1208
11.4994330406	-1420
11.4994630814	-1420
11.4995491505	-1420
11.4995610714	-1392
11.4995980263	-1420
11.4996020794	-1420
11.4996349812	-1330
11.5010800362	-1420
11.5011219978	-1420
11.5011250973	-1419
11.5019171238	-1368
11.5022301674	-1420
11.5023059845	-1420
11.5023090839	-787
11.5023450851	-746
11.5024540424	543
11.5738379955	-1420
11.5738661289	-665
11.5987551212	-1420
11.598772049	-1420
11.5988330841	-1420
11.5988349915	-1420
11.5988781452	-1137
11.598883152	-1420
11.5989229679	-14
11.5998959541	-1420
11.5999400616	-1420
11.599943161	-876
11.6000931263	-1420
11.6000981331	-1316
11.6004071236	-1420
11.6004199982	-468
11.6004521847	-1420
11.6004550457	-1420
11.6004710197	-1420
11.6004731655	-1420
11.600497961	-179
11.6654970646	-1420
11.6655151844	-665
11.6656861305	1057
11.6996190548	-1420
11.6996359825	-1420
11.6996879578	-1420
11.6996910572	-364
11.6997070312	-1420
11.6997110844	-1420
11.6997339725	-876
11.7009670734	-1420
11.7010111809	-1420
11.7010140419	-1241
11.7011489868	-1420
11.7011539936	-1316
11.7011830807	-1420
11.7011861801	-103
11.7013370991	-1420
11.7013411522	-1420
11.7013771534	-816
11.7738859653	-1420
11.773911953	-694
11.7986011505	-1420
11.7986199856	-1420
11.7986860275	-1420
11.798689127	-1420
11.798730135	-1000
11.7989420891	543
11.7994771004	-1420
11.7994911671	-1420
11.7995121479	-1330
11.7998220921	-1420
11.7998631001	-1420
11.7998659611	-876
11.8730080128	-1420
11.8730261326	-694
11.9005401134	-1420
11.9005570412	-1420
11.9006099701	-1420
11.9006130695	-1420
11.9006471634	-1420
11.9006509781	-1420
11.9006841183	-1420
11.9006869793	-367
11.9038619995	-1420
11.90386796	-1268
12.0208451748	-1057
12.0209860802	543
12.0229380131	543
12.0279181004	543
12.6073381901	1057
12.699753046	-543
12.7985460758	-1420
12.7986309528	-1420
12.7986760139	-787
12.9155380726	-1420
12.9156060219	-1420
12.915651083	-1420
12.9156861305	-1212
12.9157190323	-1420
12.9157531261	-767
12.9671640396	543
13.0327301025	-1420
13.0327801704	-347
13.0687420368	1057
13.0863721371	1057
13.499808073	-543
13.5760281086	-1420
13.5761220455	-1420
13.5761620998	-787
13.5781400204	543
13.6929330826	-543
13.6948890686	543
13.7968380451	-1057
13.9989490509	-1057
14.0003650188	543
14.1982240677	-543
14.3986361027	-1057
14.4191131592	543
14.8861579895	-543
14.898663044	-1420
14.8986890316	-665
17.9651081562	543
