0	-543
0.136519193649	543
0.136723995209	543
0.385806083679	-543
2.13549017906	543
3.38618803024	-543
3.80379009247	543
3.83700013161	543
3.8770210743	-543
4.15554499626	-543
4.28195810318	-1368
4.28264403343	-1368
4.28330898285	-1368
4.28761005402	-1368
4.32448506355	1057
4.32472515106	-1420
4.32473111153	-1316
4.35133218765	-161
4.41309499741	543
4.41340017319	1057
4.43007016182	1057
4.43899512291	543
4.43952012062	543
4.43969106674	543
4.51335310936	543
4.51359319687	543
4.67038297653	-543
4.68608403206	1460
4.68615913391	111
4.72871017456	-1368
4.72905898094	-1368
4.73302316666	-1420
4.73302912712	-1316
4.73327112198	-1420
4.73327517509	-1316
4.73388910294	-1368
4.7638361454	-1420
4.76389503479	-1316
4.77193403244	-1368
4.77204799652	-1368
4.77243804932	-1420
4.77245903015	-1316
4.77283406258	-1368
4.77309799194	-1368
4.77558398247	-1368
4.77670407295	-1368
4.7770690918	-1368
4.77752399445	-1368
4.77780914307	-1368
4.77798819542	-1368
4.78032612801	543
4.80644202232	-1368
4.81383609772	-1420
4.81386899948	-1316
4.82049512863	-1368
4.8261680603	-1368
4.82622599602	-1368
4.82639813423	1057
4.88509917259	-1420
4.88512206078	-1316
4.88529610634	543
4.88896799088	-1368
4.88930106163	-1420
4.88934898376	-1420
4.88935208321	-1264
4.91337418556	-1368
4.91967916489	-1368
4.91975307465	-1368
4.91986918449	-1368
4.92765116692	-1368
4.92774820328	543
4.92784714699	-1368
4.92834115028	-1368
4.92858719826	-1368
4.92859220505	-1420
4.9286301136	-1316
4.92900705338	-1368
4.92922520638	-1368
4.93269109726	-1420
4.93274497986	-1316
4.93330216408	-1368
5.09197497368	-1420
5.09199500084	-1420
5.09205818176	-1420
5.09206104279	-1420
5.09210109711	-1420
5.09210419655	-1420
5.09214520454	-1420
5.09214806557	-1420
5.09218406677	-1420
5.09218597412	-1163
5.12637710571	-1368
5.12798810005	-1368
5.12872099876	-1368
5.12945199013	-1368
5.12996101379	-1368
5.13918113708	-1368
5.4413599968	-1420
5.441395998	-1420
5.44145107269	-1420
5.44145417213	-1420
5.44148898125	-1420
5.44149112701	-1420
5.44153499603	-1420
5.4415371418	-1420
5.44157099724	-1420
5.44157409668	-1420
5.44160604477	-1420
5.44160914421	-1420
5.44161009789	-744
5.44161105156	-1368
5.44182920456	543
5.44203019142	543
5.45157909393	-1368
5.59528303146	-1420
5.59535312653	-1420
5.59539818764	-1264
5.59736013412	-1420
5.59740304947	-1316
5.64779400826	-1368
5.64784598351	-1368
5.64786410332	-1368
5.7515630722	-1420
5.75158214569	-1316
5.7532081604	-1368
5.75327897072	-1420
5.75332212448	-1316
5.75337004662	-1368
5.75355911255	543
5.80380105972	-1368
5.80382013321	-1368
5.90738916397	-1420
5.90740919113	-1316
5.90923500061	-1368
5.90938210487	-1420
5.9094080925	-1420
5.90940999985	-1264
5.94542217255	-1368
5.95322203636	-1368
5.95991206169	-1368
5.96009802818	-1368
6.0528190136	-543
6.06347608566	-1420
6.06349110603	-1316
6.06370019913	543
6.06528306007	-1368
6.06544613838	-1368
6.0655310154	-1368
6.06567502022	-1368
6.1014521122	-1368
6.10161709785	543
6.10167312622	-1368
6.11616802216	-1420
6.11622810364	-1316
6.13576817513	543
6.21948003769	-1420
6.2195019722	-1316
6.22179102898	-1420
6.22180008888	-1420
6.22186207771	-1264
6.22186398506	-1368
6.25771212578	-1420
6.25772809982	-1316
6.27212119102	-1420
6.27213215828	-1316
6.28409910202	-543
6.37557911873	-1420
6.37560105324	-1316
6.37774801254	-1368
6.3779489994	-1420
6.37795305252	-1316
6.37807416916	-1368
6.41380906105	-1420
6.41382098198	-1316
6.41397714615	543
6.42796397209	-1368
6.42804408073	-1368
6.53167104721	-1420
6.53168797493	-1316
6.53417515755	-1420
6.53418111801	-1316
6.56980919838	-1368
6.5698261261	-1368
6.57012414932	-1368
6.57030105591	-1368
6.5841281414	-1420
6.58414411545	-1316
6.5843231678	543
6.68767309189	-1420
6.68769001961	-1316
6.69008708	-1420
6.69009208679	-1316
6.7256770134	-1368
6.72576618195	-1368
6.72623419762	-1368
6.7264020443	-1368
6.74020409584	-1420
6.74022102356	-1316
6.74041819572	543
6.84372019768	-1420
6.84373998642	-1316
6.84594297409	-1420
6.84594798088	-1316
6.88184309006	-1368
6.88186001778	-1368
6.88220906258	-1368
6.8824160099	-1368
6.89608407021	-1368
6.89610004425	-1368
6.99975514412	-1368
6.99977302551	-1368
7.00181007385	-1420
7.00181698799	-1316
7.03784012794	-1368
7.03785610199	-1368
7.03812408447	-1368
7.03830599785	-1368
7.05216312408	-1420
7.0521800518	-1316
7.0523481369	543
7.13616418839	543
7.13626003265	543
7.13630914688	543
7.15590119362	-1420
7.15592098236	-1316
7.1579811573	-1368
7.15804719925	-1368
7.19394207001	-1420
7.19395899773	-1316
7.19431209564	-1420
7.19431710243	-1316
7.20796513557	-1368
7.20798206329	-1368
7.20815896988	543
7.3120610714	-1420
7.31208014488	-1316
7.31420898438	-1420
7.31422710419	-1316
7.34984302521	-1420
7.34985899925	-1316
7.35051608086	-1368
7.35068106651	-1368
7.35078716278	543
7.36404109001	-1420
7.36405205727	-1316
7.37961196899	-543
7.46792912483	-1420
7.46794819832	-1316
7.47016906738	-1368
7.47023320198	-1368
7.50567507744	-1368
7.50576114655	-1368
7.50659608841	-1368
7.50667905807	-1368
7.51993703842	-1420
7.51994800568	-1316
7.62418699265	-1420
7.62420511246	-1316
7.62584900856	-1368
7.62603211403	-1368
7.66161704063	-1420
7.66163420677	-1316
7.66182518005	543
7.66237306595	-1368
7.66253805161	-1368
7.67593312263	-1420
7.67594218254	-1316
7.78007102013	-1368
7.78014016151	-1368
7.78185415268	-1368
7.78199601173	-1368
7.81774401665	-1420
7.81776118279	-1316
7.81792998314	543
7.81835818291	-1368
7.81852698326	-1368
7.83208799362	-1420
7.8320980072	-1316
7.93627905846	-1368
7.93629598618	-1368
7.93786406517	-1420
7.93787002563	-1316
7.93799114227	543
7.97393417358	-1368
7.97395801544	-1368
7.97437906265	-1420
7.97438406944	-1316
7.98797702789	-1368
7.98799419403	-1420
7.9880361557	-1316
7.98803901672	-1368
8.09240007401	-1368
8.09242105484	-1368
8.09358215332	-1368
8.09391903877	-1368
8.11098217964	-543
8.12970709801	-1420
8.12972211838	-1316
8.13038802147	-1368
8.13046312332	-1368
8.14293408394	543
8.14385414124	-1368
8.14400815964	-1368
8.18339300156	-1420
8.18341302872	-1316
8.24842119217	-1420
8.24843907356	-1316
8.24860620499	543
8.24984908104	-1420
8.24985408783	-1316
8.28580904007	-1420
8.28582715988	-1316
8.28631997108	-1368
8.28640818596	-1368
8.30004405975	-1420
8.30006217957	-1316
8.33930015564	-1420
8.33931612968	-1316
8.34289002419	543
8.40429115295	-1420
8.40430998802	-1316
8.40590810776	-1420
8.40591406822	-1316
8.44171118736	-1368
8.44172716141	-1368
8.44219112396	-1368
8.44230818748	-1368
8.4424071312	543
8.45601701736	-1368
8.45603704453	-1368
8.49511599541	-1420
8.49513101578	-1316
8.51761317253	543
8.51960301399	543
8.52567720413	543
8.53049302101	-543
8.5603120327	-1420
8.56033015251	-1316
8.56185102463	-1368
8.56199812889	-1368
8.59783101082	-1420
8.59784603119	-1316
8.59819197655	-1420
8.59820413589	-1316
8.61184215546	-1368
8.61214399338	-1368
8.62934112549	-543
8.65083003044	-1368
8.65088510513	-1368
8.7162501812	-1420
8.71626806259	-1316
8.71784996986	-1368
8.71810317039	-1368
8.72299218178	543
8.75371718407	-1368
8.75373411179	-1368
8.75409817696	-1368
8.75425219536	-1368
8.76825904846	-1420
8.76827311516	-1316
8.80685710907	-1420
8.80686807632	-1316
8.81289505959	543
8.87222719193	-1368
8.8722410202	-1368
8.87384319305	-1368
8.87397813797	-1368
8.9096660614	-1420
8.90967798233	-1316
8.91016697884	-1420
8.91017103195	-1316
8.92293405533	543
8.92418599129	-1420
8.92419099808	-1316
8.96275520325	-1368
8.96277999878	-1368
9.02813601494	-1368
9.02996015549	-1368
9.03002309799	-1368
9.03002715111	-1368
9.06577801704	-1368
9.06595301628	-1368
9.06628108025	-1420
9.06628513336	-1316
9.08004808426	-1368
9.08026719093	-1368
9.11882019043	-1420
9.11883616447	-1316
9.14296197891	543
9.14306998253	543
9.14311718941	543
9.18420004845	-1368
9.18421912193	-1368
9.18572115898	-1368
9.18589520454	-1368
9.22197914124	-1368
9.39386320114	-1420
9.39388108253	-1420
9.39392805099	-1420
9.39393115044	-1420
9.39394807816	-1420
9.3939511776	-1420
9.39397311211	-1420
9.39397501945	-1420
9.39399003983	-1420
9.39399218559	-1420
9.39400720596	-1420
9.39400911331	-1420
9.39401102066	-1420
9.39401197433	-1420
9.39401316643	-1420
9.3940141201	-1420
9.39402508736	-1420
9.3940281868	-484
9.40296506882	543
9.4031701088	543
9.43119215965	-1368
9.43135404587	543
9.49651503563	-1368
9.49653410912	-1368
9.5235581398	543
9.53502106667	-1368
9.53529405594	-1420
9.53531813622	-1316
9.54975318909	-1368
9.54999399185	-1420
9.54999899864	-1316
9.5650780201	543
9.5653321743	543
9.643679142	-1420
9.64369702339	-1316
9.6525759697	-1368
9.65259313583	-1368
9.6914730072	-1420
9.69148802757	-1316
9.7057261467	-1420
9.70573210716	-1316
9.7062561512	-1420
9.70626020432	-1316
9.71293210983	543
9.75144219398	-1368
9.79959797859	-1368
9.80851912498	-1368
9.80856609344	-1368
9.84139418602	-1368
9.84717512131	-1368
9.86201906204	-1420
9.86207318306	-1420
9.86207699776	-1003
9.8623239994	543
9.88009214401	-1368
9.88394713402	-1368
9.8861041069	543
9.92610502243	-1368
10.0177760124	-95
10.0203800201	543
10.0205771923	1460
10.0206391811	111
10.1371471882	543
10.2632319927	-543
10.2926971912	-1368
10.29352808	-1368
10.2937710285	-1368
10.3060610294	-1368
10.3646411896	-1368
10.3651180267	-1368
10.3672571182	-1368
10.3677520752	-1368
10.409361124	-1368
10.4483721256	-770
10.4572710991	543
10.4734690189	1057
10.5449061394	1057
10.6320800781	1057
10.7780339718	-1420
10.7780520916	-151
10.779458046	-1420
10.7794630527	-1316
10.7797729969	-1368
10.7801411152	-1368
10.7803571224	-1368
10.8152680397	-1368
10.8207790852	-1420
10.820797205	-1316
10.8213620186	-1368
10.8216969967	-1368
10.822478056	-1368
10.8225591183	543
10.8228690624	543
10.9340121746	-1420
10.9340322018	-1316
10.9353129864	-1368
10.9353661537	-1368
10.9359550476	-1368
10.9360060692	-1368
10.9388411045	543
10.9434840679	543
10.9711351395	-1368
10.9711539745	-1368
10.9755671024	543
10.976473093	-1368
10.9766540527	-1368
10.9772620201	-64
10.9814510345	543
10.9816579819	543
11.1421461105	543
11.1725289822	-1057
11.1753861904	543
11.1847610474	543
11.1849570274	543
11.3086822033	-1368
11.3281681538	-232
11.3510901928	-1368
11.4659051895	-1368
11.4751291275	543
11.4847741127	543
11.50685215	-1007
11.5903830528	-1368
11.5921401978	1460
11.5922040939	1460
11.5922541618	1161
11.592315197	89
11.7244961262	-746
11.7255971432	543
11.9137420654	-1368
11.9140861034	-1368
11.9148731232	-1420
11.9148790836	-1316
11.9150080681	-1368
11.9151570797	-1368
11.9154620171	-1368
11.9203181267	-335
11.9478449821	-1368
11.9562160969	-1368
11.9566800594	-1368
11.9570720196	-1368
11.9574120045	-1368
11.9582850933	-1368
12.0699591637	-1368
12.0700380802	-1368
12.0707581043	-1368
12.0709381104	-1368
12.0712840557	-1368
12.0713691711	-1368
12.0714681149	543
12.0761110783	-1368
12.076166153	-1368
12.1121799946	-1368
12.1123521328	-1368
12.1127951145	-1368
12.112869978	-1368
12.1142480373	-1420
12.1142539978	-1316
12.2259681225	-1420
12.225987196	-1316
12.2266891003	-1368
12.2268722057	-1368
12.2272181511	-1420
12.2272231579	-1316
12.2322731018	-1420
12.2322781086	-1316
12.2684261799	-1368
12.2685060501	-1368
12.2686500549	543
12.2687411308	-1368
12.26881814	-1368
12.2702171803	-1420
12.2702231407	-1316
12.381870985	-1420
12.3818891048	-1316
12.3826780319	-1368
12.3828601837	-1368
12.3829801083	-1368
12.3832221031	-1368
12.3880980015	-1368
12.3881981373	-1368
12.4245200157	-1368
12.4245350361	-1368
12.4260861874	-1368
12.4261600971	543
12.426235199	-1368
12.4263021946	-1368
12.4263551235	-1368
12.5378460884	-1368
12.5378630161	-1368
12.5386750698	-1368
12.5388760567	-1368
12.5391941071	-1368
12.5393531322	-1368
12.7385401726	-1420
12.7385590076	-1420
12.7386140823	-1420
12.7386171818	-1420
12.7386519909	-1420
12.7386550903	-1420
12.7386870384	-1420
12.7386901379	-1420
12.738722086	-1420
12.7387239933	-1420
12.7387571335	-1420
12.7387599945	-1420
12.7387611866	-1420
12.7387621403	-1420
12.7387630939	-1420
12.7387640476	-1420
12.7387821674	-536
12.7387850285	-1368
12.7387859821	-1368
12.7390811443	543
12.7392389774	543
12.8503251076	-1368
12.8508350849	-1368
12.851886034	-1368
12.8569710255	-1368
12.8940331936	-1368
12.8944489956	-1420
12.8944821358	-1316
12.8945271969	-1368
12.8946590424	-1368
13.006868124	-1420
13.0068860054	-1316
13.0070390701	-1368
13.0071241856	-1368
13.0072000027	543
13.0129621029	-1368
13.0132131577	-1368
13.0505270958	-1420
13.0505440235	-1316
13.050579071	-1420
13.0505821705	-1316
13.1628811359	-1420
13.162899971	-1316
13.1632020473	-1368
13.1634290218	-1368
13.1691360474	-1368
13.1691920757	-1368
13.169301033	-1420
13.1693041325	-1316
13.2066061497	-1420
13.2066230774	-1316
13.2067081928	-1420
13.2067110538	-1316
13.206840992	543
13.3188271523	-1368
13.3188450336	-1368
13.3190310001	543
13.3193969727	-1420
13.3194031715	-1316
13.3251030445	-1420
13.3251070976	-1316
13.3252990246	-1420
13.3253030777	-1316
13.3627021313	-1420
13.3627259731	-1420
13.3627920151	-1420
13.3627951145	-1212
13.4748110771	-1368
13.4748291969	-1368
13.4751780033	-1368
13.4753351212	-1368
13.4811851978	-1420
13.4811890125	-1316
13.4812471867	-1368
13.4813501835	-1368
13.4814469814	543
13.5186030865	-1420
13.5186161995	-1420
13.5186860561	-1264
13.5186891556	-1368
13.6310210228	-1420
13.63104105	-1316
13.6310770512	-1368
13.6313700676	-1368
13.637360096	-1420
13.6373791695	-1420
13.6374340057	-1420
13.6374371052	-1212
13.6375319958	-1420
13.6375360489	-1316
13.6749091148	-1368
13.6749250889	-1368
13.7182791233	-1368
13.7182981968	-1368
13.7184669971	543
13.7870020866	-1368
13.7870919704	-1368
13.7935090065	-1420
13.7935180664	-1420
13.7935631275	-1420
13.7935659885	-1212
13.7936410904	-1368
13.7937610149	543
13.7938230038	-1420
13.7938261032	-1420
13.7938261032	-1264
13.830958128	-1420
13.8310081959	-1316
13.8741261959	-1368
13.8743591309	-1368
13.9495620728	-1420
13.9495801926	-1316
13.9496371746	-1420
13.9496400356	-1316
13.9496819973	-1420
13.9496850967	-1316
13.9499239922	543
13.9501411915	-1368
13.9502379894	-1368
13.9503509998	-1368
13.950428009	-1368
13.9869260788	-1420
13.9869441986	-1316
14.0308160782	-1420
14.0308320522	-1316
14.1057171822	-1420
14.1057360172	-1316
14.1057710648	-1420
14.1057741642	-1316
14.1059560776	-1368
14.1060671806	-1368
14.1063401699	-1368
14.1064291	-1368
14.1065320969	543
14.1066482067	-1420
14.1066520214	-1316
14.1356589794	543
14.1427910328	-1368
14.1437141895	-1368
14.1867771149	-1420
14.1867899895	-1316
14.2621331215	-1420
14.2621541023	-1420
14.2621910572	-1264
14.2623240948	543
14.2623960972	-1420
14.2623980045	-1420
14.2623991966	-1264
14.2627520561	-1368
14.2628800869	-1420
14.26288414	-1316
14.2630121708	-1368
14.298789978	-1368
14.2988500595	-1368
14.342828989	-1368
14.3429009914	-1368
14.3430609703	543
14.4182550907	-1368
14.4183840752	-1420
14.4184370041	-1316
14.4184410572	-1368
14.4185531139	-1420
14.418555975	-1316
14.4189801216	-1368
14.4191441536	-1368
14.4547021389	-1368
14.4547221661	-1368
14.4990131855	-1420
14.4990310669	-1316
14.5525450706	-1420
14.5525681973	-1316
14.5746099949	-1368
14.5748012066	-1420
14.5748541355	-1420
14.5748581886	-1264
14.5748929977	-1420
14.5748951435	-1316
14.5750741959	543
14.5752491951	-1368
14.5753221512	-1368
14.610669136	-1368
14.6106870174	-1368
14.6108520031	543
14.6550459862	-1420
14.6550631523	-1316
14.708630085	-1420
14.7086491585	-1316
14.7311110497	-1420
14.7311270237	-1420
14.7311940193	-1264
14.7311971188	-1368
14.7312390804	-1368
14.7316820621	-1368
14.7317061424	-1368
14.7317759991	-1368
14.7667710781	-1368
14.7667901516	-1368
14.8108830452	-1420
14.8109021187	-1316
14.8135771751	1057
14.8649160862	-1420
14.8649430275	-1316
14.8870520592	-1420
14.887070179	-1316
14.8871560097	-1368
14.887335062	-1368
14.8878891468	-1420
14.8878951073	-1316
14.9225862026	-1368
14.922604084	-1368
14.9668622017	-1420
14.9668791294	-1316
15.0192530155	-1420
15.019272089	-1316
15.0194690228	543
15.0206921101	-1368
15.0207881927	-1368
15.0430619717	-1420
15.0430810452	-1316
15.0433549881	-1368
15.0435571671	-1368
15.0439500809	-1368
15.0442540646	-1368
15.0443611145	543
15.0786299706	-1368
15.078646183	-1368
15.122823	-1368
15.1228501797	-1368
15.1752030849	-1368
15.1752221584	-1368
15.1766371727	-1368
15.1766881943	-1368
15.199062109	-1420
15.1990771294	-1316
15.1993010044	543
15.1994071007	-1368
15.1994521618	-1368
15.2349190712	-1420
15.234937191	-1316
15.2786400318	-1368
15.278660059	-1368
15.3311421871	-1368
15.3318231106	-1368
15.3325769901	-1420
15.332583189	-1316
15.3550510406	-1420
15.355066061	-1316
15.3551120758	-1420
15.3551151752	-1316
15.3555212021	-1368
15.3556861877	-1368
15.434746027	-1420
15.4347651005	-1316
15.4349501133	543
15.4870760441	-1368
15.4872581959	-1368
15.4883680344	-1368
15.4886960983	-1368
15.4887530804	-1420
15.4887571335	-1316
15.5110340118	-1420
15.511051178	-1316
15.5110871792	-1368
15.5111989975	-1368
15.5112910271	543
15.5116140842	-1368
15.5118770599	-1368
15.5908901691	-1420
15.5909090042	-1316
15.6433269978	-1420
15.6433460712	-1316
15.6446890831	-1368
15.6448891163	-1420
15.6449329853	-1316
15.6450140476	-1368
15.6450710297	543
15.6670069695	-1420
15.6670250893	-1316
15.6672010422	-1368
15.6673660278	-1368
15.6677210331	-1368
15.6679430008	-1368
15.7431151867	1057
15.7468960285	-1368
15.746984005	-1368
15.7994329929	-1368
15.7994511127	-1368
15.8007621765	-1420
15.800768137	-1316
15.8229110241	-1368
15.8229281902	-1368
15.8230750561	-1368
15.8232810497	-1368
15.8234000206	543
15.8238091469	-1420
15.8238141537	-1316
15.8633270264	-1368
15.8633360863	-1368
15.9030191898	-1420
15.9030270576	-1316
15.9567170143	-1368
15.9567790031	-1368
15.9569571018	-1420
15.9569621086	-1316
15.9789919853	-1420
15.9790081978	-1316
15.979238987	-1368
15.9792830944	543
15.9794640541	-1368
15.9797201157	-1368
15.979924202	-1368
16.0194051266	-1420
16.019423008	-1316
16.058806181	-1368
16.0589110851	-1368
16.1128780842	-1368
16.1129081249	-1368
16.1129631996	-1368
16.113104105	-1368
16.113309145	543
16.1349611282	-1420
16.134978056	-1316
16.1351931095	543
16.1352510452	543
16.1366829872	-1420
16.136687994	-1316
16.1367759705	-1420
16.1367790699	-1316
16.1752440929	-1368
16.1753242016	-1368
16.2149050236	-1420
16.2149260044	-1316
16.2690060139	-1420
16.2690250874	-1316
16.2691171169	-1420
16.269119978	-1316
16.2908740044	-1368
16.2908921242	-1368
16.291421175	543
16.2924971581	-1368
16.2926111221	-1368
16.2928080559	-1420
16.2928140163	-1316
16.3315501213	-1420
16.3315651417	-1316
16.3708779812	-1420
16.3708941936	-1316
16.3710970879	543
16.425232172	-1420
16.4252500534	-1420
16.4253201485	-1264
16.4253230095	-1368
16.4468410015	-1368
16.4468560219	-1368
16.4485449791	-1420
16.4485499859	-1316
16.4486410618	-1420
16.4486441612	-1316
16.448788166	543
16.4873239994	-1368
16.4876229763	-1368
16.5268170834	-1368
16.5269031525	-1368
16.5816531181	-1420
16.5816731453	-1420
16.5817291737	-1264
16.5817320347	-1368
16.6026191711	-1368
16.6026341915	-1368
16.6044960022	-1420
16.6045022011	-1420
16.6045401096	-1264
16.6045789719	-1368
16.6437439919	-1420
16.6437780857	-1420
16.6438410282	-1264
16.643843174	-1368
16.6830341816	-1420
16.683052063	-1316
16.7377359867	-1420
16.7377541065	-1316
16.7379159927	543
16.758548975	-1420
16.7585680485	-1316
16.760420084	-1368
16.7604711056	-1368
16.7605941296	-1420
16.7605991364	-1316
16.7607271671	543
16.7997000217	-1368
16.7997891903	-1420
16.7998261452	-1316
16.7998290062	-1368
16.838973999	-1368
16.8650979996	-543
17.0510151386	-1420
17.0510950089	-1420
17.0511331558	-1420
17.0511760712	-1420
17.051210165	-1420
17.0512430668	-239
17.0539309978	543
17.0541331768	543
17.1356990337	543
17.1357960701	543
17.2748451233	-543
17.4201321602	-543
17.466864109	-1420
17.4669110775	-1316
17.4673140049	-1368
17.576157093	-1420
17.5762200356	-1316
17.622879982	-1420
17.6229410172	-1316
17.7321929932	-1420
17.7322421074	-1420
17.7322599888	-1151
17.7675750256	1057
17.783550024	1057
18.0075781345	-543
18.0499641895	-1368
18.0924601555	-1420
18.0925199986	-1316
18.163752079	-66
18.166339159	543
18.1738510132	543
18.3155009747	-543
18.3196671009	-1057
18.5865631104	-543
18.7446091175	-1057
18.7457602024	543
18.9954040051	-1057
19.016821146	543
19.3386440277	-1420
19.3386662006	-665
19.33883214	543
