0	-543
0.154834032059	-543
0.694087982178	543
0.69426202774	543
0.891091823578	-543
1.96470284462	-543
2.48807883263	-543
3.0528819561	543
3.54959702492	-543
3.55689883232	543
4.0574669838	-543
4.06728696823	543
4.2870118618	-543
4.56596302986	-543
4.56616282463	543
5.06909394264	-1420
5.0691139698	-1420
5.06915903091	-787
5.20855879784	-1057
5.3880648613	-543
5.39078497887	543
5.39737892151	543
5.41994190216	543
5.56791496277	-543
5.76311683655	-543
5.76334285736	543
5.90308594704	-543
5.99916386604	-1368
6.0821659565	-746
6.08244991302	543
6.5903608799	-1420
6.59038090706	-151
6.62852191925	-1420
6.62853598595	-1316
6.72984600067	-891
6.73183393478	543
7.23974394798	-543
7.24005293846	543
7.68966698647	-543
8.08102798462	-1420
8.08104801178	-151
8.08156681061	-1368
8.08185696602	-1420
8.08189797401	-1316
8.08215284348	-1368
8.08241581917	-1420
8.08241987228	-1316
8.11917901039	-1420
8.11919593811	-1316
8.14793300629	543
8.16016483307	543
8.16490983963	543
8.1739089489	543
8.18433785439	543
8.19741201401	543
8.21736001968	543
8.2201359272	543
8.22041296959	-1420
8.22041797638	-1420
8.22046685219	-1420
8.22046995163	-1212
8.22137284279	-1420
8.22137880325	-1420
8.22142100334	-1420
8.22142386436	-717
8.22153091431	543
8.22166585922	543
8.22356390953	543
8.23892092705	543
8.24960494041	543
8.25121688843	543
8.25279188156	543
8.25828886032	543
8.25992202759	543
8.28256487846	543
8.29731798172	543
8.37520480156	-1420
8.37522101402	-1420
8.37528800964	-787
8.45562791824	-1368
8.47955679893	-1368
8.48690080643	543
8.48709988594	543
8.48721599579	543
8.49287080765	543
8.50373792648	-1368
8.50924086571	543
8.50945901871	543
8.51463198662	-1297
8.51489186287	543
8.51507782936	543
8.51518702507	543
8.52694797516	543
8.6123650074	-1368
8.61261200905	543
8.61274194717	543
8.6548500061	-261
8.65509200096	543
8.69686698914	543
8.69698381424	565
8.69704294205	543
8.72214102745	-1420
8.72215890884	-1420
8.72219586372	-1264
8.72236299515	543
8.73355293274	-1420
8.7335729599	-1316
8.73537683487	-1368
8.73614692688	-1420
8.73617291451	-1316
8.73632097244	-1368
8.73657298088	543
8.74855589867	543
8.74939084053	1460
8.7494468689	111
8.75077581406	543
8.76034188271	-1420
8.76034879684	-1420
8.76039195061	-1264
8.76057386398	543
8.76651096344	-1420
8.76651883125	-1420
8.76657390594	-1264
8.76657700539	-1368
8.76806092262	543
8.7769408226	543
8.777769804	1460
8.77782201767	111
8.79508781433	-48
8.79834294319	-1420
8.79841089249	-1316
8.79841399193	-1368
8.80916500092	543
8.83804893494	-565
8.90119194984	-1420
8.90120983124	-1420
8.90126681328	-1264
8.90149688721	543
8.90336990356	543
8.93775701523	-675
8.94918203354	543
8.96656990051	-1420
8.96658086777	-1316
8.96688199043	-1368
8.98490595818	-1420
8.98497080803	-1316
8.99870681763	543
8.9995880127	-1368
9.00060200691	-1368
9.00074195862	543
9.00253486633	543
9.004529953	1460
9.00463294983	1139
9.00469493866	-1420
9.00469779968	-1316
9.00469899178	-1368
9.00488781929	543
9.01252484322	-1368
9.012611866	543
9.01404094696	-1368
9.01413202286	543
9.01506495476	543
9.01530981064	543
9.01713085175	-1420
9.01713681221	-1316
9.01792001724	-1420
9.01792383194	-1316
9.02413797379	-1420
9.0241458416	-1420
9.02418994904	-1264
9.02428793907	-1368
9.0428647995	-1368
9.06658387184	-1420
9.0666539669	-1316
9.06686592102	543
9.06704998016	-1368
9.06734585762	543
9.06754398346	543
9.06776690483	543
9.08922791481	-1129
9.09163689613	543
9.09488081932	-1420
9.09488582611	-1316
9.09578180313	-1368
9.12267279625	-1368
9.12272191048	-1368
9.12293195724	543
9.12491393089	543
9.12555098534	-1420
9.1255569458	-1316
9.12560582161	-1368
9.15034198761	-1420
9.15041780472	-1316
9.16080188751	-1368
9.1655228138	-543
9.19901895523	-1368
9.22675085068	-1420
9.22680997849	-1316
9.22700786591	543
9.22758698463	-1368
9.2342338562	-446
9.23615002632	543
9.25960087776	-1368
9.31346797943	-1420
9.31348395348	-1316
9.31390881538	-1368
9.31509280205	543
9.32600498199	-1420
9.32601284981	-1420
9.32606196404	-1420
9.32606387138	-1212
9.32690095901	-1420
9.32690691948	-1316
9.32841300964	-1420
9.32841801643	-1316
9.32853794098	543
9.32909393311	543
9.32924485207	-1420
9.32924985886	-1420
9.32929182053	-1420
9.32929491997	-1212
9.33055996895	-1420
9.33056497574	-1316
9.3306248188	-1368
9.33301281929	-1420
9.33305287361	-1316
9.33527898788	543
9.346752882	1460
9.34681081772	111
9.34817385674	543
9.35272789001	-1368
9.35757303238	-1420
9.35759782791	-1316
9.3576798439	-1368
9.35790491104	-1368
9.35874986649	-1420
9.35879087448	-1316
9.36055994034	-1368
9.36295700073	543
9.36410593987	-543
9.37367296219	-486
9.37796998024	543
9.38275885582	543
9.41877198219	-1420
9.41878795624	-1316
9.41888189316	-1368
9.43180680275	-1420
9.43185281754	-1316
9.43295693398	-1368
9.43306088448	543
9.43402791023	-1420
9.4340338707	-1316
9.44681692123	543
9.47240591049	-1420
9.47241687775	-1316
9.51319003105	-430
9.59191393852	-1420
9.59192800522	-1420
9.59198188782	-1420
9.59198498726	-1420
9.59201979637	-1160
9.5922908783	-1420
9.59229493141	-1420
9.59233403206	-1420
9.59233689308	-1212
9.59302401543	-1368
9.59586000443	-1368
9.59594202042	543
9.59598302841	-1368
9.59621095657	-1420
9.59626984596	-1420
9.5962729454	-1264
9.59630894661	-1368
9.59635901451	-1420
9.5963768959	-1316
9.59649586678	-1420
9.5965359211	-1316
9.59663796425	543
9.62470793724	-1420
9.62472200394	-1316
9.62479186058	-1420
9.62479496002	-1316
9.62483692169	-1368
9.62488698959	-1368
9.62996602058	-1420
9.62997198105	-1316
9.65747499466	-1420
9.6574909687	-1316
9.65924692154	-1368
9.6919298172	-1368
9.69696998596	543
9.71033596992	543
9.72211384773	-38
9.74814796448	543
9.79813790321	-1368
9.81460094452	-1420
9.81467199326	-1316
9.8271818161	-1368
9.85288095474	-1368
9.88803386688	-16
9.89073681831	-1368
10.0149378777	-1368
10.0303318501	-949
10.0314450264	543
10.1279549599	-1420
10.1279728413	-1316
10.1697750092	-891
10.3730239868	-543
10.5423069	-1420
10.5423238277	-151
10.5435538292	1460
10.543612957	1460
10.5436508656	1161
10.543710947	1460
10.5437619686	1460
10.5437970161	1161
10.5438888073	1460
10.5439238548	1460
10.543956995	1161
10.544041872	1460
10.5440778732	805
10.5448079109	1057
10.5451569557	543
10.557902813	543
10.5885608196	543
10.6475448608	543
10.6517460346	543
10.667498827	543
10.6911959648	543
10.6939659119	543
10.6940438747	543
10.6942458153	543
10.6957268715	1460
10.6957910061	111
10.7106888294	1057
10.7142548561	543
10.72712183	1460
10.7272129059	111
10.7326710224	1460
10.7327549458	111
10.7595078945	543
10.7637979984	-543
10.7642400265	-1420
10.7642848492	-1420
10.7642879486	-1420
10.7643229961	-1420
10.7643258572	-1160
10.7646348476	-1420
10.7646379471	-1420
10.7646558285	-1264
10.769094944	-1420
10.7691400051	-1420
10.7691450119	-1420
10.7691628933	-1212
10.771930933	543
10.7916288376	543
10.793820858	543
10.797082901	-1420
10.7970910072	-1316
10.7971489429	-1420
10.7971529961	-1420
10.7971708775	-1264
10.7971739769	-1368
10.7972459793	-1420
10.7972488403	-1420
10.7972869873	-1264
10.7974078655	-1420
10.7974610329	-1420
10.7974638939	-1264
10.7974989414	-1368
10.7975828648	543
10.8020679951	-1420
10.8020768166	-1316
10.80210495	-1368
10.8231508732	543
10.8297560215	-1420
10.8297638893	-1420
10.8298099041	-1264
10.8301749229	-1420
10.8302388191	-1420
10.8302409649	-1420
10.8302779198	-1212
10.8302798271	-1420
10.830313921	-1420
10.8303170204	-1264
10.830395937	-1420
10.830398798	-1316
10.8304929733	-1368
10.8305909634	543
10.8306808472	-1420
10.8306839466	-1420
10.8307209015	-1264
10.8308498859	543
10.8309488297	-1420
10.8309528828	-1420
10.8309898376	-1420
10.8309929371	-1212
10.8310530186	-1420
10.8310549259	-1316
10.8353159428	-1420
10.8353228569	-1420
10.8354120255	-1420
10.8354148865	-1212
10.8357098103	543
10.8382818699	543
10.8402898312	-1420
10.84029603	-1316
10.844894886	543
10.8530800343	543
10.8633508682	-1420
10.8633680344	-1420
10.8634228706	-1420
10.8634259701	-1420
10.8634548187	-1420
10.8634579182	-1108
10.8634819984	-1420
10.8634839058	-1420
10.8635079861	-1264
10.8636169434	-1420
10.8636639118	-1420
10.8636658192	-1264
10.863713026	-1368
10.8638548851	-1420
10.8639178276	-1316
10.8639199734	-1420
10.8639559746	-1420
10.8639588356	-1264
10.8639919758	-1368
10.8646337986	543
10.9040839672	-1420
10.9040999413	-1420
10.9041559696	-1420
10.9041588306	-1420
10.9042038918	-1420
10.9042069912	-1420
10.9042418003	-1056
10.9042630196	-1420
10.9043159485	-1420
10.9043188095	-1420
10.904353857	-1420
10.9043560028	-1160
10.9043908119	-1420
10.9043929577	-1420
10.9044399261	-1264
10.9044418335	-1420
10.9044868946	-1316
10.904489994	-1368
10.904706955	543
10.9084968567	-1420
10.9085028172	-1420
10.9085419178	-1420
10.9085450172	-1212
10.9085969925	-1420
10.9085988998	-1316
10.9087059498	543
10.9339449406	-1420
10.9339618683	-1316
10.9366488457	-1420
10.9366588593	-1420
10.9366879463	-1420
10.9366908073	-1420
10.9367089272	-1160
10.9367849827	-1420
10.9368839264	-1420
10.9368870258	-1264
10.9369578362	-1420
10.9369637966	-1420
10.9370369911	-1264
10.9370388985	-1368
10.9370729923	-1420
10.9370748997	-1316
10.9371078014	-1420
10.9371109009	-1316
10.9371438026	-1368
10.9371469021	-1420
10.9371798038	-1316
10.9372580051	-1368
10.9374558926	-1420
10.9374608994	-1420
10.9374809265	-1264
10.9377579689	-1368
10.9420108795	-1420
10.9420258999	-1420
10.9420800209	-1420
10.9420819283	-1420
10.9421179295	-1420
10.9421198368	-1108
10.9429018497	543
10.9430940151	543
10.9432928562	543
10.9625148773	-1420
10.9625267982	-1316
10.969367981	-1420
10.9693849087	-1420
10.9694437981	-1420
10.9694468975	-1420
10.969481945	-1160
10.9694838524	-1368
10.969522953	-1420
10.9695258141	-1420
10.9695599079	-1264
10.9696538448	-1420
10.9696929455	-1420
10.9696948528	-1264
10.9697818756	-1420
10.9697840214	-1316
10.9698889256	-1420
10.969892025	-1420
10.9699280262	-1264
10.9700198174	-1420
10.9700930119	-1420
10.9700958729	-1264
10.9701299667	-1420
10.9701318741	-1316
10.9701700211	-1420
10.9701719284	-1316
10.9702248573	-1368
10.9702808857	-1368
10.9703428745	-1420
10.9703450203	-1316
10.970510006	-1420
10.9705138206	-1316
10.9705319405	-1368
10.9706788063	543
10.9707329273	-1420
10.9707348347	-1420
10.9707360268	-1420
10.9707369804	-1420
10.9707379341	-1160
10.9709160328	-1420
10.9709739685	-1420
10.9709768295	-1264
10.9710109234	-1420
10.9710128307	-1420
10.9710478783	-1264
10.971050024	-1420
10.9710838795	-1316
10.9712100029	543
10.971462965	543
10.974627018	-1420
10.9746339321	-1420
10.9746749401	-1264
10.9747149944	-1420
10.9747328758	-1420
10.9747359753	-1264
10.9748609066	-1368
10.974864006	-1368
10.9797079563	-1420
10.9797129631	-1420
10.979749918	-1420
10.9797518253	-1212
10.9804749489	543
11.002879858	-1420
11.0028939247	-1420
11.0029489994	-1420
11.0029518604	-1420
11.0030148029	-1420
11.0030169487	-1420
11.0030639172	-1056
11.0030670166	-1420
11.0030999184	-1316
11.0031030178	-1420
11.0031440258	-1420
11.0031468868	-1264
11.0031809807	-1368
11.003182888	-1420
11.003223896	-1316
11.003472805	-1420
11.0035178661	-1420
11.0035209656	-1264
11.0036299229	-1420
11.0036330223	-1420
11.0036759377	-1264
11.003677845	-1420
11.0037238598	-1420
11.0037269592	-1420
11.0037808418	-1212
11.0037829876	-1420
11.0038177967	-1420
11.0038199425	-1264
11.0038738251	-1368
11.0038759708	-1420
11.0039420128	-1420
11.00395298	-1264
11.0039889812	-1420
11.0039918423	-1420
11.0040249825	-1420
11.0040268898	-1212
11.0042560101	543
11.0045428276	-1420
11.004545927	-1316
11.0046799183	543
11.0437829494	-1420
11.0437998772	-1420
11.0438609123	-1420
11.0438640118	-1420
11.0438988209	-1420
11.0439019203	-1420
11.0439360142	-1056
11.0439379215	-1420
11.0439720154	-1420
11.0439739227	-1264
11.0440268517	-1420
11.0440289974	-1420
11.0440628529	-1264
11.0440649986	-1420
11.0440998077	-1316
11.0441019535	-1368
11.0441448689	-1420
11.0441479683	-1316
11.0442488194	-1368
11.0444049835	543
11.0444848537	-1420
11.0444879532	-1420
11.0445070267	-1420
11.044508934	-1420
11.0445249081	-1420
11.0445268154	-1108
11.0446009636	-1368
11.044713974	-1420
11.0447518826	-1420
11.0447540283	-1420
11.0448060036	-1212
11.0448079109	-1420
11.0448608398	-1420
11.0448629856	-1264
11.0448958874	-1368
11.0451250076	543
11.0452268124	543
11.0489239693	-1420
11.048940897	-1420
11.048995018	-1420
11.0489969254	-1420
11.0490338802	-1420
11.0490369797	-1420
11.0490708351	-1056
11.0490748882	-1368
11.0491509438	-1420
11.0491538048	-1420
11.0491929054	-1264
11.0491948128	-1420
11.0492289066	-1420
11.049230814	-1264
11.0519909859	543
11.0521109104	543
11.0735208988	-1420
11.0735359192	-1420
11.0735988617	-1420
11.0736019611	-1212
11.0761508942	-1420
11.076155901	-1420
11.0761759281	-1420
11.0761790276	-1212
11.0764210224	-1368
11.0765218735	-1420
11.0765638351	-1420
11.0765659809	-1420
11.0765998363	-1420
11.0766019821	-1160
11.076654911	-1420
11.0766568184	-1420
11.0766918659	-1264
11.0766940117	-1420
11.0767278671	-1420
11.0767300129	-1420
11.0767638683	-1212
11.0767660141	-1420
11.0768640041	-1420
11.0768659115	-1264
11.0769000053	-1420
11.0769109726	-1420
11.0769460201	-1420
11.0769479275	-1212
11.0770838261	-1420
11.0770869255	-1420
11.0771248341	-1264
11.0771279335	-1420
11.0771608353	-1316
11.0775508881	-1420
11.0775909424	-1420
11.0775938034	-1420
11.0776398182	-1212
11.077641964	-1368
11.0777368546	-1420
11.077739954	-1420
11.0777769089	-1264
11.0777788162	-1420
11.07782197	-1420
11.077824831	-1420
11.0778808594	-1212
11.0778830051	-1420
11.0779168606	-1420
11.0779190063	-1420
11.0779528618	-1420
11.0779550076	-1160
11.0782709122	1057
11.0783939362	543
11.0815010071	-1420
11.081512928	-1420
11.0815689564	-1264
11.0815718174	-1420
11.0816068649	-1420
11.0816090107	-1420
11.0816438198	-1420
11.0816459656	-1160
11.081679821	-1368
11.0817379951	-1420
11.0817739964	-1316
11.0818328857	-1368
11.0826759338	-1420
11.0826809406	-1316
11.0833728313	543
11.1022160053	-1420
11.102232933	-1420
11.1022889614	-1420
11.1022908688	-1212
11.1090509892	-1420
11.1090660095	-1420
11.1091208458	-1420
11.1091239452	-1212
11.1091599464	-1420
11.1091649532	-1420
11.1092000008	-1264
11.1092019081	-1420
11.1092369556	-1420
11.109238863	-1264
11.1092739105	-1420
11.1092758179	-1316
11.1094388962	-1420
11.1094429493	-1316
11.109623909	543
11.109664917	-1420
11.1096680164	-1420
11.1096680164	-1420
11.1096689701	-1420
11.1096699238	-1160
11.109774828	-1420
11.1097760201	-1420
11.1097769737	-1420
11.1097779274	-1212
11.1098608971	-1420
11.1099059582	-1316
11.1100168228	-1420
11.1100718975	-1420
11.1100738049	-1420
11.1101219654	-1420
11.1101248264	-1160
11.1101589203	-1420
11.1101608276	-1316
11.1101949215	-1368
11.1101968288	-1368
11.1102519035	-1420
11.1102538109	-1420
11.1103219986	-1264
11.1103248596	-1420
11.1103599072	-1420
11.1103618145	-1420
11.1104238033	-1212
11.11043787	-1368
11.110490799	-1420
11.1104929447	-1420
11.1104938984	-1264
11.1104969978	-1420
11.1104979515	-1316
11.1106519699	-1420
11.1106548309	-1420
11.1106569767	-1264
11.1107099056	543
11.1107640266	-1420
11.110765934	-1316
11.1107668877	-1368
11.1108739376	-1420
11.110875845	-1420
11.1108779907	-1264
11.1108789444	-1420
11.1108798981	-1316
11.1113159657	-1420
11.1113200188	-1420
11.1113209724	-1264
11.1113870144	-1420
11.1113889217	-1316
11.1115310192	543
11.111593008	-1420
11.1115968227	-1420
11.1115980148	-1264
11.111645937	-1420
11.1116478443	-1316
11.1118018627	543
11.1119220257	-1420
11.1119248867	-1420
11.1119258404	-1264
11.1119599342	-1420
11.1119618416	-1316
11.1120150089	-1368
11.1120808125	-1420
11.1120829582	-1420
11.1120839119	-1420
11.1120848656	-1212
11.1121499538	-1420
11.1121518612	-1316
11.1122457981	543
11.1122808456	-1420
11.1122829914	-1420
11.1122839451	-1210
11.1124749184	543
11.1126339436	543
11.1160209179	543
11.1175420284	543
11.1177608967	543
11.1182899475	543
11.1185560226	543
11.1186699867	543
11.1187779903	543
11.1191279888	543
11.1290309429	543
11.1296989918	543
11.1300108433	543
11.1702299118	-1420
11.1702430248	-1420
11.1702950001	-1420
11.1702978611	-1420
11.1703338623	-1160
11.1703369617	-1420
11.1703779697	-1316
11.1704549789	-1420
11.1704568863	-1316
11.1705999374	-1420
11.1706218719	-1316
11.1706240177	-1368
11.1707370281	-1420
11.1707398891	-1420
11.1707758904	-1264
11.1708400249	-1420
11.1708788872	-1316
11.1709589958	543
11.1712019444	-1420
11.1712059975	-1420
11.1712818146	-1264
11.1712839603	-1420
11.1713387966	-1316
11.1713409424	-1420
11.1713988781	-1420
11.1714019775	-1264
11.1714448929	-1420
11.1714479923	-1420
11.1714818478	-1264
11.1715199947	-1420
11.1715378761	-1420
11.1715400219	-1264
11.171710968	-1420
11.171713829	-1420
11.1717529297	-1264
11.1718509197	543
11.1798119545	543
11.1803269386	543
11.1917219162	-1420
11.1917378902	-1316
11.1925528049	-1420
11.1925568581	-1316
11.1926178932	-1420
11.1926209927	-1420
11.1926579475	-1264
11.1926999092	-1420
11.1927189827	-1316
11.1928799152	-1420
11.1929349899	-1316
11.1929368973	-1368
11.1930220127	-1420
11.1930248737	-1420
11.1930418015	-1264
11.1932418346	-1420
11.1932969093	-1316
11.1932988167	-1420
11.1933338642	-1420
11.19333601	-1264
11.1933879852	-1368
11.1933898926	-1420
11.1934299469	-1420
11.1934318542	-1264
11.1934688091	-1368
11.1935079098	-1368
11.1937608719	-1420
11.193764925	-1316
11.193874836	-1420
11.1938779354	-1420
11.1939299107	-1264
11.1939330101	-1420
11.1939678192	-1420
11.193969965	-1264
11.1940238476	-1420
11.1940259933	-1420
11.1940608025	-1264
11.1940629482	-1420
11.1940979958	-1316
11.1941609383	-1368
11.1959159374	1057
11.2080779076	-1368
11.2262089252	-1420
11.2263159752	-1420
11.226320982	-1420
11.2263689041	-1420
11.2263708115	-1420
11.2264289856	-1108
11.2264318466	-1368
11.2264678478	-1420
11.2264699936	-1316
11.226503849	-1368
11.2265529633	-1420
11.2265717983	-1420
11.2265739441	-1264
11.2266478539	-1368
11.2269020081	-1420
11.2269849777	-1316
11.2269878387	-1420
11.2270278931	-1420
11.2270309925	-1264
11.2270679474	-1420
11.2270698547	-1420
11.2271068096	-1420
11.2271099091	-1212
11.2271509171	-1368
11.2272148132	-1420
11.2272880077	-1316
11.2272908688	-1420
11.2273278236	-1420
11.2273299694	-1420
11.2273788452	-1420
11.2273819447	-1160
11.2274339199	-1368
11.2274370193	-1420
11.2275578976	-1420
11.227560997	-1264
11.2275948524	-1420
11.2275979519	-1316
11.2289988995	543
11.2291288376	543
11.2293109894	543
11.2296359539	543
11.232282877	543
11.2341558933	543
11.2434589863	-1368
11.2460079193	-1368
11.2519609928	-966
11.2521088123	543
11.264029026	-1420
11.264043808	-1316
11.2640969753	-1420
11.2640988827	-1420
11.264141798	-1264
11.2642250061	-1420
11.2642638683	-1420
11.2642660141	-1264
11.2644398212	-1420
11.2644429207	-1420
11.2644879818	-1264
11.2645468712	-1420
11.2646019459	-1420
11.2646038532	-1264
11.2646379471	-1368
11.2646398544	-1368
11.264786005	-1420
11.2647879124	-1420
11.2648248672	-1264
11.2648639679	-1368
11.2649710178	543
11.2650089264	-1368
11.2652158737	-1420
11.2652568817	-1316
11.2653357983	-1420
11.2654459476	-1420
11.2654488087	-1420
11.2655408382	-1212
11.265542984	-1420
11.2655768394	-1316
11.2655789852	-1420
11.2656128407	-1420
11.2656149864	-1264
11.2657690048	543
11.2658059597	-1420
11.2658078671	-1420
11.2658088207	-1264
11.2763829231	-1368
11.2766258717	-1420
11.2766308784	-1316
11.2769160271	-1420
11.2769219875	-1316
11.2798149586	543
11.2843718529	-1420
11.2843899727	-1420
11.2844538689	-1264
11.2963619232	-1420
11.296410799	-1420
11.2964198589	-1420
11.2964389324	-1212
11.2965948582	543
11.3092999458	-1368
11.3095979691	-1420
11.3096477985	-1316
11.3098759651	-1420
11.3099179268	-1420
11.3099210262	-1420
11.3099558353	-1212
11.3100349903	-1420
11.3100550175	-1316
11.3100569248	-1420
11.3100728989	-1316
11.3101799488	-1420
11.3102328777	-1420
11.3102359772	-1264
11.3102688789	-1368
11.3104748726	-1368
11.3168959618	543
11.3195879459	543
11.3211858273	1460
11.3212399483	1460
11.3212769032	193
11.3214998245	1460
11.3215470314	1460
11.3215818405	707
11.3224380016	-1420
11.3224439621	-1316
11.3230810165	-1368
11.3242518902	-1420
11.3242919445	-1420
11.3243038654	-1264
11.3244249821	-1420
11.3244287968	-1420
11.3244659901	-1264
11.3245859146	543
11.3249948025	-1420
11.3249998093	-1420
11.3250589371	-1420
11.3250617981	-1212
11.3251168728	-1420
11.3251190186	-1420
11.3251538277	-1264
11.3251559734	-1368
11.3252010345	-1420
11.3252029419	-1316
11.3253288269	-1420
11.3253319263	-1316
11.3254668713	543
11.3371198177	-1420
11.3371329308	-1420
11.3371679783	-1264
11.3371708393	-1420
11.3371880054	-1316
11.3374559879	-1420
11.3374810219	-1316
11.3375589848	543
11.3378608227	-1420
11.3378658295	-1316
11.3422818184	-1420
11.3422908783	-1420
11.3423578739	-1420
11.3423600197	-1212
11.3426039219	-1420
11.342607975	-1316
11.344026804	-1368
11.3441109657	-1368
11.3441338539	-1420
11.345156908	543
11.3452029228	-1316
11.3504798412	-1420
11.3505239487	-1420
11.3505268097	-1264
11.3517899513	543
11.3526530266	1460
11.3527038097	1460
11.3527398109	707
11.3558180332	-1368
11.3561148643	-1420
11.3561580181	-1316
11.3598079681	543
11.3620798588	-1368
11.3688158989	543
11.3754220009	-1420
11.3754308224	-1316
11.3757429123	1460
11.3758039474	1460
11.3758399487	707
11.3796238899	543
11.3858020306	543
11.3862118721	1460
11.3862609863	1460
11.3863048553	707
11.387144804	543
11.3873808384	1460
11.3874440193	1460
11.3874928951	707
11.3914029598	-987
11.3916668892	543
11.4273018837	-1368
11.4280459881	-1368
11.4281840324	-1420
11.4281878471	-1316
11.4283308983	543
11.428483963	543
11.4285969734	543
11.4286158085	-1420
11.4286189079	-1420
11.4286370277	-1264
11.4287629128	-1420
11.4288008213	-1420
11.4288029671	-1264
11.4288539886	543
11.4289669991	-1420
11.4289698601	-1316
11.4289889336	-1368
11.4291110039	-1420
11.4291880131	-1420
11.4291899204	-1264
11.4292240143	-1420
11.4292259216	-1420
11.4292778969	-1264
11.4292798042	-1420
11.4293138981	-1316
11.4293529987	543
11.4294669628	-1420
11.4294698238	-1420
11.4295070171	-1264
11.4295089245	-1420
11.4296050072	-1420
11.4296078682	-1264
11.4296410084	-1368
11.4296438694	-1420
11.4297378063	-1420
11.4297409058	-1264
11.4297749996	-1368
11.4299719334	543
11.4329588413	-1420
11.4329659939	-1316
11.4333968163	-1420
11.4334030151	-1420
11.4334688187	-1264
11.4334719181	-1420
11.433508873	-1420
11.4335110188	-1420
11.4335448742	-1212
11.433660984	-1420
11.4336819649	-1316
11.433743	-1420
11.4337809086	-1420
11.433784008	-1264
11.4338998795	543
11.4383330345	543
11.4389998913	-1420
11.4390058517	-1420
11.4390358925	-1420
11.4390389919	-1212
11.4439058304	-1420
11.4439120293	-1420
11.4439527988	-1264
11.4439549446	-1420
11.4439888	-1420
11.4439918995	-1264
11.4448859692	543
11.4454209805	-1368
11.4697158337	-1420
11.4697728157	-1420
11.4697768688	-1420
11.4698219299	-1212
11.4699928761	-1420
11.4700348377	-1420
11.4700398445	-1420
11.4700789452	-1212
11.4700808525	-1420
11.4701159	-1316
11.4702289104	543
11.4703588486	543
11.4712209702	543
11.4786260128	-1420
11.4786310196	-1420
11.4786708355	-1264
11.4835989475	-1368
11.5311408043	-954
11.5313508511	543
11.5516300201	-1420
11.5516459942	-1420
11.5517148972	-1264
11.5517189503	-1420
11.5517549515	-1316
11.5517578125	-1368
11.5518219471	-1420
11.5518260002	-1420
11.5518670082	-1264
11.5518698692	-1420
11.5519049168	-1420
11.5519068241	-1264
11.5521919727	543
11.5562670231	-1420
11.5562720299	-1316
11.556322813	-1420
11.5563709736	-1420
11.5564060211	-1264
11.5567188263	-1420
11.5567569733	-1420
11.5567598343	-1264
11.5568139553	-1420
11.5568158627	-1316
11.5569159985	-1420
11.5569188595	-1420
11.556953907	-1264
11.55702281	-1420
11.5570588112	-1420
11.5570619106	-1264
11.5571308136	-1420
11.557133913	-1420
11.5571508408	-1264
11.5572648048	-1420
11.557300806	-1420
11.5573039055	-1264
11.5573868752	-1420
11.5573890209	-1316
11.5574679375	-1420
11.5574707985	-1316
11.5598728657	543
11.5601370335	543
11.5619828701	-1420
11.5619888306	-1420
11.5620310307	-1264
11.5620789528	-1420
11.5620980263	-1316
11.5622589588	-1420
11.5623059273	-1316
11.5623078346	-1368
11.5623989105	-1420
11.56240201	-1420
11.5624229908	-1264
11.5625379086	-1420
11.5625748634	-1420
11.5625779629	-1264
11.5626118183	-1368
11.5627708435	-1420
11.5627889633	-1316
11.5628969669	-1420
11.5629339218	-1420
11.5629358292	-1264
11.5632038116	-1368
11.5633289814	-1420
11.5633618832	-1316
11.5633649826	-1420
11.5633819103	-1420
11.5633850098	-1264
11.5634708405	-1420
11.5634729862	-1420
11.5634918213	-1264
11.5636270046	-1420
11.5636658669	-1316
11.5636680126	-1420
11.5637059212	-1316
11.5643877983	-1420
11.5644309521	-1316
11.5645987988	-1420
11.5646348	-1316
11.5646748543	-1420
11.5646939278	-1420
11.5646958351	-1264
11.5647828579	-1420
11.5647859573	-1420
11.5648038387	-1264
11.5649399757	-1420
11.5649418831	-1420
11.5649440289	-1264
11.5649819374	-1368
11.5650389194	-1420
11.5650408268	-1420
11.5650429726	-1264
11.568475008	1057
11.5686309338	543
11.5688319206	543
11.5691039562	543
11.5692949295	543
11.5845489502	-1420
11.5846159458	-1420
11.5846748352	-1264
11.5846779346	-1420
11.58472085	-1316
11.5847229958	-1368
11.5848009586	-1420
11.5848038197	-1316
11.5849540234	-1368
11.5891678333	-1420
11.5892269611	-1420
11.5892298222	-1264
11.5892648697	-1420
11.5892679691	-1420
11.5893108845	-1264
11.589756012	-1420
11.5898168087	-1316
11.5898199081	-1420
11.5898609161	-1420
11.5898640156	-1264
11.5899169445	-1420
11.5899188519	-1316
11.5900349617	-1420
11.5900378227	-1420
11.5900728703	-1264
11.5901699066	-1420
11.5901889801	-1420
11.5901908875	-1264
11.5902559757	-1420
11.5902588367	-1316
11.5903289318	-1420
11.5903308392	-1420
11.5903480053	-1264
11.5904040337	-1420
11.5904510021	-1316
11.5904808044	-1368
11.5949368477	-1420
11.5949409008	-1420
11.5949878693	-1264
11.5949909687	-1420
11.5950260162	-1420
11.5950288773	-1264
11.5952618122	-1420
11.5952658653	-1316
11.595266819	-1420
11.5952680111	-1420
11.5952699184	-1264
11.5953059196	-1368
11.5954828262	-1420
11.5954868793	-1420
11.595487833	-1264
11.5955708027	-1420
11.5955748558	-1420
11.5955758095	-1264
11.5956308842	-1368
11.5959448814	-1420
11.5959498882	-1420
11.595952034	-1264
11.5960268974	-1420
11.5960288048	-1316
11.5961158276	-1420
11.596118927	-1420
11.5961220264	-1264
11.5962779522	-1420
11.596282959	-1316
11.5963158607	-1420
11.5963180065	-1316
11.5963978767	-1420
11.5964019299	-1316
11.5965149403	-1420
11.5965178013	-1420
11.5965199471	-1264
11.5968289375	-1368
11.5969648361	543
11.5972578526	543
11.5975539684	543
11.5975909233	-1420
11.5976469517	-1420
11.5976858139	-1420
11.5976889133	-1212
11.5977859497	-1420
11.5977878571	-1316
11.5978269577	-1420
11.5978298187	-1420
11.5978310108	-1264
11.5979180336	-1420
11.5979199409	-1420
11.5979208946	-1264
11.5980668068	-1420
11.5980699062	-1420
11.5980708599	-1264
11.5983018875	543
11.5986299515	543
11.5987849236	543
11.5990109444	543
11.6191740036	-1420
11.6192059517	-1420
11.6192708015	-1264
11.619273901	-1420
11.6193118095	-1316
11.6193139553	-1368
11.6193490028	-1420
11.6193509102	-1420
11.6193859577	-1264
11.6194589138	-1420
11.6194968224	-1420
11.6194999218	-1264
11.6197168827	543
11.6229338646	-1420
11.6229410172	-1420
11.6229839325	-1264
11.6229858398	-1420
11.6230230331	-1316
11.6230700016	-1420
11.623087883	-1420
11.6230909824	-1420
11.6231069565	-1212
11.6232059002	-1420
11.6232419014	-1420
11.6232438087	-1264
11.6233320236	-1420
11.6233348846	-1316
11.6233799458	-1368
11.6234419346	-1420
11.6234610081	-1316
11.623652935	-1368
11.6237719059	-1368
11.6237750053	-1420
11.6238119602	-1420
11.6238138676	-1420
11.6239218712	-1212
11.6239249706	-1420
11.6239600182	-1420
11.6239619255	-1264
11.6239960194	-1368
11.6268768311	543
11.6271409988	543
11.6281449795	-1420
11.6281509399	-1420
11.6281929016	-1264
11.6284408569	-1420
11.6284649372	-1420
11.6284677982	-1420
11.6284849644	-1420
11.6284878254	-1160
11.6286728382	-1420
11.628677845	-1316
11.628715992	-1420
11.628718853	-1420
11.6287739277	-1264
11.6287779808	-1420
11.6288299561	-1316
11.6288328171	-1368
11.6289010048	-1420
11.6289029121	-1316
11.6290378571	-1420
11.6290409565	-1420
11.6290609837	-1264
11.629062891	-1368
11.6291279793	543
11.6292209625	-1420
11.6292228699	-1420
11.6292598248	-1264
11.6293308735	-1420
11.6293678284	-1420
11.6293699741	-1264
11.6295199394	-1420
11.6295228004	-1420
11.6295609474	-1264
11.6296038628	543
11.6296830177	-1420
11.6296858788	-1420
11.6297228336	-1264
11.6299118996	-1420
11.6299519539	-1316
11.631141901	-1368
11.6311810017	-1420
11.6311838627	-1420
11.6312530041	-1420
11.6312549114	-1212
11.6312890053	-1420
11.6312909126	-1420
11.6313450336	-1264
11.6313788891	-1420
11.6313958168	-1420
11.6313979626	-1264
11.6315100193	-1420
11.6315119267	-1316
11.631567955	-1368
11.6316578388	-1420
11.6316950321	-1316
11.6320879459	543
11.6464250088	-1420
11.6464378834	-1420
11.6464939117	-1264
11.6524310112	-1420
11.6524748802	-1420
11.6524779797	-1420
11.6525139809	-1212
11.6552808285	543
11.6706249714	-381
11.6752619743	-1420
11.6753468513	-1420
11.6753518581	-1420
11.6753709316	-1420
11.675372839	-1420
11.675388813	-1420
11.6753909588	-1056
11.6754059792	-1368
11.6756119728	-1420
11.6756308079	-1420
11.6756329536	-1264
11.6758170128	-1420
11.6758208275	-1316
11.6758580208	-1368
11.6759109497	-1368
11.676227808	-1420
11.6762318611	-1420
11.6762678623	-1420
11.6762709618	-1212
11.6763188839	-1368
11.6764318943	-1420
11.6764509678	-1420
11.6764528751	-1264
11.6764698029	-1420
11.6764719486	-1420
11.6764879227	-1420
11.67648983	-1212
11.6765058041	-1420
11.6765680313	-1420
11.6765859127	-1264
11.6765878201	-1420
11.6766028404	-1316
11.6766779423	-1368
11.67709589	-1420
11.6771008968	-1420
11.677136898	-1264
11.6772918701	-1420
11.6773629189	-1420
11.6773648262	-1264
11.6773998737	-1420
11.6774020195	-1316
11.6774659157	-1368
11.677467823	-1368
11.6775789261	-1420
11.6775808334	-1316
11.6779739857	-1420
11.6779778004	-1420
11.6779789925	-1420
11.6779799461	-1420
11.6779808998	-1160
11.6780378819	-1420
11.6780400276	-1316
11.6780779362	-1420
11.6780807972	-1420
11.6781899929	-1264
11.6781928539	-1420
11.6781938076	-1420
11.6781959534	-1264
11.678196907	-1368
11.678331852	-1420
11.6783349514	-1420
11.6783359051	-1264
11.6783709526	-1420
11.67837286	-1316
11.6785449982	-1420
11.6785478592	-1420
11.6785488129	-1264
11.6785888672	-1420
11.6785919666	-1316
11.6875059605	-1420
11.6875259876	-1420
11.687527895	-1420
11.6875288486	-1420
11.6875309944	-1420
11.6875319481	-1420
11.6875329018	-1056
11.6875739098	543
11.6904578209	-1368
11.6914839745	543
11.6916549206	543
11.6919968128	543
11.6921899319	543
11.6944658756	543
11.7381238937	-1368
11.7468569279	543
11.749078989	-543
11.7573709488	-543
11.7818219662	-1420
11.7818348408	-1420
11.7818918228	-1420
11.7818949223	-1212
11.7819390297	-1420
11.7819418907	-1316
11.7819848061	-1420
11.7819869518	-1316
11.7820219994	-1368
11.7820978165	-1420
11.7821369171	-1316
11.7822029591	-1420
11.7822408676	-1420
11.7822439671	-1264
11.7823989391	-1420
11.7824029922	-1420
11.7824449539	-1420
11.7824478149	-1212
11.7827339172	543
11.7828979492	-1420
11.7829008102	-1316
11.7829208374	-1368
11.783082962	-1420
11.7831230164	-1316
11.7831788063	-1420
11.7832159996	-1420
11.7832198143	-1264
11.7832798958	-1420
11.7832818031	-1316
11.7834098339	-1420
11.7834188938	-1420
11.7834739685	-1264
11.7834768295	-1368
11.7835190296	-1368
11.7864220142	543
11.8147678375	-1420
11.8147859573	-1420
11.814852953	-1420
11.8148548603	-773
11.8164799213	-1368
11.817360878	543
11.8192079067	-1420
11.8192129135	-1420
11.819272995	-1264
11.819275856	-1420
11.8193249702	-1316
11.8193278313	-1368
11.8193628788	-1420
11.8194420338	-1316
11.8194708824	-1368
11.8195409775	543
11.8195919991	-1420
11.8195939064	-1420
11.8195948601	-1264
11.8196778297	-1420
11.8196790218	-1316
11.8213808537	-1420
11.8214099407	-1420
11.8214178085	-1264
11.8214378357	-1420
11.8214409351	-1420
11.8214569092	-1264
11.8215708733	-1368
11.8216078281	-1420
11.8216109276	-1316
11.8238859177	-1420
11.8238899708	-1420
11.8239309788	-1264
11.8240139484	-1420
11.8240540028	-1316
11.8241279125	-1420
11.8241670132	-1316
11.8242218494	543
11.8243589401	-1420
11.8243608475	-1316
11.8277208805	-1420
11.8277299404	-1420
11.8277738094	-1264
11.8278717995	-1420
11.8279099464	-1316
11.8279128075	-1368
11.8279998302	-1420
11.8280029297	-1420
11.8280389309	-1264
11.8280408382	-1368
11.8281018734	-1420
11.8281049728	-1316
11.8301529884	-1420
11.8301558495	-1420
11.8301918507	-1420
11.8301949501	-1212
11.8302628994	-1420
11.8302648067	-1420
11.830300808	-1264
11.8303029537	-1368
11.8303918839	-1420
11.8303949833	-1420
11.8304438591	-1264
11.8304469585	-1368
11.8305118084	-1420
11.8305139542	-1420
11.8305478096	-1264
11.8322179317	-1420
11.8322570324	-1420
11.8322598934	-1264
11.8322939873	-1420
11.8322958946	-1316
11.8323318958	-1420
11.8323338032	-1316
11.8324518204	-1420
11.832463026	-1316
11.8327009678	1057
11.8329248428	543
11.8337550163	543
11.8341529369	-1420
11.8341588974	-1316
11.8343830109	-1368
11.8344349861	-1368
11.8344578743	-1420
11.8347349167	-1420
11.8347759247	-1264
11.8347809315	-1420
11.8348169327	-1420
11.83481884	-1420
11.8348538876	-1420
11.8348560333	-1160
11.8352530003	543
11.835518837	543
11.8356678486	-1368
11.8360638618	-1420
11.836140871	-1316
11.8361439705	-1420
11.8361809254	-1420
11.8361840248	-1264
11.8362188339	-1368
11.8523728848	-1420
11.8524518013	-1420
11.8524568081	-1264
11.8525018692	-1420
11.8525049686	-1420
11.8525469303	-1420
11.8525500298	-1212
11.8525919914	-1368
11.8528079987	543
11.8535408974	-1368
11.8536689281	-1420
11.8537487984	-1420
11.8537518978	-1264
11.8537948132	-1368
11.8537969589	-1368
11.8538780212	-1420
11.8538799286	-1316
11.8539788723	-1420
11.8539819717	-1316
11.8548908234	-1420
11.8548970222	-1420
11.8549380302	-1420
11.8549599648	-1420
11.8549950123	-1160
11.8549978733	-1420
11.8550319672	-1316
11.8551199436	-1420
11.855121851	-1420
11.8551228046	-1264
11.8551239967	-1420
11.8551249504	-1420
11.8551259041	-1264
11.855219841	-1420
11.8552219868	-1316
11.8554878235	543
11.8556540012	543
11.8575220108	543
11.8577609062	-1420
11.857765913	-1316
11.8578088284	-1368
11.857847929	-1420
11.8578829765	-1420
11.8578848839	-1264
11.8593699932	-1420
11.8593759537	-1420
11.859400034	-1264
11.860916853	-1420
11.8609619141	-1420
11.8609650135	-1264
11.8610858917	-1420
11.8610889912	-1420
11.8611249924	-1264
11.8612170219	-1420
11.8612539768	-1420
11.8612558842	-1264
11.8632218838	543
11.8634488583	-1420
11.8634529114	-1420
11.8634929657	-1264
11.8636648655	-1420
11.8636879921	-1420
11.8636898994	-1264
11.8638539314	-1420
11.8638589382	-1316
11.8639848232	-1420
11.8639888763	-1420
11.8640258312	-1264
11.8640890121	543
11.8641409874	-1368
11.8642809391	-1420
11.8643109798	-1316
11.8652229309	-1420
11.8652489185	-1420
11.865252018	-1264
11.8654949665	-1420
11.8654978275	-1420
11.8655350208	-1264
11.865582943	-1420
11.8656020164	-1420
11.8656039238	-1264
11.865655899	-1420
11.8656589985	-1316
11.8664078712	543
11.8665440083	543
11.8674039841	-1420
11.8674099445	-1316
11.8676259518	543
11.8677709103	-1420
11.8677749634	-1316
11.8678460121	-1420
11.8678488731	-1420
11.867885828	-1420
11.8678879738	-1212
11.8679249287	-1420
11.867926836	-1420
11.8679609299	-1264
11.8680000305	-1420
11.8680348396	-1316
11.8680779934	-1420
11.8680949211	-1316
11.8692729473	543
11.8767108917	543
11.8814189434	-1420
11.8814308643	-1420
11.8814828396	-1420
11.881485939	-1212
11.8815209866	-1420
11.8815228939	-1316
11.8872478008	-1420
11.8872578144	-1420
11.8873069286	-1264
11.8873968124	-1420
11.8874309063	-1316
11.8876028061	-1368
11.8877229691	-1420
11.8877258301	-1420
11.8877999783	-1420
11.8878018856	-1420
11.8878378868	-1160
11.8878400326	-1368
11.8878748417	-1420
11.8878769875	-1420
11.8879129887	-1264
11.887914896	-1420
11.8879489899	-1316
11.8879508972	-1420
11.8879859447	-1316
11.8880929947	-1368
11.8882069588	-1420
11.8882098198	-1420
11.8882269859	-1264
11.8883099556	-1420
11.8883459568	-1420
11.8883478642	-1264
11.8905060291	-1420
11.8905088902	-1420
11.89052701	-1264
11.8905959129	-1420
11.8906319141	-1420
11.8906350136	-1264
11.8919780254	543
11.8922719955	543
11.8943920135	-1420
11.894397974	-1420
11.8944268227	-1264
11.8944859505	-1420
11.8945479393	-1420
11.8945498466	-1264
11.8945868015	-1368
11.8945889473	-1420
11.8946228027	-1316
11.8974788189	-1420
11.8975179195	-1420
11.897521019	-1264
11.8980638981	-1368
11.9068739414	543
11.9071409702	543
11.9074828625	-1420
11.9074878693	-1420
11.9075379372	-1420
11.9075398445	-1420
11.9076259136	-1160
11.9076290131	-1420
11.9076719284	-1420
11.9076738358	-1264
11.9077188969	-1368
11.9078028202	-1420
11.9078629017	-1316
11.907864809	-1420
11.9078998566	-1316
11.9079499245	-1420
11.9079699516	-1316
11.907971859	-1368
11.9080200195	543
11.9082388878	-1420
11.9082410336	-1420
11.9082779884	-1264
11.9082798958	-1368
11.9083788395	-1420
11.9083819389	-1420
11.908397913	-1264
11.9083998203	-1368
11.9088528156	-1420
11.9088578224	-1420
11.9088959694	-1264
11.9089579582	-1420
11.9090168476	-1316
11.9090199471	-1420
11.9090549946	-1316
11.9091279507	-1420
11.9091658592	-1316
11.909858942	-1420
11.9099018574	-1420
11.9099059105	-1264
11.9099419117	-1420
11.909943819	-1420
11.9099788666	-1264
11.9099810123	-1368
11.9100329876	-1420
11.9100348949	-1316
11.910189867	543
11.9142718315	-1420
11.9142768383	-1420
11.9143259525	-1264
11.9144089222	543
11.9191160202	-1420
11.919121027	-1420
11.9191679955	-1264
11.9202408791	-1420
11.9202899933	-1420
11.9203019142	-1264
11.9204018116	-1420
11.920404911	-1316
11.9204678535	-1368
11.9205908775	-1420
11.9206268787	-1420
11.9206299782	-1264
11.9206628799	-1368
11.9207129478	-1420
11.9207298756	-1316
11.9209599495	-1420
11.9210150242	-1316
11.9210169315	-1368
11.9210958481	-1420
11.9210989475	-1420
11.9211368561	-1264
11.9211699963	-1420
11.9211859703	-1316
11.921298027	-1420
11.9213328362	-1316
11.9214010239	-1420
11.9214220047	-1316
11.9253189564	543
11.9255948067	543
11.9447858334	-1420
11.9448039532	-1420
11.9448637962	-1264
11.944865942	-1368
11.9530098438	543
11.9540138245	-398
11.9552028179	543
11.9867658615	543
12.0176489353	-1420
12.017665863	-1316
12.0181958675	-1368
12.0183258057	-1420
12.0183589458	-1316
12.0185709	-1420
12.0186100006	-1420
12.018611908	-1264
12.0188088417	-1420
12.0188128948	-1420
12.0188298225	-1264
12.0189509392	-1420
12.0189869404	-1420
12.0189888477	-1264
12.0190968513	-1420
12.0190999508	-1420
12.0191349983	-1264
12.0192148685	-1420
12.0192408562	-1316
12.0194699764	-1368
12.0195958614	-1420
12.0195989609	-1420
12.0196349621	-1420
12.0196378231	-1420
12.019671917	-1160
12.0196738243	-1368
12.0197799206	-1420
12.01978302	-1420
12.0198178291	-1264
12.0198199749	-1368
12.0198619366	-1420
12.0198647976	-1316
12.0199689865	-1368
12.022192955	543
12.0310280323	543
12.0367119312	543
12.0390369892	543
12.0471818447	543
12.0504069328	-1420
12.0504169464	-1316
12.0504770279	-1368
12.055631876	-1420
12.0556797981	-1316
12.0655069351	-1420
12.0655839443	-1420
12.0655868053	-1264
12.0656299591	-1420
12.0656328201	-1420
12.065666914	-1264
12.0656700134	-1368
12.0657029152	-1368
12.0657730103	-1420
12.0658109188	-1420
12.0658128262	-1264
12.0660300255	543
12.0661849976	-1420
12.0661878586	-1420
12.0662410259	-1264
12.0662460327	-1420
12.0663049221	-1316
12.0663080215	-1420
12.066341877	-1420
12.0663440228	-1420
12.0663897991	-1212
12.0666279793	-1420
12.0667028427	-1420
12.0667049885	-1264
12.0667579174	-1420
12.0667598248	-1420
12.0668318272	-1420
12.0668339729	-1212
12.0668690205	-1368
12.0668709278	-1420
12.0669038296	-1420
12.0669059753	-1264
12.0669589043	-1368
12.0669608116	-1368
12.0670928955	543
12.0691850185	-1368
12.0695209503	-1420
12.0695669651	-1420
12.0695698261	-1420
12.0696070194	-1212
12.0696098804	-1420
12.0696439743	-1316
12.0698668957	-1420
12.0699088573	-1420
12.0699119568	-1264
12.0699799061	-1420
12.0699830055	-1420
12.0700039864	-1264
12.0700478554	-1368
12.0704829693	-1420
12.0704858303	-1420
12.0705239773	-1420
12.0705258846	-1420
12.0705599785	-1420
12.0705618858	-1108
12.070595026	-1420
12.0705969334	-1316
12.0706520081	-1420
12.0706539154	-1420
12.0706880093	-1264
12.0707638264	-1420
12.0708019733	-1420
12.0708239079	-1264
12.0708580017	-1420
12.0708599091	-1316
12.0709109306	-1420
12.070912838	-1316
12.0710408688	543
12.0710949898	-1420
12.0710968971	-1420
12.0710978508	-1264
12.0711829662	-1420
12.0711839199	-1316
12.0714240074	543
12.0716559887	543
12.073789835	543
12.0744669437	-1420
12.0744719505	-1420
12.0745108128	-1264
12.0746870041	-1420
12.0747058392	-1420
12.0747079849	-1264
12.0747749805	-1420
12.0747778416	-1316
12.0751438141	-1420
12.0751469135	-1420
12.0751819611	-1264
12.0752220154	-1420
12.0752398968	-1420
12.0752418041	-1264
12.0754089355	-1420
12.0754199028	-1316
12.0775659084	543
12.077701807	543
12.088354826	-1420
12.0883708	-1420
12.0884318352	-1420
12.0884349346	-1420
12.0884728432	-1160
12.0936179161	-1093
12.0981929302	-1420
12.0982048512	-1420
12.0982379913	-1264
12.0984618664	-1420
12.0985238552	-1420
12.098526001	-1264
12.0985620022	-1420
12.0985639095	-1420
12.0985989571	-1264
12.0986008644	-1368
12.0986509323	-1420
12.0986540318	-1316
12.0987739563	-1420
12.0987768173	-1316
12.0988528728	-1420
12.0988559723	-1420
12.0988898277	-1264
12.0989589691	-1420
12.0989968777	-1420
12.0989999771	-1264
12.0991048813	-1420
12.0991079807	-1420
12.0991439819	-1264
12.0992188454	-1420
12.0992569923	-1420
12.0992598534	-1264
12.0992939472	-1420
12.0992958546	-1316
12.0993878841	-1420
12.0993909836	-1420
12.0994319916	-1264
12.0994799137	-1420
12.0995228291	-1316
12.0997929573	543
12.102285862	-1420
12.1022880077	-1420
12.1023449898	-1264
12.1023859978	-1420
12.1024038792	-1316
12.1025538445	-1420
12.1025907993	-1316
12.1027989388	-1420
12.1028358936	-1316
12.1028900146	-1420
12.1029069424	-1420
12.1029098034	-1264
12.1030440331	-1420
12.1030468941	-1420
12.1030809879	-1264
12.1031489372	-1368
12.1032109261	-1368
12.1033198833	-1368
12.1036248207	-1420
12.1036288738	-1420
12.1036658287	-1264
12.1038618088	-1420
12.1038839817	-1316
12.1039428711	-1420
12.1039810181	-1316
12.1040220261	-1420
12.1040408611	-1316
12.1041560173	-1420
12.1042118073	-1420
12.1042149067	-1264
12.1042499542	-1368
12.1043310165	-1420
12.1043338776	-1420
12.1043360233	-1264
12.1044039726	-1420
12.1044080257	-1420
12.1044089794	-1264
12.1044418812	543
12.1044750214	-1420
12.1044769287	-1316
12.1046979427	543
12.1049089432	543
12.1050469875	543
12.107405901	-1420
12.107434988	-1420
12.1074819565	-1264
12.1074838638	-1420
12.1075179577	-1316
12.1075468063	-1368
12.1076259613	-1368
12.1081678867	-1420
12.1082048416	-1316
12.1082618237	-1420
12.1082968712	-1316
12.1083798409	-1420
12.1084058285	-1316
12.1084079742	-1420
12.1084289551	-1316
12.1085288525	543
12.1086909771	543
12.1220448017	-1420
12.1220548153	-1420
12.1221058369	-1420
12.1221079826	-1212
12.1268308163	543
12.1276578903	543
12.1315898895	-1420
12.1315939426	-1420
12.1316418648	-1420
12.1316449642	-1212
12.1317338943	-1420
12.1317358017	-1420
12.1317708492	-1264
12.131772995	-1420
12.1318068504	-1316
12.1318528652	-1368
12.1319279671	-1420
12.1319308281	-1420
12.1319479942	-1264
12.1319878101	-1368
12.1320948601	-1368
12.1322119236	-1420
12.1322309971	-1420
12.1322329044	-1420
12.1322488785	-1212
12.1322529316	-1420
12.1322689056	-1316
12.1324179173	-1368
12.1326999664	-1420
12.1327028275	-1316
12.132778883	-1420
12.1327819824	-1420
12.1327979565	-1264
12.1327998638	-1420
12.1328158379	-1316
12.132917881	-1420
12.1329548359	-1420
12.1329569817	-1420
12.1329908371	-1212
12.1329929829	-1368
12.1330289841	-1420
12.1330318451	-1316
12.1364300251	-1420
12.1364338398	-1420
12.1364889145	-1264
12.1364920139	-1420
12.1365439892	-1316
12.1365468502	-1368
12.1370899677	543
12.1389119625	-1420
12.1389188766	-1420
12.1389608383	-1264
12.1394629478	-1420
12.1395089626	-1420
12.1395118237	-1420
12.1395478249	-1212
12.1395978928	-1420
12.139649868	-1420
12.1396529675	-1264
12.1397709846	-1420
12.1397747993	-1316
12.1399009228	-1420
12.1399049759	-1420
12.1399428844	-1264
12.139977932	543
12.1400129795	-1368
12.1401720047	543
12.1402249336	-1420
12.1402280331	-1420
12.1402828693	-1264
12.1403160095	-1420
12.1403620243	-1420
12.1403639317	-1264
12.1404209137	-1368
12.1404240131	-1420
12.1404578686	-1316
12.1405220032	-1420
12.1405589581	-1316
12.1405978203	543
12.1406319141	-1368
12.1407330036	543
12.1407849789	-1368
12.140914917	-1420
12.1409540176	-1420
12.140955925	-1264
12.141065836	-1420
12.1410679817	-1316
12.1412079334	543
12.1413710117	543
12.1416988373	-1420
12.1417047977	-1420
12.1417269707	-1264
12.1418209076	-1368
12.1418988705	543
12.146750927	-1420
12.1467568874	-1420
12.1468009949	-1264
12.1474699974	-1420
12.1474950314	-1316
12.1475358009	-1420
12.1475639343	-1420
12.1475658417	-1264
12.1476259232	-1368
12.1477048397	543
12.1643869877	-1420
12.164441824	-1420
12.164498806	-1264
12.1645019054	-1420
12.1645379066	-1420
12.164539814	-1264
12.1646428108	-1420
12.1646459103	-1316
12.1646838188	-1368
12.1647458076	-1420
12.1647648811	-1316
12.1647670269	-1368
12.1650018692	-1420
12.1650049686	-1420
12.1650798321	-1264
12.1650819778	-1420
12.165117979	-1420
12.1651198864	-1264
12.1651539803	-1420
12.1651558876	-1420
12.1651899815	-1264
12.1652839184	-1420
12.1653468609	-1316
12.1655099392	-1368
12.1656038761	-1420
12.1656069756	-1420
12.1656439304	-1264
12.1657190323	543
12.1694238186	-1420
12.1694309711	-1420
12.1694748402	-1264
12.1798489094	-1420
12.1799128056	-1420
12.1799168587	-1264
12.233355999	-885
12.2336130142	1460
12.2336759567	1460
12.2337129116	707
12.2517309189	-1420
12.2517409325	-1420
12.2518279552	-1264
12.2518298626	-1420
12.2518658638	-1420
12.2518680096	-1264
12.2520120144	-1420
12.2520148754	-1316
12.2521119118	-1420
12.2521150112	-1316
12.2521789074	-1420
12.2521829605	-1316
12.2523188591	-1420
12.2523219585	-1316
12.2524149418	-1420
12.2524178028	-1316
12.2525508404	-1420
12.2525539398	-1316
12.2526128292	-1420
12.2526159286	-1420
12.2526509762	-1264
12.2527148724	-1420
12.2527318001	-1420
12.2527339458	-1264
12.2528569698	-1420
12.2528598309	-1316
12.2529518604	-1420
12.2529549599	-1420
12.2529799938	-1264
12.2530839443	-1420
12.2531199455	-1420
12.2531228065	-1264
12.2531569004	-1368
12.256964922	543
12.2880539894	-1420
12.2880659103	-1420
12.2881238461	-1264
12.2881259918	-1368
12.2897479534	-1368
12.2900907993	-1420
12.2901120186	-1316
12.2902150154	-1420
12.2902629375	-1420
12.2902648449	-1264
12.2904310226	-1420
12.2904338837	-1420
12.2904508114	-1264
12.2907259464	-1420
12.2907619476	-1420
12.290763855	-1420
12.2908089161	-1212
12.2908120155	-1420
12.290845871	-1316
12.2909188271	-1420
12.2909369469	-1316
12.2910509109	-1420
12.2910869122	-1316
12.2911968231	-1420
12.2912158966	-1420
12.291217804	-1264
12.2913348675	-1420
12.2913379669	-1316
12.2913939953	-1368
12.2915070057	-1420
12.2915458679	-1420
12.2915480137	-1264
12.2915818691	-1368
12.2916259766	-1368
12.2917718887	-1420
12.2917759418	-1316
12.2922098637	-1420
12.2922139168	-1316
12.2924418449	-1420
12.2924449444	-1420
12.2924628258	-1420
12.2924659252	-1212
12.2925999165	-1420
12.2926030159	-1420
12.2926039696	-1264
12.2926409245	-1420
12.2926428318	-1420
12.2926449776	-1420
12.2926459312	-1212
12.2926869392	-1420
12.2926898003	-1420
12.2926909924	-1264
12.2927458286	-1420
12.2927479744	-1316
12.2927839756	-1368
12.2929799557	-1420
12.2929828167	-1420
12.2929849625	-1264
12.2929859161	-1420
12.2931389809	-1420
12.2931418419	-1420
12.2931439877	-1212
12.2931449413	-1420
12.293145895	-1420
12.2931478024	-1264
12.2931759357	-1420
12.2931778431	-1420
12.2931799889	-1264
12.2959859371	-1420
12.2959899902	-1420
12.2959918976	-1420
12.2959928513	-1420
12.2959938049	-1420
12.295994997	-1420
12.2959959507	-1420
12.2959969044	-1420
12.295997858	-952
12.2961528301	543
12.2963008881	543
12.2965140343	543
12.2968838215	543
12.2970378399	543
12.2971827984	543
12.2975418568	543
12.3179318905	-1420
12.3179438114	-1420
12.3179979324	-1420
12.3180010319	-1420
12.318035841	-1160
12.3182859421	-1420
12.3183050156	-1420
12.3183069229	-1264
12.3184418678	-1420
12.3184449673	-1420
12.3184809685	-1264
12.3185179234	-1420
12.3185348511	-1316
12.3185789585	-1368
12.3187057972	-1420
12.3187088966	-1420
12.3187439442	-1264
12.3232619762	-1420
12.3233218193	-1420
12.3233239651	-1420
12.3233690262	-1420
12.3233709335	-1160
12.3234369755	-1368
12.3234388828	-1420
12.3234808445	-1420
12.3234829903	-1264
12.3236269951	-1420
12.3236298561	-1316
12.3237659931	-1368
12.3237688541	-1420
12.3238108158	-1420
12.3238129616	-1264
12.3239109516	-1420
12.3239138126	-1316
12.3241279125	-1420
12.324131012	-1420
12.3241670132	-1264
12.3241689205	-1420
12.3242189884	-1316
12.3243188858	-1368
12.324338913	-1368
12.3243718147	-1368
12.3244719505	-1420
12.3244748116	-1316
12.3245139122	-1420
12.3245170116	-1316
12.3246150017	-1420
12.3246178627	-1316
12.3248620033	-1420
12.3248648643	-1316
12.3249428272	543
12.3249919415	-1420
12.3249938488	-1420
12.3249948025	-1264
12.3250899315	-1420
12.3250918388	-1420
12.3250918388	-1420
12.3250930309	-1212
12.3251888752	543
12.3253138065	543
12.3255119324	543
12.3257148266	543
12.3258018494	-1420
12.3258059025	-1420
12.3258419037	-1264
12.3259057999	-1420
12.3259630203	-1420
12.3259649277	-1264
12.325966835	-1420
12.3259680271	-1316
12.3261120319	-1420
12.3261158466	-1420
12.3261168003	-1264
12.3261179924	-1368
12.3263018131	543
12.3263368607	-1420
12.3263399601	-1316
12.326390028	-1420
12.326392889	-1316
12.3265209198	-1420
12.3265240192	-1420
12.3265769482	-1264
12.3265788555	-1420
12.326613903	-1316
12.326638937	543
12.3271980286	543
12.3279240131	-1420
12.3279278278	-1420
12.3279650211	-1264
12.3404898643	-1420
12.3405389786	-1316
12.3405418396	-1420
12.3405599594	-1420
12.3405628204	-1264
12.3406319618	-1420
12.3406338692	-1316
12.3406708241	-1420
12.3406729698	-1420
12.3407080173	-1264
12.3407638073	-1420
12.3407988548	-1316
12.3408789635	-1368
12.3410208225	543
12.3411748409	543
12.3506779671	-1420
12.3506879807	-1316
12.3511748314	-1420
12.3511798382	-1420
12.3512129784	-1264
12.3512740135	-1420
12.351323843	-1420
12.3513259888	-1264
12.3515238762	-1368
12.3516488075	-1420
12.3516829014	-1420
12.3516860008	-1420
12.3517029285	-1420
12.3517048359	-1160
12.3517589569	-1420
12.3517608643	-1420
12.3517858982	-1264
12.3517889977	-1368
12.3519198895	-1420
12.3519229889	-1316
12.3520739079	543
12.356459856	-1420
12.3564658165	-1420
12.3565139771	-1420
12.3565168381	-1212
12.3565878868	-1420
12.3565909863	-1420
12.3566248417	-1264
12.3566269875	-1420
12.356678009	-1420
12.3566808701	-1264
12.3567140102	-1368
12.3568608761	-1420
12.3569149971	-1420
12.3569169044	-1264
12.3569509983	-1420
12.3569529057	-1316
12.3570048809	-1420
12.3570079803	-1420
12.3570489883	-1264
12.3571808338	-1420
12.3571999073	-1420
12.3572018147	-1264
12.3573768139	-1420
12.3573799133	-1420
12.3574328423	-1264
12.3576369286	-1420
12.357656002	-1420
12.3576579094	-1264
12.3577339649	-1420
12.3577358723	-1316
12.3578100204	-1368
12.3580389023	-1420
12.3580570221	-1316
12.3582599163	-1368
12.358686924	-1420
12.3586900234	-1420
12.3587269783	-1264
12.3587298393	-1420
12.3587658405	-1316
12.35876894	-1368
12.3588418961	-1368
12.3596060276	-1420
12.3596258163	-1420
12.3596289158	-1420
12.3596298695	-1420
12.3596308231	-1160
12.3597710133	-1420
12.3597738743	-1420
12.359774828	-1264
12.3597760201	-1420
12.3597779274	-1420
12.3598148823	-1264
12.359817028	-1420
12.3598179817	-1316
12.3599438667	-1368
12.3650369644	543
12.3651769161	543
12.3654549122	543
12.3656709194	543
12.3658540249	543
12.3660240173	543
12.3733789921	-1420
12.373390913	-1420
12.3734548092	-1264
12.3734579086	-1420
12.3734948635	-1420
12.3734970093	-1264
12.3735489845	-1420
12.3735518456	-1316
12.3735859394	-1420
12.3735878468	-1420
12.3736248016	-1264
12.3736917973	-1420
12.3737318516	-1420
12.373734951	-159
12.374063015	-1420
12.3740849495	-1420
12.3741219044	-1264
12.3741238117	-1420
12.3741569519	-1316
12.3742229939	-1420
12.3742408752	-1420
12.374243021	-1264
12.378608942	-1368
12.3838458061	-1420
12.3839128017	-1420
12.3839168549	-1264
12.417263031	-1368
12.4682099819	-1420
12.4682250023	-1420
12.4682729244	-1264
12.4684619904	543
12.4685850143	543
12.4690108299	-1368
12.4691228867	-1368
12.46920681	-1420
12.4692099094	-1316
12.4693160057	-1420
12.4693188667	-1420
12.4693849087	-1264
12.469386816	-1420
12.4694259167	-1420
12.4694290161	-1420
12.469481945	-1212
12.4694848061	-1420
12.4695188999	-1316
12.4695219994	-1368
12.4697208405	543
12.4697568417	-1420
12.4697589874	-1316
12.469825983	-1420
12.4698288441	-1420
12.4698448181	-1264
12.4699709415	-1368
12.4700088501	-1420
12.4700119495	-1316
12.4700648785	-1420
12.4700670242	-1316
12.4702129364	-1420
12.4702157974	-1316
12.4703068733	543
12.4703419209	-1420
12.4703438282	-1420
12.4703438282	-1264
12.4704449177	-1368
12.5013148785	-1420
12.5013399124	-1420
12.5013949871	-1264
12.5018358231	-1420
12.5018780231	-1420
12.5019009113	-1264
12.5019369125	-1420
12.5019388199	-1316
12.5021028519	1057
12.5025708675	-1420
12.5025758743	-1420
12.5025959015	-1264
12.5026400089	-1368
12.5028989315	-1420
12.5029029846	-1316
12.5030310154	-1420
12.5030329227	-1316
12.5030698776	-1420
12.5030729771	-1420
12.5031080246	-1264
12.5031099319	-1420
12.5031599998	-1420
12.5031619072	-1264
12.5031969547	-1368
12.5033400059	-1420
12.5033779144	-1420
12.5033798218	-1264
12.5034279823	-1368
12.503469944	-1420
12.5034868717	-1420
12.5034890175	-1264
12.5035078526	-1420
12.5035099983	-1316
12.5035738945	-1368
12.5036058426	-1420
12.5036230087	-1420
12.5036249161	-1264
12.5037298203	-1368
12.5043489933	543
12.5045318604	543
12.5061058998	-1420
12.5061109066	-1420
12.5061519146	-1264
12.513384819	-53
12.5342309475	-1420
12.5342450142	-1316
12.5347838402	-1368
12.5374839306	-1368
12.537599802	-1420
12.5376029015	-1420
12.5376029015	-1264
12.5376038551	-1368
12.5376908779	-1420
12.5376930237	-1316
12.5378298759	-1420
12.5378329754	-1420
12.5378699303	-1264
12.5378718376	-1368
12.5379858017	-1420
12.5379889011	-1420
12.5380430222	-1264
12.5380449295	-1420
12.5380790234	-1316
12.5381379128	-1420
12.5381548405	-1420
12.5381569862	-1420
12.5381729603	-1212
12.5381748676	-1368
12.538312912	-1420
12.5383160114	-1420
12.5383629799	-1264
12.5383658409	-1368
12.5384619236	-1420
12.5384638309	-1420
12.5384809971	-1264
12.5385279655	-1420
12.5385458469	-1420
12.5385479927	-1264
12.5385658741	-1368
12.5386798382	-1420
12.5387170315	-1316
12.5387778282	-1420
12.538795948	-1420
12.5387978554	-1264
12.5389118195	-1420
12.5389139652	-1316
12.5389659405	-1420
12.5389678478	-1420
12.539000988	-1264
12.5390558243	-1368
12.5392198563	-1420
12.5392229557	-1316
12.5392558575	-1420
12.5392580032	-1316
12.539359808	-1420
12.5393619537	-1316
12.5395758152	-1420
12.5395789146	-1316
12.5399978161	-1420
12.5400009155	-1316
12.5400989056	-1420
12.5401008129	-1420
12.5401008129	-1264
12.5401728153	-1420
12.5401749611	-1420
12.5401759148	-1420
12.5401768684	-1212
12.5402288437	543
12.5403628349	-1420
12.5403659344	-1420
12.540366888	-1264
12.5403969288	-1420
12.5403988361	-1420
12.5404000282	-1420
12.5404748917	-1212
12.5405759811	543
12.5406968594	-1420
12.5407018661	-1420
12.5407040119	-1420
12.5407049656	-1212
12.5407838821	-1368
12.5409059525	-1420
12.5409088135	-1420
12.5409109592	-1264
12.5409708023	-1420
12.5409739017	-1316
12.5411369801	-1420
12.5411398411	-1316
12.5412099361	-1368
12.541287899	-1420
12.5412998199	-1316
12.5413749218	-1368
12.5414459705	-1420
12.5414488316	-1316
12.541467905	-1368
12.541590929	-1420
12.5415940285	-1420
12.5415959358	-1264
12.5419328213	543
12.5422079563	543
12.542375803	543
12.5425918102	543
12.5427160263	543
12.5485758781	543
12.5696239471	1057
12.5701889992	1057
12.5707118511	-1420
12.5707159042	-1316
12.5708320141	-1420
12.5708358288	-1316
12.5709369183	-1420
12.5709400177	-1316
12.5710628033	-1420
12.5710659027	-1316
12.5711739063	-1420
12.5711770058	-1316
12.5712809563	-1420
12.5712838173	-1420
12.5713288784	-1264
12.571393013	-1420
12.5714149475	-1316
12.5714168549	-1420
12.5714349747	-1316
12.5715508461	-1420
12.5715708733	-1420
12.571573019	-1264
12.5715889931	-1368
12.5717148781	-1420
12.5717539787	-1420
12.5717568398	-1264
12.5717909336	-1420
12.571792841	-1420
12.5718269348	-1264
12.5719130039	-1420
12.5719718933	-1420
12.5719738007	-1264
12.5720078945	-1420
12.5720098019	-1316
12.5721240044	-1420
12.5721268654	-1420
12.5721838474	-1264
12.5721859932	-1420
12.5722208023	-1316
12.57228899	-1368
12.5723729134	1057
12.5725038052	-1420
12.5725069046	-1420
12.5725479126	-1264
12.572551012	-1368
12.5727148056	-1420
12.572717905	-1420
12.5727198124	-1264
12.5728378296	-1420
12.5728399754	-1420
12.5728418827	-1264
12.5728418827	-1420
12.5728428364	-1420
12.5728440285	-1264
12.5730149746	-1420
12.5730178356	-1420
12.5730760098	-1264
12.5730779171	-1420
12.573112011	-1316
12.573143959	-1420
12.5731639862	-1420
12.5731668472	-1264
12.5735769272	-1420
12.5735809803	-1420
12.5736179352	-1264
12.5736198425	-1368
12.5737979412	-1420
12.5738008022	-1420
12.573802948	-1264
12.5738399029	-1420
12.5738418102	-1420
12.573843956	-1420
12.5738899708	-1212
12.5738928318	-1368
12.5739479065	-1420
12.5739498138	-1420
12.5739989281	-1264
12.5740008354	-1420
12.574090004	-1316
12.5741419792	-1420
12.5741448402	-1316
12.5742638111	-1420
12.5742669106	-1420
12.5742678642	-1264
12.5744078159	543
12.5744438171	-1368
12.5745329857	1057
12.5746250153	-1420
12.57462883	-1420
12.574630022	-1264
12.57472682	-1368
12.5747969151	-1420
12.5748009682	-1420
12.5748019218	-1264
12.5748028755	-1368
12.5748929977	-1420
12.5748949051	-1420
12.5749459267	-1264
12.574947834	-1368
12.5750448704	-1420
12.5750489235	-1420
12.5750668049	-1264
12.5750999451	-1368
12.5754668713	543
12.5756080151	543
12.5908429623	543
12.5917599201	543
12.5951228142	543
12.6041169167	-1420
12.6041309834	-1420
12.6042058468	-1420
12.6042079926	-1212
12.6042439938	-1420
12.6042459011	-1420
12.604279995	-1420
12.604282856	-1212
12.6043269634	-1420
12.6043298244	-1316
12.6043858528	-1420
12.6043879986	-1420
12.6044268608	-1264
12.6045198441	-1420
12.6045398712	-1420
12.604542017	-1264
12.6045589447	-1368
12.6046149731	-1420
12.6046500206	-1420
12.6046519279	-1264
12.6046860218	-1368
12.6047189236	-1420
12.6047358513	-1420
12.6047379971	-1264
12.6048820019	-1368
12.6048858166	-1420
12.6049218178	-1420
12.6049239635	-1264
12.6049787998	-1420
12.6049809456	-1420
12.605014801	-1264
12.605093956	-1420
12.6051318645	-1420
12.605134964	-1264
12.6051700115	-1420
12.6052079201	-1420
12.6052420139	-1264
12.6053199768	-1420
12.6053619385	-1420
12.6053638458	-1264
12.6055018902	543
12.6055858135	-1368
12.605711937	543
12.6060369015	543
12.6106238365	-1368
12.6132688522	1460
12.6133418083	1460
12.6133790016	1161
12.6134259701	1460
12.6134779453	685
12.6146318913	543
12.6736609936	-1057
12.6738419533	543
12.6893389225	-1368
12.6968159676	543
12.6968820095	543
12.6970019341	543
12.7224698067	-1420
12.722548008	-1420
12.7225530148	-1264
12.7274699211	-1368
12.7657468319	-1420
12.7658228874	-1316
12.8036549091	-1368
12.8174769878	1057
12.8175649643	-1368
12.8286929131	-227
12.8288238049	543
12.8800098896	-1368
12.8810758591	543
12.8812170029	543
12.9681329727	-261
12.9683218002	543
13.1488409042	-1057
13.2319209576	-1420
13.2319378853	-1420
13.2319939137	-1264
13.2322089672	543
13.3279788494	-609
13.3299689293	543
13.3517708778	-1420
13.3517858982	-1316
13.3535838127	-1368
13.3557348251	543
13.3687028885	1057
13.3691179752	1057
13.3900740147	-1420
13.3900938034	-1420
13.3901510239	-1264
13.3920998573	543
13.3939859867	543
13.4526178837	-1420
13.4526348114	-1316
13.454777956	543
13.4912409782	-1197
13.5848209858	-1368
13.6230289936	-1368
13.6612188816	-1368
13.696171999	-1181
13.6977159977	1460
13.6977808475	111
13.7771649361	-1420
13.7771840096	-1420
13.7772300243	-1420
13.7772328854	-1212
13.7786979675	543
13.7900419235	-1420
13.7900569439	-1316
13.8354887962	-161
13.8375468254	543
13.9025039673	-1368
14.0212049484	-1289
14.031567812	543
14.0452888012	543
14.0692508221	543
14.0875499249	543
14.0940358639	543
14.1606960297	-1057
14.2787020206	-543
14.3399000168	-543
14.3401389122	543
14.4795048237	-1086
14.4797317982	543
14.4798598289	543
14.5972368717	-1368
14.5977239609	1460
14.5977888107	111
14.6189517975	-232
14.6194298267	543
14.6925988197	-1420
14.6926188469	-1316
14.7333979607	-1368
14.8000879288	-1123
14.8003799915	543
14.8005008698	543
14.802738905	543
14.8091228008	543
14.8156158924	-1420
14.8156218529	-1316
14.8537228107	-1368
14.9018688202	-1420
14.9018828869	-1316
14.9070868492	-1368
14.9218988419	543
14.9224328995	543
14.9425899982	-646
14.9458680153	543
14.9465379715	543
15.0519139767	-1368
15.0820868015	-717
15.0902578831	-1368
15.1377179623	-1368
15.1467888355	543
15.176129818	-1368
15.2298128605	-638
15.2300620079	543
15.3080739975	-1368
15.3693778515	-775
15.3821530342	543
15.3828439713	-1420
15.3828499317	-1420
15.3828959465	-1264
15.3868329525	543
15.5088779926	-609
15.5111968517	543
15.5169119835	543
15.5992720127	-1368
15.6484458447	-717
15.739055872	-1420
15.7390727997	-1420
15.7391359806	-1420
15.7391400337	-1420
15.7391848564	-1160
15.7430858612	-1420
15.7431168556	-1420
15.7431199551	-1264
15.771958828	-1420
15.7719738483	-1420
15.7720108032	-1420
15.7720139027	-1212
15.7770600319	-1368
15.7880928516	-952
15.8171298504	543
15.8178098202	543
15.8278098106	-1368
15.9571008682	-1260
15.9578258991	543
15.9642338753	543
15.9969739914	1460
15.9970638752	1139
16.0966629982	-1057
16.2362699509	-1086
16.2365570068	543
16.2539389133	-1368
16.3028569221	-1368
16.3045778275	543
16.3564579487	-1420
16.3565139771	-1420
16.3565719128	-1420
16.3565759659	-1420
16.3566110134	-1160
16.3566138744	-1420
16.3566498756	-1316
16.3566529751	-1368
16.3566889763	-1368
16.3569338322	543
16.3570837975	543
16.373100996	-1420
16.3731160164	-1316
16.373513937	-1368
16.3737709522	-1420
16.3738210201	-1420
16.3738238811	-1420
16.3738679886	-1420
16.3738880157	-1420
16.373924017	-1420
16.3739259243	-1056
16.3739600182	-1420
16.3739628792	-1420
16.373996973	-1264
16.3739988804	-1420
16.3740329742	-1316
16.3741760254	543
16.3742330074	-1420
16.3742349148	-1420
16.3742358685	-1264
16.3743720055	-1368
16.3744599819	-1420
16.3744628429	-1316
16.3745949268	-1420
16.3745989799	-1420
16.3746359348	-1264
16.3747060299	-1420
16.3747439384	-1316
16.3748099804	-1420
16.3748478889	-1420
16.3748497963	-1264
16.3749029636	-1420
16.3749058247	-1420
16.3749399185	-1264
16.3750598431	543
16.376115799	-41
16.3761839867	543
16.3803269863	-1420
16.3803329468	-1316
16.3820178509	-1368
16.3829629421	1057
16.3836348057	1460
16.3836839199	1460
16.3837389946	1161
16.3860039711	1117
16.3914768696	-1420
16.3914859295	-1420
16.3915309906	-1264
16.3918118477	-1420
16.391835928	-1316
16.3918390274	-1420
16.3918859959	-1420
16.3918879032	-1264
16.3919949532	-1420
16.3919978142	-1316
16.392125845	-1368
16.3921818733	543
16.3923869133	-1420
16.3923978806	-1316
16.3924589157	-1420
16.3924608231	-1420
16.3924958706	-1264
16.3925299644	-1420
16.3925487995	-1420
16.3925509453	-1264
16.4061160088	-1420
16.4061319828	-1420
16.4061889648	-1420
16.4061918259	-1420
16.4062378407	-1420
16.4062399864	-1420
16.4062769413	-1056
16.4062788486	-1420
16.4063129425	-1316
16.4063179493	-1420
16.4063529968	-1316
16.4063549042	-1368
16.4066250324	543
16.4068398476	-1420
16.4068439007	-1316
16.40691185	-1368
16.4069750309	-1420
16.4070129395	-1420
16.4070148468	-1264
16.4074478149	543
16.4245738983	-1420
16.4245898724	-1420
16.4246468544	-1264
16.426954031	-1420
16.4269828796	-1420
16.4269859791	-1264
16.4864909649	-1420
16.4865078926	-1316
16.5159199238	-998
16.602504015	-1420
16.6025218964	-1420
16.6025760174	-1264
16.6054828167	543
16.6122598648	543
16.6552228928	-66
16.658012867	543
16.7948098183	-543
16.7967238426	543
16.84365201	-1420
16.843670845	-1316
16.8817298412	-1368
16.9198858738	-1368
16.920596838	543
16.9211018085	543
16.9267849922	-1420
16.9267950058	-1420
16.9268529415	-1420
16.9268558025	-1212
16.9268918037	-1368
16.9306190014	-1420
16.9306600094	-1420
16.9306638241	-1264
16.9321219921	543
16.9342429638	-1292
16.9596400261	-1420
16.9597249031	-1316
16.9647769928	-1420
16.9648218155	-1316
17.0403838158	-1368
17.0408740044	543
17.0739679337	-957
17.0751459599	543
17.2134900093	-543
17.3182640076	-1420
17.3182828426	-1316
17.3183670044	-1420
17.3183708191	-1420
17.3184189796	-1264
17.3184838295	-1420
17.3185119629	-1420
17.3185148239	-1264
17.3185329437	-1368
17.3186600208	543
17.3188209534	-1420
17.3188250065	-1316
17.3188679218	543
17.3189008236	-1420
17.318903923	-1316
17.3190968037	-1420
17.3190989494	-1316
17.319136858	-1420
17.3191390038	-1316
17.3191738129	-1368
17.3230338097	-1368
17.3232069016	-1420
17.3232109547	-1420
17.3232498169	-1264
17.3259658813	-1420
17.3259909153	-1420
17.3259940147	-1420
17.3260118961	-1212
17.326073885	-1420
17.3260939121	-1316
17.326130867	-1420
17.3261489868	-1316
17.3262758255	-1420
17.3263130188	-1420
17.3263158798	-1264
17.3263499737	-1368
17.3263969421	-1420
17.3264160156	-1316
17.3265190125	-1420
17.326556921	-1316
17.3280029297	-1420
17.328045845	-1316
17.3282217979	-1420
17.3282618523	-1420
17.3282649517	-1264
17.3284158707	543
17.3284518719	-1420
17.3284540176	-1420
17.3284549713	-1264
17.328455925	-1420
17.3284568787	-1420
17.3284578323	-1264
17.3288300037	543
17.328979969	543
17.351421833	-1420
17.3514418602	-1420
17.3515079021	-1264
17.3529849052	-1238
17.3563518524	-1368
17.3873260021	1057
17.4324069023	-1420
17.4324250221	-1316
17.4523208141	543
17.45439291	-1420
17.4543988705	-1316
17.4544458389	-1368
17.4626829624	-1420
17.4627318382	-1420
17.4627358913	-1264
17.4629459381	543
17.4702689648	-1368
17.4929738045	-886
17.6325359344	-543
17.6327569485	543
17.7068610191	543
17.9989387989	-543
17.999147892	543
18.0583708286	-543
18.0660350323	-1420
18.0660438538	-1316
18.1040008068	-1368
18.1387050152	-66
18.1405148506	543
18.1420710087	-1420
18.1420760155	-1316
18.1421170235	-1368
18.2784638405	-66
18.2804179192	543
18.3971738815	1057
18.4123609066	-543
18.4577820301	-1420
18.4577989578	-1420
18.4578368664	-787
18.5972559452	-543
18.5992488861	543
18.7366218567	-543
18.7972488403	-543
18.9159958363	-543
19.0556609631	-543
19.6967859268	543
19.6968858242	543
19.8798439503	1460
19.8799529076	1460
19.8799929619	1161
19.8801019192	89
19.8827679157	1057
20.0996379852	-1420
20.0997059345	-151
20.1001210213	-1368
20.1001808643	-1420
20.1001999378	-1420
20.100219965	-1264
20.1348958015	-1368
20.1350889206	543
20.137898922	-1420
20.1379058361	-1316
20.1380038261	-1420
20.1380069256	-1420
20.1380729675	-1264
20.1380770206	-1368
20.1381309032	-1420
20.1381340027	-1316
20.1382758617	-1368
20.1383290291	543
20.138409853	-1420
20.1384139061	-1420
20.138450861	-1264
20.1385040283	-1420
20.1385438442	-1420
20.13854599	-1264
20.1385807991	-1368
20.1389908791	543
20.1731209755	-1420
20.1731379032	-1316
20.1771469116	543
20.1894249916	1057
20.2241308689	-1420
20.2241489887	-1420
20.224203825	-1420
20.2242069244	-1420
20.224241972	-1160
20.224244833	-1368
20.2288029194	-1420
20.2288198471	-1420
20.2289040089	-1264
20.2289068699	-1420
20.2289779186	-1316
20.2289810181	-1368
20.2290279865	-1368
20.2292428017	543
20.238945961	-191
20.2569708824	-1420
20.2570259571	-1316
20.2570309639	-1420
20.257049799	-1420
20.2570519447	-1420
20.2570779324	-1212
20.2571308613	-1420
20.257174015	-1420
20.2571768761	-1264
20.2572460175	-1420
20.2572488785	-1316
20.2573268414	-1420
20.2573299408	-1316
20.2575879097	543
20.2592008114	543
20.2619738579	543
20.262182951	-1368
20.3964679241	-670
20.4484739304	-1420
20.4484899044	-1420
20.4485459328	-1420
20.4485490322	-1420
20.4485859871	-1420
20.4485888481	-1420
20.4486238956	-1056
20.448704958	-1420
20.4487788677	-1420
20.4487819672	-1264
20.4488179684	-1420
20.4488198757	-1316
20.4491128922	543
20.4491889477	-1368
20.4498608112	-1420
20.4499058723	-1420
20.4499089718	-1420
20.449944973	-1212
20.4812808037	-1420
20.4813578129	-1420
20.4813609123	-1264
20.4814469814	-1420
20.4814498425	-1316
20.4814929962	-1420
20.4814949036	-1316
20.4817240238	-1420
20.4817268848	-1316
20.4817829132	-1420
20.4817848206	-1420
20.4818198681	-1264
20.4819169044	-1420
20.4819579124	-1316
20.4819598198	-1368
20.4820330143	-1420
20.4820358753	-1316
20.4821298122	543
20.4821658134	-1420
20.4821679592	-1316
20.4823489189	543
20.4828279018	-1420
20.4828338623	-1316
20.4829728603	-1368
20.4836499691	-1420
20.4837310314	-1316
20.4837338924	-1420
20.4837708473	-1420
20.4837729931	-1264
20.4838578701	-1368
20.483923912	543
20.4865469933	-1420
20.486552	-1420
20.4865939617	-1264
20.5145058632	-1420
20.5145750046	-1420
20.5145788193	-1420
20.5146169662	-1212
20.5246038437	-1420
20.5246598721	-1316
20.5751268864	-1159
20.5755038261	543
20.5758559704	543
20.6919779778	1460
20.6920759678	111
20.7024159431	-1368
20.7067968845	543
20.7570259571	-232
20.757737875	543
20.7582709789	543
20.7976109982	-1368
20.8964409828	-203
20.8971819878	543
20.8977079391	543
20.9074089527	543
20.9168570042	543
20.936467886	-1420
20.93648386	-1316
20.9747078419	-1420
20.974725008	-1420
20.9747619629	-1420
20.9747638702	-1420
20.974780798	-1160
20.9748699665	-1420
20.9749059677	-1420
20.9749100208	-1264
20.9749820232	-1420
20.9749858379	-1316
20.9750459194	-1368
20.9758648872	543
20.9780378342	543
20.9788358212	1460
20.9788889885	111
21.0024960041	-1420
21.0025119781	-1316
21.0126860142	-1420
21.0127038956	-1316
21.0128948689	543
21.0474188328	-649
21.0478758812	543
21.0736508369	-1420
21.0736680031	-1420
21.0737240314	-1264
21.0879080296	543
21.1526398659	-1368
21.1545498371	543
21.2132518291	-269
21.2788398266	-1368
21.3119997978	-1368
21.3528368473	-1007
21.3531198502	543
21.3570108414	-1420
21.3570179939	-1316
21.3573198318	-1420
21.3573229313	-1316
21.3574028015	-1420
21.357405901	-1420
21.3574268818	-1264
21.3574299812	-1368
21.366822958	543
21.390005827	-1420
21.3900229931	-1420
21.3900790215	-1264
21.3954589367	-1420
21.3955218792	-1420
21.3955259323	-1264
21.4360039234	-1420
21.4360218048	-1316
21.4403879642	1460
21.4404559135	111
21.492358923	-475
21.5258538723	-543
21.5508289337	-1368
21.5510709286	543
21.5512018204	543
21.6902608871	-804
21.6904900074	543
21.8152589798	-1420
21.8152799606	-1420
21.8154518604	-1420
21.8154559135	-1420
21.8155179024	-1160
21.8194010258	-1420
21.8194468021	-1420
21.8194508553	-1264
21.8194878101	-1420
21.8194899559	-1316
21.8195858002	-1420
21.8195879459	-1316
21.8196518421	-1368
21.8198280334	543
21.8481919765	-1420
21.8482098579	-1420
21.8482689857	-1264
21.8531630039	-1420
21.8531918526	-1316
21.8533079624	543
21.9057159424	-1366
21.9064218998	1460
21.9064929485	111
21.9069979191	543
21.9287040234	-1420
21.9287238121	-1316
21.9670348167	-1368
22.0454568863	-66
22.0474939346	543
22.0477688313	543
22.09095788	-1420
22.0909719467	-1316
22.1242668629	-1368
22.1244578362	-1420
22.124516964	-1316
22.1265058517	543
22.1273078918	543
22.1288688183	-1368
22.1858530045	-132
22.1879999638	543
22.2344110012	-1420
22.2344298363	-1316
22.2620868683	-1420
22.2621040344	-1420
22.2621598244	-1264
22.2622299194	-1368
22.2626049519	-1420
22.262609005	-1420
22.2626488209	-1264
22.2626919746	-1420
22.2627279758	-1420
22.2627308369	-1264
22.2628149986	-1420
22.2628178596	-1316
22.2629549503	-1420
22.2629590034	-1316
22.2630779743	-1368
22.2655329704	543
22.2671120167	-1420
22.2671170235	-1420
22.2671599388	-1264
22.2714939117	543
22.2717828751	543
22.3012969494	-1368
22.3013839722	-1368
22.3255648613	-1092
22.3264219761	543
22.3745808601	1460
22.3747019768	111
22.3950209618	1460
22.3974239826	111
22.4650259018	-543
22.4652249813	543
22.6044809818	-543
22.6430799961	-1368
22.6612939835	-1420
22.6613118649	-1316
22.6629040241	543
22.6968278885	543
22.7440648079	-1181
22.7450838089	543
22.7944819927	-1368
22.8376598358	543
22.877933979	1057
22.8834469318	-775
22.893914938	-1420
22.8939249516	-1420
22.8939800262	-1264
23.0231049061	-1123
23.0252690315	543
23.0255479813	543
23.0258300304	1460
23.0258779526	111
23.0263209343	543
23.0269038677	543
23.164965868	-543
23.1651699543	543
23.2094728947	-1420
23.2094860077	-1420
23.2095398903	-1420
23.2095429897	-1212
23.2095799446	-1420
23.2095828056	-1316
23.2424168587	-1420
23.242431879	-1316
23.2427339554	-1368
23.2474188805	-1368
23.2855639458	-1368
23.2872748375	-1420
23.2873330116	-1316
23.2876830101	-1420
23.2878258228	-1420
23.2878329754	-1264
23.2879219055	-1420
23.2879269123	-1316
23.2881038189	-1420
23.2881100178	-1420
23.2881920338	-1264
23.2881979942	-1420
23.2882788181	-1316
23.3043608665	-354
23.3099749088	-1420
23.3099939823	-1316
23.3204278946	-1420
23.3204369545	-1420
23.3205189705	-1264
23.3205208778	-1420
23.3205578327	-1420
23.3205599785	-1264
23.3206110001	-1368
23.3206138611	-1420
23.3206498623	-1316
23.320732832	-1420
23.320775032	-1420
23.3207769394	-1264
23.3208198547	-1420
23.3208239079	-1316
23.3208999634	-1420
23.3209028244	-1420
23.3209209442	-1264
23.3209609985	-1420
23.3209788799	-1420
23.3209819794	-1264
23.3210790157	-1420
23.3210818768	-1316
23.3212230206	543
23.321354866	543
23.3216660023	543
23.3253409863	-1420
23.3253488541	-1420
23.3253948689	-1264
23.3536858559	-1420
23.3537549973	-1420
23.353758812	-1420
23.3537988663	-1420
23.353801012	-1420
23.3538370132	-1108
23.3538389206	-1420
23.3538739681	-1420
23.3538758755	-1264
23.3635699749	-1420
23.3635828495	-1316
23.3842580318	-543
23.4077148438	1460
23.4078269005	111
23.4439070225	-1169
23.4441168308	543
23.4445488453	543
23.4622859955	-1420
23.4623188972	-1420
23.462376833	-1420
23.4623799324	-1420
23.4624159336	-1420
23.462417841	-1108
23.4624710083	-1420
23.4624729156	-1420
23.4625079632	-1264
23.4625120163	-1420
23.4625458717	-1316
23.462736845	1057
23.4673449993	-1420
23.4673519135	-1316
23.4771568775	-1368
23.4783639908	-1368
23.5565710068	-1368
23.5835399628	-989
23.5945158005	-1420
23.5945329666	-1420
23.5945968628	-1264
23.5967798233	543
23.7077100277	-1420
23.7077260017	-1420
23.7077820301	-1420
23.7077848911	-1420
23.7078208923	-1420
23.7078239918	-1108
23.7080528736	543
23.709980011	543
23.7120969296	-1420
23.71210289	-1316
23.7121989727	-1420
23.7122018337	-1420
23.7122399807	-1264
23.712241888	-1368
23.7123129368	-1368
23.7124369144	-1368
23.7124729156	-1420
23.712474823	-1316
23.712528944	-1420
23.712531805	-1420
23.7125759125	-1264
23.7125790119	-1368
23.712679863	-1420
23.7126839161	-1420
23.7127459049	-1264
23.7127490044	-1420
23.7127850056	-1316
23.7129869461	543
23.7130258083	-1420
23.7130279541	-1420
23.7130289078	-1264
23.7131888866	543
23.7229478359	-320
23.7412619591	-1420
23.7413549423	-1420
23.7413599491	-1264
23.7414748669	-1420
23.7414779663	-1316
23.7415518761	-1368
23.7415549755	-1368
23.7416038513	-1368
23.7416059971	-1420
23.741642952	-1316
23.745554924	-1368
23.7458178997	-1368
23.7837779522	-1420
23.7838478088	-1316
23.783851862	-1368
23.784788847	543
23.7853298187	543
23.8643648624	-1329
23.8663959503	543
23.8685588837	543
23.9714789391	-1368
24.0037879944	-232
24.1433548927	-543
24.1459548473	543
24.2326619625	-1420
24.2326788902	-1316
24.2707099915	-1368
24.2855668068	-609
24.2994728088	543
24.3293128014	-1420
24.3293249607	-1420
24.3293600082	-1264
24.3293619156	-1420
24.3293828964	-1316
24.3296120167	-1420
24.3296518326	-1420
24.3296539783	-1420
24.3296909332	-1212
24.3296940327	-1420
24.3297359943	-1316
24.3297388554	-1368
24.3368229866	543
24.3369739056	543
24.3373420238	543
24.3573539257	-1420
24.3573718071	-1420
24.3574109077	-1264
24.3676908016	-1420
24.3677449226	-1316
24.4032769203	-543
24.4250957966	-1221
24.58228302	-1420
24.5823049545	-1420
24.5823600292	-1420
24.5823638439	-1420
24.5824069977	-1420
24.5824098587	-1420
24.5824468136	-1420
24.582449913	-1004
24.5824849606	-1368
24.5825498104	-1420
24.5826058388	-1420
24.5826089382	-1264
24.5827088356	-1420
24.582711935	-1420
24.5827479362	-1264
24.5828158855	-1420
24.5828719139	-1316
24.5828750134	-1420
24.5829088688	-1420
24.5829119682	-1264
24.5829789639	-1368
24.583136797	543
24.5832908154	543
24.6069588661	-462
24.620059967	-1420
24.6201348305	-1420
24.6201388836	-1264
24.6203658581	543
24.6480829716	-1368
24.686237812	-1368
24.6967599392	543
24.7462379932	-16
24.7482600212	543
24.8337509632	-1368
24.8340139389	-1420
24.8340489864	-1420
24.8340518475	-1264
24.8668940067	-1420
24.8669109344	-1420
24.8669579029	-1264
24.8671679497	543
24.8718149662	-1420
24.8718259335	-1316
24.8854579926	-198
25.0979089737	-1420
25.0979788303	-1420
25.0980257988	-787
25.1361198425	-1368
25.1382520199	543
25.2373249531	-232
25.2412788868	543
25.5796020031	-1057
25.5797438622	543
25.6468989849	543
25.6592149734	1460
25.6593129635	111
25.6610248089	-543
25.6980249882	543
25.7190728188	-543
25.7468979359	543
25.7516767979	543
25.9691898823	-1420
25.9692149162	-1420
25.9693260193	-787
26.0069279671	-1368
26.1088018417	-717
26.3406028748	-543
26.3408148289	543
26.7776868343	1460
26.7777678967	625
26.8115730286	-543
26.8562438488	-1420
26.8562610149	-1420
26.8563818932	-787
26.8872070312	1057
26.9955599308	-1057
27.0655469894	-543
27.1571319103	-1368
27.1748929024	-232
27.1775949001	543
27.5896809101	-543
27.6937608719	-543
27.6946949959	543
27.8884999752	1057
28.2098059654	-1420
28.2098248005	-151
28.2426569462	-1420
28.2426729202	-1316
28.2476809025	-1368
28.349146843	-1094
28.6713988781	-543
28.6940338612	543
28.6941800117	543
28.6943898201	543
28.6945028305	543
28.8939659595	1460
28.8940739632	625
28.9720029831	-543
29.1483418941	-543
29.3293488026	-543
29.4159300327	-543
29.6945748329	543
