0	-543
0.228276968002	543
0.467931985855	-543
2.12460803986	-543
2.22837495804	543
2.22858500481	543
2.31364488602	543
2.79688501358	-543
2.80062603951	543
3.2283718586	543
3.24661493301	-543
3.26106595993	543
3.6988120079	-543
3.69901800156	543
4.18694996834	-1420
4.1869699955	-1420
4.18701195717	-787
4.23074889183	543
4.27458882332	-1057
4.48402500153	-543
4.48622894287	543
4.49070882797	543
4.50329399109	543
4.76799488068	-543
4.76819801331	543
4.94445681572	-1057
4.94599890709	543
5.03387498856	-543
5.11811590195	-543
5.16283798218	-543
5.16305685043	543
5.69043087959	-1420
5.69046783447	-151
5.71657395363	-1368
5.73505783081	-203
5.77821588516	-1368
5.77965283394	-746
5.78163290024	543
6.23061299324	543
6.23740196228	-543
6.23772192001	543
6.9247739315	-1420
6.92479586601	-151
6.9249689579	543
6.92566204071	-1368
6.92615389824	-1368
6.92676281929	-1368
6.92748689651	-1368
6.92819595337	-1420
6.92820286751	-1316
6.94020104408	-1368
6.96803283691	543
6.96930384636	-364
6.98886299133	543
6.99379491806	543
7.00252795219	543
7.00516986847	543
7.01217484474	543
7.01311683655	-1368
7.01391792297	-203
7.02246189117	543
7.02474284172	543
7.02671098709	543
7.03996682167	543
7.05098795891	543
7.05262899399	543
7.06301903725	543
7.06458282471	543
7.07099795341	543
7.08326387405	543
7.16401195526	-543
7.1641960144	543
7.20972394943	-1057
7.20995402336	1057
7.22117495537	-1368
7.22136688232	543
7.22153997421	543
7.22178888321	-1420
7.22179484367	-1420
7.2218568325	-1264
7.22195386887	-1420
7.22201800346	-1420
7.22202181816	-1264
7.22223997116	-1368
7.22231698036	543
7.22738790512	-1368
7.2276058197	-1368
7.23986887932	543
7.2414419651	-1368
7.25513696671	-691
7.25539588928	543
7.2555539608	543
7.27126383781	-1368
7.27145981789	1057
7.30003881454	-1289
7.30030703545	543
7.3004899025	1057
7.37755489349	-543
7.38329696655	543
7.41306996346	-1368
7.41331982613	-1420
7.41337800026	-1316
7.41347002983	543
7.41364789009	543
7.42086482048	543
7.42867994308	-1420
7.42868995667	-1316
7.4290189743	-1368
7.4313378334	543
7.43572497368	-1420
7.43573403358	-1316
7.43586802483	-1420
7.43587183952	-1316
7.43603301048	-1368
7.440294981	-1368
7.44062781334	-1368
7.44087386131	-1368
7.4505238533	543
7.45296597481	543
7.45766282082	-301
7.4614880085	543
7.46187591553	1460
7.46194696426	1460
7.46200299263	193
7.46224784851	543
7.46246790886	543
7.46269893646	543
7.47026181221	-1420
7.47027397156	-1316
7.47038602829	-1368
7.47587895393	543
7.47799301147	-1368
7.47862291336	543
7.48356294632	543
7.4934489727	-1368
7.50250697136	-1015
7.50729203224	543
7.50911283493	-1420
7.50911998749	-1316
7.50915884972	-1368
7.50926685333	543
7.50959086418	-1368
7.51019382477	-1420
7.51025485992	-1316
7.51039981842	-1368
7.51485204697	543
7.51784992218	-1368
7.51958703995	543
7.51983785629	1460
7.51989483833	111
7.52016496658	1460
7.52022194862	111
7.52655386925	543
7.54733395576	-567
7.58859801292	-1368
7.59183692932	-203
7.60370898247	543
7.60436201096	543
7.64246487617	-543
7.64266395569	543
7.67796397209	-1368
7.68067193031	-1420
7.6807179451	-1316
7.68567299843	-1368
7.68627381325	-1368
7.68692803383	-1368
7.68772888184	-1368
7.6887819767	-1368
7.68938493729	-1368
7.69011998177	-1420
7.69015789032	-1316
7.69048595428	-1368
7.69139790535	-1368
7.692029953	-1368
7.69675993919	543
7.69702291489	-1368
7.69745492935	-1368
7.69762301445	-1368
7.69892001152	-1368
7.69908285141	543
7.70514583588	543
7.71778392792	-1420
7.71780085564	-1316
7.7184920311	-1368
7.71992492676	543
7.72060894966	-1420
7.7206389904	-1420
7.72069597244	-1264
7.72107386589	-1368
7.72157883644	-1368
7.72253489494	-1420
7.72256803513	-1316
7.72263002396	-515
7.72300601006	-1368
7.72336101532	-1368
7.72346401215	543
7.72452402115	-1368
7.7253639698	-1368
7.72584700584	-1368
7.72599291801	-1368
7.72671699524	543
7.72737383842	-1420
7.72738003731	-1316
7.73117804527	-1420
7.73118591309	-1316
7.73150801659	-1420
7.73151397705	-1316
7.73168897629	543
7.73240685463	-1420
7.73241400719	-1316
7.73244285583	-1368
7.73250889778	-1368
7.73262190819	543
7.73424100876	-1420
7.73424887657	-1316
7.74056887627	543
7.74190402031	-1420
7.74191188812	-1316
7.74349284172	543
7.75052285194	543
7.76605582237	-1368
7.76618790627	-1368
7.76628303528	-1368
7.76740789413	-760
7.76906085014	-1420
7.76906895638	-1420
7.76913404465	-1264
7.76913785934	-1368
7.77379703522	-1420
7.77380800247	-1420
7.77387094498	-1420
7.77387499809	-1212
7.77409482002	-1368
7.7750658989	-1420
7.77513599396	-1420
7.77514195442	-1264
7.775192976	-1368
7.77705001831	-1420
7.77710485458	-1316
7.77711081505	-1368
7.77714085579	-1368
7.77782702446	-1420
7.77785801888	-1316
7.78096699715	543
7.78182482719	543
7.8125538826	-744
7.8608288765	543
7.86139297485	543
7.86571002007	-543
7.90729284286	-1420
7.90731501579	-1316
7.90738201141	-1368
7.91061496735	-1123
7.91199183464	-1368
7.91567397118	543
7.91786694527	543
7.95545887947	-1289
7.95785188675	543
7.95920300484	543
8.00440001488	-1057
8.04541897774	-1368
8.09053993225	-1260
8.09360790253	543
8.09437704086	543
8.13905096054	-543
8.14705181122	543
8.16634392738	-1368
8.1668548584	-1368
8.16734790802	-1420
8.16735291481	-1316
8.16754293442	-1420
8.16754794121	-1420
8.16760492325	-1264
8.16768598557	-1368
8.16852688789	-1420
8.16853284836	-1316
8.16863083839	-1368
8.17329692841	543
8.17601895332	-1368
8.17608690262	-1368
8.17980790138	-1420
8.17981481552	-1420
8.17987203598	-1264
8.18069601059	-1420
8.18075585365	-1420
8.18075895309	-1264
8.18088293076	-1420
8.18088793755	-1316
8.18094182014	-1368
8.18134784698	-1420
8.18140292168	-1316
8.18181586266	-1368
8.18239688873	-1368
8.18312382698	543
8.18345403671	-1368
8.18367004395	-1420
8.18370199203	-1288
8.18455982208	-1368
8.18539595604	-1368
8.19056296349	543
8.19459486008	-1368
8.22850203514	-609
8.25140881538	543
8.27335381508	-1057
8.31818699837	-543
8.3184800148	543
8.35417985916	-1368
8.35715389252	543
8.36363482475	-232
8.40843892097	-543
8.40867590904	543
8.42198085785	-1368
8.45377588272	-717
8.45953083038	-1368
8.49853801727	-717
8.54334592819	-543
8.54558491707	543
8.54772496223	-1368
8.55358695984	543
8.59021902084	-1420
8.59023499489	-1316
8.59041500092	-95
8.59149098396	-1368
8.63538503647	-203
8.6356408596	-1420
8.63567900658	-1316
8.63580989838	-1368
8.67997384071	-66
8.68499088287	543
8.93484902382	-543
8.93502283096	543
9.05795097351	-543
9.12809681892	-1368
9.15917301178	-232
9.15958094597	543
9.16095781326	543
9.21604084969	-543
9.23062801361	543
9.23074698448	543
9.25356388092	1057
9.79316186905	-1420
9.793186903	-151
9.9800798893	-543
10.0844378471	-543
10.0856149197	1460
10.0857098103	1460
10.0857670307	1161
10.0858550072	1460
10.0859408379	1460
10.0859949589	1161
10.0860779285	1460
10.0861358643	1460
10.0861868858	1161
10.086263895	723
10.0871198177	1057
10.0876529217	1057
10.1150379181	543
10.1613149643	543
10.1788909435	-543
10.1848378181	543
10.2012598515	543
10.2264788151	1460
10.2266259193	111
10.2290148735	543
10.2310500145	1460
10.2375049591	111
10.2383749485	543
10.2496368885	543
10.2564609051	543
10.2568328381	1460
10.2568929195	111
10.2583999634	1460
10.2584738731	111
10.2952749729	-543
10.3036379814	543
10.3058478832	543
10.3195838928	-543
10.319767952	1460
10.3198308945	1460
10.3198869228	1161
10.3199849129	1117
10.3275840282	-1368
10.3282248974	-1368
10.3285109997	-1368
10.3288288116	-1368
10.3295578957	-1368
10.3300468922	-1420
10.3300819397	-1316
10.3300859928	-1368
10.3311929703	-1368
10.3356359005	543
10.3363180161	543
10.3490400314	543
10.3568608761	543
10.3650279045	-1420
10.3650410175	-1316
10.373103857	-1420
10.3731179237	-1420
10.3732118607	-1420
10.3732168674	-1212
10.3734929562	-1368
10.3735678196	-1420
10.373598814	-1316
10.3738029003	-1368
10.3739440441	543
10.3741149902	543
10.3748219013	-1420
10.3748300076	-1293
10.3950958252	-1420
10.3951148987	-1420
10.3951928616	-1420
10.3951978683	-1212
10.3966178894	-1420
10.3966228962	-1316
10.3970048428	-1368
10.3982028961	-1368
10.4100108147	-1420
10.4100279808	-1420
10.4100959301	-1420
10.4100999832	-1212
10.410588026	543
10.4177470207	-1420
10.4177548885	-1420
10.4178199768	-1264
10.4178240299	-1420
10.4178769588	-1420
10.417881012	-1264
10.4183328152	-1368
10.4184520245	-1420
10.4185390472	-1316
10.4185428619	-1368
10.4186069965	-1420
10.4186108112	-1420
10.4186780453	-1264
10.41868186	-1368
10.4189510345	543
10.4195189476	-1420
10.4195258617	-1420
10.4195878506	-1264
10.4195919037	-1368
10.4196469784	-1420
10.4196510315	-1316
10.4253549576	543
10.4399278164	-1420
10.4399468899	-1420
10.4400248528	-1264
10.4400289059	-1420
10.4400818348	-1420
10.4400858879	-1264
10.4403178692	543
10.4414980412	-1420
10.4415049553	-1420
10.4415638447	-1264
10.4415678978	-1409
10.4416909218	543
10.4634699821	-1420
10.4634869099	-1316
10.4636249542	-1420
10.463629961	-1316
10.4638810158	-1368
10.4638869762	-1368
10.4640259743	-1420
10.4640309811	-1316
10.4641718864	-1368
10.4647848606	-1420
10.4648189545	-1420
10.4648230076	-1264
10.4648499489	-1420
10.4652278423	-1420
10.4652578831	-1264
10.4652619362	-1420
10.4652848244	-1316
10.4654278755	-1420
10.4654560089	-1316
10.4655170441	543
10.4655640125	-1368
10.465875864	-1368
10.4660789967	-1368
10.4661998749	-1368
10.466301918	-1420
10.4663069248	-1316
10.4667959213	-1420
10.4668028355	-1420
10.4668300152	-1264
10.4669349194	-1368
10.467124939	-1420
10.4671339989	-1316
10.4671609402	-1368
10.4677369595	-1368
10.4680118561	-1420
10.4680159092	-1316
10.4681890011	-1368
10.4685978889	-1368
10.4688329697	-1368
10.4705870152	-1368
10.4707999229	543
10.4833199978	-1420
10.4833409786	-1420
10.4834179878	-1420
10.4834220409	-1212
10.483479023	-1420
10.4834828377	-1316
10.4835348129	-1420
10.483538866	-1420
10.4835908413	-1264
10.4838039875	543
10.4843950272	-1368
10.4845600128	-1368
10.4846529961	-1368
10.4848139286	-1420
10.484844923	-1316
10.4848489761	-1368
10.4850330353	-1420
10.4850389957	-1316
10.4851770401	-1420
10.4851808548	-1316
10.4852068424	-1368
10.4852910042	-1368
10.4853210449	-1368
10.4854068756	-1420
10.4854369164	-1316
10.4855709076	-1368
10.4856579304	-1368
10.4861009121	-1420
10.4861400127	-1420
10.4861438274	-1264
10.4861688614	-975
10.4871709347	-1368
10.4872570038	-1368
10.4884738922	-1420
10.4885249138	-1316
10.4888310432	543
10.489552021	-1368
10.4919388294	-1368
10.5087478161	-1420
10.5087649822	-1420
10.5088658333	-1420
10.5088708401	-1420
10.5089249611	-1420
10.5089290142	-1108
10.5089850426	-1420
10.5090179443	-1420
10.5090708733	-1264
10.5090749264	-1368
10.509141922	-1420
10.5091459751	-1420
10.5092029572	-1264
10.5092070103	-1420
10.5092589855	-1316
10.5092618465	-1368
10.5095310211	-1420
10.5095360279	-1316
10.5095899105	-1368
10.5096390247	543
10.5174949169	-1420
10.517510891	-1316
10.5175800323	-1420
10.5175828934	-1316
10.5179448128	543
10.5198960304	-1368
10.5199868679	-1420
10.5200178623	-1316
10.5202949047	-1368
10.5204260349	-1368
10.5205509663	-1368
10.5206859112	-1368
10.520804882	-1368
10.5209460258	-1420
10.5209519863	-1316
10.5209779739	-1368
10.5210578442	-1420
10.5210878849	-1316
10.521201849	-1368
10.5213048458	543
10.5214109421	-1420
10.5214128494	-1316
10.521545887	543
10.5220019817	-1420
10.5220079422	-1316
10.5221178532	-1368
10.5222969055	-1368
10.5224289894	-1420
10.5224330425	-1316
10.5229029655	-1368
10.5231699944	-1420
10.5232019424	-1316
10.5232789516	-1420
10.5233089924	-1420
10.5233130455	-1264
10.5234279633	-1368
10.5234780312	543
10.5263710022	-1368
10.5318770409	-777
10.5514929295	-1420
10.5515129566	-1316
10.5515699387	-1368
10.5519988537	-1420
10.5520939827	-1316
10.5520980358	-1368
10.5521569252	-1420
10.5521609783	-1420
10.5522170067	-1264
10.5522928238	-1420
10.5523548126	-1420
10.5523579121	-1420
10.5524139404	-1212
10.5524179935	-1420
10.5525000095	-1316
10.5525038242	-1420
10.5525569916	-1316
10.5526878834	-1420
10.5527179241	-1316
10.5527839661	-1420
10.552811861	-1316
10.5528149605	-1420
10.5528399944	-1420
10.5528428555	-1264
10.5531058311	-1420
10.5531108379	-1420
10.5531468391	-1264
10.5532598495	-1368
10.5533468723	543
10.5533969402	-1368
10.5538048744	1086
10.553828001	-1368
10.55407691	-1368
10.5541830063	-1420
10.554186821	-1316
10.5543160439	-1420
10.5543208122	-1316
10.554527998	-1368
10.5545330048	-1420
10.5545630455	-1316
10.5547449589	-1420
10.5547728539	-1316
10.5548729897	-1420
10.5549309254	-1420
10.5549349785	-1264
10.554997921	-1368
10.555369854	-1368
10.5556058884	543
10.5559020042	-1420
10.555907011	-1316
10.5569038391	-1368
10.5575909615	-1368
10.5579888821	-1368
10.5587038994	-1420
10.5587329865	-1316
10.5591239929	-1368
10.559417963	-1368
10.5597109795	-1368
10.5600938797	-1368
10.5603148937	-1368
10.5608978271	-1368
10.5612459183	-1420
10.5612750053	-1316
10.5616538525	-1368
10.5620849133	-1368
10.5624489784	-1368
10.5627939701	-1368
10.5630648136	-1368
10.5632498264	543
10.5634579659	543
10.5636799335	-1368
10.5639309883	-1420
10.5639619827	-1316
10.5642738342	543
10.5643298626	-1368
10.5648789406	-1420
10.5649108887	-1316
10.5650880337	-1368
10.5654628277	-1368
10.5708739758	-1368
10.5873999596	-1420
10.5874190331	-1316
10.588876009	-1368
10.5915038586	-1368
10.5936148167	-1368
10.5955319405	-1368
10.5961639881	-986
10.59781003	-1368
10.5991559029	-1368
10.6015899181	-1368
10.6017758846	543
10.6022210121	-1368
10.6031649113	-1368
10.6040289402	-1368
10.6048870087	-1420
10.6049199104	-1316
10.605645895	-1368
10.6064169407	543
10.6066310406	-1368
10.6074259281	-1368
10.6080069542	-1368
10.6084239483	-1368
10.6089708805	-1368
10.6099388599	-1420
10.6099698544	-1316
10.6100468636	543
10.6106610298	-1368
10.6113419533	-1368
10.6114399433	543
10.6122338772	-1368
10.6125600338	-1368
10.6129009724	-1420
10.6129069328	-1316
10.6133430004	-1420
10.6133499146	-1316
10.6137719154	-1368
10.6141769886	-1368
10.6145539284	-1368
10.6150348186	-1368
10.6154699326	-1368
10.6159768105	-1420
10.616008997	-1420
10.6160128117	-1264
10.616286993	-1368
10.6166539192	-1368
10.6170539856	-1368
10.6175458431	-1368
10.617910862	-1368
10.6186609268	-1420
10.6187059879	-1316
10.6194529533	-1368
10.6204910278	-1368
10.6209118366	-1368
10.6216650009	-1368
10.6225588322	-1368
10.6234829426	-1368
10.6241178513	-1420
10.6241528988	-1316
10.6250109673	-1368
10.6251218319	543
10.6254758835	-1368
10.626336813	-1368
10.6279480457	-1368
10.6281368732	-1368
10.6287829876	-1420
10.6287889481	-1316
10.6294138432	-1368
10.629488945	543
10.6301729679	-1368
10.6303589344	-1368
10.6312198639	-1368
10.6319279671	-1368
10.6336278915	-1368
10.6338179111	-1368
10.6339550018	-1368
10.6344978809	-1368
10.6350820065	-1368
10.6351528168	-1368
10.6355638504	-1368
10.6361789703	-1368
10.6365828514	-1368
10.6369040012	-1368
10.6375339031	-1368
10.6382269859	-1368
10.6383290291	543
10.6391339302	-1420
10.6391398907	-1316
10.6397190094	-1368
10.6404819489	-1368
10.6412498951	-1368
10.6419558525	-1368
10.6420588493	-1368
10.6426188946	-1181
10.6432859898	-1368
10.6436228752	-1420
10.643652916	-1316
10.6445379257	-1368
10.6449420452	-1368
10.6451029778	-1368
10.6456258297	-1368
10.6460559368	-1368
10.6461899281	-1368
10.646561861	-1420
10.6465950012	-1316
10.6470708847	-1368
10.647176981	543
10.6477499008	-1368
10.6487150192	-1368
10.6490018368	-1368
10.6491470337	-1420
10.6491758823	-1316
10.6494410038	-1420
10.6494698524	-1420
10.6494729519	-1264
10.64970994	-1420
10.6497149467	-1420
10.6497409344	-1264
10.6501119137	-1420
10.6501419544	-1420
10.6501448154	-1264
10.6502959728	-1368
10.6504788399	-1420
10.6505079269	-1420
10.6505110264	-1264
10.6505389214	-1368
10.6505880356	-1368
10.6506989002	-1420
10.650703907	-1420
10.6507308483	-1264
10.6509149075	-1420
10.6509430408	-1316
10.6509850025	543
10.6510338783	-1420
10.6510360241	-1316
10.6512858868	543
10.6514468193	-1420
10.6514518261	-1316
10.6514790058	-1368
10.6515920162	-1420
10.6516199112	-1316
10.6517548561	-1368
10.6520049572	-1420
10.6520090103	-1420
10.652009964	-1264
10.6523480415	543
10.6524460316	-1420
10.6524510384	-1316
10.6525819302	-1368
10.6616070271	543
10.6637508869	-1368
10.6639239788	-1420
10.66395998	-1316
10.6640319824	-1420
10.6640629768	-1316
10.6641390324	-1420
10.6641688347	-1316
10.6642420292	543
10.664400816	-1420
10.6644048691	-1420
10.6644608974	-1264
10.6648168564	-1420
10.6648490429	-1316
10.6655218601	-1420
10.6655519009	-1316
10.665555954	-1368
10.6656279564	-1420
10.6656329632	-1316
10.6663038731	-1420
10.6663088799	-1420
10.6663348675	-1264
10.6667268276	-1420
10.6667559147	-1316
10.6668188572	-1420
10.6668558121	-1316
10.6669638157	-1420
10.6669919491	-1316
10.6670808792	543
10.6673879623	-1420
10.6673920155	-1420
10.6674189568	-1264
10.6689460278	-1368
10.669025898	-1420
10.6690299511	-1316
10.671489954	543
10.6741080284	543
10.6814880371	1460
10.6815569401	1460
10.6816120148	707
10.6818468571	1460
10.6819219589	1460
10.6819908619	707
10.6822500229	1460
10.6823189259	1460
10.6823709011	707
10.6854088306	-1420
10.6854178905	-1316
10.6855089664	-1368
10.6857559681	-1368
10.6859288216	-1420
10.6859338284	-1420
10.6859879494	-1264
10.6861948967	-1420
10.6862609386	-1420
10.6862649918	-1264
10.6863288879	-1420
10.6863319874	-1420
10.6863839626	-1264
10.6869959831	-1368
10.6872918606	-918
10.6874959469	-1368
10.6877028942	-1368
10.6878459454	-1420
10.6879038811	-1420
10.6879069805	-1264
10.6880059242	-1420
10.6880090237	-1420
10.6880679131	-1264
10.6883039474	-1420
10.6883318424	-1316
10.6884109974	-1368
10.6885988712	-1368
10.6887099743	-1420
10.6887369156	-1316
10.6888568401	-1420
10.6888840199	-1420
10.6888868809	-1264
10.6890389919	-1420
10.689043045	-1420
10.6890690327	-1264
10.6892979145	-1420
10.6893029213	-1420
10.6893048286	-1264
10.6895499229	-1368
10.6896808147	-1420
10.6896858215	-1420
10.6896879673	-1264
10.6898100376	-1420
10.6898150444	-1316
10.689950943	-1420
10.6899559498	-1316
10.6900889874	-1368
10.6901860237	-1368
10.6906528473	-1420
10.6906578541	-1316
10.6907598972	-1368
10.6908588409	-1420
10.6908628941	-1316
10.6909718513	-1368
10.6911108494	543
10.6912589073	543
10.6916799545	-1420
10.6916828156	-1316
10.6917898655	-1420
10.6917948723	-1316
10.6919469833	-1368
10.6921160221	-1368
10.6922748089	-1420
10.6922779083	-1316
10.6924288273	543
10.6925299168	-1368
10.6926088333	-1368
10.6927678585	543
10.6928169727	-1420
10.6928198338	-1316
10.6929068565	-1420
10.6929090023	-1316
10.6929779053	-1368
10.693572998	-1420
10.6936039925	-1420
10.6936080456	-1264
10.6940000057	-1420
10.6940050125	-1420
10.6940598488	-1264
10.6942448616	-1420
10.694272995	-1316
10.6943459511	-1368
10.6988289356	-1420
10.6988348961	-1420
10.6988649368	-1264
10.7148480415	1057
10.7151548862	543
10.7278308868	543
10.7305619717	-1420
10.7305710316	-1420
10.7306358814	-1264
10.7307519913	-1420
10.730782032	-1316
10.7314209938	-1420
10.7314488888	-1316
10.731595993	-1420
10.7316508293	-1420
10.7316539288	-1264
10.7322518826	-1252
10.732542038	-1420
10.7325718403	-1316
10.7331719398	-1368
10.734844923	543
10.7357699871	-1420
10.7357778549	-1316
10.7364828587	-1368
10.7365589142	543
10.7377259731	-1368
10.7379128933	-1420
10.7379488945	-1316
10.7382149696	-1420
10.7382428646	-1316
10.738795042	-1368
10.739151001	-1420
10.7391560078	-1316
10.7394459248	-1368
10.7398400307	-1420
10.7398679256	-1316
10.7400999069	-1368
10.741109848	-1420
10.7411148548	-1420
10.7411448956	-1264
10.7415649891	-1420
10.7415919304	-1316
10.7419259548	-1368
10.7422339916	-1420
10.7422389984	-1420
10.7422640324	-1264
10.7427749634	-1420
10.7428019047	-1420
10.7428059578	-1264
10.7431750298	-1420
10.7431800365	-1316
10.7433049679	-1368
10.7433638573	543
10.7438468933	-1420
10.7438528538	-1420
10.7438809872	-1264
10.744027853	-1420
10.7440559864	-1316
10.7441358566	-1368
10.7444248199	-1420
10.7444319725	-1420
10.7444598675	-1264
10.7445499897	543
10.7449359894	-1420
10.7449419498	-1420
10.7449698448	-1264
10.7453210354	-1368
10.7458598614	-1420
10.7458670139	-1316
10.7460458279	-1420
10.7460520267	-1316
10.7461779118	-1368
10.7465829849	-1420
10.7466139793	-1316
10.7466180325	-1368
10.7471749783	-1420
10.747179985	-1316
10.7472150326	-1368
10.7479169369	-1368
10.7482609749	-1420
10.748265028	-1316
10.7484049797	-1420
10.7484090328	-1420
10.748459816	-1264
10.7487549782	-1420
10.7487828732	-1420
10.7487859726	-1264
10.7490699291	-1368
10.7493560314	-1420
10.7493839264	-1316
10.7496528625	-1368
10.7502038479	-1420
10.750207901	-1420
10.7502338886	-1264
10.7503910065	-1420
10.750428915	-1316
10.7505090237	-1368
10.7506318092	-1420
10.750636816	-1316
10.7507629395	543
10.7510268688	-1368
10.7510328293	-1420
10.7510588169	-1420
10.7510619164	-1264
10.7512660027	543
10.7513558865	-1420
10.7513599396	-1316
10.7515490055	-1420
10.7515540123	-1420
10.7515809536	-1264
10.7517049313	-1368
10.7518060207	-1420
10.7518098354	-1316
10.7519729137	-1368
10.7521169186	-1420
10.7521488667	-1316
10.7522308826	-1368
10.7524728775	543
10.7528498173	-1420
10.7528560162	-1420
10.7528808117	-1264
10.7528848648	-1420
10.7529070377	-1316
10.7530069351	543
10.7531018257	-1368
10.7539479733	543
10.7641909122	543
10.7667548656	543
10.7727148533	543
10.7744448185	-1368
10.7745478153	-1368
10.7746808529	-1368
10.7771430016	-333
10.7795820236	-1420
10.7795870304	-1316
10.7797648907	-1368
10.7800328732	1460
10.780092001	1460
10.7801499367	707
10.7803859711	543
10.7832188606	543
10.7834789753	543
10.7837319374	1460
10.7837908268	1460
10.7838439941	707
10.784113884	1460
10.7841768265	1139
10.7846260071	543
10.790760994	543
10.7912399769	543
10.7916858196	543
10.7922129631	543
10.7926168442	543
10.8051569462	-1420
10.805164814	-1316
10.8053729534	-1368
10.8058218956	-1420
10.8058798313	-1420
10.8058838844	-1264
10.8105778694	543
10.8194038868	-1420
10.8194169998	-1316
10.8218369484	-1118
10.8398828506	-1420
10.8399629593	-1420
10.8399689198	-1264
10.8401508331	543
10.8405969143	-1368
10.8408098221	543
10.8442559242	-1420
10.8442649841	-1316
10.8477919102	-1368
10.8481190205	-1368
10.8482859135	-1368
10.8487808704	-1420
10.848815918	-1316
10.8489928246	-1368
10.8490829468	-1368
10.8493900299	-1368
10.8495550156	-1368
10.8496069908	-1368
10.8498220444	-1368
10.8498959541	-1368
10.850317955	-1368
10.8509049416	-1420
10.850935936	-1316
10.8511149883	-1420
10.8511488438	-1316
10.8544478416	-1368
10.854585886	543
10.8559229374	-1420
10.8559310436	-1316
10.8566658497	-1420
10.8566718102	-1316
10.8571588993	-1368
10.8575530052	-1420
10.8575818539	-1316
10.8577480316	-1368
10.8580780029	-1420
10.8580830097	-1316
10.8582539558	543
10.8583338261	-1368
10.8584518433	-1420
10.858481884	-1316
10.8585758209	543
10.8587210178	-1420
10.8587238789	-1420
10.8587260246	-1264
10.8591859341	-1368
10.8593490124	-1368
10.8597688675	-1420
10.8597989082	-1316
10.8600029945	-1368
10.8602218628	-1368
10.8602850437	543
10.8603849411	-1368
10.8605499268	-1368
10.8607280254	-1368
10.8610038757	-1368
10.8613159657	-1420
10.8613228798	-1316
10.8615839481	-1368
10.8620519638	-1368
10.8627789021	-1368
10.8631939888	-1368
10.8637518883	-1368
10.8642389774	-1368
10.8644888401	-1420
10.864495039	-1316
10.864718914	-1368
10.8653898239	-1420
10.8654580116	-1420
10.8654618263	-1420
10.8655200005	-1212
10.8655238152	-1368
10.8655788898	-1368
10.8657209873	-1368
10.8659470081	-1368
10.8660418987	-1368
10.8661518097	543
10.8662078381	-1368
10.8664028645	-1420
10.8664348125	-1316
10.8665418625	-1368
10.8666379452	543
10.8668708801	-1368
10.8671488762	-1368
10.8673288822	-1368
10.8674499989	-1368
10.8677568436	-1368
10.8679289818	-1420
10.8679609299	-1316
10.8681008816	-1368
10.8681910038	-1368
10.8683488369	-1420
10.8683798313	-1316
10.8695819378	-1368
10.8699638844	-1368
10.8701570034	-1420
10.8701858521	-1316
10.8701889515	-1368
10.8702759743	-1420
10.8702809811	-1316
10.8705909252	-1368
10.8706879616	-1368
10.8708209991	1460
10.8708789349	1139
10.8711419106	-1420
10.871147871	-1316
10.8712258339	-1368
10.8713138103	543
10.8714499474	-1420
10.8714559078	-1420
10.8715100288	-1264
10.8715839386	543
10.8719539642	-1420
10.8719608784	-1316
10.8722419739	-1368
10.8736479282	-1420
10.8736798763	-1316
10.8740119934	-1368
10.8742208481	-1368
10.8744440079	-1420
10.874475956	-1316
10.8745479584	543
10.8747429848	-1420
10.8747479916	-1316
10.8750360012	-1420
10.8750419617	-1420
10.875068903	-1264
10.8751559258	-1368
10.875344038	-1420
10.8753499985	-1420
10.8753769398	-1264
10.8753800392	-1368
10.875797987	-1420
10.8758029938	-1420
10.8758289814	-1264
10.8759520054	543
10.8766269684	-1420
10.8766338825	-1420
10.8766629696	-1264
10.8767709732	-1368
10.877589941	-1368
10.8778169155	-1420
10.8778498173	-1316
10.8783168793	-1368
10.8790259361	-1368
10.8790988922	-566
10.8795499802	-1368
10.879778862	-1368
10.880314827	-1368
10.8811450005	-1368
10.8815729618	-1368
10.8816390038	543
10.881964922	-1368
10.8820428848	-1420
10.8820719719	-1316
10.8825118542	-1368
10.8829829693	-1368
10.8834109306	-1368
10.8837828636	-1368
10.8841948509	-1368
10.8847079277	-1420
10.8847129345	-1420
10.8847408295	-1264
10.8850679398	-1420
10.8850970268	-1420
10.8850998878	-1264
10.8859820366	-1420
10.8859858513	-1420
10.8860118389	-1264
10.886674881	-1420
10.8867030144	-1420
10.8867058754	-1264
10.8869259357	543
10.8874850273	-1420
10.8874909878	-1316
10.8882758617	-1420
10.8882830143	-1316
10.888769865	543
10.8890450001	-1368
10.8896799088	-1368
10.8902978897	-1368
10.8908708096	-1368
10.8915789127	-1420
10.8915848732	-1316
10.8921618462	-1368
10.8932299614	-1368
10.8940808773	-1368
10.8953378201	-1368
10.8962049484	-1368
10.8973059654	-1420
10.8973388672	-1316
10.8983008862	-1368
10.8991618156	-1368
10.9000220299	-1368
10.9008378983	-1368
10.9017949104	-1368
10.9023628235	-1368
10.9033298492	-1420
10.9033589363	-1316
10.9040629864	-1368
10.9058058262	-1368
10.9062218666	-1420
10.9062800407	-1420
10.9062838554	-1264
10.9063339233	-1420
10.9063370228	-1316
10.9065508842	543
10.9066050053	-1368
10.9067399502	543
10.9070649147	-1420
10.9070708752	-1420
10.9071009159	-1264
10.907793045	-1420
10.9078290462	-1420
10.9078328609	-1264
10.9085760117	-1420
10.9085829258	-1420
10.9086120129	-1264
10.908728838	-1420
10.9087569714	-1316
10.9088909626	-1420
10.9089460373	-1420
10.908949852	-1420
10.9090030193	-1212
10.909776926	-1420
10.9098110199	-1420
10.9098138809	-1264
10.9100239277	543
10.9108438492	-1420
10.9108510017	-1420
10.9108810425	-1264
10.9116089344	-1420
10.9116408825	-1316
10.9116449356	-1368
10.9127099514	-1420
10.9127168655	-1420
10.91274786	-1264
10.9138059616	-1420
10.9138410091	-1420
10.9138448238	-1264
10.9142098427	-1420
10.9142148495	-1316
10.9207079411	543
10.9238228798	-156
10.9238948822	543
10.9308168888	-1420
10.9308240414	-1420
10.9308819771	-1264
10.9317760468	-1420
10.9318349361	-1420
10.9318389893	-1264
10.9322600365	-1368
10.9324529171	-1420
10.9324829578	-1316
10.9342448711	-1420
10.9343018532	-1316
10.934666872	-1420
10.9347238541	-1420
10.9347269535	-1264
10.9348418713	-1368
10.9349279404	-1420
10.9349570274	-1316
10.9350988865	543
10.9352669716	543
10.9355590343	-1420
10.9355640411	-1420
10.9355919361	-1264
10.9357159138	-1368
10.9357988834	-1420
10.9358029366	-1316
10.9359710217	-1368
10.9362158775	-1420
10.9362468719	-1316
10.9365689754	-1420
10.9366238117	-1420
10.9366269112	-1264
10.9367489815	-1420
10.9367530346	-1420
10.9368038177	-1264
10.9370508194	-1420
10.9371058941	-1420
10.9371099472	-1264
10.9373559952	-1420
10.937361002	-1420
10.9374139309	-1264
10.9377338886	-1420
10.9377918243	-1420
10.9377958775	-1264
10.9378490448	-1420
10.9378519058	-1420
10.9379038811	-1264
10.9379079342	-1420
10.9379608631	-1420
10.9379639626	-1264
10.9381690025	-1368
10.9384310246	-1420
10.9384608269	-1316
10.9384639263	-1420
10.9384908676	-1316
10.9385838509	-1420
10.9386279583	-1316
10.9387488365	-1368
10.9389388561	-1368
10.9391388893	-1368
10.9394059181	-1420
10.9394109249	-1316
10.9395368099	-1368
10.9396998882	1057
10.9400160313	-1420
10.9400210381	-1420
10.9400470257	-1264
10.9401259422	543
10.9401860237	-1420
10.9401888847	-1420
10.9401898384	-1264
10.9404158592	-1420
10.9404449463	-1316
10.9406268597	543
10.9406909943	-1420
10.940694809	-1420
10.9406960011	-1264
10.9406969547	-1368
10.9410018921	-1420
10.9410078526	-1420
10.9410638809	-1264
10.9410669804	-1368
10.9412310123	-1420
10.9412360191	-1316
10.9412620068	-1368
10.941505909	-1420
10.9415328503	-1316
10.9415359497	-1368
10.9419848919	-1420
10.9419898987	-1316
10.942376852	-1420
10.9423809052	-1420
10.9424068928	-1264
10.9426929951	-1420
10.9427199364	-1316
10.9427809715	-1420
10.9428110123	-1420
10.9428138733	-1264
10.9428389072	-1368
10.9430048466	-1420
10.94303298	-1420
10.9430370331	-1264
10.9431648254	-1368
10.9432508945	-1420
10.9432799816	-1316
10.9433348179	543
10.9435038567	543
10.9437909126	543
10.9441158772	-1420
10.9441230297	-1420
10.9441559315	-1264
10.9444539547	-1420
10.9444830418	-1420
10.9444868565	-1264
10.9447920322	-1420
10.944797039	-1420
10.9448230267	-1264
10.9451179504	-1368
10.9497869015	-1420
10.9497959614	-1316
10.9506678581	543
10.9690048695	-1298
10.9990999699	-1420
10.9991419315	-1316
10.9994280338	-1368
11.0156068802	-609
11.0158820152	543
11.0160489082	543
11.0231859684	-1368
11.0236468315	-1420
11.0236899853	-1316
11.0245599747	-1420
11.0245888233	-1316
11.0247168541	-1368
11.0260620117	543
11.0262889862	543
11.0263459682	-1420
11.0263500214	-1420
11.026350975	-1264
11.0265069008	-1420
11.0265090466	-1420
11.0265090466	-1264
11.0265948772	-1420
11.0266020298	-1316
11.026747942	-1420
11.0267519951	-1316
11.0267779827	-1420
11.0267808437	-1420
11.026804924	-1264
11.0269138813	543
11.0270028114	-1368
11.0271549225	-1368
11.0272870064	-1420
11.0272929668	-1420
11.0273199081	-1264
11.0273230076	-1420
11.0273458958	-1420
11.0273489952	-1420
11.0273728371	-1212
11.0274510384	-1420
11.0275089741	-1420
11.0275130272	-1264
11.0275719166	-1420
11.0275759697	-1420
11.0276298523	-1264
11.0276999474	-1420
11.0277268887	-1316
11.0278389454	543
11.0278878212	-1368
11.0282189846	543
11.0354669094	543
11.0364789963	-1420
11.0364868641	-1316
11.037031889	-1420
11.0370399952	-1316
11.0371470451	543
11.0376629829	-1420
11.0376689434	-1420
11.0376980305	-1264
11.0387439728	-1420
11.0387759209	-1316
11.0389928818	-1368
11.0392479897	-1420
11.0392529964	-1316
11.0395998955	-1368
11.0405108929	-1420
11.0405440331	-1316
11.0407669544	-1368
11.0410349369	-1420
11.0410399437	-1316
11.0411388874	-1368
11.0412759781	-1420
11.0413048267	-1316
11.0413079262	-1368
11.0415518284	-1420
11.0415568352	-1316
11.0415828228	-1368
11.0424799919	-1420
11.0425078869	-1420
11.0425109863	-1264
11.0432229042	-1420
11.043227911	-1420
11.0432898998	-1264
11.0435209274	-1420
11.0435528755	-1316
11.0435569286	-1368
11.0467300415	-1420
11.046736002	-1420
11.0467660427	-1264
11.0509338379	-1420
11.0509669781	-1420
11.0509710312	-1264
11.0518159866	-1420
11.0518229008	-1420
11.0518820286	-1264
11.0520248413	543
11.0521728992	543
11.0522940159	-1420
11.0522990227	-1420
11.0523538589	-1264
11.0530939102	-1420
11.053126812	-1316
11.053798914	-1420
11.0538289547	-1420
11.0538330078	-1264
11.0539419651	-1420
11.0539460182	-1420
11.0539739132	-1264
11.0540869236	543
11.05677104	-1420
11.0567779541	-1316
11.0569028854	-1368
11.058109045	-1420
11.0581429005	-1316
11.05834198	-1368
11.0601718426	-1420
11.0601789951	-1420
11.0602359772	-1264
11.0602929592	-238
11.0613148212	-1420
11.0613219738	-1316
11.0614869595	-1368
11.0616660118	-1420
11.0616970062	-1316
11.06189394	-1368
11.0628838539	-1420
11.0628898144	-1420
11.0629169941	-1264
11.0630269051	543
11.0631568432	-1420
11.0631599426	-1316
11.0631630421	-1420
11.0631649494	-1316
11.0632429123	-1368
11.063462019	-1368
11.0636160374	-1368
11.0636889935	543
11.0637648106	-1420
11.06376791	-1316
11.0639398098	543
11.0639638901	-1420
11.0639669895	-1420
11.0639679432	-1264
11.0641548634	-1368
11.0645499229	-1420
11.0645568371	-1316
11.0646858215	-1420
11.0646920204	-1316
11.0647928715	-1420
11.0647969246	-1316
11.0648870468	-1420
11.0648918152	-1316
11.0650188923	-1420
11.0650229454	-1420
11.065048933	-1264
11.0653309822	-1420
11.0653610229	-1316
11.0653648376	-1368
11.0655708313	-1420
11.0655748844	-1420
11.065600872	-1264
11.0656700134	-1420
11.0656979084	-1316
11.0658128262	-1420
11.0658388138	-1316
11.0660009384	-1420
11.066026926	-1420
11.0660309792	-1264
11.0661640167	-1420
11.0661690235	-1316
11.0662658215	-1368
11.0710718632	543
11.0713219643	543
11.0786089897	-1420
11.0786159039	-1316
11.0789120197	-1368
11.0791099072	-1420
11.0791449547	-1316
11.0793259144	-1420
11.0793569088	-1316
11.0794398785	543
11.0798828602	-1420
11.0798900127	-1316
11.080083847	-1420
11.0800900459	-1420
11.0801179409	-1264
11.0801959038	543
11.0804159641	-1420
11.0804219246	-1316
11.0807039738	-1420
11.0807099342	-1316
11.0807368755	-1368
11.0810608864	-1420
11.0810940266	-1316
11.0811719894	-1420
11.0812008381	-1316
11.0814139843	-1420
11.0814418793	-1420
11.0814449787	-1264
11.081540823	-1420
11.0815458298	-1316
11.0816938877	-1420
11.0816988945	-1420
11.0817530155	-1264
11.0817568302	-1368
11.0820348263	-1420
11.0820398331	-1420
11.0820658207	-1264
11.0820698738	-1368
11.0821888447	-1420
11.0821928978	-1316
11.0939838886	543
11.1002109051	-1420
11.1002190113	-1420
11.100276947	-1264
11.1009948254	543
11.1012449265	-1420
11.1012508869	-1420
11.1013069153	-1264
11.1025288105	-1368
11.1027619839	-1420
11.102766037	-1316
11.1030879021	-1420
11.1030929089	-1316
11.1035728455	-1368
11.1035778522	-1420
11.1036028862	-1316
11.1037888527	-1420
11.1038188934	-1316
11.1038730145	-1420
11.1038999557	-1316
11.1039040089	-1368
11.1041350365	-1368
11.104238987	-1368
11.1043109894	-1420
11.1043150425	-1316
11.1044399738	-1420
11.1044440269	-1420
11.1044969559	-1264
11.1053478718	-1420
11.1054010391	-1420
11.1054048538	-1264
11.1062178612	-1420
11.106222868	-1316
11.1063239574	-1420
11.1063280106	-350
11.1066739559	-1420
11.1066789627	-1316
11.1067960262	-1368
11.1069488525	543
11.1072158813	543
11.1073670387	-1368
11.107419014	-1368
11.107542038	-1368
11.107708931	543
11.1106228828	-1420
11.1106309891	-1316
11.1107070446	-1368
11.1161189079	-1420
11.1161580086	-1316
11.1163249016	-1368
11.1164348125	543
11.1170070171	-1420
11.1170129776	-1316
11.1170430183	-1368
11.1171460152	543
11.1175539494	-1420
11.1175608635	-1420
11.1175899506	-1264
11.1181340218	-1368
11.1187298298	-1420
11.1187360287	-1316
11.1187639236	-1420
11.1187679768	-1316
11.1190569401	-1420
11.1190629005	-1316
11.1190919876	-1420
11.1190948486	-1316
11.1204259396	-1420
11.1204309464	-1420
11.1205899715	-1264
11.1227278709	-1420
11.1227669716	-1316
11.1228268147	-1368
11.122964859	-1420
11.1229698658	-1420
11.1229958534	-1264
11.1232669353	-1420
11.1232969761	-1420
11.1232998371	-1264
11.1237409115	-1420
11.1237468719	-1420
11.123800993	-1264
11.1240940094	543
11.1255040169	-1368
11.1260969639	543
11.1264088154	-1420
11.1264150143	-1316
11.1267910004	-1420
11.1267969608	-1420
11.1268239021	-1264
11.1282219887	-1420
11.1282558441	-1420
11.1282598972	-1264
11.1285538673	-1420
11.1285588741	-1316
11.1290159225	-1420
11.129021883	-1420
11.1290488243	-1264
11.1295280457	-1420
11.1295590401	-1316
11.1295619011	-1368
11.1303608418	-1420
11.1303670406	-1420
11.1303949356	-1264
11.1322779655	543
11.1334910393	-1420
11.1335008144	-1420
11.1335318089	-1264
11.1347179413	-1420
11.134750843	-1316
11.1347999573	-1368
11.1371519566	-1420
11.1371610165	-1420
11.1371958256	-1264
11.1399738789	-1420
11.1400318146	-1420
11.1400358677	-1264
11.1414198875	-1368
11.1417369843	-1420
11.1417689323	-1316
11.1425879002	-1420
11.1426458359	-1420
11.142649889	-1264
11.1429569721	543
11.1432719231	-1420
11.1432788372	-1420
11.1433339119	-1264
11.1445319653	-1420
11.1445920467	-1420
11.1445958614	-1264
11.1450400352	-1368
11.1451969147	-1420
11.1452279091	-1316
11.145608902	-1420
11.1456389427	-1316
11.1457338333	543
11.1458108425	-1368
11.146023035	-1420
11.1460518837	-1316
11.146420002	-1420
11.146476984	-1420
11.1464810371	-1264
11.1468188763	-1420
11.1468248367	-1420
11.1468858719	-1264
11.1469449997	-1368
11.1470668316	543
11.1471149921	-1420
11.1471178532	-1316
11.1476008892	-1368
11.1479458809	-1420
11.1479809284	-1420
11.1479849815	-1264
11.148214817	-1368
11.1482198238	-1420
11.1482458115	-1316
11.1483848095	-1420
11.1484160423	-1316
11.1486589909	-1420
11.1486859322	-1420
11.1486899853	-1264
11.1488068104	-1368
11.1489329338	-1420
11.1489598751	-1420
11.1489629745	-1264
11.149066925	-1420
11.1490709782	-1316
11.1493029594	-1368
11.1509490013	-331
11.1751208305	-1420
11.1751379967	-1420
11.1751759052	-1264
11.1777980328	543
11.1950750351	-1368
11.196105957	-1420
11.196171999	-1420
11.1961758137	-542
11.1963288784	543
11.1970059872	-1420
11.1970129013	-1316
11.1975228786	-1420
11.1975300312	-1316
11.1985659599	-1368
11.1985719204	-1420
11.1986279488	-1420
11.1986308098	-1264
11.1990950108	-1368
11.1992268562	-1420
11.1992819309	-1316
11.1994609833	-1368
11.2007188797	-1420
11.2007238865	-1316
11.2008118629	-1420
11.2008159161	-1420
11.2008669376	-1264
11.2011840343	-1420
11.2012419701	-1420
11.2012448311	-1264
11.2013280392	-1420
11.2013318539	-1316
11.2014148235	-1420
11.201417923	-1420
11.201472044	-1264
11.201474905	-1420
11.2015249729	-1316
11.2015960217	-1420
11.2016248703	-1316
11.2016849518	-1368
11.2027628422	543
11.2032740116	-1420
11.2032809258	-1420
11.2033100128	-1264
11.2145349979	-1420
11.2145709991	-1420
11.2145748138	-1264
11.2158210278	-1420
11.2158269882	-1420
11.2158818245	-1264
11.2158858776	-1420
11.2159638405	-1316
11.2159678936	-1368
11.2164199352	-1420
11.2164239883	-1316
11.2165038586	-1368
11.2166278362	-1420
11.2166798115	-1420
11.2166829109	-1264
11.2170219421	-1420
11.2170269489	-1420
11.2170798779	-1264
11.2173128128	-1420
11.2173688412	-1420
11.2173728943	-1264
11.2174890041	-1420
11.2174940109	-1316
11.2175970078	-1368
11.2176849842	-1420
11.2177119255	-1316
11.2177858353	-1368
11.218159914	-1420
11.2181649208	-1420
11.2181928158	-1264
11.2183408737	543
11.2185139656	-1368
11.2187490463	-1420
11.2188060284	-1420
11.2188110352	-1264
11.2188630104	-1368
11.2188668251	-1368
11.2216598988	-1420
11.2216658592	-1420
11.2216949463	-1264
11.222124815	-1420
11.2221589088	-1316
11.2229979038	-1420
11.2230598927	-1420
11.2230639458	-1264
11.2231178284	-1420
11.2231218815	-1316
11.2235088348	-1368
11.2238149643	-1420
11.2238438129	-1316
11.2240898609	-1420
11.2241179943	-1420
11.2241208553	-1264
11.2242958546	-1420
11.2243008614	-1316
11.2244009972	-1420
11.2244048119	-1316
11.224506855	-1420
11.2245118618	-1316
11.2247040272	-1420
11.2247078419	-1316
11.2248048782	-1368
11.225301981	-1420
11.2253308296	-1420
11.2253348827	-1264
11.2255859375	-1420
11.2255909443	-1420
11.2256159782	-1264
11.2258498669	-1420
11.2258770466	-1420
11.2258808613	-1264
11.2259728909	-1420
11.225976944	-1316
11.2260148525	-1368
11.2261500359	-1368
11.226806879	543
11.2270419598	543
11.2271850109	543
11.23970294	-1368
11.2398328781	-1368
11.2403569221	-1420
11.2403669357	-1420
11.2404708862	-1264
11.2404749393	-1368
11.2405269146	-1420
11.2405309677	-1316
11.2407200336	543
11.2409408092	-1420
11.2409470081	-1420
11.2410030365	-1264
11.2410998344	543
11.2411518097	-1420
11.2411558628	-1316
11.2413628101	-1420
11.2413659096	-1316
11.2414579391	-1368
11.2417328358	-505
11.2419278622	-1420
11.2419338226	-1316
11.2420778275	-1368
11.2421598434	543
11.24229002	-1420
11.2422959805	-1316
11.2424199581	-1368
11.2429718971	-1420
11.2430310249	-1420
11.2430369854	-1264
11.2430918217	-1420
11.2430958748	-1420
11.2431769371	-1264
11.2431819439	-1420
11.2432649136	-1420
11.2432689667	-1264
11.2433559895	-1420
11.2433600426	-1316
11.2434129715	-1420
11.2434198856	-1316
11.2434709072	-1420
11.2434749603	-1316
11.2458758354	543
11.2530870438	543
11.2624769211	543
11.2631688118	-1420
11.2631788254	-1420
11.2632129192	-1264
11.2633159161	543
11.2643330097	-1420
11.2643389702	-1420
11.2643978596	-1264
11.2647619247	-1368
11.2649989128	-1420
11.2650039196	-1316
11.2654290199	-1420
11.2654328346	-1316
11.2654879093	-1420
11.2654910088	-1420
11.2655408382	-1264
11.2660779953	-1420
11.2661099434	-1420
11.2661130428	-1264
11.266340971	-1420
11.2663450241	-1420
11.2663729191	-1264
11.267168045	543
11.2675018311	-1420
11.2675089836	-1420
11.2675378323	-1264
11.2678368092	-1420
11.2678668499	-1420
11.267870903	-1264
11.2685928345	-1420
11.2685978413	-1316
11.2686269283	-1368
11.2693669796	-1420
11.269397974	-1420
11.269400835	-1264
11.26983881	-1420
11.2698438168	-1420
11.2698860168	-1264
11.2702429295	-1368
11.2708358765	-1420
11.2708418369	-1316
11.2763609886	-1420
11.2763729095	-1420
11.2764389515	-1264
11.2766778469	-1420
11.2767698765	-1316
11.2767739296	-1368
11.2768428326	-1420
11.2768468857	-1420
11.2768979073	-1264
11.2769789696	-1420
11.2770068645	-1316
11.277009964	-1368
11.2793488503	-1420
11.2793548107	-1316
11.279489994	-1368
11.2795448303	543
11.2798178196	543
11.2800250053	543
11.2800998688	-1368
11.2803039551	-1420
11.2803359032	-1420
11.2803399563	-1264
11.2805960178	-1420
11.2806098461	-1316
11.2807099819	-1420
11.2807159424	-1316
11.2807488441	-1368
11.2807979584	-1368
11.2811758518	-1420
11.2811818123	-1316
11.2812709808	-1368
11.2814118862	-1420
11.2814409733	-1420
11.2814450264	-1264
11.281662941	-1368
11.2817380428	-1420
11.2817668915	-1316
11.2817699909	-1368
11.2818508148	-1420
11.2818548679	-1316
11.2825160027	-1420
11.2825229168	-1420
11.2825498581	-1264
11.2864780426	-1034
11.2891089916	543
11.2909429073	-1420
11.2909510136	-1316
11.2912750244	-1368
11.2947368622	543
11.3040058613	543
11.304610014	543
11.3115198612	-1420
11.3115270138	-1316
11.3116328716	-1368
11.3155238628	-1420
11.315582037	-1420
11.3155858517	-1264
11.3157408237	543
11.3159120083	543
11.3164138794	-1368
11.3166060448	-1420
11.3166358471	-1316
11.3170950413	-1420
11.3171579838	-1420
11.3171620369	-1264
11.3175928593	-1420
11.3176000118	-1316
11.3179478645	-1368
11.3180959225	-1420
11.318156004	-1420
11.3181598186	-1264
11.3182809353	543
11.3183250427	-1420
11.3183269501	-1316
11.3185739517	-1368
11.3185799122	-1420
11.3186058998	-1420
11.3186089993	-1264
11.3187208176	-1420
11.318723917	-1316
11.3188250065	-1368
11.3190059662	-1420
11.3190338612	-1420
11.3190369606	-1264
11.3194179535	-1420
11.3194220066	-1420
11.3194479942	-1264
11.3232939243	543
11.329985857	-1420
11.3299939632	-1420
11.3300228119	-1264
11.3313179016	-800
11.3505539894	-1420
11.3505628109	-1316
11.3512849808	-1420
11.3512928486	-1420
11.351323843	-1264
11.3514358997	1057
11.3517198563	-1420
11.3517270088	-1316
11.3525309563	-1420
11.3525378704	-1420
11.3525948524	-1264
11.3528089523	1057
11.3529639244	-1420
11.3529679775	-1316
11.3532419205	-1368
11.353484869	-1420
11.3535149097	-1316
11.3537139893	-1420
11.3537449837	-1316
11.3537929058	-1368
11.3538899422	-1368
11.3539938927	-1420
11.3540229797	-1316
11.3540258408	-1368
11.3541228771	-1420
11.3541328907	-1316
11.3541619778	-1368
11.3542699814	-1420
11.3542978764	-1316
11.3543829918	-1420
11.3544230461	-1420
11.3544268608	-1264
11.3544509411	-1368
11.3546698093	-1420
11.3546738625	-1420
11.3546779156	-1264
11.3548028469	-1420
11.3548059464	-1420
11.3548069	-1264
11.3550329208	-1420
11.3550360203	-1420
11.355036974	-1264
11.3553478718	-1420
11.3553509712	-1420
11.3553528786	-1264
11.3554868698	-1420
11.3554899693	-1316
11.3555350304	-1420
11.3555378914	-1316
11.3556699753	-1420
11.3556718826	-1420
11.3556728363	-1264
11.3557219505	-1368
11.3558309078	-1420
11.3558328152	-1420
11.3558349609	-1264
11.3587069511	-1368
11.3617539406	543
11.3619959354	-1420
11.3619990349	-1420
11.3619999886	-1420
11.3620018959	-1420
11.3620028496	-1420
11.3620049953	-1420
11.362005949	-1420
11.3620069027	-1420
11.3620078564	-1420
11.3620100021	-1420
11.3620109558	-1420
11.3620119095	-1420
11.3620128632	-1420
11.3620150089	-1420
11.3620159626	-1420
11.3620169163	-1420
11.362033844	-1420
11.3620359898	-1420
11.3620369434	-432
11.3627049923	543
11.3668999672	543
11.367043972	543
11.3672559261	543
11.367595911	543
11.3718578815	-1420
11.3718650341	-1316
11.3731589317	-1368
11.3759639263	-398
11.3902850151	1460
11.3903720379	1139
11.394810915	-1368
11.3955390453	-1420
11.3955769539	-1316
11.3956370354	-1368
11.3958449364	-1420
11.3958499432	-1316
11.3959388733	543
11.3961160183	543
11.3962278366	-1420
11.3962299824	-1316
11.3965158463	-1420
11.3965229988	-1420
11.3965759277	-1264
11.3969919682	-1420
11.3970198631	-1316
11.3971869946	-1368
11.3973929882	-1420
11.397397995	-1420
11.3974509239	-1264
11.3977439404	-1368
11.3978848457	-1420
11.3978898525	-1420
11.3979458809	-1264
11.3980209827	-1420
11.398047924	-1316
11.398955822	-1420
11.3989849091	-1420
11.3989880085	-1264
11.3991448879	-1368
11.3993639946	-1420
11.3994188309	-1316
11.3995659351	-1420
11.3996498585	-1316
11.3996539116	-1420
11.3997149467	-1420
11.3997240067	-1264
11.399782896	-1420
11.3997869492	-1316
11.4003589153	543
11.4006378651	543
11.4069709778	-1420
11.406981945	-1316
11.40710783	-1368
11.4073560238	-1420
11.4074139595	-1420
11.4074180126	-1264
11.4083089828	-1420
11.408313036	-1420
11.4084148407	-1264
11.4084179401	-1420
11.4085478783	-1420
11.4085509777	-1264
11.4086039066	-1420
11.4086079597	-1316
11.4087078571	-1368
11.4087119102	-1420
11.4087638855	-1420
11.4087679386	-1264
11.4096150398	-1420
11.4096200466	-1316
11.4096479416	-1420
11.409651041	-1316
11.4097969532	-1420
11.40980196	-1316
11.4099929333	-1420
11.4099979401	-1316
11.4100828171	-1368
11.4104208946	-1420
11.4104759693	-1420
11.4104800224	-1264
11.4113769531	543
11.4115810394	543
11.411842823	543
11.4119639397	-1368
11.4122948647	-1420
11.4123280048	-1316
11.4124829769	-1420
11.4125130177	-1420
11.4125168324	-1264
11.4126119614	-1420
11.4126160145	-1316
11.4126439095	-1368
11.4127688408	-1420
11.4127979279	-1420
11.4128010273	-1264
11.4129049778	-1420
11.4129099846	-1316
11.4130480289	-1420
11.4130530357	-1316
11.4131598473	-1420
11.4131629467	-1316
11.4133498669	1057
11.4139659405	-1420
11.4139728546	-1420
11.414003849	-1264
11.4144208431	-1420
11.4144580364	-1420
11.4144618511	-1264
11.4144878387	-1368
11.4151539803	-1420
11.4152128696	-1316
11.4152178764	-1368
11.4155919552	-1420
11.4155960083	-1316
11.4157018661	-1368
11.4160900116	-1420
11.4161169529	-1316
11.4162449837	-1368
11.4171919823	-1420
11.4171960354	-1316
11.4172990322	-1368
11.4176459312	-1420
11.4177029133	-1420
11.4177060127	-1264
11.4180858135	-1420
11.4180908203	-1420
11.4181489944	-1264
11.418722868	-1420
11.4187779427	-1420
11.4187819958	-1264
11.4192969799	-1420
11.4193029404	-1420
11.4193668365	-1264
11.4195308685	543
11.4199168682	543
11.420593977	-1420
11.4206008911	-1420
11.4206299782	-1264
11.420691967	-634
11.4209558964	543
11.4212069511	-1368
11.4214010239	-1420
11.4214339256	-1316
11.4218099117	-1420
11.4218428135	-1420
11.4218468666	-1264
11.4228198528	-1420
11.4228270054	-1420
11.4228549004	-1264
11.4233748913	-1420
11.4234080315	-1420
11.4234118462	-1264
11.4236249924	-1368
11.4237170219	-1420
11.4237449169	-1316
11.4238259792	-1420
11.4238538742	-1316
11.4243388176	-1368
11.4245300293	-1420
11.4245350361	-1316
11.4246590137	-1368
11.4252798557	-1420
11.4253079891	-1420
11.4253108501	-1264
11.426776886	543
11.4273810387	-1420
11.4273879528	-1420
11.4274170399	-1264
11.4277188778	-1420
11.4277498722	-1420
11.4277539253	-1264
11.4287679195	-1420
11.4287748337	-1420
11.4288039207	-1264
11.4296498299	543
11.4516508579	-1420
11.4516608715	-1316
11.4518408775	-1420
11.4518458843	-1316
11.451900959	-1368
11.4521019459	-1420
11.4521620274	-1420
11.4521658421	-1264
11.452352047	-1420
11.4523568153	-1316
11.45241189	-1368
11.452464819	543
11.4526560307	543
11.4529259205	-1420
11.4529328346	-1420
11.4529879093	-1264
11.453663826	-1420
11.4537248611	-1420
11.4537289143	-1264
11.4538559914	-1420
11.4538600445	-1316
11.453922987	-1368
11.4542880058	-1420
11.4543199539	-1316
11.454324007	-1368
11.4544258118	-1368
11.4547498226	-1420
11.454780817	-1420
11.4547848701	-1264
11.4548108578	-1368
11.454916954	543
11.455024004	-1368
11.4551789761	-1420
11.4552090168	-1420
11.4552128315	-1264
11.4554858208	-1420
11.4554920197	-1316
11.4556288719	-1420
11.455632925	-1316
11.4557378292	543
11.4580819607	-1420
11.4580898285	-1420
11.4581229687	-1264
11.4631910324	543
11.4652869701	-13
11.4725859165	543
11.4852249622	-1368
11.4869949818	-1420
11.4870629311	-1316
11.4870669842	-1368
11.4872469902	543
11.4873638153	-1420
11.4873688221	-1420
11.4874238968	-1264
11.4878339767	-1420
11.4878978729	-1420
11.487901926	-1264
11.487983942	-1420
11.4879879951	-1316
11.4880819321	-1368
11.4886679649	-1368
11.4889149666	543
11.4894378185	-1420
11.4894459248	-1316
11.4905810356	-1420
11.4905879498	-1420
11.4906158447	-1264
11.4926400185	-1420
11.4926688671	-1420
11.4926729202	-1264
11.4934859276	-1420
11.4934909344	-1420
11.493516922	-1264
11.4937109947	-1368
11.4940290451	-1420
11.4940338135	-1316
11.4946990013	-1420
11.4947040081	-1420
11.4947290421	-1264
11.4948589802	543
11.4952049255	-1420
11.4952118397	-1420
11.4952399731	-1264
11.4953699112	-1368
11.4954679012	-1420
11.495472908	-1316
11.4983308315	-1368
11.4991660118	-1368
11.4993379116	-1368
11.4996688366	-1420
11.4996979237	-1316
11.499961853	-1420
11.4999899864	-1420
11.4999928474	-1264
11.500936985	-1420
11.5009410381	-1316
11.5009708405	-1368
11.5020558834	-1420
11.5021100044	-1420
11.5021138191	-1264
11.502810955	543
11.502892971	-1420
11.5028958321	-1316
11.5029728413	-1368
11.5032758713	-1420
11.5033078194	-1316
11.5033810139	-1368
11.5035939217	-1420
11.5035998821	-1316
11.5036950111	-1368
11.5038609505	-1420
11.5038900375	-1420
11.5038938522	-1264
11.5040979385	-1420
11.504103899	-1316
11.504201889	-1368
11.5042760372	543
11.5043840408	-1420
11.5043888092	-1420
11.5044429302	-1264
11.5045828819	-1420
11.504611969	-1316
11.5047340393	-1368
11.5049099922	-1420
11.504914999	-1316
11.5049459934	-1368
11.510010004	-1078
11.5106508732	1057
11.5303418636	-1420
11.530356884	-1316
11.5311980247	543
11.5364480019	-1420
11.5364568233	-1420
11.5364928246	-1264
11.5366678238	543
11.5372769833	543
11.5376968384	-1420
11.5377039909	-1316
11.537820816	-1368
11.5379238129	-1420
11.537997961	-1420
11.5380020142	-1264
11.538269043	-1420
11.5382750034	-1316
11.5386648178	-1368
11.5386719704	-1420
11.5387039185	-1316
11.5387878418	-1368
11.5392448902	-1420
11.5392520428	-1420
11.5392808914	-1264
11.5397670269	-1420
11.5397999287	-1420
11.5398030281	-1264
11.5400419235	-1420
11.540047884	-1420
11.5400769711	-1264
11.5404028893	-1420
11.5404319763	-1316
11.5407009125	-1368
11.5409359932	-1420
11.5409429073	-1316
11.5411369801	-1420
11.5411429405	-1316
11.5412459373	-1420
11.5412499905	-1316
11.5550780296	-1132
11.5649828911	-1420
11.5650289059	-1316
11.5656328201	-1420
11.5656769276	-1316
11.5661058426	-1420
11.5661818981	-1420
11.5661859512	-1264
11.5662419796	-1420
11.5662460327	-1316
11.5662989616	-1368
11.5664148331	-1420
11.5664429665	-1316
11.5665459633	543
11.5670149326	-1420
11.5670280457	-1316
11.5672268867	-1420
11.5672309399	-1316
11.5673179626	-1368
11.5680940151	-1420
11.5681328773	-1316
11.5700998306	-1368
11.5732088089	543
11.5759630203	-1420
11.5759708881	-1420
11.5760688782	-1264
11.5760729313	-1368
11.576488018	543
11.5971028805	-1420
11.5971200466	-1316
11.5998909473	-1361
11.6027369499	-1420
11.6027998924	-1316
11.6028039455	-1368
11.6053109169	-1420
11.6053190231	-1420
11.6053760052	-1264
11.6081709862	-1420
11.608232975	-1420
11.6082370281	-1264
11.6093690395	-1420
11.609375	-1316
11.6099469662	-1368
11.6109819412	-1420
11.6110379696	-1420
11.6110420227	-1264
11.6125669479	-1368
11.6137428284	-1420
11.6138269901	-1420
11.6138310432	-1264
11.6138849258	-1368
11.613888979	-1368
11.6159858704	-1368
11.6160538197	-1368
11.6162319183	543
11.6175849438	-1420
11.6175999641	-1420
11.6176438332	-1264
11.6177330017	543
11.6190619469	-1420
11.619068861	-1316
11.6191058159	-1368
11.620882988	-1420
11.620923996	-1316
11.620926857	-1368
11.6226148605	-1420
11.6226198673	-1316
11.6226730347	-1368
11.6231658459	-1368
11.6234509945	-1420
11.6234579086	-1316
11.624380827	-1420
11.6243879795	-1316
11.6244428158	-1368
11.6258280277	-1420
11.6258900166	-1420
11.6258938313	-1264
11.6260240078	543
11.6265058517	-1420
11.6265118122	-1420
11.62657094	-1264
11.627601862	-1368
11.627879858	-1420
11.6278848648	-1420
11.6279129982	-1264
11.6288309097	-1420
11.6288599968	-1316
11.6288638115	-1368
11.6293828487	-1420
11.6293878555	-1316
11.6294150352	-1368
11.6298158169	-1420
11.6298439503	-1316
11.6304938793	-1420
11.6305990219	-1420
11.6306028366	-1264
11.6306810379	-1420
11.6306848526	-1316
11.6307740211	-1368
11.6310639381	-1420
11.6311228275	-1420
11.631125927	-1264
11.631264925	543
11.6315419674	-1420
11.631554842	-1316
11.6315839291	-1368
11.6316628456	543
11.6325399876	-1420
11.6325469017	-1316
11.6325769424	-1368
11.633920908	-1420
11.6339528561	-1316
11.6341679096	-1368
11.6353628635	-1420
11.6353700161	-1420
11.6354269981	-1264
11.6368379593	-1420
11.6368768215	-1316
11.6371028423	-1368
11.637871027	-1420
11.6378760338	-1420
11.6379818916	-1264
11.6379859447	-1420
11.6380589008	-1316
11.6380629539	-1368
11.638448	-1420
11.6384530067	-1420
11.6385090351	-1264
11.6388618946	-1420
11.6389210224	-1420
11.6389248371	-1264
11.6390588284	-1420
11.6390638351	-1316
11.6392269135	-1368
11.6392319202	-1420
11.639261961	-1316
11.6393139362	-1368
11.6394379139	-1420
11.6394429207	-1316
11.6394748688	-1368
11.6395449638	-1420
11.6395769119	-1420
11.639580965	-1264
11.6396729946	543
11.6397278309	-1368
11.6397309303	-1420
11.6397340298	-1420
11.6397349834	-1264
11.6398758888	-1420
11.6398789883	-1420
11.6398799419	-1264
11.6399250031	-1420
11.6399278641	-1316
11.6400399208	-1420
11.6400418282	-1420
11.6400439739	-1264
11.6403729916	-1420
11.640378952	-1316
11.6405038834	-1420
11.6405069828	-1420
11.6405079365	-1264
11.6406159401	-1368
11.6406190395	-1420
11.6406199932	-1316
11.6407020092	543
11.6407499313	-1368
11.6408448219	-1368
11.6409258842	543
11.6411888599	543
11.6444840431	-152
11.6461868286	-1368
11.6467888355	-1420
11.6467950344	-1420
11.6468310356	-1264
11.6475098133	-1420
11.6475419998	-1316
11.6475539207	-1420
11.6475789547	-1316
11.6476500034	-1420
11.6476778984	-1316
11.6479828358	-1420
11.6480128765	-1316
11.6480870247	-1368
11.6482479572	-1420
11.6482520103	-1316
11.6489260197	-1368
11.6489310265	-1420
11.6489579678	-1420
11.6489620209	-1264
11.6494009495	-1420
11.6494059563	-1420
11.6494319439	-1264
11.6497888565	-1420
11.6498439312	-1420
11.6498479843	-1264
11.6506669521	-1420
11.6506719589	-1420
11.6507430077	-1264
11.6508929729	543
11.6509430408	-1420
11.6509459019	-1420
11.6509468555	-1264
11.6511528492	543
11.651335001	-1420
11.6513388157	-1420
11.6513669491	-1264
11.6515579224	543
11.6518058777	543
11.6554679871	-1420
11.6554758549	-1420
11.6555039883	-1264
11.6559519768	-1368
11.6560299397	-1368
11.6575558186	-1420
11.6575880051	-1420
11.6575908661	-1264
11.6583499908	-1420
11.6583549976	-1420
11.6583819389	-1264
11.6591508389	-1420
11.659183979	-1316
11.6595299244	-1368
11.6597208977	543
11.6599969864	-1420
11.6600039005	-1420
11.6600329876	-1264
11.6601040363	543
11.6616170406	-1420
11.6616208553	-1420
11.6616768837	-1264
11.6624648571	-1420
11.6625258923	-1420
11.6625299454	-1264
11.6637809277	-1420
11.6637859344	-1420
11.6638410091	-1264
11.6641440392	-1420
11.6641750336	-1316
11.6642448902	-1368
11.6647348404	-1420
11.6647398472	-1420
11.6647658348	-1264
11.6658008099	-1368
11.6664059162	-1420
11.666410923	-1316
11.6669650078	-1420
11.6669709682	-1420
11.6669988632	-1264
11.6671068668	543
11.6677868366	-1420
11.6677918434	-1420
11.6678199768	-1264
11.689467907	-1078
11.6959879398	-1420
11.6960029602	-1316
11.6961419582	543
11.6964688301	-1420
11.6964828968	-1316
11.696625948	543
11.6972520351	-1420
11.6972680092	-1420
11.6973369122	-1264
11.6973409653	-1420
11.697398901	-1420
11.6974029541	-1264
11.6975128651	-1420
11.6975169182	-1420
11.6975719929	-1264
11.6980879307	-1420
11.6981618404	-1420
11.6981668472	-1264
11.6984558105	-1420
11.6984689236	-1316
11.698595047	-1368
11.6988999844	-1420
11.6989610195	-1420
11.6989648342	-1264
11.6991968155	-1420
11.6992018223	-1420
11.6992599964	-1264
11.699395895	-1420
11.6994259357	-1420
11.6994299889	-1264
11.7027769089	543
11.7045309544	-1420
11.7045378685	-1420
11.7046458721	-1264
11.7046499252	-1420
11.7047059536	-1420
11.7047100067	-1264
11.7184278965	-1420
11.7184369564	-1316
11.7185058594	-1368
11.718654871	543
11.7198250294	-1420
11.7198300362	-1316
11.7200219631	-1368
11.7202570438	-1420
11.7203178406	-1420
11.7203218937	-1264
11.7204389572	543
11.7207329273	-1420
11.720746994	-1316
11.7208809853	-1420
11.7208859921	-1316
11.7209210396	-1368
11.7213149071	-1368
11.7215240002	-1420
11.721529007	-1316
11.7219049931	-1420
11.7219109535	-1420
11.7219648361	-1264
11.7220439911	543
11.7237899303	-1420
11.7237980366	-1316
11.7238869667	-1368
11.7238910198	-1420
11.7239489555	-1420
11.7239530087	-1264
11.724036932	-1420
11.7240400314	-1420
11.7240948677	-1264
11.724189043	-1420
11.7242178917	-1316
11.7242219448	-1368
11.7242970467	-1420
11.7243008614	-1316
11.7244539261	-1420
11.7244589329	-1420
11.7245149612	-1264
11.7245178223	-1368
11.7343108654	-954
11.7344050407	543
11.7527480125	-1420
11.752756834	-1420
11.7527909279	-1264
11.7598929405	-1420
11.7599489689	-1316
11.7602059841	-1368
11.7603378296	543
11.7605748177	-1420
11.7605810165	-1316
11.7607228756	543
11.7608888149	-1420
11.7609009743	-1420
11.7609288692	-1264
11.7616260052	-1420
11.7616858482	-1420
11.7616899014	-1264
11.7618260384	-1420
11.761838913	-1316
11.7621319294	-1420
11.7621388435	-1316
11.7623310089	-1420
11.7623360157	-1420
11.7623889446	-1264
11.7627289295	-1420
11.7627859116	-1316
11.7627899647	-1368
11.7667758465	543
11.7704088688	543
11.7793660164	-1042
11.7953038216	1460
11.7953898907	1460
11.7954909801	707
11.8055019379	543
11.8058819771	543
11.8061909676	543
11.8270959854	-1420
11.8271119595	-151
11.8430509567	-1368
11.8432228565	-1420
11.8432710171	-1316
11.8506250381	543
11.8717370033	-1123
11.8743188381	543
11.9642188549	-543
11.9790890217	-1368
11.9925909042	-1420
11.9926109314	-1316
11.9941878319	1057
12.0090839863	-1152
12.0187978745	-1368
12.0363340378	-1368
12.0365638733	543
12.0541410446	-464
12.0990889072	-543
12.099364996	543
12.1243569851	-1368
12.1444308758	-746
12.1460950375	1460
12.1461999416	1460
12.146271944	1161
12.1472439766	603
12.211979866	-543
12.228525877	543
12.2991988659	-1420
12.2992169857	-1420
12.2992868423	-787
12.3000810146	-1368
12.3026189804	543
12.3040888309	543
12.3043208122	543
12.3045518398	543
12.3068540096	543
12.3437719345	-232
12.3885090351	-1420
12.3885228634	-1420
12.3885819912	-1264
12.394135952	-66
12.3942928314	543
12.3964219093	543
12.4006168842	543
12.4530789852	-543
12.4762949944	-543
12.4765679836	543
12.4798529148	-543
12.555629015	-543
12.6013538837	-1086
12.7124090195	-1420
12.7124290466	-151
12.741492033	-1368
12.7571909428	-1260
12.7585480213	1460
12.7586219311	111
12.9161119461	-543
12.9587268829	-1368
12.9751899242	-1368
12.9752089977	-1368
13.0035619736	-1268
13.0157248974	543
13.0311858654	543
13.0346050262	543
13.0511569977	543
13.0536389351	-1368
13.0609338284	-1289
13.0638079643	543
13.0703418255	-1368
13.10587883	-203
13.1260418892	-1368
13.1506400108	-746
13.1526689529	543
13.2383329868	-543
13.2385230064	543
13.2835450172	-543
13.2837219238	543
13.3077509403	1057
13.328868866	-543
13.3290698528	543
13.4140508175	-1057
13.4145109653	543
13.4922699928	-1420
13.4922878742	-1420
13.4923658371	-787
13.5025968552	-1420
13.5026578903	-1316
13.5057368279	543
13.5110049248	543
13.5370159149	-920
13.5911920071	-1420
13.5912129879	-151
13.5938999653	543
13.5957348347	543
13.6358819008	-543
13.6360609531	543
13.6389160156	-1368
13.6804249287	-1420
13.6804769039	-1316
13.6837890148	-580
13.6857068539	543
13.6873910427	543
13.704556942	-1420
13.704572916	-1420
13.704641819	-1264
13.7050018311	1460
13.7050628662	111
13.7308080196	-66
13.7309670448	543
13.7345860004	-1368
13.7756040096	-1289
13.7768919468	543
13.8564178944	-543
13.9143569469	-1420
13.914372921	-665
13.9447629452	-1368
13.9591069221	-1260
13.9606449604	1460
13.9607188702	1460
13.9608058929	193
14.0806279182	-1420
14.0806519985	-1316
14.080714941	-377
14.0807189941	-1420
14.0807540417	-1316
14.0865299702	-1420
14.0866129398	-1420
14.0866179466	-1264
14.0991859436	-1420
14.0991959572	-1420
14.0992529392	-1264
14.099506855	543
14.1256449223	-1023
14.1422660351	-1420
14.1423478127	-1316
14.1595418453	-1368
14.1597318649	-1368
14.1604249477	543
14.1609618664	543
14.1683719158	-1368
14.1860239506	-986
14.1882839203	543
14.2069699764	-1368
14.2070858479	-1368
14.2074608803	-1368
14.207531929	-1368
14.2077789307	-1368
14.2078809738	-1368
14.2080128193	-1420
14.2080190182	-1316
14.2082350254	-1368
14.2083768845	-1368
14.2085599899	-1368
14.2087628841	-1420
14.2087938786	-1316
14.2089319229	-1368
14.2090549469	-1420
14.209059	-1316
14.221889019	-1368
14.2221670151	-1420
14.2222340107	-1316
14.2223830223	-1420
14.222440958	-1316
14.222443819	-1368
14.2228829861	-1368
14.2230780125	-1420
14.2231488228	-1316
14.223541975	-1420
14.22356987	-1316
14.223762989	-1420
14.2237899303	-1316
14.224009037	-1420
14.2240629196	-1420
14.2240669727	-1264
14.2244839668	-1368
14.2245848179	-1368
14.224684	-1368
14.2248120308	-1420
14.2248659134	-1316
14.2251050472	-1420
14.2251648903	-1420
14.2251679897	-1264
14.2255699635	-1368
14.2256410122	-1368
14.2259440422	-1368
14.2260608673	-1368
14.226213932	-1368
14.2263698578	-1420
14.2263989449	-1420
14.226402998	-1264
14.2266418934	-1368
14.2267808914	-1420
14.2268099785	-1316
14.2268919945	543
14.2269909382	-1368
14.2271740437	543
14.2273719311	543
14.228096962	-1368
14.2293479443	-1420
14.2293789387	-1316
14.2294559479	543
14.2295598984	-1420
14.2295620441	-1316
14.2299349308	-1420
14.2299408913	-1420
14.2299678326	-1264
14.2300379276	-1420
14.2300658226	-1316
14.2301850319	-1420
14.2302110195	-1316
14.2304680347	-337
14.2311468124	-1420
14.2311518192	-1420
14.2312078476	-1264
14.231210947	-1368
14.2322349548	-1420
14.2322390079	-1420
14.2322669029	-1264
14.2322700024	-1368
14.2329699993	543
14.2334778309	-1368
14.2335410118	543
14.2336440086	-1368
14.2337260246	-1368
14.233757019	-1368
14.2339138985	-1420
14.2339458466	-1316
14.2340378761	-1368
14.2343218327	-1368
14.234459877	-1368
14.2347028255	-1368
14.234844923	-1368
14.2350318432	-1420
14.2350358963	-1316
14.2353868484	-1368
14.2359008789	-1368
14.23615098	-1420
14.2361550331	-1316
14.2364029884	-1368
14.2365779877	-1368
14.237033844	-1420
14.2370388508	-1420
14.2370638847	-1264
14.2370669842	-1420
14.237090826	-1316
14.2373058796	-1368
14.2375328541	-1420
14.2375369072	-1316
14.2376389503	-1420
14.2376430035	-1420
14.2376778126	-1264
14.2376818657	-1368
14.2378268242	-1368
14.237942934	-1368
14.2381210327	-1420
14.2381260395	-1316
14.2381880283	-1420
14.238191843	-1316
14.2382438183	-1420
14.2382478714	-1316
14.2387139797	-1368
14.2388968468	-1420
14.2389359474	-1316
14.2390758991	-1420
14.2391040325	-1420
14.2391068935	-1264
14.2392058372	-1368
14.2392988205	543
14.2393460274	-1368
14.2394490242	-1368
14.2396709919	543
14.2400870323	543
14.2415959835	-1420
14.2416028976	-1316
14.2419838905	-1420
14.241989851	-1420
14.2420170307	-1264
14.2422199249	-1420
14.242249012	-1316
14.2424669266	-1368
14.242828846	-1368
14.243530035	-1368
14.2436358929	-1368
14.24376297	-1420
14.2437899113	-1316
14.2441048622	-1368
14.2441868782	-1368
14.2458028793	-1368
14.2459769249	-1420
14.245980978	-1316
14.2461099625	-1420
14.2461149693	-1316
14.2463469505	-1368
14.2465398312	-1420
14.2465708256	-1420
14.246573925	-1264
14.2468459606	-1368
14.2471039295	-1420
14.2471368313	-1420
14.2471408844	-1264
14.2472250462	543
14.2473168373	-1368
14.2475190163	543
14.2494409084	-1368
14.2495038509	543
14.2501599789	-1368
14.2505688667	-1420
14.2505989075	-1316
14.2506949902	-1368
14.251046896	-1368
14.2513728142	-1368
14.2521820068	-1368
14.2525229454	-1368
14.2530319691	-1420
14.2530369759	-1420
14.2530648708	-1264
14.2530679703	-1368
14.2531938553	-1368
14.2532949448	-1368
14.2535009384	-1368
14.253693819	-1368
14.25395298	-1368
14.2540638447	-1420
14.2540929317	-1316
14.2541780472	-1368
14.2544689178	-1368
14.2556679249	543
14.256100893	-1368
14.2727818489	543
14.2758309841	-668
14.300691843	543
14.3475759029	-1057
14.3677129745	-1368
14.3678350449	-1368
14.368065834	-1368
14.368213892	-1420
14.3682188988	-1316
14.3682479858	-1368
14.3683159351	543
14.368366003	-1420
14.3683698177	-1316
14.3685128689	-1368
14.3686048985	-1368
14.3687038422	543
14.3692448139	-1368
14.36936903	-1368
14.3874640465	-1368
14.3923459053	-1039
14.4339318275	-1368
14.4370908737	-232
14.4405758381	543
14.6089630127	-543
14.6091849804	543
14.6542899609	-543
14.6605989933	543
14.6928169727	-1368
14.7058999538	-746
14.7171649933	-1368
14.7416958809	-1368
14.750346899	-406
14.7544858456	543
14.7607309818	543
14.7977879047	-1368
14.7993810177	-203
14.8296170235	-1368
14.8443419933	-1231
14.8469948769	543
14.8474779129	543
14.9178888798	-1420
14.9179129601	-1179
14.9194710255	543
15.0535759926	-543
15.0911250114	-1420
15.0912098885	-1420
15.0912179947	-1264
15.0914700031	-1420
15.0914738178	-1420
15.0915589333	-1264
15.0915629864	-1368
15.0916159153	-1420
15.0916190147	-1316
15.0918209553	-1420
15.0918259621	-1316
15.0919089317	-1420
15.0919139385	-1420
15.0919728279	-1264
15.0921528339	543
15.0922000408	-1368
15.0922980309	-1368
15.0925018787	-1368
15.0930588245	-1420
15.093118906	-1420
15.0931229591	-1264
15.0934019089	-1420
15.093408823	-1420
15.0934638977	-1264
15.0934679508	-1368
15.093611002	543
15.0956690311	-1368
15.0995190144	-1420
15.0995700359	-1316
15.0996329784	-1420
15.0996789932	-1316
15.0998530388	543
15.099905014	-1368
15.0999088287	-1420
15.0999100208	-1316
15.1003990173	-1420
15.1004319191	-1316
15.1056888103	-1420
15.1057598591	-1420
15.1057949066	-1264
15.1058518887	-1420
15.1058559418	-1316
15.1059348583	-1368
15.1060760021	-1368
15.1063199043	-1420
15.1063268185	-1316
15.1063799858	-1368
15.1065859795	-1420
15.1066160202	-1316
15.1067109108	-1420
15.1067438126	-1316
15.1067960262	-1368
15.1068968773	543
15.1072819233	-1420
15.1072878838	-1316
15.1074240208	-1368
15.1075189114	-1420
15.1075470448	-1316
15.1136379242	-1368
15.1136908531	-1368
15.1138010025	-1368
15.1139419079	-1420
15.1139469147	-1316
15.1140010357	-1368
15.1269659996	-1368
15.1271448135	543
15.1356890202	-524
15.1408309937	543
15.197042942	-1057
15.3410208225	1057
15.4296188354	-1057
15.4566469193	-543
15.4945209026	-1368
15.5138258934	-203
15.5176849365	-1420
15.5177309513	-1316
15.5177600384	-1368
15.5585558414	-66
15.5592830181	543
15.559828043	543
15.9982359409	-1420
15.9982569218	-151
16.0169348717	-1368
16.0428118706	-203
16.0859818459	-1368
16.0874438286	-1260
16.1739459038	-543
16.1741428375	543
16.3340229988	-543
16.3436198235	1057
16.3444609642	1460
16.3445210457	1460
16.3445880413	1161
16.3447339535	1460
16.3447890282	685
16.5643939972	-1057
16.629899025	-1368
16.6527268887	-1420
16.6527600288	-1316
16.6599419117	-95
16.661867857	543
17.095364809	-543
17.3432958126	1460
17.3433878422	625
17.3438329697	1057
17.3613729477	543
17.5021498203	-1420
17.5022339821	-1420
17.5022909641	-1420
17.5023448467	-1420
17.502396822	-1420
17.5024499893	-631
17.5195889473	-1420
17.5196418762	-1316
17.5197639465	-1368
17.5199680328	-1420
17.5200238228	-1420
17.5200748444	-1264
17.5202829838	-1420
17.5202870369	-1316
17.5203149319	543
17.5203640461	-1368
17.5205578804	-1368
17.5471098423	-1420
17.5471279621	-1316
17.5472040176	-1420
17.5472078323	-1420
17.5472619534	-1420
17.5472648144	-812
17.5918569565	-543
17.5922608376	543
17.6315128803	-1420
17.6315300465	-1316
17.6318440437	-1420
17.6318500042	-1420
17.6319060326	-1264
17.632019043	543
17.6374008656	-957
17.6422789097	-1420
17.6423358917	-1316
17.6424629688	-1368
17.6427090168	-1420
17.6427149773	-1316
17.6428799629	-1420
17.6428849697	-1420
17.6429538727	-1264
17.6429948807	-1368
17.6435909271	543
17.6495318413	-1420
17.6495509148	-1420
17.6495959759	-1264
17.6497709751	-1420
17.6498289108	-1420
17.6498320103	-1264
17.6502258778	-1420
17.6502308846	-1420
17.6502859592	-1264
17.6503968239	-1368
17.6712319851	543
17.6823220253	-1055
17.7187058926	-1368
17.7273650169	-746
17.8374710083	-1368
17.8374929428	-203
17.837569952	-1420
17.8375740051	-1316
17.8381938934	-1420
17.838201046	-1420
17.8382298946	-1264
17.8459458351	-1420
17.8459999561	-1420
17.8460059166	-1264
17.8476819992	-1368
17.848389864	-1420
17.8484249115	-1316
17.8487279415	-1368
17.8488409519	543
17.8491709232	-1368
17.8495750427	-1368
17.8496780396	543
17.8499279022	-1368
17.8505330086	-1368
17.8510148525	-1368
17.8514690399	-1420
17.8515000343	-1316
17.8518018723	-1368
17.852093935	-1368
17.8526549339	-1368
17.8530328274	-1368
17.8549079895	-1368
17.8551800251	-1368
17.8553068638	-1420
17.8553388119	-1316
17.855481863	-1368
17.855850935	-1368
17.8560419083	-1368
17.8564608097	-1368
17.8568518162	-1368
17.8574419022	-1420
17.8574478626	-1420
17.8574769497	-1264
17.8579330444	-1420
17.8579609394	-1316
17.858137846	-1368
17.8585398197	-1420
17.8585438728	-1316
17.8591079712	-1368
17.8592250347	543
17.8594398499	-1420
17.859443903	-1316
17.8598868847	-1368
17.8602919579	-1368
17.8608410358	-1368
17.8625400066	-1420
17.8626058102	-1316
17.8677809238	-1368
17.8686330318	-1368
17.8732709885	543
17.8812339306	543
17.8837380409	-1420
17.8837468624	-1420
17.883810997	-852
17.8839118481	543
17.9248359203	-1368
17.9312460423	-1260
17.9314968586	543
17.9349279404	543
18.0224280357	-543
18.0306808949	543
18.0436668396	1460
18.0437428951	111
18.2742819786	-1420
18.2743039131	-1420
18.2743480206	-273
18.2753248215	-1420
18.2753858566	-1420
18.2753908634	-1264
18.2755279541	543
18.2757139206	-1368
18.2758939266	-1368
18.275924921	-1368
18.2761859894	-1420
18.276214838	-1316
18.2764019966	-1368
18.2765989304	-1368
18.2768650055	-1420
18.2768969536	-1316
18.2771348953	-1420
18.2771658897	-1316
18.2773740292	-1420
18.2774019241	-1316
18.278195858	-1420
18.2782549858	-1420
18.2782590389	-1264
18.2783098221	-1368
18.3127088547	-1420
18.3128249645	-1316
18.3128299713	-1420
18.3128969669	-1316
18.3129010201	-1368
18.3129549026	-1368
18.3132410049	543
18.3132660389	-1368
18.3134338856	-1368
18.3135719299	-1368
18.3137159348	-1368
18.3138408661	-1420
18.3138458729	-1316
18.3139669895	-1420
18.3139719963	-1316
18.314237833	543
18.3142879009	-1368
18.3146100044	-1368
18.314909935	-1368
18.3162930012	-1420
18.3163259029	-1316
18.3170959949	-1368
18.3180999756	-1368
18.31879282	-410
18.3188939095	543
18.3208708763	-1368
18.3209989071	-1368
18.3212668896	-1368
18.3213999271	543
18.3460068703	1057
18.3464379311	1057
18.3627729416	-1368
18.3639228344	-298
18.3725838661	543
18.3763418198	543
18.4419288635	-1420
18.4420239925	-1420
18.4421489239	-1420
18.4421539307	-1420
18.4422068596	-1420
18.4422109127	-1420
18.4422619343	-1420
18.4422659874	-179
18.4423158169	-1420
18.44231987	-1316
18.4423780441	-1368
18.4423818588	-1420
18.4424858093	-1316
18.4428539276	-1420
18.4429118633	-1316
18.4429168701	-1420
18.4429759979	-1420
18.4429798126	-1264
18.4430320263	-1368
18.4450919628	-1420
18.4451768398	-1316
18.4451808929	-1368
18.4453270435	-1368
18.4455549717	-1420
18.4456288815	-1316
18.4456598759	-1368
18.4457139969	-1368
18.4465458393	543
18.4472439289	543
18.4476499557	543
18.4478130341	543
18.4519119263	-1368
18.4541659355	-1368
18.4832088947	-1420
18.4832270145	-1316
18.4856958389	-747
18.5335378647	543
18.5376338959	-1057
18.5433888435	543
18.5676510334	543
18.5680258274	-1368
18.5825068951	-203
18.5839059353	-1368
18.5870049	-1368
18.5896279812	-1420
18.5896339417	-1316
18.5917208195	-1368
18.5937209129	-1368
18.5954189301	-1420
18.5954289436	-1316
18.5966649055	-1368
18.5974948406	-1420
18.5975530148	-1316
18.5981378555	-1368
18.599105835	-1368
18.5994949341	-1368
18.6000568867	-1420
18.6000640392	-1316
18.6005868912	-1368
18.6006660461	543
18.6009058952	-1368
18.6013829708	-1368
18.6018140316	-1368
18.6022539139	-1368
18.6025869846	-1368
18.6028249264	-1420
18.6028528214	-1316
18.6033539772	-1368
18.6038060188	-1368
18.6044118404	-1368
18.6047790051	-1420
18.6047840118	-1316
18.6050980091	-1420
18.6051018238	-1316
18.605522871	-1368
18.6056439877	-1368
18.6062760353	-1368
18.606498003	-1368
18.6067588329	-1420
18.6067638397	-1316
18.6069819927	-1368
18.6069869995	-1368
18.6071360111	-1420
18.6071410179	-1316
18.6072340012	543
18.607282877	-1368
18.6074018478	543
18.6160650253	-1420
18.6160769463	-1316
18.6273519993	-476
18.6721868515	-1057
18.7572779655	-543
18.7575390339	543
18.8336808681	-1420
18.8337008953	-665
18.8352229595	543
18.9210309982	-1420
18.9210538864	-1420
18.9211089611	-787
18.9656448364	-543
18.9677009583	543
18.9679968357	543
18.9969718456	-1420
18.9969890118	-1316
19.0095469952	-1368
19.0126168728	-95
19.0145909786	543
19.0154209137	1460
19.0154929161	1460
19.0155489445	1161
19.0157089233	1117
19.0575368404	-543
19.2306058407	543
19.2307338715	543
19.2643969059	-543
19.3369379044	-1368
19.3511588573	-717
19.3519020081	543
19.352463007	543
19.3544869423	-1368
19.3552069664	-1368
19.3554508686	-1368
19.3557009697	-1368
19.3558518887	-1368
19.3560438156	-1368
19.3561999798	-1420
19.3562049866	-1420
19.3562829494	-1264
19.3562870026	-1368
19.3565518856	-1420
19.3565568924	-1420
19.3566119671	-1264
19.3566160202	-1368
19.3566968441	-1420
19.3567008972	-1316
19.3568220139	-1368
19.3568749428	-1368
19.356979847	-1368
19.3572099209	-1368
19.3578298092	-1368
19.3579509258	-1420
19.3579800129	-1420
19.3579828739	-1264
19.3584170341	-1368
19.3584220409	-1368
19.3587880135	-1368
19.3589918613	-1368
19.35916996	543
19.3593168259	-1368
19.3594019413	543
19.3598389626	-1420
19.359844923	-1316
19.3599720001	-1368
19.3620920181	-1368
19.3690929413	543
19.3752889633	543
19.3758838177	-1368
19.3760428429	-1368
19.3763558865	-1420
19.376363039	-1316
19.3764629364	543
19.3798129559	-1368
19.3799369335	-1420
19.3799688816	-1420
19.379971981	-1264
19.3801379204	-1368
19.3803808689	-1420
19.3804078102	-1316
19.3814129829	-1368
19.3824129105	-1368
19.3832569122	-1420
19.383289814	-1316
19.3843898773	-1368
19.3857798576	-1368
19.3867068291	-1368
19.3870568275	-1368
19.3876049519	-1368
19.3877599239	-1420
19.3877649307	-1316
19.3880410194	-1368
19.3882899284	-1368
19.3885538578	-1368
19.3890390396	-1368
19.3893089294	-1368
19.3896589279	-1368
19.3900208473	-1420
19.3900258541	-1316
19.3906419277	-1420
19.3906469345	-1316
19.3908798695	-1368
19.3909859657	-1368
19.3911628723	-1420
19.3911709785	-1316
19.3912520409	-1368
19.3912558556	-1368
19.3913879395	-1368
19.3915250301	543
19.3917109966	543
19.3956649303	-274
19.3969399929	-1420
19.3969779015	-1316
19.3975498676	-1420
19.3975818157	-1316
19.406234026	543
19.4154498577	-1420
19.4154639244	-1316
19.4417619705	-1131
19.4502279758	-1368
19.460819006	1460
19.460903883	111
19.4951138496	-203
19.4955408573	1460
19.4956119061	111
19.5187079906	1460
19.5188159943	111
19.5399639606	-543
19.5736730099	1460
19.5737769604	1460
19.5738358498	1161
19.5739328861	89
19.7066819668	-1057
19.7071609497	1460
19.707228899	111
19.7342970371	-1368
19.73447299	-1420
19.7345130444	-1316
19.7345168591	-1368
19.7352938652	543
19.7356648445	-1368
19.7358000278	-1368
19.7359440327	-1368
19.7360379696	-1368
19.7363209724	543
19.7363460064	-1368
19.736522913	543
19.7516598701	-1420
19.75167799	-1316
19.7533378601	-1368
19.7534418106	-1368
19.753633976	-1368
19.754087925	-1368
19.7549209595	-1368
19.7552449703	-1368
19.7558169365	-1420
19.755822897	-1316
19.7559609413	-1368
19.7564959526	-1368
19.7568190098	-1368
19.7570748329	-1368
19.7572050095	543
19.7575500011	-1368
19.7576959133	-1420
19.7577269077	-1316
19.7578449249	-1420
19.757901907	-1316
19.7580039501	-1368
19.7581000328	-1420
19.7581050396	-1316
19.7582368851	-1368
19.7583780289	-1269
19.7697939873	-1368
19.7698099613	-1420
19.7698528767	-1316
19.7699828148	-1368
19.770236969	-1368
19.7706539631	-1420
19.7706828117	-1316
19.7708439827	-1420
19.7709009647	-1316
19.7710888386	-1420
19.7711489201	-1316
19.7713270187	-1368
19.7740678787	-1420
19.7740750313	-1316
19.7743499279	-1420
19.7743549347	-1316
19.7746520042	-1368
19.7747969627	-1368
19.7749459743	543
19.775192976	543
19.7756049633	-1368
19.8048539162	-686
19.8135008812	-1368
19.8361258507	-1420
19.8361840248	-1316
19.8369488716	1460
19.8370118141	111
19.837553978	543
19.849604845	-124
19.8497889042	543
19.8753290176	-1420
19.8753449917	-1420
19.8753859997	-1264
19.8755919933	543
19.8757698536	543
19.8760209084	-1368
19.8761730194	-1420
19.8762369156	-1420
19.8762409687	-1264
19.8762948513	-1368
19.876324892	-1368
19.8764569759	-1420
19.8764610291	-1316
19.8796019554	-1368
19.8796849251	543
19.8800690174	-1368
19.8859398365	-1420
19.8859808445	-1316
19.8862149715	-1368
19.8885109425	-1420
19.888520956	-1420
19.8885538578	-1264
19.8901958466	-1420
19.8902208805	-1316
19.8909759521	-1368
19.8911719322	543
19.8913648129	-1368
19.893558979	-1368
19.893725872	-1368
19.8971610069	-1420
19.8971948624	-1316
19.8995509148	-1368
19.8996360302	-1420
19.8996419907	-1316
19.9008350372	-1368
19.9018549919	-1420
19.901911974	-1316
19.9105730057	543
19.9124109745	-1420
19.9124178886	-1316
19.913009882	-1420
19.9130170345	-1316
19.9137170315	-1368
19.9138150215	-1368
19.9142448902	-1368
19.9144630432	-1420
19.9144940376	-1316
19.9145758152	543
19.9152548313	-1368
19.9157910347	-1368
19.9160919189	-1368
19.9163198471	-1368
19.9168269634	-1368
19.9201028347	-1056
19.9225928783	-1368
19.9301898479	-1368
19.930243969	-1420
19.9302480221	-1316
19.9304838181	-1420
19.9304888248	-1316
19.9305288792	-1420
19.9305319786	-1420
19.9305679798	-1264
19.9307188988	-1420
19.9307470322	-1316
19.9311699867	-1368
19.9313619137	-1420
19.9313669205	-1316
19.9323208332	543
19.9359478951	-1368
19.9361128807	-1368
19.9370439053	-1368
19.9373300076	-1368
19.9474728107	-1420
19.9474828243	-1316
19.9484210014	-1420
19.9484260082	-1420
19.9484820366	-1264
19.9532790184	543
19.9537880421	-1368
19.9579219818	-1368
19.9579558372	-1368
19.9590508938	-1368
19.9590799809	-1368
19.9595170021	-1420
19.9595448971	-1316
19.9599018097	-1368
19.961181879	-1368
19.9636459351	-1368
19.9640629292	-1368
19.9646868706	-987
19.9649820328	-1368
19.9655199051	-1368
19.9658389091	543
19.9663939476	-1368
19.9677050114	-1368
19.9682409763	-1368
19.968832016	-1368
19.9694550037	-1420
19.9694619179	-1316
19.970156908	-1368
19.9710450172	-1368
19.9718968868	-1368
19.9723358154	-1368
19.9726338387	543
19.9728188515	-1368
19.9733140469	-1368
19.9740638733	-1368
19.9748539925	-1368
19.975689888	-1368
19.97605896	-1420
19.9760918617	-1316
19.976541996	-1368
19.977866888	-1368
19.9793720245	-1368
19.9795048237	543
19.9820840359	-1368
19.9838588238	-1368
19.9848508835	-1420
19.9848568439	-1420
19.9849119186	-1264
19.9849150181	-1368
19.9852409363	-1368
19.9896428585	-1368
19.9898219109	543
19.9996738434	-1420
19.9996848106	-1316
20.0069160461	-1420
20.0069279671	-1316
20.0069658756	-1420
20.0069699287	-1316
20.0071539879	543
20.0095698833	-481
20.0174109936	-1368
20.0180690289	-1368
20.0190088749	-1420
20.0190389156	-1316
20.0198299885	-1368
20.0205938816	-1368
20.0210750103	-1420
20.0211048126	-1316
20.0217490196	-1368
20.0218999386	-1368
20.02231884	-1368
20.0227358341	-1368
20.0228610039	-1368
20.0229718685	-1368
20.0231280327	-1368
20.0233099461	-1420
20.0233159065	-1316
20.0238699913	-1420
20.0238769054	-1420
20.0239329338	-1264
20.0239369869	-1368
20.0240750313	543
20.0242488384	-1368
20.0243718624	-1420
20.0244309902	-1420
20.0244350433	-1264
20.0247340202	-1420
20.0247409344	-1316
20.0248758793	-1368
20.0249218941	543
20.0257718563	-1420
20.0257790089	-1316
20.0308909416	-1420
20.0309050083	-1420
20.0309669971	-1264
20.0316729546	-1368
20.0613498688	-589
20.0667099953	-1368
20.0682718754	-1368
20.0686249733	-1368
20.0688209534	543
20.0690119267	-1420
20.0690159798	-1420
20.0690720081	-1264
20.0693199635	-1420
20.0693488121	-1316
20.0696148872	-1368
20.0697529316	-1420
20.0697569847	-1316
20.0698368549	-1368
20.077922821	-1420
20.0779829025	-1420
20.0779879093	-1264
20.1062579155	-873
20.124119997	-1420
20.1242070198	-1420
20.1242129803	-1264
20.1254048347	543
20.1512520313	-66
20.1961739063	-543
20.1964290142	543
20.2243628502	543
20.2307999134	1460
20.2308859825	111
20.2549729347	-543
20.255163908	543
20.3350028992	-543
20.3352098465	543
20.3870089054	-1420
20.3870270252	-1420
20.3870949745	-1264
20.4171569347	-1420
20.4172108173	-1420
20.4172158241	-1264
20.4317748547	-1189
20.4343299866	543
20.4348738194	-1420
20.4348809719	-1420
20.4349398613	-1264
20.4424989223	543
20.4454360008	543
20.478869915	-1368
20.4790639877	-1420
20.47910285	-1420
20.4791078568	-86
20.4792668819	543
20.4794359207	543
20.4795908928	543
20.4816608429	543
20.4820129871	543
20.5067059994	-1420
20.5067238808	-1420
20.5067918301	-1264
20.5092458725	543
20.5177838802	-1368
20.5239069462	-269
20.5429778099	-1368
20.5627379417	-1368
20.5689208508	-406
20.6310708523	-1368
20.6532068253	-1260
20.6555018425	543
20.6881790161	543
20.709897995	-1420
20.7099149227	-1420
20.7099869251	-1420
20.7099909782	-47
20.7100558281	-1368
20.7115008831	543
20.7468340397	-1420
20.7468519211	-1420
20.7468948364	-1264
20.7489500046	543
20.7538769245	543
20.7544720173	-675
20.7605168819	543
20.7622640133	543
20.8811638355	-543
20.8858480453	-1368
20.8960578442	-1420
20.8960778713	-1316
20.9305820465	-66
20.9435310364	543
20.9438898563	543
20.9795019627	-1368
20.9839408398	-1368
20.9885299206	-493
21.0663850307	-543
21.1601028442	-1420
21.1601219177	-209
21.170609951	543
21.1708478928	543
21.2410650253	543
21.2416529655	1460
21.2417318821	625
21.261068821	-543
21.2614958286	-1368
21.2621889114	-1368
21.262390852	-1368
21.2627339363	-1368
21.2633419037	-1368
21.3060228825	-1015
21.313215971	-1420
21.313256979	-1316
21.3480570316	-1420
21.3481168747	-1316
21.3508479595	-754
21.3519318104	1057
21.4252710342	-1057
21.4260149002	543
21.4265990257	543
21.4710969925	-543
21.5069270134	-543
21.5158839226	-1057
21.5169069767	543
21.5620470047	-1057
21.5625460148	543
21.5937149525	-1420
21.5937328339	-1420
21.5938138962	-1264
21.5939378738	543
21.595209837	-1368
21.5963928699	-1368
21.5974178314	543
21.5978329182	-1368
21.5992498398	-1368
21.6003270149	-1368
21.6011309624	-1368
21.6013438702	-1420
21.601348877	-1316
21.6027839184	543
21.6029808521	-1368
21.6038439274	-1368
21.6045060158	-1368
21.6054060459	-1368
21.6059930325	-1368
21.6076059341	-1134
21.7021889687	-1057
21.7871420383	-543
21.7873499393	543
21.8755509853	-1057
21.8759708405	-1420
21.8760099411	-1316
21.8761639595	-1420
21.8761940002	-1316
21.8767008781	-1368
21.8767318726	-1420
21.8767359257	-1316
21.8786809444	-1420
21.8786888123	-1420
21.8787958622	-1264
21.8787999153	-1368
21.8788590431	-1420
21.8788638115	-1316
21.8789148331	-1368
21.8790748119	-1368
21.8791480064	543
21.8793480396	-1420
21.8793518543	-1316
21.8798489571	-1368
21.8801410198	-1368
21.8804318905	-1368
21.8806538582	-1368
21.8808019161	-1368
21.8857519627	543
21.8882570267	543
21.8972868919	-1420
21.8973019123	-1316
21.9003019333	-1368
21.9208810329	-1274
21.9271099567	543
22.0286798477	-1057
22.1535220146	-543
22.2258088589	-1057
22.2263479233	543
22.2381129265	543
22.2382779121	543
22.270731926	-1057
22.2714629173	543
22.272012949	543
22.3552060127	-1057
22.3740549088	-1368
22.3953440189	-543
22.4188690186	-1260
22.4536859989	-1368
22.4607770443	1460
22.4608478546	111
22.4635798931	-1260
22.4723238945	543
22.7234690189	-543
22.7239539623	543
22.7720909119	-1420
22.772110939	-151
22.7722568512	-1368
22.8080358505	-1368
22.8167040348	-406
22.8196430206	-1368
22.8392958641	-1420
22.8393139839	-1420
22.8393549919	-1264
22.8396258354	-1420
22.8396558762	-1316
22.8397128582	543
22.8397688866	-1368
22.8398389816	-1368
22.8400509357	-1368
22.8402068615	-1368
22.8404438496	-1420
22.84044981	-1316
22.8405418396	-1420
22.8405458927	-1316
22.8407769203	-1420
22.8407819271	-1316
22.8409049511	-1420
22.8409099579	-1316
22.8410348892	-1420
22.841039896	-1316
22.841105938	-1368
22.8411970139	-1368
22.8413178921	-1368
22.8414468765	543
22.8414988518	-1368
22.8415708542	543
22.8416688442	-1368
22.8418738842	-1368
22.8644878864	-51
22.8737738132	-1368
22.9079818726	-1368
22.9184470177	-949
22.9504959583	-543
23.0101790428	-543
23.0103619099	543
23.0174629688	-543
23.085103035	-543
23.1345129013	-1368
23.134529829	-1368
23.1365959644	-1420
23.1366028786	-1316
23.170208931	-812
23.1734478474	-1368
23.2149589062	-203
23.2598369122	-1057
23.304651022	-543
23.3225889206	543
23.4207470417	543
23.4534058571	543
23.5192909241	-1420
23.5193099976	-151
23.5869019032	-1420
23.5869350433	-151
23.6318249702	-1057
23.6374659538	543
23.6695699692	1460
23.6697678566	625
24.0170459747	-1057
24.1279840469	-543
24.128278017	543
24.1727240086	-543
24.2283558846	543
24.3609819412	1057
24.5808029175	-543
24.5980830193	-1420
24.5981349945	-151
24.5982730389	-1368
24.6427519321	-203
24.6869428158	-1368
24.687265873	-203
24.7101340294	-543
24.9700880051	-543
24.9722750187	543
25.2286570072	543
25.2288239002	543
25.3615128994	1057
25.5727889538	-543
25.573554039	543
25.6522228718	-543
26.0787580013	-1420
26.07878685	-151
26.0810799599	-1368
26.1231889725	-203
26.1278259754	-1368
26.1671488285	-1368
26.1679759026	-920
26.2307419777	543
26.2308490276	543
26.6415059566	-543
27.3630340099	1057
27.3638398647	1057
27.4616370201	-543
27.5168888569	-543
