0	-543
1.40110206604	565
1.48543596268	-543
1.92757606506	-543
4.09353518486	543
4.11676001549	543
4.38278198242	-543
4.75436306	-543
4.76557707787	543
6.14655613899	-1420
6.14657402039	-1420
6.14663004875	-787
6.18344306946	543
6.1991891861	-1420
6.19919419289	-1420
6.1992430687	-787
6.20350217819	543
6.22422719002	-543
6.26324605942	543
6.26349711418	543
6.29045915604	-1420
6.29047703743	-1420
6.29053211212	-273
6.55169010162	-543
6.5735771656	-1420
6.5736451149	-1420
6.57368612289	-1264
6.57554912567	1460
6.57560610771	111
6.5785741806	-66
6.59466695786	-1420
6.59472608566	-1420
6.59473013878	-1264
6.62365198135	-66
6.63092017174	-1368
6.63126301765	-1368
6.63126802444	-1368
6.65841317177	-66
6.71332097054	-1420
6.7134001255	-1420
6.71346616745	-1420
6.71350216866	-1212
6.71353816986	-1420
6.71358108521	-1420
6.71358418465	-1264
6.71361899376	-1368
6.72265195847	-1023
6.7228269577	543
6.73437809944	-1420
6.73440504074	-1420
6.7344660759	-1264
6.74821996689	-580
6.7657160759	-1420
6.76573300362	-1420
6.76578903198	-1264
6.79083108902	-66
6.85620808601	-1420
6.8562271595	-1420
6.85627317429	-787
6.85656404495	-1420
6.85664701462	-1420
6.85665011406	-1420
6.85668897629	-1212
6.85669112206	-1420
6.85672497749	-1316
6.85704803467	-1420
6.85708904266	-1420
6.85709214211	-1264
6.87752819061	-1420
6.87754607201	-1420
6.87760210037	-1264
6.8776049614	-1420
6.87763905525	-1316
6.87783503532	543
6.88137102127	-1420
6.88137698174	-278
6.90977716446	-1420
6.90979409218	-1420
6.90987014771	-1241
6.93470716476	-89
6.99998903275	-1420
7.00000596046	-1420
7.00006103516	-1420
7.0000641346	-1420
7.00009918213	-1137
7.00021409988	-1420
7.00025200844	-1316
7.00025415421	-1368
7.0005941391	-1420
7.00059819221	-1420
7.00064396858	-1264
7.00064706802	-1420
7.00073003769	-1316
7.00081300735	-1420
7.00084900856	-1316
7.00096106529	543
7.00114202499	543
7.0209300518	-1420
7.02094602585	-1420
7.02099919319	-1264
7.02109599113	-1420
7.02112603188	-1316
7.02119207382	-1368
7.02505898476	-485
7.05318307877	-1420
7.05325102806	-1316
7.05325603485	-1345
7.11752796173	-89
7.14359807968	-1420
7.14368200302	-1420
7.14368700981	-1241
7.14373111725	-1420
7.1437330246	-1420
7.14377403259	-1264
7.14389610291	-1420
7.14394307137	-1420
7.14394497871	-1264
7.14400815964	-1420
7.14401006699	-1420
7.14404296875	-1264
7.14404606819	-1368
7.14409017563	-1420
7.14413809776	-1316
7.1442861557	543
7.16463112831	-1420
7.16464805603	-1420
7.16470098495	-1420
7.16470313072	-1420
7.16474819183	-1420
7.16475009918	-1108
7.1648170948	-1420
7.16482019424	-1316
7.16510510445	543
7.16515111923	-1368
7.16901898384	-551
7.16912913322	543
7.21358799934	-543
7.28720402718	-1420
7.28724002838	-1420
7.28731298447	-1420
7.28731703758	-1420
7.28736710548	-1420
7.28736996651	-1420
7.28741312027	-1033
7.28741598129	-1420
7.28745508194	-1420
7.28746700287	-1264
7.28750801086	-1420
7.28751111031	-1420
7.28754496574	-1264
7.28754711151	-1420
7.28758597374	-1316
7.30839300156	-1420
7.30851006508	-1420
7.30851411819	-1420
7.30854916573	-1420
7.30855202675	-1160
7.30858397484	-1420
7.30858707428	-1420
7.30861902237	-1420
7.30862116814	-1212
7.30865502357	-1420
7.30865716934	-1316
7.30868911743	-1368
7.30884003639	543
7.30891513824	-1420
7.30891704559	-1420
7.30896496773	-1420
7.30896615982	-1420
7.30896711349	-1160
7.30896902084	-1420
7.30896997452	-1420
7.30897116661	-1264
7.3093149662	543
7.31286096573	-1420
7.31287908554	-763
7.45166707039	-1420
7.45168614388	-1420
7.45173716545	-273
7.45187997818	543
7.45225811005	1460
7.45233416557	1460
7.45237898827	1161
7.45249199867	89
7.51334905624	543
7.53698515892	1057
7.75636005402	-1420
7.75637817383	-1420
7.75641417503	-787
7.76623702049	-1368
7.77307510376	-1420
7.77309918404	-1420
7.77314209938	-1264
7.78227210045	-240
7.80916619301	-1420
7.80918216705	-1420
7.80923604965	-1264
7.81893205643	-1420
7.81898713112	-1420
7.81898999214	-1264
7.81913995743	543
7.834608078	-1160
7.86218118668	-1420
7.86227917671	-1420
7.86228299141	-1420
7.86231899261	-1212
7.86232209206	-1420
7.86235618591	-1420
7.86235904694	-1264
7.8623611927	-1420
7.86236214638	-1316
7.86255812645	-1368
7.88155198097	-1368
7.88725209236	-546
7.89957809448	-1420
7.89965105057	-1420
7.89965510368	-1420
7.89969801903	-1212
7.89970111847	-1368
7.91578316689	-1368
7.9159309864	543
7.91630196571	-1420
7.9163069725	-1420
7.91640210152	-1264
7.91640400887	-1420
7.91644310951	-1316
7.92465496063	-1031
7.95290398598	-1420
7.95292901993	-1420
7.95299601555	-1264
7.95317697525	543
7.97799801826	-66
7.99278402328	-1420
7.99285817146	-1316
8.01772618294	-377
8.01791596413	543
8.04000616074	1057
8.04335308075	-543
8.21286797523	-1420
8.21288609505	-1420
8.21295404434	-787
8.21519613266	543
8.21870803833	543
8.22871899605	543
8.50176596642	-543
8.55498814583	-1420
8.55504918098	-1420
8.55509614944	-1264
8.5712120533	-66
8.60797119141	-1057
8.61812496185	543
8.62000513077	543
8.62500715256	543
8.69876503944	-543
8.89470815659	-1057
8.89656710625	543
9.03790307045	-543
9.18203997612	-543
9.35894417763	-1057
9.36004114151	543
9.38411617279	-1057
9.39133310318	543
9.50640201569	543
9.52469301224	1057
9.64185500145	-1420
9.64187312126	-1420
9.64193797112	-787
9.69656205177	-1420
9.69661998749	-1420
9.69666409492	-787
9.69695997238	-1420
9.69700908661	-1420
9.69704413414	-1264
9.72177410126	-609
9.78551602364	-1420
9.78557515144	-1316
9.78843998909	-377
9.91113400459	1057
9.91135215759	1460
9.91144108772	625
9.95480108261	-1057
9.97994399071	-543
10.0077161789	1460
10.0078060627	625
10.1231441498	1057
10.158821106	543
10.1590981483	-1420
10.1591050625	-1420
10.1591570377	-1420
10.1591601372	-1420
10.1591939926	-1420
10.1591961384	-631
10.1640930176	1460
10.1641709805	111
10.1684660912	1057
10.1713740826	1057
10.184636116	-66
10.2120690346	-1420
10.2121260166	-1420
10.2121310234	-1264
10.2123661041	-1420
10.2123689651	-1316
10.2125749588	-1368
10.2135281563	-1420
10.2135331631	-1316
10.2153191566	-1420
10.2153379917	-146
10.21570611	543
10.215870142	543
10.278208971	-1420
10.2782270908	-1420
10.2783741951	-1420
10.2783770561	-387
10.2784230709	-1420
10.2784261703	-1316
10.2784891129	-1368
10.2790701389	-1420
10.279073	-1420
10.279074192	-1264
10.3026840687	-1420
10.3026990891	-1420
10.3027629852	-1264
10.3032109737	-264
10.3314511776	-1368
10.3314671516	-1420
10.3315210342	-1420
10.33152318	-1420
10.3315470219	-1212
10.3315491676	-1368
10.3317751884	543
10.3559730053	-1420
10.3559851646	-1420
10.3560421467	-1420
10.3560450077	-1420
10.3560800552	-1160
10.3565921783	-1089
10.4215841293	-1420
10.421651125	-1420
10.4217059612	-1420
10.4217100143	-1420
10.4217760563	-1160
10.4217791557	-1420
10.4218151569	-51
10.4218170643	-1420
10.4218189716	-1316
10.4218201637	-1368
10.4218211174	-1420
10.4218220711	-1316
10.4219050407	-1420
10.4219081402	-1420
10.4219090939	-1420
10.4219110012	-1212
10.4332070351	543
10.4462590218	-1420
10.4462649822	-1316
10.4466760159	-1420
10.446680069	-1420
10.4467749596	-1264
10.446778059	-1420
10.4468121529	-1420
10.4468140602	-1420
10.4468159676	-1420
10.4468171597	-188
10.4530200958	543
10.5001990795	-1420
10.5002150536	-1420
10.5002970695	-1420
10.5003011227	-1189
10.5003659725	-1420
10.500369072	-1420
10.5004861355	-1264
10.5004889965	-1420
10.5004990101	-1316
10.5005011559	-1368
10.5005021095	-1420
10.5005030632	-1316
10.5005040169	-1420
10.5005049706	-1316
10.5056700706	543
10.520401001	1057
10.5206580162	1057
10.5252711773	-1207
10.5659360886	-1420
10.5659630299	-1420
10.5660731792	-953
10.5660760403	-1368
10.5661120415	-1420
10.5661270618	-1420
10.5661621094	-1264
10.5661640167	-1420
10.5661661625	-1420
10.5661671162	-1264
10.5662620068	-1420
10.5662651062	-1316
10.5898201466	-1368
10.5899710655	1057
10.5901281834	-1420
10.5901331902	-1316
10.5901939869	-1368
10.5902371407	-1420
10.5902681351	-1420
10.5902709961	-1264
10.5903930664	-1420
10.5904130936	-1316
10.5911240578	-1287
10.6433839798	-1368
10.643419981	-1420
10.6434781551	-1420
10.6434819698	-1420
10.6435060501	-1212
10.6435091496	-1368
10.6438031197	-1420
10.6438081264	-1420
10.6439020634	-1264
10.6439170837	-1420
10.6439549923	-1420
10.6439580917	-1264
10.6440219879	-1368
10.6440250874	-1420
10.644026041	-1316
10.6441819668	543
10.6449511051	543
10.6451740265	543
10.6553030014	-330
10.6850631237	543
10.7095479965	-1420
10.70956707	-1420
10.7096171379	-1420
10.7096199989	-1420
10.7096481323	-1420
10.7096509933	-1108
10.7096681595	-1368
10.7121040821	-1420
10.71215415	-1316
10.7310061455	-198
10.7344911098	-1420
10.7345080376	-1420
10.7345559597	-1420
10.7345590591	-1420
10.7345740795	-1420
10.734577179	-1420
10.7345910072	-1420
10.7345941067	-1420
10.7345969677	-1420
10.7345991135	-1420
10.7346000671	-1420
10.7346010208	-796
10.7432231903	543
10.7434229851	543
10.7611341476	-264
10.7906811237	-1420
10.7908170223	-1420
10.7908220291	-1420
10.7908780575	-1212
10.7908811569	-1420
10.7909281254	-1316
10.7909309864	-1420
10.790995121	-1420
10.7909970284	-1264
10.7910320759	-1420
10.7910351753	-1420
10.791036129	-1264
10.7910370827	-1420
10.79103899	-1420
10.7910401821	-1264
10.7913320065	543
10.8190631866	-330
10.8571519852	-543
10.8572561741	-1420
10.8573040962	-1420
10.8573081493	-1264
10.8573961258	-1420
10.8573980331	-1420
10.857448101	-1264
10.8574509621	-1368
10.8574521542	-1368
10.8937301636	-1420
10.8937461376	-1420
10.8938159943	-1264
10.8938190937	-1420
10.8938531876	-1316
10.8938560486	-1420
10.8938779831	-1420
10.8938801289	-1264
10.8941011429	-1420
10.8941049576	-1316
10.8941061497	-1368
10.894244194	-1420
10.8942480087	-1235
10.8944160938	543
10.8945560455	543
10.9401910305	-1368
10.9402120113	-1368
10.9403510094	-1345
10.9405369759	-1368
10.9407839775	-1420
10.940787077	-1316
10.9409990311	-1368
10.9411971569	-1368
10.9414281845	-1368
10.9416329861	-1368
10.9418091774	-1368
10.9420471191	-1420
10.9420499802	-1420
10.9420511723	-1264
10.942152977	-1368
10.9442110062	543
10.9824609756	-353
10.9970619678	-1420
10.9971711636	-1420
10.9971749783	-1264
10.9972121716	-1420
10.9972140789	-1420
10.9972569942	-1264
10.99725914	-1420
10.9972920418	-1316
10.9972951412	-1368
10.9977591038	1460
10.9978179932	625
11.0044600964	543
11.0074350834	-198
11.0076100826	543
11.0218100548	-1420
11.021818161	-1316
11.021957159	-1420
11.0219621658	-1316
11.0219891071	-1368
11.0220730305	-1420
11.0221121311	-1420
11.0221140385	-1420
11.0221691132	-1212
11.0221710205	-1420
11.0221719742	-1420
11.0221741199	-1264
11.0223670006	543
11.0523910522	-264
11.0860581398	-1420
11.086160183	-1420
11.0861651897	-1420
11.0862100124	-1420
11.0862121582	-1160
11.0862469673	-1420
11.0862500668	-1420
11.0863101482	-1264
11.0863130093	-1368
11.0863139629	-1368
11.0863161087	-1368
11.0863711834	-1420
11.0863730907	-1420
11.0863749981	-1264
11.086534977	-1420
11.0865380764	-278
11.0867011547	543
11.1168501377	543
11.1171190739	543
11.1231269836	543
11.1234440804	543
11.1237261295	543
11.1239461899	543
11.144518137	-1420
11.1445300579	-1420
11.1446380615	-1420
11.144641161	-387
11.1446921825	-1368
11.1446950436	-1420
11.144739151	-1420
11.144742012	-1264
11.1447429657	-1368
11.1449580193	543
11.1729640961	-1420
11.1730151176	-1420
11.1731021404	-1420
11.1731050014	-1420
11.1731600761	-1420
11.1731631756	-1420
11.1732389927	-1056
11.1732411385	-1420
11.1732420921	-1420
11.1732430458	-1264
11.1732439995	-1368
11.1732451916	-1368
11.1732461452	-1287
11.1833531857	543
11.2229771614	-1420
11.22301507	-1420
11.2231080532	-1420
11.2231121063	-1420
11.2231860161	-1420
11.2231891155	-1420
11.2232501507	-1033
11.2232530117	-1420
11.2232539654	-1316
11.2232561111	-1368
11.2232570648	-1420
11.2232580185	-1316
11.2232589722	-1420
11.2232601643	-1420
11.2232620716	-1264
11.2235100269	543
11.2481570244	-353
11.2842891216	-543
11.284610033	-1420
11.2846150398	-1420
11.2847089767	-1420
11.2847120762	-1212
11.2847471237	-1420
11.2847490311	-1420
11.2847821712	-1420
11.2847840786	-1212
11.3090920448	-1420
11.3091061115	-1420
11.3091590405	-1264
11.3091621399	-1368
11.3094220161	-1420
11.3094251156	-1316
11.3096621037	-1155
11.3130440712	543
11.3319339752	1057
11.3325920105	543
11.3355381489	-1420
11.3355431557	-1420
11.3355841637	-1264
11.3363351822	-1420
11.3363690376	-1316
11.3384230137	-501
11.3403191566	543
11.3750760555	-1057
11.3850109577	543
11.3931081295	1057
11.4243621826	-1368
11.4244880676	-1420
11.4245409966	-839
11.4360601902	543
11.4497051239	-1057
11.4657511711	543
11.4663200378	543
11.466588974	543
11.4668571949	543
11.4752020836	-543
11.5506031513	543
11.5508191586	543
11.6053900719	-543
11.6054701805	-1420
11.6055150032	-1316
11.6055850983	-1368
11.606041193	-1420
11.6060450077	-1420
11.6060800552	-1264
11.6161091328	543
11.6303350925	-132
11.6359131336	-1420
11.6359400749	-1316
11.6360440254	-1368
11.6457710266	-1368
11.6549971104	543
11.6554591656	-783
11.6558001041	543
11.65604496	543
11.6563551426	543
11.6565871239	543
11.6574611664	543
11.6576390266	543
11.6578040123	543
11.6593260765	-1420
11.6593310833	-1316
11.6793541908	-1420
11.6793630123	-1316
11.6796879768	-1420
11.6796929836	-1316
11.6799650192	-1368
11.6802811623	-1420
11.6803240776	-1420
11.680327177	-1264
11.6806390285	-886
11.6856560707	543
11.6862339973	543
11.6864640713	543
11.6879050732	-1420
11.68791008	-1420
11.6879501343	-1264
11.6885111332	-1420
11.6885471344	-1420
11.6885490417	-1420
11.6885659695	-1212
11.6886451244	-1420
11.688683033	-1316
11.6887581348	543
11.703359127	543
11.7036559582	543
11.7039489746	543
11.7041730881	543
11.7074949741	-198
11.748871088	-1420
11.7488920689	-1420
11.7489480972	-787
11.7489509583	-1420
11.7490391731	-1420
11.7490420341	-1264
11.7491121292	-1420
11.7491149902	-1316
11.7491161823	-1420
11.7491180897	-1420
11.7491190434	-1264
11.7529661655	-1368
11.7530770302	543
11.7740659714	-198
11.7906610966	-1420
11.7907350063	-1420
11.7907390594	-1264
11.7907831669	-1420
11.7907850742	-1420
11.7908191681	-1264
11.7908740044	-1368
11.7910289764	-1420
11.7910320759	-1316
11.7911360264	-1368
11.7912349701	543
11.7912809849	-1420
11.7912831306	-1316
11.8157331944	-264
11.8237490654	-1420
11.8238129616	-1420
11.8238170147	-1264
11.8240721226	-1420
11.8240771294	-1420
11.8241710663	-1264
11.8241741657	-1420
11.8242089748	-1420
11.8242120743	-1264
11.8243019581	-1420
11.8243050575	-1316
11.8244199753	-1420
11.8244240284	-1316
11.8245480061	-1420
11.8245511055	-1316
11.8333160877	543
11.84902215	-330
11.8927719593	-1420
11.8928570747	-1420
11.8928611279	-1420
11.8929150105	-1212
11.8929171562	-1420
11.8929581642	-1420
11.8929600716	-1420
11.8930001259	-1212
11.8930020332	-1368
11.8932640553	543
11.913531065	-198
11.9348011017	-1420
11.9348611832	-1420
11.93486619	-1264
11.9348940849	-1420
11.9348971844	-1420
11.9349219799	-1264
11.9349241257	-1420
11.9349410534	-1316
11.9349441528	-1420
11.9349451065	-1316
11.9349460602	-1420
11.9349470139	-1316
11.9582960606	-264
11.9584410191	543
11.9683551788	-1420
11.9684140682	-1420
11.9684631824	-1264
11.9684660435	-1368
11.9685001373	-1420
11.9685029984	-1316
11.9689741135	-1420
11.9689791203	-1420
11.9690179825	-1264
11.9692921638	543
11.9719390869	-1368
11.9843010902	-944
11.9892501831	-1368
11.9990921021	-1368
12.0094921589	-435
12.02602005	-1368
12.0512189865	-1289
12.0524430275	-1420
12.0524740219	-1316
12.0771970749	-1420
12.0772709846	-1420
12.0772759914	-1264
12.0773940086	-414
12.0856599808	543
12.0858881474	-1368
12.0995640755	-1420
12.0996119976	-1316
12.1118431091	-1152
12.1248781681	-1420
12.1248841286	-1420
12.1249251366	-1420
12.1249279976	-1212
12.150165081	-1326
12.1746799946	543
12.1837120056	-1420
12.1837310791	-1316
12.184262991	1460
12.1843240261	625
12.2004220486	-377
12.2178471088	543
12.2223370075	-1368
12.2257721424	-203
12.2488970757	-1420
12.248912096	-1316
12.2509541512	-891
12.2655169964	543
12.2697851658	543
12.2728641033	543
12.2736961842	543
12.2739551067	543
12.274228096	543
12.2744719982	543
12.2747340202	543
12.2749781609	543
12.2785480022	543
12.2788550854	543
12.2791371346	543
12.2793300152	543
12.2880761623	543
12.2882871628	543
12.2909340858	-1057
12.2993910313	543
12.2996909618	543
12.3221039772	-1420
12.3221170902	-1420
12.3221771717	-787
12.3659641743	-1420
12.3659801483	-1420
12.3660261631	-273
12.5030930042	-1057
12.5532250404	-1420
12.5532410145	-1420
12.5533051491	-1420
12.5533080101	-1420
12.5533511639	-1420
12.5533540249	-1108
12.5558300018	-1420
12.5558459759	-1420
12.5558931828	-1264
12.5562729836	-1368
12.5676720142	-430
12.5684700012	-1420
12.568513155	-1420
12.568516016	-1264
12.5707349777	-1368
12.5928809643	-812
12.5976660252	543
12.5979201794	543
12.6178891659	-1368
12.617962122	-1318
12.6431851387	-1086
12.6530911922	-1420
12.6531450748	-1316
12.6534671783	1057
12.6610300541	-1420
12.6610341072	-1316
12.6654880047	543
12.667730093	-1420
12.6677379608	-1420
12.6678199768	-1420
12.6678321362	-1212
12.6678791046	-1420
12.6678819656	-1420
12.6679179668	-1264
12.6681280136	-1420
12.6681311131	-1420
12.6681330204	-1264
12.6682071686	-1420
12.6682090759	-1420
12.6682100296	-1264
12.6682109833	-1420
12.6682121754	-1316
12.668361187	-1368
12.6687850952	-201
12.6694309711	543
12.6809740067	1460
12.681096077	111
12.6837110519	543
12.6855311394	543
12.6857759953	543
12.6860439777	543
12.6862301826	543
12.6967360973	-543
12.7113001347	-1420
12.7113380432	-1316
12.7181220055	-1420
12.7181711197	-1420
12.7181751728	-1420
12.7181921005	-1420
12.7181940079	-1160
12.7239131927	543
12.7276780605	-1368
12.7330491543	543
12.736274004	-509
12.7542700768	543
12.754527092	543
12.7809619904	-1420
12.7809770107	-1179
12.7888851166	543
12.7891361713	543
12.7904140949	543
12.8062591553	-543
12.9601039886	-543
12.9627621174	-1420
12.9628181458	-1316
12.9710040092	-1368
12.9880421162	-580
13.0159721375	-1057
13.0159881115	-1420
13.0160520077	-1420
13.0160551071	-1264
13.0236501694	543
13.0254821777	543
13.0411531925	-1123
13.0692400932	-1368
13.0944809914	-261
13.1061060429	-1368
13.1143801212	543
13.1280879974	-1420
13.12809515	-1316
13.1310451031	-153
13.1338169575	543
13.1353211403	543
13.1719830036	-1368
13.1959700584	-717
13.1971960068	543
13.2229750156	-1420
13.2229950428	-1420
13.2230331898	-1264
13.2483801842	-1094
13.2495679855	543
13.2763400078	-1057
13.2832341194	543
13.4035930634	543
13.4037520885	543
13.4040119648	-1420
13.4040191174	-1420
13.4040760994	-787
13.4293870926	-543
13.4939141273	-543
13.5252010822	-1420
13.5252571106	-1316
13.5330910683	-1420
13.5331549644	-1420
13.5331590176	-1420
13.5332410336	-1212
13.5332431793	-1368
13.5332891941	-1420
13.5332920551	-1316
13.5333390236	-1368
13.533342123	-1368
13.5351421833	-1420
13.535145998	-1420
13.5351481438	-1264
13.5357460976	-1420
13.5357501507	-1420
13.5357511044	-1264
13.5512850285	-1221
13.5814111233	-1420
13.5814750195	-1420
13.5814790726	-787
13.5815219879	-1420
13.5815250874	-1420
13.5815579891	-1264
13.581731081	-1420
13.5817601681	-1316
13.5818221569	-1368
13.5820879936	-1420
13.5820910931	-1420
13.5820920467	-1264
13.5822300911	-1420
13.5822331905	-1316
13.582280159	-1368
13.5823681355	-1368
13.593072176	543
13.5933351517	543
13.601432085	-1420
13.6014370918	-1316
13.6070230007	-1358
13.6159090996	-1420
13.6159369946	-1316
13.6414251328	-891
13.6455221176	543
13.6768250465	-1420
13.6768519878	-1420
13.6768891811	-1264
13.7018790245	-66
13.7449371815	-1420
13.7449519634	-151
13.7630250454	-543
13.8884401321	-543
14.4030351639	543
14.9093551636	543
14.913159132	1460
14.9132070541	1139
14.9395439625	543
14.9398601055	1057
15.0023770332	1057
15.020042181	1057
15.0208320618	543
15.0331821442	543
15.1791360378	-543
15.1890380383	-1057
15.1902430058	1057
15.2927310467	-543
15.3051321507	-1368
15.3301851749	-232
15.3312060833	543
15.331813097	1057
15.3326201439	-1420
15.3326239586	-1316
15.3566441536	-377
15.381994009	-1057
15.4161100388	543
15.4467120171	-1086
15.4767360687	-1057
15.5023670197	-543
15.5794610977	-1368
15.5795280933	-1420
15.5795640945	-839
15.584913969	543
15.5855770111	1057
15.6487081051	-1420
15.6487250328	-151
15.7275910378	1057
15.8524460793	-1057
15.8632051945	1057
15.9961280823	-543
16.0607461929	-543
16.1395821571	-1420
16.1396009922	-151
16.1997799873	-543
16.283260107	-1420
16.2832760811	-1420
16.2833321095	-273
16.2844040394	543
16.4268751144	-1057
16.6106631756	-543
16.6111450195	1057
16.8877551556	-1420
16.8877820969	-151
16.9157500267	543
16.935781002	-1420
16.9358041286	-1179
16.9412419796	-1368
16.9610869884	-1231
17.0313200951	-1420
17.0313379765	-151
17.054238081	1057
17.056317091	1057
17.0631811619	1057
17.0743000507	1057
17.0761990547	1057
17.0786840916	1057
17.0834031105	1057
17.0946011543	1057
17.0970840454	1057
17.0993750095	1057
17.1011819839	1057
17.1078290939	1057
17.1130299568	1057
17.1155970097	1057
17.1255960464	1057
17.1274430752	1057
17.1297001839	1057
17.1348609924	1057
17.1435120106	1057
17.1455819607	1057
17.1486430168	1057
17.154651165	1057
17.1645340919	1057
17.1670460701	1057
17.3036980629	543
17.3276991844	-543
17.3360960484	543
17.3651499748	543
17.3663871288	543
17.3666040897	543
17.3801870346	-1057
17.3959929943	-1420
17.3960571289	-1420
17.396061182	-1264
17.3962440491	543
17.4047970772	543
17.4051120281	543
17.4054250717	543
17.4056019783	-66
17.4057400227	543
17.4075860977	543
17.4277801514	543
17.428164959	1057
17.4350881577	-1057
17.4598829746	-1368
17.460255146	1057
17.4609310627	543
17.4611780643	543
17.4676921368	-1420
17.4676980972	-1420
17.4677450657	-1264
17.4707081318	-1368
17.4850521088	-45
17.5230031013	543
17.5236141682	-1420
17.5236210823	-1420
17.5236721039	-273
17.5236749649	-1420
17.5237159729	-1316
17.5258700848	543
17.526335001	543
17.5266151428	543
17.5501861572	-891
17.5577421188	543
17.5580730438	543
17.5795359612	-1420
17.5795450211	-1420
17.5796010494	-1420
17.5796031952	-1212
17.5966379642	543
17.6001410484	-327
17.6111540794	-1420
17.6112031937	-1420
17.6112070084	-1264
17.6141841412	-1420
17.6141891479	-1420
17.6142361164	-1264
17.6142671108	-1368
17.6183459759	543
17.6188561916	543
17.6257281303	-364
17.6669909954	-543
17.6672041416	-1420
17.6672530174	-1420
17.6672551632	-1420
17.6672961712	-1212
17.6929950714	-1297
17.6955161095	543
17.7187051773	-1420
17.7187130451	-1316
17.7188720703	-1420
17.7188751698	-1316
17.7213690281	-1326
17.724419117	-1420
17.7244811058	-1420
17.7244861126	-1264
17.7430231571	543
17.7495031357	-580
17.7544810772	-1368
17.7545771599	-1420
17.7545800209	-1316
17.7549071312	-1420
17.7549111843	-1420
17.7549459934	-1264
17.7579891682	-1420
17.7580301762	-1420
17.7580330372	-1264
17.760338068	543
17.7672441006	543
17.7676370144	543
17.7799301147	-198
17.7800331116	543
17.8109409809	-1420
17.810958147	-1420
17.8110120296	-1241
17.8110141754	-1420
17.8110640049	-1316
17.8110671043	-1420
17.8111071587	-1420
17.811109066	-1264
17.8111109734	-1368
17.8120839596	543
17.8135960102	543
17.8360791206	-764
17.8362300396	237
17.8429410458	543
17.8619410992	-1420
17.8619480133	-1420
17.8619990349	-787
17.8676650524	-1420
17.8677020073	-1420
17.8677051067	-1264
17.867732048	-1368
17.8677341938	-1420
17.8677511215	-1316
17.8803610802	543
17.8870620728	-132
17.8968701363	543
17.8990840912	-1420
17.8990910053	-1420
17.8991630077	-1420
17.8991661072	-1212
17.8992290497	-1420
17.899230957	-1420
17.8992741108	-1264
17.8992760181	-1368
17.9017231464	-1420
17.9017341137	-1420
17.901736021	-1264
17.9125080109	-1118
17.9131560326	-1420
17.9131610394	-1420
17.9132020473	-1264
17.9132051468	-1368
17.918708086	543
17.9191100597	543
17.9244480133	-1420
17.9244670868	-1316
17.9301860332	543
17.9376020432	-132
17.938174963	1057
17.9546451569	-1420
17.954665184	-1420
17.9547350407	-1264
17.9547381401	-1420
17.9548110962	-1420
17.9548139572	-1264
17.9548490047	-1368
17.9551010132	543
17.9627571106	-849
17.9753279686	543
17.9772939682	543
17.9775021076	543
17.9984531403	543
17.998857975	1057
17.9991631508	1057
18.00547719	-1420
18.0054831505	-1420
18.0055351257	-787
18.0055561066	-1368
18.0198969841	1057
18.0263531208	-1368
18.030531168	-435
18.0327680111	543
18.0797259808	-543
18.0984120369	-1420
18.0984649658	-1420
18.0984690189	-1264
18.1013669968	-750
18.1058571339	126
18.1233930588	-609
18.1255950928	543
18.1881000996	-543
18.2119879723	-1368
18.2370710373	-804
18.2418351173	-1368
18.2679150105	-261
18.2970969677	-1420
18.2971391678	-1420
18.2971429825	-1420
18.2971851826	-1212
18.3003060818	1057
18.3055400848	-1420
18.3055460453	-1316
18.3056600094	-1420
18.3056631088	-1316
18.3059680462	-1368
18.3224451542	-198
18.3380031586	-1368
18.3477461338	-232
18.3643581867	-51
18.3645679951	38
18.3930211067	1057
18.4065401554	1057
18.4489090443	-543
18.454668045	-1368
18.484495163	-261
18.4878671169	1057
18.5187520981	-543
18.5954420567	-1420
18.5954589844	-665
18.6210141182	-1420
18.6210281849	-99
18.6214389801	1057
18.6227390766	-543
18.742921114	-1420
18.7429499626	-151
18.7679879665	-543
18.8270721436	-1057
18.8844060898	-543
18.8847839832	543
18.8854689598	-543
19.0292990208	-543
19.4036960602	543
19.6455950737	543
19.6459710598	1057
19.8783881664	-543
19.9966561794	1057
19.9973220825	1057
20.0224530697	-1420
20.0225040913	-665
20.0659401417	1057
20.1130940914	1460
20.1131789684	625
20.2263760567	-1057
20.3708331585	-1057
20.3830120564	1057
20.3881239891	1057
20.4395990372	-1420
20.439604044	-151
20.4525699615	1460
20.4526531696	111
20.4732589722	1057
20.5053150654	-543
20.5330491066	249
20.5530259609	233
20.5700860023	-1057
20.6490271091	-1057
20.6539921761	-744
20.6547691822	126
20.6665430069	-753
20.6670491695	126
20.7725851536	-51
20.7802150249	-51
20.7805030346	38
20.7805759907	38
20.7924721241	-543
20.7926659584	543
20.8176600933	-543
20.8934471607	-1420
20.8934631348	-86
20.8977329731	-1420
20.8977410793	-77
20.9059729576	1057
20.9060370922	1057
20.9282670021	-1420
20.9282801151	-1005
20.9307219982	543
20.9352891445	543
20.9540381432	-746
20.9730300903	1057
21.019464016	-543
21.0251259804	543
21.0259330273	-543
21.0276811123	543
21.1502690315	-543
21.1557710171	543
21.1565699577	-543
21.156867981	543
21.2480461597	-543
21.2918579578	-543
21.2954881191	1460
21.2955510616	1460
21.2955861092	1161
21.295675993	1460
21.2957131863	1460
21.2957451344	1161
21.2963321209	1177
21.3093540668	-1057
21.3252429962	1460
21.3253760338	1460
21.3254141808	193
21.4353191853	-543
21.4473991394	1460
21.4474890232	1460
21.447532177	1161
21.4475829601	1460
21.4476950169	685
21.4916021824	-1057
21.5618550777	-543
21.5754721165	-1420
21.5755200386	-1420
21.5755240917	-1054
21.5792810917	-1420
21.5792930126	-1176
21.5833661556	-1298
21.5881290436	-1420
21.5881681442	-1176
21.6152951717	543
21.63499403	-1057
21.6921789646	-584
21.692193985	-1420
21.6922361851	-1420
21.6922390461	-1054
21.6922991276	-1420
21.6923031807	-1176
21.6961231232	-1420
21.69612813	-1176
21.7023820877	543
21.7030529976	543
21.7048990726	543
21.7370591164	-543
21.7440371513	-1420
21.7440450191	-1176
21.7524540424	-1298
21.7569019794	-1420
21.7569260597	-1176
21.7659921646	543
21.7795679569	-1420
21.7796220779	-1179
21.809431076	-1420
21.8094420433	-1420
21.8094940186	-1420
21.809497118	-1420
21.8095331192	-1420
21.8095359802	-1420
21.8095700741	-1420
21.8095731735	-227
21.8129210472	-1420
21.812926054	-1176
21.8197071552	-543
21.8198971748	543
21.8329451084	543
21.8343861103	1057
21.8351771832	543
21.8354589939	543
21.8610579967	-1420
21.8610711098	-1420
21.8611211777	-1054
21.8662371635	543
21.9063801765	-1298
21.9129161835	543
21.9259879589	-285
21.9529130459	-1420
21.9529781342	-1420
21.9530220032	-787
21.9708449841	-543
21.9828221798	-1368
22.0052101612	-1420
22.0053069592	-1420
22.0053501129	-787
22.0054011345	-1420
22.0054371357	-1420
22.0054721832	-1264
22.0134260654	-1368
22.0135111809	-1368
22.0260400772	1057
22.0270700455	543
22.0272991657	543
22.0303001404	-609
22.0429000854	-1086
22.0469491482	543
22.0472481251	543
22.0475370884	1057
22.0950131416	-124
22.0959160328	-1420
22.0959210396	-151
22.1349151134	-1368
22.1447980404	543
22.1455161572	1057
22.1458740234	543
22.1461830139	543
22.1464619637	543
22.1467671394	543
22.1469330788	543
22.1472170353	543
22.1473910809	543
22.1532700062	543
22.1542739868	543
22.154553175	543
22.1549041271	543
22.1993479729	-1086
22.2118461132	-746
22.2280051708	-543
22.2403960228	-1420
22.2404069901	-151
22.255959034	1057
22.273622036	-1368
22.2851231098	-1368
22.3106889725	-1298
22.316090107	-845
22.3244819641	-464
22.3930840492	-1057
22.4034581184	543
22.4037220478	543
22.4343721867	-543
22.437349081	-730
