0	-543
2.12260317802	-543
2.6196680069	-543
3.61526417732	543
3.87736105919	-543
3.88466620445	543
4.37466907501	543
4.46174812317	-543
4.47543907166	543
5.37465214729	543
5.74744105339	-543
5.74758410454	543
5.74825620651	-1420
5.74826097488	-1176
5.74933314323	-1420
5.74933815002	-1176
5.76407313347	-543
5.76612210274	-1420
5.76614308357	-1176
5.79148006439	-1298
5.82230114937	543
5.83789515495	543
5.90847802162	-1339
6.37463998795	543
6.55537414551	-543
6.91243505478	-543
6.91755700111	543
7.07812619209	-543
7.08465099335	543
7.087018013	1460
7.08707809448	111
7.2059571743	-1420
7.20597505569	-1420
7.20603704453	-1054
7.209649086	-1298
7.21482014656	-1420
7.21482610703	-1420
7.21487808228	-1054
7.22002100945	-1298
7.24823617935	-1298
7.37463903427	543
7.3747420311	543
7.37479805946	543
7.3750731945	-1420
7.37509918213	-1176
7.37518501282	-1420
7.3752310276	-1420
7.37526416779	-1054
7.37541699409	-1420
7.37545514107	-1176
7.39106702805	-1298
7.40771603584	-1298
7.5245821476	-1298
7.53571510315	-1420
7.53583216667	-1420
7.53583812714	-1054
7.5358850956	-1420
7.53588819504	-1420
7.5359210968	-1054
7.53592300415	-1298
7.54637217522	543
7.56794309616	-1420
7.56796717644	-1176
7.5708770752	-1298
7.68461704254	-1298
7.6959810257	-1420
7.69604110718	-1420
7.69604611397	-1420
7.69608211517	-932
7.69608402252	-1420
7.69611811638	-1176
7.69628810883	543
7.72805905342	-1420
7.72807502747	-1420
7.72813200951	-1420
7.72813510895	-932
7.85630702972	-1420
7.85632419586	-1420
7.8563811779	-1420
7.85638403893	-932
7.85641908646	-1420
7.8564209938	-1420
7.85645413399	-1420
7.85645699501	-932
7.88832902908	-1420
7.88834404945	-1420
7.88840198517	-1420
7.88840508461	-932
8.01646208763	-1420
8.01647901535	-1420
8.01654005051	-1420
8.01654314995	-1420
8.01658511162	-1420
8.01658701897	-1420
8.01662898064	-566
8.01663208008	-1298
8.01684617996	543
8.04857897758	-1420
8.04859519005	-1420
8.04865312576	-1420
8.04865503311	-932
8.20887112617	-1420
8.20890712738	-1420
8.20897006989	-1420
8.20897316933	-1420
8.20906400681	-1420
8.20906710625	-688
8.20910000801	-1298
8.20910310745	-1298
8.20915198326	-1420
8.2091550827	-1420
8.20915699005	-1054
8.20915818214	-1298
8.20946097374	543
8.20958518982	543
8.25430417061	-1420
8.25432300568	-1176
8.36893200874	-1420
8.36895799637	-1176
8.36906003952	-1420
8.36906313896	-1176
8.36906409264	-1420
8.36913204193	-1176
8.36918997765	-1420
8.36919212341	-1420
8.36921715736	-1054
8.36934018135	-1420
8.36937904358	-1176
8.36943411827	-1298
8.52956819534	-1420
8.52963519096	-1420
8.52968907356	-1420
8.52970099449	-1420
8.52975916862	-1420
8.52976202965	-1420
8.52979803085	-566
8.52980017662	-1420
8.52983307838	-1420
8.52983617783	-1420
8.52986812592	-932
8.52987098694	-1298
8.53011703491	543
8.54257011414	-1420
8.54258298874	-1420
8.54264307022	-1420
8.54264497757	-932
8.68994116783	-1420
8.6899831295	-1420
8.69005012512	-1420
8.69005298615	-1420
8.69010901451	-1420
8.69011211395	-688
8.69016003609	-1420
8.69017219543	-1176
8.69020819664	-1420
8.69021010399	-1420
8.69024300575	-1054
8.69024610519	-1298
8.69052004814	543
8.69065499306	543
8.70288705826	-1420
8.7029030323	-1420
8.70295715332	-1420
8.70296001434	-932
8.85006117821	-1420
8.85008811951	-1176
8.85019111633	-1420
8.85019516945	-1420
8.85023617744	-1042
8.85023903847	-1310
8.86287903786	-1420
8.86288905144	-1176
8.8629591465	-1420
8.86296200752	-1176
8.86304116249	-1286
8.89765501022	-1310
9.01023507118	-1420
9.01029706001	-1420
9.01035618782	-1420
9.01035904884	-932
9.01040816307	-1420
9.01041102409	-1176
9.01045513153	-1420
9.01045799255	-1152
9.01063609123	543
9.02286815643	-1310
9.02386116982	1460
9.02392816544	1460
9.02397608757	1161
9.02410817146	89
9.07470107079	543
9.0851020813	543
9.18297815323	-411
9.80972909927	-543
9.82038211823	-1298
9.82240819931	-1420
9.82245206833	-1420
9.82249712944	-1054
9.82599401474	-1420
9.82603907585	-1420
9.82607412338	-1054
9.82886719704	-1420
9.82889318466	-1176
9.96998906136	-1420
9.97004508972	-1176
9.9702270031	1057
9.9805700779	-1420
9.98058605194	-1176
9.98245716095	-1420
9.98246216774	-1176
9.9825720787	-1420
9.98257613182	-1176
9.98918414116	-1420
9.98920512199	-1420
9.98927116394	-1420
9.98927402496	-1420
9.98930907249	-1420
9.98931217194	-688
9.99471402168	543
10.0150830746	543
10.1302001476	-1420
10.1302320957	-1176
10.1405801773	-1298
10.1405961514	-1420
10.140650034	-1420
10.1406531334	-1054
10.1490659714	-1420
10.1490740776	-1420
10.1491651535	-1420
10.1491680145	-932
10.1492040157	-1420
10.1492071152	-1420
10.1492769718	-1054
10.1492800713	-1420
10.1493229866	-1176
10.149326086	-1298
10.2910611629	-1420
10.2910790443	-1420
10.2911331654	-1420
10.2911369801	-932
10.2913820744	543
10.2915511131	543
10.3007450104	-1420
10.3007531166	-1088
10.374682188	543
10.4608371258	-543
10.4610271454	543
10.7410240173	-543
10.7601931095	-1420
10.7602460384	-1176
10.9202301502	-546
10.9225749969	543
10.928232193	543
11.0775740147	543
11.2829430103	-543
11.3218569756	-1298
11.3220989704	543
11.3409531116	-1420
11.340968132	-1176
11.3846230507	543
11.3975970745	-543
11.4430119991	-305
11.4458069801	543
11.4544360638	543
11.6151130199	-1086
11.6157460213	543
11.8735251427	-543
11.8846859932	1057
12.0337610245	-1086
12.0381681919	543
12.1941840649	-1086
12.195248127	543
12.3620700836	-1298
12.3944580555	-331
12.3960530758	543
12.5761961937	-1086
12.5767290592	543
12.5772151947	543
12.5947129726	543
12.680175066	-1420
12.6801941395	-1420
12.6802310944	-1054
12.6808941364	-1420
12.6809380054	-1420
12.6809411049	-1054
12.6975471973	-1420
12.697573185	-1176
12.7349851131	-1420
12.7350091934	-1420
12.7350981236	-1054
12.7351009846	-1298
12.8575401306	-76
12.9248371124	1057
12.9382960796	1460
12.9383850098	625
12.9717950821	1460
12.9773871899	625
13.0872662067	1460
13.0873889923	111
13.1572129726	543
13.1729471684	1460
13.1730411053	111
13.1875150204	1460
13.1875910759	111
13.1946401596	1460
13.1947031021	111
13.2176101208	1460
13.2176880836	111
13.2233200073	-543
13.2596700191	-1420
13.2597591877	-1420
13.259802103	-1420
13.2598400116	-932
13.2598760128	-1420
13.2599229813	-1420
13.2599580288	-1054
13.2605640888	-1420
13.26060009	-1176
13.2748990059	543
13.2753911018	543
13.277752161	-1420
13.2777590752	-1420
13.2778141499	-1054
13.3001720905	-1420
13.3002531528	-1420
13.3002660275	-1054
13.3003051281	-1298
13.3046600819	543
13.3547589779	1057
13.3834681511	-1226
13.4095749855	543
13.96423316	-543
13.9656970501	-1298
13.9659891129	-1420
13.9659941196	-1420
13.9660651684	-1054
13.9660680294	-1420
13.9661171436	-1176
13.9662430286	543
13.98290205	-1298
13.9829161167	-1298
14.0145890713	-1286
14.1244921684	-1286
14.1245532036	-1286
14.1430690289	-1420
14.1431641579	-1420
14.1432089806	-1420
14.1432721615	-1420
14.1433131695	-1420
14.1433601379	-616
14.1433961391	-1420
14.1434290409	-1152
14.143695116	543
14.1481781006	-1286
14.1482601166	-1286
14.2266299725	-1286
14.2266499996	-1286
14.28464818	-1420
14.284676075	-1152
14.2848291397	-1420
14.2848341465	-1152
14.3032820225	-1420
14.3032951355	-1420
14.3033680916	-1018
14.303371191	-1420
14.3034090996	-1420
14.3034131527	-1018
14.3085770607	-1420
14.3085830212	-1420
14.3086230755	-1420
14.3086261749	-884
14.386988163	-1420
14.3870060444	-1420
14.3870620728	-1420
14.3870651722	-884
14.387294054	543
14.4449570179	-1420
14.4449760914	-1420
14.4450330734	-1420
14.4450361729	-884
14.4634552002	-1420
14.4634721279	-1420
14.4635081291	-1420
14.4635100365	-884
14.463654995	543
14.4691700935	-1420
14.4691870213	-1420
14.4692661762	-1420
14.4692690372	-884
14.4693031311	-1420
14.4693071842	-1136
14.546913147	-16
14.5470211506	-1420
14.5470821857	-1152
14.6052160263	-1420
14.6052441597	-1152
14.62352705	-1420
14.6235439777	-1420
14.6235980988	-1420
14.6236011982	-884
14.6237661839	543
14.6294851303	-1420
14.6295011044	-1152
14.6295251846	-1420
14.6295280457	-1136
14.629652977	-16
14.6782341003	-1420
14.6782510281	-1420
14.6783061028	-1420
14.6783092022	-884
14.707419157	-1420
14.7074351311	-1420
14.7074902058	-1018
14.7074930668	-1286
14.7837841511	-1420
14.7838020325	-1420
14.7838630676	-1420
14.7838671207	-1420
14.7839090824	-750
14.7839210033	-1420
14.7839961052	-1420
14.7840001583	-1420
14.784044981	-884
14.7840480804	-1286
14.7843241692	543
14.7896780968	-1420
14.7896909714	-1420
14.7897441387	-1420
14.7897460461	-884
14.7897810936	-1420
14.789784193	-1152
14.7899541855	543
14.8387711048	-1298
14.867549181	-1274
14.8677301407	-1420
14.8677330017	-1420
14.8677341938	-1420
14.8677351475	-1420
14.8677361012	-1420
14.8677370548	-616
14.8677380085	-1420
14.8677392006	-1152
14.8680710793	543
14.9441280365	-1420
14.9441561699	-1420
14.9442219734	-1420
14.9442250729	-884
14.9442679882	-1420
14.9442710876	-1420
14.9443051815	-1420
14.9443080425	-884
14.9443411827	-1420
14.9443430901	-1152
14.9992320538	-1420
14.9992601871	-1420
14.9993240833	-1420
14.9993271828	-1420
14.999379158	-1420
14.999382019	-616
14.9994189739	-1420
14.9994220734	-1152
15.0280771255	-1420
15.0280950069	-1420
15.0281500816	-1420
15.028151989	-1420
15.0281860828	-1420
15.0281879902	-1420
15.0282211304	-482
15.0282230377	-1420
15.0282561779	-1420
15.0282599926	-1018
15.0284750462	543
15.0286550522	543
15.0675411224	-1286
15.1042981148	-1420
15.1043760777	-1420
15.1043820381	-1420
15.1044270992	-1420
15.1044301987	-1420
15.1044931412	-1420
15.1044971943	-482
15.1045341492	-1420
15.1045370102	-1420
15.1045701504	-1018
15.1045730114	-1286
15.1048769951	543
15.1597771645	-1420
15.1597981453	-1420
15.1598520279	-1420
15.1598551273	-1420
15.1598901749	-1420
15.1598930359	-1420
15.1599261761	-1420
15.1599290371	-348
15.1882021427	-1420
15.1882281303	-1420
15.1882941723	-1420
15.1882970333	-1420
15.1883711815	-1420
15.1883831024	-1420
15.1884181499	-482
15.1884200573	-1420
15.1884531975	-1420
15.1884570122	-1018
15.1884891987	-1420
15.1884920597	-1136
15.1887722015	543
15.2281701565	-1286
15.2644300461	-1420
15.26456213	-1420
15.2645680904	-1420
15.2646071911	-1420
15.2646090984	-702
15.264644146	-1420
15.264647007	-1420
15.2646870613	-1420
15.2646901608	-852
15.2649521828	543
15.3197550774	-1420
15.3197820187	-1420
15.3199121952	-1420
15.3199241161	-1420
15.3199601173	-1420
15.3199629784	-568
15.3200030327	-1420
15.3200051785	-1136
15.3200390339	-1420
15.3200421333	-1152
15.3200750351	-1420
15.3200771809	-1152
15.3203849792	543
15.3400030136	543
15.3484280109	-1420
15.3484351635	-1420
15.3485321999	-1042
15.3485350609	-1420
15.3485710621	-1420
15.3485732079	-1066
15.3486161232	-1420
15.3486180305	-1176
15.348731041	-1420
15.3487341404	-1176
15.3989779949	-1298
15.4247250557	-1420
15.4247970581	-1420
15.4248030186	-1420
15.4248411655	-932
15.4248440266	-1298
15.446472168	543
15.4800632	-1420
15.480091095	-1420
15.4801800251	-1420
15.4801831245	-1420
15.4802491665	-1420
15.4802529812	-1420
15.4803161621	-542
15.4803190231	-1420
15.4803631306	-1152
15.4803659916	-1420
15.4804000854	-1152
15.4804019928	-1420
15.4804031849	-1420
15.4804050922	-1420
15.4804060459	-884
15.4804069996	-1420
15.4804291725	-1152
15.4805831909	-1420
15.4805850983	-1420
15.4805870056	-1006
15.4807569981	543
15.4809751511	543
15.5088720322	-1420
15.5088942051	-1420
15.5089271069	-1030
15.509196043	-1274
15.5092520714	-1420
15.5092551708	-1420
15.5093011856	-1420
15.5093040466	-1420
15.5093581676	-1420
15.509360075	-1420
15.5093941689	-1420
15.5093960762	-372
15.5093970299	-1420
15.5093979836	-1420
15.5093991756	-1054
15.5095791817	-1298
15.5742759705	543
15.574737072	543
15.5849151611	-1420
15.5849339962	-1420
15.5849940777	-1420
15.5849971771	-1420
15.5850331783	-1420
15.5850381851	-688
15.5853421688	543
15.5855309963	543
15.5936901569	543
15.6104371548	543
15.6250231266	543
15.640540123	-1420
15.6405470371	-1420
15.6405739784	-1054
15.6405761242	-1420
15.6405930519	-1176
15.6409351826	-1420
15.6409771442	-1420
15.6409800053	-1420
15.6410241127	-932
15.6410260201	-1420
15.6411371231	-1420
15.6411390305	-1054
15.6412820816	-1298
15.641283989	-1420
15.6413171291	-1176
15.6413199902	-1420
15.6413221359	-1420
15.6413230896	-1420
15.6413240433	-1420
15.6413249969	-810
15.641326189	-1420
15.6413371563	-1176
15.6414580345	543
15.6417000294	543
15.6596271992	1460
15.6597001553	625
15.6693310738	-1420
15.6693410873	-1420
15.6693949699	-1420
15.6693980694	-932
15.6695041656	-1298
15.6695070267	-1420
15.6695270538	-1420
15.6695291996	-1054
15.6696879864	-1420
15.6696920395	-1420
15.6697380543	-1054
15.6697921753	-1420
15.6697940826	-1176
15.6699581146	-1298
15.6700811386	-1420
15.6700839996	-1420
15.6700861454	-1054
15.6700870991	-1298
15.670178175	543
15.6707642078	543
15.68207407	543
15.7092971802	-1420
15.7093219757	-1152
15.7447760105	-24
15.7449851036	-1420
15.7450351715	-1420
15.7450380325	-1042
15.7453260422	-1286
15.8010151386	-24
15.8011260033	-1420
15.8012180328	-1176
15.8012311459	-1286
15.8012681007	-1420
15.8012712002	-1420
15.8013041019	-1066
15.8013670444	-1420
15.8013939857	-1176
15.8015999794	-1420
15.801664114	-1176
15.801666975	-1286
15.8018870354	-1310
15.8022100925	-1420
15.802213192	-1176
15.8075840473	543
15.8078081608	543
15.8296401501	-1420
15.8296539783	-1176
15.8297049999	-1420
15.8297080994	-1176
15.8298270702	-1420
15.8298301697	-1176
15.8301901817	-1420
15.8301951885	-1420
15.8302440643	-1042
15.8302459717	-1310
15.8303170204	-1286
15.8303492069	-1310
15.8304691315	-1420
15.8304810524	-1152
15.8306381702	-24
15.8699431419	-1420
15.8699560165	-1176
15.9055299759	-1420
15.9055461884	-1420
15.9056010246	-1042
15.9056041241	-1310
15.906992197	1057
15.9614160061	-1420
15.9614591599	-1420
15.9615221024	-1420
15.9615252018	-908
15.9615831375	-24
15.9615859985	-1420
15.9616219997	-1176
15.9620621204	-1420
15.9620900154	-1176
15.9621641636	-1420
15.9622011185	-1176
15.9622790813	-1420
15.9622809887	-1176
15.9624099731	-1420
15.9624130726	-1176
15.9625921249	-1420
15.9626040459	-1420
15.9626061916	-1420
15.9626071453	-908
15.9676430225	543
15.9896380901	-24
15.9896540642	-1420
15.9897100925	-1176
15.9897930622	-1420
15.9898321629	-1176
15.9899291992	543
15.9904279709	-1420
15.9904329777	-1176
15.9905071259	-1420
15.9905099869	-1176
15.9906651974	-1420
15.9906690121	-1176
15.9907929897	-1420
15.9908061028	-1176
15.9908931255	-1420
15.9908971786	-1176
16.0221290588	1460
16.0222260952	111
16.0305089951	-1420
16.030534029	-1152
16.0654602051	-24
16.0655641556	-1420
16.0656239986	-1176
16.0656270981	-1420
16.0656981468	-1420
16.0657031536	-1018
16.0657470226	-1420
16.0657501221	-1420
16.0657830238	-1018
16.065955162	543
16.1216330528	-1420
16.1216499805	-1420
16.1217150688	-1420
16.1217181683	-884
16.1217520237	-1420
16.1217551231	-1152
16.1218161583	-1286
16.1220440865	543
16.2257859707	-605
16.3381509781	-1298
16.3384141922	543
16.3385560513	543
16.3567090034	-1298
16.3569350243	543
16.3570821285	543
16.3759961128	-1420
16.3760061264	-1176
16.5114600658	-1179
16.5120010376	543
16.5179030895	543
17.0641331673	-1086
17.0643889904	543
17.0645201206	543
17.4085521698	-543
18.0382239819	-543
18.0384411812	543
18.1141321659	-1278
18.2740972042	-351
18.2743520737	543
18.527793169	543
18.6279551983	-543
18.6467831135	-1420
18.6468420029	-1152
18.6996901035	-543
18.8069450855	-1113
18.8092191219	543
18.8149280548	543
18.853760004	-1286
18.8725781441	-1286
18.9770669937	-1142
18.9946839809	1057
19.1130490303	-1420
19.1130661964	-1176
19.1174809933	543
19.1241230965	-1420
19.1241290569	-1176
19.1246840954	-1298
19.1249980927	-1420
19.1250360012	-1176
19.1253881454	-1298
19.1255040169	-1298
19.1267020702	-1420
19.1267690659	-1176
19.1267721653	-1420
19.1268160343	-1176
19.1377530098	-378
19.1386351585	543
19.1391592026	543
19.1667191982	-1286
19.1667380333	-1286
19.2250421047	543
19.2550570965	543
19.2678771019	543
19.2913520336	543
19.2980861664	-56
19.3794271946	543
19.3798902035	543
19.3803071976	543
20.3846311569	543
20.8669860363	543
20.8672721386	543
20.8753371239	543
24.3746991158	543
24.3747990131	543
24.4862539768	-543
24.8362519741	543
24.9374120235	-543
25.2600240707	-543
25.5470659733	-543
27.2761411667	-543
27.6330580711	-543
27.9440960884	-543
28.1765091419	-543
28.3777770996	1460
28.3778340816	625
28.5146989822	239
28.6498301029	-750
28.6504311562	126
28.7847599983	-51
28.7946901321	38
28.9166460037	-543
28.9275240898	-1420
28.9275491238	-78
28.9279301167	1057
29.0618159771	-543
29.0622251034	543
29.3372821808	-543
29.3376832008	543
29.3853030205	543
29.3854100704	543
29.3854601383	1460
29.3855462074	111
29.7392811775	-543
29.7401041985	1460
29.7401711941	1460
29.740208149	707
30.2703340054	-543
30.2775809765	543
30.3748211861	543
30.3749241829	543
30.3749790192	543
30.4102241993	-1086
30.4140861034	543
30.4142990112	543
30.5018570423	-1368
30.5047690868	543
30.5175380707	543
30.5607531071	-543
30.5719091892	-1420
30.5719351768	-1176
30.5720100403	-1298
30.5814721584	-1286
30.6372301579	-261
30.6405591965	543
30.7104160786	-1420
30.7104351521	-1420
30.7104821205	-1264
30.7173171043	543
30.7208211422	-1420
30.7208521366	-1152
30.7274310589	543
30.7283191681	543
30.7320561409	-1420
30.7320661545	-1152
30.7338562012	-1420
30.7338590622	-1152
30.7407519817	543
30.7420079708	-1278
30.7420129776	-1294
30.7645640373	543
30.773840189	543
30.7950820923	543
30.7994589806	543
30.7995591164	-543
30.8099529743	-1420
30.8099710941	-1316
30.8110001087	-1368
30.8808820248	-329
30.9415509701	-1420
30.9415969849	-1316
30.9871912003	-1368
31.0654101372	-1420
31.0654771328	-1316
31.0746819973	543
31.1192691326	-1420
31.1192820072	-1420
31.1193161011	-1264
31.1201901436	-1420
31.1202630997	-1316
31.1202750206	-1368
31.121710062	543
31.1292681694	543
31.1313149929	543
31.1317970753	543
31.1387770176	543
31.2013750076	-1420
31.2013909817	-1316
31.2063879967	543
31.2111260891	-543
31.2114059925	-1368
31.2471270561	-1420
31.2471990585	-1420
31.2472031116	-1264
31.2502939701	-1368
31.250439167	-1420
31.2504820824	-1316
31.2511651516	-1286
31.2780461311	543
31.2899641991	-1298
31.2901082039	543
31.3047640324	543
31.3053181171	543
31.3227300644	-1420
31.322740078	-1176
31.3390719891	-847
31.3406879902	-1298
31.354113102	-1420
31.3541800976	-1316
31.354183197	-1368
31.3752980232	-1420
31.375316143	-1420
31.3753590584	-1264
31.3822929859	-1368
31.3825562	-1420
31.3825612068	-1316
31.3831431866	-1420
31.3831481934	-1316
31.3833551407	543
31.3834850788	543
31.4112160206	-979
31.4874939919	-1368
31.4875121117	-1368
31.4877140522	543
31.500423193	-1298
31.5164561272	-1368
31.5165979862	543
31.520884037	543
31.5712430477	-331
31.6055099964	-1420
31.6055371761	-1420
31.6055850983	-1264
31.6056911945	-1420
31.6057310104	-1176
31.6057779789	-1298
31.6058301926	-1298
31.6242539883	-1298
31.6243081093	-1298
31.6536390781	-794
31.6754920483	543
31.6919460297	-1368
31.6960840225	543
31.7202301025	-1368
31.7246510983	543
31.7314870358	-1124
31.8217160702	-1368
31.8289391994	543
31.8291749954	543
31.9499611855	-1420
31.9499890804	-1316
31.9543550014	543
32.0527801514	-1102
32.054749012	543
32.0563161373	543
32.0774521828	-543
32.0782151222	543
32.1769070625	-1420
32.1769239902	-1420
32.1769781113	-1264
32.1779940128	543
32.2839031219	-580
32.3097820282	-1368
32.3846561909	543
32.3847520351	543
32.4417049885	-1420
32.4417231083	-1316
32.4419929981	543
32.4488379955	543
32.4500629902	543
32.5421311855	-1368
32.5461649895	543
32.6373391151	-543
32.674008131	-870
32.6864430904	543
32.6889181137	-543
32.7024440765	-1420
32.7024540901	-1316
32.7149970531	543
32.728618145	-1420
32.7286241055	-1316
32.7513930798	-543
32.818488121	-1420
32.8185060024	-1420
32.818570137	-1264
32.831785202	-1420
32.8318300247	-1420
32.8318331242	-1420
32.831870079	-1212
32.9637851715	-1118
33.056923151	-543
33.1405100822	-543
33.1407310963	543
33.1891181469	-1298
33.2077150345	-1420
33.2077600956	-1420
33.2077970505	-1054
33.2141799927	-1420
33.2141861916	-1316
33.2144072056	-1368
33.2145590782	543
33.2156481743	543
33.2168982029	-607
33.2263240814	-1298
33.2265810966	-1298
33.3729810715	-1152
33.3747901917	543
33.3770241737	-1031
33.3829159737	-1420
33.3829431534	-1316
33.4086961746	-1420
33.4087409973	-1420
33.4087450504	-1264
33.5379161835	-1368
33.7157511711	-103
33.7255680561	543
33.7261650562	543
33.7644569874	-1420
33.7644770145	-1316
33.8962709904	-377
33.8966829777	543
33.9903330803	-1368
33.9907081127	543
34.1279191971	-775
34.3566801548	-1057
34.4729931355	1460
34.4731090069	111
34.5289402008	-543
34.529168129	543
34.5858800411	-543
34.5931551456	1460
34.5932500362	111
34.5977160931	1460
34.5977640152	111
34.6046919823	1057
34.6049962044	543
34.6055140495	543
34.6239030361	1057
34.6241440773	543
34.6247119904	543
34.9921531677	-543
35.0373380184	-1057
35.0470941067	1057
35.06163311	-1368
35.0621759892	-1368
35.0646781921	543
35.0648190975	1057
35.0650501251	-1368
35.0650520325	-1420
35.0650529861	-1316
35.0650770664	1057
35.1752409935	-1420
35.1753129959	-1420
35.1753501892	-1264
35.1908481121	-1368
35.1908969879	-1420
35.1909151077	-1316
35.1925461292	-543
35.1949710846	-1420
35.1950190067	-1420
35.1950562	-1264
35.1957960129	-1368
35.1963391304	-1420
35.1963610649	-1316
35.2959740162	-1337
35.2961511612	543
35.3082649708	-1420
35.3082780838	-1316
35.308339119	-1368
35.3105690479	-1368
35.3263959885	-1420
35.3264200687	-1316
35.3293349743	-1420
35.3293411732	-1420
35.3293831348	-1264
35.3300511837	-1420
35.3300931454	-1420
35.3300950527	-1264
35.333024025	-1420
35.3330290318	-1316
35.3330981731	-1368
35.4440870285	-1420
35.4441351891	-1316
35.4442601204	-1368
35.457280159	-1420
35.4573340416	-1420
35.4573800564	-1264
35.4574451447	-1368
35.4576311111	1057
35.4583141804	-1368
35.4584619999	543
35.4585859776	543
35.4591150284	-1368
35.6170129776	-1368
35.6245989799	1057
35.6654200554	-1368
35.6670320034	-1368
35.7467081547	-1368
35.749723196	543
35.7502450943	543
35.7736439705	543
35.8491361141	-855
35.9812381268	-543
36.11353302	-1420
36.1135911942	-1316
36.2393050194	-1368
36.2415041924	543
36.3371481895	-1420
36.3371651173	-1316
36.3391861916	543
36.4691431522	-957
36.4712741375	543
36.4778881073	1057
36.5033211708	-1368
36.6109490395	-775
36.7431349754	-543
36.7476081848	543
36.8526310921	543
36.8799500465	-1057
36.8855600357	1460
36.885625124	111
37.0121150017	-543
37.144146204	-543
37.3047931194	-1368
37.4518330097	-1420
37.4518811703	-1316
37.5836491585	-580
37.5847761631	543
37.7157640457	-543
37.9280221462	-1086
38.127177	-543
38.1276860237	1057
38.5660810471	-1420
38.5660979748	-1420
38.5661590099	-787
38.6985211372	-1057
38.8706290722	-1057
38.8816730976	543
38.8835949898	1057
38.8861091137	543
38.8961520195	543
38.8982291222	1057
38.9009001255	543
38.9068729877	543
38.9131951332	543
38.9176061153	543
38.9260270596	543
38.9370892048	543
38.939822197	543
38.9493150711	543
38.9609980583	543
38.9682621956	543
38.970511198	543
38.9762032032	543
38.9868731499	543
38.9887320995	543
38.9905431271	543
38.9935851097	543
38.9979660511	543
39.0085890293	543
39.0109131336	543
39.064538002	-1057
39.205343008	543
39.2451679707	543
39.2746911049	543
39.2783741951	-543
39.2829871178	-543
39.2837121487	543
39.3850240707	543
39.3897790909	543
39.4058961868	-1368
39.4132151604	1057
39.4180011749	543
39.4385290146	-543
39.4464201927	1057
39.4472401142	543
39.4648890495	-1368
39.4650950432	-1368
39.46519804	543
39.4653761387	1057
39.4655539989	543
39.4656779766	543
39.5183341503	-1420
39.5183601379	-1316
39.5185940266	543
39.5187721252	543
39.5189571381	543
39.5191001892	1057
39.5381240845	-132
39.5439670086	543
39.5974600315	-543
39.5976421833	543
39.6503751278	-1368
39.6506011486	1057
39.6515791416	-775
39.6531581879	543
39.6532921791	543
39.7692890167	-1086
39.7736120224	543
39.7738311291	543
39.7858490944	-543
39.7867310047	-1368
39.8083560467	1057
39.8869030476	-1420
39.886934042	-1420
39.8870000839	-1264
39.8873400688	543
39.8876850605	543
39.908010006	-1368
39.9179031849	543
39.9182631969	543
39.9214980602	-1368
39.9216580391	543
39.9217829704	543
39.9262909889	-1420
39.9262981415	-1420
39.9263861179	-1264
39.926525116	543
39.9953072071	-1420
39.9953281879	-1316
39.9967479706	-1420
39.9967610836	-1316
39.9968621731	-1368
40.000013113	543
40.0015640259	543
40.0017430782	543
40.001996994	543
40.0352091789	-1368
40.0355021954	543
40.0355939865	-1368
40.0385990143	543
40.0398740768	543
40.04570508	-1420
40.0457110405	-1420
40.0457370281	-1264
40.0481591225	543
40.0538771152	-1368
40.0623600483	-1368
40.0624849796	543
40.0625321865	-1368
40.0646960735	543
40.1125810146	-1420
40.1125860214	-1316
40.1337900162	-43
40.1344740391	543
40.1465091705	-1420
40.146515131	-1316
40.1776711941	-891
40.1919031143	-1368
40.1935341358	-1420
40.1935391426	-1420
40.1935780048	-1264
40.1955821514	543
40.1975221634	-1420
40.1975271702	-1316
40.1980690956	543
40.2136950493	-1420
40.2137010098	-1316
40.2156441212	543
40.281411171	-1420
40.2814171314	-1420
40.2814660072	-1264
40.2817821503	543
40.2832341194	-1368
40.2835171223	-1368
40.2838280201	543
40.2856500149	-1420
40.2856550217	-1316
40.2858979702	-1368
40.2877681255	543
40.3209850788	-1368
40.3212051392	-1420
40.3212461472	-1316
40.3234860897	-1420
40.323526144	-1420
40.3235290051	-1264
40.3239750862	543
40.32644701	-1420
40.3264529705	-1316
40.3266689777	-1368
40.3285501003	543
40.3289179802	543
40.3303341866	-1420
40.3303391933	-1316
40.3304750919	543
40.3305101395	-1420
40.3305120468	-1316
40.3320901394	543
40.3973481655	-1368
40.3974812031	-1368
40.4403140545	-1420
40.4403221607	-1420
40.4403731823	-1264
40.4482560158	-1420
40.4482991695	-1316
40.4495360851	-1420
40.4495620728	-1316
40.4530069828	-1420
40.4530529976	-1420
40.4530570507	-1420
40.4530940056	-1212
40.4545841217	-1420
40.4546201229	-1316
40.4547951221	543
40.4570729733	543
40.4586660862	-1420
40.458671093	-1316
40.4597280025	543
40.4599320889	543
40.4808042049	-1420
40.4808089733	-1316
40.481372118	-1420
40.4813771248	-1316
40.484593153	543
40.487112999	1057
40.4875471592	1057
40.4993340969	-1420
40.4993391037	-1316
40.4997110367	543
40.5881412029	-1420
40.5881471634	-1316
40.5907361507	543
40.6197710037	-1014
40.6251189709	1057
40.6476140022	-543
40.6662580967	-1420
40.6663100719	-1176
40.6852300167	-1420
40.6852860451	-1176
40.7027111053	-1420
40.7027211189	-1420
40.7027761936	-1264
40.7096261978	1057
40.7423410416	-1420
40.7423679829	-1420
40.7424089909	-1264
40.7450699806	-1420
40.7451272011	-1316
40.7566120625	543
40.7585711479	543
40.826364994	-549
40.8574371338	-82
40.8789401054	-1368
40.8846271038	543
40.9535341263	239
40.9803211689	-1368
41.0046432018	-1368
41.0995891094	-753
41.1002280712	126
41.111191988	-783
41.243268013	-1086
41.2446091175	-1368
41.2451691628	-51
41.245331049	38
41.279692173	-543
41.2800631523	-1420
41.2800860405	-1176
41.2801411152	-1298
41.2802751064	-1298
41.2984349728	-1420
41.2984991074	-1420
41.2985370159	-1054
41.3165140152	-1298
41.3751270771	565
41.3757331371	-1368
41.3792099953	1057
41.4402751923	-1420
41.440308094	-221
41.4779391289	-1368
41.5175890923	1057
41.6039631367	-1420
41.6039791107	-1316
41.6195161343	1057
41.7385241985	-565
41.7755889893	-559
41.8314950466	-1368
42.0035259724	-746
42.0840601921	543
42.0844471455	1057
42.1357960701	-543
42.2679841518	-543
42.5452301502	543
42.5455141068	1057
42.5459711552	1057
42.546323061	1057
42.5587770939	-1420
42.5588309765	-665
42.5676879883	543
42.5679440498	1057
42.6193501949	-1420
42.6193740368	-91
42.6221780777	1057
42.6455290318	1057
42.706897974	-543
42.7143290043	1057
42.7671940327	1057
42.911976099	-543
43.0427420139	-1057
43.0458991528	1057
43.1613800526	-1368
43.1771681309	1057
43.2052280903	-1420
43.2052440643	-1316
43.2733740807	-1368
43.284922123	1460
43.2850160599	1460
43.2850530148	193
43.3346991539	-1368
43.3363041878	-1368
43.4175980091	-762
43.4459481239	1057
43.4630801678	-1368
43.6493811607	-232
43.7818570137	-1057
43.9104771614	-1368
43.9503500462	-543
43.95484519	543
44.0346159935	-1368
44.0424790382	-1368
44.0688261986	1057
44.0691311359	543
44.1167230606	-543
44.117098093	543
44.1745522022	-667
44.2960550785	-543
44.2971541882	1460
44.2972180843	1460
44.2972531319	1161
44.2973310947	1460
44.2973670959	1199
