0	-543
0.281295061111	543
1.62404203415	-543
3.23838210106	1057
3.49992704391	-543
3.55061888695	-1368
3.56604003906	-1368
3.56920099258	-1420
3.56928491592	-1316
3.64569401741	-269
3.65105509758	543
3.65228009224	543
3.89824509621	-543
4.04212188721	-1368
4.07553792	-1368
4.08924603462	-920
4.1184630394	1057
4.12855887413	1057
4.17171096802	1057
4.21543288231	1057
4.39277386665	-543
4.42818188667	-1420
4.42823886871	-1420
4.4282438755	-1264
4.44601607323	-1368
4.45827794075	-1368
4.46115708351	543
4.4619948864	543
4.47405004501	-1368
4.49230504036	-1420
4.492374897	-1316
4.49727487564	-543
4.57398605347	-1110
4.57690095901	543
4.68289899826	-1368
4.69417905807	-1420
4.69423794746	-1316
4.69790506363	-1420
4.6979470253	-1316
4.70037698746	-1420
4.70041704178	-1316
4.72785902023	543
4.72874903679	543
4.76012802124	-936
4.76256895065	543
4.76423406601	543
4.77116799355	543
4.86691403389	-1368
4.88806390762	-1368
4.90810203552	-920
4.92634296417	543
4.92660999298	543
4.92680001259	1460
4.92684602737	1460
4.92688107491	193
4.92874503136	543
4.92902088165	543
5.01427507401	-1420
5.0142929554	-1420
5.01435089111	-1264
5.01715397835	-1368
5.03330087662	-1368
5.05162405968	-1368
5.07422208786	-190
5.08843493462	-1368
5.12146186829	-1368
5.12164998055	543
5.12293505669	543
5.12826704979	-1420
5.1282889843	-1316
5.12998890877	-1420
5.13000798225	-1420
5.13005304337	-1264
5.14007496834	-1420
5.14014291763	-1420
5.14014697075	-1264
5.14017391205	-1368
5.1557328701	-1368
5.16008806229	-1420
5.16009497643	-1420
5.16016888618	-1264
5.16017103195	-1420
5.1602230072	-1316
5.16022586823	-1368
5.16105008125	543
5.16151690483	1057
5.17942905426	-1420
5.17944502831	-1420
5.17950391769	-1420
5.17950701714	-1212
5.22041392326	-1420
5.22043204308	-1316
5.22048592567	-1420
5.22048902512	-1316
5.26777696609	-1420
5.26779294014	-1420
5.26784801483	-1420
5.26785087585	-1212
5.26881790161	543
5.27420806885	-1420
5.27422308922	-1420
5.27426600456	-1420
5.27426886559	-1212
5.27594304085	-1420
5.27595090866	-1420
5.276004076	-1264
5.27600598335	-1420
5.27604198456	-1420
5.27604603767	-1264
5.28181886673	543
5.28249907494	543
5.28258490562	543
5.28284096718	1460
5.28288698196	1139
5.28604102135	-1420
5.28605508804	-1420
5.28610396385	-1420
5.28610706329	-1420
5.28614187241	-1420
5.28614401817	-1108
5.2863240242	543
5.30169391632	-1420
5.30172109604	-1420
5.30178689957	-1420
5.30178999901	-1212
5.30591988564	-1420
5.30592608452	-1420
5.306016922	-1264
5.30602002144	-1420
5.30606508255	-1420
5.3060760498	-1420
5.30611300468	-1212
5.30611491203	-1420
5.30611586571	-1316
5.30612587929	-1368
5.3062620163	543
5.30784797668	-1420
5.30785298347	-1316
5.32527709007	-1420
5.32529306412	-1420
5.32534408569	-1420
5.32534694672	-1212
5.32544088364	-1420
5.32544398308	-1420
5.32547187805	-1264
5.32547402382	-1368
5.36633896828	-1420
5.36635708809	-1420
5.36641407013	-1264
5.36652588844	-1420
5.36656403542	-1420
5.36656594276	-1264
5.36668109894	-1420
5.3666870594	-1121
5.36677694321	543
5.4254720211	-1420
5.4254989624	-1316
5.42678689957	-1420
5.42679309845	-1420
5.42683196068	-1264
5.42693805695	1057
5.43423390388	-1420
5.4342520237	-1420
5.43430805206	-1264
5.43454504013	-1420
5.43457794189	-1420
5.43458104134	-1264
5.4435069561	-1368
5.44433498383	-1420
5.4443860054	-1316
5.45192193985	-1420
5.45198202133	-1316
5.45237088203	-1420
5.45241904259	-1420
5.45242190361	-1264
5.46250295639	-1420
5.46251893044	-1420
5.46258401871	-1264
5.48233294487	-1368
5.48251104355	543
5.4969060421	-1368
5.49702095985	-1420
5.49708199501	-1316
5.49708509445	-1420
5.49711894989	-1316
5.49739599228	-1368
5.49756789207	-1420
5.49757194519	-1316
5.49987101555	-1368
5.50036597252	-1368
5.51267504692	-1269
5.51859593391	-1368
5.51972007751	-1420
5.5197250843	-1316
5.51977300644	-1368
5.53345608711	-1420
5.53351807594	-1420
5.53352189064	-1420
5.53356099129	-1420
5.53356289864	-1160
5.53358888626	-1368
5.5337460041	543
5.53380799294	-1368
5.53392004967	-1368
5.53434300423	-1368
5.53525400162	-1420
5.53529596329	-1316
5.53666591644	-1368
5.55181503296	-1420
5.551831007	-1420
5.55190396309	-1264
5.55190587044	-1420
5.55194091797	-1316
5.55225205421	-1368
5.55235505104	543
5.55308508873	-1420
5.55308890343	-1316
5.55366897583	-1368
5.55507588387	-1368
5.56391406059	543
5.56579995155	-1420
5.56580591202	-1316
5.56591796875	-1368
5.56601786613	-1368
5.56742596626	-1420
5.56743192673	-1316
5.57555508614	-1368
5.57891988754	-1368
5.5839240551	-1420
5.58393907547	-1420
5.58397603035	-1264
5.59055304527	-1420
5.59063196182	-1316
5.59081602097	-1420
5.59085893631	-1420
5.59086203575	-1264
5.59675693512	-1420
5.59678292274	-1420
5.59683990479	-1264
5.59684300423	-1420
5.59687900543	-1316
5.59704089165	543
5.59718608856	-1368
5.5971930027	543
5.5992898941	-1420
5.59929609299	-1316
5.60581994057	-1368
5.60616207123	-1420
5.60620689392	-1316
5.60756993294	-1420
5.60761189461	-1316
5.61171603203	-1420
5.61175894737	-1420
5.61176204681	-1264
5.61187195778	-1420
5.61187505722	-1316
5.61200904846	-1420
5.61201286316	-1420
5.61201405525	-1264
5.61201500893	-1368
5.61211705208	-1420
5.6121199131	-1316
5.61229991913	543
5.61635708809	-1368
5.621311903	-1368
5.62146496773	-1368
5.62170886993	-1420
5.62175607681	-1420
5.62175893784	-1264
5.62713003159	-1420
5.62715196609	-1316
5.62731099129	-1420
5.6273150444	-1316
5.62741208076	-1368
5.63050293922	-1420
5.63058900833	-1316
5.65824604034	-37
5.71326088905	543
5.8504960537	-543
6.21579003334	-1420
6.21586990356	-1420
6.21588993073	-787
6.21612691879	543
6.24323296547	-1368
6.35903692245	-1231
6.62034296989	-543
