0	543
3.78951907158	543
3.91978788376	-543
3.92024588585	543
4.0645840168	-543
4.06496691704	543
4.14415097237	-543
4.22587990761	-543
4.22662305832	-543
4.22709798813	1057
4.49199295044	-543
4.50661802292	-1420
4.50666093826	-1340
4.52042198181	-1420
4.52048587799	-1340
4.63607788086	-192
4.63918995857	543
4.65059900284	543
4.81114602089	-543
4.94375491142	-1420
4.94380688667	-1340
4.98056602478	-353
5.02064394951	1057
5.03039193153	1057
5.07295703888	1057
5.12314105034	1057
5.1930398941	-543
5.20737409592	-1420
5.20742297173	-1340
5.22185397148	-1420
5.22192001343	-1340
5.27691698074	-1420
5.27698993683	-1420
5.27703690529	-1300
5.28055000305	543
5.28082299232	543
5.29515695572	-1380
5.33698606491	-927
5.34047198296	543
5.48571205139	-1380
5.49946093559	-1420
5.49952793121	-1340
5.50643992424	-602
5.51365995407	-1420
5.51366591454	-1340
5.53182506561	543
5.53371405602	543
5.5515499115	543
5.63574409485	-353
5.65266704559	543
5.65291500092	543
5.65313792229	1460
5.65318489075	1139
5.65369009972	543
5.65392208099	543
5.78311800957	-1086
5.80332398415	-1380
5.83558487892	-1420
5.83560109138	-1420
5.83565998077	-1300
5.83706593513	543
5.84591507912	-1420
5.84593105316	-1420
5.84598898888	-1300
5.84774708748	-1420
5.84779405594	-1420
5.84779691696	-1300
5.84939193726	-1420
5.84939789772	-1420
5.84943199158	-1300
5.84943389893	-1380
5.84945201874	-1420
5.84945487976	-1340
5.84957289696	-1380
5.84992289543	543
5.85043001175	543
5.85150790215	543
5.93296408653	-1420
5.93299102783	-1420
5.93304800987	-1420
5.93305110931	-1260
5.93321990967	543
5.96516990662	-1420
5.96518707275	-1420
5.96527099609	-1420
5.96527409554	-1260
5.96531605721	-1380
5.96531891823	-1380
5.97535800934	-1420
5.97538304329	-1420
5.975440979	-1420
5.97544288635	-1420
5.97547888756	-1420
5.97548103333	-1180
5.97564101219	543
5.97707700729	-1420
5.97708201408	-1420
5.97711491585	-1300
5.97718691826	-1420
5.97723603249	-1420
5.97723793983	-1300
5.97885799408	-1420
5.97886395454	-1420
5.97896003723	-1300
5.97896194458	-1420
5.97900700569	-1420
5.97900891304	-1300
5.97907209396	-1420
5.97907400131	-1340
5.97946095467	-1420
5.97946596146	-1420
5.97949790955	-1420
5.97950005531	-1260
5.97958993912	543
5.98022294044	-1420
5.98022794724	-1340
5.99996209145	543
6.06259703636	-1420
6.06262302399	-1420
6.06267809868	-1420
6.0626809597	-1420
6.06271791458	-1420
6.06272006035	-1420
6.06276106834	-1140
6.06276392937	-1380
6.06297802925	543
6.09485387802	-1420
6.09487509727	-1420
6.09493398666	-1420
6.09493708611	-1420
6.09497404099	-1420
6.09497594833	-1420
6.09501194954	-1140
6.09501504898	-1420
6.09505009651	-1420
6.09505295753	-1300
6.09508895874	-1380
6.09542798996	543
6.09857797623	543
6.10452103615	1460
6.10463690758	1139
6.10479688644	-1420
6.10480093956	-1420
6.10485506058	-1300
6.1048579216	-1380
6.10489606857	-1420
6.1048989296	-1340
6.1049349308	-1420
6.10514998436	-1420
6.10517191887	-1300
6.10517501831	-1420
6.10519194603	-1340
6.1051940918	-1380
6.10650205612	-1420
6.10650801659	-1340
6.10656905174	-1380
6.10657191277	-1420
6.10660910606	-1340
6.10672593117	543
6.1069560051	-1420
6.10696005821	-1420
6.10700106621	-1300
6.10700297356	-1420
6.10703897476	-1420
6.10705208778	-1300
6.10708808899	-1380
6.10725903511	543
6.10858798027	-1380
6.10869407654	-1420
6.1087179184	-1420
6.10872101784	-1420
6.10874295235	-431
6.11050605774	-1420
6.11052703857	-1340
6.11862301826	-1420
6.11868810654	-1420
6.11869192123	-1300
6.12226700783	-1380
6.1969769001	-1420
6.19699692726	-1420
6.1970539093	-1300
6.20055603981	543
6.2106590271	-1380
6.21068310738	-1380
6.23812603951	-414
6.24001789093	-1420
6.24008107185	-1340
6.25373291969	-1420
6.25380110741	-1340
6.36950802803	-735
6.37249994278	543
6.37343096733	543
6.37726998329	-1420
6.37729096413	-1340
6.39129400253	-1420
6.39131689072	-1420
6.39138007164	-1300
6.39138293266	-1420
6.39142107964	-1340
6.39142298698	-1420
6.39147496223	-1420
6.39147901535	-1300
6.39154410362	-1420
6.39155507088	-1340
6.39168190956	-1420
6.39168405533	-1340
6.39187908173	-1420
6.39188194275	-1420
6.39188194275	-1300
6.39194488525	-1420
6.39194703102	-1340
6.3919479847	-1380
6.39204788208	-1420
6.39205002785	-1340
6.39221906662	-1420
6.39223098755	-1420
6.3922328949	-1300
6.39243102074	1057
6.39258909225	-1420
6.39260101318	-1420
6.39264011383	-1300
6.40505099297	-1420
6.40511894226	-1340
6.40689492226	-1420
6.40694904327	-1420
6.4069519043	-1420
6.40703010559	-1420
6.40703296661	-1420
6.40708708763	-1180
6.40708899498	-1380
6.40713191032	-1420
6.40713500977	-1340
6.40716791153	-1420
6.40717101097	-1340
6.40720510483	-1380
6.40735602379	543
6.42041301727	-1420
6.42043590546	-1340
6.43747210503	-1420
6.43748688698	-1340
6.50671100616	-1068
6.50723004341	543
6.64025902748	-1420
6.64028310776	-1420
6.64036202431	-1300
6.65443491936	-1420
6.65451002121	-1340
6.67623591423	-412
6.8032310009	-1420
6.80324888229	-1340
6.80389904976	-1380
6.80401611328	1057
6.80413889885	-1420
6.80414295197	-1420
6.80419301987	-1420
6.80419492722	-1420
6.80425906181	-1220
6.8042640686	-1420
6.80433893204	-1340
6.80434989929	-1420
6.80439591408	-1340
6.80466508865	-1380
6.80476093292	-1380
6.80527210236	-1420
6.80531597137	-1340
6.80535387993	-1380
6.80558490753	-1017
6.81704998016	-1420
6.81710910797	-1420
6.81711411476	-1300
6.83111310005	-1420
6.83113789558	-1420
6.83117604256	-1300
6.83129501343	543
6.93503808975	-1117
6.96209597588	543
6.98804807663	-543
7.00007200241	543
7.27517390251	-1420
7.27520394325	-1420
7.27528309822	-787
7.28919005394	-1380
7.40531992912	-1219
7.9989900589	543
10.0006349087	543
10.9343159199	-543
11.1146070957	-543
11.374309063	1057
