0	-543
0.142946004868	543
0.143014907837	543
0.564652919769	543
0.796540021896	-543
0.796835899353	543
1.01407790184	-543
1.04651594162	-1368
1.04655885696	-1368
1.21680283546	-377
1.22904706001	543
1.45548605919	-543
1.45576786995	543
1.4559378624	1368
1.58419895172	203
1.67044401169	-543
1.70339202881	-1368
1.7034740448	-1368
1.73506689072	-1368
1.82010698318	-1368
1.85175800323	-1368
1.85183501244	-1368
1.85705304146	-1368
1.86167693138	-1368
1.86170887947	-1368
1.86173295975	-1368
1.8835709095	-1368
1.93639492989	-1368
1.93645787239	-1368
1.93648886681	-1368
1.96997785568	-1368
1.97004890442	-1368
2.14475083351	-620
2.18475294113	543
2.23760199547	1368
2.36572694778	746
2.40718197823	-543
2.53550696373	-1057
2.53556799889	543
2.60949397087	-1368
2.60955500603	-1368
2.60960197449	-1368
2.62511897087	-1368
2.62518906593	-1368
2.62520194054	-1368
2.62694096565	-1368
2.62697505951	-1368
2.62700390816	-1368
2.64098405838	-1368
2.64105892181	-1368
2.64107298851	-1368
2.66073083878	-1368
2.66077589989	-1368
2.66081690788	-1368
2.66133284569	-1368
2.66137099266	-1368
2.66138386726	-1368
2.69213294983	-1368
2.69217705727	543
2.69219303131	-1368
2.69220495224	-1368
2.7010819912	-1368
2.70206189156	-1368
2.70208692551	-1368
2.70292901993	-1368
2.70295500755	-1368
2.70298504829	-1368
2.70343804359	-1368
2.70345592499	-1368
2.70348501205	-1368
2.7335319519	-1368
2.73357391357	-1368
2.73358392715	-1368
2.77316093445	-1368
2.77319383621	-1368
2.77322006226	-1368
2.80521202087	-1368
2.80528688431	-1368
2.80530786514	-1368
2.92026495934	-858
2.92032504082	543
2.9208509922	1368
3.0490128994	1289
3.14340186119	543
3.30091500282	-543
3.33296990395	-1368
3.33298897743	-1368
3.34161090851	-1368
3.34245896339	-1368
3.34248399734	-1368
3.3425090313	-1368
3.34326601028	-1368
3.34334802628	-1368
3.34336590767	-1368
3.3476190567	543
3.36462688446	-1368
3.36472606659	-1368
3.36476993561	-1368
3.39623188972	-1368
3.39636206627	-1368
3.39638400078	-1368
3.50749397278	-1368
3.5075199604	543
3.63549685478	-77
3.77198290825	-1368
3.77218699455	543
3.90010786057	-261
4.06469202042	-543
4.19294095039	-543
4.19460391998	543
4.42359495163	-543
4.58881902695	-1086
4.60849285126	543
4.82087898254	-543
4.82137203217	543
5.03988599777	-543
5.07327103615	-1368
5.07333683968	-1368
5.10592103004	-1368
5.11613583565	543
5.2339348793	-95
5.34515094757	543
5.41686892509	-543
5.54515600204	-543
5.54937005043	543
5.67751002312	-543
5.76921486855	-1368
5.76928591728	-1368
5.76932787895	-1368
5.76944994926	-1368
5.80051803589	-1368
5.80062603951	-1368
5.8007080555	-1368
5.80884885788	-1368
5.80977201462	-1368
5.80990099907	-1368
5.80994105339	-1368
5.81035399437	-1368
5.8104019165	-1368
5.81041193008	-1368
5.81042504311	-1368
5.81043100357	-1368
5.81045103073	-1368
5.81133389473	543
5.84988188744	-1368
5.84994101524	-1368
5.84997391701	-1368
5.85011792183	-1368
5.85019183159	-1368
5.85020685196	-1368
5.88120698929	-1368
5.88130903244	-1368
5.88136506081	-1368
5.88990592957	-1368
5.89056897163	-1368
5.89059686661	-1368
5.89133191109	-1368
5.89137101173	-1368
5.89141988754	-1368
5.89176487923	-1368
5.89179992676	-1368
5.89181685448	-1368
5.91262984276	-1368
5.91270494461	-1368
5.91274285316	-1368
5.93184685707	-1368
5.93191695213	-1368
5.93192601204	-1368
5.93214201927	-1368
5.93216705322	-1368
5.93219590187	-1368
5.94422984123	-1368
5.94428706169	1086
5.9443218708	-1368
5.94433498383	-1368
5.97110390663	-1368
5.97162604332	-1368
5.97167396545	-1368
6.0028488636	-1368
6.00291800499	-1368
6.00292992592	-1368
6.01127696037	-1368
6.04294204712	-1368
6.04302191734	-1368
6.17212605476	-537
6.17217993736	1057
6.40006089211	1057
6.70973300934	-543
6.73151183128	-1368
6.73158788681	-1368
6.74908494949	-1368
6.75684690475	-1368
6.75689792633	-1368
6.75694394112	-1368
6.75695800781	-1368
6.77364492416	1057
6.82735204697	-1368
6.8273999691	-1368
6.82743000984	-1368
6.99291086197	-1002
7.0403149128	-1368
7.04039788246	-1368
7.04042005539	-1368
7.07177686691	-1368
7.08325004578	-1368
7.08332490921	-1368
7.08334088326	-1368
7.08505797386	-1368
7.08511590958	-1368
7.08676600456	-1368
7.08682084084	-1368
7.08683395386	-1368
7.11506605148	-1368
7.11512303352	-1368
7.11515593529	-1368
7.1265308857	-1368
7.12660598755	-1368
7.12661886215	-1368
7.12751483917	-1368
7.12754797935	-1368
7.12757897377	-1368
7.12812495232	543
7.14657187462	-1368
7.1466588974	-1368
7.14672803879	-1368
7.16603589058	-1368
7.1661169529	-1368
7.16613197327	-1368
7.16934990883	-1368
7.16939401627	-1368
7.1694278717	-1368
7.17044997215	-1368
7.17050790787	-1368
7.17052197456	-1368
7.19657897949	-1368
7.19663786888	-1368
7.19669604301	-1368
7.20889186859	-1368
7.20896601677	-1368
7.20897889137	-1368
7.20994997025	-1368
7.20999503136	-1368
7.21002101898	-1368
7.24012994766	-1368
7.24021983147	-1368
7.24023294449	-1368
7.24696803093	-1368
7.24703288078	-1368
7.24708485603	-1368
7.24787783623	-1368
7.24792695045	-1368
7.24793696404	-1368
7.24830198288	-1368
7.24836087227	-1368
7.24837803841	-1368
7.2716460228	-1368
7.2717218399	1086
7.27175283432	-1368
7.27177500725	-1368
7.28849101067	-1368
7.28854894638	-1368
7.28859496117	-1368
7.28930187225	-1368
7.28933906555	-1368
7.28935885429	-1368
7.32012486458	-1368
7.3201789856	-1368
7.3202149868	-1368
7.32874894142	-1368
7.32882189751	-1368
7.32883501053	-1368
7.35151004791	-1368
7.35157990456	-1368
7.35163283348	-1368
7.49914288521	-1099
7.49923396111	1086
7.50437998772	1368
7.63263392448	232
7.82085990906	-543
7.82120203972	543
7.82439684868	-1368
7.82444906235	-1368
7.84919786453	-1368
7.84926104546	-1368
7.85410904884	-1368
7.85415506363	-1368
7.85418891907	-1368
7.85579204559	-1368
7.8558280468	-1368
7.85584497452	-1368
7.85914802551	-1368
7.85920500755	-1368
7.85923504829	-1368
7.88874697685	-1368
7.88888692856	-1368
7.8889169693	-1368
7.8948738575	-1368
7.89492702484	-1368
7.89495801926	-1368
7.89661383629	-1368
7.89666795731	-1368
7.89667987823	-1368
7.92632102966	-1368
7.92638993263	-1368
7.92642092705	-1368
7.93607902527	-1368
7.93616199493	-1368
7.93617606163	-1368
7.93679499626	1368
7.93737697601	-1368
7.93740105629	-1368
7.93744206429	-1368
7.93819785118	-1368
7.9382250309	-1368
7.93825101852	-1368
7.95807695389	-1368
7.95814085007	261
7.95816993713	-1368
7.95818185806	-1368
7.97486400604	-1368
7.97492194176	-1368
7.9749648571	-1368
7.97583985329	-1368
7.9758708477	-1368
7.97588992119	-1368
8.00629997253	-1368
8.00636005402	-1368
8.00639796257	-1368
8.01268291473	-1368
8.01279187202	-1368
8.01280593872	-1368
8.0377368927	-1368
8.03779292107	-1368
8.03785800934	-1368
8.06936383247	-1368
8.06949591637	-1368
8.06950688362	-1368
8.18658804893	-305
8.18668484688	543
8.30206203461	1368
8.41826105118	775
8.5343940258	-543
8.56735992432	-1368
8.56744384766	-1368
8.65451002121	-1368
8.7631008625	-1368
8.76316094398	-1368
8.76320290565	-1368
8.7638938427	543
8.79459786415	-1368
8.97695493698	-936
8.9770629406	1086
8.98091292381	1368
9.01697206497	-1368
9.02916193008	-1368
9.06076097488	-1368
9.10916805267	-638
9.10929894447	804
9.11967492104	1368
9.23751401901	-1086
9.23759293556	232
9.26887798309	-1368
9.34457802773	-1368
9.39751005173	-1368
9.39757394791	543
9.52585601807	-1210
9.52592396736	543
9.52758288383	-1368
9.52761697769	-1368
9.54009103775	-1368
9.5401289463	-1368
9.54015493393	-1368
9.54167199135	-1368
9.54175186157	-1368
9.54176282883	-1368
9.56990098953	-1368
9.56994795799	-1368
9.56998085976	-1368
9.60163998604	-1368
9.60173106194	-1368
9.60174894333	-1368
9.68566393852	-1368
9.68571591377	543
9.75916600227	-1368
9.75922584534	-1368
9.75927186012	-1368
9.76120400429	-1368
9.76125502586	-1368
9.79051303864	-1368
9.79057383537	-1368
9.79058694839	-1368
9.79059886932	-1368
9.795388937	-1368
9.79541897774	-1368
9.79543399811	-1368
9.79696583748	-1368
9.79698705673	-1368
9.7970058918	-1368
9.82216906548	-1368
9.82221102715	543
9.82222700119	-1368
9.82223391533	-1368
9.83383202553	-1368
9.83389091492	-1368
9.83391785622	-1368
9.83477091789	-1368
9.83482694626	-1368
9.83483886719	-1368
9.83555793762	-1368
9.83560299873	-1368
9.86252903938	-1368
9.86258196831	-1368
9.86261200905	-1368
9.87814497948	-1368
9.87828683853	-1368
9.87831091881	-1368
9.87940502167	-1368
9.87943983078	-1368
9.87945890427	-1368
9.87946391106	-1368
9.90976500511	-1368
9.90981984138	-1368
9.9098470211	-1368
9.91033196449	1368
9.91607189178	-1368
9.9161260128	-1368
9.91615200043	-1368
9.91769695282	-1368
9.91775202751	-1368
9.91775989532	-1368
9.91820287704	-1368
9.91822504997	-1368
9.91825294495	-1368
9.94146490097	-1368
9.94153785706	-1368
9.94154787064	-1368
9.95708489418	-1368
9.95716285706	261
9.95719885826	-1368
9.95721697807	-1368
9.9729578495	-1368
9.97301387787	-1368
9.99816989899	-1368
10.0044529438	-1368
10.0852389336	-730
10.0853168964	1086
10.3143930435	543
10.3404350281	-543
10.3612258434	1368
10.4893488884	261
10.5325260162	-543
10.696573019	-543
10.8607258797	-1086
10.8609929085	543
11.072206974	-543
11.1042120457	-1368
11.1042869091	-1368
11.1429359913	543
11.2488708496	-543
11.2849059105	-920
11.303442955	543
11.5150668621	-543
11.5151278973	543
11.6455659866	-543
11.7430770397	-543
11.7872378826	-543
11.9087848663	-543
11.9104049206	543
12.1240680218	-543
12.1241278648	543
12.2547328472	-543
12.4209558964	-543
12.4213559628	543
12.6381309032	-543
12.6704590321	-1368
12.6705310345	-1368
12.7765550613	1057
12.840793848	-920
12.993778944	-543
12.9938390255	543
13.2047059536	-543
13.6893010139	-543
14.143009901	543
14.1430430412	543
