0	543
1.87906885147	-543
3.86324286461	543
4.15242385864	-543
4.15263986588	543
4.44456291199	-543
4.47773694992	-1420
4.47778701782	-1316
4.61104297638	-377
4.61383485794	543
4.90456104279	-543
4.909968853	543
4.91199302673	1460
4.91204404831	111
4.99997091293	543
5.00006604195	543
5.20103192329	-543
5.23434901237	-1420
5.23441886902	-1316
5.34986400604	-1368
5.3676469326	-1123
5.45800185204	-1420
5.45806694031	-1420
5.45810604095	-1420
5.45814204216	-1420
5.45818185806	-1420
5.45821690559	-1108
5.45848202705	543
5.45863890648	-1368
5.48275089264	-1368
5.50109696388	-1420
5.50112485886	-1232
5.60645699501	-1420
5.6064748764	-1316
5.6344139576	-920
5.66460204124	543
5.68344402313	1460
5.68581485748	111
5.76044797897	543
5.91693782806	-543
5.95414090157	-543
6.00007605553	543
6.00013494492	543
6.02336192131	-543
6.10667586327	-1368
6.10766792297	-1368
6.10786795616	-1420
6.10790991783	-1316
6.10800695419	-1420
6.10805296898	-1420
6.10808587074	-1264
6.10821890831	-1368
6.10827898979	543
6.12658500671	-111
6.14379501343	-1420
6.14385199547	-1420
6.14385700226	-1264
6.169713974	-543
6.22227096558	-1420
6.2222878933	-1420
6.22234392166	-1264
6.22305202484	-1420
6.22316598892	-1420
6.22316884995	-1264
6.22320890427	-1420
6.22321105003	-1420
6.22324585915	-1264
6.24105501175	-1368
6.24125003815	543
6.25515604019	-1420
6.25517082214	-1420
6.2552280426	-1264
6.2770819664	-1105
6.33787798882	-1420
6.33794784546	-1420
6.33800983429	-1264
6.33801293373	-1420
6.33805394173	-1420
6.33805704117	-1264
6.33810186386	-1420
6.33810400963	-1420
6.33816599846	-1264
6.33816790581	-1368
6.33821582794	-1420
6.33821797371	-1316
6.33825182915	-1368
6.3384578228	543
6.37042784691	-1420
6.37045288086	-1316
6.4515709877	-902
6.45179605484	543
6.45194983482	543
6.45232200623	543
6.45384097099	543
6.58208489418	-543
6.62613487244	-543
6.87685704231	-543
6.91012692451	-1420
6.91019296646	-1316
6.92676091194	-1368
6.93045592308	-1420
6.93046188354	-1316
6.94325304031	-1420
6.94326305389	-1420
6.94331502914	-1264
6.94430303574	543
6.94603300095	543
6.99286103249	-1368
7.0142698288	-1420
7.01432490349	-1316
7.02495002747	-1420
7.02500200272	-1420
7.02500486374	-1264
7.0434589386	-670
7.04716801643	-1368
7.18043804169	-717
7.35441398621	-543
7.48749494553	-543
7.49997091293	543
7.81088495255	-543
7.9835100174	-543
7.99089193344	543
7.99994802475	543
8.29662585258	-543
8.46950888634	-543
8.47869205475	543
8.76899504662	-543
8.76920700073	543
9.06222391129	-543
9.09533596039	-1420
9.0953848362	-1316
9.20791697502	-1368
9.21087789536	543
9.22849202156	-95
9.23037099838	543
9.53068685532	-543
9.66402292252	-1086
9.66476488113	543
9.95518994331	-543
9.955493927	-1420
9.95560598373	-1420
9.95561003685	-1264
9.95564603806	-1420
9.95564889908	-1316
9.98856401443	-1420
9.98857998848	-1420
9.98863482475	-1264
9.98878884315	543
10.0001659393	543
10.0779588223	-1420
10.0779778957	-1420
10.0780348778	-1264
10.078152895	-1368
10.0788328648	-1420
10.0788378716	-1420
10.0788938999	-1264
10.0788960457	-1368
10.079048872	543
10.0793130398	-1420
10.0793190002	-1316
10.0793499947	-1368
10.0887880325	-1055
10.1098849773	-1420
10.109899044	-1316
10.1107258797	-1420
10.1107318401	-1316
10.1869168282	-1420
10.1869368553	-1420
10.1869909763	-1420
10.1869950294	-1420
10.1870369911	-1160
10.1870398521	-1420
10.187073946	-1420
10.1870770454	-1420
10.1871109009	-1212
10.187281847	-1420
10.1873219013	-1316
10.1873250008	-1420
10.1873419285	-1420
10.1873438358	-1420
10.1873600483	-1212
10.1873710155	-1368
10.1876130104	543
10.2202010155	-1420
10.2202179432	-1420
10.220263958	-1420
10.2202670574	-1420
10.2202839851	-1420
10.2202858925	-1420
10.2203099728	-1420
10.2203118801	-1004
10.2205200195	543
10.2218518257	-1166
10.3019280434	-1420
10.3019449711	-1420
10.3019988537	-1420
10.3020019531	-1420
10.3020370007	-1420
10.3020398617	-1108
10.3347890377	-1368
10.3349468708	543
10.3977899551	-1363
10.5301530361	1057
10.9768610001	-543
10.9774980545	-1368
10.9776668549	-1420
10.9777069092	-1420
10.9777460098	-1264
10.977782011	-1368
10.9926710129	1057
11.0096080303	-1420
11.0096340179	-1420
11.0096719265	-1264
11.0926990509	-1368
11.1100158691	-198
11.2432329655	-1057
11.4414079189	-543
11.4416370392	-1368
11.4418299198	-1420
11.4418799877	-1316
11.4419150352	-1420
11.4419188499	-1316
11.47488904	-1420
11.4749059677	-1420
11.4749538898	-1264
11.5571780205	-1420
11.5571949482	-1420
11.5573120117	-1420
11.5573148727	-1420
11.5573599339	-1420
11.5573630333	-1108
11.5573968887	-1420
11.5573999882	-1316
11.5574338436	-1368
11.5577058792	543
11.5580649376	-1420
11.5580699444	-1420
11.5581109524	-1264
11.5581848621	543
11.5746338367	-744
11.5902249813	-1420
11.5902910233	-1420
11.59029603	-1264
11.6724598408	-1420
11.6724779606	-1420
11.6725418568	-1420
11.6725459099	-1420
11.6725718975	-1420
11.6725749969	-1420
11.672590971	-1056
11.6725928783	-1420
11.6726078987	-1316
11.6727569103	-1420
11.6727979183	-1420
11.6727998257	-1264
11.6730289459	-1368
11.6731119156	543
11.673377037	-1420
11.6733808517	-1316
11.705534935	-1420
11.705550909	-1420
11.7056119442	-1420
11.7056150436	-1420
11.7056589127	-1420
11.7056620121	-1420
11.7056968212	-1420
11.705698967	-1004
11.7057328224	-1368
11.7236578465	-1137
11.7879128456	-1420
11.7879309654	-1420
11.7880139351	-1264
11.788025856	-1420
11.788064003	-1316
11.788066864	-1420
11.7881448269	-1420
11.7881479263	-1264
11.7882249355	-1420
11.7882268429	-1316
11.7882618904	-1420
11.7882640362	-1316
11.7883489132	-1420
11.7883598804	-1316
11.7884688377	-1420
11.7884719372	-1420
11.7885088921	-1264
11.788588047	-1368
11.7886810303	-1420
11.788684845	-1316
11.7888820171	543
11.7890238762	543
11.8207569122	-1420
11.8207850456	-1316
11.8569939137	-636
11.8575718403	1057
11.8580639362	543
12.0083239079	543
12.2365548611	-543
12.236771822	-1420
12.23681283	-1316
12.2369229794	-1420
12.2369618416	-1420
12.236964941	-1264
12.2370738983	543
12.2374629974	-1420
12.2374670506	-1420
12.2375128269	-1264
12.2376170158	-1420
12.2376639843	-1316
12.2699110508	-1420
12.269974947	-1420
12.2699790001	-1264
12.3530688286	-1420
12.3530879021	-1420
12.3531370163	-1264
12.3531398773	-1420
12.3531570435	-1420
12.3531589508	-1264
12.3535170555	-1420
12.3535208702	-1420
12.3535559177	-1264
12.3537759781	-1420
12.3538689613	-1420
12.3538718224	-1264
12.3539159298	-1420
12.3539190292	-1420
12.3539528847	-1264
12.3539638519	-1420
12.3539988995	-1316
12.3540699482	-1368
12.354323864	543
12.354487896	543
12.3701579571	-776
12.3860249519	-1368
12.467828989	-1368
12.4678528309	-1420
12.467911005	-1316
12.467913866	-1368
12.4680299759	-1420
12.4680318832	-1316
12.468130827	-1420
12.4681339264	-1420
12.4681830406	-1264
12.4681859016	-1368
12.4682588577	-1420
12.4682619572	-1316
12.4684050083	-1368
12.4685649872	543
12.4686119556	-1420
12.468613863	-1316
12.4687600136	-1420
12.4687619209	-1420
12.4687628746	-1264
12.5010290146	-1420
12.5010449886	-1420
12.501101017	-1420
12.5011029243	-1212
12.5030808449	-325
12.5032119751	543
12.5791039467	1057
12.597632885	543
12.9129009247	-543
12.9460790157	-1420
12.9461328983	-1316
12.9644229412	-1368
12.9646129608	543
12.9789760113	-1420
12.9789910316	-1316
12.9809238911	543
12.9811630249	543
13.0275189877	-1368
13.046061039	-190
13.0617618561	-1368
13.179404974	-1260
13.17968297	543
13.1798360348	543
13.180480957	543
13.1809699535	543
13.4720499516	-543
13.5889420509	-1420
13.589001894	-1316
13.6208209991	-1420
13.6208899021	-1316
13.6446478367	-1326
13.7265119553	-1368
13.7294569016	543
13.740418911	1057
13.7778730392	-804
13.7781088352	543
13.8152449131	-543
13.911785841	-543
13.9321529865	543
14.0000238419	543
14.0450618267	-543
14.1654570103	-1368
14.1658039093	-1420
14.1658468246	-1420
14.1658840179	-1264
14.1752238274	-1420
14.1752359867	-1316
14.1783180237	-1189
14.2578148842	-1420
14.2578418255	-1420
14.2579460144	-1264
14.2579488754	-1368
14.2579920292	-1420
14.2579948902	-1316
14.2907409668	-1420
14.2907650471	-1316
14.351598978	-509
14.3517949581	543
14.3820679188	-1420
14.3820919991	-1316
14.3821349144	-1420
14.3821380138	-1420
14.382174015	-1420
14.3821759224	-1212
14.3821928501	-1420
14.3821969032	-1316
14.3824119568	-1420
14.3824150562	-1316
14.3825349808	-1368
14.3825998306	543
14.3870868683	543
14.4065129757	-1420
14.4065279961	-1420
14.4065828323	-1264
14.4067139626	543
14.4848248959	-612
14.4968178272	-1420
14.4969098568	-1420
14.4969148636	-1420
14.4969580173	-1420
14.4969608784	-1420
14.4970018864	-1420
14.4970040321	-1056
14.4970378876	-1368
14.4970400333	-1368
14.4973888397	-1420
14.4973938465	-1420
14.4974548817	-1264
14.4974579811	-1420
14.4975428581	-1420
14.4975450039	-1264
14.4975788593	-1368
14.4976909161	543
14.5292799473	-1420
14.529296875	-1316
14.6128458977	-1420
14.6128809452	-1420
14.612954855	-1420
14.6129579544	-1212
14.6130540371	-1420
14.6130568981	-1316
14.6130919456	-1420
14.6130950451	-1420
14.6131739616	-1420
14.6131858826	-1212
14.6132440567	-1368
14.6132469177	-1368
14.6132848263	-1420
14.6132879257	-1420
14.6133308411	-1420
14.6133339405	-1212
14.61343503	-1420
14.613437891	-1420
14.6134388447	-1264
14.6134409904	-1420
14.6134419441	-1420
14.6134428978	-1264
14.6137418747	543
14.6139400005	543
14.6300969124	-1032
14.6447949409	-1420
14.6448619366	-1420
14.6448659897	-1264
14.7633328438	-609
14.8015019894	543
14.9351379871	-543
14.9980158806	543
15.2326579094	-543
15.2336599827	543
15.234995842	543
15.2426629066	543
15.2554090023	-543
15.4298379421	-543
15.5255699158	-543
15.6984620094	-543
15.8715779781	-543
15.8717479706	543
16.1884839535	-543
16.2210788727	-1420
16.2211699486	-1316
16.3544659615	-920
16.3642959595	543
16.3665459156	543
16.6544108391	-543
16.9620330334	-543
16.9831278324	1057
17.1169438362	-543
17.1199109554	543
17.1205379963	543
17.2731590271	-543
17.5475449562	-543
17.6926279068	-543
17.7205309868	-1086
17.7208778858	543
18.0144219398	-543
18.0466909409	-1420
18.0467269421	-1316
18.1801428795	-920
18.1869750023	543
18.4772260189	-543
18.9902260303	1057
19.2813210487	-543
