0	-51
0.0002281665802	38
0.124767065048	-1420
0.124786138535	-100
0.12522315979	1057
0.250586986542	-543
0.251322984695	543
0.457708120346	-543
0.458404064178	543
0.890902996063	-543
1.13407111168	-543
4.07447004318	543
4.45521616936	-543
4.45544409752	543
4.6170501709	543
4.8012239933	-543
4.84630703926	-1420
4.8463549614	-1316
4.95865416527	-920
4.96115207672	543
4.96276211739	543
4.96841597557	543
5.29429793358	-543
5.35159397125	-543
5.35178995132	543
5.47403907776	-543
5.47426700592	543
5.61681008339	543
5.65634703636	-543
5.81967711449	-543
5.89897799492	-1420
5.89905309677	-1316
5.97198009491	-920
5.97407507896	543
5.97577595711	543
6.274132967	-543
6.28601813316	543
6.33886098862	-543
9.62590408325	543
10.4648361206	-543
15.0964910984	543
15.0980269909	543
15.6374781132	-543
15.6459600925	543
16.1148180962	543
16.1166350842	543
16.4484050274	-543
16.4485831261	543
17.1264650822	543
17.1265990734	1057
17.4566891193	-543
17.5690190792	-543
18.1467380524	543
18.1468310356	543
18.4904420376	-543
18.5627851486	543
18.9141480923	-543
18.914358139	543
19.2592871189	-543
19.3064100742	-1420
19.3064711094	-1316
19.4116210938	-920
19.4136209488	543
19.4143800735	543
19.6182589531	543
19.7386670113	-543
20.0424931049	-543
20.0434479713	-1420
20.0434830189	-1316
20.0469400883	-1368
20.0477731228	-1420
20.0478179455	-1316
20.0488491058	-1420
20.0488920212	-1316
20.0489311218	-1368
20.1547739506	-1023
20.1722891331	-1420
20.1723599434	-1420
20.1724121571	-1264
20.178456068	-1420
20.17852211	-1420
20.178565979	-1264
20.178964138	-1420
20.1789679527	-1316
20.1797270775	-1368
20.1808941364	-1420
20.1809179783	-1316
20.1815731525	-1368
20.1823019981	-1420
20.1823050976	-1316
20.1859560013	543
20.2072350979	543
20.2104260921	543
20.2125041485	-1420
20.2125091553	-1316
20.2218670845	543
20.2667880058	-48
20.2669150829	543
20.6049790382	-543
20.650083065	-543
20.6502740383	543
20.7768399715	-543
20.7770340443	543
20.8895311356	-543
20.889770031	543
21.002491951	-543
21.0357451439	-1420
21.0358200073	-1316
21.1357319355	-1368
21.1383500099	543
21.1390450001	1460
21.139095068	625
21.1477930546	-95
21.1794190407	-1420
21.1794891357	-1316
21.2916970253	-891
21.2937481403	543
21.3515570164	-1420
21.3515751362	-1316
21.4286420345	-1368
21.4591691494	-95
21.4768691063	-1420
21.4768869877	-1316
21.5712640285	-920
21.5737631321	543
21.6420559883	-1420
21.6420719624	-1420
21.642136097	-1264
21.6426520348	-1420
21.6427061558	-1316
21.6433370113	-1368
21.6769609451	-1420
21.6769850254	-1316
21.6773309708	-1368
21.6833000183	-198
21.7015571594	-1420
21.7015810013	-1316
21.705121994	-1420
21.7051270008	-1316
21.705286026	-1368
21.7464711666	-1420
21.7464840412	-1316
21.7680561543	-1368
21.7682960033	543
21.769411087	-1420
21.7694261074	-1316
21.769600153	-1368
21.7699429989	-1420
21.7699990273	-1420
21.7700021267	-1264
21.7798540592	-1420
21.7798781395	-1420
21.7799329758	-1264
21.7892911434	-1420
21.7893810272	-1420
21.7893841267	-1264
21.7894320488	-1420
21.7894339561	-1420
21.7894721031	-1264
21.7896311283	543
21.7955391407	-1420
21.7955451012	-1420
21.795593977	-1420
21.7955970764	-1212
21.7956900597	-565
21.8020181656	543
21.8138840199	-1420
21.8138999939	-1420
21.8139591217	-1264
21.8528110981	-1420
21.8528790474	-1420
21.8528831005	-1264
21.8557109833	-1420
21.8557159901	-1316
21.8566999435	-1368
21.8616161346	-1420
21.8616631031	-1420
21.8616659641	-1264
21.864495039	-1420
21.8645000458	-1316
21.8808701038	-1368
21.9031469822	-1420
21.9032189846	-1316
21.9032239914	-1368
21.9034099579	543
21.913408041	-1420
21.9134230614	-1420
21.913476944	-1264
21.9141690731	-1420
21.9142141342	-1316
21.9142899513	-1368
21.9181041718	-1420
21.9181101322	-1420
21.9181411266	-1264
21.9186401367	-1420
21.9186830521	-1316
21.9187541008	-1368
21.9239799976	-1420
21.9239850044	-1420
21.924033165	-1264
21.9241490364	543
21.9260101318	-1269
21.9273810387	-1420
21.927423954	-1316
21.9309830666	-1420
21.9310269356	-1420
21.931030035	-1264
21.9311330318	543
21.9457640648	-1368
21.9457709789	-1420
21.9458010197	-1316
21.9458031654	-1368
21.9458310604	-1420
21.9458341599	-1316
21.9458520412	-1368
21.9458539486	-1420
21.9458720684	-1420
21.9458739758	-1264
21.9458990097	-1420
21.9459021091	-1420
21.9459209442	-1264
21.9459240437	-1368
21.945925951	-1420
21.9459271431	-1316
21.9472849369	-1420
21.94728899	-1316
21.9474239349	-1368
21.9479839802	-1420
21.9479880333	-1316
21.9480400085	-1368
21.9556469917	-1368
21.9560480118	543
21.9652380943	-1420
21.9652500153	-1420
21.9652850628	-1264
21.9668719769	-1420
21.9669210911	-1316
21.969602108	-1420
21.9696490765	-1420
21.9696519375	-1264
21.9712109566	-1420
21.9712150097	-1316
21.9713590145	543
21.97539711	-1420
21.9754021168	-1420
21.9754459858	-1264
21.9807879925	-1420
21.9808461666	-1420
21.9808490276	-1264
21.9809160233	-1420
21.9809191227	-1316
21.9813289642	-1420
21.9813420773	-1420
21.9813821316	-1264
21.9825680256	543
21.9872190952	-1368
21.9932980537	-1420
21.9933590889	-1316
22.0153710842	-1420
22.0154509544	-1420
22.0154559612	-1264
22.0155010223	-1368
22.0256891251	-1420
22.0257480145	-1420
22.0257520676	-1420
22.0257980824	-1212
22.0259759426	-1420
22.0260190964	-1316
22.0261070728	543
22.0395920277	-1067
22.0427999496	-1420
22.0428509712	-1316
22.0437159538	-1420
22.0437569618	-1316
22.0438201427	-1368
22.0448889732	-1420
22.0448949337	-1316
22.0459220409	-1368
22.0460071564	543
22.0471460819	-1420
22.0471510887	-1420
22.0471949577	-1264
22.0483970642	-1420
22.0484390259	-1316
22.0492801666	-1420
22.0493350029	-1316
22.0493559837	-1368
22.0509991646	-1420
22.0510041714	-1420
22.0510370731	-1264
22.0511169434	543
22.0526101589	-1420
22.0526151657	-1316
22.0526990891	-1368
22.0541181564	-1368
22.0549881458	-1368
22.0552361012	-1368
22.0561540127	-1420
22.0561621189	-1420
22.0562181473	-1264
22.0579349995	-1420
22.0579650402	-1316
22.0581271648	-1368
22.0600969791	-1420
22.0601050854	-1316
22.0601551533	-1368
22.0667049885	-1420
22.0667581558	-1420
22.0667619705	-1264
22.0669131279	543
22.0708529949	-1420
22.070857048	-1316
22.0719840527	-1368
22.0746910572	-1420
22.0747289658	-1316
22.0755701065	-1368
22.0821101665	-1420
22.0821239948	-1316
22.083039999	-1368
22.0831310749	543
22.0843040943	-1420
22.0843081474	-1420
22.0843501091	-1264
22.0846951008	-1420
22.0847380161	-1316
22.0848109722	-1368
22.0857150555	-1368
22.0875771046	-1368
22.0876569748	543
22.0888371468	-1420
22.0888409615	-1316
22.08902812	-1368
22.0893230438	-1420
22.0893490314	-1316
22.0937049389	-1420
22.0937540531	-1420
22.0937571526	-1264
22.1027300358	-1368
22.1028599739	-1420
22.1029081345	-1316
22.1043100357	-1420
22.1043789387	-1316
22.1043820381	-1368
22.1052010059	-1420
22.1052160263	-1316
22.1053421497	-1368
22.1551270485	-1265
22.2121610641	-1368
22.2542741299	-1420
22.2542901039	-1420
22.2543511391	-1420
22.2543540001	-1212
22.2544209957	-1420
22.2544240952	-1316
22.2546310425	543
22.2586550713	-1368
22.2588379383	-1420
22.2588829994	-1316
22.2658610344	-1420
22.265912056	-1316
22.2691400051	-1420
22.2691800594	-1316
22.2736799717	-1420
22.2737309933	-1420
22.2737350464	-1264
22.2744531631	543
22.2781369686	-1420
22.278151989	-1420
22.2782111168	-1264
22.278865099	-1420
22.2789130211	-1420
22.2789151669	-1264
22.2802939415	543
22.2976510525	-1368
22.3024110794	-1420
22.3024749756	-1316
22.3024790287	-1368
22.3031990528	-1420
22.3032031059	-1420
22.3032431602	-1264
22.303524971	-1420
22.3035671711	-1316
22.3036141396	-1368
22.305052042	-1420
22.3050560951	-1316
22.3051919937	-1368
22.3071410656	-1335
22.3372249603	1460
22.337305069	1460
22.3373610973	1161
22.3375401497	603
22.3379790783	543
22.338381052	543
22.3387019634	543
22.5349769592	1460
22.5351250172	111
22.5716819763	543
22.6380310059	-543
22.6381640434	1460
22.6382269859	625
22.7229690552	-1420
22.7229881287	-1420
22.7230479717	-1264
22.7230520248	-1368
22.7231481075	-1420
22.7231521606	-1316
22.7234790325	-1368
22.7285399437	-1420
22.7286009789	-1316
22.7287900448	-1368
22.7290990353	-1420
22.7291040421	-1316
22.7291440964	-1368
22.729238987	543
22.7359991074	-1420
22.7360060215	-1420
22.7360551357	-1264
22.736593008	-1420
22.7366261482	-1420
22.7366290092	-1264
22.7367250919	543
22.7415790558	-1420
22.741587162	-1420
22.7416350842	-1264
22.748319149	-1420
22.7483661175	-1316
22.7487580776	-1368
22.7501881123	-1420
22.750193119	-1316
22.7502720356	-1368
22.7506361008	-797
22.751937151	-1420
22.7519421577	-1316
22.7521519661	-1368
22.7680840492	-1368
22.8005900383	-1420
22.8006091118	-1316
22.8016591072	-1420
22.801664114	-1420
22.801707983	-1264
22.8018140793	543
22.802781105	-1420
22.8027870655	-1420
22.8028321266	-1264
22.8046071529	-1420
22.8046519756	-1316
22.8048329353	-1368
22.8067450523	-1420
22.8067500591	-1316
22.8103370667	-1368
22.8103420734	-1368
22.8164169788	-1420
22.8164219856	-1316
22.8174779415	-1420
22.8174829483	-1316
22.817620039	-1368
22.8213670254	-1420
22.821408987	-1420
22.8214120865	-1264
22.821570158	543
22.8217070103	543
22.8247959614	-1420
22.8248081207	-1316
22.8248670101	-1368
22.8260481358	-1368
22.8265931606	-1420
22.8265991211	-1316
22.829018116	-1420
22.8290231228	-1420
22.8290629387	-1264
22.8302299976	-1420
22.8302640915	-1316
22.8303930759	-1420
22.8304350376	-1316
22.8326160908	-1420
22.8326590061	-1316
22.832752943	-1368
22.8629970551	-613
22.8752231598	-1420
22.8752911091	-1316
22.8783020973	-1420
22.8783550262	-1316
22.8784370422	-1368
22.8785729408	543
22.8799660206	-1368
22.8815579414	-1368
22.8960599899	-1420
22.8960690498	-1420
22.8961279392	-1264
22.8979270458	-1420
22.897963047	-1420
22.8979661465	-1264
22.9024450779	-1420
22.9024500847	-1316
22.907613039	-1368
22.9076220989	-1420
22.90766716	-1420
22.9076700211	-1264
22.9130439758	-1368
22.9131441116	1057
22.915307045	-1420
22.9153120518	-1316
22.9174010754	-1420
22.9174070358	-1316
22.9174721241	-1368
22.9214160442	-1420
22.9214611053	-1420
22.9214639664	-1264
22.924339056	-1420
22.9243471622	-1316
22.9244000912	-1368
22.9266769886	-1368
22.9277360439	-1420
22.9277420044	-1316
22.9278969765	-1368
22.9292221069	-1420
22.9292681217	-1316
22.9307210445	-1368
22.9325621128	-1368
22.9325771332	-1368
22.9342150688	-1368
22.9343221188	543
22.936040163	-1420
22.9360461235	-1316
22.9375441074	-1368
22.9490950108	-1420
22.9491560459	-1316
22.949160099	-1368
22.9498679638	-1368
22.9547450542	-1420
22.9547901154	-1316
22.9562089443	-1420
22.9562921524	-1316
22.9562950134	-1368
22.9746761322	-1368
22.9750151634	-1420
22.9750781059	-1316
22.9751851559	-1420
22.975235939	-145
22.9753100872	543
22.9776949883	-1420
22.9777009487	-1316
22.9779560566	-1368
22.9783899784	-1420
22.9784140587	-1316
22.9787421227	-1368
22.9803340435	543
22.9808330536	-1420
22.9808390141	-1316
22.9814491272	-1368
22.9826581478	-1420
22.9827301502	-1316
22.9827411175	-1368
22.9866261482	-1368
22.9868881702	-1368
22.9871070385	-1368
22.987390995	-1420
22.9874179363	-1316
22.9879660606	-1368
22.9900920391	-1420
22.9901101589	-1316
22.9903011322	-1368
22.9958851337	543
23.02602005	-1420
23.0260281563	-1420
23.0260829926	-1264
23.0295021534	-1420
23.0295519829	-1316
23.0297379494	-1368
23.0354349613	-1420
23.0354399681	-1420
23.0354821682	-1264
23.0409240723	-1420
23.0409760475	-1316
23.040979147	-1368
23.0514509678	-1420
23.0514659882	-1420
23.0515210629	-1264
23.0543050766	-1420
23.0543501377	-1316
23.0544581413	543
23.0545060635	-1368
23.0593500137	-1420
23.0594110489	-1420
23.0594141483	-1264
23.0595531464	543
23.0632669926	-1420
23.0632719994	-1316
23.0633251667	-1368
23.0668389797	-1368
23.0700190067	-1420
23.0700249672	-1316
23.0701861382	-1368
23.0714261532	-1420
23.0714709759	-1316
23.0727701187	-1368
23.074090004	-1420
23.0740959644	-1316
23.0754499435	-1368
23.0780031681	-1420
23.0780470371	-1316
23.0794291496	-1420
23.0794730186	-1420
23.0794761181	-1264
23.0805339813	-1368
23.0815360546	-1420
23.0815889835	-1420
23.081592083	-1264
23.0837731361	-1420
23.0837781429	-1316
23.0838470459	-1368
23.0852570534	-1420
23.0853021145	-1316
23.0861470699	-1368
23.0867869854	543
23.0871379375	-1420
23.0871429443	-1316
23.087280035	-1041
23.0878391266	543
23.0882370472	-1368
23.089427948	-1420
23.0894570351	-1316
23.0896670818	-1368
23.0904641151	-1420
23.0904691219	-1316
23.0905761719	-1368
23.0906159878	543
23.0928330421	-1368
23.0940079689	-1368
23.0950031281	-1420
23.0950131416	-1316
23.0955841541	543
23.0958981514	-1368
23.1310420036	-1420
23.131111145	-1420
23.1311149597	-1264
23.1315710545	-1420
23.1315741539	-1316
23.135874033	-1420
23.135887146	-1316
23.1359460354	-1368
23.1378779411	543
23.1385419369	-1420
23.138561964	-1316
23.1386301517	-1368
23.138764143	543
23.1408939362	-1420
23.1409080029	-1420
23.1409640312	-1264
23.1415350437	-1420
23.1415629387	-1420
23.1415650845	-1264
23.1482319832	-1420
23.1482391357	-1316
23.1616549492	-1420
23.1616690159	-1316
23.1643929482	543
23.1666829586	-1420
23.1666901112	-1420
23.1667361259	-1264
23.1675961018	-1420
23.1676440239	-1420
23.167648077	-1264
23.1737570763	-1420
23.1737611294	-1316
23.1738860607	543
23.174585104	1460
23.1746330261	1460
23.1746790409	1161
23.1748080254	89
23.1887171268	-1420
23.1887390614	-1420
23.188794136	-1264
23.1917200089	543
23.1931841373	-1420
23.1931979656	-1420
23.1932439804	-1264
23.1941649914	-1420
23.1942110062	-1316
23.195109129	-1420
23.1951630116	-1420
23.195166111	-1264
23.1981940269	-1368
23.198362112	-1368
23.200480938	-985
23.2005929947	-1420
23.2006280422	-1316
23.2010750771	543
23.201321125	-1368
23.2019171715	-1420
23.2019591331	-1316
23.2023079395	-1368
23.2146000862	543
23.2148971558	1460
23.2149441242	1460
23.2149791718	1161
23.2150509357	89
23.2153019905	1460
23.2153480053	1460
23.2153820992	1161
23.2154569626	89
23.2359850407	-1420
23.236011982	-1316
23.2364320755	-1368
23.2977349758	-1420
23.2977530956	-1316
23.300301075	-1420
23.3003060818	-1420
23.300358057	-1264
23.3008351326	543
23.304639101	-1420
23.3046441078	-1316
23.3047809601	-1368
23.3050739765	-1420
23.305106163	-1316
23.305355072	-1368
23.3126170635	-288
23.3192460537	-1368
23.3193509579	-1420
23.319355011	-1420
23.3193831444	-1264
23.3219540119	-1420
23.321999073	-1316
23.3221981525	-1368
23.322453022	-1368
23.3225231171	-1368
23.3225791454	543
23.3228340149	-1368
23.3230659962	-1420
23.323112011	-1316
23.3231720924	543
23.3235220909	-1368
23.32406497	-1420
23.3240921497	-1316
23.3240950108	-1368
23.3244190216	-1420
23.3244240284	-1316
23.3244831562	-1368
23.3264591694	-1420
23.3264870644	-1316
23.3265800476	-1368
23.3275811672	-1420
23.3275859356	-1420
23.3276281357	-1264
23.3312630653	-1420
23.3313260078	-1420
23.3313291073	-1264
23.3313660622	-1368
23.337182045	-1420
23.3372480869	-1316
23.3374619484	543
23.3389070034	-1420
23.3389129639	-1420
23.3389649391	-1264
23.338999033	-1368
23.3427529335	-1420
23.3427791595	-1316
23.342826128	-1368
23.3433580399	-1368
23.3435900211	-1368
23.3462679386	-1420
23.3463280201	-1420
23.3463320732	-1264
23.3530290127	-1420
23.3530421257	-1316
23.3531601429	-1368
23.3532879353	543
23.3537039757	-1420
23.3537089825	-1316
23.3538711071	-1368
23.3545260429	-1368
23.3546800613	543
23.3599641323	-1420
23.3599700928	-1316
23.3603291512	-1420
23.3603341579	-1420
23.3603739738	-1264
23.3633151054	-1420
23.3633830547	-1316
23.3633861542	-1368
23.3639669418	-1368
23.3740320206	-1420
23.3740620613	-1316
23.3751039505	-1368
23.3776390553	-1420
23.3776431084	-1316
23.3777620792	-1368
23.3937749863	-1420
23.3938369751	-1316
23.3967690468	-1420
23.3968250751	-1420
23.3968291283	-1264
23.3969449997	543
23.3985879421	-1420
23.3985950947	-1316
23.3988029957	-1368
23.4005701542	-1368
23.4030079842	-1420
23.403012991	-1316
23.4030611515	-1368
23.4056789875	-1420
23.4057321548	-1316
23.4080510139	-1368
23.4091801643	543
23.4108951092	-1420
23.410900116	-1316
23.4132101536	-1368
23.4153130054	-1420
23.4153680801	-1420
23.4153709412	-1264
23.4200341702	-1420
23.4200489521	-1420
23.4201049805	-1264
23.421184063	543
23.42157197	-1420
23.4215781689	-1420
23.4216229916	-1264
23.4250020981	-699
23.4250750542	-1420
23.425080061	-1316
23.4266359806	-1368
23.4285881519	-1420
23.4286580086	-1316
23.4298019409	-1368
23.432762146	-1420
23.4327659607	-1420
23.4328050613	-1264
23.4359769821	-1420
23.4360640049	-1420
23.436068058	-1264
23.440308094	-1420
23.4403140545	-1420
23.4403581619	-1264
23.440474987	543
23.4422011375	-1420
23.4422061443	-1316
23.4422399998	-1368
23.4453930855	-1420
23.4454369545	-1420
23.4454400539	-1264
23.4467310905	-1420
23.4467360973	-1316
23.4483590126	-1368
23.449821949	-1420
23.44987607	-1420
23.4498791695	-1264
23.4531800747	-1420
23.4531850815	-1316
23.4532699585	-1368
23.4533519745	543
23.4752521515	-1368
23.4815919399	-1420
23.4816510677	-1316
23.4820170403	-1368
23.4821269512	543
23.4826481342	-1420
23.482653141	-1420
23.4826841354	-1264
23.4845631123	-1420
23.4845860004	-1420
23.4845890999	-1264
23.4902191162	-1420
23.490226984	-1420
23.4902729988	-1264
23.491106987	-1420
23.4911410809	-1316
23.4950399399	-1420
23.4951069355	-1420
23.4951109886	-1264
23.5056991577	-1368
23.51029706	-1420
23.5103521347	-1316
23.5112330914	-1420
23.5112769604	-1316
23.5113539696	543
23.5203030109	-1368
23.5204229355	543
23.5211420059	-1368
23.5220029354	-1420
23.5220501423	-1316
23.5246360302	-1420
23.5246860981	-1316
23.5256471634	-1420
23.5256969929	-1420
23.5257000923	-1264
23.5328240395	-1420
23.5328309536	-1316
23.5336790085	-1368
23.5337741375	543
23.5370659828	-1420
23.5370709896	-1316
23.5371761322	-1054
23.5393640995	-1420
23.5394070148	-1420
23.5394091606	-1264
23.549421072	-1420
23.5494310856	-1420
23.5494790077	-1264
23.5516760349	-1368
23.5529389381	-1420
23.5529429913	-1316
23.5539801121	-1420
23.5539829731	-1316
23.5566511154	543
23.5643610954	-1420
23.5643701553	-1420
23.5644171238	-1264
23.5805490017	-1420
23.5806100368	-1420
23.5806131363	-1264
23.5819239616	-1368
23.5831429958	-1420
23.5831940174	-1316
23.584002018	-1420
23.5840520859	-1420
23.5840549469	-1264
23.5866320133	-1368
23.5883550644	543
23.5913169384	-1420
23.591324091	-1420
23.5913710594	-1264
23.5920009613	-1420
23.5920481682	-1420
23.5920500755	-1264
23.5944769382	-1368
23.596668005	543
23.6033630371	-1368
23.6514861584	-581
23.6649019718	-1420
23.6649110317	-1420
23.6649610996	-1264
23.6658520699	-1420
23.6658580303	-1420
23.6659040451	-1264
23.6660320759	543
23.6695930958	-1420
23.6695981026	-1420
23.6696419716	-1264
23.6745979786	-1420
23.6746461391	-1420
23.6746490002	-1264
23.6806149483	-1420
23.6806299686	-1420
23.6806731224	-1264
23.6832461357	-1420
23.6832990646	-1420
23.6833031178	-1264
23.6834349632	543
23.6840670109	-1420
23.6840729713	-1420
23.6841261387	-1264
23.6860671043	-1420
23.6861169338	-1420
23.6861200333	-1264
23.6861860752	-1368
23.6906540394	-1420
23.6906919479	-1316
23.6992609501	-1420
23.6993119717	-1420
23.6993150711	-1264
23.700314045	-1420
23.7003200054	-1420
23.7003641129	-1264
23.7063269615	-1420
23.7063751221	-1316
23.7068419456	-1368
23.7108530998	-1420
23.7108581066	-1316
23.7113730907	-1368
23.7115850449	-1368
23.7123129368	-1420
23.7123191357	-1316
23.7138550282	-1420
23.7138590813	-1420
23.713889122	-1264
23.7163181305	543
23.7220549583	-1420
23.7220611572	-1420
23.7221059799	-1264
23.7233181	-1368
23.7238471508	-1368
23.7240569592	-1420
23.7240900993	-1316
23.7268259525	-1420
23.7268640995	-1316
23.7291851044	543
23.7329530716	-1420
23.7329609394	-1420
23.7330081463	-1264
23.7372090816	-1420
23.7372720242	-1316
23.7372770309	-1368
23.7436971664	-1420
23.7437040806	-1420
23.7437479496	-1264
23.7501699924	-1368
23.7525770664	-1420
23.7525830269	-1420
23.752628088	-1264
23.7546491623	-1420
23.7546970844	-1316
23.7566349506	-1368
23.7567520142	543
23.7582931519	-1420
23.7582991123	-1316
23.7596039772	-1368
23.7609419823	-1420
23.7609910965	-1316
23.7622711658	-1368
23.763518095	-767
23.7647409439	-1420
23.7647910118	-1316
23.7660601139	-1420
23.7661089897	-1420
23.7661120892	-1264
23.7662611008	543
23.7681829929	-1420
23.7681901455	-1420
23.7682600021	-1264
23.7700691223	-1420
23.7701401711	-1420
23.7701439857	-1264
23.7709231377	-1368
23.7710151672	543
23.7717151642	-1420
23.771720171	-1316
23.772726059	-1420
23.7727310658	-1420
23.7727539539	-1264
23.7749300003	-1420
23.7750091553	-1420
23.7750120163	-1264
23.7842299938	-1420
23.7842459679	-1420
23.784304142	-1264
23.7853360176	-1368
23.786123991	-1420
23.7861299515	-1420
23.7861759663	-1264
23.7896931171	-1420
23.7897500992	-1316
23.790238142	-1368
23.7910661697	-1420
23.7910709381	-1316
23.7917950153	-1368
23.7921929359	543
23.7953550816	-1420
23.795361042	-1316
23.7963891029	-1368
23.8035011292	-1420
23.803550005	-1420
23.8035531044	-1264
23.8039791584	-1420
23.8039820194	-1316
23.8041779995	543
23.8045830727	-1368
23.8090190887	-1420
23.8090791702	-1316
23.8094761372	-1368
23.815171957	-1420
23.8151760101	-1316
23.8154549599	-1368
23.815994978	-1368
23.8167200089	-1420
23.8167259693	-1316
23.8168129921	543
23.822687149	-1420
23.8226940632	-1420
23.8227369785	-1264
23.8269131184	-1420
23.8269360065	-1316
23.8274919987	-1368
23.8323359489	-1420
23.8323400021	-1316
23.83239007	-1368
23.8329911232	543
23.8335881233	-1368
23.8370950222	-1420
23.8371510506	-1316
23.8423321247	-1420
23.8423919678	-1420
23.8423960209	-1264
23.8429181576	-1368
23.8461611271	-1420
23.8462059498	-1316
23.8468191624	-1368
23.8493361473	-1420
23.8493411541	-1316
23.849503994	-1368
23.8496661186	543
23.8504171371	-1420
23.8504221439	-1420
23.850466013	-1264
23.855050087	-1420
23.8551051617	-1316
23.8551080227	-1368
23.8552761078	543
23.8553500175	-1420
23.8553609848	-1316
23.8554739952	-1368
23.8630180359	-1420
23.8630831242	-1316
23.8630869389	-1368
23.86779809	-1420
23.8678109646	-1420
23.8678610325	-1264
23.8679831028	-1420
23.8680241108	-1316
23.8704259396	-1368
23.8706490993	-1420
23.8706531525	-1316
23.8722000122	-1420
23.872205019	-1316
23.8726990223	-1368
23.8758311272	-512
23.8839271069	-1420
23.8839459419	-1316
23.8844060898	-1368
23.8913111687	-1368
23.8913500309	-1368
23.8927049637	-1368
23.8963730335	-1368
23.9030771255	-1420
23.9031250477	-1316
23.9031970501	543
23.932008028	-1420
23.9320230484	-1420
23.9320890903	-1264
23.9334130287	-1420
23.9334590435	-1420
23.9334621429	-1264
23.9340901375	-1368
23.9348909855	-1420
23.9349250793	-1316
23.9356901646	-1368
23.9373099804	-1368
23.9373519421	-1420
23.9373941422	-1316
23.9378080368	543
23.9378530979	-1420
23.9378550053	-1316
23.938272953	-1368
23.9394509792	-1420
23.9394979477	-1316
23.9402580261	-1368
23.9410309792	-1368
23.9412441254	-1368
23.9415221214	-1368
23.9416060448	543
23.9424080849	-1420
23.9424209595	-1420
23.9424631596	-1264
23.9428920746	-1420
23.9429359436	-1316
23.9433481693	-1368
23.9440500736	-1420
23.9440641403	-1420
23.944106102	-1264
23.94581604	-1420
23.9458580017	-1420
23.9458611012	-1264
23.9463739395	-1420
23.9463789463	-1316
23.9468710423	-1420
23.946876049	-1420
23.9469201565	-1264
23.9473440647	-1420
23.9473800659	-1316
23.9474420547	-1368
23.9480640888	-1420
23.9480690956	-1316
23.9481201172	-1368
23.9484131336	-1420
23.9484570026	-1316
23.9486219883	-1368
23.9501609802	-1420
23.950165987	-1316
23.9502079487	-1368
23.9531681538	543
23.9540610313	-1420
23.9540669918	-1316
23.9541900158	-1368
23.9570491314	-1420
23.9571261406	-1316
23.9608459473	-1420
23.960901022	-1420
23.9609041214	-1264
23.9687111378	-1420
23.9687211514	-1316
23.9697971344	-1420
23.9698021412	-1420
23.9698460102	-1264
23.9699180126	543
23.9702920914	-1420
23.9702961445	-1316
23.9709811211	-1368
23.9722640514	543
23.9740240574	-1420
23.9740290642	-1316
23.9743320942	-1368
23.9748189449	-1420
23.9748599529	-1316
23.9752149582	-1368
23.979391098	-1420
23.9794039726	-1420
23.9794459343	-1264
23.9852011204	-1420
23.9852530956	-1316
23.9853560925	-1368
23.9877099991	-459
24.0235080719	-1420
24.0235691071	-1316
24.0261330605	-1368
24.026293993	543
24.0291190147	-1420
24.029127121	-1316
24.0315821171	-1368
24.0379829407	-1420
24.0380511284	-1420
24.0380549431	-1264
24.0382461548	543
24.0397660732	-1420
24.0397801399	-1420
24.0398240089	-1264
24.0442049503	-1420
24.0442700386	-1420
24.0442740917	-1264
24.047096014	-1420
24.0471100807	-1420
24.0471529961	-1264
24.0499410629	-1368
24.0513861179	-1420
24.0513911247	-1316
24.0526001453	-1420
24.0526051521	-1420
24.052644968	-1264
24.0542910099	-1420
24.0543451309	-1420
24.0543479919	-1264
24.0560760498	-1420
24.0560891628	-1420
24.0561301708	-1264
24.0579330921	-1368
24.0588281155	-1420
24.0588321686	-1316
24.0595800877	-1420
24.0595929623	-1420
24.0596330166	-1264
24.0612220764	-1420
24.0612659454	-1420
24.0612699986	-1264
24.0623731613	-1368
24.0625751019	-1420
24.0626060963	-1316
24.0633721352	-1368
24.0637209415	-1368
24.0640771389	-1420
24.0641181469	-1420
24.0641210079	-1264
24.0645461082	-1420
24.0645489693	-1420
24.0645890236	-1264
24.0648059845	543
24.0649499893	543
24.0650510788	543
24.0654489994	-1420
24.0654549599	-1420
24.06549716	-1264
24.0662591457	-1420
24.0663020611	-1420
24.0663051605	-1264
24.0686850548	-1420
24.0686910152	-1316
24.0701971054	-1420
24.0702011585	-1420
24.0702431202	-1264
24.0714521408	-1420
24.0714991093	-1420
24.0715019703	-1264
24.0725231171	-1420
24.0725281239	-1420
24.0725750923	-1264
24.0726561546	543
24.0788710117	-1368
24.0816891193	-1420
24.0817351341	-1316
24.0868501663	-1420
24.0868940353	-1420
24.0868980885	-1264
24.0882489681	-1420
24.0882539749	-1420
24.0882971287	-1264
24.0883891582	543
24.0925779343	-1420
24.0925850868	-1420
24.0926289558	-1264
24.0930891037	-1368
24.0941901207	-1368
24.0941939354	-1420
24.0942161083	-1316
24.0964131355	-1420
24.0964391232	-1316
24.0996329784	-1420
24.0996861458	-1420
24.0996890068	-1264
24.1004180908	543
24.1004681587	-488
24.104309082	-1420
24.1043701172	-1420
24.1043741703	-1264
24.1048920155	-1368
24.1051571369	-1420
24.1051831245	-1316
24.1089019775	-1420
24.1089501381	-1420
24.1089529991	-1264
24.1118891239	-1420
24.1118960381	-1420
24.1119599342	-1264
24.1144549847	-1420
24.1145191193	-1420
24.114522934	-1264
24.1147460938	-1368
24.1172549725	-1420
24.1173081398	-1420
24.1173119545	-1264
24.1207261086	-1420
24.1207430363	-1420
24.1208040714	-1264
24.12195611	-1420
24.121984005	-1316
24.1221530437	-1368
24.1284749508	-1420
24.1284911633	-1316
24.1288011074	-1368
24.1288831234	543
24.1378350258	-1420
24.1378450394	-1420
24.1378979683	-1264
24.1391010284	-1368
24.1392149925	543
24.1400611401	-1420
24.1400661469	-1420
24.140100956	-1264
24.1401610374	543
24.1419219971	-1420
24.1419270039	-1420
24.1419711113	-1264
24.1434681416	-1420
24.1434910297	-1316
24.1494309902	-1420
24.1494760513	-1420
24.1494791508	-1264
24.1521470547	-1420
24.1521601677	-1420
24.152203083	-1264
24.1561501026	-1420
24.1562161446	-1420
24.1562190056	-1264
24.1577370167	-1420
24.1577420235	-1420
24.1577730179	-1264
24.16147995	-1420
24.1615321636	-1316
24.1615350246	-1368
24.1624751091	-1368
24.1626479626	-1368
24.1626710892	-1368
24.1718239784	-1420
24.1718809605	-1316
24.1718840599	-1368
24.1758050919	-1420
24.1758110523	-1420
24.1758551598	-1264
24.1758580208	-1368
24.1761109829	543
24.1976490021	-1420
24.1976771355	-1316
24.1984181404	-1420
24.1984231472	-1420
24.1984660625	-1264
24.1985559464	543
24.199244976	-1420
24.1992580891	-1420
24.1993000507	-1264
24.1994049549	543
24.199737072	-1420
24.1997420788	-1316
24.1997611523	-1368
24.2028710842	-1368
24.2029349804	-1368
24.2029571533	-1368
24.2044970989	-1420
24.2045021057	-1420
24.2045481205	-1264
24.2047390938	-1368
24.2097539902	-1420
24.2097599506	-1316
24.2100410461	-1368
24.2115271091	-1420
24.211564064	-1316
24.2120780945	-1368
24.2163710594	-691
24.2236890793	-1420
24.2237360477	-1316
24.2252390385	-1420
24.2252759933	-1316
24.2252790928	-1368
24.2287580967	-1420
24.2287650108	-1420
24.2288110256	-1264
24.2289321423	543
24.2332160473	-1420
24.233230114	-1420
24.2332839966	-1264
24.2332949638	-1368
24.2347040176	-1420
24.2347080708	-1316
24.2390601635	-1420
24.2390680313	-1420
24.2391149998	-1264
24.2391180992	-1420
24.2391531467	-1316
24.2394349575	543
24.2405049801	-1420
24.2405109406	-1420
24.2405581474	-1264
24.2406210899	543
24.2437801361	-1420
24.2437860966	-1316
24.2470700741	-1420
24.2470769882	-1316
24.2601499557	-1420
24.2601611614	-1420
24.260228157	-1264
24.2613401413	-1368
24.2624731064	-1420
24.2624781132	-1316
24.2633030415	-1368
24.2641980648	-1420
24.2642409801	-1316
24.2658131123	-1368
24.2659299374	543
24.2722959518	-1420
24.2723109722	-1420
24.2723660469	-1264
24.2740700245	-1420
24.274130106	-1316
24.2741420269	-1368
24.2761030197	-1420
24.2761421204	-1316
24.2762019634	-1368
24.2816550732	-1420
24.2817180157	-1316
24.2818260193	-1368
24.311453104	-1420
24.3114631176	-1420
24.311522007	-1264
24.3131501675	-1420
24.3131940365	-1420
24.3131971359	-1264
24.3142371178	-1420
24.314250946	-1420
24.3142940998	-1264
24.3174200058	-1420
24.3174650669	-1420
24.3174681664	-1264
24.3176081181	1057
24.3191411495	-1420
24.3191561699	-1420
24.3191990852	-1264
24.3201370239	-1420
24.3201899529	-1316
24.3201930523	-1368
24.3227059841	-1368
24.32289505	-1420
24.3229410648	-1316
24.3237960339	-1420
24.3238520622	-1420
24.3238551617	-1264
24.3273019791	-1368
24.3277249336	543
24.3357810974	-129
24.3360719681	-1420
24.3361239433	-1316
24.339220047	-1420
24.3392729759	-1420
24.3392760754	-1264
24.3420331478	-1420
24.3420431614	-1420
24.3420929909	-1264
24.3435189724	-1420
24.3435781002	-1420
24.3435809612	-1264
24.3437571526	-1368
24.3441469669	-1420
24.3441929817	-1316
24.3476960659	-1420
24.3477511406	-1316
24.3477561474	-1368
24.3503570557	-1420
24.3503730297	-1420
24.3504149914	-1264
24.3505520821	543
24.3547201157	-1420
24.3547270298	-1316
24.3564190865	-1420
24.3564381599	-1316
24.3567099571	-1420
24.3567140102	-1316
24.3567380905	-1368
24.3568570614	543
24.3610391617	-1420
24.3610501289	-1420
24.3610990047	-1264
24.3656179905	-1420
24.3656640053	-1316
24.3657841682	-1368
24.3661630154	-1420
24.3661680222	-1316
24.366286993	-1368
24.376196146	-1420
24.3762490749	-1420
24.3762531281	-1264
24.3764679432	-1420
24.37647295	-1316
24.3806500435	-1368
24.380656004	-1420
24.3806991577	-1316
24.380767107	-1368
24.380865097	543
24.3851389885	-1420
24.3851521015	-1420
24.3851959705	-1264
24.3858950138	-1420
24.3859381676	-1316
24.3859410286	-1368
24.3970010281	-1420
24.3970179558	-1420
24.3970739841	-1264
24.3981871605	-1368
24.3984041214	-1420
24.3984079361	-1316
24.399477005	-1420
24.3994810581	-1316
24.3995320797	-1368
24.4057490826	-1420
24.405796051	-1420
24.4058001041	-1264
24.4061291218	543
24.4109799862	-1420
24.4109871387	-1420
24.4110331535	-1264
24.4123001099	-1420
24.4123430252	-1420
24.4123461246	-1264
24.4170460701	-1420
24.4170539379	-1316
24.4170980453	-1368
24.4173440933	-1420
24.4173879623	-1420
24.4173901081	-1264
24.4176261425	543
24.4264500141	-1420
24.4264650345	-1420
24.4265220165	-1264
24.4289669991	-1420
24.4290289879	-1420
24.429033041	-1264
24.4294781685	543
24.4333090782	-1420
24.4333269596	-1420
24.433382988	-1264
24.4389891624	-1368
24.4391419888	-1368
24.4392850399	-1368
24.4394330978	-1420
24.4394381046	-1420
24.4394800663	-1264
24.4396641254	-1368
24.4428889751	-1420
24.4428961277	-1316
24.443089962	-1368
24.4478919506	-1420
24.4479401112	-1316
24.4480071068	-1368
24.4481520653	-715
24.4482400417	543
24.4539880753	-1368
24.4589121342	-1420
24.4589650631	-1316
24.4590499401	543
24.4621210098	-1420
24.4621260166	-1420
24.4621691704	-1264
24.467674017	-1420
24.4677090645	-1420
24.4677109718	-1264
24.4678111076	543
24.4680550098	-1420
24.4680600166	-1420
24.4680900574	-1264
24.4765770435	-1420
24.4766120911	-1316
24.4828841686	-1420
24.4829361439	-1420
24.4829390049	-1264
24.4878931046	-1420
24.487899065	-1420
24.4879491329	-1264
24.4996161461	-1420
24.4996809959	-1420
24.4996860027	-1264
24.4998519421	543
24.5011720657	-1368
24.5152289867	-1420
24.5153040886	-1420
24.5153090954	-1264
24.5193550587	-1420
24.5193691254	-1316
24.5200819969	-1368
24.5211730003	-1420
24.5212180614	-1316
24.5219330788	-1368
24.5228450298	-1420
24.5228490829	-1316
24.523578167	-1368
24.5332210064	-1420
24.5332701206	-1420
24.5332729816	-1264
24.5425820351	-1420
24.5425901413	-1316
24.5427291393	543
24.5432610512	-1420
24.5432651043	-1420
24.5433061123	-1264
24.5505001545	-1420
24.550549984	-1420
24.5505530834	-1264
24.5513291359	-1368
24.5514090061	543
24.5517890453	-1420
24.5517930984	-1316
24.5518901348	-1368
24.5571620464	-1420
24.5572090149	-1420
24.5572121143	-1264
24.5581331253	-1368
24.5583600998	-1420
24.5584139824	-1316
24.5587470531	-1420
24.5587921143	-1420
24.5587949753	-1264
24.5600819588	-176
24.5684800148	-1420
24.5685310364	-1420
24.5685350895	-1264
24.5687029362	543
24.5690619946	-1420
24.5690760612	-1420
24.5691189766	-1264
24.5740280151	-1420
24.5740959644	-1420
24.5741000175	-1264
24.5792911053	-1420
24.5793030262	-1420
24.5793540478	-1264
24.5800659657	-1420
24.5801100731	-1420
24.5801129341	-1264
24.5843091011	-1420
24.5843279362	-1316
24.5900969505	-1420
24.5901150703	-1316
24.5910191536	-1420
24.5910229683	-1420
24.591053009	-1264
24.5924520493	543
24.5925829411	543
24.5982730389	-1420
24.5982921124	-1420
24.5983469486	-1264
24.6043319702	-1420
24.6043801308	-1316
24.6088211536	-1420
24.6088769436	-1420
24.6088809967	-1264
24.6158549786	543
24.6191539764	-1420
24.6191620827	-1420
24.6192090511	-1264
24.6207990646	-1420
24.6208429337	-1420
24.6208460331	-1264
24.6255450249	-1368
24.6303091049	-1420
24.6303620338	-1316
24.6313560009	-1420
24.6314110756	-1420
24.6314139366	-1264
24.6324810982	-1368
24.6361651421	-1420
24.6362240314	-1316
24.6373300552	-1368
24.6419889927	-1420
24.6419999599	-1316
24.6434459686	-1368
24.6555659771	-1420
24.6556370258	-1420
24.6556410789	-1264
24.6558251381	543
24.6563560963	-1420
24.6563589573	-1316
24.6572549343	-1368
24.6584820747	-1420
24.6585309505	-1316
24.6585891247	543
24.6590330601	-1420
24.6590471268	-1420
24.6590890884	-1264
24.6605541706	-1368
24.6612689495	-1420
24.6612730026	-1316
24.6613631248	-1368
24.663572073	-1420
24.6636071205	-1316
24.66426301	-1368
24.6652619839	-1420
24.6652679443	-1420
24.6653101444	-1264
24.6674530506	-1420
24.6675031185	-1420
24.6675059795	-1264
24.6784989834	-1420
24.678508997	-1316
24.6786420345	-1368
24.6806299686	-738
24.6863350868	-1420
24.6863510609	-1316
24.6868829727	-1368
24.6879861355	-1420
24.688049078	-1316
24.6888251305	-1368
24.6897699833	-1420
24.6897799969	-1316
24.6905341148	-1368
24.7041461468	-1420
24.7042269707	-1420
24.7042319775	-1264
24.7051479816	-1420
24.7051529884	-1316
24.7061550617	-1368
24.7085101604	-1368
24.713228941	-1420
24.7132360935	-1316
24.7133009434	-1368
24.7133760452	-1368
24.7134940624	543
24.713547945	-1368
24.7152609825	543
24.717769146	-1368
24.7178180218	-1420
24.717851162	-1316
24.7242400646	-1420
24.7242870331	-1316
24.7243731022	-1368
24.7245559692	-1420
24.7245600224	-1420
24.7246000767	-1264
24.7283380032	-1420
24.7283849716	-1420
24.7283880711	-1264
24.7285089493	543
24.731637001	-1420
24.7316410542	-1420
24.7316839695	-1264
24.7402460575	-1420
24.7403049469	-1420
24.740309	-1264
24.7449741364	-1420
24.7449851036	-1420
24.7450351715	-1264
24.751044035	-1420
24.7510890961	-1420
24.7510910034	-1264
24.7512910366	543
24.7517969608	-1368
24.7533581257	-1420
24.7534060478	-1316
24.7591071129	-1420
24.7591631413	-1420
24.7591669559	-1264
24.7653610706	-1420
24.7653729916	-1420
24.7654240131	-1264
24.7713220119	-1420
24.771378994	-1420
24.7713830471	-1264
24.771613121	543
24.7716529369	-1368
24.7735660076	-1420
24.7736160755	-1316
24.7835950851	-1420
24.7836620808	-1420
24.7836661339	-1264
24.7839901447	-1420
24.7839930058	-1420
24.7840330601	-1264
24.7862300873	-1420
24.7862761021	-1420
24.7862789631	-1264
24.7863681316	-1368
24.7928550243	-606
24.7943661213	-1420
24.7943730354	-1316
24.8051850796	-1420
24.8051950932	-1420
24.8052480221	-1264
24.8097381592	-1420
24.8097810745	-1420
24.8097839355	-1264
24.8101539612	543
24.8139259815	-1420
24.8139400482	-1420
24.8139929771	-1264
24.8143260479	-1368
24.8146641254	-1420
24.8146679401	-1316
24.8205151558	-1420
24.8205211163	-1420
24.820567131	-1264
24.8205699921	-1420
24.8205890656	-1316
24.8205909729	-1368
24.8296079636	-1420
24.8296191692	-1316
24.8312120438	-1420
24.8312180042	-1316
24.8313350677	543
24.8459000587	-1420
24.8459100723	-1420
24.8459610939	-1264
24.8559470177	-1420
24.8560080528	-1316
24.8560740948	-1368
24.8623039722	-1420
24.8623111248	-1316
24.8625349998	-1368
24.8702960014	-1420
24.8703520298	-1420
24.8703551292	-1264
24.8809111118	-1420
24.8809390068	-1420
24.8809809685	-1264
24.8860230446	-1420
24.8860840797	-1420
24.8860890865	-1264
24.8862550259	543
24.8997280598	-1420
24.8997449875	-1316
24.8998279572	-1368
24.9050650597	-1420
24.9051110744	-1420
24.9051139355	-1420
24.9051499367	-328
24.9323060513	-1420
24.9323749542	-1420
24.932379961	-1264
24.9350690842	-1420
24.935074091	-1316
24.9354460239	-1368
24.9368281364	-1420
24.9368920326	-1316
24.9369561672	-1368
24.9476721287	-1420
24.9476931095	-1316
24.9478311539	-1368
24.9479680061	543
24.9636070728	-1420
24.9636230469	-1420
24.9636790752	-1264
24.963807106	543
24.9709980488	-1420
24.9710030556	-1316
24.9711430073	543
24.9717581272	-1368
24.9724709988	-1368
24.9725179672	-1368
24.9729321003	-1368
24.9750790596	-1420
24.9750850201	-1316
24.975497961	-1368
24.9777359962	-1420
24.9777710438	-1420
24.9777741432	-1264
24.9826920033	-1420
24.9826979637	-1420
24.9827389717	-1264
24.985243082	-1420
24.9852869511	-1420
24.9852900505	-1264
24.9854240417	-1420
24.9854359627	-1420
24.9854750633	-1264
24.9855890274	543
25.0175950527	-1335
25.0194561481	-1420
25.0195100307	-1316
25.0213301182	-1368
25.0214641094	-1420
25.0214691162	-1316
25.0242669582	-1420
25.0242841244	-1420
25.0243401527	-1264
25.0269761086	-1420
25.0270240307	-1420
25.0270271301	-1264
25.029430151	-1368
25.030452013	-1368
25.03266716	-1420
25.0326750278	-1316
25.0327949524	543
25.0376889706	-1420
25.0376951694	-1420
25.0377390385	-1264
25.0391230583	-1368
25.039222002	543
25.0435571671	-1420
25.0435631275	-1316
25.0441401005	-1368
25.0450749397	-1420
25.0451090336	-1316
25.0575470924	-1420
25.057598114	-1316
25.0576021671	-1368
25.0578970909	-1420
25.057901144	-1316
25.0583450794	-1368
25.0584311485	543
25.0617921352	-1420
25.0617980957	-1316
25.0622560978	-1368
25.065623045	-1420
25.0656659603	-1316
25.0661230087	-1368
25.0674569607	-1420
25.0674631596	-1420
25.0674951077	-1264
25.080436945	-1420
25.0804951191	-1316
25.0806910992	-1368
25.0822250843	-1420
25.0822310448	-1316
25.0827100277	-1368
25.0827989578	543
25.0848939419	-1420
25.0848989487	-1316
25.0851299763	-1368
25.0994660854	-1420
25.0995440483	-1420
25.0995490551	-1264
25.1067230701	-1420
25.1067340374	-1420
25.106785059	-1264
25.1069011688	543
25.1142001152	-1420
25.1142070293	-1316
25.114328146	-1368
25.1176431179	-1420
25.1176879406	-1316
25.11769104	-1368
25.128205061	-1420
25.1282119751	-1420
25.1282701492	-1264
25.1297700405	-785
25.156676054	-1420
25.1567001343	-1316
25.1569211483	-1368
25.1579930782	-1420
25.158039093	-1316
25.1581070423	-1368
25.1629199982	-1420
25.1629400253	-1316
25.1630289555	-1368
25.1737110615	-1420
25.1737771034	-1420
25.1737821102	-1264
25.1794519424	-1420
25.179484129	-1316
25.1795480251	-1368
25.1813631058	-1420
25.1814069748	-1316
25.1815271378	-1368
25.1881370544	-1420
25.1881420612	-1420
25.188190937	-1264
25.1958229542	-1420
25.1958789825	-1420
25.195882082	-1264
25.1963000298	543
25.2001869678	-1368
25.2028541565	-1420
25.2029001713	-1420
25.202903986	-1264
25.2030050755	543
25.2193961143	-1420
25.2194130421	-1316
25.2194969654	-1368
25.2223570347	-1420
25.2224020958	-1316
25.2225821018	-1420
25.2226440907	-1316
25.222645998	-1368
25.2241621017	-1420
25.2241680622	-1420
25.2242281437	-1264
25.2248899937	-1420
25.2249391079	-1420
25.2249419689	-1264
25.2250599861	543
25.2253110409	-1420
25.2253160477	-1420
25.2253601551	-1264
25.2257220745	-1368
25.2261459827	-1368
25.2262001038	-1368
25.2291891575	-1420
25.2291970253	-1420
25.2292430401	-1264
25.2293310165	543
25.2339520454	-1420
25.2339639664	-1420
25.2340159416	-1264
25.2345740795	-1420
25.2346260548	-1316
25.2346291542	-1368
25.2387530804	-1368
25.2395441532	-1420
25.2395939827	-1316
25.2397990227	-1420
25.239841938	-1420
25.2398450375	-1264
25.242221117	-1328
25.2423090935	543
25.242454052	543
25.2433140278	-1420
25.2433190346	-1316
25.2457170486	-1420
25.2457220554	-1420
25.2457640171	-1264
25.2483170033	-1368
25.2488291264	-1420
25.2488341331	-1420
25.2488760948	-1264
25.2559070587	-1420
25.2559480667	-1316
25.2559511662	-1368
25.2577619553	-1420
25.2577669621	-1420
25.2577991486	-1264
25.2596330643	-1420
25.2596759796	-1420
25.2596790791	-1264
25.2659699917	543
25.2666039467	-1420
25.2666101456	-1420
25.2666420937	-1264
25.2675011158	-1420
25.2675521374	-1316
25.2677130699	-1368
25.2678229809	543
25.2715289593	-1420
25.2715401649	-1420
25.2715849876	-1264
25.2752699852	-1420
25.2753109932	-1420
25.2753140926	-1264
25.2762920856	-1420
25.2762970924	-1420
25.2763400078	-1264
25.2800271511	-1420
25.2800960541	-1420
25.2800991535	-1264
25.2827630043	-1420
25.2827680111	-1316
25.2851769924	-1420
25.2851810455	-1316
25.2853059769	543
25.2854771614	543
25.2895901203	-1420
25.2895951271	-1420
25.2896411419	-1264
25.2958259583	543
25.2971179485	-1420
25.2971241474	-1316
25.2971711159	-1368
25.3016550541	-1420
25.3017010689	-1420
25.301705122	-1264
25.3100531101	-1368
25.3100590706	-1420
25.3101050854	-1316
25.3166029453	-1420
25.3166379929	-1316
25.3168921471	-1368
25.3200421333	-1420
25.3200471401	-1316
25.3205561638	-1368
25.3210971355	-1420
25.3211410046	-1316
25.3213579655	-1368
25.3232390881	-1420
25.3232431412	-1316
25.3232820034	-1368
25.3269741535	-1420
25.3270330429	-1316
25.3270680904	-1368
25.3294801712	-1420
25.3294861317	-1420
25.3295321465	-1264
25.3345899582	-1420
25.3346540928	-1420
25.3346569538	-1264
25.3351950645	543
25.3406090736	-1420
25.3406250477	-1420
25.3406860828	-1264
25.3419220448	-1420
25.3419511318	-1316
25.3420331478	543
25.3456270695	-1420
25.3456389904	-1420
25.3456971645	-1264
25.3513519764	-1420
25.3514020443	-1420
25.3514051437	-1264
25.3520610332	-1420
25.3520641327	-1316
25.3525700569	-1420
25.35257411	-1316
25.3544859886	-944
25.3601820469	-1420
25.360229969	-1316
25.3604490757	-1368
25.3643910885	543
25.3663589954	-1420
25.3663649559	-1316
25.3669190407	-1368
25.3675320148	-1420
25.3675701618	-1316
25.3680720329	-1368
25.3712780476	-1420
25.3712821007	-1420
25.3713321686	-1264
25.3723900318	-1420
25.3724329472	-1316
25.3726861477	-1368
25.3852081299	-1420
25.3852210045	-1316
25.3853890896	-1368
25.3902139664	-1420
25.3902630806	-1316
25.3905751705	-1368
25.4005460739	-1420
25.4005529881	-1420
25.4005999565	-1264
25.4043710232	-1368
25.4167900085	-1420
25.4168050289	-1316
25.4168961048	-1368
25.4170041084	543
25.4218549728	-1420
25.4218611717	-1420
25.4219059944	-1264
25.421998024	543
25.4226810932	-1420
25.4226861	-1316
25.4251141548	-1420
25.4251201153	-1420
25.425164938	-1264
25.4290189743	-1420
25.4290630817	-1420
25.4290659428	-1264
25.4294900894	-1420
25.4294960499	-1420
25.429543972	-1264
25.4351451397	-1420
25.4351961613	-1420
25.4351990223	-1264
25.4354481697	-1368
25.4420189857	-1420
25.4420721531	-1316
25.4422590733	-1420
25.4422841072	-1420
25.4422860146	-1264
25.4446980953	-1420
25.4447040558	-1420
25.4447481632	-1264
25.4477939606	-1420
25.4478390217	-1420
25.4478411674	-1264
25.4488830566	-1368
25.4496891499	-1420
25.4497380257	-1316
25.4498031139	543
25.4588999748	-1420
25.4589130878	-1420
25.4589660168	-1264
25.4621801376	543
25.4667150974	-785
25.4668080807	543
25.4669489861	-1420
25.4669520855	-1316
25.4684910774	-1420
25.4684970379	-1420
25.4685471058	-1264
25.4694049358	-1368
25.4729609489	-1368
25.4730291367	-1420
25.4730751514	-1316
25.4744651318	-1420
25.4744961262	-1316
25.4745631218	-1368
25.4824430943	-1420
25.4824540615	-1420
25.4824900627	-1264
25.4845621586	-1420
25.4846110344	-1420
25.4846141338	-1264
25.4869971275	-1368
25.4870901108	543
25.4879200459	-1420
25.4879260063	-1316
25.4908370972	-1420
25.4908430576	-1420
25.4908881187	-1264
25.4952800274	-1420
25.495347023	-1420
25.4953510761	-1264
25.4965751171	-1420
25.4965801239	-1420
25.4966030121	-1264
25.5128700733	-1368
25.5179741383	-1368
25.5181260109	-1368
25.5241241455	-1420
25.5241291523	-1420
25.5241780281	-1264
25.5255961418	-1420
25.5256459713	-1316
25.5257461071	543
25.5312819481	-1420
25.5312981606	-1316
25.5325081348	-1420
25.532515049	-1420
25.5325679779	-1264
25.5335850716	-1420
25.5336289406	-1420
25.53363204	-1264
25.536370039	543
25.5425021648	-1420
25.5425109863	-1316
25.5431251526	-1368
25.5438330173	-1420
25.5438849926	-1316
25.5445230007	-1368
25.5453679562	-1420
25.545374155	-1316
25.5461940765	-1368
25.5553240776	-1420
25.555380106	-1420
25.5553841591	-1264
25.5601410866	-1420
25.5601460934	-1316
25.5603101254	543
25.5608129501	-1368
25.5619931221	-1420
25.5620441437	-1316
25.5651061535	-1368
25.5659461021	-1420
25.5659520626	-1316
25.5670330524	-1368
25.5720880032	-1420
25.5721380711	-1420
25.5721411705	-1264
25.5726840496	-1420
25.5726890564	-1420
25.5727331638	-1264
25.5790519714	-643
25.5794820786	-1420
25.5794870853	-1316
25.5798511505	-1420
25.5798561573	-1420
25.5798859596	-1264
25.579957962	543
25.5844550133	-1368
25.5845661163	543
25.5848650932	-1420
25.5848701	-1420
25.5849130154	-1264
25.5954620838	-1420
25.5955209732	-1316
25.5959100723	-1368
25.5995869637	543
25.6046631336	-1368
25.6048030853	-1368
25.6062271595	-1368
25.6103739738	-1420
25.6104249954	-1316
25.6104290485	-1368
25.6181969643	-1420
25.6182119846	-1420
25.6182529926	-1264
25.6258380413	-1420
25.6258881092	-1316
25.6260070801	-1368
25.6273059845	-1420
25.627311945	-1316
25.6274330616	-1368
25.6275141239	543
25.6300411224	-1420
25.6300470829	-1420
25.630092144	-1264
25.6369681358	-1420
25.6370179653	-1420
25.6370210648	-1264
25.6389679909	-1420
25.6389739513	-1420
25.6390199661	-1264
25.6406149864	-1420
25.6406619549	-1420
25.6406650543	-1264
25.6456689835	-1368
25.6493849754	-1420
25.6494390965	-1420
25.6494431496	-1264
25.6495821476	543
25.6522791386	-1420
25.6522841454	-1316
25.6578121185	-1420
25.6578190327	-1420
25.6578681469	-1264
25.659307003	-1368
25.6595561504	-1420
25.6595621109	-1316
25.6625089645	-1420
25.6625139713	-1420
25.6625630856	-1264
25.6689071655	-1368
25.6692099571	-1420
25.669216156	-1316
25.6745271683	-1420
25.6745409966	-1420
25.6745891571	-1264
25.6759550571	-1420
25.6760120392	-1420
25.6760151386	-1264
25.676156044	543
25.6839079857	-1420
25.6839270592	-1420
25.6839830875	-1264
25.6844279766	-1368
25.6850061417	-1420
25.6850121021	-1420
25.6850559711	-1264
25.6859540939	-1420
25.6860029697	-1316
25.6862361431	-1368
25.6884829998	-1420
25.6884961128	-1316
25.6914360523	-1020
25.6992530823	-1420
25.6992940903	-1420
25.6992981434	-1264
25.7121169567	-1420
25.7121331692	-1420
25.7121911049	-1264
25.7163939476	543
25.7200410366	-1420
25.7200500965	-1420
25.7200989723	-1264
25.7518291473	-1420
25.7519080639	-1420
25.7519130707	-1264
25.7578690052	-1420
25.7578761578	-1420
25.7579209805	-1264
25.7689080238	-1368
25.7721910477	-1420
25.7721979618	-1316
25.778897047	-1420
25.7789061069	-1420
25.7789320946	-1264
25.7854750156	-1420
25.7855269909	-1420
25.785531044	-1264
25.7916619778	-1420
25.7916691303	-1420
25.7917160988	-1264
25.7917990685	-1368
25.7920210361	543
25.7976789474	-1420
25.7976951599	-1316
25.8024251461	-1420
25.8024461269	-1420
25.8024849892	-1264
25.8037879467	-1240
25.8097319603	-1420
25.8097410202	-1316
25.8102500439	-1368
25.8140780926	-1420
25.8141281605	-1316
25.8149650097	-1368
25.8150660992	543
25.8175930977	-1368
25.8186459541	-1420
25.8186950684	-1316
25.8187561035	543
25.8193690777	-1420
25.8193740845	-1420
25.8194150925	-1264
25.8194799423	543
25.8258669376	-1420
25.8258731365	-1420
25.8259170055	-1264
25.8262710571	-1368
25.8286230564	-1420
25.8286299706	-1316
25.8297049999	-1420
25.829709053	-1420
25.8297519684	-1264
25.8320770264	-1420
25.8321280479	-1316
25.8322851658	-1368
25.8348960876	-1420
25.8349010944	-1420
25.8349421024	-1264
25.8398070335	-1420
25.839851141	-1420
25.839854002	-1264
25.8410170078	-1420
25.8410220146	-1420
25.8410651684	-1264
25.8468060493	-1420
25.8468570709	-1420
25.8468601704	-1264
25.8498430252	-1420
25.8498489857	-1316
25.8500170708	-1368
25.8522689342	-1420
25.8523130417	-1420
25.8523161411	-1264
25.8526511192	-1368
25.8566830158	-1420
25.8567111492	-1316
25.8588910103	-1420
25.8589401245	-1316
25.8590159416	543
25.8598101139	-1420
25.8598160744	-1420
25.8598389626	-1264
25.8600859642	-1368
25.8633310795	-1420
25.8633379936	-1316
25.8634550571	-1368
25.863724947	543
25.8658030033	-1368
25.8665549755	-1420
25.8665821552	-1316
25.8737981319	-1420
25.8738620281	-1420
25.8738670349	-1264
25.8751480579	-1420
25.8751571178	-1420
25.8751881123	-1264
25.8769321442	-1420
25.8770060539	-1420
25.877010107	-1264
25.8774840832	-1368
25.8784019947	543
25.8925991058	-1420
25.8926141262	-1420
25.8926701546	-1264
25.8974270821	-1420
25.8974721432	-1316
25.8975629807	543
25.8976950645	-1368
25.9131979942	-1420
25.913257122	-1316
25.9133210182	-1368
25.9159109592	-224
25.9191920757	-1420
25.9192359447	-1316
25.9194669724	-1368
25.9200799465	-1420
25.9200849533	-1420
25.9201071262	-1264
25.9204609394	-1368
25.9205760956	543
25.9238810539	-1420
25.9238860607	-1316
25.9239990711	543
25.94511199	-1420
25.9451260567	-1420
25.9451630116	-1264
25.9468710423	-1420
25.9469180107	-1420
25.9469211102	-1264
25.947510004	-1420
25.9475140572	-1420
25.9475600719	-1264
25.9500980377	-1420
25.9501531124	-1316
25.9505209923	-1368
25.9512860775	-1420
25.9512901306	-1316
25.9519131184	-1368
25.9524860382	543
25.9596531391	-1420
25.9596691132	-1316
25.9602611065	-1368
25.9637269974	-1420
25.9637839794	-1420
25.9637880325	-1264
25.9645571709	-1420
25.9645619392	-1420
25.9645850658	-1264
25.9670081139	-1420
25.9670341015	-1420
25.9670369625	-1264
25.9691381454	-1420
25.9691431522	-1420
25.9691660404	-1264
25.972342968	-1420
25.9723861217	-1420
25.9723889828	-1264
25.9728479385	-1420
25.9728529453	-1420
25.9728741646	-1264
25.9734380245	-1420
25.973482132	-1316
25.973567009	543
26.0284919739	-1280
26.0531201363	-1420
26.0531959534	-1316
26.0543210506	-1420
26.0543630123	-1316
26.0547230244	543
26.0559699535	-1420
26.0559749603	-1420
26.0560181141	-1264
26.0586459637	-1420
26.0586919785	-1420
26.0586950779	-1264
26.0596749783	-1368
26.0607681274	-1420
26.0608110428	-1316
26.061519146	-1368
26.0635659695	-1420
26.0635700226	-1316
26.0636081696	-1368
26.0645411015	-1420
26.0645861626	-1316
26.0654921532	-1368
26.0655970573	543
26.0665581226	-1420
26.0665640831	-1316
26.0676810741	-1368
26.068554163	-1420
26.0686020851	-1316
26.0696411133	-1368
26.071573019	-1420
26.0715780258	-1420
26.0716221333	-1264
26.0724921227	-1420
26.0725150108	-1316
26.0732631683	-1368
26.0740301609	-1420
26.0740330219	-1420
26.0740711689	-1264
26.0751760006	-1420
26.0752151012	-1420
26.0752179623	-1264
26.0763120651	-1420
26.0763161182	-1420
26.0763170719	-1264
26.0765020847	543
26.0766141415	543
26.0769281387	-1420
26.0769331455	-1420
26.0769741535	-1264
26.0780990124	-1420
26.078140974	-1420
26.0781440735	-1264
26.0793869495	-1420
26.0793910027	-1420
26.0794100761	-1264
26.0803890228	543
26.0805921555	-1368
26.0812571049	-1420
26.081302166	-1316
26.0820479393	-1420
26.0820920467	-1420
26.0820951462	-1264
26.0821931362	543
26.08335495	-1420
26.0833580494	-1316
26.0835239887	-1368
26.0847389698	-1420
26.0847611427	-1420
26.0847630501	-1264
26.0868570805	-1368
26.0879659653	-1420
26.0879950523	-1316
26.0890641212	-1420
26.0890901089	-1420
26.0890929699	-1264
26.0902950764	-1420
26.0903000832	-1420
26.0903401375	-1264
26.0917229652	-1420
26.091766119	-1316
26.0931560993	-1420
26.093198061	-1316
26.0946400166	-1420
26.0946831703	-1420
26.0946850777	-1264
26.0959401131	-1420
26.0959441662	-1316
26.0966379642	543
26.0967390537	543
26.0967760086	-1368
26.0975019932	-1420
26.0975470543	-1316
26.0981690884	-1368
26.0989720821	-1420
26.0989770889	-1316
26.0996770859	-1368
26.1009840965	-1420
26.1010270119	-1420
26.1010301113	-1264
26.1016800404	-1420
26.1016840935	-1316
26.1024391651	-1368
26.1032309532	-1420
26.1032710075	-1316
26.1039700508	-1368
26.1047420502	-1420
26.104747057	-1316
26.1057560444	-1368
26.1064770222	-1420
26.1065211296	-1316
26.1100740433	-1368
26.1101050377	-1368
26.1102750301	-1420
26.1103169918	-1316
26.111125946	-1420
26.1111690998	-1420
26.1111710072	-1264
26.1120560169	-1420
26.1120619774	-1420
26.1121051311	-1264
26.1127631664	543
26.1131720543	-1420
26.1131780148	-1420
26.1132199764	-1264
26.1133000851	543
26.1154060364	-1420
26.1154141426	-1420
26.1154611111	-1264
26.1186189651	-1420
26.1186759472	-1420
26.1186800003	-1264
26.1188530922	543
26.1199979782	-1420
26.1200039387	-1316
26.1203610897	-1368
26.1207461357	-1368
26.1211910248	-1420
26.1211960316	-1316
26.1216449738	-1420
26.1216490269	-1420
26.1216890812	-1264
26.1226689816	-1420
26.1227180958	-1420
26.1227209568	-1264
26.1232891083	-1420
26.1232931614	-1420
26.1233351231	-1264
26.1285991669	-1420
26.1286480427	-1420
26.1286520958	-1264
26.1296980381	-1420
26.1297049522	-1420
26.1297521591	-1264
26.1300179958	-1420
26.1300370693	-1420
26.1300389767	-1264
26.130589962	-1368
26.1307499409	-1420
26.1307690144	-1316
26.1312980652	-1368
26.1319949627	-1420
26.1319990158	-1316
26.133685112	-1420
26.1336910725	-1420
26.1337370872	-1264
26.1340680122	-1420
26.1340870857	-1420
26.1340889931	-1264
26.1356570721	-1420
26.1356611252	-1420
26.1357030869	-1264
26.1362941265	-1368
26.1364810467	1057
26.137732029	-1420
26.1377370358	-1316
26.139662981	-1420
26.1396861076	-1420
26.1397311687	-1264
26.1397340298	-1368
26.1406331062	-575
26.140789032	-1420
26.1408319473	-1316
26.1413149834	-1368
26.1445500851	-1420
26.1445560455	-1316
26.1448559761	-1368
26.1456580162	-1420
26.1457021236	-1420
26.1457049847	-1264
26.1471500397	-1420
26.1471531391	-1316
26.1473889351	-1368
26.1484761238	543
26.1488921642	-1420
26.1488981247	-1316
26.1491370201	-1368
26.149834156	-1420
26.1498780251	-1316
26.1498811245	-1368
26.1499910355	543
26.1890571117	-1368
26.1971321106	-1420
26.1971721649	-1316
26.1989750862	-1420
26.1990020275	-1420
26.199005127	-1264
26.1991131306	1057
26.1998889446	-1420
26.1998939514	-1316
26.2002010345	-1368
26.200646162	-1420
26.2006900311	-1316
26.2013940811	-1368
26.2100040913	-1420
26.210018158	-1420
26.2100729942	-1264
26.2136831284	-1420
26.213727951	-1420
26.2137310505	-1264
26.2221660614	-1420
26.2221810818	-1420
26.2222390175	-1264
26.2240891457	-1420
26.224116087	-1420
26.224118948	-1264
26.2271950245	-1368
26.2287261486	-1420
26.2287900448	-1316
26.2299470901	-1420
26.2299740314	-1420
26.2299771309	-1264
26.2420110703	-1420
26.2420251369	-1420
26.242082119	-1264
26.2444529533	-1420
26.2444961071	-1420
26.2444989681	-1264
26.2446241379	543
26.2462711334	-1368
26.2469260693	-1420
26.2469699383	-1316
26.2484691143	-1420
26.2485101223	-1316
26.2502100468	-1420
26.2502541542	-1420
26.2502560616	-1264
26.2503471375	543
26.2527570724	-126
26.2528221607	543
26.2558269501	-1420
26.2558319569	-1316
26.2562019825	-1368
26.260545969	-1420
26.2605719566	-1316
26.2663061619	-1420
26.2663331032	-1316
26.2705509663	-1420
26.2705950737	-1316
26.2706530094	-1368
26.2709679604	-1368
26.2710471153	543
26.2713429928	-1420
26.2713460922	-1316
26.2717170715	-1368
26.2836890221	-1420
26.2837541103	-1316
26.2839140892	-1368
26.2847130299	-1420
26.2847180367	-1420
26.2847390175	-1264
26.3226680756	-1420
26.3227360249	-1316
26.3227410316	-1368
26.3255159855	-1420
26.3255209923	-1420
26.3255679607	-1264
26.3258371353	-1420
26.325881958	-1420
26.3258850574	-1264
26.3269431591	-1420
26.3269481659	-1420
26.3269710541	-1264
26.3277931213	-1420
26.3278169632	-1420
26.327819109	-1264
26.3349421024	-1420
26.3349490166	-1420
26.3349909782	-1264
26.3350861073	543
26.3394980431	-1420
26.3395040035	-1420
26.3395531178	-1264
26.3412539959	-1420
26.3413031101	-1420
26.3413059711	-1420
26.3413541317	-1420
26.3413569927	-1160
26.3413951397	-1368
26.3421411514	-1420
26.3421890736	-1420
26.3421919346	-1264
26.3422300816	-1420
26.3422329426	-1420
26.3422689438	-1264
26.3426630497	-1368
26.343829155	-1420
26.3438329697	-1316
26.3441951275	-1420
26.3441989422	-1420
26.3442480564	-1264
26.3454401493	-1420
26.3454940319	-1420
26.3454990387	-1264
26.3459041119	-1420
26.3459069729	-1420
26.3459470272	-1264
26.3481609821	-1368
26.3487460613	543
26.350249052	-1420
26.3502550125	-1316
26.3535499573	-1368
26.3537790775	-1420
26.3538219929	-1316
26.356413126	-1420
26.3564591408	-1316
26.356552124	543
26.3617420197	-1420
26.3617510796	-1420
26.3617801666	-1264
26.3618619442	543
26.3649430275	-224
26.3671500683	-1420
26.3671960831	-1316
26.368309021	-1420
26.3683331013	-1316
26.3709290028	-1420
26.3709759712	-1420
26.3709790707	-1264
26.3711681366	-1420
26.3711731434	-1316
26.3712110519	-1420
26.3712141514	-1316
26.3713281155	543
26.3838870525	-1420
26.3839049339	-1316
26.3840041161	-1368
26.3895030022	-1420
26.3895699978	-1420
26.3895750046	-1264
26.3913760185	-1420
26.3913810253	-1316
26.3914980888	-1368
26.3952400684	-1420
26.3953001499	-1316
26.3953659534	-1368
26.4017779827	-1420
26.4017860889	-1316
26.4129731655	-1368
26.412981987	-1420
26.4130301476	-1420
26.4130330086	-1264
26.4171690941	-1420
26.4171741009	-1420
26.4171969891	-1264
26.425812006	-1420
26.4258389473	-1420
26.4258420467	-1264
26.4296870232	-1420
26.4296929836	-1420
26.4297380447	-1264
26.4298419952	543
26.4353120327	-1420
26.4353170395	-1420
26.4353611469	-1264
26.4354860783	543
26.4358229637	-1420
26.4358291626	-1420
26.4358730316	-1264
26.4359490871	543
26.4437730312	-1420
26.443789959	-1420
26.4438550472	-1264
26.4538760185	-1420
26.453922987	-1420
26.4539270401	-1264
26.4544210434	-1368
26.4586570263	-1420
26.4587070942	-1316
26.4678080082	-1420
26.4678771496	-1316
26.4679400921	-1368
26.4710581303	-1420
26.4710631371	-1420
26.4711050987	-1264
26.4719619751	-1420
26.4720201492	-1420
26.4720230103	-1264
26.4720780849	-1368
26.4722001553	543
26.4763410091	-1420
26.4763519764	-1316
26.4771931171	-1191
26.4795041084	-1420
26.4795570374	-1316
26.4796741009	-1368
26.4809110165	-1420
26.4809160233	-1316
26.4871001244	-1368
26.487185955	543
26.4872250557	-1368
26.4892010689	-1420
26.4892480373	-1316
26.4893140793	543
26.4933140278	-1420
26.4933190346	-1420
26.4933619499	-1264
26.4938280582	-1420
26.4938721657	-1316
26.494343996	-1368
26.4991760254	-1420
26.4991819859	-1316
26.4995889664	-1368
26.5058820248	-1420
26.5059289932	-1316
26.5060861111	-1368
26.5164999962	-1368
26.5165071487	-1420
26.516546011	-1316
26.5372419357	-1420
26.5373110771	-1420
26.5373160839	-1264
26.5394880772	-1420
26.5394949913	-1420
26.5395200253	-1264
26.541492939	-1420
26.5415511131	-1316
26.5415551662	-1368
26.5417129993	543
26.5434901714	-1420
26.5435049534	-1420
26.5435450077	-1264
26.5438511372	-1420
26.5438950062	-1420
26.5438981056	-1264
26.5485701561	-1420
26.5485761166	-1420
26.5486190319	-1264
26.5487060547	543
26.5515899658	-1420
26.5515990257	-1420
26.5516450405	-1264
26.5548951626	-1368
26.555036068	543
26.5567131042	-1420
26.5567190647	-1316
26.5582540035	-1420
26.5582590103	-1420
26.5583000183	-1264
26.5619449615	-1420
26.561989069	-1420
26.5619921684	-1264
26.5660691261	-1420
26.5660750866	-1420
26.5660979748	-1264
26.568062067	-1368
26.5687351227	-1420
26.5687401295	-1316
26.5740101337	-1420
26.5740160942	-1420
26.5740420818	-1264
26.5845010281	-1420
26.5845589638	-1420
26.5845620632	-1264
26.584911108	-1368
26.5894570351	-55
26.5967190266	-1420
26.5967330933	-1316
26.5969631672	-1368
26.6009011269	-1420
26.600949049	-1420
26.6009521484	-1264
26.6036739349	-1420
26.6036810875	-1420
26.6037199497	-1264
26.6038460732	543
26.6090011597	-1420
26.6090090275	-1316
26.6093699932	-1368
26.6138081551	-1420
26.6138420105	-1420
26.6138451099	-1264
26.6172671318	543
26.6275539398	-1368
26.6294591427	-1420
26.6295211315	-1420
26.6295249462	-1264
26.6296541691	543
26.6296949387	-1420
26.6296970844	-1420
26.6296980381	-1264
26.6335430145	-1420
26.633589983	-1316
26.633630991	-1368
26.6368019581	-1420
26.6368091106	-1316
26.6403479576	-1420
26.6403529644	-1420
26.6403939724	-1264
26.6410050392	-1420
26.6410491467	-1420
26.641051054	-1264
26.6493160725	-1420
26.6493220329	-1420
26.6493639946	-1264
26.6494510174	543
26.6498310566	-1420
26.6498360634	-1420
26.6498770714	-1264
26.6506299973	-1368
26.6575641632	-1368
26.6577379704	-1368
26.6587300301	-1420
26.6587340832	-1420
26.6587750912	-1264
26.6588439941	543
26.6617920399	-1420
26.6617970467	-1420
26.6618390083	-1264
26.6653130054	-1420
26.6653571129	-1420
26.6653599739	-1264
26.6700570583	-1420
26.6700630188	-1420
26.6701049805	-1264
26.6701080799	-1420
26.6701450348	-1420
26.6701469421	-1264
26.67030406	543
26.6707949638	-1420
26.670799017	-1420
26.6708390713	-1264
26.6763441563	-1420
26.6763961315	-1420
26.6763999462	-1264
26.686191082	-1420
26.686207056	-1316
26.6862840652	-1368
26.6862871647	-1368
26.686519146	543
26.689478159	-1420
26.6894879341	-1316
26.6895439625	-1368
26.6937930584	-1420
26.6938419342	-1420
26.6938459873	-1264
26.6952710152	543
26.6973309517	-1420
26.6973521709	-1316
26.6974101067	-1368
26.6980960369	-1368
26.6982841492	-1420
26.6982879639	-1316
26.7019901276	-290
26.7039501667	-1420
26.7039980888	-1420
26.7040009499	-1264
26.705094099	-1420
26.7051000595	-1316
26.7086510658	-1368
26.7086601257	-1420
26.7087080479	-1316
26.7088279724	-1368
26.7092170715	-1368
26.7092580795	-1420
26.7092900276	-1316
26.7180271149	-1368
26.7181770802	543
26.7188119888	-1420
26.7188260555	-1420
26.718870163	-1264
26.718930006	543
26.7220520973	-1420
26.7220561504	-1316
26.7220981121	-1368
26.7234230042	-1420
26.7234730721	-1316
26.7308211327	-1420
26.7308700085	-1420
26.7308731079	-1264
26.7312500477	-1420
26.7312550545	-1316
26.7314450741	-1368
26.7319860458	-1420
26.7320461273	-1420
26.7320489883	-1264
26.7351419926	-1420
26.7351469994	-1420
26.7351951599	-1264
26.7498681545	-1420
26.7499239445	-1420
26.7499270439	-1264
26.7505190372	-1420
26.750524044	-1316
26.7505919933	-1368
26.752573967	-1368
26.7527780533	-1420
26.7527821064	-1316
26.7535820007	-1420
26.7535870075	-1420
26.753631115	-1264
26.7537109852	543
26.7541160583	-1368
26.756567955	-1420
26.7566151619	-1316
26.7606601715	-1420
26.7607049942	-1420
26.7607090473	-1264
26.7612910271	-1420
26.7612960339	-1420
26.7613401413	-1264
26.7614331245	543
26.763821125	-1420
26.7638349533	-1420
26.7638771534	-1264
26.7639579773	543
26.7646181583	-1368
26.7699439526	-1420
26.7699899673	-1316
26.7705471516	-1420
26.770581007	-1420
26.7705841064	-1264
26.7758409977	-1420
26.775851965	-1420
26.7759120464	-1264
26.7759151459	-1368
26.7821581364	-1420
26.7821741104	-1420
26.7822310925	-1264
26.7870261669	-1420
26.787099123	-1420
26.7871029377	-1264
26.7940471172	-1420
26.7940680981	-1316
26.7941191196	-1368
26.7976901531	-1420
26.7977249622	-1420
26.7977280617	-1264
26.7990059853	-1420
26.7990109921	-1316
26.7991540432	-1368
26.7992501259	543
26.7995700836	-1420
26.7995741367	-1420
26.7996060848	-1264
26.8034360409	-1420
26.8034780025	-1316
26.8036961555	-1368
26.8040139675	-1368
26.804828167	-1420
26.8048739433	-1420
26.8048770428	-1264
26.8061470985	543
26.8111109734	-1420
26.8111190796	-1316
26.8127059937	-1420
26.8127100468	-1316
26.8127601147	-1368
26.8128931522	543
26.814234972	-628
26.8172690868	-1420
26.817317009	-1420
26.8173201084	-1264
26.8175630569	543
26.8194489479	-1420
26.8194539547	-1420
26.8194880486	-1264
26.8243019581	-1420
26.8243541718	-1316
26.8262491226	-1368
26.8262989521	-1420
26.8263020515	-1420
26.8263399601	-1264
26.8315839767	-1420
26.831633091	-1316
26.8317940235	-1368
26.8372941017	-1420
26.8372981548	-1316
26.8374121189	-1368
26.8396770954	-1420
26.8397221565	-1316
26.8400361538	-1368
26.842728138	-1420
26.8427331448	-1420
26.8427751064	-1264
26.8433289528	-1420
26.8433740139	-1420
26.8433771133	-1264
26.8441450596	-1420
26.8441510201	-1420
26.8442060947	-1264
26.8471450806	-1420
26.8471930027	-1420
26.8471951485	-1264
26.8473491669	543
26.8573980331	-1420
26.8574130535	-1420
26.8574709892	-1264
26.8578600883	-1420
26.8579089642	-1420
26.8579120636	-1264
26.8619999886	-1420
26.862005949	-1420
26.862046957	-1264
26.8627631664	-1420
26.8628070354	-1420
26.8628089428	-1264
26.863697052	-1368
26.8666830063	-1420
26.8667340279	-1316
26.8684201241	543
26.872770071	-1420
26.8727860451	-1420
26.8728439808	-1264
26.8735589981	-1420
26.8736021519	-1420
26.8736050129	-1264
26.8933310509	-1420
26.8933830261	-1420
26.8934481144	-1264
26.8934500217	-1368
26.8969900608	-1420
26.8969941139	-1316
26.9004321098	-1420
26.9004361629	-1420
26.9004659653	-1264
26.9006071091	543
26.9008319378	543
26.9024939537	-1420
26.9025011063	-1420
26.9025559425	-1264
26.902559042	-1368
26.9042620659	-1368
26.912430048	-1420
26.9124879837	-1316
26.912899971	543
26.9176449776	-1420
26.917650938	-1420
26.9176931381	-1264
26.9229559898	-1420
26.9230079651	-1420
26.9230110645	-1264
26.9264030457	-224
26.9279589653	-1420
26.9280190468	-1420
26.9280221462	-1264
26.9367721081	-1420
26.9367830753	-1420
26.9368441105	-1264
26.9430170059	-1420
26.9430799484	-1420
26.9430840015	-1264
26.9432339668	543
26.9536571503	-1420
26.9536700249	-1420
26.9537229538	-1264
26.9544250965	-1420
26.954488039	-1316
26.9545099735	-1368
26.9609560966	-1420
26.9609661102	-1420
26.961014986	-1264
26.965831995	-1420
26.965886116	-1420
26.9658889771	-1264
26.9722821712	-1420
26.9722931385	-1316
26.9723451138	-1368
26.9725501537	-1420
26.9725811481	-1420
26.9725830555	-1264
26.9845590591	-1420
26.9845759869	-1420
26.9846320152	-1264
26.9853441715	-1420
26.9853990078	-1420
26.9854011536	-1264
26.9855191708	543
26.9856550694	543
26.9874780178	-1420
26.9874830246	-1420
26.9875330925	-1264
26.989921093	-1420
26.989964962	-1420
26.9899680614	-1264
27.023277998	-1420
27.0232889652	-1420
27.023348093	-1264
27.0273449421	-1368
27.0292870998	-1420
27.029294014	-1316
27.0312571526	-1420
27.0312621593	-1420
27.0312931538	-1264
27.0339131355	-1420
27.0339479446	-1420
27.0339510441	-1264
27.03602314	-1420
27.0360291004	-1420
27.0360629559	-1264
27.0378761292	-1368
27.0379900932	543
27.0385730267	-363
27.0398449898	-1420
27.0398931503	-1316
27.0410561562	-1420
27.0411000252	-1420
27.0411021709	-1264
27.0427570343	-1420
27.0427629948	-1420
27.0428061485	-1264
27.044481039	-1420
27.0445151329	-1420
27.0445179939	-1264
27.0457761288	-1368
27.0463180542	-1368
27.0469989777	-1420
27.0470039845	-1316
27.0471141338	1057
27.0476629734	-1420
27.0476689339	-1420
27.0477099419	-1264
27.048386097	-1368
27.0491380692	-1420
27.0491440296	-1316
27.0498850346	-1368
27.0506701469	-1420
27.0507080555	-1316
27.0514171124	-1420
27.0514421463	-1316
27.0516879559	-1368
27.0520181656	-1420
27.052022934	-1316
27.0526781082	-1368
27.0668549538	-1420
27.0668981075	-1316
27.0671780109	-1368
27.068819046	-1420
27.0688240528	-1316
27.0691959858	-1368
27.0705230236	-1368
27.0707850456	-1420
27.0707900524	-1316
27.0725660324	-1420
27.0725710392	-1316
27.0729179382	-1368
27.073538065	-1420
27.0735859871	-1316
27.0741319656	-1368
27.0742349625	543
27.0747511387	-1420
27.0747570992	-1316
27.0752301216	-1368
27.0764901638	-1420
27.0765521526	-1420
27.0765550137	-1264
27.0770151615	-1420
27.0770201683	-1420
27.0770609379	-1264
27.0771279335	543
27.0776219368	-1420
27.0776259899	-1316
27.0781309605	-1368
27.0781950951	543
27.0786850452	-1420
27.078690052	-1316
27.0793039799	-1368
27.1025519371	-1420
27.1026210785	-1420
27.1026251316	-1264
27.1048350334	-1420
27.1048390865	-1420
27.1048791409	-1264
27.1144449711	-1420
27.1144940853	-1420
27.1144969463	-1264
27.1196670532	-1368
27.1199729443	-1420
27.1200220585	-1316
27.1209130287	-1368
27.1215600967	-1420
27.1215641499	-1316
27.1218910217	-1420
27.1218960285	-1420
27.1219160557	-1264
27.1220049858	543
27.1313779354	-1420
27.1313929558	-1420
27.1314461231	-1264
27.1325531006	-1420
27.1325891018	-1420
27.1325919628	-1264
27.1331479549	-1368
27.1344730854	-1420
27.1345181465	-1316
27.1356730461	-1420
27.1357090473	-1316
27.1394090652	-1420
27.1394729614	-1420
27.1394770145	-1264
27.1396269798	543
27.1403059959	-1420
27.1403110027	-1316
27.1404631138	-1368
27.1404910088	543
27.1455061436	-1420
27.1455669403	-1316
27.1500749588	-1420
27.1501560211	-1420
27.1501610279	-1264
27.1506881714	-151
27.1595599651	-1420
27.1596109867	-1316
27.160269022	-1368
27.1604039669	543
27.1614191532	-1420
27.16142416	-1316
27.1622390747	-1368
27.1685450077	-1420
27.1685810089	-1316
27.1690571308	-1368
27.17425704	-1420
27.1742620468	-1420
27.1743040085	-1264
27.1788229942	-1420
27.1788680553	-1316
27.1791009903	-1368
27.1799221039	-1420
27.1799271107	-1316
27.1803369522	-1368
27.1805150509	543
27.189043045	-1420
27.1890511513	-1316
27.1893911362	-1368
27.1977419853	-1368
27.1979060173	-1368
27.1979839802	-1368
27.2051429749	-1420
27.2051551342	-1420
27.2051939964	-1264
27.2080769539	-1420
27.2081291676	-1420
27.2081320286	-1264
27.208272934	543
27.2086970806	-1420
27.2087020874	-1316
27.235751152	-1368
27.2368400097	-1420
27.2368929386	-1420
27.2368960381	-1264
27.2369999886	543
27.237429142	-1420
27.2374329567	-1316
27.2374639511	-1368
27.2457461357	-1420
27.2458000183	-1420
27.2458040714	-1264
27.247756958	-1420
27.2477610111	-1316
27.2480280399	-1368
27.2499780655	-1368
27.2508871555	-1420
27.2508900166	-1316
27.2516860962	-1420
27.2516889572	-1420
27.2517180443	-1264
27.2542991638	-1420
27.2543301582	-1420
27.2543320656	-1264
27.2568731308	543
27.2629880905	-1159
27.2680640221	-1420
27.2681159973	-1316
27.268499136	-1368
27.269657135	-1420
27.2696630955	-1420
27.2697069645	-1264
27.2731771469	-1420
27.2732241154	-1316
27.2736251354	-1368
27.2744729519	-1368
27.2750351429	-1420
27.2750661373	-1420
27.2750689983	-1264
27.2756381035	-1420
27.2756409645	-1316
27.2760679722	-1368
27.276581049	-1420
27.2766139507	-1420
27.2766170502	-1264
27.2768130302	543
27.2789840698	-1420
27.2789931297	-1420
27.2790391445	-1264
27.28039217	-1420
27.2804400921	-1316
27.2807891369	-1368
27.2832529545	-1420
27.2832570076	-1316
27.2848739624	-1368
27.2851240635	-1420
27.2851719856	-1316
27.2971730232	-1368
27.3050780296	-1420
27.3050870895	-1420
27.3051331043	-1264
27.3083939552	-1420
27.3084449768	-1316
27.3093490601	-1368
27.3105859756	-1420
27.3105900288	-1316
27.3122270107	-1368
27.3123700619	543
27.3171880245	-1420
27.317193985	-1420
27.3172409534	-1264
27.3230130672	-1420
27.3230731487	-1420
27.3230760098	-1264
27.3250000477	-1420
27.3250069618	-1316
27.3266911507	-1420
27.3266971111	-1420
27.3267431259	-1264
27.3289091587	543
27.3340671062	-1420
27.3340940475	-1420
27.3341350555	-1264
27.3342690468	543
27.3374869823	-1368
27.3393881321	-1420
27.3394529819	-1420
27.3394560814	-1264
27.342208147	-1420
27.3422160149	-1420
27.3422591686	-1264
27.3455209732	-1420
27.3455779552	-1420
27.3455810547	-1264
27.3457040787	543
27.3565170765	-1420
27.3565471172	-1420
27.3565981388	-1264
27.3576159477	-1368
27.3642470837	-1420
27.3642530441	-1316
27.3647921085	-1420
27.3647971153	-1420
27.3648321629	-1264
27.3711490631	-1420
27.371201992	-1420
27.3712060452	-1264
27.3755309582	-1223
27.3764669895	-1420
27.3765151501	-1316
27.3768980503	-1368
27.3820409775	-1420
27.3820469379	-1420
27.3820910454	-1264
27.3873939514	-1420
27.3874390125	-1316
27.3953151703	-1368
27.3957819939	-1368
27.3958849907	543
27.3982880116	-1420
27.398293972	-1316
27.4036409855	-1420
27.403648138	-1420
27.4036929607	-1264
27.404102087	-1368
27.4113161564	-1420
27.4113211632	-1316
27.4117281437	-1368
27.412209034	-1420
27.4122560024	-1316
27.4126601219	-1368
27.4138939381	-1420
27.4139020443	-1420
27.4139480591	-1264
27.4143400192	543
27.4170730114	-1420
27.417080164	-1316
27.4171969891	543
27.4176139832	-1368
27.418238163	-1420
27.4182860851	-1316
27.4189240932	-1368
27.4218511581	-1420
27.4218561649	-1316
27.4220650196	-1368
27.4275100231	-1420
27.4275691509	-1420
27.4275729656	-1264
27.4362850189	-1420
27.4362909794	-1316
27.4363689423	-1368
27.4419360161	-1420
27.4419820309	-1420
27.4419851303	-1264
27.4462640285	-1368
27.446472168	-1420
27.4465050697	-1316
27.4492809772	-1420
27.4493229389	-1316
27.4494259357	-1420
27.4494571686	-1316
27.4496741295	543
27.4545860291	-1420
27.4545919895	-1420
27.4546351433	-1264
27.4583590031	-1420
27.4584240913	-1420
27.4584269524	-1264
27.4617490768	-1420
27.4617581367	-1420
27.4618060589	-1264
27.462430954	543
27.4674971104	-1420
27.4675040245	-1316
27.4679181576	-1420
27.467924118	-1420
27.4679689407	-1264
27.4755570889	-1420
27.4756140709	-1420
27.4756171703	-1264
27.4790101051	-1420
27.4790229797	-1420
27.4790761471	-1264
27.4825739861	-1368
27.4843709469	-1420
27.4843771458	-1316
27.485929966	-1420
27.4859349728	-1420
27.4859809875	-1264
27.488088131	-1310
27.4891490936	-1420
27.4891541004	-1316
27.4909410477	-1368
27.491038084	543
27.4962849617	-1420
27.4962911606	-1316
27.497262001	-1368
27.4997439384	-1368
27.5008411407	-1420
27.5008449554	-1316
27.5008890629	-1420
27.5008921623	-1316
27.5010130405	1057
27.5034160614	-1420
27.5034220219	-1420
27.5034661293	-1264
27.5112321377	-1420
27.5112791061	-1420
27.5112819672	-1264
27.512814045	-1368
27.5134680271	-1420
27.5135190487	-1316
27.5135231018	-1368
27.5182039738	-1420
27.5182111263	-1316
27.5187821388	-1368
27.5195910931	-1420
27.5196430683	-1420
27.5196461678	-1264
27.5213301182	-1420
27.5213360786	-1420
27.5213830471	-1264
27.5257589817	-1420
27.5257899761	-1420
27.5257930756	-1264
27.5295820236	-1420
27.5295879841	-1420
27.5296139717	-1264
27.5323190689	-1420
27.532366991	-1420
27.5323700905	-1264
27.5352389812	-1420
27.5352449417	-1420
27.5352900028	-1264
27.5361981392	-1368
27.5363399982	543
27.5368430614	-1420
27.5368480682	-1316
27.5414171219	-1420
27.5414249897	-1316
27.5415489674	543
27.5444200039	-1420
27.5444271564	-1316
27.5445580482	543
27.545017004	-1420
27.5450220108	-1420
27.5450670719	-1264
27.5506060123	-1420
27.5506811142	-1316
27.5506839752	-1368
27.5539610386	-1420
27.5539669991	-1316
27.5592131615	-1420
27.5592200756	-1420
27.5592670441	-1264
27.560863018	-1420
27.5609099865	-1420
27.5609140396	-1264
27.5614910126	-543
27.5657551289	-1420
27.565762043	-1420
27.5657970905	-1264
27.5658860207	543
27.5660231113	-1368
27.5697751045	-1420
27.5698211193	-1420
27.5698239803	-1264
27.5710530281	-1420
27.5710580349	-1420
27.5711021423	-1264
27.5755751133	-1420
27.5756211281	-1316
27.5757379532	-1368
27.5792181492	-1420
27.579223156	-1420
27.579267025	-1264
27.5889561176	-1420
27.5890049934	-1420
27.5890090466	-1264
27.5909790993	-1420
27.5909850597	-1316
27.5915701389	-1368
27.5997240543	-1420
27.5997681618	-1316
27.5998461246	543
27.6004991531	-1284
27.6050269604	-1420
27.6050560474	-1316
27.605381012	-1368
27.6237151623	-1420
27.6237239838	-1420
27.6237831116	-1264
27.6241431236	-1420
27.624199152	-1420
27.624202013	-1264
27.6249189377	-1420
27.6249239445	-1420
27.6249699593	-1264
27.6265120506	-1420
27.6265881062	-1420
27.6265909672	-1264
27.6267340183	-1368
27.6267931461	543
27.6282510757	-1420
27.6282579899	-1316
27.6293599606	-1420
27.6293661594	-1420
27.6294109821	-1264
27.6327950954	-1420
27.6328439713	-1420
27.6328470707	-1264
27.6341819763	-1420
27.6341879368	-1420
27.6342351437	-1264
27.6408920288	-1368
27.6438851357	-1420
27.6438920498	-1316
27.6448400021	-1420
27.6448450089	-1316
27.644963026	543
27.6450691223	-1420
27.6450719833	-1420
27.645113945	-1264
27.6509439945	-1420
27.6509959698	-1420
27.6510000229	-1264
27.6511220932	543
27.6690151691	-1420
27.6690371037	-1316
27.6691000462	-1368
27.670953989	-1420
27.6710040569	-1316
27.6732461452	-1420
27.6732971668	-1420
27.6733000278	-1264
27.6774880886	-1420
27.6774959564	-1316
27.6907980442	-1420
27.6908140182	-1316
27.6909849644	543
27.6932611465	-1420
27.6932680607	-1420
27.6933169365	-1264
27.6933600903	-1368
27.6949939728	-1368
27.6954960823	-1420
27.6955399513	-1420
27.6955430508	-1264
27.6957600117	-1420
27.6957650185	-1420
27.6957900524	-1264
27.6993570328	-1420
27.6994071007	-1420
27.6994099617	-1264
27.7053239346	-1420
27.7053310871	-1420
27.7053780556	-1264
27.7127530575	-453
27.7128770351	543
27.7206630707	-1420
27.7206690311	-1316
27.7207241058	-1368
27.7218260765	-1420
27.7218639851	-1316
27.7218661308	-1368
27.726416111	-1420
27.7264220715	-1420
27.726457119	-1264
27.7265839577	543
27.7295970917	543
27.7345001698	-1420
27.7345070839	-1420
27.7345590591	-1264
27.736066103	-1420
27.7361209393	-1420
27.7361240387	-1264
27.7380831242	543
27.7392430305	-1420
27.739248991	-1316
27.7392940521	-1368
27.7395391464	-1368
27.7408161163	-1420
27.7408220768	-1316
27.7409279346	543
27.742814064	-1420
27.7428209782	-1420
27.7428660393	-1264
27.7533071041	-1368
27.7553710938	-1420
27.7553789616	-1316
27.7598760128	-1420
27.7598819733	-1316
27.7600200176	-1368
27.7990939617	-1420
27.7991170883	-1420
27.7991631031	-1264
27.8010530472	-1368
27.802243948	-1420
27.8022489548	-1316
27.802382946	-1420
27.8023869991	-1316
27.8074171543	-1420
27.8074259758	-1316
27.8075671196	543
27.8133530617	-1420
27.8133630753	-1420
27.8134131432	-1264
27.8193409443	-1420
27.8194031715	-1420
27.8194069862	-1264
27.8197300434	-1420
27.8197350502	-1420
27.8197770119	-1264
27.8198571205	543
27.8210730553	-1420
27.8210861683	-1420
27.8211290836	-1264
27.8250491619	-239
27.8256909847	-1420
27.8256981373	-1316
27.8428859711	-1368
27.8429040909	-1368
27.8466141224	-1368
27.8483581543	-1420
27.8484129906	-1420
27.84841609	-1420
27.8484530449	-1212
27.8536021709	543
27.8574049473	-1420
27.8574171066	-1420
27.8574709892	-1264
27.8577690125	-1420
27.8578140736	-1316
27.8579080105	-1368
27.8591561317	-1420
27.8591639996	-1316
27.8593089581	-1368
27.8971891403	-1420
27.8972029686	-1420
27.8972351551	-1264
27.9374680519	-1005
27.9636051655	-1420
27.9636211395	-1316
28.0497510433	-406
28.0499520302	543
28.0503461361	543
28.1959149837	-543
28.1961121559	543
28.3688371181	-543
28.3690309525	543
28.7370960712	-543
28.7662210464	-1420
28.766299963	-1316
28.7665641308	-1368
28.7686810493	543
28.7705881596	-1420
28.7705919743	-1420
28.7706360817	-1264
28.7713999748	-1420
28.7714231014	-1420
28.7714259624	-1264
28.7724201679	543
28.772518158	543
28.7767441273	-1420
28.7767591476	-1420
28.776802063	-1264
28.7787351608	-1420
28.7787671089	-1316
28.7788760662	-1368
28.7803721428	543
28.7874619961	-1420
28.7874679565	-1420
28.7875299454	-1264
28.8493480682	-396
28.8975861073	-1420
28.8976531029	-1420
28.897701025	-1264
28.9582300186	-543
28.9627389908	543
28.9902751446	-1420
28.9902920723	-1420
28.9903509617	-1264
29.0008511543	-675
29.0043480396	543
29.017621994	543
29.1503469944	-543
29.1528480053	-543
29.3359570503	-543
29.3371641636	1057
29.4822189808	-543
29.4858491421	543
29.505890131	-543
29.7256879807	-543
29.8441729546	-543
29.9124150276	-543
29.9131190777	543
29.9564170837	-1057
30.2287919521	-543
30.2314839363	-1420
30.2315340042	-1316
30.2363340855	-1420
30.2363870144	-1420
30.2364330292	-1264
30.2797591686	-1420
30.2798340321	-1316
30.2798790932	-1368
30.3410279751	-480
30.4531869888	-1086
30.4859750271	1057
30.4889509678	543
30.5652871132	-543
30.9635710716	-543
31.1159420013	-1086
31.1259119511	543
31.4644570351	-543
31.5090420246	-1420
31.5090930462	-1316
31.6162121296	-920
31.618445158	543
31.6202590466	543
31.8655591011	-543
31.9441151619	-543
32.0117430687	-543
32.0127191544	543
32.3367130756	-543
32.4490439892	-1057
32.4781651497	543
32.6367080212	-543
32.8272240162	-543
32.8274531364	543
33.1743950844	-543
33.2282919884	-1420
33.2283539772	-1316
33.3259119987	-920
33.3260879517	543
33.3281769753	543
33.3297491074	543
33.4380500317	-543
33.559401989	-543
33.7062790394	-543
33.7070600986	543
33.7865800858	-543
34.0509390831	-543
34.0655989647	543
34.3887500763	-543
34.3900129795	543
34.7303910255	-543
34.7763090134	-1420
34.7763929367	-1316
34.8821051121	-920
34.8880190849	543
34.8884761333	543
35.2327530384	-543
35.384770155	-543
35.4099481106	-1368
35.4968669415	-203
