0	543
0.233747959137	-543
0.233958959579	543
0.470639944077	-1420
0.470656871796	-1420
0.470710992813	-787
0.470908880234	543
0.472997903824	543
0.486467838287	543
0.598433971405	-543
0.609645843506	543
0.826173782349	-543
0.829662799835	543
0.984455823898	-1086
0.984704971313	543
1.11358594894	-1057
1.11710000038	543
1.22060894966	-1420
1.22064781189	-1176
1.24535298347	-1031
1.24727082253	543
1.34856581688	-1298
1.35039782524	543
1.37562084198	-302
1.50407600403	-543
1.5043399334	543
1.63316679001	-543
1.80971097946	-1057
1.81096792221	543
2.05458784103	-543
2.06622695923	543
2.31559586525	-543
2.3157749176	543
2.3360209465	543
2.56239700317	-1420
2.56241488457	-1420
2.56246900558	-787
2.69019889832	-543
2.69207000732	543
2.6923148632	543
2.93065500259	-543
3.21677279472	-1420
3.21684789658	-1420
3.21689391136	-787
3.21693587303	-1420
3.21697688103	-1420
3.21701979637	-1054
3.21770191193	-1420
3.2177438736	-1420
3.2177798748	-1054
3.22802901268	-1298
3.254956007	543
3.2578599453	543
3.34470486641	-1420
3.34476494789	-1420
3.34482192993	-1420
3.34482479095	-932
3.34486699104	-1420
3.34486889839	-1420
3.3449139595	-1054
3.34491801262	-1107
3.34521484375	543
3.51255989075	-543
3.5127518177	543
3.64055585861	-543
3.64073586464	543
3.77755999565	-1298
3.77840590477	-1298
3.78795695305	-1298
3.80863499641	-819
3.81263399124	543
3.93677997589	-1420
3.93679594994	-1176
3.97749495506	-1298
3.98250389099	-276
3.98433279991	543
3.98497986794	1460
3.98503398895	625
4.11041784286	-543
4.23817300797	-543
4.2539999485	-1420
4.25406980515	-1176
4.25447893143	-1420
4.25448298454	-1420
4.25453090668	-1054
4.25469899178	543
4.25486898422	-1298
4.25511097908	-1420
4.25515294075	-1176
4.25527191162	-1298
4.25543880463	-1298
4.25564193726	-1298
4.26764988899	-1298
4.38201189041	-1420
4.38203001022	-1420
4.38208580017	-1420
4.38208889961	-932
4.38248896599	-1420
4.38249278069	-1420
4.38253378868	-1420
4.38253593445	-932
4.3826508522	543
4.38298177719	-1298
4.3832089901	-1420
4.38325190544	-1420
4.38325500488	-1420
4.383289814	-932
4.38344192505	-1420
4.3835067749	-1176
4.38350892067	-1298
4.39597296715	-1420
4.39598679543	-1420
4.39604091644	-1054
4.5099298954	-1420
4.50994777679	-1420
4.51000189781	-1420
4.51000499725	-1420
4.51003885269	-810
4.51072096825	-1420
4.51073479652	-1420
4.51078391075	-1420
4.51078701019	-932
4.51082181931	-1298
4.51091790199	543
4.51113080978	-1298
4.5111348629	-1298
4.51129579544	-1420
4.51129984856	-1420
4.5113389492	-1054
4.51140499115	543
4.51171684265	-1420
4.51172184944	-1420
4.51174378395	-1420
4.51174688339	-932
4.51176285744	-1298
4.52407884598	-1420
4.52414488792	-1420
4.52414989471	-1420
4.52419400215	-932
4.5241959095	-1298
4.63799095154	-1420
4.63800692558	-1420
4.63805985451	-1420
4.63806295395	-1420
4.63810992241	-810
4.63811182976	-1298
4.63867092133	-1420
4.63867497444	-1420
4.63871097565	-1054
4.63871383667	-1298
4.6387989521	-1298
4.63908481598	543
4.63966798782	-1420
4.63967490196	-1176
4.63973379135	-1298
4.63973689079	-1420
4.63979196548	-1420
4.63979482651	-1054
4.6399037838	-1420
4.63990688324	-1420
4.63994479179	-1054
4.64006090164	-1420
4.64014983177	-1420
4.64015197754	-1054
4.64018893242	-1298
4.64019083977	-1298
4.64038395882	543
4.65192890167	-1420
4.65194392204	-1420
4.65199899673	-1054
4.65200185776	-1420
4.65203595161	-1420
4.65203785896	-1054
4.65221500397	543
4.69140696526	-1420
4.6914229393	-1176
4.76594185829	-1420
4.76595878601	-1176
4.76601290703	-1298
4.7661049366	-1420
4.76614499092	-1420
4.76614689827	-1054
4.76649999619	-1420
4.76650381088	-1420
4.76654481888	-1054
4.7665989399	-1420
4.76660084724	-1420
4.76660180092	-1420
4.76660299301	-932
4.76676797867	543
4.76680493355	-1298
4.76787781715	-1420
4.76790499687	-1176
4.76802897453	-1420
4.76811981201	-1420
4.76812195778	-1420
4.76815795898	-932
4.76816082001	-1420
4.76819682121	-1420
4.76826882362	-1054
4.76830792427	-1420
4.76830983162	-1420
4.76839995384	-1054
4.76840281487	-1420
4.76844096184	-1420
4.76844382286	-1054
4.76849389076	-1420
4.7684969902	-1176
4.76863789558	-1420
4.76864099503	-1176
4.76884078979	543
4.77986693382	-1420
4.77988696098	-1420
4.77996182442	-1054
4.77996492386	-1298
4.78001379967	-1420
4.78001689911	-1176
4.78006196022	-1420
4.78006482124	-1176
4.78029680252	543
4.81937980652	-1420
4.81939697266	-1420
4.81946182251	-1054
4.8938498497	-1420
4.89386677742	-1176
4.89393997192	-1420
4.89394378662	-1176
4.8939909935	-1420
4.8939948082	-1176
4.89407896996	-1420
4.89408183098	-1176
4.89432001114	543
4.89437890053	-1420
4.89438199997	-1420
4.89438199997	-1420
4.89438295364	-932
4.89442396164	-1420
4.89442682266	-1176
4.89448094368	-1298
4.89490485191	-1420
4.89494991302	-1420
4.89495182037	-1420
4.8949868679	-932
4.8958799839	-1420
4.8959069252	-1176
4.89610791206	-1420
4.89614892006	-1420
4.89615082741	-1054
4.89627194405	-1420
4.89627480507	-1420
4.8963239193	-1054
4.89632678032	-1298
4.8963778019	-1420
4.89638090134	-1420
4.89641690254	-1054
4.89650988579	-1420
4.89654779434	-1420
4.89655089378	-1054
4.8966858387	-1420
4.89668989182	-1420
4.89677882195	-1420
4.89678192139	-932
4.89678287506	-1420
4.89678382874	-1420
4.8967859745	-1420
4.89678692818	-932
4.89689183235	-1420
4.89689493179	-1420
4.89689683914	-1054
4.89919090271	543
4.89938497543	543
4.90776801109	-1420
4.90778493881	-1420
4.90784597397	-1420
4.90784883499	-932
4.90789294243	-1420
4.90789580345	-1420
4.90793299675	-1054
4.90793585777	-1298
4.90801787376	-1298
4.90801978111	-1420
4.90805888176	-1176
4.91125297546	543
4.94722485542	-1420
4.94724082947	-1420
4.94730591774	-1420
4.94730877876	-932
5.02194690704	-1420
5.02196478844	-1420
5.02201890945	-1420
5.0220220089	-1420
5.02210879326	-810
5.0221118927	-1420
5.02215385437	-1420
5.02215600014	-1054
5.02219080925	-1420
5.02219390869	-1176
5.02222800255	-1420
5.02223086357	-1176
5.02244782448	543
5.02260684967	-1420
5.02261090279	-1420
5.02265000343	-1054
5.02277183533	543
5.02280783653	-1420
5.0228099823	-1176
5.02307295799	-1420
5.02309989929	-1176
5.02313995361	-1420
5.02314281464	-1420
5.02317881584	-1420
5.02318096161	-932
5.02322793007	-1298
5.02323293686	-1420
5.02326893806	-1420
5.02327179909	-1054
5.02381181717	-1420
5.02381587029	-1420
5.02385497093	-1054
5.02398395538	-1298
5.02415084839	-1420
5.02415394783	-1420
5.02419090271	-1054
5.02419281006	-1420
5.02419495583	-1420
5.0241959095	-1054
5.02425384521	-1420
5.02425599098	-1176
5.02443385124	-1420
5.02443790436	-1420
5.02443885803	-1054
5.02452778816	-1420
5.0245308876	-1420
5.0245308876	-1054
5.02467298508	-1420
5.02467679977	-1176
5.024725914	543
5.0248029232	-1420
5.02480483055	-1176
5.02502083778	-1420
5.0250248909	-1420
5.02506399155	-1054
5.0250658989	-1420
5.02506685257	-1176
5.02514600754	-1420
5.02514886856	-1420
5.02514982224	-1420
5.02515077591	-932
5.02526783943	-1420
5.02527093887	-1420
5.02527189255	-1054
5.02570080757	543
5.02593183517	543
5.03553891182	-1380
5.03582382202	543
5.28556895256	543
5.34317994118	-1420
5.34319400787	-1176
5.34345889091	-1031
5.34518790245	-1420
5.34523391724	-1420
5.34523797035	-1054
5.34532094002	-1420
5.34532380104	-1176
5.34536099434	-1298
5.34560394287	-1298
5.34562683105	-1298
5.34571099281	-1420
5.34573078156	-1176
5.34582400322	-1420
5.34584283829	-1176
5.34595179558	-1420
5.34598898888	-1176
5.34608197212	-1420
5.34608483315	-1176
5.34624695778	-1420
5.34625101089	-1176
5.34637379646	-1420
5.34637784958	-1176
5.34663486481	-1298
5.34674096107	-1298
5.34713578224	-1420
5.34713983536	-1176
5.34726500511	-1298
5.34754896164	-1298
5.3476498127	-1420
5.34765195847	-1176
5.34772777557	543
5.34793877602	543
5.35425496101	-1420
5.3542637825	-1176
5.35468292236	-1298
5.35521292686	-1298
5.3559088707	-1420
5.35591387749	-1176
5.35609078407	-1298
5.35622096062	-1420
5.35626077652	-1420
5.35626387596	-1054
5.35662198067	-1420
5.35662579536	-1176
5.35676980019	-1298
5.35690999031	-1420
5.35699796677	-1176
5.35700082779	-1420
5.35703682899	-1176
5.35747289658	-1420
5.35747694969	-1420
5.35747790337	-1054
5.35747885704	-1298
5.35775995255	-1420
5.35776400566	-1420
5.35776495934	-1054
5.35817193985	-1420
5.35817480087	-1176
5.35827898979	-1420
5.35828185081	-1176
5.35838985443	-1420
5.35839295387	-1176
5.35858392715	-1420
5.35858798027	-1176
5.35868287086	-1420
5.35868692398	-1176
5.35911178589	-1420
5.35911488533	-1420
5.35911679268	-1054
5.35930895805	-1420
5.35931301117	-1420
5.35931396484	-1054
5.35947299004	-1298
5.35960197449	-1420
5.35960578918	-1176
5.36974692345	-1420
5.36975598335	-1420
5.36975884438	-1420
5.36975979805	-932
5.36999177933	543
5.37032389641	543
5.37049889565	543
5.37064695358	543
5.38985395432	1057
5.47116780281	-1420
5.4711868763	-1420
5.47124195099	-1054
5.47299599648	-1420
5.47309994698	-1420
5.47310400009	-1054
5.47315788269	-1420
5.47315979004	-1176
5.47361493111	-1420
5.4736199379	-1420
5.47366094589	-1054
5.4737868309	-1420
5.47392296791	-1176
5.47392582893	-1420
5.47396397591	-1420
5.47396683693	-1054
5.47407793999	-1298
5.47408080101	-1420
5.47411584854	-1420
5.47411894798	-129
5.47975492477	543
5.47984480858	543
5.48958897591	543
5.64714193344	-1298
5.64716386795	-1420
5.64720487595	-395
5.65703082085	-1298
5.74378585815	-1298
5.74576377869	543
5.74640679359	543
5.77521800995	-1060
5.77536678314	543
5.77567100525	543
5.90430188179	-543
5.92533493042	-1420
5.92538094521	-1176
5.92580699921	-1298
5.92597198486	-1420
5.92597699165	-1176
5.92685985565	-1298
5.92745995522	-1298
5.92749190331	-1298
5.9279088974	-1298
5.92823791504	-1420
5.92824292183	-1176
5.92863488197	-1298
5.92863798141	-1298
5.9289958477	-1298
5.92899894714	-1298
5.92917490005	-1298
5.92925977707	-1298
5.92958378792	-1298
5.92979478836	-1298
5.9299428463	-1298
5.93007397652	-1298
5.93018078804	-1298
5.93038892746	-1298
5.93049097061	-1298
5.93288183212	-1420
5.93288493156	-1176
5.93356180191	543
5.93376088142	543
6.03234696388	-39
6.05884790421	-1420
6.05891299248	-1176
6.05911898613	-1420
6.05916881561	-1420
6.05917191505	-1054
6.05945587158	-1298
6.05976200104	-1298
6.05992794037	-1298
6.0601568222	-1298
6.06059288979	-1420
6.0605969429	-1420
6.06063485146	-1054
6.06168985367	-1420
6.06173491478	-1420
6.0617377758	-1054
6.06177282333	-1420
6.06177592278	-1420
6.06180977821	-1054
6.06273984909	-1420
6.06279587746	-1420
6.0627989769	-1054
6.06301379204	-1298
6.06332492828	-1420
6.06341099739	-1420
6.06341385841	-1054
6.06358385086	-1420
6.0635869503	-1420
6.06365084648	-1054
6.06383490562	-1420
6.06386685371	-1176
6.06398391724	-1298
6.06419587135	-1420
6.06419897079	-1176
6.06431293488	-1298
6.06564378738	-1420
6.06569099426	-1420
6.06569480896	-1054
6.0656979084	-1298
6.06569886208	-1420
6.06569981575	-1420
6.06570196152	-1054
6.06570291519	-1420
6.06570386887	-1176
6.06570482254	-1298
6.06600093842	-1420
6.06600379944	-1420
6.06600594521	-1054
6.06600689888	-1420
6.06600785255	-1420
6.06600880623	-1054
6.06611680984	-1298
6.06718587875	-1420
6.06719088554	-1420
6.06719183922	-1054
6.06737089157	-1420
6.06737399101	-1176
6.06751084328	-1298
6.06776499748	-1420
6.06776785851	-1420
6.06776881218	-1054
6.06823682785	-1420
6.06823992729	-1176
6.06932377815	-1420
6.06932878494	-1420
6.06932997704	-1420
6.06933093071	-1420
6.06933188438	-810
6.06956887245	1057
6.06990885735	543
6.07033991814	1057
6.07046294212	-1420
6.07046580315	-1176
6.16056680679	-1092
6.16094088554	543
6.49857592583	-1420
6.49859285355	-1420
6.49864697456	-787
6.49885797501	-1420
6.49889779091	-1420
6.49890089035	-1054
6.50060796738	-1420
6.50061297417	-1420
6.5006518364	-1054
6.50098180771	-1420
6.5010228157	-1420
6.50102496147	-1054
6.50128483772	-1298
6.50168085098	-1420
6.50173187256	-1176
6.50198984146	-1420
6.50203299522	-1176
6.50203585625	-1298
6.50205278397	-1298
6.50208997726	-1420
6.50211691856	-1420
6.50211882591	-1054
6.50229692459	543
6.50245380402	-1420
6.50245690346	-1420
6.50249791145	-1054
6.50344181061	-1420
6.50348782539	-1420
6.50349092484	-1054
6.50369787216	-1420
6.50370192528	-1420
6.50374293327	-1054
6.5040128231	-1420
6.50405597687	-1420
6.50405883789	-1054
6.50417780876	543
6.50427794456	-1298
6.50465297699	-1420
6.5046749115	-1176
6.50467801094	-1298
6.50537085533	-1298
6.50563788414	-1420
6.50565886497	-1176
6.50591897964	-1298
6.50931978226	543
6.62677598	-1420
6.62679386139	-1420
6.62684798241	-1420
6.6268517971	-932
6.62689399719	-1420
6.62689685822	-1420
6.62693095207	-1420
6.6269338131	-932
6.62850379944	-1298
6.62967896461	-1420
6.62973093987	-1176
6.62973380089	-1298
6.62981295586	-1420
6.62981581688	-1176
6.63000178337	-1420
6.63000583649	-1420
6.63005280495	-1054
6.63005495071	-1420
6.63009786606	-1176
6.63016700745	-1420
6.63019585609	-1176
6.63019895554	-1420
6.63021492958	-1176
6.63034486771	-1298
6.63039088249	543
6.63051891327	-1298
6.63067793846	-1420
6.63072991371	-1420
6.63073301315	-1054
6.63076996803	-1420
6.63077187538	-1420
6.63084888458	-1054
6.63085198402	-1420
6.63088679314	-1176
6.6308889389	-1298
6.63101482391	543
6.63136482239	-1420
6.6313688755	-1420
6.6314098835	-1054
6.63141179085	-1298
6.63160800934	-1420
6.63161182404	-1420
6.63163280487	-1054
6.63163495064	-1298
6.63174080849	543
6.63196778297	-1420
6.63197088242	-1176
6.63199186325	-1420
6.63199400902	-1176
6.63244986534	-1420
6.63245391846	-1176
6.63255381584	-1420
6.63255786896	-1176
6.63316178322	-1420
6.63316679001	-1420
6.63318586349	-1054
6.63349699974	-1420
6.63353681564	-1420
6.63353991508	-1054
6.67381501198	-1420
6.67382597923	-1176
6.76768183708	-1420
6.76770186424	-1420
6.7677628994	-1054
6.76776599884	-1298
6.76806497574	-1420
6.76806879044	-1176
6.76811695099	-1420
6.76811981201	-1420
6.76816892624	-1420
6.76818084717	-932
6.7682158947	-1298
6.76821899414	-1298
6.76825094223	-1420
6.76825380325	-1420
6.76838088036	-1420
6.7683827877	-932
6.76843595505	-1420
6.7684378624	-1420
6.76844000816	-1054
6.76844096184	-1420
6.76845192909	-1420
6.76845383644	-1420
6.76845479012	-932
6.76845598221	-1420
6.76845693588	-1176
6.76853299141	-1420
6.76853489876	-1420
6.76853585243	-1420
6.76853680611	-932
6.76863694191	543
6.76866984367	-1420
6.76867198944	-1176
6.7687318325	-1420
6.76873493195	-1420
6.76873683929	-1420
6.76873779297	-1420
6.76873898506	-203
6.76903986931	543
6.76928186417	543
7.02262878418	543
7.04003882408	543
7.25827693939	-543
7.25846600533	543
7.42554283142	-543
7.42574000359	543
7.57331490517	-1420
7.57333397865	-151
7.58557295799	-1298
7.58588695526	-1298
7.70116996765	-3
7.70324087143	543
7.70490789413	543
7.72884392738	-1298
7.72897481918	-1298
7.73854088783	-1298
7.74073982239	543
7.83191800117	-276
7.83776593208	543
7.96043395996	-543
8.069865942	-1298
8.07486701012	543
8.08861088753	-302
8.09034395218	1057
8.21710395813	-543
8.33574080467	543
8.34545087814	-1057
8.34649300575	543
8.45623087883	-1298
8.47467184067	-273
8.50654578209	-1420
8.50656580925	-1176
8.50716495514	-1420
8.50716996193	-1420
8.50720977783	-1054
8.50796294212	-1298
8.50807595253	543
8.50822687149	-1298
8.50823283195	-1298
8.50873684883	-1298
8.50892591476	-1298
8.60237288475	-44
8.63038778305	1057
8.63592290878	543
8.77870893478	-1057
8.94661998749	-543
8.94686293602	543
9.10036492348	-1420
9.1003818512	-1420
9.10043692589	-787
9.10329294205	543
9.2281358242	-543
9.23002290726	543
9.39559793472	-1057
9.39654588699	543
9.52356886864	-543
9.60253787041	-1298
9.65173077583	-273
9.67048287392	543
9.81468582153	-543
9.814868927	543
9.96740293503	-1420
9.96742987633	-151
9.97796797752	-1298
9.9789788723	-1298
10.0951669216	-32
10.097206831	543
10.0987689495	543
10.2579059601	-543
10.4075148106	-1057
10.4085419178	543
10.5768477917	-543
10.5915868282	543
10.7408809662	-1420
10.7409079075	-665
12.9250509739	-543
13.1043329239	-543
