0	1057
0.146118164062	-543
0.171082019806	-1420
0.171149015427	-1316
0.266159057617	-920
0.268647193909	543
0.270503997803	543
0.275093078613	543
0.275358200073	543
0.288146018982	543
0.414775133133	-543
0.541074037552	-1368
0.550330162048	-1420
0.550391197205	-1316
0.576261043549	-638
0.587667226791	543
0.589521169662	543
0.589727163315	543
0.597070217133	-1368
0.692821025848	-746
0.809388160706	-543
0.809577226639	543
0.925909996033	-543
0.952990055084	-1368
1.06943821907	-746
1.07020020485	543
1.31669807434	-543
1.32627701759	1057
1.48437309265	-543
1.51010918617	-1420
1.51017713547	-1316
1.51771807671	-1368
1.5277531147	543
1.54852509499	543
1.54883408546	543
1.54916906357	543
1.62648105621	-95
1.64582014084	543
1.71387910843	-1420
1.71389508247	-1316
1.78270220757	-978
1.78520107269	543
1.78539800644	543
1.82192206383	-1420
1.82193517685	-1316
1.86884021759	-1368
1.87800312042	543
1.87821006775	543
1.90189409256	-95
2.01847600937	-543
2.10000109673	-1368
2.20626711845	-1289
2.65276503563	-543
2.66105914116	-1420
2.66114211082	-1316
2.67015910149	-1420
2.67026019096	-1420
2.67031812668	-1264
2.6709690094	-1420
2.67099308968	-1316
2.67828321457	-1420
2.67833900452	-1316
2.7063062191	1057
2.7180621624	1057
2.769520998	-1420
2.76953721046	-1316
2.77777004242	-1420
2.77778601646	-1420
2.777821064	-1420
2.77782320976	-1212
2.78695702553	-1358
2.78852915764	543
2.88313102722	-1420
2.88314914703	-1420
2.88321208954	-1264
2.90558099747	-638
2.92787408829	543
2.9671561718	-1420
2.96716809273	-1420
2.9672191143	-1264
3.06520199776	-638
3.06722521782	543
3.06781816483	1460
3.0678730011	625
3.18187308311	-543
3.30969619751	-1420
3.30971312523	-1420
3.30976819992	-1264
3.30992507935	-1368
3.31004500389	543
3.3101131916	-1420
3.31011509895	-1316
3.31722712517	-1420
3.3172390461	-1420
3.31728816032	-1264
3.3178691864	-1420
3.31791114807	-1316
3.32165622711	-1368
3.32405400276	-1420
3.32406020164	-1316
3.32607722282	-1368
3.32632112503	-1420
3.32636809349	-1316
3.32698512077	-1420
3.32700920105	-1420
3.3270111084	-1264
3.32710313797	543
3.32789707184	-1420
3.32790112495	-1316
3.33020305634	-1368
3.33611106873	-1420
3.33619904518	-1316
3.33811211586	-1216
3.34066915512	-1368
3.42631721497	-1368
3.42649316788	-1420
3.42654800415	-1316
3.42655205727	-1420
3.42659711838	-1420
3.42660021782	-1264
3.4266731739	-1420
3.42667508125	-1316
3.42672610283	-1368
3.42698311806	-1420
3.42698812485	-1316
3.42706918716	-1368
3.42725920677	543
3.43395400047	-1420
3.43396115303	-1420
3.43403720856	-1264
3.43404006958	-1420
3.43407607079	-1420
3.43407821655	-1264
3.43432307243	543
3.43441200256	-1368
3.43458914757	-1420
3.43463206291	-1420
3.43463516235	-1264
3.44064021111	-1420
3.44064712524	-1420
3.44069004059	-1264
3.44069218636	-1368
3.44074821472	-1420
3.44075012207	-1316
3.44092202187	543
3.44310808182	-1420
3.44311308861	-1420
3.44315505028	-1264
3.44315814972	-1368
3.44353103638	-1420
3.44353699684	-1316
3.44355821609	-1420
3.44356012344	-1316
3.44357705116	-1368
3.44371199608	-1420
3.44375109673	-1420
3.44375300407	-1264
3.44471716881	-1420
3.4447221756	-1420
3.44475913048	-1264
3.44476103783	-1368
3.45260906219	-1420
3.45261502266	-1420
3.45265817642	-1264
3.45271015167	-1420
3.45272803307	-1420
3.45273017883	-1264
3.45732617378	-1420
3.45733118057	-1316
3.45743513107	-1420
3.4574379921	-1316
3.45758008957	543
3.54344415665	-1420
3.54346418381	-1420
3.54350709915	-1264
3.54351019859	-1420
3.54352712631	-1420
3.54352903366	-1420
3.54354500771	-1212
3.54354715347	-1368
3.54356122017	-1420
3.54356408119	-1316
3.54371213913	-1420
3.54371619225	-1420
3.54375505447	-1264
3.54383015633	-1420
3.543872118	-1420
3.54387521744	-1264
3.54390907288	-1368
3.54398417473	-1420
3.54398798943	-1420
3.54398918152	-1264
3.54403710365	543
3.54410409927	-1420
3.54410600662	-1316
3.54435920715	543
3.54557514191	-1420
3.54558110237	-1316
3.55059719086	-1420
3.550604105	-1420
3.55064702034	-1420
3.55065011978	-1212
3.55071520805	-1420
3.5507171154	-1420
3.55073308945	-1264
3.55076813698	-1420
3.55078601837	-1420
3.55078816414	-1264
3.55103802681	543
3.55108213425	-1420
3.5510840416	-1316
3.55121803284	-1420
3.55122113228	-1420
3.55122208595	-1264
3.55129718781	-1420
3.55129814148	-1316
3.55140304565	-1420
3.55144309998	-1420
3.55144619942	-1264
3.55153012276	543
3.55718016624	-1420
3.55718708038	-1420
3.55722808838	-1264
3.55722999573	-1368
3.55730009079	-1420
3.55730319023	-1420
3.55731916428	-1264
3.55737519264	-1420
3.55741119385	-1420
3.55741405487	-1264
3.55750203133	-1420
3.55750417709	-1316
3.55986213684	-1420
3.55986714363	-1420
3.55990314484	-1264
3.55990505219	-1368
3.55997800827	-1420
3.55998110771	-1420
3.55999803543	-1264
3.560131073	-1420
3.56013417244	-1316
3.56024312973	-1420
3.56024599075	-1420
3.56024813652	-1420
3.56024909019	-1212
3.56035518646	-1420
3.56036019325	-1420
3.56036114693	-1264
3.56047201157	-1420
3.56047511101	-1420
3.56047701836	-1264
3.5606110096	-1368
3.56061506271	-1420
3.56061720848	-1420
3.56061911583	-1264
3.56069612503	-1368
3.56124806404	-1368
3.56144213676	-1420
3.56144499779	-1316
3.56147909164	-1420
3.56148099899	-1420
3.56148219109	-1264
3.56286907196	543
3.56415009499	1086
3.56919717789	-1420
3.5692050457	-1316
3.56923103333	-1368
3.56931900978	-1420
3.56935715675	-1316
3.56940221786	-1420
3.56942009926	-1316
3.56945705414	-1368
3.56959104538	-1420
3.56959414482	-1316
3.56968712807	-1420
3.56969022751	-1420
3.56970715523	-1264
3.57212018967	-1368
3.5739531517	-1420
3.57395720482	-1420
3.5739941597	-1420
3.57399606705	-1212
3.57406020164	-1420
3.57406210899	-1420
3.57406306267	-882
3.5742430687	543
3.57450509071	543
3.57606720924	-1368
3.66032910347	-1420
3.66038203239	-1420
3.66047120094	-1264
3.66047406197	-1420
3.66051220894	-1420
3.66051411629	-1264
3.66055011749	-1368
3.66055202484	-1420
3.6605861187	-1316
3.66058921814	-1420
3.6606221199	-1420
3.66062521935	-1264
3.66065716743	-1368
3.66082119942	-1420
3.66085910797	-1420
3.66086220741	-1264
3.6610660553	-1420
3.66106915474	-1420
3.66110920906	-1420
3.66111111641	-1420
3.66111302376	-1160
3.66111421585	-1420
3.66111516953	-1316
3.6611161232	-1420
3.66111707687	-1420
3.66111803055	-1264
3.66111922264	-1368
3.6612432003	543
3.66134119034	-1420
3.66134405136	-1420
3.66134405136	-1264
3.66134619713	-1420
3.6613471508	-1420
3.6613471508	-1420
3.66134810448	-1212
3.66143608093	-1420
3.6614382267	-1316
3.66149401665	-1368
3.66153216362	-1368
3.66159319878	-1368
3.66165709496	-1420
3.6616601944	-1420
3.66166114807	-1420
3.66166210175	-1212
3.66175413132	-1368
3.66186904907	543
3.66214418411	543
3.66261410713	-1420
3.66263699532	-1420
3.66267800331	-1264
3.66268014908	-1368
3.66277813911	543
3.66732406616	-1420
3.66733002663	-1316
3.66737103462	-1368
3.6676030159	-1420
3.66762304306	-1420
3.6676261425	-1264
3.69047808647	-276
3.69083213806	543
3.71079206467	1057
3.88873505592	-543
3.89103412628	-1420
3.89107108116	-1316
3.8919801712	-1420
3.89201211929	-1420
3.89201521873	-1264
3.8949739933	-1420
3.89498019218	-1316
3.89510416985	-1368
3.902821064	-1420
3.90288305283	-1316
3.90288710594	-1368
3.90388202667	-1420
3.90388822556	-1316
3.90439319611	-1420
3.9043982029	-1316
3.9060690403	-1368
3.90607404709	-1420
3.90611505508	-1420
3.90611815453	-1264
3.90623211861	543
3.9086561203	-1368
3.90954518318	-1420
3.90959000587	-1316
3.9103140831	-1368
3.91102313995	-1420
3.91102910042	-1316
3.91168618202	-1420
3.91169118881	-1420
3.91173410416	-1264
3.91394209862	-1420
3.9139881134	-1420
3.91399121284	-1264
3.91411399841	543
3.91480112076	-1420
3.91480612755	-1316
3.91521716118	-1368
3.91641020775	-1368
3.91649913788	-1368
3.91656017303	543
3.91689801216	-1420
3.91690301895	-1316
3.9180150032	-1420
3.91802000999	-1316
3.91974401474	-1420
3.91974902153	-1420
3.91978907585	-1264
3.92091202736	-1420
3.92095518112	-1316
3.92123413086	-1368
3.92194318771	-1420
3.92194914818	-1420
3.92198801041	-1264
3.92299604416	-1368
3.92356514931	-1420
3.9235701561	-1316
3.92519116402	-1420
3.92519521713	-1316
3.92588615417	-1420
3.92589116096	-1316
3.92598509789	543
3.92633104324	-1420
3.92633605003	-1316
3.92700314522	-1420
3.92700815201	-1420
3.92704820633	-1264
3.92907118797	-1420
3.92911505699	-1316
3.92918014526	-1368
3.93020319939	-1420
3.93020820618	-1316
3.93770122528	-1368
3.93778419495	543
3.96391415596	-1420
3.96393108368	-1420
3.96399402618	-1264
3.96580600739	543
4.00757813454	-548
4.00954318047	543
4.01018214226	543
4.17367005348	-543
4.18321013451	-1368
4.21426320076	-1420
4.2142791748	-1316
4.21434307098	-1368
4.2145152092	543
4.21464109421	-1420
4.21464419365	-1420
4.21468305588	-1264
4.21501421928	543
4.21634411812	-1420
4.21635103226	-1316
4.21659708023	-1368
4.21768116951	-1420
4.21772813797	-1316
4.21955108643	-1420
4.21957421303	-1420
4.21957707405	-1264
4.22004008293	-1420
4.22004318237	-1316
4.22163105011	-1420
4.22163701057	-1316
4.22173309326	-1368
4.22225022316	-1420
4.22227215767	-1316
4.22272801399	-1368
4.22585010529	543
4.23025417328	-1420
4.23026108742	-1316
4.29976010323	-1187
4.55407309532	-543
4.55520200729	-1420
4.55524706841	-1316
4.55562615395	-1420
4.55566620827	-1316
4.55587005615	-1368
4.55827522278	-1420
4.55833601952	-1316
4.55851101875	543
4.55860710144	-1368
4.55871415138	543
4.55937004089	-1420
4.55939507484	-1316
4.55943512917	-1368
4.56050801277	-1420
4.56055402756	-1420
4.560557127	-1264
4.56685304642	-1420
4.56686711311	-1420
4.56692099571	-1264
4.56779909134	-1420
4.56784319878	-1316
4.56788921356	-1368
4.57037401199	-1420
4.57038402557	-1420
4.57043218613	-1264
4.5726351738	-1420
4.57268500328	-1316
4.5726890564	-1368
4.57304215431	-1420
4.57304501534	-1316
4.57314515114	-1368
4.57316112518	543
4.57607412338	-1368
4.5767621994	-1420
4.57676911354	-1316
4.57731199265	-1420
4.57731699944	-1420
4.57733917236	-1264
4.5782790184	-1420
4.57831501961	-1316
4.57831811905	-1368
4.58002209663	-1368
4.59030818939	-1420
4.5903570652	-1316
4.59144711494	-1420
4.5914940834	-1316
4.59155011177	-1368
4.59703803062	-1420
4.59704613686	-1316
4.59719705582	1057
4.59819316864	-1368
4.59913921356	-1420
4.59918808937	-1316
4.60005307198	-1368
4.60534501076	-1420
4.6053571701	-1420
4.60539102554	-1264
4.60649704933	-1420
4.60654020309	-1316
4.6074860096	-1368
4.61355018616	-1368
4.61420607567	-1420
4.61425018311	-1420
4.61425304413	-1264
4.61534118652	-1420
4.61534500122	-1316
4.61610817909	-1368
4.61626005173	543
4.62075209618	-1420
4.62076020241	-1316
4.62127399445	-1368
4.62230610847	-1420
4.6223461628	-1316
4.62300801277	-1368
4.62890315056	-1368
4.6289741993	-1368
4.62910199165	-1368
4.62961506844	-1420
4.62964200974	-1316
4.63031506538	-1368
4.63116621971	-1420
4.63117218018	-1316
4.63128709793	-1368
4.63327312469	-1420
4.63331818581	-1316
4.63335609436	-1368
4.63597202301	-1420
4.63597607613	-1316
4.63625621796	-1368
4.63638520241	543
4.63651800156	-1420
4.636521101	-1316
4.63655614853	-1368
4.63662099838	543
4.63680005074	-1420
4.63680505753	-1316
4.63683319092	-1368
4.6373090744	-1420
4.63733100891	-1316
4.63744521141	-1368
4.63791418076	-1368
4.6382920742	-1420
4.63831710815	-1316
4.63860821724	-1420
4.63864803314	-1316
4.63876318932	-1368
4.63929200172	-1420
4.63929700851	-1420
4.63933706284	-1264
4.63996505737	-1420
4.639991045	-1316
4.6400411129	-1368
4.64023804665	543
4.64027905464	-1368
4.6407930851	-1420
4.64081406593	-1316
4.64105701447	-1420
4.6410779953	-1316
4.64118099213	-1368
4.64163208008	-1368
4.64171600342	-1368
4.64189314842	-1368
4.64222002029	-1420
4.64225721359	-1316
4.64235115051	-1368
4.64243817329	-1368
4.64307022095	-1420
4.64309215546	-1316
4.64322113991	-1368
4.64341711998	-1420
4.64342021942	-1316
4.64374518394	1057
4.64409708977	-1368
4.64410209656	-1420
4.64414000511	-1316
4.64449119568	-1368
4.64467215538	-1420
4.6446762085	-1316
4.64506602287	-1368
4.64558720589	-1420
4.64562511444	-1316
4.64570808411	-1368
4.64596414566	-1420
4.64596700668	-1316
4.64617109299	-1368
4.64637804031	-1420
4.6463971138	-1316
4.64677810669	-1368
4.64745807648	-1420
4.64746212959	-1316
4.64756011963	-1368
4.64844202995	543
4.64918518066	-1420
4.64919018745	-1316
4.6492960453	-1368
4.67064905167	-656
4.67091012001	-1420
4.67091321945	-1420
4.67091417313	-1420
4.67091417313	-1212
4.67101216316	-1368
4.67140817642	-1420
4.67148303986	-1420
4.6714861393	-1420
4.6715221405	-1212
4.67152500153	-1420
4.67155718803	-1316
4.67156004906	-1420
4.67161011696	-1316
4.67161202431	-1420
4.67164611816	-1420
4.67164802551	-1264
4.67171502113	-1368
4.67183804512	-1420
4.67187905312	-1316
4.67195010185	-1420
4.67195105553	-1316
4.67207121849	543
4.67211914062	-1420
4.67212104797	-1420
4.67212200165	-1264
4.67225718498	543
4.67229318619	-1420
4.67229509354	-1316
4.67238616943	-1368
4.67253899574	-1420
4.67256116867	-1316
4.67264509201	-1368
4.70187520981	-1368
4.70207905769	543
4.70512318611	-1420
4.70513105392	-1316
4.7059700489	-1420
4.70597505569	-1316
4.70607304573	-1368
4.70719099045	-1420
4.70721721649	-1420
4.70722007751	-1264
4.70839619637	-1420
4.70840215683	-1420
4.70842409134	-1264
4.71191120148	-1420
4.71195220947	-1316
4.71211504936	-1368
4.72311019897	-1420
4.72314500809	-1420
4.72320318222	-1264
4.72320604324	-1368
4.78329706192	-1368
4.78345108032	543
4.78511118889	-1420
4.78511619568	-1316
4.7860751152	-1420
4.78608107567	-1316
4.78619599342	-1368
4.78655600548	543
4.78718805313	-102
4.78841114044	-1368
4.78846502304	-1368
4.78962111473	-1420
4.78967905045	-1316
4.78968214989	-1368
4.79050707817	-1420
4.79051208496	-1420
4.79055213928	-1264
4.79154109955	-1420
4.79158520699	-1420
4.79158711433	-1264
4.79218316078	-1368
4.80397605896	-1368
4.90514421463	-1010
4.90528821945	543
4.9061050415	543
5.10970401764	-543
5.11215519905	-1420
5.11220812798	-1316
5.11432600021	-1420
5.11435008049	-1316
5.1144452095	-1368
5.11468219757	-1420
5.11468601227	-1316
5.11552619934	-1368
5.11566400528	-1368
5.11581611633	-1420
5.11582016945	-1316
5.12100720406	-1420
5.12101411819	-1420
5.12103819847	-1264
5.12205719948	-1420
5.12209820747	-1420
5.1221010685	-1264
5.12369012833	-1420
5.12369513512	-1316
5.12380409241	-1368
5.12822008133	-1420
5.12826609612	-1316
5.12831616402	-1368
5.12842917442	1057
5.13016605377	-1420
5.13017106056	-1420
5.13019514084	-1264
5.13087701797	-1420
5.13091921806	-1420
5.13092207909	-1264
5.13229012489	-1420
5.13229608536	-1420
5.13233709335	-1264
5.13402318954	-1368
5.13437414169	-1420
5.13437914848	-1420
5.13441801071	-1264
5.13511013985	-1420
5.13515400887	-1316
5.13727211952	-1420
5.13731408119	-1420
5.13731622696	-1264
5.13742399216	543
5.13886117935	-1420
5.13886618614	-1420
5.13890719414	-1264
5.13910222054	-1420
5.13914418221	-1316
5.13918018341	-1368
5.14105701447	-1368
5.14209699631	-1420
5.14212107658	-1316
5.1421790123	-1368
5.14298009872	-1420
5.14298510551	-1420
5.14302206039	-1264
5.14510011673	-1420
5.14514017105	-1316
5.14523601532	-1368
5.14532399178	543
5.14598107338	-1420
5.1459851265	-1316
5.14607715607	-1368
5.1461391449	543
5.14915204048	-1420
5.14915704727	-1420
5.14920711517	-1264
5.15157604218	-1368
5.15179300308	-1420
5.15179800987	-1316
5.1591861248	-1420
5.15920209885	-1420
5.15925502777	-1264
5.15996813774	-1420
5.15999507904	-1316
5.15999817848	-1368
5.16431713104	-1368
5.16433215141	-1368
5.16440916061	-1368
5.16620612144	-1420
5.16625905037	-1420
5.16626214981	-1264
5.16724514961	-1420
5.16724920273	-1316
5.16733503342	-1368
5.16771602631	543
5.16924118996	-1420
5.16924619675	-1420
5.16928505898	-1264
5.1704750061	-1420
5.1705160141	-1420
5.17051815987	-1264
5.17147421837	-1368
5.17159104347	-1420
5.17163109779	-1316
5.17273521423	-1420
5.17275905609	-1420
5.17276215553	-1264
5.17384505272	-1420
5.17385005951	-1420
5.17388820648	-1264
5.17467617989	-1368
5.17478108406	1057
5.17614221573	-1420
5.17614817619	-1316
5.17647504807	-1420
5.17648005486	-1420
5.17652106285	-1264
5.17854404449	-1420
5.17857003212	-1420
5.17857313156	-1264
5.17930603027	-1420
5.17931199074	-1420
5.17935109138	-1264
5.1815571785	-1368
5.1822040081	-1420
5.18220901489	-1316
5.18324518204	-1420
5.18325018883	-1420
5.18327021599	-1264
5.18350815773	-1368
5.1836001873	543
5.18507003784	-1420
5.18507409096	-1316
5.18535709381	-1368
5.18567013741	-1420
5.18572211266	-1316
5.18590307236	-1368
5.18749022484	-1420
5.18749403954	-1420
5.18753218651	-1264
5.18812322617	-1368
5.18826603889	-1420
5.18827104568	-1316
5.19177818298	-1368
5.22635006905	-521
5.47895312309	1057
5.50193405151	1057
5.6257982254	-543
5.66650700569	-1420
5.66655421257	-1316
5.70360517502	1057
5.74089813232	-1368
5.74302315712	543
5.74488306046	543
5.76654005051	543
5.77017521858	-1420
5.77018117905	-1316
5.77768111229	-1368
5.78242301941	-190
5.78254103661	543
5.81697702408	543
5.81758403778	543
5.8177781105	543
5.89907813072	-1086
6.0538380146	-1368
6.0600399971	-804
6.1104991436	1057
6.1289741993	-1368
6.17668318748	-804
6.17789816856	543
6.4105989933	-543
6.45372605324	-1368
6.45576810837	-1420
6.45581316948	-1316
6.45832514763	-1420
6.45838212967	-1420
6.45842218399	-1264
6.46358013153	-1420
6.46363711357	-1420
6.46367502213	-1264
6.50977301598	-1368
6.52708315849	-430
6.5560541153	1057
6.56736207008	1057
6.70534706116	1057
6.75792002678	-543
6.87493300438	-1368
6.88320708275	-1420
6.88326501846	-1316
6.91431117058	-1152
6.91682100296	543
6.92142415047	543
7.07765722275	-543
7.24508309364	-1086
7.24632310867	543
7.40174508095	-543
7.55813503265	-1057
7.57936310768	1057
7.72619915009	-543
7.7546942234	-1420
7.75476908684	-1316
7.76176214218	-1368
7.76750612259	543
7.87110209465	-95
7.87305402756	543
8.03139615059	-1086
8.03239512444	543
8.14787101746	-543
8.25095319748	-1368
8.2644701004	-261
8.26828598976	1057
8.41490316391	-543
8.44497704506	-1420
8.44505310059	-1316
8.45272517204	-1368
8.45556902885	543
8.56163811684	-95
8.56358218193	543
8.72311306	-1086
8.72422719002	543
8.83965420723	-543
8.95633411407	-543
8.97599315643	543
9.1220099926	-543
9.13089799881	-1368
9.24735307693	-203
11.213835001	-543
11.5548892021	-543
