0	-543
2.88379597664	543
3.32587003708	-543
3.32611918449	543
3.77733397484	-1057
3.79083800316	543
4.22043204308	-543
4.22958612442	543
4.70175909996	-1420
4.70178413391	-1420
4.7018661499	-787
4.73325514793	543
4.7389550209	-1420
4.73896312714	-1316
4.75830411911	543
4.8182091713	-377
4.96641802788	-543
4.96666717529	543
4.96853899956	1460
4.96862411499	1139
5.08364796638	-543
5.08632516861	543
5.08686518669	1057
5.14749908447	-1420
5.14751815796	-1316
5.14770007133	-1420
5.14770507812	-1420
5.14776611328	-1264
5.18529200554	-1420
5.18537712097	-1420
5.18538308144	-1264
5.20029401779	-1420
5.20030617714	-146
5.31547617912	-1420
5.31549715996	-1316
5.31601214409	-1420
5.31601905823	-1420
5.31607913971	-1264
5.31619215012	543
5.31666517258	-1420
5.31667208672	-1420
5.31673812866	-1264
5.31674218178	-1023
5.32832717896	1057
5.33457517624	-1368
5.33701515198	1057
5.35027503967	-1420
5.35029506683	-1316
5.35047602654	543
5.37286615372	-543
5.433147192	-66
5.45918107033	-1420
5.45924019814	-1316
5.49951314926	-1368
5.54972314835	-580
5.55822110176	-543
5.57016515732	-1420
5.57018709183	-1316
5.5712389946	-1420
5.57124614716	-1420
5.57130503654	-1264
5.57214903831	-1420
5.57215619087	-1420
5.57221508026	-1264
5.57372498512	-1420
5.57374000549	-1420
5.5737991333	-1264
5.61127710342	-1368
5.6115231514	543
5.61217999458	-1368
5.65429615974	-1420
5.6543161869	-1316
5.6544470787	-1420
5.65445208549	-1316
5.66624617577	-1420
5.66626214981	-1372
5.6664659977	543
5.69241905212	-1420
5.69243812561	-1316
5.78276515007	-891
5.7832570076	1057
5.79969215393	543
5.80384516716	1057
5.87707901001	1460
5.87717413902	111
5.87744617462	1460
5.87750506401	111
5.99992012978	543
6.03471803665	-1420
6.0347430706	-1420
6.0348200798	-787
6.06951808929	-1420
6.06958508492	-1316
6.07176017761	-1368
6.07211613655	-1368
6.07955908775	543
6.10697507858	-1420
6.10699319839	-1316
6.11009597778	-1420
6.11011719704	-1420
6.1102180481	-1264
6.11302518845	-1420
6.11309218407	-1420
6.11309719086	-1264
6.14756703377	-1420
6.14758515358	-1316
6.14837098122	543
6.15096306801	-699
6.1511991024	543
6.26815700531	-543
6.27294397354	543
6.66529107094	-543
6.7046880722	-1420
6.70477414131	-1316
6.7407810688	-1368
6.78159809113	-580
6.78966617584	543
6.81802916527	-1420
6.81804704666	-1316
6.85502719879	-1368
6.87549304962	543
6.89793610573	-66
6.93002414703	543
7.11355209351	-543
7.30843615532	-1086
7.31293797493	543
7.56067705154	-1057
7.56159806252	543
7.81016016006	-1420
7.8101811409	-1420
7.81032919884	-787
7.81150698662	-1420
7.81154704094	-1316
7.81155109406	-1368
7.81252813339	-1420
7.81254410744	-1316
7.81265211105	-1368
7.84372615814	-1420
7.84380197525	-1316
7.84422802925	-1420
7.8442761898	-1316
7.92677497864	-1420
7.92686200142	-1420
7.92693018913	-1420
7.92698907852	-1420
7.92704415321	-1420
7.92710900307	-1108
7.92736196518	543
7.92750501633	543
7.92788410187	-1420
7.92789196968	-1420
7.92795109749	-1264
7.92795610428	-1368
7.92894411087	-1420
7.92895102501	-1420
7.92901206017	-1264
7.92901611328	-1353
8.00338506699	543
8.0700981617	543
8.35918807983	-543
8.35986804962	543
8.53675699234	-543
8.53696513176	543
8.57454705238	-1420
8.57456612587	-1420
8.57461309433	-1264
8.65367817879	-66
8.65567708015	543
8.65595698357	543
8.84169101715	-543
8.98657512665	-543
8.98981809616	-1420
8.98988413811	-1316
8.99702596664	-1368
8.99721217155	-1420
8.9972410202	-1316
8.99741506577	-1420
8.99744796753	-1316
8.99747610092	-1368
8.99858212471	543
9.00024604797	543
9.01449108124	-480
9.02693605423	-1420
9.02700710297	-1316
9.02945017815	-1368
9.14358115196	-1123
9.22426605225	1057
9.47147703171	-543
9.5117161274	-586
9.61293816566	543
9.61304211617	543
9.61311817169	543
9.62733101845	-1057
9.6311609745	543
9.74362301826	-543
9.74382400513	543
9.89931201935	-543
9.8995141983	543
10.1894321442	-1420
10.1894521713	-1420
10.1894960403	-787
10.1916019917	543
10.2957661152	-1420
10.2957861423	-1316
10.2977631092	543
10.3060510159	-920
10.3071901798	543
10.4682760239	-543
10.482555151	-1057
10.4844050407	543
10.7400500774	-543
10.7897191048	543
10.8719880581	-1420
10.872081995	-151
10.8925771713	543
10.990552187	-543
11.0792851448	-1420
11.0793020725	-665
11.0899991989	543
11.2464640141	-543
11.2489900589	543
11.591299057	-1420
11.5913181305	-1420
11.5914020538	-787
11.5995571613	543
11.6019721031	543
11.7077071667	-1086
11.7079641819	543
11.7099380493	543
11.9014730453	-1057
11.9024810791	543
12.0574631691	-543
12.179664135	-543
12.335488081	-1057
12.338807106	543
12.5254440308	-543
12.5257101059	543
12.6129469872	586
12.7129440308	-1420
12.7129640579	-1420
12.7130391598	-787
12.7149121761	543
12.8293101788	-543
12.8319501877	543
12.9855110645	-1057
12.986549139	543
13.1433641911	-543
13.3480391502	-543
13.3653230667	543
13.622977972	543
13.8079750538	-543
13.8081731796	543
14.2531011105	-1420
14.2531349659	-1420
14.2532260418	-787
14.2535941601	-1420
14.2536661625	-1316
14.2540531158	-1420
14.2542021275	-1316
14.2542099953	-1368
14.2544059753	-1368
14.290158987	-1368
14.3697211742	-1420
14.3697400093	-971
14.541159153	-1420
14.5411801338	-1420
14.5412290096	-787
14.542219162	543
14.5444931984	543
14.6129500866	543
14.6574480534	-543
15.1134011745	-543
15.1136231422	543
15.5679721832	-1420
15.568005085	-1420
15.5681040287	-787
15.568114996	-1420
15.5681791306	-1316
15.5689511299	-1368
15.5690960884	-1420
15.5691070557	-1420
15.5692360401	-1264
15.6056990623	-1368
15.6844861507	-1420
15.6845071316	-971
15.8485410213	-1420
15.8485720158	-1420
15.8486530781	-787
15.8498790264	543
15.9647929668	-543
