0	-543
0.428302049637	-543
1.29601502419	-543
1.52838897705	543
1.52858614922	543
1.52871108055	543
2.52864098549	543
2.52884221077	543
3.65856218338	543
3.69738221169	543
4.13910007477	-543
4.39404916763	-543
4.39446902275	543
4.40492510796	543
4.43525004387	543
4.54404520988	-543
5.1402220726	-543
5.33857297897	-1368
5.33865118027	-1420
5.33868312836	-839
5.37483310699	543
5.40781021118	543
5.40838813782	543
5.40858697891	543
5.44325017929	-1368
5.47821998596	-1368
5.50753808022	543
5.55991411209	-406
5.71085810661	-543
5.71240305901	1460
5.71246218681	1139
5.7845621109	-1420
5.78458619118	-1420
5.78462219238	-1264
5.79039716721	1057
5.82412600517	-1420
5.82415318489	-1420
5.82419013977	-1264
5.82436704636	543
5.8634390831	-132
5.88773417473	-1420
5.88780808449	-1420
5.88781404495	-1264
5.97512412071	-609
5.99806809425	-1368
6.10635709763	-1420
6.1063849926	-1316
6.1073281765	-1368
6.10830116272	-1368
6.11075806618	-1368
6.11121416092	-1420
6.1112511158	-1316
6.11266613007	-1420
6.11270809174	-1316
6.14676499367	-1368
6.21706700325	-1368
6.21723103523	543
6.31258201599	-1368
6.31316900253	-1368
6.31606912613	543
6.32468819618	1057
6.35534310341	-1420
6.35536408424	-1316
6.46736121178	-19
6.53337311745	565
6.67408800125	-1420
6.67415904999	-1420
6.67417812347	-787
6.71475219727	-1420
6.71482515335	-1316
6.71488308907	-1368
6.77459907532	-1420
6.77465701103	-1316
6.78640007973	-1368
6.78707718849	-1420
6.78712010384	-1420
6.78716421127	-1264
6.82732415199	-1420
6.82737207413	-1316
6.82763600349	-1368
6.93083119392	-1420
6.93088316917	-1316
7.08118700981	-127
7.08144307137	543
7.08185601234	543
7.10346317291	543
7.63663721085	-1368
7.63684916496	-1420
7.63689517975	-839
7.6373860836	543
7.77655005455	-1420
7.77656602859	-1420
7.77664899826	-1264
7.80338001251	543
7.80362820625	543
7.88758707047	-66
7.88787198067	1057
7.88806200027	1460
7.88811707497	111
7.88828206062	1460
7.88833618164	111
7.93748497963	1057
8.2012360096	-1420
8.20125603676	-1420
8.20131421089	-787
8.25102305412	-1420
8.25107908249	-1316
8.26569914818	-1368
8.30809903145	-1368
8.31026411057	-1368
8.31475710869	-1368
8.3331182003	-1420
8.33318519592	-1316
8.42633509636	-1420
8.42640519142	-1420
8.42644405365	-1264
8.429500103	-1368
8.4300160408	-1368
8.44813799858	-1420
8.44821500778	-1420
8.44822001457	-1264
8.5714430809	-1420
8.57146000862	-1316
8.57418298721	543
8.58366107941	543
8.60474610329	543
8.722230196	-997
8.72636413574	543
8.72690010071	543
8.89030909538	-543
9.07456302643	-543
9.17287302017	-1420
9.17288804054	-1316
9.22184514999	-1368
9.36152219772	-1368
9.36297798157	543
9.51381421089	-1326
9.52424812317	543
9.67508602142	-543
9.87234711647	-1368
9.87255215645	-1368
9.8744430542	-1368
9.87455511093	-1420
9.87460803986	-1316
9.91430807114	-1420
9.9143280983	-1420
9.91439318657	-1264
9.91460108757	543
9.97455501556	-1420
9.97458100319	-1420
9.9746260643	-1264
9.97518110275	-1420
9.97521400452	-1316
9.97577810287	-1420
9.97581100464	-1420
9.97581410408	-1264
9.97621417046	-1420
9.97621917725	-1420
9.97626018524	-1264
9.97633910179	543
10.0153710842	-1420
10.015401125	-1420
10.015458107	-1264
10.0154621601	-1368
10.0156881809	-1420
10.0156919956	-1316
10.0157442093	-1420
10.0157470703	-1316
10.1646380424	-22
10.2193210125	1057
10.2587380409	1057
10.7154610157	-543
10.8138871193	-1420
10.8139560223	-1420
10.8139951229	-1264
10.9644110203	-609
10.9664900303	543
10.9667391777	543
10.9961361885	-1420
10.996160984	-1316
11.1465530396	-891
11.1476349831	543
11.1492140293	543
11.1739270687	543
11.2969141006	-543
11.4827950001	-1420
11.4828500748	-1420
11.4828801155	-787
11.4886391163	-1420
11.4886660576	-1316
11.4888110161	-1368
11.5253641605	-1368
11.5255081654	-1420
11.5255680084	-1316
11.5333521366	543
11.533452034	543
11.6762471199	-1189
11.7662241459	1057
11.8745269775	-543
12.016985178	-543
12.0879211426	-1420
12.0879380703	-1316
12.2387850285	-377
12.239000082	543
12.2402410507	543
12.3892450333	-1057
12.3929111958	1057
12.5283432007	543
12.8280751705	-543
12.9318940639	-1420
12.9319651127	-1316
12.932005167	-1368
12.9339530468	543
12.9355270863	-1368
12.9371020794	-543
12.9373710155	543
13.1266469955	-783
13.1402130127	543
13.1437010765	543
13.277433157	-1057
13.2800049782	543
13.4514560699	-543
13.543295145	543
13.7707769871	-543
13.8953690529	-543
13.9318020344	-1368
14.0822100639	-746
14.1135091782	1057
14.419754982	-543
14.5602970123	-1420
14.5603661537	-1420
14.5603871346	-1264
14.5626170635	543
14.710517168	-66
14.7124300003	543
14.9042789936	-1057
14.9052960873	543
15.3248341084	-543
15.4755401611	-1057
15.4789991379	1057
15.8055830002	-543
15.8466660976	-1420
15.8467381001	-1316
15.927106142	-1368
16.1175310612	-580
16.1205589771	543
16.1252160072	543
16.4260671139	-543
16.7070100307	-1057
16.7081341743	543
17.0343530178	-543
17.0519549847	1057
17.5454130173	-543
17.7441940308	-1420
17.7442891598	-1420
17.7443361282	-787
17.7446370125	-1368
17.7449371815	-1368
17.744988203	-1368
17.7856349945	-1420
17.7857100964	-1420
17.7857310772	-1264
17.8901221752	-1420
17.8902180195	-1316
17.953993082	-1420
17.9540610313	-1420
17.9541041851	-1264
18.1043581963	-1089
18.1120021343	1057
18.6199691296	-543
18.8258411884	-1420
18.8259310722	-1420
18.8259780407	-787
18.8278591633	-1420
18.8279631138	-1420
18.8280510902	-1264
18.8283162117	543
18.8672029972	-1420
18.8672201633	-1316
18.8672771454	-1368
18.9855840206	-1420
18.9856610298	-1316
19.0806171894	-1420
19.0806870461	-1420
19.0807781219	-1264
19.2310461998	-1089
19.6191051006	-543
