0	-543
3.04758310318	543
3.06392288208	543
3.08611488342	543
3.5373249054	-543
3.70265603065	-543
3.79497289658	-1057
3.80520105362	543
3.8239300251	543
4.31158304214	-543
4.5823829174	-1420
4.58243107796	-1420
4.58246588707	-787
4.61560201645	543
4.65209007263	543
4.65273499489	543
4.6529378891	543
4.72165608406	-1420
4.72166991234	-1316
4.80385708809	-377
4.81641697884	543
4.81798291206	543
4.95486807823	-543
4.95728206635	1460
4.95736098289	111
5.02423501015	-1420
5.02425408363	-1420
5.02431893349	-1264
5.03338599205	1057
5.06443595886	-1420
5.06446790695	-1316
5.06474208832	-1368
5.10788702965	-132
5.12689304352	-1420
5.12690091133	-1420
5.12694907188	-1264
5.2557990551	-1368
5.25596189499	-1368
5.35813903809	-1015
5.4682328701	-1420
5.46824908257	-1316
5.4689218998	-1420
5.46892809868	-1420
5.46897006035	-1420
5.4689719677	-1212
5.48164892197	-1420
5.48166203499	-1316
5.48172187805	-1368
5.48629903793	1057
5.48857307434	1057
5.49740290642	-1420
5.49741601944	-1316
5.61399292946	-1368
5.73719406128	-807
5.73740196228	543
5.7910618782	-1368
5.79249310493	-1420
5.79253792763	-1420
5.79254198074	-1420
5.79255890846	-1212
5.79266500473	543
5.83155608177	-1420
5.83157396317	-1420
5.83162093163	-1264
5.92881798744	-1420
5.92883586884	-1316
6.05206990242	543
6.05677103996	-1368
6.0569190979	-1420
6.05692100525	-1316
6.05730390549	-1420
6.05731010437	-1316
6.06896805763	-1420
6.06898403168	-1316
6.15833997726	-1368
6.35093808174	-338
6.35126209259	543
6.67283797264	-1420
6.67285490036	-1420
6.67290997505	-787
6.67636609077	-543
6.81298398972	-1368
6.81304788589	-1368
6.96352696419	-891
6.9639070034	1057
6.96767091751	1057
7.0048699379	1460
7.00496697426	111
7.00852704048	1057
7.05209302902	543
7.07254505157	1057
7.26816296577	-1420
7.26817989349	-1420
7.26824593544	-787
7.26841688156	543
7.35423588753	-1420
7.35425305367	-1420
7.35430908203	-1264
7.4048140049	-1368
7.48889088631	-1368
7.48895192146	-1368
7.60451889038	-1276
7.60496306419	543
7.62302708626	-1420
7.62305307388	-1316
7.62310504913	-1368
7.62373900414	-1368
7.62390708923	-1368
7.6244828701	-1420
7.62455010414	-1420
7.62455296516	-1264
7.62459087372	-1368
7.62468004227	543
7.65457201004	543
7.6625790596	543
7.66332197189	-1420
7.66332697868	-1316
7.68688201904	543
7.72727608681	-1368
7.81360387802	-264
7.81660604477	543
7.81728792191	543
7.96408104897	-543
8.11463499069	-543
8.28355503082	-1368
8.44384288788	-1420
8.44385910034	-1420
8.44392490387	-1264
8.44503688812	543
8.59471702576	-1355
8.64217090607	543
8.78166007996	-1420
8.78168487549	-1316
8.78390908241	-1420
8.78391504288	-1420
8.78395605087	-1264
8.82298994064	-1420
8.82300806046	-1420
8.82305693626	-1264
8.88616609573	-1420
8.88618397713	-1420
8.88624787331	-1264
8.88671588898	-1368
8.88684105873	-1368
8.88761997223	-1420
8.88764309883	-1316
8.88890600204	-1420
8.88891100883	-1420
8.88894987106	-1264
8.88907599449	543
8.92714500427	-1420
8.92716193199	-1420
8.92720007896	-1264
8.92726397514	-1368
8.92740297318	-1420
8.92740797997	-1316
8.92898201942	-1420
8.92898702621	-1316
9.07965397835	-1332
9.07978892326	543
9.14046597481	1057
9.18533205986	1057
9.23030209541	-543
9.66990208626	-543
9.76804494858	-1420
9.76812291145	-1420
9.76816987991	-1264
9.91885995865	-609
9.92095994949	543
9.92119789124	543
9.94833397865	-1420
9.94835305214	-1316
10.0526940823	543
10.099050045	-891
10.1002039909	543
10.1018838882	543
10.13210392	543
10.2494690418	-543
10.4089648724	-1420
10.4090330601	-1420
10.409070015	-787
10.4097120762	-1368
10.4099030495	-1420
10.4099080563	-1316
10.4497709274	-1420
10.4497859478	-1420
10.4498419762	-1264
10.6002790928	-1189
10.6615989208	1057
10.8102209568	-543
10.9121260643	-543
10.9939160347	-1420
10.9939758778	-1316
11.1426448822	-1368
11.1440279484	543
11.1470909119	-543
11.2946560383	-66
11.2983360291	1057
11.5577480793	-543
11.6237339973	-543
11.6955969334	-1368
11.7920250893	-1420
11.7920949459	-1420
11.7921350002	-1264
11.8024840355	543
11.8240818977	543
11.9426400661	-812
11.9460599422	543
11.9463069439	543
12.3035318851	-543
12.534058094	-543
12.5851960182	-1368
12.5862128735	543
12.7368750572	-232
12.9132509232	-1368
13.0520370007	543
13.1024560928	-203
13.1325500011	1057
13.4440701008	-543
13.5849690437	-1420
13.5850200653	-1316
13.5853750706	-1368
13.5873420238	543
13.7385520935	-66
13.7403969765	543
13.923625946	-1057
13.9245948792	543
14.0755479336	-543
14.266215086	-1057
14.2712669373	1057
14.576433897	-543
14.6225810051	-1420
14.6226410866	-1316
14.6803810596	-1368
14.8696429729	-580
14.8735740185	543
14.8823370934	543
15.0493979454	543
15.049503088	543
15.1742749214	-543
15.1917769909	-543
15.4723520279	-1057
15.4737029076	543
15.7464380264	-543
15.8004729748	-543
15.8169410229	543
15.8420469761	543
16.0604820251	543
16.0606138706	543
16.2965559959	-543
16.5446870327	-1420
16.5447809696	-1420
16.5448279381	-787
16.544864893	-1368
16.545142889	543
16.5452358723	-1420
16.5452408791	-1316
16.5853888988	-1420
16.5854508877	-1420
16.5855109692	-1264
16.6904940605	-1420
16.6905679703	-1316
16.7526879311	-1420
16.7527608871	-1420
16.7528040409	-1264
16.9037899971	-1089
16.9047498703	543
16.9092218876	543
17.3776700497	-543
17.6334118843	-1420
17.6334819794	-1420
17.63352108	-787
17.6356890202	-1420
17.6357240677	-1316
17.6357429028	-1368
17.6763250828	-1368
17.6763920784	-1420
17.6764259338	-1316
17.7922260761	-1420
17.7923030853	-1316
17.8513600826	-543
17.8540818691	-1420
17.8541529179	-1420
17.8541960716	-1264
17.9130730629	-543
18.0047168732	-1089
19.9913370609	-543
