0	-543
0.991273164749	543
1.55427098274	543
1.89037108421	-543
1.89064407349	543
2.76665496826	-543
2.76734805107	-1420
2.76737904549	-1316
2.76745200157	-1420
2.76749014854	-1316
2.76752305031	-1368
2.79086399078	-1420
2.79087996483	-1420
2.79094409943	-1264
2.80538702011	543
2.90183496475	-1420
2.90185403824	-1420
2.90191817284	-1420
2.90192198753	-1212
2.90196418762	-1420
2.90196704865	-1414
2.90202617645	-1420
2.90202903748	-1316
2.90207314491	-1368
2.92567300797	-1420
2.92572116852	-1316
2.92572617531	-1368
2.93291115761	543
2.96461510658	-1420
2.96463108063	-1316
3.01292896271	543
3.02316904068	543
3.02364802361	543
3.02401018143	543
3.0260951519	-1368
3.02713298798	543
3.03617501259	-741
3.03707408905	-1420
3.03710913658	-1316
3.03749513626	-1420
3.03753304482	-1420
3.03753709793	-1264
3.03759002686	-1420
3.03759217262	-1316
3.03783011436	-1368
3.05051612854	-1420
3.05058002472	-1420
3.05058407784	-1420
3.05062103271	-1212
3.06290507317	543
3.08334302902	543
3.08380413055	543
3.08417201042	543
3.08450603485	543
3.084815979	543
3.08512115479	543
3.09718704224	-1420
3.0971930027	-1316
3.11179804802	543
3.11222696304	543
3.11256217957	543
3.11290407181	543
3.15354299545	543
3.15390396118	543
3.17024707794	-670
3.17135500908	543
3.17148518562	543
3.2032790184	1460
3.20340204239	1460
3.20347809792	707
3.20429110527	543
3.20462417603	543
3.25363111496	543
3.25398802757	543
3.25428915024	543
3.28340005875	543
3.30600714684	-543
3.39343214035	543
3.405148983	-1368
3.41289901733	-1368
3.4129960537	543
3.41320800781	543
3.41335105896	543
3.41345214844	543
3.4134850502	-1368
3.41541004181	1460
3.41546106339	1460
3.41549611092	193
3.47083997726	-1420
3.47085905075	-1316
3.47192001343	-219
3.47258400917	-1420
3.4726099968	-1316
3.47761511803	-1420
3.47766017914	-1316
3.50217008591	-1368
3.51648116112	-1368
3.51676917076	-1420
3.51680016518	-1316
3.51712107658	-1368
3.51717305183	-1420
3.51717615128	-1420
3.51726698875	-1420
3.5172700882	-1212
3.51730298996	-1420
3.51730513573	-1420
3.517359972	-1420
3.51736307144	-1212
3.5173971653	-1420
3.51739907265	-1316
3.51768517494	-1420
3.51769018173	-1420
3.51771116257	-1420
3.51771306992	-1212
3.51776504517	-1420
3.51776814461	-1316
3.51789617538	543
3.53246116638	-1420
3.53248000145	-1420
3.53253698349	-1264
3.54075217247	-1420
3.54079508781	-1316
3.54079818726	-1368
3.55457401276	-1420
3.55458211899	-1316
3.55502700806	-1368
3.556828022	-1420
3.55688619614	-1420
3.55688905716	-1420
3.55692315102	-1212
3.55692505836	-1420
3.55695796013	-1316
3.56301498413	543
3.57836413383	-1368
3.57847118378	543
3.60517406464	-1420
3.60519504547	-1420
3.60524511337	-1420
3.6052479744	-1212
3.60689115524	-1368
3.60698199272	-1420
3.60702204704	-1420
3.60702514648	-1264
3.61182618141	-1368
3.61207103729	-1420
3.61211204529	-1420
3.61211514473	-1420
3.61216616631	-1420
3.61216807365	-1160
3.63652706146	-1420
3.63654303551	-1316
3.65139508247	-1420
3.65141010284	-1420
3.65146899223	-1420
3.651471138	-1212
3.65151309967	-1420
3.65151596069	-1420
3.65155601501	-1420
3.65155911446	-1212
3.65159916878	-1368
3.65160107613	-1420
3.6516430378	-1420
3.65164518356	-1264
3.65167808533	-1368
3.6517469883	-1420
3.65176701546	-1420
3.65177202225	-1264
3.65179800987	-1420
3.65180015564	-1316
3.65190505981	-1420
3.65190815926	-1420
3.65195202827	-1264
3.65202903748	-1420
3.6520819664	-1420
3.65208411217	-1264
3.65211796761	-452
3.65228414536	-1420
3.65230298042	-1420
3.65230512619	-1420
3.65231919289	-1420
3.65232110023	-1160
3.65242815018	-1420
3.65244913101	-1420
3.65245008469	-1264
3.65245199203	-1368
3.65253901482	-1420
3.65254211426	-1420
3.65254306793	-1264
3.652572155	-1368
3.65263199806	-1368
3.65489506721	-1368
3.65655016899	543
3.65697598457	543
3.657102108	543
3.66695308685	-1420
3.66696500778	-1420
3.66701698303	-1264
3.66705608368	-1368
3.67065906525	543
3.67512011528	-1420
3.67512798309	-1420
3.67517614365	-1264
3.67517805099	-1420
3.67522311211	-1420
3.67522597313	-1264
3.68892717361	-1420
3.68894600868	-1420
3.68900299072	-1420
3.68900609016	-1420
3.68904018402	-1420
3.68904209137	-1108
3.69107604027	-1420
3.69107913971	-1420
3.69114518166	-1264
3.69114804268	-1420
3.69119596481	-1420
3.69119811058	-1264
3.69124102592	-1368
3.69127202034	-1368
3.69137501717	-1420
3.69137811661	-1316
3.69149804115	-1420
3.69150114059	-1420
3.6915371418	-1420
3.69153904915	-1212
3.69232010841	543
3.69242501259	543
3.71329307556	-1420
3.71330618858	-1316
3.73940610886	-1420
3.73941612244	-1420
3.73947095871	-1264
3.73947405815	-1420
3.73951506615	-1420
3.7395169735	-1264
3.74114108086	-1368
3.74126601219	-1420
3.74132013321	-1420
3.74132299423	-1420
3.74136018753	-1420
3.74136209488	-1160
3.74139499664	-1420
3.74139714241	-1316
3.74143004417	-1368
3.74160003662	-1368
3.74643516541	-1420
3.7464389801	-1420
3.74647498131	-1420
3.74647808075	-1212
3.74652814865	-1420
3.74653100967	-1420
3.74658203125	-1264
3.74658703804	-1420
3.7466211319	-1316
3.74668002129	-1420
3.74671506882	-1420
3.74671697617	-1264
3.74696707726	543
3.74722599983	543
3.7473449707	543
3.77118206024	-1420
3.77120518684	-1420
3.77126717567	-1420
3.7712700367	-1212
3.78572916985	-1420
3.78573918343	-1420
3.78576898575	-1420
3.78577113152	-1212
3.78579616547	-1420
3.78579807281	-1420
3.78581309319	-1264
3.78581500053	-1368
3.78597211838	-1420
3.7859749794	-1420
3.78601908684	-1264
3.7861161232	-1420
3.78616404533	-1420
3.7861661911	-1264
3.78621006012	-1368
3.7862830162	-1420
3.78631997108	-1420
3.78632307053	-1264
3.78636002541	-1420
3.78636217117	-1316
3.7865421772	543
3.78660511971	-1420
3.78660798073	-1420
3.78660917282	-1420
3.78660917282	-1212
3.78670096397	-1420
3.78670406342	-1420
3.78671908379	-1264
3.78698801994	-1420
3.78701114655	-1420
3.78701305389	-1264
3.78726410866	-1420
3.78726911545	-1316
3.7873840332	-1420
3.78738713264	-1420
3.78742218018	-1264
3.78747200966	-1420
3.78750610352	-1316
3.78750801086	-1368
3.78758001328	543
3.78769803047	-1420
3.78770208359	-1316
3.78776502609	543
3.78782606125	-1420
3.78782916069	-1420
3.78786206245	-1264
3.78797602654	-1420
3.78801417351	-1420
3.78801608086	-1264
3.78805112839	-1368
3.78816604614	543
3.7882540226	-1420
3.78825616837	-1420
3.78830909729	-1264
3.78831315041	-1420
3.78835296631	-1316
3.78842902184	-1420
3.78846597672	-1316
3.78855013847	-1368
3.78878617287	-1420
3.78878903389	-1316
3.78883099556	-1368
3.78890419006	-1420
3.78892302513	-7
3.79764819145	543
3.80597901344	-1368
3.80635809898	543
3.80641818047	-1420
3.80642104149	-1316
3.80642199516	-1368
3.80647397041	-1420
3.80647516251	-1316
3.80658912659	-1368
3.80681705475	-1420
3.80682206154	-1420
3.80685997009	-1264
3.80686497688	-1368
3.80694413185	-1420
3.8069460392	-1316
3.80701899529	-1368
3.80708217621	543
3.8072450161	543
3.81549310684	-1420
3.81549811363	-1316
3.81624102592	-1368
3.82612299919	-1420
3.82620096207	-1420
3.82620501518	-1264
3.82626104355	-1420
3.82626318932	-1316
3.82643699646	-1420
3.8264400959	-1316
3.82654619217	-1420
3.82654905319	-1316
3.82678103447	-1420
3.82678413391	-1316
3.82688713074	-1420
3.82688999176	-1316
3.84049201012	-1420
3.84050607681	-1420
3.84055900574	-1264
3.84758710861	-1420
3.84764504433	-1420
3.84764814377	-1420
3.84769105911	-1420
3.84769296646	-1420
3.84772896767	-1108
3.84786009789	-1368
3.84801602364	-1420
3.84801912308	-1316
3.84805607796	-1368
3.8480951786	-1420
3.84812712669	-1316
3.84822797775	-1420
3.84826302528	-1420
3.84826517105	-1264
3.84877419472	-1420
3.84877705574	-1420
3.8488111496	-1264
3.84889411926	-1420
3.84892702103	-1420
3.84892916679	-1264
3.84903812408	-1420
3.84904003143	-1316
3.84909510612	-1368
3.8492231369	-1420
3.84925818443	-1420
3.84926009178	-1264
3.85292005539	543
3.85317015648	543
3.85338616371	543
3.86141896248	-1420
3.86143112183	-1420
3.86146402359	-1264
3.86439013481	543
3.86486196518	-1420
3.8648660183	-1420
3.86490607262	-1264
3.87935400009	-1368
3.87948203087	-1368
3.87985897064	-1420
3.87990403175	-1420
3.87990617752	-1264
3.88014912605	-1420
3.88015198708	-1420
3.88018918037	-1264
3.88022708893	-1420
3.88024306297	-1420
3.88024497032	-1264
3.8803331852	-1420
3.88033604622	-1316
3.88037610054	-1368
3.88546514511	543
3.88575196266	-1420
3.88575601578	-1420
3.88577604294	-1264
3.88633799553	-1420
3.88638019562	-1420
3.88638305664	-1264
3.88656711578	-1420
3.88657212257	-1316
3.88662004471	-1368
3.88669896126	543
3.88698196411	-1420
3.88698601723	-1420
3.8870241642	-1264
3.88702607155	-1420
3.88709616661	-1420
3.88709902763	-1264
3.88739013672	543
3.88743495941	-1420
3.88743710518	-1316
3.88757014275	-1420
3.88757300377	-1316
3.8877491951	-1420
3.88775396347	-1316
3.88803601265	-1368
3.88810515404	543
3.8882021904	-1420
3.88820695877	-1316
3.88824701309	-1368
3.88841700554	-1420
3.88844013214	-1316
3.88868403435	-1420
3.88870596886	-1316
3.88877010345	-1420
3.88881111145	-1316
3.8888130188	-1420
3.88885498047	-1420
3.88885807991	-1264
3.88889098167	-1368
3.88893198967	-1368
3.889108181	-1368
3.88920402527	-1420
3.8892250061	-1316
3.88922810555	-1368
3.88932108879	-1420
3.88932418823	-1316
3.88939905167	543
3.88943600655	-1420
3.88943815231	-1316
3.88952708244	-1368
3.88976716995	-1420
3.88979005814	-1316
3.88985300064	543
3.88994312286	-1420
3.88994717598	-1316
3.89008307457	-1420
3.89008712769	-1420
3.89010596275	-1264
3.89013814926	-1368
3.89045906067	-1420
3.89046406746	-1420
3.89050197601	-1264
3.8905570507	-1420
3.89057612419	-1420
3.89057803154	-1264
3.90147805214	-1368
3.90577507019	-1420
3.90582609177	-1420
3.90582919121	-1420
3.90586400032	-1420
3.90586709976	-1160
3.90651798248	543
3.92342400551	-1315
3.92464017868	-1420
3.92468905449	-1420
3.9246931076	-1264
3.9247879982	-1420
3.92479109764	-1316
3.92486214638	543
3.9249060154	-1368
3.92516112328	-1420
3.92519402504	-1316
3.92536306381	-1368
3.92538619041	-1420
3.92538905144	-1420
3.92540502548	-1264
3.92561197281	-1368
3.92567706108	-1368
3.93042397499	-1420
3.93047904968	-1420
3.93048214912	-1264
3.95093011856	-1420
3.95094418526	-1316
3.95122408867	-1420
3.95122814178	-1420
3.95126414299	-1264
3.9514901638	-1420
3.95152711868	-1316
3.95172715187	-1420
3.95176315308	-1316
3.95176506042	-1368
3.95600199699	543
3.95616197586	543
3.96487212181	-1420
3.9648771286	-1420
3.96491599083	-1264
3.96516799927	543
3.96531319618	543
3.96545815468	543
3.96559309959	543
3.96574497223	543
3.96588206291	543
3.96602106094	543
3.97007703781	543
3.97026205063	543
3.97040510178	543
3.97056412697	543
3.97078418732	1460
3.97082710266	625
3.97094511986	1460
3.97098612785	111
3.97142696381	543
3.97182011604	543
3.97220611572	543
3.98522210121	543
4.01247811317	-1420
4.01249408722	-1316
4.04668498039	543
4.04688715935	543
4.05887103081	-465
4.08199501038	-1368
4.08237504959	-1420
4.08238196373	-1316
4.0824739933	-1420
4.08247709274	-1420
4.08251214027	-1264
4.08256411552	-1368
4.08279514313	-1368
4.08286809921	-1368
4.08325600624	-1420
4.08326005936	-1420
4.08330106735	-1420
4.0833029747	-1420
4.08334112167	-1420
4.0833439827	-1108
4.08337903023	-1368
4.08846998215	543
4.08865118027	1460
4.08869314194	1460
4.08872699738	193
4.10616016388	-1420
4.10617017746	-1420
4.10621809959	-1264
4.12182617188	-1420
4.1218791008	-1420
4.12188315392	-1264
4.12222504616	-1420
4.1222281456	-1420
4.12226009369	-1264
4.12235212326	-1420
4.12237000465	-1316
4.12254905701	-1368
4.12292599678	-1420
4.12292909622	-1316
4.12298798561	-1420
4.12299108505	-1420
4.1230070591	-1264
4.12330317497	-1368
4.12335896492	-1420
4.12336206436	-1316
4.12339711189	-1368
4.12359714508	-1420
4.12363314629	-1420
4.12363600731	-1264
4.12373304367	-1420
4.12373614311	-1420
4.12376904488	-1264
4.12406206131	-1420
4.12409806252	-1420
4.12410116196	-1420
4.12413406372	-1212
4.12420916557	-1420
4.12424612045	-1316
4.12626218796	543
4.12645316124	543
4.12670898438	543
4.13644099236	-1368
4.13653111458	-1420
4.13657903671	-1316
4.14137816429	543
4.14616918564	-1420
4.14618515968	-1420
4.14622116089	-1420
4.14622402191	-1212
4.15297412872	543
4.19294404984	543
4.19310307503	1460
4.19316697121	111
4.19823217392	-1420
4.19823718071	-1420
4.19827699661	-1264
4.19842410088	543
4.21618700027	-719
4.21632218361	543
4.23035311699	-1368
4.23046398163	-1420
4.23051810265	-1316
4.23062300682	543
4.23079895973	-1420
4.23080205917	-1420
4.23084115982	-1420
4.23084306717	-1420
4.2308781147	-1160
4.23095703125	-1368
4.23102498055	543
4.23124599457	543
4.23151898384	543
4.23204112053	543
4.23395299911	-1420
4.23395800591	-1316
4.23445105553	-1420
4.23445606232	-1420
4.23447799683	-1420
4.23448014259	-1212
4.23454618454	-1420
4.23454904556	-1316
4.2346560955	-1420
4.23465919495	-1316
4.23473501205	-1420
4.2347381115	-1316
4.23484396935	-1420
4.23484611511	-1316
4.23514199257	-1420
4.23514699936	-1316
4.23553109169	-1420
4.23553609848	-1420
4.23555707932	-1420
4.23555898666	-1212
4.23566508293	-1420
4.23566818237	-1420
4.23570299149	-1264
4.23592805862	-1368
4.23612618446	-1368
4.2362010479	-1420
4.23624014854	-1316
4.23639202118	-1420
4.23641419411	-1316
4.23645019531	-1368
4.23653507233	-1420
4.23653817177	-1316
4.23668003082	-1420
4.23668313026	-1316
4.2367939949	543
4.23687410355	-1368
4.23709511757	-1420
4.23711800575	-1316
4.23725914955	543
4.23734903336	-1420
4.2375099659	-1420
4.23753213882	-1264
4.23753404617	-1420
4.23755002022	-1316
4.23769211769	-1368
4.23780012131	-1368
4.23792219162	-1420
4.23794317245	-1316
4.23810100555	-1420
4.2381401062	-1420
4.23814201355	-1264
4.23844099045	-1420
4.23844599724	-1316
4.23875117302	-1368
4.23875498772	-1420
4.23879218102	-1420
4.23879408836	-1264
4.23889112473	543
4.23905205727	543
4.239164114	-1420
4.23916697502	-1420
4.23920297623	-1264
4.23934006691	1460
4.23938298225	111
4.23945403099	-1420
4.23945999146	-1316
4.23952913284	-1368
4.23986315727	-1420
4.23990011215	-1420
4.23990297318	-1264
4.23996710777	-1420
4.23996901512	-1420
4.24000310898	-1264
4.24031996727	-1368
4.24045801163	-1420
4.24046206474	-1420
4.24049711227	-1264
4.24049901962	-1368
4.24056315422	543
4.24071717262	543
4.25447010994	-1420
4.25448107719	-1420
4.25451302528	-1264
4.25480103493	-1420
4.25484108925	-1420
4.25484418869	-1420
4.25489997864	-1212
4.25490307808	-1420
4.25493812561	-1420
4.25494003296	-1264
4.25815916061	-1420
4.25816297531	-1420
4.25820112228	-1264
4.25849819183	-1420
4.25852108002	-1420
4.25852298737	-1420
4.25853896141	-1420
4.25854110718	-1160
4.25865507126	543
4.25883197784	-1420
4.25883603096	-1420
4.25887417793	-1264
4.25887608528	-1368
4.25891399384	-1420
4.2589161396	-1316
4.25919699669	-1368
4.25935697556	-1368
4.25981616974	-1420
4.25981998444	-1420
4.25986719131	-1420
4.25990796089	-1212
4.25995111465	-1420
4.25995397568	-1420
4.25998711586	-1264
4.26005005836	-1420
4.26006817818	-1316
4.26810598373	-1420
4.26815199852	-1420
4.26815509796	-1420
4.26819014549	-1212
4.26833510399	543
4.26859498024	543
4.26904511452	543
4.26910996437	-1420
4.26911306381	-1316
4.26942396164	-1368
4.26961803436	-1368
4.26985311508	-1420
4.2698571682	-1420
4.26989412308	-1264
4.27010917664	-1420
4.27013015747	-1420
4.27013206482	-1264
4.27024006844	543
4.27059006691	-1420
4.27059412003	-1420
4.27063107491	-1264
4.2712430954	-1420
4.27128314972	-1420
4.27128505707	-1264
4.27612614632	-1420
4.27612996101	-1316
4.27626419067	-1368
4.27668213844	-1420
4.27676105499	-1420
4.27676415443	-1264
4.27679896355	-1420
4.27680110931	-1420
4.27685213089	-1264
4.27685499191	-1420
4.2768881321	-1316
4.27698802948	-1420
4.27702617645	-1420
4.27702903748	-1264
4.27706098557	-1368
4.27724814415	543
4.27733397484	-1420
4.27733707428	-1316
4.27743315697	-1368
4.27766418457	-1420
4.27770519257	-1316
4.27770805359	-1368
4.27794599533	-1420
4.27795004845	-1316
4.27802205086	-1420
4.27802419662	-1420
4.27804017067	-1264
4.27811098099	-1368
4.27820014954	543
4.27958011627	-1420
4.27958607674	-1316
4.28014206886	-1420
4.28014707565	-1420
4.2801861763	-1420
4.28018903732	-1212
4.28022217751	-1368
4.2803170681	-1368
4.28057813644	-1420
4.28058314323	-1420
4.28062009811	-1420
4.28062295914	-1212
4.28246617317	-1368
4.28247213364	-1420
4.28249406815	-1316
4.28258109093	-1368
4.28273415565	-1420
4.28273797035	-1316
4.28286314011	-1368
4.28302717209	-1368
4.28311419487	-1420
4.28311800957	-1316
4.2831401825	-1368
4.28323101997	-1420
4.28324913979	-1316
4.28328204155	-1368
4.2833480835	543
4.28338599205	-1420
4.28338813782	-1316
4.28406596184	-1420
4.28407096863	-1316
4.28416013718	-1420
4.2841629982	-1420
4.28418207169	-1264
4.28424310684	543
4.28430318832	-1368
4.2845389843	-1420
4.28455996513	-1316
4.28464198112	-1368
4.28564310074	-1420
4.28564715385	-1316
4.28594017029	-1368
4.28601002693	543
4.29308605194	-1420
4.29309105873	-1420
4.29313206673	-1264
4.2937810421	-1420
4.29382205009	-1420
4.29382514954	-1264
4.29410505295	-1420
4.29410910606	-1420
4.29414701462	-1264
4.29445505142	-1420
4.29450106621	-1420
4.29450416565	-1264
4.29453897476	-1420
4.29454112053	-1316
4.29481196404	543
4.29485106468	-1368
4.29531502724	543
4.29534006119	-1420
4.29534506798	-1316
4.30019712448	-1420
4.30020213127	-1316
4.30023908615	-1368
4.30072402954	-1420
4.30076813698	-1420
4.300770998	-1264
4.30085897446	-1420
4.3008620739	-1316
4.30091619492	-1368
4.30099105835	-1420
4.30102705956	-1420
4.301030159	-1264
4.30108118057	-1420
4.30108308792	-1316
4.30125212669	-1420
4.30125498772	-1420
4.30129098892	-1264
4.30134701729	-1420
4.30140209198	-1316
4.30140519142	-1420
4.30143809319	-1316
4.30149316788	-1420
4.30152916908	-1316
4.30161905289	1057
4.30165314674	-1368
4.30181598663	-1420
4.30185413361	-1420
4.30185699463	-1264
4.30344414711	-1420
4.30345010757	-1316
4.30357718468	-1368
4.30427002907	-1368
4.30439805984	-1420
4.30440306664	-1316
4.30497407913	-1420
4.30497813225	-1420
4.30501508713	-1420
4.30501818657	-1420
4.30505108833	-1420
4.30505418777	-1108
4.30694913864	-1368
4.30707812309	543
4.30727314949	-1368
4.3073849678	543
4.30749106407	543
4.30752396584	-1368
4.30764698982	-1368
4.30774402618	1460
4.30778813362	625
4.30789899826	1460
4.307970047	625
4.30800199509	-1420
4.30800509453	-1420
4.30802202225	-1264
4.30813908577	1460
4.30818319321	625
4.30860710144	-1420
4.30861115456	-1420
4.30864906311	-1264
4.30871510506	543
4.32252502441	-1420
4.32253813744	-1420
4.32260012627	-1264
4.32260298729	-1368
4.32284617424	543
4.32368206978	-1420
4.32368707657	-1316
4.32375597954	-1420
4.32375907898	-1420
4.32380008698	-1264
4.32423496246	-1368
4.32467007637	-1420
4.32467508316	-1316
4.32477116585	-1368
4.32495307922	-1420
4.32501101494	-1316
4.32501411438	-1420
4.32504796982	-1420
4.32505011559	-1264
4.32515597343	543
4.32527709007	-1420
4.32528209686	-1420
4.32531905174	-1264
4.3256790638	-1420
4.32571911812	-1420
4.32572102547	-1264
4.32575511932	-1420
4.32575702667	-1420
4.32580709457	-1264
4.32581019402	-1368
4.32612895966	-1420
4.32613301277	-1420
4.32616996765	-1264
4.32640910149	-1420
4.326431036	-1420
4.32643318176	-1264
4.32652807236	-1420
4.3265311718	-1420
4.32657718658	-1264
4.32658004761	-1368
4.3266620636	-1368
4.32688498497	543
4.35129714012	-1057
4.35144209862	543
4.36851811409	-1420
4.36852407455	-1420
4.3685669899	-1264
4.36865305901	-1420
4.36867499352	-1316
4.3687710762	-1368
4.36881709099	543
4.36895704269	543
4.36899113655	-1420
4.3689930439	-1420
4.36899399757	-1264
4.36904001236	-1368
4.36914801598	-1420
4.36915111542	-1420
4.3691880703	-1264
4.36918997765	-1368
4.36930608749	-1420
4.36930918694	-1420
4.36933112144	-1264
4.36936497688	-1368
4.36947917938	-1420
4.36948299408	-1316
4.36973214149	-1420
4.36973714828	-1316
4.36980605125	-1420
4.3698091507	-1420
4.36982798576	-1264
4.3699491024	-1420
4.36996912956	-1316
4.37016010284	-1420
4.37021899223	-1316
4.37022209167	-1420
4.37025618553	-1420
4.37025809288	-1264
4.38277006149	-1420
4.38277697563	-1420
4.38280296326	-1264
4.38298797607	1460
4.38303613663	111
4.38407111168	543
4.38443112373	543
4.38476204872	543
4.38510012627	543
4.39141917229	-1420
4.39142298698	-1420
4.39146208763	-1264
4.39560699463	543
4.39583897591	543
4.39618515968	1460
4.39623904228	111
4.45637917519	-1420
4.45639610291	-1420
4.45648503304	-1420
4.45648813248	-1420
4.45652413368	-1160
4.45652699471	-1420
4.45656919479	-1316
4.45657110214	-1368
4.45670509338	-1420
4.4567091465	-1420
4.45672798157	-1264
4.45683908463	1057
4.45687818527	-1420
4.45688009262	-1420
4.4568810463	-1264
4.45704317093	543
4.45725917816	-1368
4.45776104927	-1420
4.4578230381	-1420
4.45782613754	-1420
4.45789217949	-1212
4.45789504051	-1420
4.45794701576	-1420
4.45794916153	-1264
4.45798301697	-1420
4.45798516273	-1420
4.4580180645	-1264
4.45801997185	-1368
4.45805311203	-1368
4.45811605453	-1420
4.45816898346	-1316
4.45817112923	-1420
4.45820403099	-1316
4.45825910568	-1368
4.45835804939	543
4.46276116371	-1420
4.46276712418	-1420
4.46280813217	-1264
4.46331310272	-1420
4.46335911751	-1420
4.46336197853	-1264
4.46364402771	-1420
4.4636490345	-1420
4.46366906166	-1264
4.46373915672	543
4.46386313438	-1420
4.4638671875	-1316
4.46415019035	-1420
4.46415495872	-1316
4.46417403221	-1368
4.46432518959	-1420
4.46436715126	-1420
4.46437001228	-1264
4.46440315247	-1368
4.46449518204	543
4.46457505226	-1420
4.46457910538	-1420
4.46459698677	-1264
4.46460008621	-1420
4.46461510658	-1316
4.46474814415	-1420
4.46476697922	-1316
4.46484899521	-1368
4.46502709389	-1420
4.46503210068	-1420
4.46506905556	-1264
4.46512413025	-1420
4.46514296532	-1420
4.46514511108	-1264
4.46550416946	-1420
4.46550917625	-1316
4.4656560421	-1368
4.46577715874	-1420
4.46581697464	-1420
4.46582007408	-1264
4.47291612625	543
4.47340512276	543
4.4802980423	-1368
4.48052096367	-1420
4.48056101799	-1316
4.48573112488	-813
4.50128316879	-1420
4.50129818916	-1420
4.50135397911	-1264
4.50144600868	-1368
4.50157213211	-1368
4.5016541481	543
4.5018851757	-1420
4.5018901825	-1316
4.50284409523	-1420
4.50284910202	-1420
4.50289011002	-1264
4.50289201736	-1368
4.50322318077	-1420
4.50322818756	-1420
4.50327396393	-1264
4.5036740303	-1368
4.50392508507	-1368
4.50427603722	-1420
4.50431609154	-1420
4.50431919098	-1420
4.50435709953	-1420
4.50435900688	-1420
4.50439214706	-1420
4.50439405441	-1056
4.50444412231	-1420
4.50444698334	-1316
4.50448107719	-1420
4.50448298454	-1420
4.50451612473	-1264
4.50451898575	-1368
4.50473213196	543
4.50493907928	-1420
4.5049431324	-1316
4.50498318672	-1420
4.50498819351	-1316
4.50503897667	-1420
4.50504112244	-1316
4.50507616997	-1368
4.50519919395	-1420
4.50521707535	-1316
4.50572514534	-1420
4.50576615334	-1420
4.50576901436	-1264
4.50586605072	-1420
4.50586915016	-1316
4.50595808029	-1420
4.50596117973	-1316
4.50606799126	-1420
4.5060710907	-1420
4.50610804558	-1420
4.50611114502	-1212
4.50614309311	-1368
4.50623512268	-1420
4.50627303123	-1420
4.506275177	-1264
4.50653004646	-1368
4.50663518906	1057
4.50681304932	-1420
4.50681519508	-1316
4.50716519356	-1420
4.50716900826	-1420
4.5072259903	-1264
4.50737404823	-1420
4.50739216805	-1420
4.50739312172	-1264
4.50740718842	-1368
4.50753998756	543
4.50762605667	-1420
4.50763010979	-1316
4.50770616531	-1420
4.50770807266	-1420
4.50774097443	-1264
4.50800418854	-1420
4.50802397728	-1316
4.50808310509	-1420
4.50811910629	-1420
4.50812196732	-1264
4.50815415382	-1368
4.50819611549	-1368
4.51289200783	543
4.51395916939	543
4.51447606087	543
4.51752519608	-1420
4.51752996445	-1316
4.52982807159	-1368
4.52984499931	-1368
4.53374409676	-1368
4.53386902809	543
4.5339820385	-1420
4.53418016434	-1420
4.53420209885	-1264
4.53420495987	-1420
4.53422117233	-1316
4.53427004814	-1368
4.53452706337	-1420
4.53453207016	-1420
4.53456997871	-1264
4.53469419479	-1420
4.53471517563	-1316
4.53477501869	-1420
4.53481411934	-1316
4.53519511223	-1420
4.53522706032	-1316
4.53522896767	-1368
4.53550314903	-1420
4.53550815582	-1316
4.53556513786	-1368
4.53565812111	543
4.5363240242	-1420
4.53633308411	-1420
4.53637313843	-1264
4.53744697571	-1420
4.53747916222	-1420
4.53748106956	-1264
4.53796100616	-1420
4.53796410561	-1420
4.53800201416	-1264
4.53819203377	-1420
4.53822112083	-1316
4.53827619553	-1368
4.53851914406	-1420
4.53852295876	-1420
4.53856015205	-1264
4.53867197037	-1368
4.53876018524	-1420
4.53876209259	-1316
4.53947615623	-1420
4.53948116302	-1316
4.53952002525	-1420
4.53952217102	-1316
4.53961610794	-1420
4.53961801529	-1316
4.53972816467	-1420
4.5397310257	-1316
4.53983902931	-1420
4.53984212875	-1316
4.54019498825	-1420
4.54019904137	-1316
4.54024219513	-1420
4.54024410248	-1420
4.54024600983	-1264
4.54024815559	-1368
4.54032611847	-1420
4.54033303261	-1316
4.54045510292	-1420
4.54045796394	-1316
4.54049015045	-1368
4.54058218002	-1420
4.54058408737	-1316
4.54065108299	-1420
4.54065299034	-1316
4.54082798958	543
4.54091596603	-1420
4.54091906548	-1316
4.54097104073	-1368
4.54104208946	-1420
4.54104399681	-1316
4.54120206833	543
4.54138207436	543
4.5415520668	-1420
4.54155611992	-1420
4.54155707359	-1264
4.54173016548	-1368
4.54197502136	-1420
4.54199409485	-1316
4.54215312004	-1368
4.54247713089	-1420
4.54247999191	-1420
4.54252696037	-1264
4.54289698601	-1420
4.542937994	-1420
4.54294109344	-1264
4.54507017136	543
4.55797219276	-1420
4.55798316002	-1420
4.55804514885	-1264
4.55804800987	-1420
4.55809307098	-1316
4.55814909935	-1368
4.55840301514	-1420
4.55840706825	-1420
4.55844306946	-1264
4.55869317055	-1420
4.55876398087	-1420
4.55876708031	-1264
4.55880999565	-1420
4.55881214142	-1420
4.55885100365	-1264
4.55908918381	-1420
4.55912613869	-1316
4.55924201012	-1368
4.55959296227	-1420
4.55959606171	-1316
4.55967497826	-1420
4.5596780777	-1420
4.55971717834	-1264
4.55971908569	-1368
4.56057214737	-1420
4.56057715416	-1420
4.56059718132	-1264
4.56085109711	543
4.56102514267	543
4.56119513512	543
4.56191396713	-1420
4.56191897392	-1420
4.56195902824	-1264
4.56247115135	-1420
4.56249403954	-1316
4.56272006035	-1368
4.56274199486	-1368
4.58327007294	543
4.58633208275	-1368
4.5864341259	543
4.58660316467	1460
4.58664417267	1460
4.58668518066	1161
4.58675599098	89
4.5942761898	-1420
4.59428119659	-1316
4.59447407722	-1368
4.59483408928	-1420
4.59487700462	-1420
4.59487915039	-1264
4.59492301941	-1420
4.59493398666	-1420
4.59498500824	-1264
4.59498810768	-1368
4.59502911568	-1420
4.5950319767	-1316
4.59506702423	-1420
4.59510707855	-1316
4.59518313408	-1368
4.59542298317	-1420
4.59546303749	-1316
4.5955581665	-1420
4.59559702873	-1316
4.59560012817	-1368
4.59568405151	-1420
4.59568715096	-1420
4.59570407867	-1264
4.59586715698	-1368
4.59594798088	-1368
4.59631299973	-1420
4.59635615349	-1420
4.59635901451	-1264
4.59663414955	-1420
4.59663796425	-1420
4.59669208527	-1264
4.59669399261	-1420
4.5967271328	-1316
4.59681510925	-1368
4.59687614441	543
4.60679602623	-1420
4.60680317879	-1420
4.60684514046	-1264
4.60917401314	-1368
4.60924506187	-1368
4.60933303833	1057
4.60940408707	-1368
4.60989308357	-1420
4.6099460125	-1420
4.60994911194	-1420
4.60998415947	-1212
4.60999512672	-1420
4.61002898216	-1420
4.61003112793	-1264
4.61013913155	-1420
4.61014199257	-1316
4.61016917229	-1368
4.61026215553	-1368
4.61049509048	-1368
4.61059904099	-1420
4.61064004898	-1420
4.61064314842	-1264
4.61069703102	-1420
4.61070013046	-1420
4.61073303223	-1264
4.61078810692	-1420
4.61082410812	-1316
4.61082696915	-1368
4.61090707779	-1420
4.61091017723	-1316
4.61095619202	-1368
4.61106204987	-1420
4.61108016968	-1316
4.61136007309	-1368
4.61140012741	-1420
4.61140298843	-1420
4.61143612862	-1264
4.61995196342	-987
4.63480401039	-1420
4.6348130703	-1420
4.63485503197	-1264
4.66436600685	-1420
4.66441512108	-1420
4.6644179821	-1264
4.69813609123	-1420
4.69817996025	-1420
4.69824409485	-1420
4.69824719429	-1212
4.69829106331	-1420
4.69829416275	-1420
4.69837403297	-1264
4.69837713242	-1420
4.69842505455	-1316
4.69842815399	-1420
4.6984629631	-1316
4.69847416878	-1420
4.69854712486	-1316
4.69855809212	-1368
4.698595047	-1420
4.69859814644	-1316
4.69870400429	-1420
4.69870710373	-1316
4.6988120079	543
4.69894313812	-1368
4.69901013374	543
4.69927310944	-1420
4.69927597046	-1420
4.69931316376	-1420
4.69932413101	-1212
4.69937300682	-1420
4.69937515259	-1316
4.69943618774	-1420
4.69943904877	-1316
4.69960808754	543
4.69982600212	-1420
4.69983100891	-1420
4.69986915588	-1264
4.69987201691	-1420
4.69995117188	-1316
4.70001196861	-1420
4.70003199577	-1316
4.70235705376	-1420
4.70238113403	-1316
4.70273399353	-1368
4.7038500309	-1368
4.70426106453	-1420
4.70430111885	-1420
4.70430397987	-1264
4.7043800354	-1420
4.70438218117	-1316
4.70447015762	543
4.70454216003	-1368
4.70469903946	-1420
4.70473003387	-1316
4.70479011536	-1420
4.70481204987	-1316
4.70481419563	-1368
4.70491504669	-1368
4.70496797562	543
4.70508408546	-1420
4.70509696007	-1316
4.70518803596	-1368
4.70544600487	-1420
4.70550704002	-1420
4.70552802086	-1264
4.70556306839	-1420
4.70556616783	-1316
4.7055990696	-1368
4.70571017265	543
4.70588898659	-1420
4.70589399338	-1316
4.70602202415	-1420
4.70602703094	-1316
4.70627117157	-1420
4.70627713203	-1316
4.70652699471	-1420
4.70653104782	-1420
4.70657014847	-1420
4.70657205582	-1420
4.70660614967	-1420
4.7066090107	-1108
4.70664310455	-1368
4.71615314484	-1420
4.71617817879	-1316
4.72223615646	-1420
4.72226405144	-1316
4.73754000664	-1368
4.73771595955	543
4.73787307739	-1420
4.73787808418	-1316
4.73809099197	-1420
4.73809599876	-1316
4.73825001717	-1420
4.73825311661	-1316
4.73829007149	-1420
4.73829197884	-1316
4.73841714859	-1420
4.73842000961	-1316
4.73851799965	-1420
4.73852014542	-1420
4.73855400085	-1264
4.73895406723	-1420
4.73899698257	-1420
4.73900008202	-1264
4.7390999794	543
4.73926711082	-1420
4.73927116394	-1420
4.73932313919	-1264
4.73991799355	-1420
4.73997211456	-1420
4.73997616768	-1264
4.74004912376	-1420
4.74005103111	-1420
4.74008512497	-1264
4.74143815041	-1420
4.74148201942	-1420
4.74148511887	-1264
4.74157500267	-1420
4.74157810211	-1420
4.74161314964	-1264
4.75150918961	-1420
4.75155305862	-1420
4.75155615807	-1264
4.75164699554	-1368
4.75177407265	-1420
4.7518119812	-1316
4.7518761158	543
4.75196909904	-1420
4.75197100639	-1316
4.75220704079	543
4.75235414505	-1420
4.75235700607	-1316
4.75241112709	-1368
4.75262713432	-1420
4.75267505646	-1316
4.75280499458	-1420
4.75287508965	-1420
4.75289011002	-1264
4.75292396545	-1420
4.75292611122	-1316
4.75312900543	543
4.75316500664	-1420
4.7531671524	-1316
4.75325512886	-1420
4.75325798988	-1316
4.75340914726	-1368
4.75348711014	-1420
4.75350809097	-1316
4.75362205505	-1420
4.75365996361	-1420
4.75366306305	-1264
4.75375008583	-1420
4.75375318527	-1316
4.75379800797	-1368
4.75383710861	543
4.75390911102	-1420
4.75391197205	-1316
4.75403213501	-1420
4.75403499603	-1316
4.75423717499	-1420
4.75424218178	-1420
4.75426101685	-887
4.75433301926	543
4.75446414948	-1420
4.75446915627	-1316
4.75452804565	-1420
4.75453019142	-1420
4.75456809998	-1264
4.75473308563	-1368
4.76203608513	-1420
4.76204204559	-1316
4.78840708733	-1368
4.78854513168	543
4.78883099556	-1420
4.78883504868	-1420
4.78888916969	-1264
4.78889203072	-1420
4.78897619247	-1420
4.78899097443	-1264
4.78906011581	-1420
4.78906202316	-1420
4.78909707069	-1264
4.78974199295	-1420
4.78985214233	-1316
4.78985500336	-1420
4.78989219666	-1316
4.78996515274	543
4.7901070118	-1420
4.79011011124	-1420
4.790143013	-1264
4.81377196312	-1420
4.81382799149	-1420
4.81383299828	-1420
4.81387615204	-1212
4.83799004555	-1368
4.85228419304	-1420
4.8522901535	-1420
4.85237503052	-1264
4.85239005089	-1420
4.85242700577	-1316
4.85242915154	-1368
4.86530017853	-1420
4.86531496048	-1420
4.86537718773	-1264
4.87787914276	-1420
4.87792205811	-1420
4.87792611122	-1264
4.87849617004	543
4.87857317924	-1368
4.87870311737	543
4.87898015976	-1420
4.87898397446	-1420
4.8790230751	-1264
4.87907600403	-1368
4.8792681694	-1420
4.87928318977	-1316
4.87930202484	-1368
4.87938404083	-1420
4.87942218781	-1316
4.8795170784	543
4.87963604927	-1420
4.87964010239	-1420
4.87967801094	-1264
4.87979316711	-1420
4.87983012199	-1420
4.87983298302	-1264
4.88011002541	-1420
4.8801150322	-1420
4.88015508652	-1264
4.8802421093	-1420
4.88028001785	-1420
4.88028216362	-1264
4.88031506538	-1368
4.88085603714	-1420
4.8808760643	-1316
4.88094305992	-1420
4.88097906113	-1420
4.88098216057	-1264
4.88107419014	-1368
4.88114404678	-1420
4.88118004799	-1316
4.88126397133	-1420
4.88129997253	-1420
4.8813021183	-1264
4.88139510155	-1368
4.88175797462	-1420
4.88177704811	-1420
4.88177919388	-1264
4.88184905052	-1420
4.88185119629	-1316
4.88188695908	-1368
4.88198709488	-1420
4.8820400238	-1316
4.88204216957	-1368
4.88253712654	-1368
4.8826751709	543
4.88280010223	-1420
4.88280296326	-1420
4.88283896446	-1264
4.88290500641	-1420
4.88290810585	-1420
4.88290905952	-1420
4.8829100132	-1212
4.88303804398	-1420
4.88304018974	-1316
4.8831911087	-1420
4.88319396973	-1316
4.88340711594	-1368
4.8834540844	543
4.88357114792	543
4.88365197182	-1420
4.88365507126	-1420
4.88369011879	-1420
4.88369202614	-1212
4.88415718079	-1368
4.88416218758	-1420
4.88418102264	-1420
4.88418316841	-1264
4.88505506516	-1420
4.88505911827	-1316
4.88520002365	-1420
4.88520407677	-1420
4.88524103165	-1264
4.88524413109	-1368
4.88532614708	-1420
4.8853430748	-1316
4.88536214828	-1420
4.88536405563	-1420
4.885379076	-1264
4.88562512398	-1420
4.88564610481	-1316
4.88800215721	-1368
4.88871908188	-932
4.89007711411	-1420
4.89011716843	-1316
4.89242100716	543
4.90288615227	-1420
4.90290617943	-1420
4.90295100212	-1264
4.90295410156	-1420
4.90298819542	-1420
4.90299010277	-1420
4.90302205086	-1212
4.90316796303	543
4.90327715874	-1420
4.90328097343	-1316
4.90338110924	-1368
4.90343403816	543
4.90357303619	-1420
4.90357708931	-1420
4.9036090374	-1264
4.90370106697	-1420
4.90373802185	-1316
4.90388202667	-1368
4.90415716171	-1420
4.90416097641	-1420
4.90419912338	-1264
4.90443897247	-1368
4.9046421051	-1420
4.90464711189	-1316
4.90492105484	-1368
4.90506315231	-1420
4.90514016151	-1420
4.90514302254	-1420
4.90517807007	-1212
4.90517997742	-1420
4.90521407127	-1420
4.90521597862	-1264
4.90525197983	-1420
4.9052541256	-1316
4.90528798103	-1368
4.9054479599	543
4.90569496155	-1420
4.90569996834	-1420
4.90572118759	-1264
4.90620517731	-1420
4.90622711182	-1316
4.90628218651	-1420
4.90630197525	-1316
4.90639305115	-1420
4.90641117096	-1316
4.90653419495	-1420
4.90657305717	-1420
4.90657496452	-1264
4.90679717064	-1420
4.90680003166	-1420
4.90683603287	-1264
4.90689015388	-1420
4.90690803528	-1316
4.90702104568	-1420
4.90704011917	-1316
4.90704202652	-1368
4.90712618828	-1420
4.9071290493	-1316
4.90723109245	543
4.90754008293	-1420
4.90754318237	-1420
4.90758109093	-1264
4.90812301636	-1420
4.90814208984	-1316
4.90823411942	-1420
4.90825104713	-1316
4.90835809708	-1420
4.90839409828	-1420
4.90839600563	-1264
4.90848517418	-1420
4.9084880352	-1316
4.90925002098	-1420
4.9092540741	-1420
4.90925502777	-1264
4.90928506851	-1368
4.9093940258	-1420
4.90939712524	-1420
4.90939807892	-1264
4.90944504738	-1420
4.90944814682	-1316
4.91231298447	543
4.91292715073	543
4.93053507805	-1368
4.93090510368	-1420
4.93096804619	-1316
4.93100619316	-1420
4.93104410172	-1420
4.93104696274	-1264
4.9310631752	-1368
4.93115210533	-1368
4.93129706383	-1420
4.93130016327	-1420
4.93133807182	-1264
4.93140411377	-1368
4.93156409264	-1420
4.93156719208	-1316
4.93189501762	-1420
4.93189811707	-1420
4.93194508553	-1264
4.93208909035	543
4.93224310875	-1420
4.93224596977	-1420
4.93230104446	-1264
4.93232297897	-1420
4.93236112595	-1316
4.93236303329	-1368
4.93276715279	-1420
4.93277215958	-1420
4.93279218674	-1264
4.9328930378	-1420
4.93294906616	-1420
4.93295097351	-1264
4.93298602104	-1420
4.93298816681	-1420
4.93302106857	-1264
4.93326115608	-1420
4.93328404427	-1420
4.93328714371	-1264
4.95737409592	-1420
4.95739102364	-1420
4.95745515823	-1264
4.95745706558	-1368
4.97776699066	-1420
4.9777841568	-1420
4.97786211967	-1264
4.9778740406	-1420
4.97791099548	-1316
4.97791409492	-1368
4.97798514366	-1420
4.97798800468	-1420
4.97802615166	-1264
4.97817897797	543
4.97834014893	-1420
4.97834396362	-1420
4.9783821106	-1264
4.97851204872	-1420
4.97854018211	-1316
4.9786939621	-1420
4.97873210907	-1420
4.97873497009	-1264
4.9788069725	-1368
4.97880911827	-1420
4.97884202003	-1316
4.97933411598	-1420
4.9793651104	-1316
4.97956418991	-1420
4.97960305214	-1420
4.97960495949	-1264
4.97963809967	-1420
4.97964096069	-1316
4.97968196869	-1420
4.97968411446	-1316
4.97971916199	-1420
4.97973012924	-1316
4.97977614403	-1368
4.97985911369	-1368
4.98005414009	543
4.98010206223	-1420
4.98010396957	-1316
4.9802441597	-1368
4.98033714294	-1368
4.98051810265	-1420
4.98052215576	-1316
4.98061800003	-1420
4.98062205315	-1316
4.98070311546	543
4.98082113266	-1368
4.98088717461	543
4.98134112358	-1420
4.98134708405	-1420
4.98136806488	-1264
4.98146319389	-1420
4.9815030098	-1420
4.98150515556	-1264
4.98155808449	-1368
4.98156118393	-1420
4.98159503937	-1316
4.98186707497	-1420
4.98188996315	-1420
4.98189210892	-1264
4.98220396042	-1420
4.98220801353	-1420
4.98224496841	-1420
4.98224806786	-1212
4.98231697083	-1420
4.98231911659	-1316
4.98251700401	-1420
4.98252105713	-1316
4.98257398605	-1368
4.98274517059	-1420
4.9827671051	-1316
4.98288917542	-1420
4.98292708397	-1420
4.98292899132	-1264
4.98300409317	-1420
4.98300600052	-1316
4.98313117027	-1420
4.9831340313	-1420
4.98316907883	-1264
4.98334813118	-1420
4.9833521843	-1316
4.98346114159	-1420
4.98346400261	-1420
4.9834651947	-1264
4.98351311684	-1420
4.98351502419	-1316
4.98360514641	-1368
4.9883210659	543
4.9885699749	543
4.98876714706	1057
5.00179505348	-1420
5.00180196762	-1420
5.00184607506	-1264
5.00204801559	-1420
5.00209712982	-1420
5.00209999084	-1420
5.00215196609	-1420
5.00215506554	-1160
5.0022110939	-1420
5.00221419334	-1316
5.00234508514	-1420
5.00234818459	-1316
5.00247502327	-1420
5.00248718262	-1316
5.0028591156	-1420
5.00286197662	-1420
5.00290799141	-1264
5.00293707848	-1420
5.00295305252	-1420
5.00295495987	-1264
5.00297307968	-1420
5.00297498703	-1420
5.0029900074	-1420
5.00300097466	-1212
5.00302600861	-1368
5.00320100784	-1420
5.00322818756	-1316
5.00323104858	-1368
5.00340604782	543
5.00570011139	-1420
5.00570702553	-1420
5.0057311058	-1264
5.02052998543	-1420
5.02057600021	-1420
5.02058005333	-1264
5.02073311806	543
5.0209941864	-1420
5.02099919319	-1420
5.02105617523	-1420
5.02105903625	-1212
5.02113819122	-1420
5.02114009857	-1316
5.02140808105	-1420
5.02141308784	-1420
5.02145218849	-1264
5.02153897285	-1420
5.0215690136	-1316
5.02201604843	-1420
5.0220580101	-1420
5.02206015587	-1264
5.02219414711	543
5.02223515511	-1420
5.02223801613	-1316
5.02235102654	-1420
5.02235412598	-1316
5.02245116234	-1420
5.02245402336	-1420
5.02247214317	-1264
5.02260017395	-1420
5.0226559639	-1420
5.02265906334	-1264
5.02270507812	-1368
5.02270817757	-1420
5.02275109291	-1316
5.02284812927	543
5.02295899391	-1420
5.0229640007	-1420
5.02300214767	-1264
5.02328300476	-1420
5.02330708504	-384
5.03852915764	-1420
5.038585186	-1316
5.08171510696	-1420
5.08176398277	-1420
5.08176803589	-1264
5.10571098328	-1368
5.12683010101	-1420
5.12689518929	-1420
5.12689900398	-1264
5.12703299522	-1420
5.12703609467	-1420
5.12707209587	-1264
5.12764215469	-1420
5.12768816948	-1420
5.1276910305	-1264
5.12774395943	-1420
5.12774705887	-1316
5.12800502777	-1420
5.12800812721	-1420
5.12804317474	-1264
5.12840008736	-1420
5.12844109535	-1420
5.12844419479	-1420
5.128480196	-1212
5.12848210335	-1420
5.12851500511	-1420
5.12851715088	-1264
5.12888407707	-1420
5.12888717651	-1316
5.12900304794	-1420
5.12900614738	-1420
5.12904119492	-1264
5.12911605835	-1420
5.12915205956	-1316
5.1291539669	-1368
5.12932014465	-1420
5.12932300568	-1316
5.12936115265	-1420
5.12936401367	-1316
5.12946009636	-1420
5.12946200371	-1420
5.1294631958	-1264
5.12983608246	-1420
5.1298391819	-1420
5.12984013557	-1264
5.13004899025	-1420
5.13005208969	-1316
5.13010215759	-1368
5.13033413887	-1420
5.13033699989	-1420
5.13033819199	-1264
5.13077306747	-1420
5.13077616692	-1420
5.13077712059	-1264
5.13086009026	-1420
5.1308619976	-1420
5.13086414337	-1264
5.13089418411	-1368
5.13107299805	-1420
5.13107705116	-1316
5.13114905357	-1420
5.13115215302	-1420
5.13115310669	-1264
5.13210010529	-1420
5.1321041584	-1420
5.13210606575	-1420
5.13210701942	-1420
5.1321079731	-1420
5.13210916519	-1420
5.13211011887	-1420
5.13211107254	-1420
5.13211202621	-1420
5.1321811676	-1420
5.13218307495	-848
5.13218307495	-1420
5.13218402863	-1316
5.13227701187	-1420
5.13228011131	-1420
5.13228106499	-1264
5.13233804703	-1420
5.13234019279	-1316
5.13237118721	543
5.13240504265	-1420
5.13240718842	-1316
5.13256907463	543
5.13262104988	-1420
5.13262319565	-1316
5.13264918327	-1368
5.13273096085	-1368
5.13308906555	543
5.13326597214	543
5.13348317146	543
5.13364315033	543
5.13384008408	543
5.13396596909	543
5.14084005356	-1420
5.14084815979	-1420
5.14089202881	-1420
5.14089417458	-1212
5.15106010437	-1420
5.15106916428	-1420
5.15111804008	-1264
5.15168118477	-1368
5.15184211731	-1420
5.1518471241	-1420
5.15190315247	-1420
5.15190505981	-1212
5.15195918083	-1368
5.15228700638	-1420
5.15232300758	-1316
5.15274596214	-1368
5.15284800529	-1420
5.15285110474	-1316
5.15293097496	-1420
5.15293312073	-1420
5.15296816826	-1264
5.15297007561	-1368
5.15306806564	-1420
5.15307116508	-1316
5.1531150341	-1368
5.15318107605	543
5.15335416794	-1420
5.15335607529	-1420
5.1534011364	-1264
5.15345907211	-1420
5.15349316597	-1420
5.15349507332	-1264
5.15771698952	-634
5.16007304192	543
5.17342209816	-1420
5.17344212532	-1316
5.17365598679	-1420
5.17366099358	-1420
5.1737010479	-1264
5.17380213737	543
5.17537307739	-1420
5.17537903786	-1420
5.17542004585	-1264
5.17551016808	-1420
5.1755399704	-1316
5.17564511299	-1420
5.17569208145	-1316
5.1756939888	-1420
5.17577314377	-1316
5.17577505112	-1368
5.17595005035	-1420
5.1759531498	-1316
5.17602014542	-1420
5.17603111267	-1420
5.17607712746	-1264
5.17612314224	543
5.17616796494	-1420
5.17616915703	-1316
5.17625904083	-1368
5.17634797096	-1368
5.1766769886	-1420
5.17668199539	-1420
5.17670106888	-1264
5.17697310448	-1420
5.17699599266	-1420
5.17699813843	-1264
5.17704296112	-1420
5.17704510689	-1316
5.17802405357	-1368
5.17803096771	-1420
5.17805099487	-1420
5.17805314064	-1264
5.21226906776	-1420
5.21228504181	-1420
5.21232199669	-1264
5.21478104591	-1368
5.21520614624	-1420
5.21521115303	-1420
5.2152671814	-1420
5.21527910233	-1212
5.21532297134	-1420
5.21532607079	-1316
5.21540904045	-1420
5.21541213989	-1316
5.2154841423	-1420
5.21548700333	-1316
5.21557116508	-1420
5.21557402611	-1316
5.21569800377	-1368
5.21573400497	543
5.21595716476	543
5.2161090374	-1420
5.21611309052	-1316
5.2162091732	-1368
5.21637415886	-1368
5.21654105186	-1420
5.21654605865	-1316
5.21707296371	-1420
5.21707701683	-1420
5.21711611748	-1264
5.21761512756	-1420
5.21765613556	-1420
5.21765804291	-1264
5.21773910522	-1368
5.21784210205	-1420
5.21786308289	-1316
5.21788311005	543
5.21810317039	-1420
5.21810913086	-1316
5.21835398674	-1368
5.21835803986	-1368
5.21843504906	-1420
5.2184381485	-1420
5.21847510338	-1264
5.21865010262	-1420
5.21867203712	-1316
5.21956515312	-1420
5.21958613396	-1316
5.21967506409	-1420
5.21971297264	-1420
5.21971511841	-1264
5.21974802017	-1368
5.21982812881	-1420
5.21984696388	-1316
5.21988606453	543
5.21994519234	-1420
5.21994709969	-1316
5.22015213966	-1420
5.22015619278	-1316
5.22031712532	-1420
5.22031998634	-1420
5.22035908699	-1264
5.22036099434	-1420
5.2203950882	-1420
5.22039699554	-1264
5.22049999237	-1420
5.22050213814	-1420
5.22055697441	-1264
5.22055912018	-1420
5.22059297562	-1420
5.22059512138	-1264
5.22068500519	-1420
5.22068715096	-1420
5.22073817253	-1264
5.22074007988	-1420
5.2207801342	-1316
5.22078204155	-1420
5.22081518173	-1316
5.22095608711	-1420
5.22095918655	-1420
5.22096014023	-1264
5.22100806236	-1420
5.22100996971	-1316
5.22119402885	-1368
5.22119617462	-1420
5.22119808197	-1316
5.22156310081	-1420
5.22156596184	-1420
5.22156715393	-1264
5.2215950489	-1368
5.22453403473	543
5.24411916733	-1420
5.24413013458	-1420
5.24417996407	-1264
5.24868106842	-1420
5.24876999855	-1420
5.24877309799	-1420
5.24881696701	-1212
5.24881911278	-1420
5.24885416031	-1420
5.24885702133	-1264
5.24890017509	-1368
5.24890303612	-1420
5.24893498421	-1316
5.24914503098	543
5.2492711544	-1420
5.24928402901	-1420
5.24932003021	-1420
5.24932217598	-1420
5.24940800667	-1420
5.24941110611	-1108
5.24945616722	-1420
5.24945807457	-1316
5.24955511093	-1420
5.24955701828	-1420
5.24960398674	-1264
5.24960613251	-1420
5.24964904785	-1420
5.24965119362	-1264
5.2496919632	-1420
5.24971318245	-1420
5.24975419044	-1420
5.24975609779	-1420
5.24978899956	-1160
5.24979114532	-1420
5.249792099	-1316
5.25005817413	543
5.25726699829	-1420
5.25727200508	-1420
5.25731110573	-1264
5.25731301308	-1420
5.25736904144	-1420
5.25737118721	-1264
5.25742316246	-1420
5.25742602348	-1316
5.25754499435	-1420
5.2575480938	-1420
5.25759100914	-1264
5.25766515732	-1420
5.25772500038	-1420
5.25772809982	-1264
5.25780010223	-1368
5.25780296326	-1420
5.25784397125	-1420
5.25785517693	-1264
5.25788903236	-1420
5.25789117813	-1316
5.2579870224	-1420
5.25798916817	-1420
5.25803303719	-1264
5.25803613663	-1420
5.25806808472	-1420
5.25806999207	-1264
5.25834918022	-1368
5.25835204124	-1420
5.25837111473	-1316
5.25843310356	-1420
5.25845217705	-1420
5.2584540844	-1264
5.25854706764	-1368
5.25874400139	543
5.25892615318	543
5.25926113129	543
5.2623000145	-1420
5.26230502129	-1420
5.26232600212	-1264
5.26349401474	-1420
5.26351618767	-1316
5.26407217979	-1368
5.2641620636	1057
5.26445698738	-1420
5.2644610405	-1420
5.26449918747	-1264
5.2645380497	-1420
5.26457214355	-1420
5.26457500458	-1264
5.26485109329	-1420
5.26485610008	-1420
5.26489400864	-1264
5.26825618744	-1420
5.26829719543	-1420
5.26830005646	-1264
5.27296996117	-1420
5.27297616005	-1420
5.27301597595	-1420
5.27302718163	-1212
5.27306318283	-1420
5.27306509018	-1420
5.27311706543	-1264
5.27311897278	-1420
5.27315306664	-1420
5.27315497398	-1264
5.27325701714	-1420
5.2732770443	-1420
5.27331113815	-1264
5.27331399918	-1368
5.27342414856	-1420
5.27342605591	-1420
5.27346515656	-1264
5.2734670639	-1420
5.27350401878	-1316
5.27365612984	-1420
5.27367401123	-1420
5.273676157	-1420
5.27369117737	-1420
5.27369213104	-1160
5.27390098572	-1368
5.27614808083	543
5.27632498741	543
5.29214215279	-224
5.36697101593	-1420
5.36699914932	-1420
5.36714816093	-1420
5.36716008186	-1420
5.36720705032	-1160
5.36721014977	-1420
5.36727118492	-1316
5.36727404594	-1420
5.36731600761	-1316
5.36731815338	-1368
5.36735510826	-1420
5.36735701561	-1316
5.36752009392	543
5.36771798134	543
5.36888718605	-1420
5.36889314651	-1316
5.36919116974	-1368
5.36919617653	-1420
5.36923599243	-1420
5.36923909187	-1264
5.36934900284	543
5.36950707436	-1420
5.36951208115	-1420
5.36955213547	-1264
5.36955714226	-1368
5.36965918541	-1420
5.36966204643	-1316
5.36975812912	-1420
5.36976099014	-1420
5.36977815628	-1264
5.36987996101	-1420
5.36989808083	-1316
5.37000608444	-1420
5.37004208565	-1420
5.37004518509	-1264
5.3701171875	-1368
5.37033510208	-1420
5.37036013603	-1316
5.37048411369	-1420
5.37053799629	-1420
5.37054109573	-1264
5.37057614326	-1420
5.37057805061	-1316
5.37063407898	-1420
5.37063598633	-1420
5.37066912651	-1264
5.37078714371	543
5.37098002434	-1420
5.37098503113	-1316
5.37102413177	-1368
5.37154006958	-1420
5.37156200409	-1420
5.37156414986	-1420
5.3715801239	-1420
5.37158107758	-1160
5.37164497375	-1420
5.37164711952	-1420
5.37168812752	-1264
5.37169003487	-1420
5.37172317505	-1420
5.3717250824	-1264
5.37184214592	543
5.37187814713	-1368
5.37195611	-1368
5.37210702896	543
5.37217402458	-1420
5.37217617035	-1316
5.37225198746	-1368
5.37228918076	-1420
5.37230706215	-1316
5.37246799469	-1420
5.37248706818	-1316
5.37259316444	-1420
5.37263011932	-1420
5.37263202667	-1264
5.37267518044	-1420
5.37267708778	-1316
5.37280702591	-1420
5.37281012535	-1316
5.37713217735	-1420
5.37713909149	-1420
5.37718009949	-1264
5.40281701088	-1420
5.40286803246	-1316
5.40299201012	-1420
5.40302109718	-1316
5.40311312675	-1420
5.40315198898	-1420
5.40315508842	-1264
5.40321516991	-1368
5.4033100605	543
5.40347313881	-1420
5.40347504616	-1316
5.40356111526	-1368
5.40377116203	-1420
5.40382099152	-1420
5.40382409096	-1264
5.40409517288	-1420
5.40410017967	-1420
5.4041390419	-1264
5.40476107597	-1420
5.4048140049	-1420
5.40481710434	-1420
5.40486216545	-1212
5.4048640728	-1420
5.40489816666	-1316
5.40524411201	-1420
5.40528798103	-1420
5.40529108047	-1264
5.40532517433	-1420
5.40535902977	-1420
5.4053940773	-1264
5.40546512604	543
5.40573310852	-1420
5.40573811531	-1420
5.40575909615	-1264
5.41829299927	-1420
5.41834998131	-1316
5.41835308075	-1368
5.41851210594	543
5.42644000053	-871
5.43329310417	-1420
5.43334698677	-1420
5.43335008621	-1264
5.45031499863	-1420
5.45032501221	-1420
5.45038414001	-1264
5.45048713684	-1368
5.45060515404	-1420
5.45060801506	-1420
5.45065402985	-1264
5.45075201988	543
5.45078706741	-1368
5.45088410378	-1368
5.4510371685	-1420
5.45104217529	-1420
5.45107913017	-1420
5.45108103752	-1212
5.45116710663	-1368
5.45122814178	543
5.45131707191	-1420
5.45131897926	-1420
5.45132017136	-1264
5.45132017136	-1368
5.45143508911	-1420
5.45143818855	-1316
5.45163011551	-1368
5.45178508759	-1420
5.45182704926	-1420
5.4518301487	-1264
5.45202112198	-1420
5.45202612877	-1316
5.45209002495	-1368
5.45238113403	-1420
5.4524230957	-1420
5.45242500305	-1264
5.45249509811	-1420
5.45249795914	-1420
5.45253205299	-1264
5.45261001587	543
5.45859313011	-1420
5.45860219002	-1420
5.45863103867	-1264
5.46494412422	-1420
5.46497607231	-1316
5.46630096436	-1420
5.46634697914	-1420
5.46635007858	-1420
5.46638607979	-1212
5.46647810936	543
5.46668601036	-1420
5.46669006348	-1420
5.46673607826	-1264
5.46683812141	-1368
5.46695709229	-1420
5.46696019173	-1316
5.46714496613	-1368
5.46724414825	-1368
5.46745300293	-1420
5.46745800972	-1420
5.46749615669	-1420
5.46749901772	-1212
5.46755313873	-1420
5.46755504608	-1420
5.46758913994	-1264
5.46766614914	-1420
5.46770501137	-1420
5.46770715714	-1264
5.46779918671	-1368
5.46790409088	543
5.46855998039	-1420
5.46856498718	-1420
5.46858716011	-1264
5.46890616417	-1420
5.46892905235	-1316
5.46900200844	-1420
5.46900415421	-1420
5.46900510788	-1264
5.46908998489	-1368
5.47949504852	1057
5.48363018036	-1420
5.4836370945	-1420
5.48372602463	-1264
5.48372912407	-1420
5.48377203941	-1316
5.48387598991	543
5.48395109177	-1420
5.48396396637	-1420
5.48396396637	-1420
5.48396515846	-1212
5.48412299156	543
5.48497104645	-1420
5.48497605324	-1420
5.48502612114	-1420
5.48502802849	-1212
5.48506307602	-1420
5.48506498337	-1316
5.49220108986	-1420
5.49220705032	-1420
5.49223899841	-1264
5.49227905273	-1420
5.49230504036	-1420
5.4923081398	-1264
5.49239611626	-1420
5.49243211746	-1316
5.49246907234	-1368
5.4925301075	-1368
5.49255013466	-1420
5.49255204201	-1420
5.49256706238	-1264
5.49261903763	543
5.49291205406	-1420
5.49291610718	-1420
5.49295401573	-1420
5.49295711517	-1212
5.49314117432	-1420
5.49314618111	-1420
5.49316596985	-1264
5.49322414398	-1420
5.4932820797	-1420
5.49328398705	-1264
5.49334096909	-1420
5.49334311485	-1420
5.49337697029	-1420
5.49337911606	-1212
5.49341106415	-1420
5.4934129715	-1316
5.49368596077	-1420
5.49369311333	-1420
5.49371314049	-1420
5.49371600151	-1420
5.49373006821	-1160
5.49413013458	1057
5.49956297874	-1420
5.4995701313	-1420
5.49959397316	-1264
5.49967503548	-1420
5.49970412254	-1316
5.49970698357	-1420
5.49972200394	-1316
5.49994301796	-1420
5.49998497963	-1420
5.49998807907	-1420
5.50002503395	-1212
5.50002717972	-1420
5.50006198883	-1420
5.5000641346	-1264
5.50009703636	-1368
5.50021409988	543
5.50034809113	-1420
5.50035309792	-1420
5.50039196014	-1420
5.50039505959	-1420
5.50042796135	-1420
5.50043010712	-1108
5.50046610832	-1368
5.50051808357	-1420
5.50057196617	-1420
5.50057506561	-1264
5.50060796738	-1420
5.50061011314	-1420
5.50064301491	-1420
5.50064516068	-1212
5.50067710876	-1368
5.50144815445	-1368
5.50156903267	-1420
5.50157213211	-1420
5.50161504745	-1264
5.50164413452	543
5.50167512894	-1368
5.50178813934	-1368
5.50183606148	543
5.50802516937	-1420
5.50803112984	-1420
5.50805497169	-1264
5.50814700127	-1420
5.50817799568	-1316
5.50823497772	-1368
5.50836110115	-1420
5.50836610794	-1316
5.50886297226	-1368
5.51134300232	-1420
5.51140618324	-1420
5.51140904427	-1420
5.5114440918	-1212
5.51144599915	-1368
5.51158618927	543
5.51666307449	-1420
5.5166721344	-1420
5.51672196388	-1420
5.51672410965	-1212
5.51676106453	-1420
5.51676297188	-1420
5.51679706573	-1264
5.56126904488	-1129
5.56405806541	-1368
5.57709813118	1460
5.57720303535	1460
5.57724118233	1161
5.577283144	1460
5.57737517357	1460
5.57742118835	253
5.5782930851	1057
5.59787106514	543
5.69571518898	-1231
5.76192712784	-1420
5.76195311546	-1420
5.76199316978	-1264
5.82139611244	-1420
5.82141399384	-1420
5.82147097588	-1264
5.82983803749	-675
5.85226798058	-1368
5.85228300095	-1368
5.85231804848	-1368
5.86381196976	-1420
5.86386799812	-1420
5.86387109756	-1264
5.8644080162	-1420
5.86441397667	-1420
5.86445403099	-1264
5.86453604698	543
5.8657681942	-1368
5.86630916595	-1420
5.86634612083	-1316
5.86850404739	-1420
5.86854219437	-1316
5.86880898476	-1420
5.86883306503	-1316
5.86897110939	-1420
5.86900997162	-1420
5.86901307106	-1264
5.86943817139	-1420
5.86944413185	-1316
5.86953806877	-1368
5.86967802048	543
5.86971306801	-1420
5.86971616745	-1316
5.86971616745	-1368
5.87013506889	-1420
5.87016010284	-1420
5.87016296387	-1264
5.87160515785	-1368
5.87170004845	-1420
5.87172102928	-1316
5.87225914001	-1420
5.87228918076	-1420
5.8722910881	-1264
5.87278413773	-1420
5.87278699875	-1420
5.87284612656	-1264
5.87284898758	-1420
5.87288212776	-1420
5.87288498878	-1264
5.87326097488	-1420
5.87326407433	-1420
5.87330007553	-1264
5.87333202362	-1420
5.87334799767	-1316
5.87345314026	-1368
5.87362313271	-1368
5.87362599373	-1420
5.87366008759	-1420
5.87367200851	-1264
5.87371611595	-1420
5.87371897697	-1316
5.87503314018	-1420
5.8750371933	-1420
5.8750731945	-1420
5.87507605553	-1212
5.87541699409	-1420
5.87542104721	-1420
5.87545704842	-1264
5.87553715706	-1420
5.87554001808	-1316
5.87584114075	-1420
5.87584400177	-1420
5.87584519386	-1264
5.8763229847	-1420
5.87632608414	-1316
5.8763589859	-1368
5.87662816048	543
5.87685608864	543
5.87707996368	543
5.8783261776	-1420
5.87833619118	-1420
5.87837696075	-1420
5.8783800602	-1212
5.87920212746	543
5.87993502617	-1420
5.87994098663	-1316
5.88015317917	-1420
5.88016009331	-1420
5.88019919395	-1264
5.90051317215	-1420
5.90055608749	-1316
5.9008140564	-1368
5.90207314491	-1420
5.90207695961	-1316
5.90218496323	543
5.90361618996	-1420
5.90362215042	-1316
5.90421915054	-1420
5.90423107147	-1420
5.90428805351	-1420
5.90429115295	-1212
5.90434718132	-1368
5.90511202812	-1420
5.90515017509	-1316
5.90581703186	-1368
5.90591406822	-1420
5.90591716766	-1420
5.90595197678	-1420
5.90595412254	-1212
5.90602707863	-1420
5.90603017807	-1420
5.90606498718	-1264
5.90628314018	-1420
5.90632009506	-1420
5.90632200241	-1264
5.90635800362	-1420
5.90636110306	-1420
5.90639400482	-1264
5.9064309597	-1420
5.90646505356	-1316
5.90646696091	-1368
5.90758895874	-1420
5.90759301186	-1420
5.90762996674	-1264
5.90770196915	-1420
5.90773797035	-1316
5.90778112411	-1368
5.90844607353	543
5.90869307518	-1368
5.90879797935	543
5.90898919106	-1420
5.90899205208	-1420
5.90902900696	-1264
5.90940713882	-1368
5.90968513489	-1420
5.90969109535	-1420
5.90973114967	-1264
5.90973305702	-1420
5.90976810455	-1316
5.90986299515	543
5.91003799438	-1420
5.91004300117	-1420
5.91008210182	-1264
5.91015315056	543
5.91030597687	-1420
5.91031098366	-1316
5.91041302681	-1420
5.91041707993	-1316
5.91053199768	-1368
5.91053509712	-1368
5.91071009636	-1420
5.91071510315	-1316
5.91078305244	-1368
5.91108202934	-1420
5.91112303734	-1420
5.91112613678	-1420
5.91119813919	-1212
5.91120004654	-1420
5.91125297546	-1316
5.91125512123	-1368
5.91134810448	-1420
5.91135215759	-1316
5.91150212288	543
5.91153597832	-1420
5.91153812408	-1316
5.91179013252	-1368
5.91179513931	-1420
5.91181397438	-1420
5.91181707382	-1264
5.91189718246	543
5.91205716133	-1420
5.91206216812	-1316
5.91225099564	-1368
5.91225814819	-1420
5.91227698326	-1316
5.91239118576	-1420
5.91243004799	-1420
5.91243219376	-1264
5.91248202324	-1368
5.91291713715	-1420
5.91294002533	-1420
5.9129421711	-1264
5.91302418709	543
5.92678999901	-1368
5.92700099945	-1368
5.92720007896	-1368
5.92798399925	-1368
5.92806816101	-1420
5.92807197571	-1316
5.92849302292	-1420
5.92849898338	-1316
5.92862701416	-1368
5.92864513397	543
5.92924714088	-1420
5.92926907539	-1316
5.92927098274	-1368
5.94593596458	-1368
5.94610404968	-1420
5.94615507126	-1316
5.94644713402	-1420
5.94649600983	-1420
5.94650816917	-1264
5.94654607773	-1368
5.94668006897	-1420
5.94671010971	-1420
5.94671297073	-1264
5.94687914848	-1420
5.94688415527	-1316
5.94697999954	-1420
5.94698309898	-1316
5.94707798958	-1420
5.94708108902	-1316
5.94716715813	-1420
5.94717001915	-1316
5.94724798203	-1420
5.94725108147	-1316
5.94735503197	-1420
5.94735813141	-1316
5.94740796089	543
5.9510910511	-1420
5.95109701157	-1420
5.95112204552	-1264
5.95119810104	543
5.95146918297	-1420
5.95147418976	-1316
5.9515349865	-1420
5.95153808594	-1316
5.95184397697	-1420
5.95184803009	-1420
5.95188617706	-1420
5.95188808441	-1212
5.95335006714	-1420
5.9533560276	-1316
5.96433997154	-906
5.97026610374	543
6.01755619049	-1420
6.01756906509	-1420
6.01762104034	-1264
6.13794207573	-609
6.13823604584	543
6.13837313652	543
6.27230811119	-1086
6.27254009247	543
6.27268719673	543
6.36193418503	-1368
6.406509161	-232
6.40692901611	543
6.4751970768	543
6.57943415642	-543
6.64674210548	-1420
6.64675998688	-1420
6.64681506157	-1264
6.64899611473	543
6.65068817139	543
6.6824669838	-1368
6.68337011337	543
6.70341396332	-1420
6.70343017578	-1316
6.713793993	-1247
6.75591301918	-1420
6.75593519211	-1316
6.80827307701	-1368
6.89028000832	-1152
6.89057302475	543
6.89094305038	543
6.93354010582	543
7.02987909317	543
7.04282212257	543
7.04875516891	543
7.06415510178	543
7.06827807426	-543
7.18051409721	-1368
7.18060708046	-1420
7.18064904213	-1420
7.18065214157	-1264
7.18072104454	-1420
7.18072414398	-1316
7.18082118034	-1368
7.18089604378	-1368
7.18102097511	-1368
7.1811041832	-1420
7.18115210533	-1316
7.181235075	-1420
7.18128013611	-1316
7.18128204346	-1368
7.18137907982	-1420
7.18138217926	-1316
7.18157100677	-1368
7.18169999123	-1368
7.18177008629	543
7.1818420887	-1420
7.18184399605	-1420
7.18184518814	-1264
7.18194699287	-1420
7.18197512627	-1316
7.18207001686	-1420
7.18208813667	-1316
7.18211507797	543
7.18216300011	-1420
7.18216514587	-1316
7.20441508293	-1420
7.2044301033	-1420
7.20448803902	-1264
7.21179819107	543
7.21212315559	543
7.21677803993	-1420
7.2167840004	-1420
7.21682500839	-1264
7.24120998383	-1368
7.25926208496	-1368
7.25951910019	-1420
7.25957798958	-1420
7.25958108902	-1264
7.26495718956	-1420
7.26496315002	-1420
7.26503610611	-1420
7.26504802704	-1212
7.26508808136	-1420
7.2650911808	-1316
7.27294015884	543
7.29064011574	-903
7.3073489666	-1420
7.30741596222	-1316
7.31294417381	543
7.31326699257	1057
7.31349015236	1057
7.37137413025	-1368
7.37612509727	543
7.38438105583	543
7.39520096779	543
7.42494106293	-95
7.55938601494	-1086
7.56458115578	543
7.62570810318	-1368
7.64967799187	-1368
7.66143107414	-1368
7.66160798073	543
7.66592097282	543
7.67010211945	543
7.68500208855	-1368
7.68524909019	-1368
7.68534708023	1057
7.69925308228	-1160
7.69991898537	1057
7.70043897629	543
7.70079016685	-1420
7.70079612732	-1316
7.70215296745	543
7.72352099419	-1368
7.73856496811	543
7.79977011681	-1368
7.80183315277	543
7.80431509018	543
7.83369898796	-1355
7.92440795898	-1368
7.96836900711	-1289
7.96932697296	543
7.98536801338	-1368
7.99287199974	543
8.05032706261	-1368
8.05059504509	543
8.07242512703	-1368
8.076816082	543
8.07726812363	543
8.10261702538	-153
8.15035796165	-1368
8.15061402321	543
8.15076899529	543
8.16265416145	-1420
8.16267418861	-1420
8.16273212433	-1264
8.21136808395	-1368
8.21210098267	543
8.21260809898	543
8.23350310326	543
8.28471398354	-588
8.37165904045	-1368
8.41911005974	-232
8.43461918831	-1420
8.43464207649	-1316
8.51130819321	1057
8.54877209663	-1368
8.55085611343	543
8.55137395859	-1420
8.55137896538	-1420
8.55142998695	-1264
8.55166316032	543
8.55305314064	-132
8.56469702721	543
8.56509208679	-1420
8.56509709358	-1420
8.56513810158	-1264
8.56730103493	543
8.59661006927	-1420
8.5966219902	-1420
8.59667301178	-1264
8.59879612923	543
8.60045409203	543
8.61552596092	-1368
8.6994240284	-364
8.6997191906	543
8.83370399475	-1086
8.83390808105	543
8.8671810627	-1368
8.87476205826	1057
8.91296505928	-1420
8.91299104691	-1316
8.9245390892	-1368
8.9265639782	543
8.92724108696	543
8.9487361908	-1368
8.96810507774	-1131
8.96946811676	543
9.01095604897	-1368
9.10252904892	-746
9.10279202461	543
9.10577607155	543
9.11243796349	-1420
9.11246204376	-1420
9.11249709129	-1264
9.23673295975	-1123
9.23875999451	543
9.24546813965	-1368
9.28578996658	-1368
9.28680205345	543
9.288449049	543
9.30965304375	-1368
9.35257911682	-1420
9.35264110565	-1420
9.35264515877	-1264
9.35268497467	-1420
9.35268712044	-1316
9.35271596909	-1368
9.35776019096	-1420
9.35781598091	-1420
9.35781908035	-1264
9.37124609947	-865
9.3781671524	-1420
9.37823915482	-1316
9.37824296951	-1368
9.37832903862	-1368
9.37851595879	-1368
9.37864613533	-1420
9.37864899635	-1316
9.37879014015	-1420
9.37880516052	-1316
9.37885308266	-1420
9.3788561821	-1316
9.37897896767	-1420
9.37898111343	-1316
9.37938714027	-1368
9.3807721138	-1368
9.3812110424	543
9.38197207451	-1420
9.3819770813	-1316
9.38226509094	-1420
9.38226819038	-1316
9.38545918465	-1420
9.38547515869	-1420
9.38550901413	-1264
9.40690112114	-1420
9.4069621563	-1420
9.40696716309	-1420
9.40699315071	-1212
9.40712499619	-1368
9.40724205971	543
9.4074151516	-1420
9.40741705894	-1316
9.40752100945	543
9.43157315254	-1420
9.43158602715	-1316
9.45581912994	-1420
9.45584201813	-1316
9.50540304184	-871
9.53235507011	543
9.53449606895	543
9.56240797043	-1420
9.56244015694	-1420
9.56254410744	-1264
9.56254696846	-1420
9.56261110306	-1316
9.5626270771	-1368
9.56268596649	-1420
9.56268906593	-1316
9.56273818016	-1368
9.56306219101	-1420
9.56310796738	-1420
9.56311011314	-1264
9.56654000282	-1420
9.56654906273	-1420
9.56657600403	-1264
9.62285518646	-1368
9.62306809425	543
9.63959407806	-562
9.69602012634	543
9.77398610115	-1086
9.77899503708	543
9.89455318451	-1420
9.89457511902	-1420
9.89463019371	-1264
9.89516496658	-1420
9.89521813393	-1420
9.89522099495	-1264
9.89691305161	-1368
9.89721608162	-1420
9.89727115631	-1420
9.89727401733	-1420
9.89730811119	-1420
9.89731001854	-1420
9.89734697342	-1108
9.89743709564	543
9.89763212204	543
9.89855408669	-1368
9.89869403839	-1420
9.89873504639	-1420
9.89873719215	-1264
9.89883708954	-1368
9.89978504181	-1420
9.89980506897	-1420
9.89980697632	-1264
9.90000104904	-1420
9.90000319481	-1420
9.90003800392	-1264
9.90011405945	543
9.90073108673	-1420
9.90073513985	-1420
9.9007730484	-1264
9.90399909019	-1368
9.90445399284	-1420
9.90445804596	-1420
9.90449404716	-1264
9.90520811081	-1420
9.90526413918	-1420
9.9052670002	-1420
9.90530514717	-1212
9.90530705452	-1420
9.90536212921	-1420
9.90536403656	-1264
9.90546298027	543
9.90832614899	-945
9.9220290184	-1420
9.92207407951	-1316
9.97988414764	-1420
9.97990107536	-1420
9.97996211052	-1264
10.033326149	1460
10.0334131718	625
10.0427780151	-414
10.1772351265	-1086
10.1775040627	543
10.2018830776	-1368
10.2345640659	-1420
10.2346150875	-1420
10.2346191406	-1264
10.235943079	543
10.3120880127	-269
10.3122570515	543
10.3141810894	543
10.446283102	-543
10.5345261097	-1420
10.5345461369	-1420
10.5346090794	-1264
10.5805711746	-66
10.5826380253	543
10.583575964	1460
10.5836820602	111
10.7173471451	-543
10.7180330753	543
10.7185671329	543
10.7901871204	543
10.7942421436	543
10.8515770435	-543
10.9859759808	-543
11.1458420753	-1368
11.153591156	-1420
11.1536440849	-1316
11.1543400288	1460
11.1543941498	111
11.1548800468	543
11.1834251881	543
11.1927380562	-667
11.3130011559	543
11.3501250744	543
11.3507401943	543
11.3858420849	-1086
11.3929781914	543
11.3930850029	543
11.6323211193	-543
11.6428971291	543
11.6775619984	-1368
11.6783020496	-1420
11.6783480644	-1420
11.6783511639	-1264
11.6783690453	-1420
11.6783800125	-1420
11.6784040928	-1264
11.6784720421	-1368
11.6786460876	543
11.6791181564	-1420
11.6791319847	-1420
11.679172039	-1264
11.6791741848	-1420
11.6792271137	-1316
11.6795291901	-1420
11.6795699596	-1316
11.6796209812	-1420
11.6796560287	-1316
11.6799449921	543
11.6801590919	-1420
11.6801631451	-1420
11.6802010536	-1264
11.680202961	-1368
11.6809949875	-1420
11.6809990406	-1316
11.6810820103	-1420
11.6810851097	-1316
11.6811649799	-1368
11.6813230515	-1368
11.6814181805	-1420
11.6814210415	-1316
11.6815071106	-1368
11.6818389893	-1420
11.6818580627	-1316
11.6827111244	-1420
11.6827499866	-1420
11.6827521324	-1420
11.6827940941	-1420
11.6827971935	-1160
11.682831049	-1368
11.6838021278	-1420
11.6838200092	-1316
11.6845300198	543
11.6846561432	543
11.6933920383	-1420
11.6934020519	-1420
11.6934940815	-1420
11.6934959888	-1212
11.6935331821	-1420
11.6935350895	-1316
11.7509710789	-1368
11.7514021397	543
11.7664461136	-397
11.7793531418	-1368
11.7917771339	-1368
11.792773962	543
11.8035571575	-1420
11.8035800457	-1316
11.900701046	-1326
11.902682066	543
11.9047720432	543
11.9067070484	543
11.9519491196	-1420
11.9519619942	-1420
11.9520130157	-1264
12.0396120548	-1420
12.0396289825	-1420
12.0396909714	-368
12.0419120789	543
12.0576250553	-1420
12.0576369762	-1420
12.0577161312	-1264
12.0577180386	-1420
12.0577790737	-1316
12.0579431057	-1368
12.0640151501	-1420
12.0640239716	-1420
12.0640699863	-1264
12.0851521492	-1420
12.0852291584	-1420
12.0852341652	-1420
12.0852680206	-1420
12.0852711201	-1160
12.0853121281	-1420
12.0853149891	-1420
12.0853631496	-1264
12.0855190754	543
12.0855941772	-1420
12.0855960846	-1420
12.0855970383	-1264
12.085750103	543
12.0859870911	-1420
12.0859911442	-1420
12.0860280991	-1264
12.0867631435	-1368
12.0887751579	-1420
12.0887830257	-1420
12.0888261795	-1420
12.0888290405	-1420
12.0888621807	-1160
12.0906221867	-1368
12.0907990932	-1368
12.1160151958	-1420
12.1160600185	-1316
12.1169550419	-1420
12.1169970036	-1316
12.1170699596	-1420
12.1171071529	-1420
12.117110014	-1264
12.1172599792	543
12.1183071136	-1420
12.1183130741	-1316
12.1219480038	-1420
12.1219530106	-1316
12.1921710968	-1069
12.2128691673	-1368
12.2141280174	-1420
12.2141451836	-1316
12.2158901691	-1368
12.2338330746	-1368
12.3021140099	-1368
12.3045611382	543
12.3148121834	543
12.3266060352	-791
12.3329219818	543
12.3375229836	543
12.3476259708	543
12.4610431194	-543
12.5997371674	-543
12.7789490223	-1086
12.7829241753	543
12.7830820084	543
12.9175481796	-543
12.9177510738	1057
12.992880106	543
13.0332920551	1057
13.0623810291	-543
13.1148591042	-1368
13.196860075	-1231
13.2269001007	-1420
13.2269160748	-1316
13.2480790615	1460
13.2527279854	111
13.2662761211	543
13.3311111927	-920
13.3336789608	543
13.3339130878	543
13.4690330029	-1086
13.6545431614	-543
13.7581520081	-1368
13.7585701942	-1420
13.7585749626	-1316
13.7587530613	-1368
13.7765300274	-1420
13.7765550613	-1316
13.776982069	-1368
13.7869579792	-364
13.8434000015	-1420
13.8434281349	-1316
13.9211909771	-377
13.9928870201	543
13.9994161129	-543
14.0331821442	1057
14.0335741043	1057
14.0434510708	543
14.0502681732	543
14.0649721622	-543
14.1667649746	543
14.1691141129	-543
14.1935479641	-1368
14.303289175	-717
14.3859081268	543
14.3864209652	543
14.3868310452	543
14.3934791088	543
14.3977620602	543
14.4063820839	-543
14.4130890369	543
14.452381134	-543
14.4629261494	543
14.5976650715	-543
14.5978691578	543
14.8069090843	-1368
14.8071160316	1057
14.8072891235	543
14.8180999756	-1420
14.818114996	-1420
14.8181831837	-1264
14.8183591366	543
14.821709156	-870
14.8218359947	543
14.8337390423	543
14.8341560364	543
14.8483450413	543
14.8839609623	-1368
14.8841919899	543
14.8843410015	543
14.9685950279	-804
14.968788147	543
14.9928820133	543
15.0210521221	1057
15.02206707	-1420
15.0220839977	-1316
15.1427531242	-891
15.1449091434	543
15.1469600201	543
15.1579451561	-1420
15.1579620838	-1420
15.157998085	-1264
15.1776909828	-1420
15.1777391434	-1316
15.1854040623	-1368
15.1944861412	543
15.1951470375	543
15.1958761215	543
15.2100951672	-1420
15.210103035	-1316
15.2126581669	543
15.2239351273	543
15.2341780663	-1368
15.2467291355	543
15.2470281124	543
15.2771701813	-886
15.2773489952	543
15.2814910412	-1420
15.281496048	-1316
15.2815921307	-1420
15.2815949917	-1316
15.2897381783	543
15.29748106	-1420
15.2974960804	-1316
15.3067800999	543
15.4120790958	-675
15.4122390747	543
15.414853096	543
15.4934620857	-1420
15.4934790134	-1316
15.4937040806	543
15.4943721294	543
15.4954769611	-1368
15.5092670918	-1368
15.5092971325	-1420
15.5092999935	-1420
15.5093271732	-1264
15.5096700191	-1420
15.509706974	-1420
15.5097091198	-1264
15.519862175	-1420
15.5198709965	-1420
15.5199279785	-1264
15.5428650379	-1368
15.5496850014	-1420
15.5497090816	-1420
15.5497710705	-1264
15.5497741699	-1420
15.5498101711	-1420
15.5498120785	-1420
15.5498449802	-820
15.5509090424	543
15.5511381626	543
15.5567619801	-1420
15.5567791462	-1316
15.5568871498	-1368
15.5998129845	-1368
15.6075291634	-543
15.6094269753	543
15.6207141876	-1368
15.621104002	543
15.6353180408	543
15.6359741688	543
15.6380679607	-1368
15.6428391933	543
15.6483120918	-1420
15.6483170986	-1316
15.6839950085	-1168
15.6866500378	-1368
15.8081879616	-1368
15.8084261417	543
15.8108119965	543
15.8208341599	-435
15.8716671467	-1420
15.8716790676	-1316
15.8997020721	-1368
15.9004561901	-1420
15.9004621506	-1420
15.9005119801	-1264
15.9008071423	-1420
15.9008569717	-1420
15.9008610249	-1264
15.9009051323	-1368
15.9019551277	543
15.9029970169	-1368
15.9031441212	-1420
15.9031841755	-1420
15.9031870365	-1264
15.9063680172	-1420
15.9063720703	-1420
15.9064099789	-1264
15.9068610668	-1420
15.9068961143	-1316
15.9097931385	-1420
15.9098300934	-1420
15.9098331928	-1264
15.9100580215	-1420
15.9100630283	-1316
15.9102151394	543
15.9103531837	543
15.9106440544	-1420
15.9106490612	-1316
15.9108901024	-1420
15.9109041691	-1316
15.9111289978	-1420
15.9111421108	-1316
15.9112169743	-1368
15.9172661304	543
15.9228630066	-1420
15.922878027	-1316
15.9254601002	543
15.9258220196	543
15.9263551235	543
15.9277920723	-1368
15.9281611443	-1420
15.9282031059	-1420
15.9282059669	-1264
15.9289879799	-1368
15.9291810989	-1368
15.9292860031	-1420
15.9292891026	-1316
15.9302070141	-1368
15.9304890633	-1420
15.9305319786	-1316
15.93110919	-1368
15.9313070774	-1368
15.9320230484	-1420
15.9320590496	-1420
15.9320611954	-1264
15.9321780205	543
15.9324150085	543
15.9533109665	543
15.9551320076	-1180
15.9929859638	543
15.9930529594	543
15.9931101799	543
15.9931910038	543
16.0345401764	543
16.0348031521	543
16.1317310333	-543
16.1320049763	543
16.1831150055	-1368
16.1867451668	-1368
16.1902489662	-1420
16.1902530193	-1316
16.1904201508	-1420
16.1904239655	-1316
16.1905391216	-1368
16.2031309605	543
16.2040250301	543
16.2108650208	-1420
16.2108700275	-1316
16.2254359722	543
16.2661399841	-828
16.3562121391	-1368
16.3629841805	543
16.3721141815	-543
16.440018177	-1347
16.4455280304	543
16.5056631565	543
16.5123631954	-1368
16.5125381947	-1368
16.5742030144	-406
16.5752420425	543
16.6712660789	-1368
16.6852200031	543
16.7084050179	-261
16.8425581455	-543
16.9111151695	-1368
16.9881541729	-1368
16.9893209934	543
17.0347311497	1057
17.038724184	-1368
17.039577961	543
17.0451669693	-754
17.0520720482	543
17.2587800026	-1086
17.3930170536	-543
17.4030351639	543
17.4939680099	-543
17.5343940258	-543
17.7086529732	-1086
17.708892107	543
17.7184259892	543
17.8434970379	-543
17.8436851501	543
17.9819719791	-543
17.9917621613	-543
17.9919490814	543
17.9921531677	565
18.0067780018	-1420
18.0068449974	-1420
18.0068511963	-1264
18.0682141781	-1368
18.1162400246	-298
18.1182169914	543
18.1189160347	543
18.2504329681	-543
18.396818161	-1420
18.3968670368	-1316
18.4246811867	-406
18.4260251522	543
18.4278321266	543
18.5589511395	-543
18.6932160854	-543
18.8753681183	-1086
18.8862161636	543
18.8869869709	543
19.0209200382	-543
19.0328919888	543
19.2165310383	-543
19.2389881611	-565
19.3508040905	-543
19.4649920464	-1368
19.4652290344	543
19.4656760693	543
19.5304570198	-1368
19.5805680752	-464
19.5827100277	543
19.7406980991	-543
19.767111063	-1420
19.7671740055	-1316
19.7673330307	-1368
19.827903986	-1368
19.8748261929	-298
19.8750071526	543
19.8770520687	543
20.1620371342	-543
20.1744451523	543
20.3573200703	-543
20.4906680584	-1368
20.5887541771	-1318
20.6037631035	543
20.6068940163	543
20.6076459885	543
20.9668440819	-543
21.0364220142	1057
21.2477891445	-543
21.2485551834	543
21.6163589954	-543
21.6787979603	-1420
21.6788439751	-1316
21.8127920628	-377
21.8150620461	543
22.0371770859	-543
22.2737650871	-543
22.2741999626	543
22.4078111649	-543
24.0533111095	1057
24.5641291142	-543
25.0394530296	-543
25.9929389954	543
26.0292639732	-543
26.0300149918	543
26.1883111	-543
26.4145040512	-543
26.4758729935	-543
26.6498069763	-1057
26.6729311943	543
26.7803010941	543
26.7935650349	543
26.9350919724	-543
26.9646191597	-1420
26.9646651745	-1316
26.9929111004	543
26.9930009842	543
26.9969360828	-1420
26.9969801903	-1316
27.0986590385	-240
27.2899231911	-1086
27.2901711464	543
27.4855911732	-543
27.5584170818	-543
27.5826029778	-1420
27.5826580524	-1316
27.6200959682	-1420
27.6201460361	-1316
27.7167141438	-240
27.9928841591	543
28.6860790253	-543
28.9906420708	543
30.7233259678	-543
30.7915380001	-543
30.9907121658	543
