0	-543
2.85420107841	-543
3.30943417549	543
3.74781703949	-543
3.74799108505	543
4.074696064	-1420
4.0747191906	-1420
4.07478308678	-787
4.07904219627	-1298
4.20291209221	-787
4.20511007309	543
4.20705914497	543
4.23191809654	543
4.59863114357	-543
4.60090708733	543
4.72942018509	-543
4.89718699455	-543
4.89741611481	543
4.93615221977	-1420
4.93616819382	-1176
5.02518701553	-517
5.30708599091	-1420
5.30713605881	-1176
5.30727505684	-1031
5.33072209358	-1298
5.43559002876	-787
5.43755221367	543
5.43806409836	543
5.88844704628	-543
6.05929017067	-543
6.07077407837	543
6.56972002983	-543
6.56991219521	543
7.09644198418	-1420
7.09646105766	-1420
7.09649801254	-787
7.15581512451	-1298
7.22458100319	-787
7.22658419609	543
7.22715306282	543
7.70269703865	-543
7.89120006561	543
7.9150621891	-543
8.02081513405	-543
8.14597916603	-1420
8.14603614807	-1176
8.17777919769	-1420
8.17783021927	-1176
8.17793798447	-1298
8.1780860424	543
8.18842816353	-764
8.25887203217	-1420
8.25894999504	-1420
8.25898718834	-1054
8.32864713669	-1298
8.3286960125	-1420
8.32872200012	-1176
8.34384703636	-1420
8.34390306473	-1176
8.34394621849	-1298
8.35786819458	-285
8.4286441803	543
8.43200612068	543
8.43883800507	543
8.44857621193	1057
8.78995609283	-1420
8.79001307487	-151
8.79016113281	543
8.79826211929	-1420
8.79826712608	-1176
8.80557918549	-1420
8.80558514595	-1420
8.80562400818	-1054
8.81262516975	-1298
8.84110617638	-1420
8.84112119675	-1176
8.91993999481	-1420
8.91995716095	-1176
8.92659401894	-1420
8.92660808563	-1176
8.92690420151	-1420
8.9269092083	-1176
8.92715120316	543
8.93369317055	-1420
8.93370914459	-1176
8.94125914574	-1420
8.94127321243	-1420
8.94132399559	-1054
8.94132709503	-1298
8.96920418739	-1420
8.96921515465	-1176
8.96938204765	543
8.97441506386	-1298
9.0287501812	1057
9.04841518402	-1420
9.0484290123	-1420
9.04848217964	-1054
9.05479311943	-1420
9.05480408669	-1176
9.0549352169	543
9.05529117584	-1420
9.05529713631	-164
9.09150004387	-1420
9.09151816368	-1176
9.09171009064	-1298
9.11977601051	-1420
9.11984205246	-1420
9.11984610558	-1054
9.18355202675	-552
9.18525719643	-1298
9.18535113335	-1298
9.22057509422	-1298
9.2812230587	-1420
9.28124213219	-1176
9.28129601479	-1298
9.30969405174	-1420
9.3097422123	-1176
9.30987620354	543
9.31125402451	-555
9.36828613281	-1420
9.36830711365	-1176
9.36855912209	543
9.36871504784	-1298
9.38159418106	-1420
9.38165998459	-1420
9.38166499138	-1054
9.39761209488	-1420
9.39762401581	-1420
9.39767408371	-1054
9.44687318802	-1420
9.44688916206	-1176
9.44702219963	-1298
9.49217820168	-1104
9.53371310234	-1420
9.53372502327	-1176
9.56086611748	-1420
9.56088209152	-1176
9.58951401711	-1298
9.58955621719	-1298
9.58978509903	543
9.61975717545	-1420
9.61977314949	-1420
9.6198580265	-1054
9.62007212639	-799
9.62017202377	543
9.67287516594	-1420
9.6728951931	-1420
9.67293000221	-1054
9.6921441555	-1420
9.69220900536	-1420
9.69221305847	-1054
9.70833921432	-1298
9.71507120132	-1420
9.71511411667	-1420
9.71511721611	-1054
9.72232103348	-1298
9.72239518166	-1298
9.7295820713	-1298
9.73646616936	-1298
9.73664402962	-1298
9.73678302765	-1298
9.74790000916	-82
9.74799919128	543
9.7599260807	-1420
9.7599401474	-1176
9.75999212265	-1298
9.76744318008	-1298
9.79973101616	-1420
9.7997469902	-1176
9.7997841835	-1298
9.82200503349	-1420
9.82206916809	-1420
9.82207417488	-1054
9.82434415817	543
9.82617521286	543
9.83023715019	-1420
9.83025503159	-1420
9.83029699326	-1054
9.84434318542	-1420
9.84441018105	-1420
9.84441518784	-1054
9.85694217682	-1420
9.85695314407	-1176
9.85700821877	-1298
9.86456203461	-1298
9.87634420395	-631
9.87856006622	-1420
9.87860798836	-1176
9.88447213173	-1420
9.88451099396	-1176
9.88461899757	543
9.88477921486	-1298
9.89113116264	543
9.89223217964	-1298
9.89233517647	543
9.89906001091	-1298
9.90465307236	-1420
9.90469908714	-1176
9.90470218658	-1298
9.91063404083	-1420
9.91064620018	-1176
9.91726398468	-1298
9.92395806313	-1298
9.92399907112	-1298
9.92411017418	-1298
9.93824410439	-1420
9.93825006485	-1176
9.93829917908	-1298
9.94340014458	-1420
9.94342517853	-1176
9.95021510124	-1298
9.95581698418	-1298
9.95602798462	-1420
9.9560739994	-1176
9.96280002594	-1298
9.96302819252	543
9.96794509888	-1420
9.96795415878	-1176
9.97380113602	-1298
9.98852109909	-1298
9.99538612366	-1420
9.99540305138	-1176
9.99567699432	-1298
9.99954605103	-1420
9.99960303307	-1420
9.99960708618	-1054
10.0067241192	-1169
10.0130610466	-1420
10.0131070614	-1420
10.0131111145	-1054
10.0225200653	-1298
10.0295422077	543
10.0302510262	543
10.1415081024	-549
10.1507661343	543
10.1727020741	543
10.2695691586	-1086
10.2746779919	543
10.5010910034	-1420
10.501116991	-1420
10.5011541843	-787
10.5060141087	1057
10.5779511929	-1420
10.5779690742	-1176
10.5997161865	-1298
10.6226429939	-1298
10.62839818	-1420
10.6284031868	-1176
10.6289420128	-9
10.6444270611	-1420
10.6444830894	-1176
10.6577091217	-1298
10.6694951057	-1420
10.6695101261	-1420
10.6695740223	-1054
10.7070920467	-1420
10.7071530819	-1420
10.707157135	-1054
10.7723150253	-828
10.8985722065	543
10.9003431797	-543
10.9014530182	-1298
10.9015750885	-1298
10.9961531162	-1420
10.9962170124	-1420
10.9962642193	-1054
11.0133440495	-1298
11.0185031891	543
11.0281851292	-9
11.0333471298	-1298
11.0574100018	-1298
11.0591590405	543
11.0754799843	-1298
11.0891270638	543
11.1618270874	-363
11.1620130539	543
11.6436550617	-1420
11.6436741352	-1420
11.6437351704	-787
11.7287530899	-1298
11.771720171	-787
11.8648281097	-1298
11.8997950554	-816
11.9100780487	-1298
12.0276751518	-787
12.0290510654	543
12.3975281715	-1420
12.3975450993	-1420
12.3975820541	-787
12.404957056	-1420
12.4050080776	-1176
12.4179580212	-1298
12.4331970215	-1420
12.4332141876	-1420
12.4332690239	-1054
12.4591920376	-1420
12.4592380524	-1176
12.4593780041	543
12.5257852077	-1420
12.5258049965	-706
12.6537761688	-543
12.7121801376	-1420
12.7122421265	-1176
12.8217031956	-1420
12.8217689991	-1176
12.8228881359	-1298
12.8272740841	-764
12.8274099827	543
12.8911960125	543
12.8912901878	543
12.9614610672	-543
13.0929181576	543
13.3733341694	-1420
13.3734052181	-1420
13.3734250069	-787
13.4350101948	-1420
13.4350581169	-1176
13.4921410084	-1298
13.5016012192	-276
13.5352110863	-1420
13.5352590084	-1176
13.5805401802	-1298
13.6140890121	-1420
13.6141541004	-1420
13.6141970158	-1054
13.6302540302	-9
13.7229120731	-1420
13.7229940891	-1420
13.7230331898	-1054
13.7353310585	-1298
13.7586050034	-1121
13.7590641975	543
13.771584034	543
13.8250880241	543
13.891575098	543
13.8921120167	543
13.9851272106	1057
13.9908690453	543
13.9958870411	543
13.9990241528	543
14.0235180855	1460
14.0236320496	1139
14.0490980148	543
14.1192390919	1460
14.1193311214	1460
14.11936903	193
14.1376562119	543
14.1381959915	543
14.13854599	543
14.1443591118	543
14.2962710857	-1420
14.2962880135	-1420
14.2963449955	-787
14.4242961407	-543
14.425039053	1057
14.4255180359	543
14.5437321663	-1298
14.5439891815	543
14.5441319942	543
14.5531861782	-331
14.5533270836	543
14.661490202	-543
14.679115057	-1298
14.6793851852	543
14.6811811924	-302
14.6812901497	1057
14.7378771305	-1298
14.7380681038	1460
14.7381370068	1460
14.7382102013	707
14.7993700504	-1298
14.7998290062	1057
14.8087470531	-1298
14.8093411922	-877
14.8185491562	-1420
14.8185691833	-1176
14.8350110054	-1420
14.8350272179	-1420
14.835062027	-1054
14.8520421982	-1298
14.852268219	543
14.8668220043	-1420
14.8668520451	-1176
14.9293642044	-1420
14.9293971062	-1176
14.9376940727	-1420
14.9377110004	-1176
14.9449491501	-1298
14.9465839863	-1298
14.9466850758	-1420
14.9466891289	-1176
14.9635121822	-1420
14.9635281563	-1420
14.9635851383	-1420
14.9635870457	-932
14.9955990314	-1420
14.9956140518	-1420
14.9956490993	-1420
14.9956521988	-932
15.0581400394	-1420
15.0581719875	-1176
15.0628089905	-1298
15.0660600662	-1298
15.0709271431	-1298
15.0730490685	-1420
15.07310009	-1420
15.0731050968	-1054
15.0746769905	-1420
15.0746819973	-1176
15.0747890472	-1420
15.0747931004	-1176
15.0916690826	-1420
15.0916881561	-1420
15.0917379856	-1420
15.0917401314	-932
15.0952751637	543
15.0967562199	-1298
15.1027271748	543
15.1236860752	-1420
15.1236979961	-1420
15.1237580776	-1054
15.123759985	-1420
15.1238200665	-1176
15.1264281273	543
15.1311872005	543
15.1316771507	543
15.1865160465	-1420
15.1865332127	-1176
15.1940531731	-1298
15.1940732002	-1420
15.1941330433	-1176
15.1941361427	-1298
15.1979951859	1057
15.2004821301	543
15.2010200024	-1396
15.2084071636	543
15.2138681412	-1420
15.2138750553	-1176
15.2142391205	543
15.2148001194	543
15.2440412045	-1298
15.2649710178	-1420
15.2650279999	-1176
15.2683870792	-1298
15.2707231045	543
15.278837204	543
15.2796959877	-1298
15.290831089	-1420
15.2908840179	-1176
15.2910130024	-1298
15.300948143	543
15.3020961285	-1298
15.311699152	-1420
15.3117771149	-1176
15.311781168	-1298
15.3167672157	543
15.3211300373	-1298
15.3292520046	-1298
15.3294320107	-1420
15.3294360638	-1420
15.329472065	-297
15.3362600803	-1298
15.3408432007	543
15.3435800076	-1420
15.3435862064	-1176
15.3436250687	-1298
15.3502881527	543
15.3533961773	-1420
15.3534011841	-1176
15.3618280888	-1420
15.3618340492	-1176
15.3701770306	543
15.375202179	-1420
15.3752071857	-1176
15.385158062	-1298
15.3931500912	-1298
15.4003469944	543
15.4027450085	-1420
15.4027512074	-1176
15.4120671749	-1420
15.4120731354	-1176
15.4128861427	-1298
15.4144980907	543
15.4221990108	-1420
15.4222061634	-1176
15.4225430489	-1298
15.4278030396	543
15.4360420704	-1420
15.4360470772	-1176
15.4456460476	-1298
15.4583380222	-878
15.5349831581	-1298
15.5353860855	543
15.5445590019	-1298
15.5614151955	-1298
15.5776062012	-1298
15.5791602135	543
15.58624506	-180
15.6712720394	543
15.6718761921	543
15.6865460873	-1298
15.6867191792	543
15.6868422031	543
15.6979541779	543
15.6982691288	543
15.7489631176	-1298
15.7542090416	-119
15.7580029964	-543
15.7886061668	-1298
15.8243050575	-1298
15.8819479942	-119
15.9760050774	-1420
15.9760751724	-1420
15.9761199951	-1054
15.9848780632	543
15.9851720333	1057
15.9854040146	1057
15.9875700474	1057
15.9878849983	1057
15.9881670475	543
16.0097661018	-790
16.04246521	-1298
16.0622851849	-1298
16.0990481377	543
16.1175830364	-1298
16.1281621456	543
16.1320831776	543
16.1444411278	-1298
16.1449661255	543
16.1702270508	-93
16.1719009876	1460
16.1719770432	625
16.3011610508	-1086
16.3013601303	543
16.3015060425	543
16.3538520336	-543
16.4089260101	-1298
16.4816911221	-787
16.5043890476	-1420
16.5044469833	-1176
16.5044651031	-1298
16.5102519989	-1420
16.5103230476	-1176
16.5103600025	-1298
16.5248692036	-1420
16.5249340534	-1176
16.5249531269	-1298
16.5315790176	-1298
16.5405380726	-1420
16.540585041	-1176
16.5478601456	-1420
16.5478839874	-1176
16.554680109	-1420
16.5547361374	-1420
16.5547721386	-1054
16.5601241589	-1298
16.5602350235	-1298
16.5602641106	-1298
16.5603330135	543
16.5698530674	-1420
16.5698711872	-1420
16.5699250698	-1054
16.5741620064	-1298
16.5848801136	-1420
16.5848960876	-1420
16.5849502087	-1054
16.5875191689	-1420
16.5875651836	-1420
16.5875680447	-1054
16.5959160328	-1420
16.5959310532	-1176
16.5959661007	-1298
16.6003141403	-1298
16.603937149	-1420
16.6039431095	-1176
16.6097650528	-1298
16.6231710911	1057
16.6325361729	-1420
16.6325490475	-1420
16.6325891018	-1054
16.6325910091	-1298
16.6327610016	543
16.6381471157	-1420
16.6381530762	-1420
16.6382200718	-1054
16.6382222176	-1298
16.6539142132	-1420
16.6539251804	-1176
16.6540930271	-1420
16.6540980339	-1176
16.6598651409	-1420
16.6598711014	-1176
16.6635780334	-1298
16.6689560413	-1420
16.6690120697	-1420
16.6690161228	-1054
16.6760220528	-1420
16.67603302	-1176
16.6792271137	-1298
16.6827120781	-1420
16.6827661991	-1420
16.6827690601	-1054
16.6828989983	543
16.6867530346	-1298
16.6883540154	-1420
16.6884071827	-1176
16.6884109974	-1298
16.6893901825	-1420
16.6894021034	-1176
16.689551115	543
16.6990950108	-1420
16.6991100311	-1176
16.6994781494	-1420
16.699491024	-1176
16.7131152153	-1420
16.7131412029	-1420
16.7131791115	-1420
16.7131810188	-932
16.715583086	-1420
16.7155890465	-1420
16.7156291008	-1054
16.7157280445	-1298
16.7224411964	-1298
16.7250671387	-1420
16.725110054	-1420
16.7251141071	-1054
16.7289040089	-1420
16.7289190292	-1176
16.7303221226	-1298
16.7323920727	-1420
16.7324371338	-1420
16.7324399948	-1054
16.7325911522	543
16.7608101368	-1420
16.7608261108	-1420
16.760890007	-1420
16.7608921528	-932
16.7614262104	-1420
16.7614400387	-1176
16.7662611008	-1420
16.7662751675	-1420
16.7663161755	-1420
16.7663190365	-932
16.7680091858	-1298
16.7680900097	543
16.7823472023	-1420
16.7823741436	-1420
16.7824211121	-1054
16.7828190327	-1420
16.7828710079	-1176
16.7828741074	-1420
16.7829070091	-1176
16.783011198	543
16.7878940105	-1420
16.7879052162	-1176
16.7970721722	-1298
16.7973630428	-1420
16.7974431515	-1420
16.7974472046	-1054
16.7974920273	-1420
16.797494173	-1176
16.804418087	-1420
16.8044240475	-1176
16.8045310974	543
16.8074212074	-1298
16.8108730316	-1420
16.8109810352	-1420
16.8109850883	-1420
16.811024189	-932
16.8110260963	-1298
16.8161911964	-1420
16.8162081242	-1420
16.8162691593	-1054
16.8162720203	-1298
16.8164811134	543
16.8171620369	-1420
16.8171679974	-1176
16.8201961517	-1298
16.8270351887	-1420
16.8270790577	-1420
16.8270821571	-1054
16.8275520802	-1420
16.8275570869	-1176
16.8275899887	-1420
16.8283669949	-1176
16.8412752151	-1420
16.8412811756	-1420
16.8413231373	-1420
16.8413250446	-932
16.8415970802	-1420
16.8416001797	-1176
16.8443660736	-1420
16.8443701267	-1176
16.8444330692	-1420
16.844435215	-1176
16.8444690704	-1298
16.8447020054	-1298
16.848484993	543
16.8486671448	543
16.8541240692	-1420
16.8541309834	-1420
16.8541669846	-1420
16.8541691303	-932
16.8575391769	-1420
16.8575441837	-1420
16.8575820923	-1420
16.8575851917	-932
16.861025095	-1420
16.8610310555	-1420
16.8610811234	-1420
16.8610830307	-932
16.8659009933	-1298
16.8891391754	-1420
16.8892509937	-1420
16.8892571926	-1054
16.8892900944	-1420
16.8892951012	-1176
16.8896369934	-1420
16.8896410465	-1176
16.8896780014	-1420
16.8896801472	-1176
16.8941571712	-1420
16.8941609859	-1176
16.8942430019	-1298
16.8943510056	-1298
16.894505024	-1420
16.8945081234	-1176
16.896928072	-1420
16.8969480991	-1176
16.9071221352	543
16.9102780819	-1420
16.9102981091	-1176
16.9103381634	-1420
16.9104380608	543
16.9104762077	-1176
16.9108040333	-1420
16.9108459949	-1176
16.9111402035	-1420
16.9111812115	-1420
16.9111840725	-1420
16.9112172127	-932
16.9158990383	-1420
16.915938139	-1176
16.9216721058	543
16.9218711853	543
16.92527318	-1420
16.9252800941	-1176
16.9253242016	-1420
16.9253261089	-1176
16.9254431725	-1420
16.9254469872	-1176
16.9256441593	-1420
16.9256482124	-1420
16.9256842136	-1054
16.9256870747	-1298
16.927806139	1057
16.9326021671	-1420
16.9326090813	-1176
16.9389100075	-1420
16.9389150143	-1176
16.9389781952	-1420
16.9389810562	-1420
16.938999176	-1054
16.9391381741	-1420
16.9391751289	-1420
16.9391770363	-1054
16.9441840649	-1420
16.944188118	-1176
16.9442780018	-1420
16.9442930222	-1420
16.9443290234	-1054
16.9443321228	-1298
16.9445931911	543
16.9451460838	-1420
16.9451510906	-1176
16.9452600479	-1420
16.9452631474	-1176
16.9516990185	1057
16.9551432133	-1420
16.9551491737	-1176
16.9551720619	-1420
16.9551751614	-1420
16.9551911354	-1054
16.9552052021	-1298
16.955340147	-1420
16.9553561211	-1176
16.9559950829	-1420
16.9560110569	-1176
16.9561040401	-1420
16.9561071396	-1176
16.9611871243	543
16.9692640305	-1420
16.969271183	-1176
16.9695050716	-1420
16.9695081711	-1176
16.969545126	-1420
16.969547987	-1176
16.9696791172	-1420
16.9696822166	-1176
16.9718379974	-1298
16.9722402096	-1420
16.9722771645	-1420
16.9722790718	-1054
16.972548008	-1420
16.9725511074	-1176
16.9726390839	-1420
16.9726541042	-1420
16.9727141857	-1054
16.9727170467	-1298
16.9821941853	-1420
16.9822020531	-1176
16.9822490215	-1420
16.982252121	-1176
16.982309103	-1420
16.9823122025	-1176
16.9824471474	543
16.9855940342	-1420
16.9855999947	-1176
16.9856300354	-1420
16.9856321812	-1420
16.9856619835	-1054
16.9856641293	-1298
16.9888901711	-1298
16.9890110493	-1420
16.9890501499	-1176
16.9890520573	-1420
16.9890990257	-1176
16.9891560078	-1298
16.9911651611	543
17.0172441006	-1420
17.0173091888	-1420
17.0173830986	-1420
17.017386198	-932
17.0174350739	-1420
17.0174372196	-1176
17.0174779892	-1420
17.017480135	-1420
17.0175290108	-1054
17.0175321102	-1298
17.0178551674	-1420
17.0178589821	-1176
17.018348217	-1420
17.018351078	-1176
17.0211420059	543
17.0224180222	-1420
17.0224239826	-1176
17.0228571892	-1420
17.0228631496	-1176
17.0230121613	-1420
17.0230162144	-1176
17.0230531693	-1420
17.0230550766	-1176
17.0255041122	-1420
17.0255241394	-1176
17.0256230831	-1420
17.0256249905	-1176
17.0269360542	543
17.0323381424	543
17.0384311676	-1420
17.0384511948	-1176
17.0385541916	-1420
17.0385580063	-1176
17.0386090279	-1298
17.0387451649	-1298
17.0388281345	543
17.0390172005	-1420
17.0390222073	-1176
17.0391759872	-1420
17.0391800404	-1176
17.0393061638	-1420
17.0393111706	-1176
17.0395030975	-1420
17.0395071507	-1176
17.0395760536	-843
17.0613760948	1057
17.0764551163	543
17.079116106	543
17.0817101002	543
17.0847020149	543
17.1188111305	543
17.1245100498	543
17.1315820217	543
17.1411380768	543
17.1586019993	543
17.16406703	543
17.1903572083	-543
17.1931622028	543
17.2503662109	-543
17.2557442188	1057
17.2564561367	1057
17.3373351097	-1298
17.3581881523	-331
17.4181571007	-1298
17.4335911274	-1298
17.4337921143	543
17.486467123	-604
17.4867181778	543
17.4873511791	-1420
17.4873561859	-1176
17.4896810055	-1298
17.4899830818	-1298
17.4917731285	-1298
17.4919271469	-1298
17.4925181866	-1420
17.4925210476	-1176
17.4984931946	543
17.4986550808	543
17.4991781712	1460
17.4992341995	111
17.5587790012	-1420
17.558806181	-1176
17.583782196	-1298
17.609400034	-1298
17.6152720451	-105
17.6154940128	543
17.6156721115	543
17.6157951355	543
17.6290061474	-1420
17.6290330887	-1176
17.651802063	543
17.6557722092	543
17.6619701385	543
17.6686751842	543
17.7433621883	-1060
17.743584156	543
17.7458300591	543
17.7513370514	543
17.7679531574	-1298
17.8713881969	-845
17.8716351986	543
17.8717730045	543
17.8985002041	543
17.9065730572	-543
17.9117221832	-1420
17.9117372036	-1176
17.9140040874	543
17.9995110035	-1031
18.0019981861	543
18.0273451805	-543
18.0275661945	543
18.1653010845	-1420
18.165320158	-1316
18.1837830544	-891
18.1837990284	-543
18.1856760979	543
18.1877729893	543
18.3001902103	-543
18.3020641804	543
18.3222761154	-1420
18.3222980499	-1316
18.3670251369	-1368
18.3698511124	543
18.4211521149	-66
18.4306681156	543
18.4417970181	-1420
18.4418129921	-1420
18.4418611526	-787
18.4512131214	543
18.4589869976	543
18.4607601166	-1420
18.460766077	-1176
18.474615097	-1298
18.484978199	-1298
18.4985442162	543
18.5022490025	-1420
18.502256155	-1420
18.5022900105	-1054
18.5085380077	543
18.5138521194	1460
18.5139100552	111
18.5379371643	-543
18.5485351086	543
18.5701181889	-825
18.5702731609	543
18.5733230114	543
18.6087591648	-1420
18.6087830067	-1176
18.654708147	-543
18.6972751617	-1420
18.6972839832	-1420
18.6973240376	-1054
18.7110910416	543
18.732047081	-1420
18.7320711613	-1176
18.732475996	-1298
18.7369420528	-497
18.7714140415	-543
18.7745361328	543
18.8161051273	-1420
18.8161180019	-1176
18.8161680698	-1298
18.8652009964	-819
18.891408205	-543
18.8944242001	543
18.9508500099	-1298
18.968681097	543
18.9694190025	543
18.9931941032	-302
18.9984781742	543
19.008893013	-1420
19.0088992119	-1176
19.0480921268	-1057
19.0531480312	-1420
19.0531651974	-1420
19.0532240868	-1054
19.0573270321	543
19.0576331615	543
19.0584981441	543
19.0859150887	-1298
19.1245131493	-1420
19.1245570183	-1176
19.1370921135	-1040
19.1372511387	543
19.1376051903	543
19.137802124	543
19.138007164	543
19.1381621361	543
19.1650190353	-1420
19.1650362015	-1176
19.1985042095	-1298
19.2048690319	-1057
19.2130811214	1057
19.2170510292	543
19.2318291664	-1298
19.233656168	543
19.26714921	-578
19.2716450691	543
19.27257514	543
19.2796671391	543
19.3003079891	-1420
19.3003320694	-1176
19.3372590542	-1298
19.3702840805	-1298
19.3817892075	543
19.3820710182	543
19.3952469826	-549
19.3961551189	543
19.4302041531	-1420
19.4302251339	-1176
19.4598782063	-1298
19.4701371193	543
19.470510006	543
19.4848921299	-1057
19.4991090298	-543
19.5135500431	-1298
19.5232520103	-93
19.5234200954	1460
19.5234630108	1139
19.5494840145	-1420
19.5495021343	-1176
19.5769691467	-1420
19.5769929886	-1176
19.5770452023	-1298
19.6091740131	-1298
19.6159200668	543
19.651515007	-552
19.6583781242	543
19.6626970768	-1420
19.6627039909	-1176
19.6763501167	-1420
19.6763570309	-1176
19.6764140129	-1298
19.6864221096	-1298
19.6971809864	-1420
19.6971859932	-1176
19.7065780163	-1420
19.7065901756	-1420
19.7066299915	-1054
19.7169361115	-1298
19.7267839909	-1420
19.7267920971	-1176
19.7315301895	543
19.7345330715	-1298
19.7502250671	-1298
19.7586112022	-1298
19.7747700214	-1298
19.7793040276	1057
19.7799651623	-1171
19.7801561356	543
19.7806169987	543
19.7823991776	-1420
19.7824041843	-1176
19.7983880043	-1298
19.806415081	-1298
19.8087880611	543
19.8090732098	1057
19.8135280609	-1298
19.8296101093	-1298
19.8485090733	-1420
19.8485181332	-1420
19.8485691547	-1054
19.8547720909	-1298
19.8605940342	-1298
19.8675611019	-1298
19.869464159	1057
19.8695240021	1460
19.8695850372	111
19.8700652122	543
19.8741970062	-1420
19.8742070198	-1420
19.8742411137	-1054
19.8822820187	-1298
19.8984160423	543
19.8989710808	543
19.9086351395	-1284
19.9119310379	543
19.9159700871	1057
19.9268271923	-1298
19.9321889877	-1298
19.9336709976	543
19.9373991489	-1420
19.9374051094	-1176
19.9404091835	543
19.9430840015	-1298
19.9431660175	543
19.9440381527	543
19.949999094	-1420
19.9500100613	-1176
19.9500410557	-1298
19.9519431591	543
19.9674961567	-1420
19.9675080776	-1176
19.9709041119	543
20.0369200706	-1159
20.0383729935	543
20.1401250362	-1057
20.1570620537	-1298
20.1654992104	-816
20.2095441818	-1420
20.2095620632	-1420
20.2096271515	-1054
20.2338871956	-1298
20.2936360836	-1121
20.2939012051	543
20.2960820198	543
20.3011791706	543
20.309223175	-1420
20.3092441559	-1176
20.318500042	-543
20.3323040009	-1420
20.3323261738	-1420
20.3323590755	-1054
20.3324952126	543
20.3592450619	-1298
20.385076046	-1420
20.385133028	-1176
20.4139370918	-1298
20.4238750935	-285
20.4378361702	-1420
20.4378840923	-1176
20.4656100273	-1298
20.5158531666	-1298
20.5158700943	-1298
20.5162401199	-1298
20.5434350967	-1420
20.543484211	-1420
20.5434892178	-1054
20.5521671772	-285
20.588599205	-1420
20.5886671543	-1420
20.5886712074	-1054
20.6250450611	-1420
20.6250631809	-1420
20.6251180172	-1054
20.6750969887	-1298
20.6804029942	-311
20.7079870701	-1420
20.7080521584	-1176
20.7306630611	543
20.735956192	-1420
20.7359650135	-1176
20.7360131741	-1298
20.7361180782	1057
20.7490491867	-1298
20.7766830921	-1420
20.7767410278	-1176
20.8004631996	-1298
20.8081841469	-285
20.8210630417	-1420
20.8211131096	-1176
20.8437440395	-1298
20.8932859898	-1420
20.893294096	-1176
20.8935182095	-1298
20.9138371944	-1420
20.9139041901	-1420
20.9139080048	-1054
20.9362490177	-828
20.9403982162	543
20.9805181026	-1298
21.064084053	-845
21.0643520355	543
21.0655341148	543
21.0938520432	-1420
21.0938692093	-1176
21.0951430798	543
21.1366422176	-1298
21.1368801594	543
21.1385970116	1057
21.1389269829	1057
21.1634731293	-1420
21.1634910107	-1176
21.1637430191	543
21.1922261715	-337
21.1987950802	543
21.2449932098	-1298
21.2452170849	543
21.2724750042	-1420
21.2725031376	-1420
21.2725400925	-1054
21.2981011868	-1420
21.2981500626	-1176
21.320430994	-1095
21.3553061485	-1298
21.3553249836	-1298
21.38382411	-1420
21.3838400841	-1176
21.4064791203	-1298
21.4380631447	-1298
21.4484541416	-581
21.464302063	-1420
21.4643521309	-1176
21.517824173	-1298
21.5325601101	543
21.5463790894	-1298
21.5593440533	-1420
21.5593941212	-1420
21.5593981743	-1054
21.559581995	543
21.568390131	543
21.5686490536	-1420
21.5686571598	-1420
21.5687010288	-1054
21.5688471794	543
21.5822141171	-1420
21.5822291374	-1420
21.5822842121	-1054
21.5824530125	543
21.592977047	-863
21.5946981907	-1420
21.5947270393	-1176
21.6009039879	-1298
21.6129260063	-1420
21.6129391193	-1420
21.6130042076	-1054
21.6195240021	-1420
21.6195821762	-1420
21.619587183	-1054
21.6309421062	-1420
21.6309800148	-1176
21.6310269833	-1298
21.6409981251	-1298
21.6473431587	-1298
21.6473581791	-1420
21.6474092007	-1176
21.6504170895	543
21.6516621113	543
21.6528921127	-1298
21.66518116	-1420
21.6652290821	-1176
21.6715540886	-1420
21.6715919971	-1176
21.6717979908	-1298
21.6766161919	-1298
21.6842260361	-1420
21.684264183	-1176
21.6861331463	543
21.6870520115	-1298
21.6918201447	1057
21.6962471008	-1298
21.7001650333	-1298
21.7026870251	543
21.7030110359	-1420
21.7030160427	-1176
21.7033851147	-1298
21.7035901546	543
21.7038919926	1057
21.7081820965	-1420
21.7081902027	-1420
21.7082521915	-1054
21.7132570744	-1298
21.7184240818	1057
21.7193551064	543
21.7209692001	-954
21.7210991383	543
21.723470211	543
21.723706007	1460
21.7237501144	625
21.742221117	543
21.7743551731	-1420
21.7743730545	-1176
21.7745800018	543
21.8478610516	-1298
21.8520171642	-305
21.8521780968	543
21.8524541855	543
21.8911411762	543
21.8912432194	543
21.9271070957	-1420
21.9271240234	-1420
21.9271700382	-1054
21.9273920059	543
21.9551022053	-1298
21.95789814	543
21.9589231014	-1298
21.9632620811	-1420
21.9633080959	-1420
21.963312149	-1054
21.9635231495	543
21.979927063	-70
21.9918282032	-1420
21.9918861389	-1176
21.994710207	-1298
21.999505043	-1298
22.012127161	-1420
22.0121891499	-1176
22.0206661224	-1420
22.0207080841	-1176
22.0208392143	-1298
22.0253109932	-1420
22.0253181458	-1176
22.0253500938	-1298
22.0312111378	543
22.0351421833	-1420
22.0351531506	-1420
22.0352020264	-1054
22.0392560959	-1420
22.0392971039	-1420
22.0393002033	-1054
22.0467741489	-1420
22.0467791557	-1176
22.0491280556	-1298
22.0517561436	-1420
22.0518040657	-1420
22.0518081188	-1054
22.0566880703	-1298
22.0631899834	543
22.0692121983	543
22.0794630051	-1298
22.0796561241	543
22.0856430531	-1420
22.0856530666	-1420
22.0857021809	-1054
22.0859110355	543
22.0895950794	-1420
22.0896110535	-1176
22.0896720886	-1298
22.0923950672	543
22.0971341133	-1420
22.0971441269	-1420
22.097192049	-1054
22.0995090008	1057
22.1046919823	-1298
22.1068332195	-1420
22.1068661213	-1176
22.1085870266	-1298
22.1161191463	-1420
22.1161341667	-1420
22.1161851883	-1054
22.1182491779	-1420
22.118281126	-1176
22.1183722019	543
22.1187491417	-1298
22.119571209	-57
22.1292970181	-1420
22.1293120384	-1420
22.1293640137	-1054
22.1320869923	-1298
22.1354730129	-1420
22.1354780197	-1176
22.1446461678	-1420
22.1446540356	-1176
22.1483662128	-1298
22.1488192081	-1420
22.1488530636	-1176
22.1524040699	-1420
22.1524441242	-1176
22.1538300514	-1298
22.1599001884	-1420
22.1599161625	-1420
22.1599760056	-1054
22.1637070179	-1298
22.1638491154	543
22.1667861938	-1298
22.1669499874	-1298
22.169615984	-1298
22.1757700443	-1298
22.1758151054	-1420
22.1758191586	-1176
22.1796841621	-1420
22.1796901226	-1420
22.1797130108	-1054
22.1800169945	543
22.1852731705	-1420
22.1852860451	-1420
22.1853370667	-1054
22.1918911934	-1420
22.1919569969	-1176
22.19196105	-1298
22.1953010559	-1298
22.2040450573	-1420
22.2040901184	-1420
22.2040941715	-1054
22.2090761662	-1420
22.2091100216	-1176
22.2093660831	543
22.2125380039	-1420
22.2125530243	-1176
22.2126190662	-1298
22.2165441513	-1420
22.2165780067	-1176
22.2194859982	-1298
22.221517086	-1420
22.2215230465	-1176
22.2216842175	-1298
22.2270231247	-1420
22.2270832062	-1176
22.2270860672	-1298
22.2316610813	-1298
22.2348179817	-1420
22.2348670959	-1176
22.2372760773	-1420
22.2372980118	-1176
22.2373020649	-1298
22.2404341698	-1298
22.2405211926	543
22.2427711487	-1420
22.2427761555	-1176
22.2455821037	-1298
22.2474009991	-508
22.2503390312	-1420
22.2503449917	-1176
22.2537560463	-1298
22.2538452148	543
22.2636082172	-1420
22.2636301517	-1176
22.2636620998	-1298
22.2691781521	-1420
22.2692291737	-1176
22.2743401527	-1420
22.2743930817	-1420
22.2743971348	-1054
22.2781291008	-1420
22.2781341076	-1176
22.2812900543	-1298
22.2816231251	543
22.2818841934	543
22.285588026	-1298
22.2856500149	-1298
22.2893080711	-1298
22.2958090305	-1420
22.2958521843	-1420
22.295855999	-1054
22.3237831593	-1420
22.3237960339	-1176
22.3238379955	-1298
22.3239881992	543
22.3590221405	-1298
22.3657450676	-1420
22.3657941818	-1176
22.3722100258	-1420
22.3722741604	-1176
22.3722782135	-1298
22.3751699924	-858
22.3826811314	-1420
22.3827271461	-1176
22.383054018	-1298
22.3955230713	-1420
22.3955380917	-1176
22.3956840038	-1298
22.4075341225	-1298
22.4127399921	-1420
22.4127471447	-1176
22.4128580093	-1298
22.4167611599	-1420
22.4167871475	-1176
22.4168760777	543
22.4190301895	-1420
22.4190351963	-1176
22.4263541698	-1420
22.4263691902	-1420
22.4264221191	-1054
22.4265491962	543
22.4317011833	-1298
22.4366340637	-1420
22.4366681576	-1176
22.4384729862	543
22.4387311935	1057
22.4419660568	-1420
22.4419732094	-1176
22.4419951439	-1298
22.447147131	-1298
22.45266819	-1420
22.4526851177	-1176
22.4570891857	-1298
22.4621741772	-1420
22.4622290134	-1420
22.4622321129	-1054
22.4788410664	-1420
22.4788551331	-1420
22.4789190292	-1054
22.4832201004	-1420
22.4832470417	-1176
22.4833071232	-1298
22.4894881248	-1298
22.4895720482	543
22.4897310734	-1298
22.4938809872	-1298
22.5001749992	543
22.5008940697	1057
22.5026421547	-1298
22.5028700829	-719
22.5083901882	-1420
22.508395195	-1176
22.5143082142	-1298
22.5202460289	-1420
22.5202951431	-1420
22.5202991962	-1054
22.5313332081	-1420
22.5313510895	-1176
22.535941124	-1420
22.5359480381	-1176
22.5872690678	543
22.6022100449	1057
22.6142911911	1057
22.615226984	1460
22.6152951717	111
22.620732069	543
22.6245651245	1460
22.6246399879	1139
22.6307981014	-1072
22.6318380833	543
22.6334841251	-1420
22.6335000992	-1176
22.64696908	543
22.6551580429	-1420
22.6551690102	-1176
22.6553180218	543
22.6557080746	-1298
22.7384769917	-1298
22.7526271343	-1420
22.7526750565	-1176
22.7615962029	-1040
22.7668640614	-543
22.7722849846	-1298
22.7806930542	-1420
22.7807011604	-1420
22.7807459831	-1054
22.7900691032	-1298
22.7960870266	-1298
22.8042180538	-1420
22.8042740822	-1420
22.8042781353	-1054
22.8108501434	-1298
22.8191142082	-1420
22.8191380501	-1176
22.8255131245	-1298
22.8257250786	543
22.8324141502	-1420
22.8324282169	-1176
22.8324790001	-1298
22.8392422199	-1298
22.8467781544	-1420
22.8467860222	-1176
22.8468370438	-1298
22.8587520123	-1298
22.8911280632	543
22.8912210464	543
22.9002501965	-933
22.9308691025	-1298
22.9409041405	-1298
22.9430820942	1057
22.9486291409	-1298
22.9584991932	1460
22.9585790634	1460
22.9586222172	1161
22.9587271214	603
22.9592621326	543
22.9627971649	-1298
22.9656660557	-1298
22.9658010006	1460
22.9658482075	1139
22.9694650173	-1298
22.97290802	-1420
22.972946167	-1176
22.972949028	-1298
22.9793829918	543
22.986852169	-1420
22.9868621826	-1176
22.9869170189	-1298
22.9982562065	-1298
23.0146620274	-1298
23.0148851871	543
23.0250551701	543
23.0285511017	-738
23.0296161175	543
23.1489470005	1057
23.1571030617	-1086
23.2785251141	-1420
23.278553009	-1176
23.2853150368	-546
23.3040001392	-1420
23.3040142059	-1176
23.3301100731	-1298
23.3528389931	-1420
23.352864027	-1176
23.3532471657	-1298
23.3643741608	1057
23.383972168	-1298
23.4160220623	-1298
23.418913126	543
23.4292371273	1057
23.4318602085	-555
23.440141201	-1420
23.44018507	-1176
23.4502601624	-1420
23.4503171444	-1176
23.4591751099	-1420
23.4592311382	-1420
23.4592351913	-1054
23.4597160816	543
23.4611961842	1057
23.4673061371	-1420
23.467315197	-1176
23.4674451351	543
23.4755001068	-1298
23.4839890003	-1420
23.4840199947	-1176
23.5051510334	-1420
23.5052101612	-1420
23.5052130222	-1054
23.5058121681	1460
23.5058681965	111
23.5099821091	-1298
23.516285181	-1298
23.5181660652	543
23.5188381672	1460
23.5188920498	111
23.526638031	-1298
23.526717186	-1298
23.5282611847	543
23.5353031158	543
23.537307024	-1420
23.537322998	-1176
23.5373690128	-1298
23.5375170708	543
23.541793108	-1298
23.559210062	543
23.5682411194	-393
23.6154551506	1460
23.6209731102	111
23.6312971115	1460
23.6313710213	111
23.6416180134	543
23.6421160698	543
23.649118185	543
23.6965851784	-1057
23.8105289936	-1420
23.8105471134	-1420
23.810614109	-1054
23.840788126	-1298
23.8638730049	-1420
23.8638911247	-1176
23.8639481068	-1298
23.864109993	543
23.8702011108	-311
23.8907680511	-1420
23.8908240795	-1176
23.9158961773	-1298
23.9494822025	-1298
23.9757740498	-1298
23.9867842197	-543
23.9893651009	-1420
23.9893732071	-1176
23.9894440174	-1298
23.989880085	1057
23.9923541546	543
23.9984111786	-41
24.0049850941	-1057
24.0086481571	-1420
24.0086941719	-1176
24.0292801857	-1298
24.1368391514	-276
24.1488530636	1057
24.2649509907	-1057
24.3361260891	-586
24.4178950787	-1420
24.4179120064	-1176
24.4187450409	-1031
24.5865252018	-1420
24.5865430832	-151
24.6186881065	1057
24.7775280476	-543
25.151638031	1460
25.1517210007	625
25.1658182144	-1057
25.1666350365	1057
25.1673049927	543
25.1754829884	543
25.2213120461	-1298
25.235170126	-1420
25.2352352142	-1176
25.2352399826	-1298
25.2628982067	-1298
25.264975071	543
25.265666008	1460
25.2657251358	111
25.2892839909	-1298
25.289481163	543
25.2936041355	-125
25.4344480038	-543
25.4346711636	543
25.6177771091	-1420
25.6177930832	-1420
25.617839098	-787
25.7751061916	-1420
25.7751560211	-1176
25.7763440609	-1031
25.8895890713	586
25.9043591022	-543
25.9325931072	-1420
25.9326181412	-1176
25.9693510532	-1298
26.0302550793	-1298
26.0320820808	-35
26.0324010849	1460
26.0324501991	625
26.0755541325	-1298
26.1275241375	-1298
26.1275382042	-1298
26.1293911934	-1298
26.1603820324	-6
26.1605920792	543
26.2114901543	-1420
26.2115080357	-1176
26.2756481171	-1298
26.2758111954	543
26.2892091274	-276
26.2907001972	-1420
26.2907440662	-1176
26.3023951054	-1298
26.3207621574	-1420
26.3207790852	-1176
26.3209550381	-1298
26.4172170162	-1095
26.4291191101	-1420
26.4291410446	-1176
26.4715330601	-1420
26.4715521336	-1176
26.5084199905	-1420
26.5084471703	-1176
26.5084910393	-1298
26.5474619865	-253
26.5505461693	-1420
26.5505521297	-1176
26.5874631405	-1420
26.5874791145	-1176
26.5886080265	543
26.6274321079	-1420
26.6274490356	-1176
26.6274881363	-1298
26.6623690128	-1298
26.6754000187	-526
26.6945331097	-1420
26.6945900917	-1176
26.7070140839	-1420
26.7070791721	-1420
26.7070841789	-1054
26.7164540291	-1298
26.7269010544	-1420
26.7269480228	-1176
26.7351641655	-1420
26.7352371216	-1176
26.7352399826	-1298
26.7440311909	-1420
26.744038105	-1176
26.7527930737	-1298
26.7529292107	543
26.7643170357	-1420
26.7643330097	-1176
26.7643761635	-1298
26.7889630795	-1420
26.7890231609	-1420
26.789026022	-1054
26.7891910076	543
26.8214151859	-1298
26.8224561214	-332
26.8499321938	-1298
26.8836741447	-1420
26.8837320805	-1176
26.8910830021	543
26.9227561951	-1420
26.9228241444	-1176
26.9228291512	-1298
26.9585189819	-1298
26.9780561924	-282
26.9936580658	-1420
26.9936749935	-1176
27.0308041573	-1298
27.0653591156	-1420
27.0654051304	-1176
27.0655281544	-1298
27.102460146	-1298
27.1026132107	543
27.1211781502	-282
27.140805006	-1420
27.1408700943	-1176
27.1730751991	-1298
27.210996151	-1420
27.2110140324	-1420
27.2110509872	-1054
27.238186121	-1298
27.2500071526	-1420
27.2500290871	-1176
27.2591710091	-1298
27.2690432072	-587
27.2760441303	-1420
27.2760519981	-1176
27.2767541409	543
27.2773060799	543
27.2861020565	-1298
27.2939610481	-1298
27.3038380146	-1420
27.3038511276	-1176
27.3044550419	543
27.3144500256	-1298
27.3227071762	-1298
27.3973081112	-1156
27.5651781559	-1057
27.572191	543
27.7090220451	-543
27.7184801102	543
27.8368721008	-543
28.1099259853	-1420
28.1099860668	-1420
28.1100041866	-787
28.2378540039	-543
28.5719370842	-543
28.7599961758	-543
29.5587210655	543
29.5612521172	543
29.5858471394	1057
29.5870981216	1460
29.5871651173	1139
29.5878231525	1057
29.8574790955	-543
29.9818980694	-1298
29.9878439903	-302
29.989495039	1057
29.9903960228	543
30.1159310341	-1057
30.1161360741	1057
30.3617231846	-543
30.3619160652	543
30.4314661026	-1420
30.431483984	-1176
30.4514660835	-1298
30.453204155	-1420
30.4532539845	-1176
30.4538040161	-1298
30.4567492008	543
30.45697999	1460
30.4570240974	625
30.4905080795	-1066
30.4943971634	543
30.4988820553	543
30.6122541428	-1420
30.6122732162	-1176
30.6183140278	-517
30.6194701195	543
30.7464411259	-543
30.8744740486	-543
30.9377450943	-1298
31.0443429947	-1298
31.0543270111	-633
31.0554490089	1057
31.1825342178	-543
31.1829600334	543
31.3605041504	-1298
31.3641200066	-845
31.411850214	543
31.4224162102	1057
31.4797301292	-1298
31.4919881821	-787
31.6546671391	-543
31.6548640728	543
32.0862421989	-1420
32.086258173	-1420
32.0862951279	-787
32.0954680443	-1420
32.0955140591	-1176
32.1201131344	-1420
32.120164156	-1176
32.1529281139	-1420
32.1529769897	-1176
32.2139861584	-9
32.2169260979	543
32.2216629982	1057
32.4827291965	-543
32.5893981457	1057
32.6213691235	-1420
32.6214191914	-1176
32.6356921196	-1420
32.6357300282	-1176
32.6641190052	-520
32.6819181442	1057
32.8978090286	543
33.0174942017	228
33.0402581692	-1420
33.0402700901	-1420
33.0403211117	-787
33.0404551029	543
33.041877985	-1420
33.0418841839	-1176
33.0442540646	-1298
33.0443530083	543
33.0468699932	-1420
33.0468761921	-1176
33.0470290184	-1298
33.1411061287	-751
33.1416630745	126
33.1683301926	-1420
33.1683840752	-189
33.2012751102	1057
33.2249720097	-543
33.2651669979	-51
33.271212101	38
33.3037080765	543
33.3942301273	-1420
33.3942511082	-98
33.3946840763	1057
33.4683852196	-1420
33.4684021473	-1420
33.468444109	-787
33.4695620537	-1420
33.4696221352	-1176
33.4714810848	-1298
33.4741551876	-1420
33.4741621017	-1176
33.4741950035	-1298
33.5144991875	-1420
33.5145289898	-1176
33.5152411461	-1298
33.5190601349	-543
33.5193920135	543
33.5970101357	-1420
33.5970430374	-1176
33.5978450775	-288
33.5979511738	543
33.6168169975	1460
33.6169161797	111
33.6945509911	-1298
33.7260429859	-787
33.7262899876	543
33.7625260353	-543
33.7629261017	543
34.1062991619	-1420
34.1063230038	-151
34.1156311035	1057
34.1578531265	-543
34.1592800617	1460
34.1620221138	1139
34.4952960014	-543
34.6687271595	-1057
34.6720881462	1057
34.9933590889	-543
34.9937300682	543
35.0174710751	-543
35.1154150963	-1368
35.115732193	543
35.1160531044	543
35.1161739826	-804
35.1164870262	543
35.1167759895	543
35.5673830509	-543
35.5869951248	-1420
35.5870661736	-1316
35.587074995	-1368
35.6994349957	-1368
35.6994521618	-1368
35.7090401649	-986
35.7459881306	-1420
35.7460541725	-1316
35.7462232113	-1368
35.7478270531	-1368
35.7479200363	-1368
35.748842001	-1368
35.7522501945	543
35.7556011677	543
35.7559440136	543
35.7567231655	543
35.8311560154	-219
35.8349130154	-1368
35.8731620312	-1420
35.8731770515	-1316
35.8734819889	-1368
35.8734850883	-1368
35.8883700371	543
35.888764143	543
35.8910131454	543
35.9569411278	-1102
35.9610600471	543
35.9617381096	543
36.002407074	-1368
36.0025041103	-1368
36.0025510788	-1368
36.0840229988	-95
36.087116003	-1368
36.1965072155	-1057
36.1977171898	543
36.2058742046	-203
36.2093741894	543
36.2100791931	543
36.318598032	-1420
36.3186230659	-1316
36.3186671734	-1368
36.3279461861	-1152
36.3842730522	-1420
36.3842790127	-1316
36.3843500614	-1368
36.3864581585	-1368
36.4899051189	-269
36.4976451397	1057
36.4982721806	543
36.5101771355	543
36.5387530327	-1368
36.5388600826	543
36.611880064	-804
36.7419271469	-543
36.7442760468	543
36.9036171436	-543
36.9075670242	1460
36.9076461792	111
36.9082682133	543
36.90883708	543
36.9931480885	-1420
36.9931540489	-1420
36.9932022095	-1264
36.9933121204	543
36.9955780506	-1420
36.9955921173	-1316
36.9958081245	-1368
37.0303230286	-1218
37.0304350853	543
37.0563640594	-1368
37.1527700424	-203
37.1531600952	543
37.1885740757	-1368
37.1888310909	543
37.1890990734	543
37.2746870518	-261
37.2860090733	-1368
37.3975241184	-717
37.3981711864	543
37.3999660015	1057
37.5195581913	-543
37.6111850739	-1368
37.6130661964	543
37.6242320538	-1368
37.6244711876	543
37.680822134	-493
37.6810572147	543
37.6894512177	543
37.8028252125	-543
37.899969101	-1368
37.8999891281	-1420
37.9000251293	-1316
37.9187531471	-1368
37.9187791348	-1368
37.9207780361	-1368
37.9209032059	-722
