0	543
0.828874111176	-543
1.87152004242	-543
2.08869194984	543
2.12185096741	543
2.51661396027	-543
2.83144807816	-1420
2.8315179348	-1420
2.83155798912	-787
2.86354207993	543
2.88772201538	543
2.97190093994	-1057
2.98803710938	543
2.98839712143	543
3.00079512596	-1420
3.00081706047	-1420
3.00085306168	-1330
3.01801395416	543
3.04166102409	-1420
3.04167890549	-1420
3.04173398018	-787
3.06609010696	543
3.06644392014	543
3.10966205597	543
3.17907500267	-543
3.18509507179	-1420
3.18513703346	-151
3.30086302757	-1420
3.30093002319	-665
3.41554713249	-543
3.4224550724	1460
3.42250490189	1139
3.51376605034	-1420
3.51378393173	-1420
3.51383900642	-1420
3.51384305954	-453
3.51412296295	543
3.54346704483	-1420
3.54349112511	-1420
3.54352712631	-787
3.56023097038	-543
3.57295203209	-1420
3.57296609879	-1179
3.68339300156	-1420
3.68341112137	-209
3.68426203728	-1420
3.68426704407	-1420
3.68430709839	-787
3.68614697456	-1368
3.68626689911	-1420
3.6862719059	-839
3.68812012672	-1420
3.68812704086	-1420
3.68815898895	-1185
3.68894600868	-1420
3.68897008896	-325
3.75929307938	-1420
3.759319067	-151
3.77227306366	-1420
3.77227902412	-151
3.7725789547	-1420
3.77258300781	-151
3.77759790421	543
3.85308599472	-1420
3.85310196877	-151
3.86176800728	-1420
3.86177492142	-1420
3.86181712151	-1330
3.93631005287	-543
3.96186494827	-1420
3.96188306808	-1420
3.96193695068	-273
3.96338605881	543
3.96368098259	543
3.96416211128	543
3.96444392204	543
3.96494197845	543
3.96510410309	543
3.96561694145	543
3.97050189972	543
3.97102093697	543
3.97119307518	543
3.97164297104	543
3.97183513641	543
4.3809030056	-543
4.55571103096	-1420
4.55576395988	-209
4.56184411049	-1420
4.56191301346	-1420
4.56194996834	-845
4.56497192383	-1420
4.56504702568	-1420
4.56508302689	-1420
4.56511712074	-424
4.58691811562	-1420
4.58698296547	-1316
4.58701992035	-1420
4.58705592155	-14
4.72418212891	-1057
4.7584130764	-1420
4.75848412514	-1420
4.75848913193	-787
4.89562797546	-1057
5.03311800957	-1057
5.04450297356	-543
5.17042303085	-1057
5.17104792595	1460
5.1710999012	1460
5.17114496231	1161
5.17122006416	1460
5.17128396034	1460
5.17131996155	1161
5.17139601707	1460
5.17143297195	745
5.25015306473	1460
5.250248909	111
5.28397607803	1057
5.28535699844	1057
5.43528699875	-1420
5.43530297279	-1420
5.43535995483	-787
5.43549799919	543
5.43566393852	-1420
5.43566703796	-1420
5.43571400642	-787
5.44532394409	-1420
5.4453830719	-1420
5.44538807869	-1330
5.4459810257	-543
5.44618201256	-1420
5.44621610641	-1420
5.44621801376	-787
5.44700407982	-1420
5.44700908661	-1316
5.44707202911	-1420
5.44707512856	-557
5.52601099014	-1420
5.52602791786	-1420
5.52606296539	-787
5.52728104591	-1420
5.52732610703	-1420
5.52732896805	-1330
5.52746200562	543
5.52813196182	-1420
5.52813696861	-1208
5.53568196297	-1420
5.53569102287	-1420
5.53573608398	-787
5.53652000427	-1420
5.53656411171	-1420
5.53656601906	-787
5.53913211823	-1420
5.53914213181	-1316
5.53928208351	-1420
5.53928613663	-14
5.62105512619	-1420
5.62107300758	-1420
5.6211271286	-1330
5.62665891647	-1420
5.6267209053	-1420
5.62672495842	-1420
5.62675905228	-453
5.62842798233	-1420
5.62846899033	-1420
5.62847208977	-787
5.62857794762	543
5.63153791428	-1420
5.63154411316	-694
5.63164997101	543
5.63240408897	-1420
5.63240909576	-1420
5.63244795799	-787
5.63341903687	-1420
5.63347005844	-1179
5.70576810837	-1420
5.70578694344	-1420
5.70585203171	-787
5.70595598221	-1420
5.70600295067	-1420
5.70600605011	-787
5.70704197884	-1420
5.70704698563	-1420
5.70708703995	-1330
5.71628499031	-1420
5.71629691124	-1420
5.71634292603	-1330
5.71652412415	543
5.7187359333	-1420
5.71874094009	-1420
5.71878194809	-1420
5.71878504753	-453
5.71953010559	-1420
5.71953392029	-1420
5.71957302094	-787
5.81753492355	-1420
5.81755304337	-1420
5.81760597229	-1330
5.82012104988	-1420
5.82012701035	-1316
5.82021212578	-1420
5.82021594048	-14
5.82229399681	-1420
5.82229995728	-1420
5.8223400116	-1420
5.82234311104	-453
5.83503293991	-1420
5.83504796028	-1420
5.83509993553	-787
5.83569312096	-1420
5.83569812775	-1420
5.83573913574	-1330
5.83586907387	543
5.83599305153	543
5.83758592606	-1420
5.83759307861	-1420
5.83765292168	-1330
5.90847492218	-1420
5.90849900246	-1316
5.90856003761	-1420
5.90856409073	-557
5.91004800797	-1420
5.91005396843	-1420
5.91009402275	-787
5.91259098053	-1420
5.91259598732	-1420
5.91263508797	-1330
5.93072104454	-1420
5.93073701859	-1420
5.93078994751	-1330
5.93369007111	-1420
5.93369603157	-1420
5.93373394012	-1420
5.93373703957	-453
5.93387103081	543
5.93496513367	-1420
5.93496990204	-1420
5.93500900269	-787
6.00050210953	543
6.00367999077	-1420
6.00368905067	-1420
6.00373005867	-1330
6.0070939064	-1420
6.00709891319	-1420
6.00713896751	-1330
6.00915002823	-1420
6.00915598869	-1420
6.00920510292	-1420
6.00920796394	-453
6.03227806091	-1420
6.03230595589	-1420
6.03235507011	-787
6.03499913216	-1420
6.03500699997	-1420
6.03504896164	-1330
6.03520011902	543
6.03637695312	-1368
6.03646802902	-1420
6.0364921093	-1316
6.03662109375	-66
6.03672409058	543
6.07369709015	-1420
6.07371306419	-1420
6.07377505302	-1420
6.07377791405	-453
6.13686609268	-1420
6.1368830204	-1420
6.13694500923	-787
6.14056491852	-1420
6.14062905312	-1420
6.14063310623	-1330
6.14169502258	-1368
6.14174795151	-1368
6.14187002182	-1420
6.14187407494	-14
6.15906405449	-1420
6.15908312798	-1420
6.15913701057	-1420
6.15914011002	-453
6.16318106651	543
6.16769003868	-1420
6.16770505905	-1420
6.1677570343	-787
6.16889095306	-1420
6.16892910004	-1420
6.16893291473	-1330
6.2521250248	-1420
6.25214099884	-1420
6.252202034	-1330
6.25252890587	-1420
6.25258612633	-1420
6.25258803368	-1420
6.25262212753	-453
6.25308609009	-1420
6.25308895111	-1420
6.25308990479	-787
6.25382494926	-1420
6.25382900238	-1420
6.25382995605	-1330
6.25930690765	-1420
6.259319067	-1316
6.25936603546	-1420
6.2593691349	-14
6.25951910019	543
6.25963401794	543
6.2602519989	-1420
6.26025605202	-1420
6.26029396057	-1330
6.26086401939	-1420
6.26090502739	-1420
6.26090812683	-1241
6.29539608955	-1420
6.29541110992	-1420
6.29544711113	-1330
6.34576010704	-1420
6.34577798843	-1420
6.34583210945	-1330
6.34680104256	-1420
6.34680604935	-1420
6.34684705734	-1330
6.34788608551	-1420
6.3478910923	-1420
6.3479309082	-1330
6.34809803963	543
6.34905695915	-1368
6.34917092323	-1420
6.349214077	-1382
6.35481500626	-1368
6.3549079895	-1420
6.35491204262	-1382
6.35608005524	-1420
6.35608506203	-1420
6.35612392426	-876
6.37088394165	-1420
6.37094807625	-1420
6.37095212936	-1241
6.38726902008	-1420
6.38728404045	-1420
6.38734197617	-1330
6.43251490593	-89
6.43668198586	-1420
6.43670392036	-1420
6.43673610687	-1241
6.4369699955	543
6.43757891655	-1420
6.43758511543	-1316
6.43760704994	-1420
6.43760991096	-14
6.43776512146	543
6.43831992149	-1420
6.43832993507	-1420
6.4384059906	-1330
6.44240498543	-1420
6.44246196747	-1420
6.44246506691	-1330
6.44383311272	-1420
6.44383907318	-1420
6.44388008118	-1330
6.44549608231	-1368
6.44564890862	-1420
6.44566202164	-1382
6.44604492188	543
6.45779395103	543
6.46643996239	-1420
6.46644902229	-1420
6.4664940834	-876
6.46806406975	-543
6.47642993927	-1420
6.47648310661	-1316
6.4764881134	-1345
6.47929692268	543
6.47957897186	543
6.48007798195	543
6.48036193848	543
6.48096990585	543
6.48760795593	543
6.53706002235	-1420
6.53707695007	-1420
6.53713798523	-1330
6.53785896301	-1420
6.53789806366	-1420
6.53790211678	-1330
6.53872299194	-1420
6.53872704506	-1420
6.53872799873	-1330
6.54764699936	-1420
6.54765510559	-1420
6.54769897461	-1330
6.55379700661	-1420
6.55383992195	-1420
6.55384302139	-1419
6.58044695854	-1420
6.58046102524	-1420
6.58051300049	-787
6.59650707245	-1420
6.59656405449	-1420
6.59656691551	-1241
6.59673094749	1057
6.6180961132	-89
6.66614603996	-1420
6.66616010666	-1316
6.66619801521	-1345
6.66717004776	-1420
6.66717600822	-1420
6.66721796989	-1330
6.66732406616	-1420
6.66736292839	-1420
6.66736602783	-362
6.67240309715	-1420
6.67240905762	-1420
6.67244911194	-1241
6.67418599129	-1420
6.67419099808	-1420
6.6742310524	-1330
6.6753180027	-1420
6.67532300949	-1420
6.67536497116	-1330
6.67730903625	-1420
6.67731308937	-1420
6.67736411095	-1330
6.69395494461	-1420
6.69397306442	-1420
6.6940279007	-876
6.69636797905	-1420
6.69640898705	-1420
6.69641208649	-1241
6.7006380558	543
6.75759005547	-1420
6.75760602951	-1420
6.7576520443	-1330
6.75831794739	-1420
6.75836205482	-1420
6.75836491585	-1330
6.75932908058	-1420
6.75933408737	-1420
6.75937604904	-1330
6.76007795334	-1420
6.76012992859	-1420
6.76013302803	-1330
6.76026201248	543
6.76480197906	-1420
6.76482105255	-1316
6.7648870945	-1420
6.76488995552	-14
6.76558899879	-1420
6.76559495926	-1420
6.76563596725	-1330
6.76700496674	-1420
6.76704597473	-1420
6.7670481205	-876
6.76836109161	543
6.77519798279	-1420
6.77520394325	-1420
6.77524495125	-1241
6.78491592407	-1420
6.78496909142	-1420
6.78497290611	-1330
6.84616398811	-1420
6.84618091583	-1420
6.84623503685	-1330
6.84671401978	-1420
6.84674596786	-1316
6.84678506851	-1420
6.84681510925	-14
6.84762096405	-1368
6.84789204597	-1368
6.84793591499	-1420
6.84793901443	-14
6.84836602211	-1420
6.8483710289	-1420
6.84841513634	-1330
6.85366511345	-1420
6.85370898247	-1420
6.85371208191	-1330
6.85595202446	-1420
6.85595703125	-1420
6.85598707199	-1330
6.85746407509	-1420
6.85751795769	-1420
6.85752105713	-876
6.85920095444	-1420
6.85920500755	-1420
6.85924196243	-1241
6.86771011353	543
6.87490010262	-1420
6.87491393089	-1316
6.87495803833	-1420
6.87495994568	-14
6.87748908997	-1420
6.87749505043	-1420
6.87753891945	-1330
6.88220095634	543
6.93681693077	-1420
6.93683409691	-1420
6.93689513206	-1330
6.93731212616	-1420
6.93736410141	-1420
6.93736696243	-1330
6.93822002411	-1420
6.93822598457	-1420
6.93825793266	-1330
6.94436311722	-1420
6.944409132	-1420
6.94441199303	-1330
6.94564199448	-1420
6.94564700127	-1420
6.94568800926	-876
6.94577002525	543
6.94744992256	-1420
6.94746303558	-1420
6.94751191139	-1241
6.94871497154	-1420
6.94879603386	-1316
6.9487991333	-1420
6.94883394241	-14
6.94905805588	-1420
6.94910001755	-1420
6.94910407066	-1330
6.96856212616	-1420
6.96858310699	-1420
6.96862411499	-1330
6.96920013428	-1420
6.96925091743	-1420
6.96925401688	-1330
6.96938610077	543
7.00753498077	543
7.02971100807	-1420
7.02972412109	-1420
7.02979493141	-1330
7.02995705605	543
7.03037691116	-1420
7.03040599823	-1316
7.03045606613	-1420
7.03045892715	-14
7.0311191082	-1420
7.03112411499	-1420
7.0311820507	-1330
7.0362329483	-1420
7.03628611565	-1420
7.03628993034	-876
7.03683400154	-1420
7.03683710098	-1420
7.03687500954	-787
7.03894996643	-1420
7.0389881134	-1420
7.03899097443	-1241
7.03966712952	-1420
7.03966999054	-1420
7.03967213631	-1330
7.04056596756	-1420
7.04057908058	-1420
7.04058003426	-1330
7.04195594788	543
7.05881094933	-1420
7.05882096291	-1420
7.05887413025	-1330
7.06072807312	-1420
7.06077504158	-1420
7.0607779026	-1330
7.12030410767	-1420
7.12031793594	-1420
7.12036895752	-1330
7.1211271286	-1420
7.12117910385	-1420
7.12118196487	-1330
7.12229204178	-1420
7.12229704857	-1420
7.1223359108	-876
7.12761211395	1057
7.12832307816	-1368
7.12869405746	-1420
7.12874603271	-1293
7.12874913216	-543
7.12983798981	-1420
7.12988090515	-1420
7.12988495827	-1330
7.13120913506	-1420
7.13121509552	-1316
7.13146805763	-1420
7.13147306442	-14
7.13257813454	-1420
7.13258290291	-1420
7.132625103	-1330
7.1337249279	-1420
7.13374710083	-1420
7.13374996185	-1264
7.1337659359	-66
7.13759112358	543
7.13942193985	543
7.14821004868	543
7.14833593369	-1420
7.14834094048	-1420
7.14838600159	-1330
7.14854097366	543
7.15243911743	-1420
7.15244293213	-1420
7.15249109268	-1330
7.2098069191	-1420
7.20982408524	-1420
7.20988607407	-876
7.20994901657	-1420
7.20998907089	-1420
7.20999193192	-1241
7.21024608612	-1420
7.21024894714	-1316
7.21047496796	-1420
7.21047902107	-1420
7.21048903465	-1420
7.210490942	-1344
7.21747899055	-1420
7.21748590469	-1420
7.21748709679	-1330
7.21789002419	543
7.2180390358	-1420
7.21804594994	-1420
7.21810507774	-1330
7.21951794624	543
7.22030305862	-1420
7.22030901909	-1420
7.22033309937	-1330
7.22053909302	-1420
7.2205619812	-1316
7.22062706947	-1420
7.22064900398	-14
7.23611402512	-1420
7.23618912697	-1420
7.23619198799	-1330
7.2362370491	-1368
7.23628497124	-1420
7.2363049984	-928
7.23996591568	-1420
7.24001002312	-1420
7.24001407623	-1241
7.27516293526	-89
7.30080699921	-1420
7.30088090897	-1420
7.30088496208	-1241
7.30105304718	-1420
7.3010559082	-1420
7.30109095573	-1330
7.30179691315	-1420
7.30183506012	-1420
7.30183792114	-1330
7.30244493484	-1420
7.30244803429	-1420
7.30244898796	-1330
7.3063659668	-1420
7.30637001991	-1420
7.30637097359	-876
7.30744409561	-1420
7.30745005608	-1420
7.30747509003	-1241
7.31237602234	-1420
7.31242895126	-1420
7.3124320507	-876
7.31293010712	-1368
7.3130979538	-1420
7.31314492226	-1293
7.31766891479	1057
7.32766604424	-1420
7.3276720047	-1420
7.32771396637	-1330
7.32814407349	-1420
7.32819104195	-1420
7.3281929493	-1330
7.33156490326	-1420
7.33156895638	-1420
7.33156991005	-1330
7.33225011826	-1420
7.33225393295	-1420
7.33225512505	-1330
7.33780312538	543
7.3921289444	-1420
7.39214706421	-1316
7.39220309258	-1420
7.39221596718	-14
7.39226412773	-1420
7.39227604866	-1316
7.39234995842	-1420
7.39235305786	-14
7.39297699928	-1420
7.39298200607	-1420
7.39302301407	-876
7.39664101601	-1420
7.39669513702	-1420
7.39669799805	-787
7.39715909958	-1420
7.39716506004	-1420
7.39716601372	-1241
7.39879512787	543
7.40070605278	-1420
7.40071296692	-1420
7.40075707436	-1330
7.40171790123	-1420
7.40175890923	-1420
7.40176296234	-1330
7.40290594101	-1420
7.40292000771	-1316
7.40298199654	-1420
7.40298509598	-14
7.42341804504	-1420
7.42343211174	-1420
7.42348599434	-1330
7.42432403564	-1420
7.4243710041	-1420
7.42437410355	-1330
7.42766690254	543
7.42778491974	543
7.42844700813	-1420
7.4284529686	-1420
7.42849206924	-1330
7.43262696266	-1420
7.43266892433	-1420
7.43267202377	-876
7.52365803719	-1420
7.52367091179	-1420
7.52372193336	-1241
7.52454590797	-1420
7.52459192276	-1420
7.5245950222	-1330
7.52577900887	-1420
7.52578401566	-1316
7.52598500252	-1420
7.52599000931	-14
7.53159594536	-1420
7.53160190582	-1316
7.53165102005	-1420
7.53165411949	-14
7.53265190125	-1420
7.53265690804	-1420
7.53269290924	-1330
7.53288507462	543
7.53304100037	543
7.53662204742	-1420
7.53662800789	-1420
7.53666996956	-1330
7.53756594658	-1420
7.5376200676	-1316
7.53762197495	-1420
7.53766012192	-14
7.53862905502	-1420
7.53868103027	-1316
7.53868412971	-1420
7.53872013092	-14
7.56900691986	-1420
7.56908011436	-1420
7.56908512115	-876
7.56939911842	-1420
7.56940293312	-1420
7.5694539547	-273
7.56960511208	543
7.57375097275	-1420
7.57375693321	-1420
7.57380008698	-787
7.57468390465	-1420
7.57472300529	-151
7.58079695702	-1420
7.5808429718	-1420
7.58084607124	-787
7.65765094757	-1420
7.65766811371	-1420
7.65772509575	-787
7.66004991531	-1420
7.6600959301	-1208
7.66243195534	-1420
7.66246390343	-1208
7.66348910332	-1420
7.66351413727	-1316
7.66361093521	-891
7.66445207596	-1420
7.66445708275	-1420
7.66449999809	-787
7.66654896736	-1420
7.6665930748	-1420
7.66659498215	-1330
7.6667239666	543
7.66683006287	543
7.66905498505	-1420
7.66906094551	-1420
7.66910099983	-816
7.7063999176	-543
8.32358908653	-1057
8.3481259346	1057
8.70334410667	-543
9.01752209663	-1420
9.01758790016	-1420
9.01762700081	-787
9.15461492538	-543
9.15810799599	543
9.16810798645	543
9.16833305359	543
9.52575612068	-543
9.76739406586	-543
9.99584913254	-1057
9.99697208405	543
10.0004880428	543
10.3246719837	-1420
10.3246889114	-1420
10.3247439861	-787
10.3697669506	-1420
10.3698179722	-1420
10.3698561192	-787
10.3715469837	-1420
10.3715901375	-1420
10.3716249466	-1264
10.420691967	543
10.5086960793	-609
10.6574981213	-543
10.6677620411	543
10.7319419384	1057
10.8177659512	543
10.911550045	-543
11.0003139973	543
11.0888140202	-1057
11.0890130997	543
11.0895650387	543
11.089951992	1057
11.1046700478	-1420
11.1046860218	-1420
11.1047389507	-1330
11.1079959869	543
11.242098093	-543
11.2439799309	543
11.4193980694	-1057
11.4377939701	543
11.5038869381	-1420
11.5039060116	-1420
11.5039629936	-787
11.5044140816	-1420
11.5044589043	-1420
11.5044620037	-787
11.5534789562	-1420
11.5534961224	-1420
11.5535519123	-1330
11.5536990166	543
11.5540521145	-1420
11.554058075	-1316
11.5540809631	-1420
11.5540831089	-14
11.5556020737	-1420
11.5556089878	-723
11.5559740067	-1420
11.5559790134	-1420
11.5560281277	-787
11.5572369099	-1420
11.557295084	-1420
11.557297945	-1330
11.64113307	-1420
11.6411519051	-1420
11.6412160397	-1420
11.6412189007	-1212
11.6412611008	-1368
11.6417219639	-1420
11.6417751312	-1420
11.6417860985	-1264
11.6418220997	-1420
11.6418249607	-1316
11.6419401169	543
11.6906909943	-1420
11.6907191277	-1420
11.6907820702	-1420
11.6907861233	-1212
11.6908221245	-1420
11.6908240318	-1316
11.6913650036	-1420
11.6913700104	-1420
11.6914470196	-1264
11.691450119	-1420
11.6914861202	-1316
11.6914880276	-1368
11.6916069984	543
11.6928429604	-1420
11.6928479671	-1420
11.6928899288	-1264
11.6932339668	-1420
11.6932790279	-1280
11.693363905	543
11.6947181225	-1420
11.6947231293	-1420
11.6947650909	-273
11.6962080002	-1420
11.6962471008	-1420
11.6962490082	-273
11.6985180378	-1420
11.6985239983	-1420
11.6985640526	-273
11.700220108	-1368
11.7784969807	-1420
11.7785110474	-1420
11.7785661221	-1420
11.7785689831	-1420
11.7786030769	-1160
11.8002450466	543
11.8321239948	-675
11.9697840214	-543
12.2009019852	-1057
12.3381659985	-543
13.9780890942	1460
13.9781739712	1139
13.978564024	1057
13.9914901257	543
14.2451620102	-1420
14.24523592	-1420
14.2452800274	-1420
14.2453219891	-221
14.2454140186	-1420
14.2454581261	-839
14.3349819183	-1420
14.3350479603	-1420
14.3350849152	-787
14.3352410793	-1420
14.3352799416	-1420
14.3353130817	-1330
14.3355419636	543
14.3355789185	-1420
14.3355810642	-1420
14.3355820179	-816
14.3356571198	-1420
14.3356590271	-1420
14.3356590271	-273
14.3358409405	543
14.4253799915	-1420
14.425401926	-1420
14.4254689217	-787
14.4257481098	-1420
14.4257910252	-1420
14.4257941246	-787
14.4504950047	-1420
14.4505119324	-1420
14.4505729675	-1420
14.450576067	-453
14.451611042	543
14.5146090984	-1420
14.5146279335	-694
14.5151591301	-1420
14.5151641369	-1420
14.515196085	-787
14.5159699917	-1420
14.5160140991	-1420
14.5160169601	-787
14.5310020447	1057
14.5453119278	-1420
14.5453269482	-1420
14.5454030037	-1330
14.5469350815	-1420
14.54697299	-694
14.5492329597	1057
14.6135590076	-1420
14.6135771275	-1420
14.6136329174	-787
14.6142110825	-1420
14.61424613	-1316
14.6144161224	-891
14.614511013	543
14.6171429157	-1420
14.6171491146	-1420
14.61719203	-1330
14.6399760246	-1420
14.6400310993	-1420
14.640034914	-1330
14.686907053	-1086
14.6896190643	1057
14.7337961197	-1420
14.7338130474	-1420
14.73386693	-787
14.7339909077	543
14.7346959114	-1420
14.7347009182	-151
14.7365961075	543
14.7368459702	543
14.871696949	-1057
14.9706609249	543
15.0625219345	-1420
15.0625379086	-1420
15.0625970364	-787
15.0648488998	-1420
15.0648550987	-1420
15.0648980141	-787
15.0877330303	-1420
15.0877490044	-1420
15.0878031254	-1330
15.1002380848	-1420
15.1002531052	-1420
15.1003069878	-816
15.1005680561	-1420
15.1005721092	-1420
15.1006100178	-787
15.1799340248	-1420
15.1799519062	-1420
15.1800060272	-787
15.1801710129	543
15.1803231239	-1420
15.1803281307	-1420
15.1803739071	-1330
15.1809849739	-1420
15.1810290813	-1420
15.1810319424	-1330
15.2258639336	-1420
15.2258911133	-1420
15.2259271145	-1420
15.2259299755	-453
15.2269151211	-1420
15.2269210815	-1420
15.2269630432	-787
15.2914481163	-1420
15.2914669514	-1420
15.2915329933	-1330
15.2915360928	-1420
15.2915740013	-180
15.292014122	-1420
15.2920200825	-1420
15.2920620441	-273
15.2921500206	-1420
15.2921519279	-1420
15.29215312	-273
15.2923400402	543
15.2924530506	543
15.2989089489	-1368
15.2990260124	-1420
15.2990689278	-839
15.3158419132	-1420
15.3158969879	-1420
15.315901041	-273
15.3179039955	-1420
15.3179090023	-151
15.3199579716	-1420
15.3199629784	-1420
15.32000494	-787
15.367784977	543
15.4102649689	-1420
15.4102809429	-1420
15.4103360176	-1420
15.410337925	-453
15.4123361111	543
15.4178190231	1057
15.4809060097	-1420
15.4809339046	-180
15.4849739075	-1420
15.4849789143	-1420
15.4850261211	-787
15.494904995	543
15.5177440643	-1420
15.5177531242	-1420
15.5177989006	-1264
15.5179200172	-580
15.5324339867	543
15.5408480167	543
15.5410850048	543
15.6025140285	-1420
15.6025319099	-1420
15.6025869846	-787
15.6930699348	-543
15.7261450291	-1420
15.7261610031	-1420
15.7262160778	-787
15.7558989525	-1420
15.755918026	-180
15.7676169872	543
15.7780299187	543
15.7782480717	543
15.8086979389	543
15.8719420433	-1420
15.8719680309	-180
15.9127130508	-1420
15.9127309322	-209
15.9493539333	-543
16.0077331066	543
16.0355579853	-1420
16.0355780125	-180
16.0370059013	1460
16.0370731354	1460
16.0371201038	707
16.1898090839	-1057
16.1987891197	1460
16.1988620758	111
16.3366129398	-1086
16.3481469154	-1420
16.3482060432	-1420
16.34821105	-1420
16.3482561111	-424
16.3884050846	-1420
16.3884139061	-1420
16.3884580135	-787
16.3895499706	1057
16.3901779652	1057
16.4143619537	-1420
16.4143769741	-1420
16.4144349098	-1330
16.4146010876	1057
16.4775381088	-1420
16.4775569439	-1237
16.4781899452	-1420
16.4781959057	-1420
16.4782369137	-787
16.4862430096	-1420
16.4862930775	-1420
16.4862971306	-787
16.4976770878	-1420
16.4976890087	-1420
16.497740984	-1330
16.4979829788	-1420
16.4980270863	-694
16.4986050129	-1420
16.4986491203	-1420
16.4986519814	-787
16.5117580891	-1420
16.5117731094	-1420
16.511826992	-787
16.5176730156	543
16.518556118	543
16.5432670116	543
16.5522561073	-543
16.5992269516	-1420
16.5992400646	-1420
16.5992860794	-787
16.6004259586	-1420
16.6004331112	-1420
16.6004550457	-1330
16.6124339104	-1420
16.6124601364	-1237
16.613409996	-1420
16.6134159565	-1420
16.6134719849	-787
16.6292920113	-1420
16.6293070316	-1420
16.6293509007	-787
16.6296720505	-1420
16.6296770573	-1420
16.6297180653	-302
16.6298100948	-1420
16.6298420429	-151
16.6451170444	-1420
16.6451339722	-1420
16.6451900005	-273
16.6453559399	543
16.6718580723	-1420
16.6718840599	-151
16.6720349789	543
16.672162056	-1420
16.6721639633	-151
16.7239589691	-1420
16.7239749432	-1420
16.7240290642	-273
16.7250080109	-1420
16.7250609398	-1420
16.7250640392	-273
16.7369670868	-1420
16.7369790077	-1420
16.7370419502	-787
16.7374010086	-1420
16.7374539375	-1420
16.737457037	-302
16.7925469875	1460
16.7926549911	111
16.8281369209	-1420
16.8281531334	-1420
16.8282170296	-273
16.8369369507	1460
16.8370230198	111
16.8657369614	-1420
16.8657519817	-1420
16.8658180237	-1330
16.9864170551	-1420
16.9864339828	-1420
16.9864881039	-1330
16.9869039059	-1420
16.9869089127	-1420
16.9869511127	-787
16.9871549606	-1420
16.9871959686	-694
16.9876339436	-1420
16.9876730442	-1420
16.9876759052	-787
16.9879229069	-1420
16.9879250526	-1420
16.98792696	-1420
16.9879279137	-967
16.9881579876	-1420
16.9881620407	-151
16.988795042	-1420
16.9887990952	-1420
16.9888000488	-787
16.9892868996	543
16.9904460907	543
17.004447937	-1420
17.0044550896	-1420
17.0044970512	-787
17.1295499802	-1420
17.1295669079	-1420
17.1296029091	-1330
17.1298210621	543
17.1299431324	-1368
17.1301391125	-1420
17.1301820278	-868
17.1304209232	-1420
17.1304459572	-151
17.1307170391	-1420
17.1307389736	-151
17.1328480244	-1420
17.1328909397	-1420
17.1328940392	-273
17.1344161034	-1420
17.1344220638	-1420
17.1344621181	-787
17.1361241341	-1420
17.1361680031	-1420
17.1361711025	-787
17.1362690926	543
17.1376469135	-1420
17.1376519203	-1420
17.1376929283	-1330
17.1537780762	-1368
17.1538391113	-1231
17.1548500061	-1420
17.1548759937	-151
17.2014200687	-1420
17.2014350891	-1420
17.2014861107	-787
17.2028880119	-1420
17.2028939724	-1208
17.220856905	-1368
17.2208740711	-1420
17.2209150791	-839
17.221601963	-1420
17.2216079235	-1179
17.2231791019	-1420
17.2231850624	-1420
17.2232329845	-787
17.2234621048	-1420
17.2234680653	-1208
17.2235701084	543
17.3586070538	-1420
17.3586339951	-694
17.3679289818	1460
17.3679840565	111
17.3682870865	543
17.3938589096	-1420
17.3938751221	-1420
17.3939321041	-1420
17.3939349651	-76
17.3939700127	-891
17.394217968	-1420
17.394258976	-1420
17.3942620754	-787
17.394315958	543
17.4036331177	-1420
17.4036450386	-1420
17.4036979675	-1330
17.4314830303	1057
17.4853439331	-1420
17.4853730202	-180
17.4861960411	1057
17.5246450901	1057
17.7632050514	-1420
17.7632229328	-1420
17.7632861137	-787
17.7637619972	-1420
17.7638149261	-1420
17.7638180256	-787
17.7650399208	-1420
17.7650461197	-1420
17.7650859356	-1330
17.7678461075	-1420
17.7679030895	-1420
17.7679059505	-816
17.769133091	-1420
17.7691380978	-1420
17.7691879272	-787
17.7704079151	-1420
17.7704510689	-1420
17.7704539299	-787
17.7737181187	-1420
17.7737250328	-694
17.7738380432	543
17.7760739326	-1420
17.7760920525	-1420
17.7761230469	-787
17.7777540684	-1420
17.7777979374	-1420
17.7778010368	-787
17.7813029289	-1420
17.7813179493	-694
17.8520770073	-1420
17.8520929813	-1420
17.8521471024	-787
17.8523421288	-1420
17.8523840904	-1420
17.8523859978	-787
17.8529031277	-1420
17.8529081345	-694
17.8530061245	543
17.8533520699	-1420
17.8533570766	-1420
17.8534090519	-787
17.8536789417	-1420
17.8537220955	-1420
17.8537249565	-787
17.8538210392	543
17.8546659946	-1420
17.8546710014	-694
17.8553779125	-1420
17.8553829193	-151
17.8561630249	-1420
17.8561689854	-151
17.8568720818	-1420
17.8568770885	-151
17.8576049805	-1420
17.8576109409	-1420
17.8576309681	-273
17.880865097	-1420
17.8809409142	-1420
17.8809459209	-1330
17.8829181194	543
17.8978171349	543
17.9525151253	-1420
17.9525299072	-1420
17.9525849819	-1330
17.9534890652	-1420
17.9535341263	-1420
17.9535369873	-787
17.9535739422	-1420
17.953576088	-1420
17.9536120892	-1330
17.9541480541	-1368
17.9542860985	-1420
17.9542899132	-868
17.9552419186	543
17.9553649426	543
17.9558820724	-1420
17.9558880329	-1420
17.9559290409	-1330
17.9571590424	-1420
17.9572050571	-1420
17.9572079182	-787
17.9591610432	-1420
17.9591650963	-1316
17.9592280388	-1420
17.9592308998	-14
17.9597480297	-1368
17.9599320889	-1420
17.9599349499	-1382
17.9643480778	543
17.987942934	1460
17.9880299568	111
17.993350029	-1420
17.9933581352	-1420
17.9934260845	-1420
17.9934289455	-453
18.0907270908	-1420
18.0907449722	-1420
18.0908000469	-1420
18.0908029079	-424
18.0941419601	543
18.1258010864	-543
18.1276800632	543
18.3249409199	-1057
18.4502239227	-1420
18.4502420425	-1420
18.4502980709	-1330
18.4815649986	-1420
18.4815809727	-1420
18.4816360474	-1420
18.4816389084	-424
18.4890429974	-1420
18.4890539646	-1420
18.4891090393	-787
18.4903829098	-1420
18.4903891087	-180
18.4916849136	-1420
18.4916911125	-1420
18.4917321205	-787
18.4924790859	-1420
18.4924850464	-1420
18.4925270081	-787
18.4935669899	-1420
18.4935729504	-1420
18.493614912	-302
18.4937410355	543
18.494079113	-1420
18.4940829277	-1420
18.494120121	-787
18.4949579239	-1368
18.4951789379	-1420
18.495182991	-839
18.4965810776	-1420
18.496587038	-694
18.4971530437	-1420
18.4971590042	-1420
18.4971990585	-273
18.5379171371	543
18.5391719341	-1420
18.5391869545	-151
18.540170908	-1420
18.5401771069	-151
18.5402710438	543
18.540309906	-1420
18.5403130054	-151
18.5415329933	-1420
18.5415389538	-1420
18.5415799618	-302
18.5777440071	-1420
18.577794075	-151
18.5798530579	-1420
18.5798799992	-151
18.5815720558	-1368
18.5816879272	543
18.5817260742	-203
18.5833539963	-1420
18.5833790302	-151
18.5850510597	-1420
18.5850930214	-151
18.5867319107	-1420
18.5867729187	-151
18.5881919861	-1420
18.5882229805	-151
18.5901370049	-1420
18.590157032	-151
18.592042923	-1420
18.5920820236	-151
18.5939249992	-1420
18.5939509869	-151
18.5961689949	-1420
18.5962131023	-151
18.5982739925	-1420
18.5983099937	-151
18.6001420021	-1420
18.6001679897	-151
18.6015980244	-1420
18.601624012	-151
18.6029200554	-1420
18.6029510498	-151
18.6043760777	-1420
18.6044170856	-151
18.6056361198	-1420
18.6056759357	-151
18.6067800522	-1420
18.6068170071	-151
18.6254050732	543
18.6405799389	543
18.641053915	543
18.6412520409	543
18.6437170506	-1420
18.643723011	-1420
18.6437671185	-787
18.6466629505	-1420
18.6467030048	-1420
18.6467061043	-787
18.6468439102	543
18.6629989147	-1420
18.6630110741	-1316
18.6630511284	-1420
18.6630539894	-14
18.6684961319	-1420
18.668503046	-1420
18.6685550213	-816
18.672809124	-1420
18.672866106	-1420
18.6728699207	-787
18.6735229492	543
18.6772179604	-1420
18.6772229671	-1420
18.6772639751	-787
18.6869630814	-1420
18.6870119572	-694
18.6898829937	-1420
18.6899340153	-1420
18.6899371147	-787
18.690046072	543
18.6920030117	-1420
18.6920089722	-1420
18.6920499802	-787
18.6949620247	-1368
18.6950979233	-1420
18.6951019764	-1382
18.6980469227	-1420
18.6980700493	-1420
18.6981310844	-1330
18.7212650776	-1420
18.7213289738	-1420
18.7213330269	-1420
18.7213580608	-453
18.7220509052	-1368
18.722151041	-1420
18.7221529484	-839
18.7522749901	-1420
18.7522881031	-1420
18.7523469925	-816
18.7779769897	1460
18.7780580521	111
18.7810909748	-1057
18.7879309654	543
18.872797966	-1420
18.8728160858	-1420
18.8728699684	-1330
18.8732271194	-1420
18.8732709885	-1420
18.8732731342	-1420
18.8733150959	-424
18.8746271133	-1420
18.8746669292	-1420
18.8746700287	-1420
18.8746869564	-424
18.8749320507	-1368
18.8751599789	-1231
18.8770871162	-1420
18.877092123	-1420
18.8771240711	-787
18.877202034	1057
18.8777010441	-1420
18.8777070045	-1420
18.8777470589	-787
18.8788020611	-1420
18.8788371086	-694
18.8792660236	-1420
18.879306078	-1420
18.879308939	-787
18.8795750141	-1420
18.8795781136	-1420
18.8796160221	-787
18.8801999092	-1420
18.8802039623	-694
18.8803739548	-1420
18.8803780079	-151
18.8806049824	-1420
18.8806080818	-151
18.880751133	-1420
18.880753994	-151
18.8809790611	-1420
18.8809831142	-151
18.9638171196	-1420
18.9638330936	-1420
18.963889122	-273
18.963891983	-1420
18.9639470577	-151
18.9640130997	-1420
18.9640510082	-1420
18.9640529156	-273
18.9643530846	-1420
18.9643568993	-151
18.9645879269	-1420
18.96459198	-151
18.9648220539	-1420
18.964826107	-1420
18.9648270607	-273
18.9654870033	-1420
18.9654989243	-1420
18.96550107	-1420
18.9655020237	-424
18.9661200047	-1420
18.9661231041	-1316
18.9662029743	-1420
18.9662051201	-14
18.967592001	-1420
18.9675960541	-1420
18.9675970078	-787
18.9677670002	-1420
18.9677700996	-1420
18.9677710533	-787
18.9696309566	543
18.9699649811	1057
19.0100419521	-1420
19.0100579262	-1420
19.0101099014	-1330
19.0556099415	-543
19.0950260162	-1420
19.0950419903	-1420
19.0950989723	-1330
19.0952239037	-1420
19.0952720642	-1420
19.0952749252	-787
19.104336977	-1420
19.1043539047	-1420
19.1044139862	-1330
19.1116421223	-1420
19.1116480827	-1420
19.1116900444	-816
19.112349987	-1420
19.1123929024	-1420
19.1123950481	-787
19.11281991	-1420
19.1128230095	-1179
19.1142139435	-1420
19.1142179966	-151
19.1144239902	543
19.1146550179	-1420
19.1146600246	-1420
19.1146991253	-787
19.2038209438	-1420
19.2038400173	-723
19.2278220654	1460
19.2279081345	111
19.2483201027	1460
19.2484099865	111
19.2754030228	543
19.2824060917	543
19.3370060921	-1420
19.3370220661	-151
19.429764986	-1368
19.4297840595	-1231
19.6312360764	-1420
19.6312539577	-1420
19.6313159466	-787
19.6314530373	543
19.6331920624	-1420
19.6331980228	-1420
19.6332471371	-787
19.6358320713	-1420
19.6358759403	-1420
19.6358790398	-1330
19.6380491257	-1420
19.6380589008	-1316
19.6382060051	-1420
19.6382200718	-14
19.6383550167	543
19.6407330036	-1420
19.6407380104	-1420
19.6407709122	-1264
19.6407730579	-609
19.641685009	-1420
19.6416909695	-665
19.6540930271	-1420
19.6541090012	-151
19.7263200283	-1420
19.7263379097	-1179
19.7265911102	-1420
19.726596117	-151
19.7271559238	-1420
19.7271609306	-1420
19.7272031307	-273
19.7279269695	-1420
19.7279729843	-1420
19.7279760838	-787
19.7284660339	-1420
19.7284719944	-1420
19.7285249233	-1330
19.7290630341	-1420
19.7290980816	-151
19.7293670177	-1420
19.7294130325	-1420
19.7294149399	-273
19.729624033	-1420
19.7296280861	-151
19.7298300266	-1420
19.7298340797	-151
19.7300140858	-1420
19.7300169468	-151
19.7304520607	-1420
19.7304561138	-151
19.7306361198	-1420
19.7306399345	-151
19.7308340073	-1420
19.7308371067	-151
19.7310531139	-1420
19.7310569286	-151
19.7312810421	-1420
19.7312850952	-151
19.7316861153	-1420
19.73168993	-151
19.7321519852	-1420
19.732156992	-151
19.7326231003	-1420
19.732626915	-151
19.7328710556	-1420
19.7328751087	-151
19.7330229282	-1420
19.7330260277	-151
19.7335379124	-1420
19.7335419655	-151
19.7337009907	543
19.7340490818	-1420
19.7340629101	-151
19.7342569828	543
19.77688694	-1420
19.776902914	-151
19.7796609402	-1420
19.7796669006	-151
19.7799630165	-1420
19.779968977	-151
19.7800629139	543
19.7974510193	1460
19.7975800037	111
19.810655117	1460
19.8107359409	111
19.8342249393	-1420
19.8342440128	-151
19.8347229958	-1420
19.8347289562	-151
19.8357739449	-1420
19.8357799053	-151
19.8368000984	-1420
19.8368060589	-151
19.8383901119	-1420
19.838408947	-151
19.8393480778	-1420
19.8393530846	-151
19.8405969143	-1420
19.8406019211	-151
19.8414740562	-1420
19.841479063	-151
19.8420441151	-1420
19.8420569897	-151
19.8998060226	-1420
19.8998260498	-151
19.9860811234	-1420
19.9860980511	-1420
19.9861369133	-1420
19.9861400127	-424
19.9864480495	-1420
19.9864521027	-1420
19.9864981174	-787
19.9869699478	-1420
19.9869740009	-1316
19.987085104	-1420
19.987087965	-14
19.9874649048	-1420
19.9874689579	-1420
19.9874699116	-1330
19.9895539284	-1420
19.9895579815	-1420
19.9895589352	-845
19.9916129112	-1420
19.9916169643	-1316
19.991740942	-377
19.9931800365	-1420
19.9931840897	-1420
19.9931850433	-273
19.9939210415	-1420
19.9939250946	-151
19.9940690994	-1420
19.9940719604	-151
19.9941780567	543
19.9953100681	-1420
19.9953160286	-151
19.9954071045	1057
19.9967780113	-1420
19.9967849255	-151
19.9970729351	-1420
19.9970779419	-151
20.007666111	543
20.0263130665	-543
20.0444660187	1460
20.0445461273	1460
20.0445821285	1161
20.0446901321	89
20.0461969376	-1420
20.0462050438	-1420
20.0462489128	-302
20.1330981255	-1057
20.1335611343	1460
20.13362813	111
20.1723690033	1460
20.1724591255	111
20.4128210545	-1420
20.4128420353	-1420
20.4128780365	-273
20.550137043	-1057
20.5503060818	543
20.5545539856	-1420
20.5545649529	-1420
20.5546181202	-787
20.5548710823	-1420
20.5549139977	-1420
20.5549170971	-787
20.5561890602	-1420
20.5561950207	-1420
20.5562369823	-1330
20.557404995	-1420
20.5574569702	-1420
20.5574610233	-1330
20.5582840443	-1420
20.5582890511	-1420
20.5583209991	-1420
20.5583229065	-453
20.5588200092	-1420
20.5588259697	-665
20.5594580173	-1420
20.5594630241	-1420
20.5595109463	-787
20.559513092	-1420
20.5595769882	-1420
20.559579134	-787
20.5597069263	543
20.5604109764	-1420
20.5604159832	-1420
20.5604550838	-1330
20.5615110397	-1420
20.5615339279	-1420
20.5615370274	-1330
20.5630559921	-1420
20.5630609989	-1420
20.5631020069	-1420
20.5631039143	-453
20.5632250309	543
20.5637769699	-1420
20.5637819767	-1420
20.5638239384	-787
20.677325964	-1420
20.6773440838	-1420
20.6774089336	-1330
20.6788649559	-1420
20.6788721085	-1420
20.6789169312	-1330
20.6790621281	543
20.6815919876	-1420
20.6815979481	-1420
20.6816399097	-1420
20.6816420555	-453
20.6828989983	-1420
20.6829030514	-1420
20.6829419136	-787
20.6847879887	-1420
20.6848289967	-1420
20.6848320961	-1330
20.6870610714	-1368
20.687278986	-1420
20.687319994	-1382
20.69094491	-1420
20.6909799576	-1316
20.690983057	-1420
20.6909999847	-557
20.6928780079	-1420
20.6929240227	-1420
20.6929280758	-787
20.6930351257	543
20.6957221031	-1420
20.6957259178	-1420
20.6957659721	-1330
20.6982269287	-1420
20.6982691288	-1420
20.6982719898	-1330
20.7014949322	-1420
20.701499939	-1420
20.7015390396	-1420
20.7015419006	-453
20.7016539574	543
20.7025249004	-1420
20.7025299072	-1420
20.7025771141	-787
20.7690310478	-1420
20.7690520287	-1420
20.7690889835	-1330
20.7723810673	-1420
20.7723860741	-1420
20.7724320889	-1330
20.7725720406	543
20.7792880535	-1420
20.7793059349	-1420
20.7793550491	-1420
20.7793579102	-453
20.7820820808	-1420
20.7820870876	-1420
20.7821269035	-787
20.7862679958	-1420
20.7863121033	-1316
20.7864100933	-1420
20.7864420414	-14
20.7902281284	-1420
20.7902691364	-1420
20.7902719975	-1330
20.7969050407	-1420
20.7969110012	-1420
20.7969501019	-1420
20.7969529629	-453
20.7973790169	1057
20.7991170883	-1420
20.7991220951	-1420
20.7991631031	-787
20.7992238998	543
20.8028309345	-1420
20.8028349876	-1420
20.8028740883	-1330
20.8067259789	-1420
20.8068161011	-1316
20.8068189621	-1420
20.806855917	-14
20.8108201027	-1420
20.8108649254	-1420
20.8108680248	-1420
20.8109121323	-453
20.8121089935	-1420
20.812153101	-1420
20.812155962	-787
20.812253952	543
20.8144481182	-1420
20.8144609928	-1316
20.8145051003	-1420
20.8145079613	-14
20.8282139301	-543
20.8633179665	-1420
20.8633849621	-1420
20.8633899689	-787
20.8651149273	-1420
20.8651199341	-1420
20.8651731014	-1420
20.8651759624	-453
20.8653140068	543
20.8660011292	-1420
20.8660070896	-1420
20.8660480976	-787
20.8676249981	-1420
20.8676700592	-1420
20.8676729202	-1330
20.8693819046	-1368
20.8695969582	-1420
20.8696410656	-1382
20.8716220856	-1420
20.8716750145	-1316
20.8724749088	-1420
20.8725240231	-43
20.8725271225	-1420
20.8725631237	-1420
20.8725650311	-273
20.8734619617	-1420
20.8734669685	-1420
20.8735060692	-787
20.8735759258	543
20.8744590282	-1420
20.8744630814	-1420
20.8745009899	-787
20.8763439655	-1420
20.8763849735	-1420
20.876388073	-1330
20.8783290386	-1420
20.8783330917	-1420
20.878371954	-816
20.8796401024	-1420
20.8796789646	-1420
20.8796820641	-787
20.8797750473	543
20.8804090023	-1420
20.8804140091	-1420
20.8804531097	-273
20.8821101189	-1420
20.882144928	-180
20.8831620216	-1420
20.8831861019	-151
20.9528341293	-1420
20.9528470039	-1420
20.9529061317	-787
20.9906620979	543
21.0005290508	543
21.0170741081	1460
21.0171689987	111
21.0596120358	1460
21.0597040653	111
21.0709249973	1460
21.0709939003	111
21.0783309937	-543
21.0901300907	-1057
21.0918021202	1460
21.0918490887	111
21.377368927	-1057
21.3877880573	543
21.4664149284	-1420
21.4664340019	-1420
21.4664959908	-787
21.466573	-1420
21.4666109085	-151
21.4902060032	-1420
21.490281105	-1420
21.4902861118	-787
21.4905049801	543
21.5394439697	1057
21.5977809429	543
21.5980811119	543
21.6109409332	1057
21.6156620979	-1420
21.6156680584	-665
21.6251049042	1460
21.6251900196	111
21.6557860374	543
21.706608057	1057
21.7531061172	-1057
21.9389350414	-1057
21.9477169514	543
21.9859158993	-1420
21.9859330654	-1420
21.9859890938	-787
21.9938309193	543
22.0004870892	543
22.1748270988	-1420
22.1748421192	-665
22.1796660423	1460
22.179723978	625
22.2077441216	543
22.2360770702	1057
22.3121449947	-543
22.4100370407	-1420
22.4100539684	-1420
22.4101099968	-1420
22.4101130962	-424
22.4666099548	-1420
22.466645956	-151
22.6038100719	-1057
22.8176960945	543
22.8179209232	543
22.8805439472	-543
23.072010994	-1420
23.0721039772	-1420
23.0721480846	-787
23.189770937	-1420
23.189841032	-665
23.293035984	-543
24.9998531342	543
25.4983649254	-543
