0	-543
0.367381811142	-543
0.808017015457	543
1.91236281395	-543
2.67638397217	543
2.70326685905	543
2.93943285942	-543
3.13600683212	-1368
3.13624882698	-1368
3.13668084145	-1420
3.13670182228	-839
3.13861083984	-1368
3.13977694511	-1368
3.15991997719	-1420
3.15998291969	-1316
3.16073298454	-1368
3.18603801727	-1368
3.18609690666	-1368
3.31031703949	-1368
3.31039094925	-1368
3.31108593941	-1368
3.31146788597	-1368
3.31198596954	-1368
3.31209397316	543
3.31221795082	-1368
3.31270503998	-1368
3.31296992302	-1368
3.3138449192	-1368
3.31415200233	-1368
3.31422781944	543
3.3146879673	-1420
3.31469297409	-1316
3.33656191826	-1420
3.3365778923	-1316
3.33674192429	-1368
3.33899092674	-1368
3.33938694	-1368
3.36245203018	-1368
3.36269497871	-1368
3.36440300941	-1368
3.36486792564	-1368
3.47243189812	-1368
3.47281503677	-1420
3.47284984589	-1316
3.47322487831	-1368
3.47351384163	-1368
3.47369885445	-1368
3.47435188293	-1420
3.47435688972	-1316
3.47443890572	543
3.47492384911	-1368
3.47509002686	-1368
3.47519683838	-1368
3.47551083565	-1368
3.47569990158	-1368
3.4759888649	-1368
3.47608089447	-1368
3.47648882866	-1420
3.47650885582	-1316
3.47700190544	-1368
3.47721886635	-1368
3.47750496864	-1368
3.47769999504	-1368
3.49315786362	-1368
3.49320793152	-1368
3.49328303337	-1368
3.4933989048	543
3.49601101875	-1420
3.49602198601	-1316
3.49630689621	-1368
3.51277780533	-1368
3.51283097267	-1368
3.51298999786	543
3.51316690445	-1368
3.51475787163	-1420
3.51479196548	-1316
3.51485300064	-1368
3.55609989166	-1420
3.55610990524	-1316
3.62300682068	-1420
3.62302589417	-1316
3.62307190895	-1368
3.62347197533	-1420
3.62349486351	-1316
3.6239938736	-1368
3.62419581413	-1368
3.62444901466	-1368
3.62475895882	-1420
3.62476396561	-1316
3.62512683868	-1368
3.62521696091	543
3.62531995773	-1368
3.62562584877	-1368
3.62582683563	-1368
3.62619400024	-1368
3.62649488449	-1368
3.62666893005	-1368
3.62676882744	-1368
3.62711000443	-1368
3.62733101845	-1368
3.6277358532	-1420
3.6277589798	-1316
3.62818002701	-1368
3.62829995155	-1368
3.62848901749	-1368
3.6285738945	543
3.62884092331	-1368
3.62911391258	-1420
3.62913489342	-1316
3.62960100174	-1368
3.6297249794	-1368
3.63010287285	-1368
3.63018488884	543
3.63032102585	-1368
3.64405894279	-1420
3.64409995079	-1316
3.64448189735	-1368
3.64726495743	-1420
3.64727187157	-1316
3.64770889282	-1368
3.64798283577	-1368
3.66289782524	-1420
3.66290998459	-1316
3.6631000042	-1368
3.66360783577	-1420
3.66364002228	-1316
3.66394782066	-1368
3.66451692581	-1420
3.66452097893	-1316
3.66488695145	-1368
3.70464301109	-1368
3.70472097397	-1368
3.70483589172	543
3.70598983765	-1420
3.70599603653	-1316
3.70635986328	-1368
3.77722001076	-1420
3.77724099159	-1316
3.77728891373	-1368
3.7776620388	-1368
3.77791690826	-1368
3.7782959938	-1368
3.77862596512	-1368
3.77926301956	-1368
3.77944993973	-1368
3.77976799011	-1368
3.78022098541	-1368
3.78033089638	543
3.78233599663	-1368
3.78271198273	-1420
3.78274583817	-1316
3.78286385536	543
3.78315281868	-1368
3.78355193138	-1368
3.7840719223	-1368
3.7842798233	-1368
3.78463101387	-1368
3.78494381905	-1368
3.78528094292	-1368
3.78574085236	-1368
3.78627800941	-1368
3.78671789169	-1368
3.78694581985	-1368
3.78718686104	-1368
3.78758096695	-1368
3.787981987	-1368
3.78834795952	-1368
3.78857803345	-1368
3.78906989098	-1368
3.78939986229	-1368
3.79008483887	-71
3.8213570118	-1420
3.82140302658	-1316
3.82154798508	543
3.82167291641	-1368
3.83110189438	-1368
3.83135294914	-1368
3.83177995682	-1368
3.83189487457	-1368
3.83207702637	-1368
3.83232998848	-1368
3.83258795738	-1368
3.83302998543	-1368
3.83350086212	-1368
3.83374285698	-1368
3.8342859745	-1368
3.83474993706	-1368
3.83519482613	-1368
3.83529186249	543
3.84642696381	-1368
3.84651494026	-1368
3.85485696793	-1420
3.8548719883	-1316
3.85502290726	-1368
3.90793991089	-1420
3.90795683861	-1316
3.90799689293	-1368
3.90813183784	543
3.90841197968	-1368
3.90861797333	-1368
3.9088549614	-1368
3.91548299789	-1368
3.91578483582	-1368
3.91586494446	-1368
3.9160130024	-1368
3.91642689705	-1368
3.91660189629	-1368
3.91669487953	-1368
3.91720795631	-1420
3.9172129631	-1316
3.91744494438	-1368
3.91759085655	-1368
3.9270670414	-1420
3.92707586288	-1316
3.92719101906	543
3.92732596397	-1368
3.92765402794	-1368
3.93071293831	-1368
3.93106985092	-1420
3.93109297752	-1316
3.97323703766	-961
3.99888300896	-1420
3.99889397621	-1316
3.99918198586	-1368
3.9992480278	-1368
3.99951100349	-1368
4.01461100578	-1368
4.0146780014	-1420
4.01468300819	-1316
4.01566100121	-1420
4.015666008	-1316
4.01577186584	543
4.01596593857	-1420
4.01597094536	-1316
4.01626682281	-1368
4.01631903648	543
4.01662397385	-1368
4.01695299149	-1420
4.01697587967	-1316
4.01741981506	-1368
4.01885104179	-1420
4.01885581017	-1316
4.01910495758	-1368
4.0220708847	-1420
4.02209401131	-1316
4.02246999741	-1368
4.02277088165	-1368
4.02384281158	-1420
4.02386593819	-1316
4.04635095596	-1368
4.04653692245	-1368
4.10898995399	-1420
4.10900998116	-1316
4.10906481743	-1368
4.10925984383	-1368
4.11014389992	-1368
4.11026000977	543
4.11042499542	-1368
4.11087083817	-1368
4.12070393562	-1368
4.12092399597	-1420
4.12097501755	-1316
4.12128782272	-1368
4.12180495262	-1368
4.12195086479	-1368
4.12241101265	-1368
4.12397098541	-1368
4.12475180626	-1368
4.12542080879	-1368
4.12606883049	-1368
4.12617182732	-1368
4.13961291313	-1368
4.13969182968	-1368
4.1398370266	543
4.14024782181	-1368
4.14167499542	-1368
4.14179801941	543
4.14204287529	-1368
4.15806794167	-753
4.21852302551	-1420
4.21854090691	-1316
4.21858787537	-1368
4.21881198883	-1368
4.21921396255	-1368
4.23727297783	-1368
4.2374048233	-1368
4.23764181137	-1368
4.2382349968	-1420
4.23824000359	-1316
4.23857688904	-1368
4.23896694183	-1368
4.23943591118	-1368
4.23968982697	-1368
4.24593091011	-1368
4.24616789818	-1368
4.24649500847	-1368
4.24981999397	-1368
4.24992203712	543
4.25028085709	-1368
4.26761889458	-1368
4.33310389519	-1368
4.33346986771	-1368
4.33377289772	-1368
4.33407688141	-1368
4.34299588203	-1420
4.34301280975	-1316
4.34333086014	-1368
4.34371495247	-1368
4.34402799606	-1368
4.34444284439	-1368
4.35444688797	-1368
4.35515999794	-1368
4.35526895523	543
4.37191486359	-581
4.42852687836	-543
4.43251395226	-1368
4.43266201019	-1368
4.43275403976	-1368
4.4430038929	-1368
4.4430539608	-1368
4.44319081306	543
4.44337797165	-1368
4.44380187988	-1368
4.44492483139	-1368
4.44602799416	-1420
4.44605183601	-1316
4.50436782837	-1368
4.5045068264	-1368
4.53195285797	-1368
4.53222894669	-1368
4.54014587402	-1368
4.54045200348	-1368
4.54078888893	-1368
4.54121804237	-1368
4.54162597656	-1368
4.54203987122	-1420
4.54206299782	-1316
4.54244399071	-1368
4.55088496208	-1368
4.55097985268	543
4.55106902122	-1368
4.58760595322	-101
4.63209080696	-1420
4.63210892677	-1316
4.63217186928	-1368
4.64055585861	-1368
4.64155197144	-1420
4.6415579319	-1316
4.64198684692	-1368
4.64273285866	-1368
4.64307904243	-1368
4.64360690117	-1368
4.67400288582	-1368
4.67432594299	-1368
4.73045396805	-1368
4.73059487343	543
4.73077702522	-1420
4.73078203201	-1316
4.73839592934	-1368
4.73860692978	-1368
4.73884701729	-1368
4.76344299316	-1026
4.76360797882	543
4.78330492973	543
4.79575896263	543
4.81534385681	543
4.8154168129	543
4.94138789177	-1057
5.06308603287	-543
5.13248586655	-1368
5.13263392448	-1368
5.15927290916	-891
5.33618497849	-1057
5.36030387878	1057
5.6350839138	-1368
5.63534402847	-1368
5.63562297821	-891
5.81025886536	543
5.81036281586	543
5.81041193008	543
5.82625198364	-1057
5.82844090462	543
5.83042883873	543
5.84544587135	543
6.10528492928	-543
6.62945985794	-543
6.77943587303	-1057
6.78054380417	543
7.03501486778	-1420
7.03503394127	-151
7.04245591164	1057
7.1802418232	-543
7.34412193298	-1368
7.34440898895	-1231
7.39392495155	-1368
7.52017092705	-1231
7.52318191528	543
7.5255048275	543
7.83425092697	-543
8.91554188728	-1057
8.91660189629	543
9.13001394272	-543
9.20965385437	-1368
9.20992898941	-1368
9.21007490158	-891
9.2103228569	-1368
9.21085596085	-1368
9.21165895462	-1368
9.23066782951	-1368
9.23110389709	-1368
9.23113584518	-1368
9.23335289955	-1368
9.23356389999	-1368
9.3652408123	-1368
9.36529183388	-1368
9.36546182632	-1420
9.36549782753	-1316
9.365929842	-1368
9.36619186401	-1368
9.36649799347	-1420
9.36651992798	-1316
9.36674880981	-1368
9.36683392525	543
9.38077497482	-1368
9.3809158802	543
9.38102793694	-1420
9.38103103638	-1316
9.38338494301	-1368
9.38348293304	-1368
9.38402581215	-1368
9.42366695404	-1368
9.42381381989	-1368
9.53409004211	-1420
9.53410601616	-1316
9.53493380547	-1368
9.53515291214	-1368
9.53555989265	-1368
9.535779953	-1368
9.53597998619	-1368
9.53641080856	-1368
9.53661489487	-1368
9.53671193123	543
9.53725290298	-1368
9.53753995895	-1368
9.53805685043	-1368
9.53830480576	-1368
9.53862094879	-1368
9.53885197639	-1368
9.53947591782	-1368
9.5397298336	-1368
9.55449295044	-1420
9.55450701714	-1316
9.55481696129	-1420
9.55482196808	-1316
9.55754590034	-1420
9.55755090714	-1316
9.55792689323	-1368
9.59821486473	-1368
9.59830904007	-1368
9.59831285477	-1368
9.59847998619	543
9.64952683449	-1420
9.6495449543	-1316
9.70557594299	-1188
9.70573496819	543
12.0601739883	1057
12.4433238506	-1420
12.4433419704	-1316
12.4434428215	-891
12.4577188492	-1420
12.4577898979	-1420
12.4577949047	-1264
12.4609830379	1057
12.492939949	-1368
12.4932529926	-1368
12.4933979511	-1368
12.4938738346	-1368
12.6201248169	-1368
12.6316919327	-538
12.7313718796	-1368
12.731539011	-1368
12.7319979668	-1368
12.7325358391	-1420
12.732560873	-1316
12.7410049438	-1368
12.7413458824	-1368
12.7415368557	-1368
12.7561528683	-1420
12.7561779022	-1316
12.7564439774	-1368
12.7567989826	-1368
12.7819209099	-1368
12.8062160015	-1420
12.8062739372	-1316
12.8064038754	543
12.8065500259	-1368
12.905684948	-1368
12.9058380127	-1368
12.9061808586	-1368
12.9075498581	-1420
12.907574892	-1316
12.9078679085	-1368
12.9085819721	-1368
12.9170348644	-1420
12.9170608521	-1316
12.9174878597	-1368
12.9330539703	-1420
12.9330668449	-1316
12.9332129955	543
12.9333820343	-1368
12.9337878227	-1368
12.9351298809	-1368
12.9357969761	-1420
12.9358189106	-1316
12.9476430416	-543
12.9801928997	-1420
12.9802210331	-1316
12.9805209637	-1368
12.9808409214	-1368
12.9808728695	543
12.981554985	-1368
12.9819090366	-1368
13.0821428299	-1420
13.0821650028	-1316
13.0824878216	-1368
13.0844340324	-1420
13.0844600201	-1316
13.0846698284	-1368
13.0850939751	-1368
13.0869898796	-1420
13.0870239735	-1316
13.0879669189	-1368
13.092813015	-1420
13.0928180218	-1316
13.0931630135	-1368
13.1079649925	-1420
13.1080260277	-1316
13.1083228588	-1368
13.1084468365	543
13.1086640358	-1368
13.1088960171	-1368
13.1091229916	-1368
13.109498024	-1368
13.1119799614	-1420
13.1119878292	-1316
13.1122629642	-1368
13.1127078533	-1368
13.1540708542	-1420
13.1540808678	-1316
13.1545758247	-1368
13.1551299095	-1420
13.1551840305	-1316
13.1552639008	543
13.1555228233	-1368
13.1571578979	-1368
13.1574518681	-1368
13.1978139877	-1420
13.1978650093	-1316
13.1980009079	543
13.2577579021	-1368
13.2578759193	-933
13.2584028244	1057
13.2588748932	1057
13.6342389584	-1368
13.6342549324	-1368
13.6346809864	-891
13.6359820366	-1368
13.6364169121	-1420
13.6364228725	-1316
13.6540019512	-1368
13.6540260315	-1368
13.6544349194	-1368
13.6859269142	-1368
13.685988903	-1368
13.6863408089	-1368
13.686702013	-1368
13.6870470047	-1368
13.6890158653	-1368
13.6891469955	-1368
13.6896679401	-1368
13.6901810169	-1420
13.6902179718	-1316
13.6903100014	543
13.6906409264	-1368
13.690969944	-1368
13.6914288998	-1368
13.6918148994	-1368
13.6920859814	-1368
13.7339949608	-1368
13.7344248295	-1368
13.7350509167	-1368
13.7351880074	-1368
13.7354598045	-1368
13.7380158901	-1368
13.7393038273	-1368
13.7394030094	543
13.7397809029	-1368
13.7400958538	-1368
13.7404589653	-1368
13.7408409119	-1420
13.7408750057	-1316
13.7504818439	-1420
13.7505378723	-1316
13.7506530285	543
13.7507078648	-1368
13.8102378845	543
13.810338974	543
13.8107450008	-1368
13.8110368252	-1368
13.8113799095	-1368
13.8137898445	-1420
13.8138139248	-1316
13.8140528202	-1368
13.8145959377	-1368
13.8149850368	-1368
13.8153438568	-1368
13.8296618462	-1368
13.8297188282	-165
13.8362560272	-1368
13.861869812	-1420
13.8619179726	-1316
13.8622059822	-1368
13.8627789021	-1368
13.8630440235	-1368
13.8631718159	543
13.8634729385	-1368
13.8637440205	-1368
13.8642640114	-1368
13.8643438816	-1368
13.8668649197	-1368
13.8674049377	-1368
13.8857028484	-1368
13.960588932	1057
13.9807059765	1057
14.0055999756	-467
14.0129330158	543
14.0136239529	543
14.3321499825	-1420
14.3321819305	-1316
14.3324518204	-891
14.3552060127	-1420
14.3552539349	-1316
14.3557298183	-1368
14.3559160233	1057
14.3564779758	543
14.3569250107	1057
14.382776022	-1368
14.382958889	-1368
14.3832519054	-1368
14.4029510021	543
14.4037349224	1057
14.435092926	-1420
14.4351119995	-1316
14.5312469006	-509
14.8102259636	543
14.8103268147	543
14.8333148956	-1420
14.8333659172	-1316
14.8335149288	-891
14.8373968601	543
14.8561029434	-1368
14.8704278469	-1368
14.870486021	-1368
14.8708689213	-1368
14.8730378151	543
14.8818259239	-1420
14.8818368912	-1316
14.8820409775	-1368
14.9170029163	-543
14.9361820221	-1368
14.9365470409	-1368
14.9369599819	-1368
14.937458992	-1368
14.9378988743	-1368
14.9381639957	-1368
14.9553279877	-1368
14.9553799629	-1368
14.9559988976	-1368
14.983755827	-1368
15.0125529766	-707
15.012750864	543
15.1327998638	-1368
15.1332499981	-1420
15.1333129406	-1316
15.1333258152	-1420
15.1333630085	-1316
15.1581699848	-1420
15.1582210064	-1316
15.1584358215	-1368
15.1717219353	-1368
15.1720838547	-1368
15.1760559082	-1368
15.1776590347	-1368
15.1777858734	543
15.1785898209	-1368
15.17867589	-1368
15.1791448593	-1368
15.1792259216	543
15.1793658733	-1368
15.1797509193	-1368
15.1856398582	-1221
15.2060158253	-1420
15.2060818672	-1316
15.2064290047	-1368
15.2067129612	-1368
15.2067940235	-1368
15.2071938515	-1368
15.2346959114	-1368
15.2350189686	-1420
15.2350239754	-1316
15.2353458405	-1368
15.2358829975	-1368
15.2364618778	-1368
15.2548408508	-1368
15.2550449371	-1368
15.2552368641	-1368
15.2553508282	543
15.2564659119	-1420
15.2564709187	-1316
15.2568309307	-1368
15.2572009563	-1368
15.2573950291	-1368
15.2577269077	-1368
15.2582030296	-1368
15.2586169243	-1368
15.25908494	-1368
15.2596440315	-1368
15.2600009441	-1368
15.260406971	-1368
15.2845439911	-1368
15.2846519947	-1368
15.285161972	-1368
15.3349640369	-1420
15.334980011	-1316
15.3353049755	-1368
15.3357570171	-1368
15.3358390331	1057
15.3360848427	-1420
15.3360888958	-1316
15.3565478325	-1368
15.3567960262	-1368
15.3571429253	-1368
15.3614850044	-858
15.3841528893	-1368
15.5387408733	-203
15.5722010136	543
16.0285558701	-1420
16.0285849571	-1316
16.0286569595	-891
16.030673027	543
16.0328338146	1057
16.0769999027	-1368
16.2073698044	-203
16.5439748764	-543
16.7843279839	-543
16.8353729248	-1368
16.8354330063	-1368
16.8358979225	-891
16.8834068775	-1368
17.0108969212	-203
19.014359951	1057
20.0146789551	1057
